Date,Time,Open,High,Low,Close,Volume,OpenInt
2014-04-21,16:45:00,14.107,14.156,14.107,14.156,1622,0
2014-04-21,16:50:00,14.166,14.186,14.127,14.137,2027,0
2014-04-21,16:55:00,14.156,14.186,14.107,14.186,1926,0
2014-04-21,17:00:00,14.156,14.156,14.146,14.146,203,0
2014-04-21,17:05:00,14.166,14.186,14.127,14.156,811,0
2014-04-21,18:55:00,14.196,14.354,14.196,14.206,1723,0
2014-04-21,19:00:00,14.186,14.186,14.176,14.186,1825,0
2014-04-23,19:15:00,14.028,14.028,14.008,14.008,405,0
2014-04-23,19:35:00,13.989,14.048,13.989,14.028,507,0
2014-04-23,19:45:00,13.998,14.018,13.989,13.989,912,0
2014-04-23,20:20:00,13.969,13.969,13.969,13.969,101,0
2014-04-23,20:25:00,13.959,13.979,13.959,13.969,811,0
2014-04-23,20:30:00,13.949,13.989,13.949,13.989,2534,0
2014-04-23,20:35:00,13.929,13.929,13.929,13.929,203,0
2014-04-23,20:40:00,13.939,13.939,13.929,13.929,203,0
2014-04-23,21:20:00,13.949,13.949,13.939,13.939,203,0
2014-04-23,21:45:00,13.929,13.929,13.929,13.929,101,0
2014-04-23,22:00:00,13.929,13.939,13.929,13.939,811,0
2014-04-24,18:35:00,13.979,13.989,13.979,13.989,405,0
2014-04-24,18:40:00,13.989,14.028,13.989,14.028,1318,0
2014-04-24,18:45:00,13.989,13.989,13.989,13.989,101,0
2014-04-25,15:35:00,13.762,13.762,13.762,13.762,760,0
2014-04-25,17:05:00,13.86,13.929,13.86,13.88,2636,0
2014-04-25,17:15:00,13.831,13.831,13.801,13.811,7154,0
2014-04-25,17:20:00,13.831,13.831,13.821,13.821,1115,0
2014-04-25,17:45:00,13.86,13.86,13.86,13.86,304,0
2014-04-28,17:35:00,13.801,13.801,13.791,13.801,638,0
2014-04-28,17:45:00,13.752,13.791,13.752,13.791,2534,0
2014-04-28,18:00:00,13.811,13.811,13.811,13.811,811,0
2014-04-28,18:30:00,13.712,13.811,13.712,13.801,2737,0
2014-04-28,18:55:00,13.762,13.781,13.762,13.781,1115,0
2014-04-28,19:05:00,13.811,13.811,13.781,13.781,1014,0
2014-04-29,18:00:00,13.703,13.703,13.703,13.703,304,0
2014-04-29,18:30:00,13.673,13.673,13.673,13.673,101,0
2014-04-29,18:35:00,13.673,13.673,13.673,13.673,1318,0
2014-04-29,18:40:00,13.703,13.703,13.673,13.673,1521,0
2014-04-29,19:00:00,13.633,13.633,13.633,13.633,608,0
2014-05-06,18:50:00,13.752,13.752,13.752,13.752,355,0
2014-05-06,21:50:00,13.703,13.703,13.703,13.703,304,0
2014-05-08,15:35:00,13.653,13.653,13.624,13.624,534,0
2014-05-08,15:50:00,13.594,13.594,13.594,13.594,147,0
2014-05-08,17:00:00,13.594,13.594,13.594,13.594,152,0
2014-05-08,17:45:00,13.525,13.525,13.525,13.525,304,0
2014-05-08,18:05:00,13.584,13.584,13.584,13.584,147,0
2014-05-08,20:55:00,13.407,13.436,13.407,13.436,355,0
2014-05-09,17:05:00,13.456,13.456,13.456,13.456,149,0
2014-05-09,17:20:00,13.505,13.505,13.505,13.505,372,0
2014-05-12,18:45:00,13.505,13.555,13.505,13.515,710,0
2014-05-12,20:35:00,13.732,13.732,13.604,13.624,608,0
2014-05-12,20:40:00,13.624,13.624,13.624,13.624,101,0
2014-05-14,15:45:00,13.762,13.762,13.663,13.663,203,0
2014-05-15,17:20:00,13.633,13.633,13.633,13.633,4418,0
2014-05-19,15:50:00,13.624,13.624,13.624,13.624,304,0
2014-05-19,17:15:00,13.633,13.633,13.633,13.633,101,0
2014-05-19,19:30:00,13.614,13.614,13.614,13.614,760,0
2014-05-20,22:00:00,13.505,13.505,13.505,13.505,101,0
2014-05-21,15:40:00,13.594,13.594,13.594,13.594,710,0
2014-05-28,18:15:00,13.762,13.762,13.712,13.732,1115,0
2014-05-28,18:20:00,13.712,13.732,13.712,13.732,912,0
2014-05-28,18:25:00,13.703,13.712,13.703,13.712,2027,0
2014-05-28,18:45:00,13.722,13.752,13.722,13.742,608,0
2014-05-28,18:50:00,13.722,13.752,13.722,13.742,710,0
2014-05-28,19:10:00,13.722,13.752,13.722,13.742,1521,0
2014-05-28,19:20:00,13.732,13.742,13.732,13.742,1115,0
2014-05-28,19:50:00,13.703,13.703,13.703,13.703,507,0
2014-05-28,20:40:00,13.673,13.673,13.673,13.673,101,0
2014-06-03,16:10:00,13.801,13.801,13.801,13.801,426,0
2014-06-03,16:40:00,13.831,13.841,13.791,13.791,811,0
2014-06-09,16:05:00,13.989,13.989,13.989,13.989,314,0
2014-06-09,18:30:00,14.077,14.077,14.077,14.077,203,0
2014-06-10,17:00:00,14.107,14.107,14.058,14.058,203,0
2014-06-10,17:05:00,14.068,14.087,14.058,14.068,1216,0
2014-06-10,17:10:00,14.068,14.077,14.068,14.068,608,0
2014-06-10,17:15:00,14.068,14.068,14.068,14.068,304,0
2014-06-11,21:15:00,13.998,13.998,13.998,13.998,405,0
2014-06-12,15:40:00,14.156,14.166,14.156,14.156,1844,0
2014-06-12,16:00:00,14.166,14.166,14.166,14.166,141,0
2014-06-13,17:10:00,14.176,14.176,14.166,14.166,304,0
2014-06-13,19:25:00,14.255,14.255,14.255,14.255,101,0
2014-06-16,18:45:00,14.294,14.294,14.294,14.294,122,0
2014-06-17,21:45:00,14.127,14.127,14.127,14.127,304,0
2014-06-17,21:50:00,14.127,14.127,14.127,14.127,608,0
2014-06-17,21:55:00,14.127,14.127,14.127,14.127,405,0
2014-06-17,22:00:00,14.127,14.127,14.127,14.127,608,0
2014-06-18,16:40:00,14.156,14.156,14.156,14.156,648,0
2014-06-19,19:30:00,14.008,14.008,14.008,14.008,304,0
2014-06-23,17:40:00,14.048,14.048,14.048,14.048,253,0
2014-06-23,19:05:00,14.137,14.137,14.137,14.137,203,0
2014-06-25,20:15:00,14.166,14.166,14.166,14.166,271,0
2014-06-26,19:10:00,14.156,14.156,14.156,14.156,203,0
2014-07-02,16:15:00,14.482,14.482,14.482,14.482,203,0
2014-07-02,19:20:00,14.482,14.492,14.482,14.492,8819,0
2014-07-02,19:40:00,14.492,14.492,14.492,14.492,101,0
2014-07-02,20:05:00,14.502,14.502,14.502,14.502,203,0
2014-07-02,21:05:00,14.492,14.492,14.492,14.492,203,0
2014-07-02,21:50:00,14.492,14.492,14.482,14.482,3440,0
2014-07-02,22:00:00,14.511,14.511,14.511,14.511,405,0
2014-07-03,16:05:00,14.334,14.334,14.334,14.334,101,0
2014-07-03,18:40:00,14.62,14.62,14.62,14.62,203,0
2014-07-07,15:50:00,14.551,14.551,14.551,14.551,101,0
2014-07-07,21:15:00,14.561,14.561,14.561,14.561,101,0
2014-07-08,20:50:00,14.492,14.492,14.492,14.492,101,0
2014-07-08,22:00:00,14.492,14.492,14.492,14.492,101,0
2014-07-09,16:15:00,14.531,14.531,14.531,14.531,241,0
2014-07-09,20:50:00,14.511,14.511,14.511,14.511,101,0
2014-07-09,21:20:00,14.65,14.65,14.551,14.551,2027,0
2014-07-09,22:00:00,14.551,14.551,14.551,14.551,1014,0
2014-07-10,16:05:00,14.433,14.433,14.433,14.433,101,0
2014-07-10,22:00:00,14.433,14.433,14.433,14.433,101,0
2014-07-11,16:05:00,14.511,14.511,14.511,14.511,304,0
2014-07-11,19:50:00,14.551,14.551,14.551,14.551,101,0
2014-07-11,20:15:00,14.551,14.571,14.551,14.571,507,0
2014-07-11,22:00:00,14.571,14.571,14.571,14.571,101,0
2014-07-14,15:35:00,14.689,14.689,14.689,14.689,507,0
2014-07-14,15:55:00,14.719,14.719,14.719,14.719,101,0
2014-07-14,16:05:00,14.719,14.719,14.719,14.719,101,0
2014-07-14,17:20:00,14.778,14.778,14.778,14.778,101,0
2014-07-14,22:00:00,14.778,14.778,14.778,14.778,203,0
2014-07-15,15:35:00,14.778,14.778,14.778,14.778,405,0
2014-07-15,17:20:00,14.738,14.738,14.738,14.738,101,0
2014-07-15,22:00:00,14.738,14.738,14.738,14.738,101,0
2014-07-16,15:50:00,14.837,14.837,14.837,14.837,101,0
2014-07-16,22:00:00,14.837,14.837,14.837,14.837,101,0
2014-07-17,16:10:00,14.807,14.807,14.807,14.807,101,0
2014-07-17,22:00:00,14.807,14.807,14.807,14.807,101,0
2014-07-22,22:00:00,14.896,14.896,14.896,14.896,1182,0
2014-07-23,17:10:00,15.222,15.222,15.222,15.222,101,0
2014-07-23,22:00:00,15.222,15.222,15.222,15.222,101,0
2014-07-24,15:35:00,15.291,15.291,15.291,15.291,1318,0
2014-07-25,17:20:00,15.488,15.518,15.478,15.478,1014,0
2014-07-25,18:55:00,15.478,15.478,15.478,15.478,521,0
2014-07-25,20:15:00,15.508,15.537,15.508,15.537,608,0
2014-07-25,22:00:00,15.537,15.537,15.537,15.537,203,0
2014-07-28,22:00:00,15.784,15.784,15.784,15.784,363,0
2014-07-29,15:50:00,15.863,15.873,15.863,15.873,1318,0
2014-07-29,22:00:00,15.873,15.873,15.873,15.873,101,0
2014-07-30,15:35:00,15.932,15.932,15.932,15.932,608,0
2014-07-30,17:10:00,15.784,15.784,15.784,15.784,507,0
2014-07-30,19:20:00,15.784,15.784,15.784,15.784,1115,0
2014-07-30,20:55:00,15.754,15.754,15.754,15.754,811,0
2014-07-30,22:00:00,15.754,15.754,15.754,15.754,405,0
2014-07-31,17:50:00,15.695,15.695,15.695,15.695,659,0
2014-07-31,20:35:00,15.735,15.735,15.735,15.735,11556,0
2014-08-04,15:50:00,15.991,16.001,15.991,15.991,4764,0
2014-08-04,15:55:00,15.962,15.962,15.962,15.962,203,0
2014-08-04,16:35:00,15.932,15.932,15.932,15.932,304,0
2014-08-04,22:00:00,16.021,16.021,16.021,16.021,203,0
2014-08-06,18:25:00,16.021,16.021,16.021,16.021,101,0
2014-08-08,18:55:00,15.863,15.863,15.863,15.863,2027,0
2014-08-08,19:30:00,15.991,15.991,15.991,15.991,515,0
2014-08-11,20:45:00,16.159,16.159,16.159,16.159,101,0
2014-08-12,16:15:00,16.159,16.159,16.159,16.159,304,0
2014-08-12,17:45:00,16.119,16.139,16.11,16.139,2281,0
2014-08-12,18:45:00,16.129,16.129,16.129,16.129,304,0
2014-08-14,15:35:00,16.327,16.327,15.784,16.159,3163,0
2014-08-14,15:40:00,16.149,16.149,16.149,16.149,203,0
2014-08-14,15:50:00,16.179,16.179,16.179,16.179,304,0
2014-08-14,16:40:00,16.129,16.129,16.129,16.129,608,0
2014-08-14,18:20:00,16.129,16.129,16.129,16.129,123994,0
2014-08-15,16:45:00,16.021,16.08,16.021,16.08,912,0
2014-08-15,16:50:00,16.041,16.05,16.001,16.011,1318,0
2014-08-15,16:55:00,16.011,16.05,16.011,16.041,608,0
2014-08-15,17:00:00,16.031,16.031,16.011,16.011,1521,0
2014-08-18,15:45:00,16.06,16.06,16.05,16.05,3041,0
2014-08-18,16:45:00,16.08,16.08,16.08,16.08,537,0
2014-08-18,19:00:00,16.001,16.001,16.001,16.001,203,0
2014-08-21,15:35:00,16.09,16.09,16.09,16.09,203,0
2014-08-21,15:50:00,15.794,15.932,15.794,15.794,2129,0
2014-08-21,16:15:00,15.912,15.922,15.912,15.922,4257,0
2014-08-21,16:45:00,15.853,15.853,15.853,15.853,912,0
2014-08-21,17:30:00,15.784,15.784,15.784,15.784,101,0
2014-08-21,18:45:00,15.784,15.784,15.784,15.784,659,0
2014-08-21,19:40:00,15.784,15.784,15.784,15.784,101,0
2014-08-22,15:40:00,15.705,15.705,15.705,15.705,304,0
2014-08-22,15:45:00,15.883,15.883,15.883,15.883,203,0
2014-08-22,15:50:00,15.784,15.784,15.784,15.784,101,0
2014-08-22,16:30:00,15.873,15.883,15.873,15.873,4764,0
2014-08-22,16:50:00,15.754,15.754,15.754,15.754,101,0
2014-08-25,20:10:00,15.656,15.735,15.656,15.735,1425,0
2014-08-25,20:15:00,15.656,15.656,15.656,15.656,2027,0
2014-08-25,20:45:00,15.606,15.606,15.606,15.606,2976,0
2014-08-25,21:10:00,15.754,15.754,15.597,15.597,16346,0
2014-08-26,16:10:00,15.537,15.537,15.537,15.537,101,0
2014-08-26,18:45:00,15.547,15.547,15.547,15.547,30998,0
2014-08-26,20:15:00,15.715,15.715,15.715,15.715,929,0
2014-08-26,20:20:00,15.705,15.705,15.705,15.705,764,0
2014-08-26,20:40:00,15.715,15.715,15.715,15.715,4859,0
2014-08-26,21:25:00,15.715,15.715,15.676,15.676,964,0
2014-08-26,21:35:00,15.715,15.715,15.636,15.695,5708,0
2014-08-26,22:00:00,15.715,15.715,15.715,15.715,101,0
2014-08-28,16:00:00,15.192,15.212,15.192,15.202,5665,0
2014-08-28,17:20:00,15.202,15.202,15.202,15.202,3952,0
2014-08-28,17:50:00,15.182,15.182,15.182,15.182,30998,0
2014-08-28,18:00:00,15.192,15.192,15.163,15.163,36389,0
2014-09-02,15:35:00,15.399,15.399,15.399,15.399,104,0
2014-09-02,15:40:00,15.488,15.488,15.478,15.478,1825,0
2014-09-02,15:45:00,15.468,15.468,15.468,15.468,608,0
2014-09-02,15:55:00,15.419,15.429,15.419,15.429,203,0
2014-09-02,16:25:00,15.458,15.458,15.458,15.458,1115,0
2014-09-02,17:20:00,15.449,15.449,15.449,15.449,34039,0
2014-09-02,17:30:00,15.439,15.439,15.439,15.439,4156,0
2014-09-02,18:45:00,15.458,15.458,15.458,15.458,253,0
2014-09-02,18:50:00,15.468,15.468,15.468,15.468,1800,0
2014-09-02,21:50:00,15.468,15.468,15.468,15.468,1014,0
2014-09-03,15:35:00,15.804,15.804,15.804,15.804,608,0
2014-09-03,15:45:00,15.774,15.784,15.774,15.784,11455,0
2014-09-03,15:50:00,15.784,15.784,15.784,15.784,2737,0
2014-09-03,15:55:00,15.784,15.873,15.784,15.873,10238,0
2014-09-03,16:05:00,15.873,15.873,15.873,15.873,101,0
2014-09-03,16:20:00,15.873,15.873,15.863,15.873,2737,0
2014-09-03,19:40:00,15.853,15.863,15.853,15.853,1977,0
2014-09-03,21:45:00,15.794,15.794,15.794,15.794,101,0
2014-09-04,15:35:00,15.804,15.804,15.804,15.804,101,0
2014-09-04,15:55:00,16.011,16.021,16.011,16.021,4967,0
2014-09-04,17:00:00,16.011,16.011,16.011,16.011,304,0
2014-09-04,20:30:00,15.794,15.794,15.794,15.794,15428,0
2014-09-04,20:35:00,15.971,15.981,15.942,15.942,4156,0
2014-09-05,16:50:00,15.735,15.883,15.735,15.735,2281,0
2014-09-08,17:40:00,15.922,15.932,15.922,15.932,6082,0
2014-09-08,18:25:00,15.971,15.971,15.971,15.971,2027,0
2014-09-08,19:10:00,15.971,15.971,15.971,15.971,887,0
2014-09-09,15:35:00,15.971,15.971,15.971,15.971,1014,0
2014-09-09,21:25:00,15.715,15.715,15.685,15.685,507,0
2014-09-09,21:35:00,15.774,15.774,15.774,15.774,202,0
2014-09-09,22:00:00,15.824,15.824,15.824,15.824,405,0
2014-09-10,19:30:00,15.764,15.764,15.764,15.764,193,0
2014-09-11,15:35:00,15.291,15.291,15.291,15.291,203,0
2014-09-11,16:45:00,15.577,15.577,15.577,15.577,19787,0
2014-09-11,17:30:00,15.458,15.458,15.458,15.458,108,0
2014-09-11,18:50:00,15.646,15.646,15.646,15.646,145,0
2014-09-11,21:20:00,15.646,15.646,15.646,15.646,507,0
2014-09-12,15:35:00,15.646,15.646,15.528,15.537,2027,0
2014-09-12,18:15:00,15.449,15.449,15.439,15.439,6792,0
2014-09-12,18:20:00,15.439,15.439,15.439,15.439,304,0
2014-09-12,18:25:00,15.468,15.468,15.468,15.468,507,0
2014-09-12,18:30:00,15.429,15.478,15.429,15.458,2838,0
2014-09-12,18:35:00,15.458,15.458,15.419,15.439,4562,0
2014-09-12,18:40:00,15.439,15.439,15.439,15.439,101,0
2014-09-12,18:50:00,15.458,15.488,15.458,15.488,3649,0
2014-09-12,18:55:00,15.498,15.498,15.429,15.429,6792,0
2014-09-12,19:00:00,15.439,15.439,15.439,15.439,203,0
2014-09-12,19:10:00,15.429,15.429,15.429,15.429,101,0
2014-09-12,19:25:00,15.419,15.419,15.419,15.419,1723,0
2014-09-12,20:05:00,15.36,15.419,15.36,15.419,1014,0
2014-09-12,21:15:00,15.419,15.429,15.419,15.429,1115,0
2014-09-12,21:25:00,15.439,15.449,15.439,15.439,1216,0
2014-09-15,21:00:00,15.705,15.705,15.597,15.606,7704,0
2014-09-15,21:05:00,15.646,15.656,15.626,15.626,1318,0
2014-09-15,21:10:00,15.606,15.606,15.606,15.606,101,0
2014-09-15,21:40:00,15.606,15.656,15.606,15.606,3548,0
2014-09-15,21:45:00,15.597,15.597,15.597,15.597,811,0
2014-09-15,21:55:00,15.715,15.715,15.715,15.715,203,0
2014-09-16,15:35:00,15.715,15.715,15.715,15.715,1014,0
2014-09-16,15:40:00,15.636,15.715,15.636,15.715,405,0
2014-09-16,15:45:00,15.676,15.676,15.676,15.676,203,0
2014-09-16,15:55:00,15.636,15.676,15.636,15.676,304,0
2014-09-16,18:00:00,15.902,15.902,15.883,15.883,9123,0
2014-09-17,18:15:00,15.567,15.577,15.567,15.567,13783,0
2014-09-17,19:10:00,15.636,15.636,15.606,15.626,710,0
2014-09-18,16:25:00,15.656,15.656,15.656,15.656,1115,0
2014-09-18,16:30:00,15.656,15.656,15.656,15.656,304,0
2014-09-18,16:35:00,15.656,15.656,15.656,15.656,101,0
2014-09-18,16:55:00,15.656,15.656,15.656,15.656,101,0
2014-09-18,17:05:00,15.666,15.676,15.656,15.656,2798,0
2014-09-18,17:10:00,15.636,15.636,15.636,15.636,912,0
2014-09-18,17:20:00,15.567,15.567,15.567,15.567,101,0
2014-09-18,17:40:00,15.567,15.567,15.567,15.567,101,0
2014-09-18,18:15:00,15.567,15.567,15.567,15.567,101,0
2014-09-18,18:40:00,15.557,15.557,15.557,15.557,203,0
2014-09-18,18:45:00,15.557,15.557,15.557,15.557,203,0
2014-09-18,18:50:00,15.557,15.567,15.557,15.567,203,0
2014-09-18,18:55:00,15.557,15.557,15.557,15.557,203,0
2014-09-18,19:00:00,15.547,15.557,15.547,15.557,203,0
2014-09-18,19:05:00,15.557,15.557,15.557,15.557,203,0
2014-09-18,19:10:00,15.557,15.557,15.557,15.557,101,0
2014-09-18,19:15:00,15.557,15.557,15.557,15.557,203,0
2014-09-18,19:20:00,15.547,15.547,15.547,15.547,203,0
2014-09-18,19:25:00,15.547,15.557,15.547,15.547,304,0
2014-09-18,19:30:00,15.547,15.547,15.547,15.547,203,0
2014-09-18,19:35:00,15.508,15.508,15.508,15.508,101,0
2014-09-18,19:45:00,15.518,15.518,15.518,15.518,101,0
2014-09-18,19:50:00,15.547,15.547,15.547,15.547,203,0
2014-09-18,20:15:00,15.518,15.518,15.518,15.518,101,0
2014-09-18,20:40:00,15.547,15.547,15.547,15.547,101,0
2014-09-18,21:00:00,15.547,15.547,15.547,15.547,101,0
2014-09-18,21:20:00,15.547,15.547,15.547,15.547,101,0
2014-09-18,21:40:00,15.547,15.547,15.547,15.547,101,0
2014-09-18,21:55:00,15.547,15.547,15.547,15.547,101,0
2014-09-18,22:00:00,15.547,15.547,15.547,15.547,203,0
2014-09-19,16:05:00,15.587,15.587,15.587,15.587,203,0
2014-09-19,21:40:00,15.676,15.676,15.676,15.676,1216,0
2014-09-19,22:00:00,15.685,15.685,15.685,15.685,101,0
2014-09-22,21:05:00,15.409,15.409,15.409,15.409,570,0
2014-09-23,17:35:00,15.439,15.439,15.439,15.439,304,0
2014-09-24,17:45:00,15.518,15.518,15.508,15.508,203,0
2014-09-29,17:25:00,15.044,15.044,15.044,15.044,132,0
2014-09-30,17:05:00,14.916,14.926,14.916,14.926,1825,0
2014-09-30,17:15:00,14.916,14.926,14.906,14.906,7400,0
2014-09-30,21:30:00,14.955,14.955,14.955,14.955,2026,0
2014-09-30,21:45:00,14.965,14.965,14.955,14.955,253,0
2014-09-30,21:50:00,14.955,14.955,14.955,14.955,710,0
2014-10-01,15:35:00,15.054,15.103,15.054,15.103,811,0
2014-10-01,15:40:00,15.093,15.103,14.965,14.965,710,0
2014-10-01,15:45:00,14.955,14.955,14.946,14.946,1419,0
2014-10-01,15:50:00,14.955,14.955,14.926,14.926,507,0
2014-10-01,15:55:00,14.916,14.926,14.916,14.926,912,0
2014-10-01,16:00:00,14.955,15.074,14.955,15.074,1419,0
2014-10-01,16:05:00,14.975,14.995,14.975,14.985,2179,0
2014-10-01,16:10:00,14.985,14.995,14.975,14.975,507,0
2014-10-01,16:15:00,14.975,14.975,14.975,14.975,2838,0
2014-10-01,16:30:00,14.995,14.995,14.995,14.995,811,0
2014-10-01,16:35:00,14.857,14.857,14.857,14.857,101,0
2014-10-01,16:45:00,14.926,14.926,14.847,14.857,405,0
2014-10-01,19:10:00,14.867,14.867,14.867,14.867,912,0
2014-10-01,19:40:00,14.857,14.857,14.857,14.857,101,0
2014-10-01,20:00:00,14.857,14.857,14.857,14.857,203,0
2014-10-01,20:35:00,14.788,14.798,14.788,14.788,2331,0
2014-10-02,17:10:00,14.659,14.679,14.65,14.679,1419,0
2014-10-02,17:50:00,14.59,14.59,14.59,14.59,203,0
2014-10-02,18:00:00,14.403,14.403,14.354,14.354,99787,0
2014-10-03,16:25:00,14.906,14.906,14.906,14.906,203,0
2014-10-08,20:20:00,15.301,15.301,15.301,15.301,405,0
2014-10-08,20:40:00,15.37,15.37,15.37,15.37,101,0
2014-10-09,20:50:00,15.093,15.093,15.093,15.093,304,0
2014-10-10,16:50:00,14.798,14.798,14.788,14.788,3953,0
2014-10-13,19:05:00,14.926,14.926,14.896,14.896,308,0
2014-10-13,19:20:00,14.886,14.886,14.886,14.886,811,0
2014-10-13,21:20:00,14.906,14.936,14.876,14.936,2129,0
2014-10-14,16:00:00,14.699,14.699,14.699,14.699,203,0
2014-10-14,21:20:00,14.768,14.778,14.768,14.768,2230,0
2014-10-17,17:20:00,14.876,14.876,14.876,14.876,202,0
2014-10-20,19:45:00,14.679,14.679,14.679,14.679,481,0
2014-10-20,19:50:00,14.63,14.669,14.63,14.63,3294,0
2014-10-22,15:45:00,14.758,14.758,14.758,14.758,811,0
2014-10-23,15:50:00,14.699,14.699,14.699,14.699,1014,0
2014-10-27,19:20:00,14.314,14.363,14.314,14.363,699,0
2014-10-27,19:30:00,14.324,14.324,14.324,14.324,260,0
2014-10-27,19:35:00,14.304,14.304,14.294,14.294,2027,0
2014-10-27,19:40:00,14.304,14.314,14.294,14.294,1521,0
2014-10-27,19:45:00,14.304,14.314,14.265,14.265,2129,0
2014-10-27,19:55:00,14.265,14.265,14.265,14.265,4138,0
2014-10-27,20:15:00,14.334,14.334,14.334,14.334,153,0
2014-10-27,20:20:00,14.265,14.265,14.245,14.245,18170,0
2014-10-28,14:40:00,14.442,14.442,14.442,14.442,101,0
2014-10-28,14:45:00,14.423,14.423,14.423,14.423,203,0
2014-10-28,15:55:00,14.462,14.462,14.462,14.462,101,0
2014-10-28,16:05:00,14.462,14.472,14.462,14.472,304,0
2014-10-28,16:10:00,14.462,14.462,14.462,14.462,101,0
2014-10-28,16:15:00,14.462,14.462,14.462,14.462,101,0
2014-10-28,16:20:00,14.472,14.472,14.472,14.472,101,0
2014-10-28,17:25:00,14.472,14.472,14.472,14.472,608,0
2014-10-28,17:40:00,14.472,14.472,14.472,14.472,101,0
2014-10-28,20:10:00,14.502,14.551,14.502,14.551,304,0
2014-10-28,20:35:00,14.511,14.511,14.502,14.511,4257,0
2014-10-31,19:20:00,14.788,14.896,14.788,14.896,1216,0
2014-11-03,17:00:00,14.778,14.778,14.778,14.778,2088,0
2014-11-05,17:20:00,14.896,14.896,14.896,14.896,1115,0
2014-11-06,17:05:00,14.827,14.827,14.827,14.827,101,0
2014-11-07,15:35:00,14.719,14.768,14.63,14.768,710,0
2014-11-07,15:40:00,14.778,14.788,14.768,14.788,608,0
2014-11-07,15:45:00,14.728,14.728,14.709,14.709,5474,0
2014-11-07,15:50:00,14.738,14.748,14.719,14.748,405,0
2014-11-07,15:55:00,14.719,14.719,14.709,14.709,304,0
2014-11-07,16:00:00,14.728,14.748,14.728,14.748,304,0
2014-11-07,16:05:00,14.728,14.738,14.709,14.738,405,0
2014-11-07,16:10:00,14.758,14.758,14.758,14.758,304,0
2014-11-07,16:15:00,14.768,14.768,14.768,14.768,203,0
2014-11-07,16:20:00,14.768,14.768,14.758,14.758,304,0
2014-11-07,16:25:00,14.758,14.758,14.748,14.748,203,0
2014-11-07,16:30:00,14.748,14.748,14.748,14.748,203,0
2014-11-07,16:35:00,14.748,14.748,14.748,14.748,304,0
2014-11-07,16:40:00,14.748,14.758,14.748,14.758,203,0
2014-11-07,16:45:00,14.758,14.758,14.758,14.758,203,0
2014-11-07,16:50:00,14.748,14.748,14.748,14.748,203,0
2014-11-07,16:55:00,14.748,14.748,14.748,14.748,304,0
2014-11-10,18:15:00,15.429,15.429,15.429,15.429,2737,0
2014-11-10,21:05:00,15.33,15.33,15.33,15.33,152,0
2014-11-14,20:55:00,15.429,15.429,15.429,15.429,659,0
2014-11-28,16:20:00,15.024,15.024,15.024,15.024,304,0
2014-12-05,20:05:00,15.084,15.084,15.084,15.084,695,0
2014-12-05,20:35:00,15.084,15.084,15.084,15.084,203,0
2014-12-05,20:45:00,15.093,15.093,15.093,15.093,101,0
2014-12-05,21:30:00,15.093,15.093,15.093,15.093,304,0
2014-12-10,19:45:00,14.6,14.669,14.571,14.61,7096,0
2014-12-10,19:50:00,14.728,14.728,14.62,14.62,912,0
2014-12-10,19:55:00,14.669,14.669,14.581,14.581,6994,0
2014-12-10,20:00:00,14.581,14.581,14.551,14.551,3548,0
2014-12-10,21:35:00,14.541,14.541,14.541,14.541,1317,0
2014-12-11,16:30:00,14.936,14.936,14.936,14.936,1825,0
2014-12-11,16:35:00,14.955,14.955,14.955,14.955,405,0
2014-12-11,16:40:00,14.955,14.995,14.946,14.995,12367,0
2014-12-11,16:45:00,15.015,15.054,15.015,15.054,14063,0
2014-12-12,16:15:00,15.044,15.044,15.044,15.044,1014,0
2014-12-12,19:10:00,14.867,14.867,14.867,14.867,507,0
2014-12-15,21:35:00,14.788,14.788,14.788,14.788,608,0
2014-12-16,15:35:00,14.837,14.837,14.837,14.837,305,0
2014-12-16,15:45:00,14.916,14.916,14.916,14.916,101,0
2014-12-16,15:50:00,14.926,14.926,14.926,14.926,101,0
2014-12-16,16:35:00,15.123,15.123,14.916,14.916,344,0
2014-12-16,17:50:00,15.32,15.32,14.876,14.876,203,0
2014-12-16,19:00:00,15.311,15.311,15.311,15.311,517,0
2014-12-16,22:00:00,15.202,15.202,15.202,15.202,468,0
2014-12-17,15:35:00,14.206,14.206,14.206,14.206,126,0
2014-12-17,15:45:00,14.61,14.61,14.61,14.61,101,0
2014-12-18,18:15:00,14.738,14.738,14.738,14.738,384,0
2014-12-19,20:15:00,14.985,14.985,14.985,14.985,101,0
2014-12-19,20:20:00,14.876,14.896,14.876,14.896,304,0
2014-12-19,20:25:00,14.886,14.886,14.837,14.847,3782,0
2014-12-19,20:30:00,14.847,14.847,14.847,14.847,101,0
2014-12-22,17:10:00,14.896,14.896,14.896,14.896,253,0
2014-12-22,21:50:00,14.936,14.936,14.936,14.936,101,0
2014-12-23,16:10:00,14.719,14.719,14.719,14.719,710,0
2014-12-23,16:15:00,14.709,14.709,14.709,14.709,710,0
2014-12-23,21:35:00,14.689,14.689,14.679,14.679,3244,0
2014-12-23,22:00:00,14.65,14.65,14.65,14.65,101,0
2014-12-26,17:00:00,15.054,15.054,15.054,15.054,101,0
2014-12-26,17:10:00,14.946,14.946,14.946,14.946,101,0
2014-12-26,17:15:00,14.946,14.946,14.946,14.946,202,0
2014-12-26,17:20:00,14.946,14.946,14.946,14.946,202,0
2014-12-26,19:25:00,14.995,14.995,14.985,14.995,1252,0
2014-12-26,20:20:00,14.995,14.995,14.995,14.995,101,0
2014-12-29,15:35:00,15.17,15.17,15.02,15.02,380,0
2014-12-29,15:45:00,14.93,14.93,14.92,14.92,1600,0
2014-12-29,16:00:00,14.9,14.9,14.9,14.9,500,0
2014-12-29,18:40:00,14.9,14.9,14.9,14.9,400,0
2014-12-29,19:25:00,15.17,15.17,15.17,15.17,251,0
2014-12-30,16:10:00,14.76,14.76,14.76,14.76,600,0
2014-12-30,20:50:00,14.8,14.99,14.8,14.99,1000,0
2014-12-31,16:10:00,14.93,14.93,14.93,14.93,100,0
2015-01-02,20:35:00,14.73,14.73,14.73,14.73,1000,0
2015-01-02,20:40:00,14.73,14.73,14.73,14.73,917,0
2015-01-05,15:45:00,15.61,15.61,15.6,15.61,3200,0
2015-01-05,15:50:00,15.6,15.6,15.59,15.59,2800,0
2015-01-05,17:35:00,15.58,15.58,15.58,15.58,138,0
2015-01-05,19:55:00,15.17,15.81,15.16,15.81,1600,0
2015-01-06,16:15:00,15.63,15.64,15.63,15.64,2000,0
2015-01-06,16:50:00,15.58,15.58,15.58,15.58,300,0
2015-01-06,17:20:00,15.65,15.65,15.62,15.62,2300,0
2015-01-07,15:35:00,15.68,15.74,15.67,15.67,4200,0
2015-01-07,15:40:00,15.68,15.68,15.68,15.68,3000,0
2015-01-08,16:00:00,15.74,15.74,15.73,15.73,2000,0
2015-01-14,20:30:00,14.94,14.94,14.93,14.94,1400,0
2015-01-14,21:35:00,14.96,14.96,14.96,14.96,1600,0
2015-01-15,16:25:00,15.01,15.01,15.01,15.01,667,0
2015-01-15,20:20:00,14.72,14.72,14.72,14.72,150,0
2015-01-21,21:00:00,15.14,15.14,15.13,15.14,2700,0
2015-01-21,21:20:00,15.14,15.14,15.14,15.14,700,0
2015-01-21,21:25:00,15.14,15.14,15.13,15.14,1500,0
2015-01-21,21:45:00,15.13,15.14,15.13,15.14,4400,0
2015-01-21,21:55:00,15.15,15.15,15.14,15.15,3700,0
2015-01-22,20:55:00,15.31,15.33,15.31,15.33,900,0
2015-01-22,21:00:00,15.35,15.35,15.34,15.35,1700,0
2015-01-22,21:25:00,15.38,15.39,15.38,15.39,1700,0
2015-01-23,18:30:00,15.28,15.28,15.28,15.28,100,0
2015-01-23,20:55:00,15.1,15.23,15.1,15.23,2300,0
2015-01-23,21:10:00,15.22,15.23,15.22,15.23,2070,0
2015-01-23,21:15:00,15.21,15.23,15.21,15.23,1000,0
2015-01-23,21:20:00,15.22,15.23,15.22,15.23,2000,0
2015-01-27,17:05:00,14.74,14.78,14.74,14.78,4100,0
2015-01-27,17:10:00,14.77,14.81,14.77,14.81,1700,0
2015-01-27,17:15:00,14.81,14.82,14.81,14.81,400,0
2015-01-28,20:25:00,14.79,14.79,14.79,14.79,900,0
2015-01-30,19:00:00,14.76,14.77,14.76,14.77,2400,0
2015-02-12,17:10:00,14.7,14.7,14.7,14.7,200,0
2015-02-17,16:05:00,15.03,15.03,15.03,15.03,1648,0
2015-02-19,15:35:00,14.99,14.99,14.99,14.99,100,0
2015-02-19,15:55:00,14.99,14.99,14.95,14.95,6651,0
2015-02-19,16:00:00,15.06,15.06,15.06,15.06,1002,0
2015-02-19,19:10:00,14.98,14.98,14.97,14.97,2900,0
2015-02-24,17:50:00,15.18,15.18,15.18,15.18,1400,0
2015-02-25,15:35:00,15.29,15.29,15.29,15.29,100,0
2015-02-25,15:50:00,15.28,15.28,15.28,15.28,200,0
2015-02-25,15:55:00,15.28,15.28,15.28,15.28,200,0
2015-02-25,20:45:00,15.25,15.25,15.25,15.25,500,0
2015-02-25,20:55:00,15.24,15.24,15.24,15.24,200,0
2015-02-25,21:05:00,15.25,15.25,15.25,15.25,100,0
2015-02-25,22:00:00,15.25,15.25,15.25,15.25,200,0
2015-02-27,15:35:00,15.72,15.72,15.72,15.72,300,0
2015-02-27,20:40:00,15.39,15.39,15.39,15.39,400,0
2015-02-27,20:45:00,15.39,15.39,15.39,15.39,400,0
2015-02-27,20:50:00,15.39,15.39,15.39,15.39,400,0
2015-02-27,20:55:00,15.4,15.4,15.4,15.4,100,0
2015-02-27,21:00:00,15.39,15.39,15.39,15.39,300,0
2015-02-27,21:05:00,15.39,15.39,15.39,15.39,300,0
2015-02-27,21:20:00,15.39,15.39,15.39,15.39,400,0
2015-02-27,22:00:00,15.39,15.39,15.39,15.39,300,0
2015-03-03,19:45:00,15.1624,15.1624,15.14,15.14,200,0
2015-03-16,17:30:00,14.6652,14.6652,14.6652,14.6652,138,0
2015-03-18,20:55:00,14.91,14.91,14.91,14.91,200,0
2015-03-25,15:10:00,14.97,14.97,14.97,14.97,1000,0
2015-03-30,18:20:00,15.71,15.71,15.71,15.71,1000,0
2015-03-30,19:20:00,15.65,15.65,15.65,15.65,100,0
2015-03-30,19:35:00,15.65,15.65,15.65,15.65,97,0
2015-03-30,21:50:00,15.84,15.84,15.84,15.84,100,0
2015-03-30,22:00:00,15.84,15.84,15.84,15.84,13,0
2015-04-02,15:35:00,16.7,16.7,16.7,16.7,268,0
2015-04-02,17:05:00,16.7,16.7,16.7,16.7,13,0
2015-04-02,17:15:00,16.7,16.7,16.7,16.7,1,0
2015-04-06,15:35:00,17.35,17.35,16.37,16.37,392,0
2015-04-06,15:55:00,16.94,16.94,16.94,16.94,300,0
2015-04-06,16:25:00,16.94,16.94,16.94,16.94,10,0
2015-04-06,16:45:00,16.94,17,16.94,17,283,0
2015-04-06,18:05:00,17.01,17.01,17.01,17.01,100,0
2015-04-06,18:45:00,17.02,17.02,17.02,17.02,100,0
2015-04-06,21:30:00,16.941,16.941,16.941,16.941,394,0
2015-04-06,22:00:00,16.97,16.97,16.97,16.97,100,0
2015-04-07,15:35:00,17.24,17.37,17.24,17.37,800,0
2015-04-07,15:45:00,17.36,17.36,17.36,17.36,178,0
2015-04-07,17:15:00,17.36,17.36,17.36,17.36,28,0
2015-04-07,19:55:00,17.38,17.38,17.38,17.38,1000,0
2015-04-07,20:20:00,17.28,17.28,17.28,17.28,1900,0
2015-04-07,20:25:00,17.28,17.28,17.28,17.28,1600,0
2015-04-07,21:35:00,17.4848,17.4848,17.4848,17.4848,200,0
2015-04-07,22:00:00,17.28,17.28,17.28,17.28,300,0
2015-04-08,15:35:00,19.15,19.15,19.15,19.15,200,0
2015-04-08,15:50:00,19.15,19.87,19.15,19.87,585,0
2015-04-08,15:55:00,19.87,19.87,19.15,19.15,1000,0
2015-04-08,16:00:00,19.15,19.15,19.15,19.15,3,0
2015-04-08,18:00:00,19.15,19.15,19.15,19.15,23,0
2015-04-08,18:25:00,19,19,19,19,151,0
2015-04-08,18:35:00,19,19,19,19,40,0
2015-04-08,18:50:00,18.97,18.97,18.97,18.97,100,0
2015-04-08,18:55:00,19.03,19.03,19.03,19.03,100,0
2015-04-08,19:45:00,19.03,19.03,19.03,19.03,1,0
2015-04-08,22:00:00,19.08,19.08,19.08,19.08,900,0
2015-04-09,15:35:00,19.76,20,19.76,19.9999,820,0
2015-04-09,15:45:00,19.98,19.98,19.98,19.98,470,0
2015-04-09,15:55:00,19.0301,19.16,19.03,19.04,3160,0
2015-04-09,16:05:00,19.04,19.04,19.04,19.04,1,0
2015-04-09,16:40:00,19.93,19.93,19.93,19.93,40260,0
2015-04-09,16:50:00,19.93,19.93,19.88,19.88,551,0
2015-04-09,16:55:00,19.88,19.88,19.88,19.88,2,0
2015-04-09,17:00:00,19.99,19.99,19.99,19.99,100,0
2015-04-09,17:30:00,19.86,19.86,19.85,19.85,300,0
2015-04-09,17:45:00,19.85,19.85,19.85,19.85,9,0
2015-04-09,18:20:00,19.85,19.85,19.85,19.85,1,0
2015-04-09,19:05:00,19.9999,19.9999,19.9999,19.9999,500,0
2015-04-09,20:10:00,20,20,20,20,1900,0
2015-04-09,20:15:00,20,20,20,20,1239,0
2015-04-09,20:50:00,20.24,20.24,20.24,20.24,100,0
2015-04-09,21:15:00,20.24,20.24,20.24,20.24,100,0
2015-04-09,21:45:00,20.239,20.239,20.239,20.239,650,0
2015-04-09,22:00:00,20.2399,20.2399,20.2399,20.2399,100,0
2015-04-10,15:35:00,20.24,20.24,20.24,20.24,719,0
2015-04-10,15:50:00,20.24,20.24,20.24,20.24,56,0
2015-04-10,15:55:00,20.24,20.24,19.1001,19.7,490,0
2015-04-10,19:15:00,19.7,19.7,19.7,19.7,1,0
2015-04-10,19:20:00,19.7,19.7,19.7,19.7,1,0
2015-04-10,20:30:00,19.84,19.84,19.84,19.84,500,0
2015-04-10,22:00:00,19.97,19.97,19.97,19.97,400,0
2015-04-13,15:40:00,20.485,20.49,20.48,20.49,600,0
2015-04-13,15:45:00,20.51,20.57,20.51,20.54,763,0
2015-04-13,15:50:00,20.53,20.53,20.53,20.53,100,0
2015-04-13,16:00:00,20.53,20.53,20.53,20.53,220,0
2015-04-13,16:05:00,20.53,20.53,20.49,20.49,1078,0
2015-04-13,16:10:00,20.46,20.46,20.46,20.46,102,0
2015-04-13,16:15:00,20.46,20.46,20.46,20.46,198,0
2015-04-13,16:25:00,20.429,20.43,20.429,20.43,1494,0
2015-04-13,16:30:00,20.43,20.43,20.43,20.43,49,0
2015-04-13,16:35:00,20.45,20.45,20.4499,20.4499,2500,0
2015-04-13,16:45:00,20.4499,20.4499,20.4499,20.4499,10,0
2015-04-13,16:50:00,20.4499,20.4499,20.4499,20.4499,1,0
2015-04-13,17:15:00,20.35,20.35,20.35,20.35,100,0
2015-04-13,17:25:00,20.35,20.35,20.35,20.35,1,0
2015-04-13,17:30:00,20.4299,20.4299,20.4299,20.4299,204,0
2015-04-13,18:00:00,20.4395,20.4395,20.4395,20.4395,646,0
2015-04-13,18:50:00,20.392,20.392,20.392,20.392,100,0
2015-04-13,18:55:00,20.392,20.392,20.392,20.392,8,0
2015-04-13,20:10:00,20.392,20.392,20.392,20.392,23,0
2015-04-13,20:55:00,20.392,20.392,20.392,20.392,33,0
2015-04-13,21:25:00,20.392,20.392,20.392,20.392,10,0
2015-04-13,21:30:00,20.392,20.392,20.392,20.392,20,0
2015-04-13,21:40:00,20.392,20.392,20.14,20.14,750,0
2015-04-13,22:00:00,20.2799,20.2799,20.2799,20.2799,250,0
2015-04-14,15:40:00,19.71,19.71,19.7,19.7,200,0
2015-04-14,15:45:00,19.64,19.64,19.64,19.64,100,0
2015-04-14,16:10:00,19.64,19.64,19.64,19.64,1,0
2015-04-14,16:40:00,19.54,19.63,19.54,19.63,456,0
2015-04-14,18:10:00,19.63,19.63,19.63,19.63,150,0
2015-04-14,19:30:00,19.63,19.63,19.63,19.63,1,0
2015-04-14,20:00:00,19.8,19.89,19.8,19.81,39540,0
2015-04-14,20:05:00,19.81,20.06,19.81,19.94,9200,0
2015-04-14,20:25:00,19.94,19.94,19.94,19.94,8,0
2015-04-14,21:30:00,19.951,19.953,19.951,19.953,405,0
2015-04-14,21:50:00,19.95,19.95,19.95,19.95,801,0
2015-04-14,21:55:00,19.95,19.95,19.95,19.95,1,0
2015-04-15,15:35:00,19.12,19.12,18.75,18.75,2350,0
2015-04-15,15:40:00,18.75,19.02,18.75,19.02,2900,0
2015-04-15,15:45:00,18.8722,18.8722,18.8722,18.8722,200,0
2015-04-15,15:50:00,18.7787,18.7787,18.7787,18.7787,260,0
2015-04-15,16:50:00,18.7787,18.7787,18.7787,18.7787,75,0
2015-04-15,17:35:00,18.7787,18.7787,18.7787,18.7787,17,0
2015-04-15,18:50:00,18.93,18.93,18.93,18.93,300,0
2015-04-15,20:30:00,19.58,19.6,19.16,19.26,14612,0
2015-04-15,20:40:00,19.55,19.57,19.55,19.57,1000,0
2015-04-15,21:45:00,19.27,19.27,19.27,19.27,200,0
2015-04-15,21:50:00,19.46,19.55,19.33,19.55,1237,0
2015-04-15,21:55:00,19.489,19.51,19.45,19.49,1789,0
2015-04-16,16:15:00,19.62,19.621,19.62,19.6201,300,0
2015-04-16,16:30:00,19.62,19.62,19.62,19.62,400,0
2015-04-16,16:35:00,19.62,19.68,19.57,19.57,37440,0
2015-04-16,18:30:00,19.57,19.57,19.57,19.57,50,0
2015-04-16,18:35:00,19.57,19.57,19.57,19.57,1,0
2015-04-16,18:40:00,19.57,19.57,19.57,19.57,50,0
2015-04-16,20:10:00,19.57,19.57,19.57,19.57,13,0
2015-04-16,21:50:00,19.7,19.704,19.68,19.681,1037,0
2015-04-17,15:40:00,19.42,19.42,19.4,19.4,1100,0
2015-04-17,16:15:00,19.33,19.33,19.33,19.33,100,0
2015-04-17,18:00:00,19.33,19.33,19.33,19.33,1,0
2015-04-17,20:05:00,19.56,19.56,19.55,19.55,325,0
2015-04-17,21:00:00,19.311,19.311,19.311,19.311,241,0
2015-04-20,15:35:00,19.48,19.48,19.48,19.48,400,0
2015-04-20,15:40:00,19.31,19.31,19.28,19.29,4800,0
2015-04-20,18:00:00,19.29,19.29,19.29,19.29,6,0
2015-04-20,18:15:00,18.951,18.951,18.93,18.93,800,0
2015-04-20,18:55:00,18.6701,18.6701,18.6701,18.6701,1,0
2015-04-20,19:35:00,18.73,18.73,18.73,18.73,3,0
2015-04-20,19:55:00,18.7944,19.0499,18.7944,19.0499,60,0
2015-04-20,20:25:00,18.74,18.8,18.7301,18.7301,974,0
2015-04-21,16:30:00,19.013,19.013,19.013,19.013,250,0
2015-04-21,16:40:00,19.32,19.32,19.32,19.32,45460,0
2015-04-21,17:45:00,19.42,19.42,19.42,19.42,100,0
2015-04-21,18:35:00,19.53,19.53,19.53,19.53,1000,0
2015-04-21,19:15:00,19.6299,19.6299,19.6299,19.6299,100,0
2015-04-21,21:00:00,19.629,19.629,19.629,19.629,121,0
2015-04-22,15:45:00,19.924,19.924,19.924,19.924,1100,0
2015-04-22,20:20:00,20.04,20.04,20.035,20.04,500,0
2015-04-22,21:15:00,19.88,19.88,19.78,19.79,1000,0
2015-04-22,21:20:00,19.79,19.79,19.78,19.79,600,0
2015-04-22,21:45:00,19.9273,19.9273,19.9273,19.9273,200,0
2015-04-23,15:35:00,19.9,19.9,19.9,19.9,1549,0
2015-04-27,16:15:00,20.75,20.75,20.7496,20.7496,754,0
2015-04-27,16:50:00,20.75,20.75,20.75,20.75,1000,0
2015-04-27,18:05:00,20.09,20.09,20.09,20.09,168,0
2015-04-28,15:35:00,20.89,20.98,20.89,20.93,400,0
2015-04-28,15:40:00,20.93,20.93,20.92,20.92,200,0
2015-04-28,15:45:00,20.14,20.14,20.14,20.14,200,0
2015-04-28,15:50:00,20.14,20.14,20.14,20.14,300,0
2015-04-28,18:35:00,20.14,20.14,20.14,20.14,200,0
2015-04-29,17:50:00,20.63,20.64,20.5,20.64,10000,0
2015-04-29,20:55:00,20.45,20.45,20.45,20.45,188,0
2015-04-30,15:35:00,20.5,20.5,20.5,20.5,200,0
2015-04-30,15:45:00,20.499,20.499,20.499,20.499,300,0
2015-04-30,16:30:00,19.64,19.8562,19.64,19.64,1000,0
2015-04-30,16:40:00,20.5,20.5,20.5,20.5,1800,0
2015-04-30,16:45:00,20.5,20.5,20.5,20.5,3000,0
2015-04-30,16:50:00,20.5,20.5,20.5,20.5,5200,0
2015-04-30,18:45:00,20.5,20.5,20.5,20.5,500,0
2015-04-30,20:45:00,20.55,20.63,20.55,20.63,17499,0
2015-04-30,20:50:00,20.63,20.64,20.63,20.64,13300,0
2015-04-30,21:40:00,20.5399,20.5399,20.5399,20.5399,100,0
2015-05-01,20:20:00,20.49,20.54,20.49,20.54,914,0
2015-05-04,15:35:00,20.81,21.15,20.81,21.14,3795,0
2015-05-04,15:40:00,21.0814,21.0814,21.0814,21.0814,475,0
2015-05-04,15:45:00,21.17,21.17,21.17,21.17,100,0
2015-05-04,15:50:00,21.1799,21.1799,21.1799,21.1799,1416,0
2015-05-04,15:55:00,21.18,21.18,21.17,21.1799,1100,0
2015-05-04,16:00:00,21.17,21.18,21.17,21.18,520,0
2015-05-04,16:40:00,21.18,21.26,21.18,21.18,2715,0
2015-05-04,17:10:00,21.22,21.22,21.22,21.22,100,0
2015-05-04,17:25:00,21.185,21.185,21.185,21.185,644,0
2015-05-04,18:50:00,21.3067,21.3067,21.3067,21.3067,110,0
2015-05-04,20:50:00,21.37,21.37,21.33,21.35,4240,0
2015-05-04,20:55:00,21.33,21.38,21.32,21.38,635,0
2015-05-04,21:05:00,21.37,21.37,21.33,21.33,265,0
2015-05-04,21:25:00,21.38,21.38,21.17,21.17,400,0
2015-05-04,21:50:00,21.22,21.22,21.22,21.22,188,0
2015-05-04,22:00:00,21.33,21.3732,21.33,21.37,648,0
2015-05-05,15:35:00,20.95,20.95,20.95,20.95,586,0
2015-05-05,15:40:00,20.58,20.58,20.57,20.57,2900,0
2015-05-05,16:30:00,19.8952,19.93,19.881,19.93,1951,0
2015-05-05,16:40:00,19.8875,19.8875,19.8875,19.8875,500,0
2015-05-05,17:25:00,20.4931,20.4931,20.4931,20.4931,1000,0
2015-05-05,17:50:00,20.43,20.43,20.43,20.43,300,0
2015-05-05,18:20:00,20.31,20.31,20.29,20.3,500,0
2015-05-05,21:25:00,20.1931,20.1931,20.1931,20.1931,1100,0
2015-05-05,22:00:00,20.3712,20.3712,20.3712,20.3712,250,0
2015-05-06,15:35:00,20.48,20.48,20.48,20.48,350,0
2015-05-06,15:40:00,20.2099,20.2099,20.2099,20.2099,100,0
2015-05-06,16:35:00,20.04,20.04,20.04,20.04,100,0
2015-05-06,17:15:00,20.0699,20.0699,20.0699,20.0699,100,0
2015-05-06,19:10:00,19.7972,19.7972,19.7972,19.7972,100,0
2015-05-06,21:30:00,19.795,19.795,19.795,19.795,168,0
2015-05-07,15:40:00,19.01,19.01,18.7,18.71,5367,0
2015-05-07,16:00:00,19.0141,19.0141,19.0141,19.0141,100,0
2015-05-07,20:30:00,19.03,19.03,19.03,19.03,250,0
2015-05-07,21:00:00,18.86,18.86,18.86,18.86,200,0
2015-05-07,21:10:00,19,19,19,19,1400,0
2015-05-07,21:45:00,19.49,19.5,19.49,19.5,9900,0
2015-05-08,15:35:00,19.25,19.25,19.25,19.25,585,0
2015-05-08,15:55:00,20,20.02,20,20.02,5700,0
2015-05-08,16:00:00,20.01,20.02,20.01,20.01,4500,0
2015-05-11,15:35:00,20.45,20.45,20.45,20.45,495,0
2015-05-11,15:40:00,20.17,20.17,20.17,20.17,500,0
2015-05-11,16:20:00,20.16,20.17,20.16,20.16,5500,0
2015-05-11,16:25:00,19.97,20.06,19.96,19.96,400,0
2015-05-11,16:30:00,20.035,20.035,19.9,19.9,500,0
2015-05-11,17:45:00,19.55,19.55,19.55,19.55,106,0
2015-05-11,18:40:00,19.72,19.72,19.72,19.72,100,0
2015-05-11,20:35:00,20.1,20.1,20.1,20.1,100,0
2015-05-11,20:45:00,20.09,20.09,20.09,20.09,100,0
2015-05-11,21:15:00,20.05,20.06,20.05,20.06,1600,0
2015-05-11,21:25:00,20.06,20.06,20.02,20.03,1500,0
2015-05-11,21:40:00,19.99,19.99,19.98,19.98,1500,0
2015-05-11,21:45:00,19.99,19.99,19.99,19.99,500,0
2015-05-12,18:30:00,19.471,19.471,19.471,19.471,650,0
2015-05-13,15:40:00,19.47,19.47,19.47,19.47,799,0
2015-05-13,18:50:00,19.4701,19.4701,19.4701,19.4701,300,0
2015-05-14,15:35:00,19.6,19.6,19.6,19.6,513,0
2015-05-14,16:15:00,19.95,19.95,19.95,19.95,111,0
2015-05-14,19:50:00,19.02,19.02,19.02,19.02,139,0
2015-05-14,20:20:00,19.4,19.4,19.4,19.4,100,0
2015-05-14,20:50:00,19.07,19.07,19.07,19.07,200,0
2015-05-18,15:35:00,19.0432,19.0432,19.0432,19.0432,475,0
2015-05-18,21:30:00,19.96,19.96,19.96,19.96,100,0
2015-05-19,15:35:00,20,20.2915,20,20.2915,715,0
2015-05-20,18:50:00,20.26,20.26,20.26,20.26,165,0
2015-05-21,17:05:00,19.84,19.84,19.84,19.84,1000,0
2015-05-21,18:40:00,20.1199,20.1199,20.1199,20.1199,100,0
2015-05-26,15:35:00,20.54,20.54,20.54,20.54,253,0
2015-05-26,16:00:00,20.9122,20.9122,20.9122,20.9122,150,0
2015-05-26,19:40:00,20.76,20.76,20.76,20.76,400,0
2015-05-26,20:45:00,20.75,20.75,20.75,20.75,240,0
2015-05-26,21:25:00,20.78,20.78,20.78,20.78,100,0
2015-05-27,17:35:00,21.22,21.22,21.22,21.22,400,0
2015-05-27,17:55:00,21.2573,21.2573,21.2573,21.2573,150,0
2015-05-27,19:10:00,21.25,21.25,21.25,21.25,200,0
2015-05-27,19:50:00,21.26,21.26,21.26,21.26,100,0
2015-05-27,21:40:00,21.2699,21.2699,21.2296,21.2296,1000,0
2015-05-27,21:55:00,20.97,20.97,20.97,20.97,178,0
2015-05-28,15:50:00,19.84,19.84,19.84,19.84,100,0
2015-05-28,15:55:00,19.851,19.851,19.851,19.851,1000,0
2015-05-28,18:00:00,20.57,20.57,20.57,20.57,400,0
2015-05-28,19:10:00,20.58,20.58,20.57,20.57,1000,0
2015-05-28,19:15:00,20.58,20.58,20.58,20.58,242,0
2015-05-28,20:30:00,20.5899,20.5899,20.5899,20.5899,242,0
2015-05-29,20:40:00,20.38,20.38,20.38,20.38,100,0
2015-05-29,20:50:00,20.21,20.21,20.21,20.21,100,0
2015-05-29,21:40:00,19.25,19.25,19.25,19.25,102,0
2015-06-01,15:35:00,20.9,20.9,20.9,20.9,400,0
2015-06-01,15:40:00,20.83,20.83,20.81,20.81,800,0
2015-06-01,15:55:00,20.83,20.83,20.83,20.83,100,0
2015-06-01,16:05:00,20.86,20.86,20.86,20.86,100,0
2015-06-01,16:15:00,20.8199,20.8199,20.8,20.8,600,0
2015-06-01,16:30:00,20.78,20.78,20.78,20.78,100,0
2015-06-01,16:45:00,20.78,20.78,20.78,20.78,100,0
2015-06-01,17:00:00,20.77,20.77,20.77,20.77,100,0
2015-06-01,17:15:00,20.77,20.77,20.77,20.77,100,0
2015-06-01,17:25:00,20.1401,20.1401,20.1401,20.1401,240,0
2015-06-01,17:30:00,20.77,20.77,20.77,20.77,100,0
2015-06-01,17:50:00,20.76,20.76,20.76,20.76,100,0
2015-06-01,18:05:00,20.77,20.77,20.77,20.77,100,0
2015-06-01,18:30:00,20.86,20.86,20.86,20.86,100,0
2015-06-01,18:50:00,20.86,20.86,20.86,20.86,100,0
2015-06-02,19:35:00,20.7099,20.7099,20.7099,20.7099,100,0
2015-06-03,15:35:00,20.81,20.81,20.81,20.81,136,0
2015-06-04,17:30:00,19.22,19.58,19.22,19.22,1922,0
2015-06-04,17:55:00,19.427,19.427,19.427,19.427,100,0
2015-06-05,19:45:00,20.11,20.11,19.68,19.68,500,0
2015-06-08,17:20:00,20.03,20.03,20.03,20.03,200,0
2015-06-08,20:15:00,19.37,19.37,19.37,19.37,250,0
2015-06-08,20:30:00,19.9,19.91,19.9,19.91,500,0
2015-06-11,20:40:00,18.8,18.8,18.8,18.8,400,0
2015-06-11,20:55:00,18.77,18.77,18.7671,18.7671,400,0
2015-06-12,17:10:00,19.7299,19.7299,19.7299,19.7299,500,0
2015-06-16,15:35:00,19.19,19.19,19.01,19.01,225,0
2015-06-16,15:55:00,18.9,18.9,18.9,18.9,100,0
2015-06-16,22:00:00,18.64,18.64,18.64,18.64,300,0
2015-06-17,15:35:00,18.87,18.87,18.87,18.87,130,0
2015-06-17,16:00:00,18.8899,18.8899,18.8899,18.8899,200,0
2015-06-17,17:10:00,18.8001,18.8001,18.8001,18.8001,199,0
2015-06-17,21:15:00,18.81,18.81,18.81,18.81,201,0
2015-06-17,21:55:00,18.8374,18.8374,18.8374,18.8374,100,0
2015-06-17,22:00:00,18.92,18.92,18.92,18.92,200,0
2015-06-18,17:15:00,19.25,19.25,19.25,19.25,40260,0
2015-06-18,19:45:00,19.449,19.449,19.449,19.449,102,0
2015-06-18,21:55:00,19.46,19.46,19.46,19.46,100,0
2015-06-19,15:35:00,18.52,18.52,18.52,18.52,1000,0
2015-06-19,15:50:00,18.4401,18.4401,18.4401,18.4401,1000,0
2015-06-19,20:00:00,18.517,18.517,18.517,18.517,145,0
2015-06-19,22:00:00,18.99,18.99,18.99,18.99,100,0
2015-06-22,15:35:00,18.79,18.79,18.79,18.79,105,0
2015-06-22,18:30:00,18.83,18.84,18.83,18.84,900,0
2015-06-23,15:35:00,18.85,18.85,18.85,18.85,1100,0
2015-06-23,15:45:00,19.04,19.22,18.8787,19.21,800,0
2015-06-23,20:00:00,19.58,19.58,19.58,19.58,200,0
2015-06-23,21:10:00,19.22,19.22,19.21,19.21,300,0
2015-06-24,18:25:00,19.4899,19.4899,19.4899,19.4899,100,0
2015-06-24,18:45:00,19.41,19.41,19.395,19.395,1200,0
2015-06-24,19:10:00,19.41,19.42,19.41,19.42,1200,0
2015-06-24,20:15:00,19.3464,19.3464,19.3464,19.3464,200,0
2015-06-24,21:30:00,19.43,19.49,19.43,19.49,3400,0
2015-06-24,21:55:00,19.4,19.4,19.4,19.4,100,0
2015-06-24,22:00:00,19.39,19.39,19.39,19.39,1000,0
2015-06-25,15:35:00,19.73,19.73,19.73,19.73,155,0
2015-06-25,17:00:00,19.06,19.06,19.06,19.06,37340,0
2015-06-25,17:45:00,19.03,19.08,19.03,19.07,700,0
2015-06-25,17:50:00,19.08,19.08,18.93,18.93,800,0
2015-06-25,18:15:00,18.9999,19.12,18.9999,19.12,700,0
2015-06-25,21:15:00,19.13,19.15,19.13,19.15,400,0
2015-06-25,21:20:00,19.17,19.17,19.17,19.17,100,0
2015-06-25,21:25:00,19.05,19.09,19.05,19.09,500,0
2015-06-25,21:30:00,19.11,19.14,19.08,19.14,500,0
2015-06-25,21:35:00,19.2,19.31,19.2,19.23,700,0
2015-06-25,21:40:00,19.17,19.3088,19.17,19.2,1195,0
2015-06-26,18:45:00,18.62,18.62,18.62,18.62,500,0
2015-06-26,19:00:00,18.59,18.59,18.59,18.59,500,0
2015-06-26,19:05:00,18.59,18.59,18.59,18.59,100,0
2015-06-26,19:10:00,18.59,18.59,18.59,18.59,500,0
2015-06-26,19:15:00,18.57,18.57,18.57,18.57,100,0
2015-06-26,19:20:00,18.58,18.58,18.58,18.58,500,0
2015-06-29,15:35:00,17.73,17.74,17.29,17.74,751,0
2015-06-29,15:55:00,17.81,17.9,17.81,17.838,2200,0
2015-06-29,16:05:00,17.92,17.92,17.92,17.92,500,0
2015-06-29,20:35:00,17.67,17.67,17.67,17.67,200,0
2015-06-29,20:40:00,17.67,17.69,17.67,17.69,500,0
2015-06-29,21:15:00,17.68,17.68,17.68,17.68,100,0
2015-06-29,21:20:00,17.68,17.68,17.68,17.68,400,0
2015-06-29,21:25:00,17.69,17.69,17.69,17.69,100,0
2015-06-29,21:35:00,17.68,17.68,17.68,17.68,800,0
2015-06-29,21:40:00,17.67,17.7,17.67,17.69,1100,0
2015-06-29,21:45:00,17.68,17.68,17.67,17.67,400,0
2015-07-01,15:35:00,17.8,17.8,17.8,17.8,105,0
2015-07-01,16:05:00,18.32,18.32,18.26,18.27,1500,0
2015-07-01,16:35:00,18.27,18.27,18.27,18.27,1000,0
2015-07-01,16:40:00,18.36,18.36,18.36,18.36,540,0
2015-07-01,21:35:00,18.23,18.23,18.23,18.23,1000,0
2015-07-02,15:35:00,18,18.02,17.99,17.99,9700,0
2015-07-02,15:45:00,17.83,17.8455,17.83,17.8301,4840,0
2015-07-02,16:00:00,18.06,18.06,18.06,18.06,100,0
2015-07-02,17:25:00,17.89,17.89,17.79,17.85,4200,0
2015-07-02,17:30:00,17.91,17.91,17.89,17.89,200,0
2015-07-02,17:40:00,17.88,17.88,17.88,17.88,100,0
2015-07-02,18:10:00,17.93,17.93,17.93,17.93,100,0
2015-07-02,18:25:00,17.91,17.91,17.9,17.9,200,0
2015-07-02,18:35:00,17.92,17.92,17.87,17.87,1000,0
2015-07-02,18:40:00,17.88,17.88,17.87,17.8701,1200,0
2015-07-02,18:55:00,17.9,17.9,17.9,17.9,100,0
2015-07-02,19:00:00,17.83,17.83,17.83,17.83,1200,0
2015-07-02,19:05:00,17.83,17.85,17.83,17.84,800,0
2015-07-02,19:35:00,17.83,17.83,17.83,17.83,400,0
2015-07-02,21:45:00,17.8,17.8,17.8,17.8,300,0
2015-07-06,15:35:00,16.94,16.94,12.49,14.89,1647,0
2015-07-06,18:30:00,15.52,15.52,15.52,15.52,100,0
2015-07-06,18:50:00,15.71,15.71,15.71,15.71,200,0
2015-07-06,19:05:00,15.929,15.929,15.929,15.929,1159,0
2015-07-06,19:25:00,15.8891,15.8891,15.8891,15.8891,644,0
2015-07-06,21:10:00,15.78,15.81,15.78,15.8,10742,0
2015-07-06,21:55:00,15.8176,15.8176,15.8176,15.8176,141,0
2015-07-06,22:00:00,16,16.01,16,16.01,400,0
2015-07-07,15:40:00,14.14,14.14,14.14,14.14,136,0
2015-07-07,16:00:00,14.739,14.74,14.73,14.734,557,0
2015-07-07,16:10:00,14.84,14.84,14.84,14.84,100,0
2015-07-07,16:35:00,14.61,14.61,14.61,14.61,300,0
2015-07-07,17:00:00,14.725,14.725,14.725,14.725,100,0
2015-07-07,17:15:00,14.44,14.44,14.44,14.44,2100,0
2015-07-07,17:40:00,14.709,14.709,14.0625,14.0625,757,0
2015-07-07,17:45:00,14.09,14.09,14.04,14.0401,1900,0
2015-07-07,18:00:00,14.2868,14.2868,14.2868,14.2868,195,0
2015-07-07,18:05:00,14.79,14.79,14.79,14.79,100,0
2015-07-07,18:10:00,14.07,14.07,14.07,14.07,100,0
2015-07-07,19:05:00,14.0701,14.0701,14.0701,14.0701,100,0
2015-07-07,19:30:00,14.07,14.07,14.07,14.07,34270,0
2015-07-07,19:40:00,14.925,14.96,13.71,13.71,3856,0
2015-07-07,19:55:00,14.95,14.985,14.915,14.98,4856,0
2015-07-07,20:10:00,14.9,14.9,14.9,14.9,100,0
2015-07-07,20:45:00,14.91,14.91,14.91,14.91,200,0
2015-07-07,22:00:00,14.88,14.88,14.88,14.88,183,0
2015-07-08,15:35:00,13.5,13.5,13.17,13.17,445,0
2015-07-08,15:40:00,13.28,13.29,13.28,13.29,598,0
2015-07-08,15:45:00,13.06,13.06,13.06,13.06,250,0
2015-07-08,16:05:00,13.24,13.24,13.24,13.24,100,0
2015-07-08,16:15:00,13.269,13.27,13.2675,13.2699,1232,0
2015-07-08,16:35:00,13.25,13.25,13.25,13.25,174,0
2015-07-08,16:50:00,13.24,13.24,13.24,13.24,500,0
2015-07-08,16:55:00,13.2,13.2,13.19,13.19,500,0
2015-07-08,17:55:00,13.145,13.145,13.145,13.145,260,0
2015-07-08,18:30:00,13.23,13.23,13.23,13.23,400,0
2015-07-08,19:15:00,13.21,13.21,13.21,13.21,2000,0
2015-07-09,15:35:00,14.51,14.51,14.51,14.51,200,0
2015-07-09,15:45:00,14.68,14.68,14.68,14.68,100,0
2015-07-09,16:00:00,15.31,15.31,15.31,15.31,300,0
2015-07-09,16:05:00,15.18,15.18,15.18,15.18,500,0
2015-07-09,17:15:00,15.3199,15.3199,15.3199,15.3199,650,0
2015-07-09,18:55:00,15.31,15.3195,15.31,15.3195,400,0
2015-07-09,21:30:00,15.135,15.135,15.135,15.135,200,0
2015-07-09,21:50:00,15.0678,15.0678,15.0678,15.0678,650,0
2015-07-09,22:00:00,15.2,15.2,15.2,15.2,200,0
2015-07-10,15:45:00,15.754,15.754,15.754,15.754,250,0
2015-07-10,16:00:00,15.59,15.59,15.59,15.59,200,0
2015-07-10,18:00:00,15.7,15.7,15.7,15.7,200,0
2015-07-10,21:20:00,15.8,15.85,15.8,15.85,302,0
2015-07-14,15:35:00,16.66,16.66,16.66,16.66,500,0
2015-07-14,16:40:00,16.21,16.21,16.21,16.21,2100,0
2015-07-14,16:45:00,16.2068,16.22,16.2,16.2,3400,0
2015-07-14,16:55:00,16.2,16.2,16.19,16.2,3064,0
2015-07-14,19:10:00,16.03,16.03,16.03,16.03,41502,0
2015-07-14,19:20:00,16.15,16.15,16.15,16.15,100,0
2015-07-14,19:25:00,16.16,16.18,16.16,16.18,500,0
2015-07-14,19:30:00,16.19,16.24,16.19,16.22,600,0
2015-07-14,20:20:00,16.24,16.24,16.24,16.24,200,0
2015-07-14,20:35:00,16.2,16.2,16.2,16.2,4500,0
2015-07-14,20:40:00,16.18,16.2,16.18,16.2,300,0
2015-07-14,20:45:00,16.23,16.24,16.21,16.21,1000,0
2015-07-14,20:50:00,16.23,16.23,16.23,16.23,100,0
2015-07-14,20:55:00,16.23,16.23,16.23,16.23,100,0
2015-07-14,21:00:00,16.19,16.19,16.19,16.19,300,0
2015-07-14,21:05:00,16.22,16.22,16.22,16.22,600,0
2015-07-14,21:15:00,16.18,16.18,16.18,16.18,200,0
2015-07-14,21:35:00,16.17,16.17,16.17,16.17,500,0
2015-07-14,21:40:00,16.17,16.17,16.17,16.17,300,0
2015-07-14,21:45:00,16.17,16.17,16.16,16.16,800,0
2015-07-14,21:55:00,16.16,16.16,16.15,16.15,1100,0
2015-07-14,22:00:00,16.14,16.14,16.13,16.13,1200,0
2015-07-16,15:55:00,15.87,15.87,15.87,15.87,100,0
2015-07-16,16:05:00,15.69,15.7,15.68,15.7,700,0
2015-07-16,17:15:00,15.85,15.92,15.85,15.92,4300,0
2015-07-16,21:45:00,15.95,15.95,15.95,15.95,1400,0
2015-07-16,21:55:00,15.95,15.95,15.95,15.95,100,0
2015-07-17,16:30:00,16.25,16.25,16.23,16.25,10000,0
2015-07-17,18:35:00,16.15,16.2,16.15,16.2,200,0
2015-07-20,21:55:00,16.1,16.1,16.1,16.1,100,0
2015-07-21,15:45:00,16.2,16.2,16.2,16.2,425,0
2015-07-21,15:50:00,16.21,16.21,16.2,16.2,400,0
2015-07-21,15:55:00,16.21,16.21,16.18,16.19,900,0
2015-07-21,16:05:00,16.21,16.21,16.19,16.19,1400,0
2015-07-21,16:10:00,16.19,16.2,16.19,16.19,1000,0
2015-07-21,16:15:00,16.15,16.15,16.15,16.15,300,0
2015-07-21,20:45:00,16.06,16.06,16.05,16.05,300,0
2015-07-21,20:55:00,16.06,16.08,16.06,16.08,700,0
2015-07-21,21:05:00,16.12,16.12,16.03,16.03,1800,0
2015-07-21,21:10:00,16.025,16.04,16.025,16.04,500,0
2015-07-21,22:00:00,16.08,16.08,16.08,16.08,100,0
2015-07-22,20:35:00,15.95,15.97,15.9,15.93,1400,0
2015-07-22,20:40:00,15.94,15.94,15.94,15.94,200,0
2015-07-22,20:45:00,15.97,15.97,15.97,15.97,460,0
2015-07-22,21:15:00,15.94,15.94,15.9301,15.9301,500,0
2015-07-22,21:20:00,15.93,15.93,15.91,15.92,3140,0
2015-07-22,21:25:00,15.93,15.93,15.93,15.93,500,0
2015-07-23,18:00:00,16.02,16.02,16.02,16.02,128,0
2015-07-23,21:15:00,16.12,16.12,16.1,16.1,700,0
2015-07-24,17:55:00,15.87,15.87,15.87,15.87,200,0
2015-07-24,18:10:00,15.84,15.86,15.84,15.86,400,0
2015-07-24,19:00:00,15.79,15.79,15.79,15.79,200,0
2015-07-24,19:05:00,15.8,15.8,15.8,15.8,300,0
2015-07-24,19:55:00,15.79,15.79,15.79,15.79,300,0
2015-07-24,20:00:00,15.79,15.81,15.79,15.81,800,0
2015-07-24,20:25:00,15.77,15.77,15.77,15.77,300,0
2015-07-24,20:30:00,15.77,15.77,15.77,15.77,800,0
2015-07-24,20:35:00,15.78,15.78,15.78,15.78,200,0
2015-07-24,21:05:00,15.77,15.77,15.77,15.77,400,0
2015-07-24,21:10:00,15.77,15.77,15.77,15.77,100,0
2015-07-24,21:15:00,15.78,15.78,15.78,15.78,100,0
2015-07-24,21:20:00,15.78,15.82,15.78,15.82,400,0
2015-07-24,21:25:00,15.82,15.82,15.82,15.82,200,0
2015-07-24,21:50:00,15.8,15.83,15.79,15.83,1300,0
2015-07-24,22:00:00,15.8299,15.8299,15.8299,15.8299,100,0
2015-07-27,15:45:00,14.4701,14.4701,14.4701,14.4701,200,0
2015-07-27,15:55:00,14.5801,14.5801,14.5801,14.5801,200,0
2015-07-27,16:15:00,14.8299,14.8299,14.8299,14.8299,500,0
2015-07-27,17:10:00,14.9,14.9,14.9,14.9,500,0
2015-07-27,21:25:00,14.78,14.78,14.78,14.78,100,0
2015-07-29,16:20:00,15.16,15.16,15.16,15.16,100,0
2015-07-29,16:55:00,15.2,15.2,15.2,15.2,100,0
2015-07-29,17:30:00,15.24,15.24,15.24,15.24,100,0
2015-07-29,18:30:00,15.27,15.27,15.27,15.27,200,0
2015-07-29,21:10:00,15.3099,15.3099,15.3099,15.3099,169,0
2015-07-30,15:50:00,14.96,14.96,14.96,14.96,100,0
2015-07-30,16:10:00,14.9,14.9,14.9,14.9,100,0
2015-07-30,16:30:00,14.92,14.92,14.92,14.92,100,0
2015-07-30,16:55:00,14.93,14.93,14.93,14.93,100,0
2015-07-30,17:20:00,14.92,14.92,14.92,14.92,100,0
2015-07-30,17:45:00,14.92,14.92,14.92,14.92,100,0
2015-07-30,18:30:00,14.93,14.93,14.93,14.93,100,0
2015-07-30,18:35:00,14.91,14.91,14.91,14.91,100,0
2015-07-30,19:30:00,14.92,14.92,14.92,14.92,200,0
2015-07-31,16:05:00,14.96,14.96,14.96,14.96,100,0
2015-07-31,16:45:00,15,15,15,15,100,0
2015-07-31,18:30:00,15,15,15,15,200,0
2015-08-03,15:35:00,14.32,14.32,14.32,14.32,380,0
2015-08-03,16:10:00,14.51,14.51,14.51,14.51,100,0
2015-08-03,16:50:00,14.241,14.378,14.241,14.378,364,0
2015-08-03,17:05:00,14.51,14.51,14.51,14.51,100,0
2015-08-03,18:30:00,14.51,14.51,14.51,14.51,200,0
2015-08-04,18:30:00,14.65,14.65,14.65,14.65,149,0
2015-08-05,16:45:00,14.78,14.78,14.78,14.78,100,0
2015-08-05,19:20:00,14.8,14.8,14.8,14.8,100,0
2015-08-05,20:25:00,14.9,14.9,14.9,14.9,200,0
2015-08-07,18:00:00,14.95,14.96,14.95,14.96,200,0
2015-08-07,18:05:00,14.96,14.96,14.92,14.92,200,0
2015-08-07,20:00:00,14.7901,14.7901,14.7901,14.7901,500,0
