Date,Time,Open,High,Low,Close,Volume,OpenInt
2014-02-28,17:40:00,21.54,21.54,21.54,21.54,1000,0
2014-02-28,20:00:00,21.52,21.52,21.52,21.52,239,0
2014-03-03,15:35:00,21.0,21.0,21.0,21.0,150,0
2014-03-03,15:40:00,21.35,21.35,21.35,21.35,300,0
2014-03-03,16:20:00,21.41,21.41,21.41,21.41,755,0
2014-03-03,19:00:00,21.42,21.42,21.42,21.42,160,0
2014-03-03,19:35:00,21.44,21.44,21.44,21.44,140,0
2014-03-04,19:30:00,21.73,21.73,21.73,21.73,500,0
2014-03-04,19:35:00,21.73,21.74,21.73,21.74,2850,0
2014-03-04,20:00:00,21.73,21.73,21.73,21.73,200,0
2014-03-04,20:05:00,21.73,21.74,21.73,21.73,1460,0
2014-03-04,20:10:00,21.73,21.74,21.73,21.74,4280,0
2014-03-04,20:15:00,21.74,21.74,21.74,21.74,560,0
2014-03-04,20:20:00,21.74,21.74,21.74,21.74,600,0
2014-03-04,20:25:00,21.73,21.74,21.73,21.74,860,0
2014-03-05,16:20:00,21.77,21.77,21.77,21.77,900,0
2014-03-05,16:35:00,21.74,21.74,21.74,21.74,1650,0
2014-03-05,16:45:00,21.71,21.74,21.71,21.74,970,0
2014-03-05,17:15:00,21.74,21.74,21.71,21.74,530,0
2014-03-05,17:25:00,21.74,21.74,21.71,21.71,650,0
2014-03-05,17:30:00,21.74,21.74,21.74,21.74,300,0
2014-03-05,17:35:00,21.73,21.74,21.71,21.71,745,0
2014-03-05,17:55:00,21.66,21.66,21.66,21.66,183,0
2014-03-05,18:00:00,21.72,21.72,21.72,21.72,400,0
2014-03-05,18:05:00,21.72,21.72,21.72,21.72,300,0
2014-03-05,18:10:00,21.72,21.72,21.72,21.72,1200,0
2014-03-05,20:05:00,21.7,21.7,21.7,21.7,600,0
2014-03-05,20:15:00,21.7,21.71,21.67,21.7,1600,0
2014-03-05,20:25:00,21.7,21.7,21.7,21.7,200,0
2014-03-05,20:30:00,21.7,21.7,21.7,21.7,1000,0
2014-03-05,20:35:00,21.71,21.71,21.69,21.69,750,0
2014-03-05,20:45:00,21.67,21.67,21.67,21.67,205,0
2014-03-05,20:50:00,21.7,21.7,21.68,21.68,520,0
2014-03-05,20:55:00,21.7,21.7,21.68,21.68,5740,0
2014-03-05,21:20:00,21.71,21.71,21.71,21.71,700,0
2014-03-05,21:25:00,21.72,21.72,21.7,21.72,1323,0
2014-03-05,21:30:00,21.72,21.72,21.61,21.72,3641,0
2014-03-05,21:35:00,21.72,21.72,21.72,21.72,452,0
2014-03-05,21:40:00,21.71,21.71,21.71,21.71,675,0
2014-03-05,21:45:00,21.71,21.71,21.71,21.71,1815,0
2014-03-05,21:50:00,21.71,21.71,21.71,21.71,1290,0
2014-03-05,21:55:00,21.69,21.71,21.69,21.71,9630,0
2014-03-05,22:00:00,21.71,21.71,21.69,21.69,1149,0
2014-03-06,15:35:00,21.83,21.83,21.83,21.83,300,0
2014-03-06,18:20:00,21.79,21.79,21.79,21.79,400,0
2014-03-06,18:25:00,21.79,21.79,21.79,21.79,750,0
2014-03-06,19:45:00,21.79,21.79,21.79,21.79,118,0
2014-03-06,20:45:00,21.79,21.79,21.79,21.79,1091,0
2014-03-06,21:45:00,21.8,21.8,21.8,21.8,800,0
2014-03-06,21:50:00,21.8,21.8,21.8,21.8,500,0
2014-03-07,15:40:00,21.0,21.0,21.0,21.0,607,0
2014-03-07,16:00:00,22.05,24.26,22.05,24.26,1280,0
2014-03-07,16:15:00,21.04,21.04,21.03,21.03,200,0
2014-03-07,16:30:00,21.06,21.06,21.06,21.06,300,0
2014-03-07,16:45:00,21.0,21.0,21.0,21.0,180,0
2014-03-07,17:10:00,20.99,20.99,20.99,20.99,200,0
2014-03-07,17:20:00,20.98,20.98,20.96,20.96,300,0
2014-03-07,19:45:00,20.86,20.86,20.86,20.86,600,0
2014-03-07,20:15:00,20.88,20.88,20.88,20.88,600,0
2014-03-07,20:20:00,20.9,20.9,20.9,20.9,200,0
2014-03-07,20:30:00,20.92,20.92,20.9,20.9,1300,0
2014-03-07,20:50:00,20.91,20.91,20.91,20.91,230,0
2014-03-07,22:00:00,20.86,20.86,20.86,20.86,278,0
2014-03-10,14:35:00,20.75,20.75,20.65,20.65,1200,0
2014-03-10,14:45:00,20.65,20.65,20.65,20.65,1500,0
2014-03-10,15:00:00,20.68,20.68,20.68,20.68,1500,0
2014-03-10,17:50:00,20.52,20.52,20.52,20.52,200,0
2014-03-10,19:15:00,20.59,20.59,20.59,20.59,720,0
2014-03-10,20:55:00,20.62,20.62,20.62,20.62,200,0
2014-03-10,21:00:00,20.64,20.64,20.64,20.64,200,0
2014-03-11,15:05:00,20.6,20.6,20.6,20.6,500,0
2014-03-11,15:25:00,20.6,20.6,20.6,20.6,200,0
2014-03-11,15:35:00,20.5,20.5,20.5,20.5,1600,0
2014-03-11,16:25:00,20.4,20.4,20.4,20.4,900,0
2014-03-11,16:30:00,20.35,20.35,20.35,20.35,200,0
2014-03-11,16:50:00,20.11,20.11,20.11,20.11,500,0
2014-03-11,17:10:00,20.12,20.14,20.1,20.1,1750,0
2014-03-11,17:20:00,20.12,20.12,20.12,20.12,800,0
2014-03-11,17:40:00,20.0,20.0,20.0,20.0,1000,0
2014-03-11,18:30:00,20.08,20.08,20.07,20.07,525,0
2014-03-11,18:45:00,20.03,20.03,20.03,20.03,125,0
2014-03-11,18:50:00,20.06,20.08,20.05,20.05,2150,0
2014-03-11,18:55:00,20.09,20.09,20.09,20.09,250,0
2014-03-11,19:05:00,20.05,20.05,20.05,20.05,2000,0
2014-03-11,20:20:00,19.97,19.97,19.97,19.97,500,0
2014-03-11,20:35:00,19.97,19.97,19.97,19.97,100,0
2014-03-12,14:40:00,20.03,20.11,20.03,20.11,1200,0
2014-03-12,14:50:00,20.09,20.09,20.09,20.09,500,0
2014-03-12,15:00:00,20.01,20.01,19.99,20.0,500,0
2014-03-12,15:10:00,19.99,19.99,19.99,19.99,1000,0
2014-03-12,15:40:00,20.04,20.04,20.04,20.04,400,0
2014-03-12,16:00:00,20.13,20.13,20.13,20.13,100,0
2014-03-12,16:45:00,20.13,20.14,20.13,20.14,1150,0
2014-03-12,17:00:00,20.15,20.15,20.15,20.15,400,0
2014-03-12,17:25:00,20.07,20.07,20.07,20.07,100,0
2014-03-12,17:50:00,20.14,20.14,20.12,20.12,550,0
2014-03-12,17:55:00,20.03,20.03,20.03,20.03,200,0
2014-03-12,18:20:00,20.13,20.13,20.13,20.13,200,0
2014-03-12,18:25:00,20.04,20.04,20.04,20.04,200,0
2014-03-12,18:40:00,20.04,20.04,20.04,20.04,200,0
2014-03-12,19:05:00,20.09,20.09,20.07,20.07,1100,0
2014-03-12,19:25:00,20.07,20.07,20.07,20.07,300,0
2014-03-12,19:30:00,20.09,20.09,20.09,20.09,200,0
2014-03-12,19:50:00,20.09,20.09,20.09,20.09,400,0
2014-03-12,20:10:00,20.09,20.09,20.09,20.09,718,0
2014-03-12,20:35:00,20.05,20.05,20.05,20.05,1000,0
2014-03-13,14:40:00,20.16,20.16,20.16,20.16,300,0
2014-03-13,14:50:00,20.0,20.0,20.0,20.0,500,0
2014-03-13,15:00:00,20.05,20.09,20.05,20.05,1870,0
2014-03-13,15:10:00,20.13,20.13,20.13,20.13,500,0
2014-03-13,15:15:00,20.14,20.14,20.09,20.09,600,0
2014-03-13,15:50:00,20.09,20.09,20.09,20.09,100,0
2014-03-13,16:05:00,20.12,20.12,20.12,20.12,100,0
2014-03-13,16:10:00,20.05,20.05,20.05,20.05,300,0
2014-03-13,17:55:00,19.87,19.87,19.87,19.87,300,0
2014-03-13,18:00:00,19.81,19.81,19.81,19.81,400,0
2014-03-13,19:35:00,19.83,19.83,19.83,19.83,200,0
2014-03-13,20:20:00,19.84,19.84,19.82,19.82,1300,0
2014-03-14,14:35:00,20.17,20.18,20.17,20.18,300,0
2014-03-14,15:20:00,20.13,20.13,20.13,20.13,250,0
2014-03-14,15:35:00,20.08,20.08,20.0,20.0,800,0
2014-03-14,15:50:00,20.01,20.03,20.01,20.03,200,0
2014-03-14,17:20:00,19.98,19.98,19.98,19.98,600,0
2014-03-14,19:05:00,20.04,20.04,20.04,20.04,350,0
2014-03-14,19:25:00,20.0,20.0,20.0,20.0,1000,0
2014-03-14,20:30:00,19.99,19.99,19.97,19.97,425,0
2014-03-14,20:40:00,19.96,19.96,19.96,19.96,1004,0
2014-03-14,21:00:00,19.94,19.94,19.94,19.94,200,0
2014-03-17,14:45:00,20.2,20.2,20.15,20.15,434,0
2014-03-17,14:50:00,20.14,20.14,20.14,20.14,100,0
2014-03-17,15:15:00,20.13,20.13,20.13,20.13,2300,0
2014-03-17,15:30:00,20.14,20.14,20.14,20.14,200,0
2014-03-17,15:55:00,20.0,20.0,20.0,20.0,1100,0
2014-03-17,17:50:00,20.05,20.05,20.05,20.05,100,0
2014-03-17,17:55:00,20.03,20.03,20.03,20.03,100,0
2014-03-17,18:55:00,20.0,20.0,20.0,20.0,2000,0
2014-03-17,20:50:00,20.02,20.02,20.02,20.02,200,0
2014-03-18,15:25:00,20.06,20.06,20.06,20.06,750,0
2014-03-18,15:40:00,20.02,20.02,20.02,20.02,250,0
2014-03-18,17:25:00,20.0,20.0,20.0,20.0,250,0
2014-03-18,17:35:00,20.03,20.03,19.93,19.93,1300,0
2014-03-19,14:35:00,19.8,19.8,19.7,19.7,700,0
2014-03-19,14:55:00,19.65,19.65,19.65,19.65,500,0
2014-03-19,15:20:00,19.6,19.6,19.6,19.6,550,0
2014-03-19,15:25:00,19.6,19.6,19.6,19.6,100,0
2014-03-19,15:30:00,19.61,19.61,19.61,19.61,300,0
2014-03-19,16:45:00,19.73,19.73,19.71,19.71,1100,0
2014-03-19,18:55:00,20.18,20.18,20.18,20.18,500,0
2014-03-19,19:05:00,20.16,20.16,20.16,20.16,600,0
2014-03-19,20:15:00,20.14,20.14,20.14,20.14,250,0
2014-03-19,20:20:00,20.17,20.17,20.17,20.17,250,0
2014-03-19,20:30:00,20.2,20.2,20.2,20.2,300,0
2014-03-20,14:55:00,19.87,19.87,19.87,19.87,200,0
2014-03-20,15:55:00,19.87,19.87,19.87,19.87,100,0
2014-03-20,16:10:00,19.87,19.87,19.87,19.87,200,0
2014-03-20,16:25:00,19.88,19.88,19.88,19.88,1031,0
2014-03-20,18:05:00,19.91,19.91,19.91,19.91,1000,0
2014-03-20,20:20:00,19.9,19.9,19.9,19.9,700,0
2014-03-21,14:35:00,20.13,20.13,20.13,20.13,900,0
2014-03-21,14:40:00,19.97,19.97,19.97,19.97,2000,0
2014-03-24,15:10:00,20.03,20.03,20.01,20.01,3000,0
2014-03-24,15:15:00,20.01,20.01,20.0,20.0,900,0
2014-03-24,15:30:00,20.04,20.04,20.04,20.04,100,0
2014-03-24,15:35:00,19.98,19.98,19.98,19.98,1000,0
2014-03-24,16:20:00,19.95,19.95,19.95,19.95,600,0
2014-03-24,18:50:00,20.02,20.02,20.01,20.01,250,0
2014-03-24,20:15:00,19.98,19.98,19.98,19.98,900,0
2014-03-24,20:55:00,19.96,19.96,19.96,19.96,2000,0
2014-03-25,14:35:00,20.2,20.2,20.2,20.2,300,0
2014-03-25,14:50:00,20.34,20.34,20.21,20.21,3100,0
2014-03-25,19:20:00,20.34,20.34,20.34,20.34,400,0
2014-03-25,19:50:00,20.22,20.22,20.22,20.22,200,0
2014-03-25,20:25:00,20.3,20.3,20.3,20.3,100,0
2014-03-25,20:55:00,20.29,20.29,20.29,20.29,732,0
2014-03-26,15:15:00,20.22,20.22,20.22,20.22,150,0
2014-03-26,15:30:00,20.15,20.2,20.15,20.2,550,0
2014-03-26,15:35:00,20.19,20.19,20.19,20.19,550,0
2014-03-26,15:40:00,20.16,20.16,20.16,20.16,125,0
2014-03-26,16:05:00,20.14,20.14,20.14,20.14,150,0
2014-03-26,16:20:00,20.08,20.08,20.08,20.08,1000,0
2014-03-26,17:15:00,20.18,20.18,20.18,20.18,300,0
2014-03-26,17:20:00,20.14,20.14,20.14,20.14,220,0
2014-03-26,18:20:00,20.15,20.15,20.12,20.15,1350,0
2014-03-26,18:25:00,20.15,20.15,20.15,20.15,225,0
2014-03-26,18:30:00,20.15,20.15,20.14,20.14,475,0
2014-03-26,19:05:00,20.11,20.11,20.11,20.11,100,0
2014-03-26,19:10:00,20.13,20.13,20.13,20.13,200,0
2014-03-26,19:15:00,20.13,20.13,20.11,20.11,1250,0
2014-03-26,19:50:00,20.11,20.13,20.11,20.13,500,0
2014-03-26,20:50:00,20.01,20.01,20.01,20.01,200,0
2014-03-27,17:45:00,20.29,20.29,20.29,20.29,400,0
2014-03-28,18:00:00,20.59,20.59,20.59,20.59,300,0
2014-03-28,18:30:00,20.56,20.56,20.56,20.56,250,0
2014-03-28,20:50:00,20.59,20.59,20.58,20.58,1000,0
2014-03-31,15:35:00,20.61,20.61,20.61,20.61,240,0
2014-03-31,16:20:00,20.59,20.59,20.59,20.59,500,0
2014-03-31,16:25:00,20.43,20.43,20.43,20.43,270,0
2014-04-01,15:45:00,20.53,20.53,20.53,20.53,400,0
2014-04-01,16:55:00,20.53,20.53,20.53,20.53,400,0
2014-04-01,19:35:00,20.54,20.54,20.54,20.54,500,0
2014-04-01,21:10:00,20.54,20.54,20.54,20.54,500,0
2014-04-01,21:35:00,20.59,20.59,20.59,20.59,900,0
2014-04-03,17:45:00,20.57,20.58,20.57,20.58,1102,0
2014-04-03,21:10:00,20.45,20.45,20.45,20.45,1000,0
2014-04-04,16:20:00,20.54,20.54,20.54,20.54,2200,0
2014-04-04,16:55:00,20.5,20.5,20.5,20.5,300,0
2014-04-04,17:30:00,20.4,20.4,20.4,20.4,700,0
2014-04-08,21:35:00,20.57,20.57,20.57,20.57,250,0
2014-04-10,15:35:00,20.0,20.39,20.0,20.39,600,0
2014-04-11,15:35:00,20.61,20.61,20.61,20.61,1400,0
2014-04-11,20:50:00,20.5,20.52,20.5,20.52,850,0
2014-04-11,21:30:00,20.41,20.41,20.41,20.41,100,0
2014-04-14,20:35:00,20.49,20.49,20.49,20.49,290,0
2014-04-15,20:30:00,20.22,20.22,20.22,20.22,100,0
2014-04-15,21:10:00,20.24,20.24,20.24,20.24,145,0
2014-04-15,21:30:00,20.24,20.24,20.24,20.24,100,0
2014-04-16,16:00:00,20.45,20.53,20.45,20.53,550,0
2014-04-16,19:45:00,20.44,20.44,20.39,20.41,1000,0
2014-04-16,19:50:00,20.42,20.44,20.41,20.44,1200,0
2014-04-16,21:25:00,20.46,20.46,20.46,20.46,100,0
2014-04-16,21:40:00,20.47,20.47,20.47,20.47,150,0
2014-04-21,15:55:00,20.43,20.43,20.43,20.43,1800,0
2014-04-21,17:30:00,20.53,20.53,20.47,20.5,800,0
2014-04-21,18:05:00,20.45,20.45,20.45,20.45,200,0
2014-04-21,19:10:00,20.52,20.52,20.52,20.52,355,0
2014-04-21,20:30:00,20.52,20.52,20.52,20.52,300,0
2014-04-21,21:00:00,20.52,20.52,20.52,20.52,1200,0
2014-04-21,21:05:00,20.53,20.53,20.53,20.53,1000,0
2014-04-22,15:45:00,20.43,20.43,20.43,20.43,300,0
2014-04-22,18:15:00,20.45,20.45,20.45,20.45,130,0
2014-04-22,18:55:00,20.53,20.53,20.51,20.51,940,0
2014-04-22,20:35:00,20.54,20.54,20.52,20.52,500,0
2014-04-22,20:45:00,20.55,20.55,20.55,20.55,170,0
2014-04-22,20:50:00,20.56,20.56,20.55,20.56,1560,0
2014-04-22,20:55:00,20.56,20.56,20.55,20.55,200,0
2014-04-22,21:00:00,20.55,20.56,20.55,20.55,940,0
2014-04-22,21:05:00,20.56,20.56,20.56,20.56,600,0
2014-04-22,21:25:00,20.56,20.56,20.55,20.55,1200,0
2014-04-22,22:00:00,20.56,20.56,20.56,20.56,295,0
2014-04-23,16:35:00,20.57,20.57,20.57,20.57,630,0
2014-04-23,19:35:00,20.61,20.61,20.61,20.61,100,0
2014-04-23,20:45:00,20.63,20.63,20.63,20.63,100,0
2014-04-23,20:55:00,20.63,20.63,20.63,20.63,100,0
2014-04-23,21:50:00,20.61,20.61,20.61,20.61,150,0
2014-04-23,21:55:00,20.63,20.63,20.63,20.63,430,0
2014-04-24,15:35:00,20.9,20.9,20.9,20.9,200,0
2014-04-24,15:45:00,20.85,20.85,20.85,20.85,400,0
2014-04-24,15:55:00,20.74,20.74,20.74,20.74,300,0
2014-04-24,16:40:00,20.97,20.97,20.97,20.97,300,0
2014-04-24,17:10:00,20.97,20.97,20.95,20.95,200,0
2014-04-24,20:15:00,20.94,20.95,20.94,20.95,480,0
2014-04-24,20:20:00,20.96,20.96,20.93,20.93,480,0
2014-04-24,21:45:00,20.95,20.95,20.95,20.95,347,0
2014-04-25,16:50:00,20.94,20.94,20.94,20.94,500,0
2014-04-25,17:15:00,20.94,20.94,20.94,20.94,1368,0
2014-04-25,17:45:00,20.9,20.9,20.9,20.9,200,0
2014-04-28,15:55:00,21.17,21.17,21.17,21.17,300,0
2014-04-28,16:15:00,20.9,20.9,20.9,20.9,200,0
2014-04-28,17:30:00,20.86,20.86,20.86,20.86,100,0
2014-04-28,18:55:00,20.93,20.93,20.93,20.93,500,0
2014-04-28,20:45:00,20.92,20.92,20.92,20.92,100,0
2014-04-28,21:45:00,20.9,20.9,20.9,20.9,500,0
2014-04-28,21:50:00,20.93,20.93,20.93,20.93,150,0
2014-04-28,21:55:00,20.99,20.99,20.99,20.99,578,0
2014-04-29,15:40:00,20.53,20.53,20.53,20.53,2500,0
2014-04-29,16:15:00,20.88,20.88,20.88,20.88,12000,0
2014-04-29,20:40:00,20.79,20.79,20.79,20.79,400,0
2014-04-29,20:45:00,20.79,20.79,20.79,20.79,1800,0
2014-04-30,16:40:00,20.5,20.5,20.5,20.5,200,0
2014-04-30,18:00:00,20.47,20.47,20.47,20.47,200,0
2014-04-30,21:05:00,20.5,20.5,20.5,20.5,100,0
2014-04-30,21:10:00,20.45,20.45,20.45,20.45,300,0
2014-05-02,16:35:00,20.75,20.75,20.75,20.75,400,0
2014-05-02,17:10:00,20.74,20.74,20.74,20.74,288,0
2014-05-05,15:35:00,20.74,20.75,20.74,20.75,1500,0
2014-05-05,21:50:00,20.66,20.66,20.66,20.66,100,0
2014-05-05,21:55:00,20.68,20.68,20.68,20.68,500,0
2014-05-06,17:15:00,20.65,20.65,20.65,20.65,1000,0
2014-05-07,17:25:00,20.43,20.43,20.43,20.43,500,0
2014-05-07,21:05:00,20.54,20.54,20.54,20.54,480,0
2014-05-07,21:40:00,20.49,20.52,20.49,20.52,400,0
2014-05-08,16:20:00,20.53,20.53,20.53,20.53,300,0
2014-05-08,18:30:00,20.7,20.7,20.7,20.7,942,0
2014-05-08,20:10:00,20.66,20.66,20.66,20.66,200,0
2014-05-09,16:50:00,20.75,20.75,20.75,20.75,100,0
2014-05-09,17:45:00,20.72,20.77,20.72,20.77,2000,0
2014-05-09,18:00:00,20.83,20.83,20.83,20.83,165,0
2014-05-09,18:10:00,20.78,20.78,20.77,20.77,200,0
2014-05-09,18:15:00,20.76,20.8,20.76,20.78,1000,0
2014-05-09,18:20:00,20.81,20.81,20.78,20.78,600,0
2014-05-09,18:45:00,20.82,20.82,20.82,20.82,100,0
2014-05-09,18:50:00,20.82,20.82,20.79,20.79,700,0
2014-05-09,19:05:00,20.8,20.8,20.8,20.8,200,0
2014-05-09,20:30:00,20.71,20.72,20.71,20.72,2500,0
2014-05-09,20:35:00,20.74,20.74,20.74,20.74,425,0
2014-05-12,16:30:00,21.17,21.17,21.17,21.17,400,0
2014-05-12,17:45:00,21.2,21.2,21.2,21.2,100,0
2014-05-12,19:35:00,21.21,21.21,21.21,21.21,500,0
2014-05-12,20:55:00,21.16,21.16,21.16,21.16,500,0
2014-05-13,16:55:00,21.15,21.15,21.15,21.15,700,0
2014-05-13,19:50:00,21.06,21.07,21.06,21.07,500,0
2014-05-13,22:00:00,21.06,21.06,21.06,21.06,200,0
2014-05-14,21:25:00,21.18,21.18,21.18,21.18,250,0
2014-05-14,21:35:00,21.34,21.34,21.34,21.34,100,0
2014-05-15,19:25:00,21.16,21.18,21.16,21.18,300,0
2014-05-15,19:30:00,21.15,21.15,21.15,21.15,900,0
2014-05-15,19:35:00,21.19,21.19,21.17,21.17,1100,0
2014-05-15,19:40:00,21.15,21.15,21.15,21.15,800,0
2014-05-15,19:55:00,21.17,21.18,21.17,21.17,800,0
2014-05-15,20:00:00,21.17,21.17,21.16,21.17,2090,0
2014-05-16,19:00:00,21.17,21.18,21.17,21.18,400,0
2014-05-21,16:55:00,21.0,21.0,21.0,21.0,100,0
2014-05-21,19:50:00,21.04,21.05,21.03,21.05,900,0
2014-05-21,19:55:00,21.05,21.1,21.05,21.05,1300,0
2014-05-21,20:00:00,21.04,21.06,21.04,21.06,900,0
2014-05-21,21:10:00,21.01,21.01,21.01,21.01,1000,0
2014-05-22,18:15:00,21.13,21.13,21.13,21.13,992,0
2014-05-23,15:35:00,21.11,21.11,21.11,21.11,100,0
2014-05-23,18:30:00,21.3,21.3,21.3,21.3,100,0
2014-05-23,19:15:00,21.26,21.33,21.26,21.33,225,0
2014-05-27,18:05:00,21.47,21.47,21.47,21.47,100,0
2014-05-27,19:45:00,21.36,21.36,21.36,21.36,450,0
2014-05-27,21:00:00,21.31,21.31,21.31,21.31,100,0
2014-05-28,15:35:00,21.31,21.31,21.31,21.31,200,0
2014-05-28,18:30:00,21.32,21.32,21.32,21.32,850,0
2014-05-28,18:40:00,21.48,21.48,21.48,21.48,500,0
2014-05-30,19:05:00,21.09,21.1,21.09,21.1,400,0
2014-05-30,19:10:00,21.03,21.06,21.03,21.06,600,0
2014-05-30,19:15:00,21.04,21.06,21.04,21.05,1000,0
2014-05-30,19:20:00,21.04,21.06,21.04,21.04,2300,0
2014-05-30,21:55:00,21.09,21.09,21.09,21.09,150,0
2014-06-04,17:45:00,20.79,20.79,20.79,20.79,105,0
2014-06-06,19:45:00,20.68,20.68,20.68,20.68,300,0
2014-06-06,20:40:00,20.62,20.62,20.62,20.62,125,0
2014-06-09,16:35:00,20.48,20.48,20.48,20.48,200,0
2014-06-10,17:00:00,20.49,20.49,20.49,20.49,460,0
2014-06-10,19:05:00,20.63,20.63,20.63,20.63,200,0
2014-06-10,21:55:00,20.69,20.69,20.69,20.69,300,0
2014-06-12,19:05:00,20.3,20.35,20.3,20.35,500,0
2014-06-12,19:55:00,20.36,20.44,20.36,20.44,700,0
2014-06-13,15:50:00,20.42,20.42,20.42,20.42,1100,0
2014-06-13,16:20:00,20.37,20.37,20.37,20.37,754,0
2014-06-13,16:30:00,20.37,20.37,20.37,20.37,300,0
2014-06-16,16:05:00,20.55,20.55,20.55,20.55,536,0
2014-06-16,17:50:00,20.65,20.65,20.65,20.65,200,0
2014-06-19,15:35:00,20.66,20.66,20.65,20.65,3200,0
2014-06-19,16:15:00,20.66,20.66,20.66,20.66,100,0
2014-06-19,18:25:00,20.68,20.68,20.68,20.68,295,0
2014-06-19,19:50:00,20.72,20.72,20.72,20.72,100,0
2014-06-20,16:20:00,20.98,21.0,20.98,21.0,3600,0
2014-06-20,17:10:00,21.0,21.0,21.0,21.0,200,0
2014-06-23,16:45:00,21.31,21.31,21.22,21.22,474,0
2014-06-24,21:25:00,21.23,21.23,21.23,21.23,200,0
2014-06-24,21:50:00,21.19,21.19,21.19,21.19,1310,0
2014-06-25,18:00:00,21.32,21.32,21.15,21.15,7570,0
2014-06-25,21:50:00,21.35,21.39,21.35,21.39,300,0
2014-06-27,16:05:00,21.39,21.39,21.39,21.39,100,0
2014-06-27,17:40:00,21.42,21.42,21.39,21.39,750,0
2014-06-27,17:50:00,21.38,21.38,21.38,21.38,225,0
2014-06-27,20:20:00,21.33,21.33,21.33,21.33,570,0
2014-06-30,15:35:00,21.37,21.37,21.37,21.37,600,0
2014-06-30,16:05:00,21.43,21.43,21.43,21.43,200,0
2014-07-01,16:40:00,21.65,21.65,21.63,21.63,2300,0
2014-07-01,21:20:00,21.64,21.64,21.64,21.64,100,0
2014-07-01,21:40:00,21.6,21.63,21.6,21.6,550,0
2014-07-02,17:10:00,21.94,21.94,21.94,21.94,200,0
2014-07-02,17:25:00,22,22,22,22,189,0
2014-07-02,19:35:00,21.99,21.99,21.99,21.99,680,0
2014-07-02,19:40:00,21.99,21.99,21.99,21.99,50,0
2014-07-02,20:50:00,22.02,22.02,22.02,22.02,1000,0
2014-07-02,20:55:00,22.09,22.09,22.09,22.09,1470,0
2014-07-02,21:30:00,22.1,22.1,22.1,22.1,1000,0
2014-07-02,22:00:00,22.1,22.1,22.1,22.1,240,0
2014-07-03,18:15:00,22.18,22.18,22.18,22.18,300,0
2014-07-03,18:55:00,22.21,22.21,22.21,22.21,600,0
2014-07-07,15:40:00,22.06,22.06,22.06,22.06,296,0
2014-07-08,18:30:00,22.03,22.04,22.01,22.03,2300,0
2014-07-08,18:35:00,22.02,22.02,22.02,22.02,900,0
2014-07-08,21:30:00,22.08,22.08,22.08,22.08,225,0
2014-07-09,15:55:00,22.1,22.1,22.1,22.1,300,0
2014-07-09,16:35:00,22.04,22.04,22.04,22.04,100,0
2014-07-09,17:50:00,22.03,22.03,22.03,22.03,300,0
2014-07-09,17:55:00,22.0,22.0,22.0,22.0,2500,0
2014-07-09,19:20:00,22.0,22.02,22.0,22.02,215,0
2014-07-09,19:25:00,22.0,22.0,22.0,22.0,900,0
2014-07-09,19:30:00,22.01,22.01,22.0,22.0,1050,0
2014-07-09,19:35:00,22.0,22.0,22.0,22.0,2700,0
2014-07-09,19:55:00,21.99,22.0,21.97,22.0,1000,0
2014-07-09,20:05:00,21.93,21.96,21.91,21.91,1925,0
2014-07-09,20:10:00,21.95,21.95,21.95,21.95,1200,0
2014-07-09,20:15:00,21.95,21.95,21.95,21.95,1900,0
2014-07-09,20:20:00,21.95,21.95,21.94,21.94,10450,0
2014-07-09,20:35:00,21.94,21.96,21.94,21.96,710,0
2014-07-09,20:40:00,21.95,21.97,21.95,21.97,2250,0
2014-07-09,22:00:00,21.97,21.97,21.97,21.97,250,0
2014-07-10,17:00:00,21.95,21.95,21.95,21.95,100,0
2014-07-10,19:55:00,22.09,22.09,22.09,22.09,125,0
2014-07-10,20:00:00,22.07,22.08,22.07,22.08,350,0
2014-07-10,22:00:00,22.08,22.08,22.08,22.08,175,0
2014-07-11,15:35:00,21.95,21.95,21.95,21.95,339,0
2014-07-11,16:05:00,21.9,21.91,21.9,21.91,450,0
2014-07-11,16:15:00,21.92,21.93,21.92,21.93,1040,0
2014-07-11,16:35:00,21.97,21.98,21.97,21.98,300,0
2014-07-11,16:40:00,21.95,21.96,21.95,21.96,1800,0
2014-07-11,17:00:00,21.98,21.98,21.98,21.98,375,0
2014-07-11,17:40:00,22.0,22.0,22.0,22.0,464,0
2014-07-11,17:45:00,22.01,22.02,22.01,22.02,540,0
2014-07-11,19:10:00,22.06,22.06,22.06,22.06,100,0
2014-07-11,19:20:00,22.08,22.08,22.08,22.08,200,0
2014-07-11,22:00:00,22.08,22.08,22.08,22.08,100,0
2014-07-14,16:40:00,21.96,21.96,21.96,21.96,100,0
2014-07-14,17:35:00,21.99,21.99,21.99,21.99,250,0
2014-07-14,19:00:00,21.93,21.95,21.93,21.95,230,0
2014-07-14,20:10:00,21.93,21.94,21.93,21.94,250,0
2014-07-14,22:00:00,21.94,21.94,21.94,21.94,125,0
2014-07-15,21:15:00,21.95,21.95,21.95,21.95,1200,0
2014-07-15,22:00:00,21.95,21.95,21.95,21.95,100,0
2014-07-16,15:40:00,21.93,21.93,21.93,21.93,510,0
2014-07-16,15:55:00,22.02,22.02,22.02,22.02,100,0
2014-07-16,17:25:00,21.87,21.87,21.87,21.87,170,0
2014-07-16,17:55:00,21.88,21.88,21.88,21.88,400,0
2014-07-16,18:05:00,21.81,21.81,21.81,21.81,1067,0
2014-07-16,18:20:00,21.83,21.83,21.83,21.83,850,0
2014-07-16,18:35:00,21.85,21.86,21.85,21.86,650,0
2014-07-16,18:40:00,21.85,21.85,21.85,21.85,525,0
2014-07-16,21:35:00,21.77,21.77,21.77,21.77,400,0
2014-07-17,17:10:00,21.86,21.86,21.86,21.86,923,0
2014-07-17,17:15:00,21.86,21.86,21.86,21.86,1754,0
2014-07-17,17:20:00,21.85,21.85,21.85,21.85,1900,0
2014-07-17,17:25:00,21.82,21.82,21.82,21.82,500,0
2014-07-17,17:30:00,21.81,21.82,21.81,21.82,2000,0
2014-07-17,20:25:00,21.8,21.8,21.8,21.8,500,0
2014-07-17,21:45:00,21.89,21.89,21.89,21.89,280,0
2014-07-17,22:00:00,21.89,21.89,21.89,21.89,140,0
2014-07-18,16:45:00,21.52,21.52,21.52,21.52,300,0
2014-07-18,17:35:00,21.58,21.58,21.58,21.58,1300,0
2014-07-18,17:55:00,21.63,21.63,21.63,21.63,1600,0
2014-07-18,18:05:00,21.63,21.63,21.63,21.63,1000,0
2014-07-18,18:10:00,21.65,21.65,21.65,21.65,2000,0
2014-07-18,18:35:00,21.66,21.66,21.66,21.66,3000,0
2014-07-21,18:30:00,21.7,21.7,21.7,21.7,400,0
2014-07-21,18:50:00,21.71,21.71,21.71,21.71,200,0
2014-07-21,19:30:00,21.74,21.74,21.74,21.74,200,0
2014-07-21,19:35:00,21.78,21.79,21.78,21.78,4200,0
2014-07-21,20:20:00,21.78,21.79,21.78,21.79,1700,0
2014-07-22,16:55:00,21.91,21.92,21.91,21.92,1677,0
2014-07-22,17:00:00,21.87,21.87,21.87,21.87,100,0
2014-07-22,17:10:00,21.85,21.85,21.85,21.85,100,0
2014-07-22,17:15:00,21.85,21.86,21.85,21.85,1800,0
2014-07-22,17:25:00,21.85,21.85,21.83,21.84,2000,0
2014-07-22,21:35:00,21.72,21.72,21.72,21.72,125,0
2014-07-23,17:00:00,21.73,21.73,21.73,21.73,100,0
2014-07-23,19:55:00,21.83,21.84,21.83,21.84,1406,0
2014-07-23,20:00:00,21.83,21.84,21.83,21.83,400,0
2014-07-23,20:05:00,21.84,21.85,21.84,21.85,2783,0
2014-07-23,20:20:00,21.84,21.84,21.84,21.84,1900,0
2014-07-23,21:50:00,21.84,21.84,21.83,21.84,710,0
2014-07-23,22:00:00,21.84,21.84,21.84,21.84,100,0
2014-07-24,15:35:00,21.97,21.97,21.97,21.97,200,0
2014-07-24,16:50:00,22.13,22.13,22.13,22.13,175,0
2014-07-24,17:25:00,22.22,22.22,22.22,22.22,2067,0
2014-07-24,17:35:00,22.21,22.21,22.21,22.21,3691,0
2014-07-24,22:00:00,22.21,22.21,22.21,22.21,1000,0
2014-07-25,17:10:00,22.08,22.08,22.08,22.08,5177,0
2014-07-25,17:35:00,21.97,21.97,21.97,21.97,550,0
2014-07-25,17:40:00,21.95,21.95,21.95,21.95,275,0
2014-07-25,20:10:00,22.05,22.05,22.05,22.05,175,0
2014-07-25,22:00:00,22.05,22.05,22.05,22.05,175,0
2014-07-28,15:40:00,21.99,21.99,21.99,21.99,100,0
2014-07-28,16:45:00,22.06,22.06,22.06,22.06,1700,0
2014-07-28,16:50:00,22.07,22.07,22.06,22.06,4458,0
2014-07-28,21:30:00,21.99,21.99,21.99,21.99,200,0
2014-07-28,22:00:00,21.99,21.99,21.99,21.99,200,0
2014-07-29,17:35:00,21.94,21.94,21.94,21.94,1676,0
2014-07-29,17:40:00,21.93,21.93,21.93,21.93,100,0
2014-07-30,16:55:00,21.99,22.01,21.99,22.01,3000,0
2014-07-30,17:00:00,22.01,22.01,22.01,22.01,1000,0
2014-07-30,17:05:00,22.02,22.02,22.02,22.02,100,0
2014-07-30,17:10:00,22.02,22.02,22.02,22.02,1000,0
2014-07-30,17:40:00,22.03,22.03,22.03,22.03,700,0
2014-07-30,17:45:00,22.03,22.03,22.03,22.03,300,0
2014-07-30,22:00:00,22.03,22.03,22.03,22.03,300,0
2014-07-31,15:40:00,22.01,22.01,22.01,22.01,175,0
2014-07-31,21:50:00,21.96,21.96,21.96,21.96,1634,0
2014-08-01,18:35:00,21.76,21.76,21.76,21.76,2471,0
2014-08-01,19:00:00,21.76,21.76,21.76,21.76,300,0
2014-08-01,21:15:00,21.8,21.81,21.8,21.81,1200,0
2014-08-04,15:35:00,21.97,22.0,21.97,21.99,2725,0
2014-08-04,15:50:00,22.0,22.01,22.0,22.01,1500,0
2014-08-04,16:20:00,22.01,22.01,22.01,22.01,200,0
2014-08-04,17:20:00,22.01,22.01,22.01,22.01,900,0
2014-08-04,17:45:00,22.0,22.0,22.0,22.0,900,0
2014-08-04,17:55:00,21.98,21.98,21.98,21.98,2900,0
2014-08-04,18:20:00,21.97,21.97,21.97,21.97,900,0
2014-08-04,18:25:00,21.97,21.97,21.97,21.97,900,0
2014-08-04,20:25:00,22.0,22.0,22.0,22.0,100,0
2014-08-05,15:45:00,21.83,21.83,21.83,21.83,1800,0
2014-08-05,21:30:00,21.71,21.71,21.71,21.71,260,0
2014-08-05,21:35:00,21.71,21.72,21.71,21.72,410,0
2014-08-05,21:40:00,21.71,21.72,21.71,21.72,820,0
2014-08-06,15:35:00,21.43,21.43,21.31,21.37,4540,0
2014-08-06,16:30:00,21.45,21.45,21.45,21.45,300,0
2014-08-06,18:25:00,21.42,21.45,21.42,21.45,1036,0
2014-08-06,20:15:00,21.42,21.42,21.42,21.42,480,0
2014-08-07,16:20:00,21.5,21.5,21.46,21.46,2800,0
2014-08-07,19:40:00,21.51,21.51,21.51,21.51,100,0
2014-08-07,20:50:00,21.51,21.51,21.51,21.51,3495,0
2014-08-07,20:55:00,21.51,21.51,21.51,21.51,3030,0
2014-08-08,20:40:00,21.51,21.51,21.51,21.51,6200,0
2014-08-08,21:40:00,21.54,21.54,21.54,21.54,100,0
2014-08-11,16:50:00,21.53,21.53,21.53,21.53,6020,0
2014-08-11,17:10:00,21.52,21.52,21.52,21.52,300,0
2014-08-11,21:05:00,21.49,21.49,21.49,21.49,100,0
2014-08-12,17:05:00,21.35,21.35,21.35,21.35,1800,0
2014-08-12,17:10:00,21.35,21.36,21.35,21.35,3661,0
2014-08-13,17:35:00,21.09,21.09,21.08,21.08,6700,0
2014-08-13,18:25:00,21.09,21.09,21.08,21.08,300,0
2014-08-14,17:15:00,20.92,20.92,20.91,20.91,1300,0
2014-08-14,17:20:00,20.92,20.92,20.91,20.91,361,0
2014-08-14,17:25:00,20.92,20.92,20.91,20.92,3800,0
2014-08-15,20:00:00,21.03,21.03,21.02,21.02,6500,0
2014-08-15,21:45:00,21.13,21.13,21.13,21.13,175,0
2014-08-18,15:50:00,21.14,21.14,21.14,21.14,350,0
2014-08-18,19:45:00,21.1,21.1,21.1,21.1,3960,0
2014-08-18,19:50:00,21.1,21.1,21.1,21.1,1000,0
2014-08-18,20:00:00,21.09,21.09,21.09,21.09,1000,0
2014-08-19,17:15:00,21.04,21.04,21.04,21.04,700,0
2014-08-19,18:40:00,21.01,21.01,21.01,21.01,1000,0
2014-08-19,18:45:00,21.07,21.07,21.07,21.07,800,0
2014-08-19,19:25:00,21.06,21.06,21.06,21.06,600,0
2014-08-19,21:50:00,21.0,21.0,21.0,21.0,1058,0
2014-08-20,16:20:00,21.38,21.39,21.38,21.38,4692,0
2014-08-21,15:35:00,21.41,21.41,21.41,21.41,385,0
2014-08-21,17:10:00,21.53,21.53,21.53,21.53,157,0
2014-08-21,19:45:00,21.53,21.53,21.53,21.53,1229,0
2014-08-26,17:15:00,21.69,21.71,21.69,21.71,200,0
2014-08-27,15:35:00,21.56,21.56,21.56,21.56,100,0
2014-08-27,21:30:00,21.63,21.63,21.63,21.63,230,0
2014-09-02,17:25:00,21.41,21.41,21.36,21.37,700,0
2014-09-03,19:05:00,21.13,21.13,21.09,21.09,301,0
2014-09-03,19:55:00,21.19,21.19,21.12,21.13,3700,0
2014-09-03,20:50:00,21.07,21.07,21.07,21.07,100,0
2014-09-03,20:55:00,21.09,21.09,21.09,21.09,550,0
2014-09-03,21:05:00,21.15,21.15,21.12,21.12,400,0
2014-09-03,21:25:00,21.11,21.12,21.11,21.12,500,0
2014-09-04,15:50:00,21.27,21.32,21.27,21.32,468,0
2014-09-05,15:35:00,21.34,21.34,21.34,21.34,100,0
2014-09-11,15:35:00,20.87,20.87,20.87,20.87,594,0
2014-09-11,17:05:00,20.84,20.84,20.84,20.84,175,0
2014-09-11,18:00:00,20.9,20.9,20.9,20.9,60000,0
2014-09-11,20:30:00,20.85,20.85,20.85,20.85,200,0
2014-09-11,20:40:00,20.93,20.93,20.93,20.93,198,0
2014-09-12,18:25:00,20.83,20.83,20.83,20.83,600,0
2014-09-16,18:05:00,21.4,21.4,21.4,21.4,1300,0
2014-09-16,18:15:00,21.32,21.32,21.32,21.32,600,0
2014-09-18,15:55:00,20.9,20.9,20.9,20.9,500,0
2014-09-18,16:15:00,20.89,20.89,20.89,20.89,300,0
2014-09-18,17:25:00,20.96,20.96,20.96,20.96,100,0
2014-09-18,17:30:00,20.9,20.9,20.9,20.9,100,0
2014-09-19,20:05:00,20.77,20.77,20.77,20.77,2300,0
2014-09-22,16:35:00,20.49,20.49,20.49,20.49,300,0
2014-09-24,17:45:00,20.66,20.66,20.66,20.66,500,0
2014-09-24,18:25:00,20.65,20.65,20.65,20.65,290,0
2014-09-24,20:30:00,20.58,20.58,20.58,20.58,200,0
2014-09-24,22:00:00,20.68,20.68,20.68,20.68,120,0
2014-09-25,16:35:00,20.48,20.48,20.48,20.48,290,0
2014-09-29,16:25:00,20.52,20.52,20.52,20.52,200,0
2014-09-30,18:45:00,20.3,20.3,20.3,20.3,300,0
2014-10-03,19:10:00,20.27,20.27,20.27,20.27,100,0
2014-10-06,17:50:00,20.51,20.51,20.44,20.44,200,0
2014-10-07,20:45:00,20.43,20.43,20.43,20.43,400,0
2014-10-08,19:40:00,20.27,20.27,20.27,20.27,230,0
2014-10-08,20:05:00,20.28,20.3,20.28,20.3,300,0
2014-10-08,20:25:00,20.31,20.32,20.31,20.32,468,0
2014-10-08,21:15:00,20.45,20.45,20.45,20.45,1000,0
2014-10-08,21:45:00,20.45,20.45,20.45,20.45,100,0
2014-10-08,21:50:00,20.42,20.42,20.42,20.42,100,0
2014-10-10,16:20:00,20.3,20.3,20.3,20.3,300,0
2014-10-10,16:30:00,20.25,20.25,20.25,20.25,400,0
2014-10-10,18:10:00,20.35,20.35,20.35,20.35,1700,0
2014-10-13,17:05:00,20.45,20.45,20.45,20.45,122,0
2014-10-13,19:55:00,20.5,20.5,20.5,20.5,475,0
2014-10-13,21:05:00,20.54,20.54,20.54,20.54,200,0
2014-10-13,21:55:00,20.51,20.54,20.51,20.54,300,0
2014-10-13,22:00:00,20.52,20.56,20.52,20.56,635,0
2014-10-14,15:35:00,20.62,20.64,20.62,20.64,3720,0
2014-10-15,15:45:00,20.4,20.52,20.35,20.52,1100,0
2014-10-15,18:05:00,20.27,20.52,20.27,20.52,200,0
2014-10-15,20:05:00,20.2,20.2,20.2,20.2,250,0
2014-10-16,19:25:00,20.06,20.06,20.06,20.06,725,0
2014-10-16,19:30:00,20.06,20.06,20.06,20.06,700,0
2014-10-20,16:25:00,20.1,20.14,20.1,20.14,300,0
2014-10-20,17:35:00,20.05,20.05,20.05,20.05,200,0
2014-10-20,21:50:00,20.14,20.14,20.14,20.14,200,0
2014-10-21,15:40:00,20.35,20.35,20.35,20.35,334,0
2014-10-21,20:45:00,20.49,20.49,20.49,20.49,100,0
2014-10-21,20:50:00,20.49,20.49,20.49,20.49,200,0
2014-10-22,15:40:00,20.41,20.41,20.41,20.41,200,0
2014-10-23,16:15:00,20.4,20.44,20.4,20.43,1700,0
2014-10-23,17:30:00,20.46,20.46,20.46,20.46,800,0
2014-10-23,19:40:00,20.47,20.47,20.47,20.47,1536,0
2014-10-23,21:50:00,20.48,20.48,20.48,20.48,175,0
2014-10-24,19:20:00,20.51,20.51,20.51,20.51,1620,0
2014-10-24,21:55:00,20.51,20.53,20.51,20.53,300,0
2014-10-27,14:40:00,20.52,20.65,20.52,20.65,200,0
2014-10-27,14:45:00,20.5,20.5,20.5,20.5,200,0
2014-10-28,16:05:00,20.83,20.83,20.83,20.83,300,0
2014-10-28,18:55:00,20.84,20.84,20.84,20.84,125,0
2014-10-29,15:00:00,20.85,20.85,20.85,20.85,500,0
2014-10-30,15:35:00,20.58,20.58,20.58,20.58,355,0
2014-10-31,16:55:00,20.55,20.55,20.55,20.55,100,0
2014-10-31,17:55:00,20.46,20.46,20.46,20.46,500,0
2014-10-31,20:55:00,20.52,20.52,20.52,20.52,100,0
2014-10-31,21:00:00,20.51,20.51,20.51,20.51,200,0
2014-11-03,21:40:00,20.61,20.61,20.61,20.61,1800,0
2014-11-06,21:50:00,20.34,20.34,20.33,20.33,700,0
2014-11-06,21:55:00,20.35,20.35,20.32,20.33,1400,0
2014-11-06,22:00:00,20.33,20.35,20.32,20.34,2010,0
2014-11-07,21:50:00,20.46,20.46,20.46,20.46,100,0
2014-11-10,16:15:00,20.38,20.38,20.38,20.38,100,0
2014-11-10,16:20:00,20.38,20.38,20.38,20.38,474,0
2014-11-10,16:50:00,20.51,20.51,20.51,20.51,200,0
2014-11-10,17:30:00,20.38,20.38,20.38,20.38,500,0
2014-11-10,20:30:00,20.29,20.29,20.29,20.29,100,0
2014-11-10,21:00:00,20.29,20.29,20.29,20.29,120,0
2014-11-11,17:20:00,20.35,20.35,20.35,20.35,450,0
2014-11-11,17:40:00,20.33,20.33,20.33,20.33,300,0
2014-11-11,17:50:00,20.44,20.44,20.44,20.44,104,0
2014-11-11,19:40:00,20.37,20.37,20.37,20.37,398,0
2014-11-11,20:40:00,20.5,20.5,20.5,20.5,200,0
2014-11-13,19:50:00,20.11,20.11,20.11,20.11,250,0
2014-11-13,19:55:00,20.08,20.09,20.08,20.09,950,0
2014-11-13,20:05:00,20.08,20.08,20.08,20.08,315,0
2014-11-13,20:40:00,20.07,20.07,20.07,20.07,260,0
2014-11-14,18:15:00,20.46,20.46,20.46,20.46,100,0
2014-11-14,19:55:00,20.42,20.48,20.42,20.48,500,0
2014-11-14,20:00:00,20.45,20.45,20.45,20.45,230,0
2014-11-19,16:05:00,20.41,20.41,20.41,20.41,500,0
2014-11-19,18:00:00,20.34,20.34,20.34,20.34,900,0
2014-11-19,19:25:00,20.34,20.34,20.34,20.34,280,0
2014-11-19,19:30:00,20.38,20.38,20.35,20.35,1080,0
2014-11-19,19:40:00,20.37,20.37,20.37,20.37,364,0
2014-11-19,20:30:00,20.36,20.37,20.36,20.37,750,0
2014-11-19,21:15:00,20.31,20.38,20.31,20.38,730,0
2014-11-20,19:25:00,20.27,20.27,20.24,20.24,620,0
2014-11-20,19:50:00,20.25,20.25,20.25,20.25,300,0
2014-11-20,20:30:00,20.26,20.28,20.26,20.28,400,0
2014-11-20,20:35:00,20.26,20.35,20.26,20.27,990,0
2014-11-20,20:40:00,20.26,20.27,20.26,20.26,1450,0
2014-11-20,20:45:00,20.26,20.27,20.26,20.27,1200,0
2014-11-21,16:40:00,20.54,20.54,20.54,20.54,300,0
2014-11-24,15:35:00,20.55,20.55,20.55,20.55,236,0
2014-11-24,17:55:00,20.4,20.4,20.4,20.4,400,0
2014-11-24,19:15:00,20.2,20.2,20.2,20.2,200,0
2014-11-24,21:25:00,20.21,20.23,20.21,20.23,1400,0
2014-11-25,16:10:00,20.18,20.18,20.18,20.18,800,0
2014-11-26,16:10:00,19.89,19.89,19.89,19.89,100,0
2014-11-28,17:15:00,19.31,19.31,19.31,19.31,525,0
2014-12-01,16:00:00,19.42,19.42,19.42,19.42,100,0
2014-12-01,16:05:00,19.42,19.42,19.42,19.42,600,0
2014-12-02,16:45:00,19.34,19.38,19.34,19.38,600,0
2014-12-02,22:00:00,19.52,19.52,19.52,19.52,250,0
2014-12-05,19:45:00,19.56,19.56,19.56,19.56,300,0
2014-12-08,17:55:00,19.5,19.5,19.5,19.5,200,0
2014-12-09,15:40:00,19.5,19.5,19.5,19.5,1250,0
2014-12-09,19:30:00,19.67,19.67,19.67,19.67,400,0
2014-12-10,19:10:00,19.48,19.52,19.48,19.52,200,0
2014-12-10,19:15:00,19.49,19.49,19.49,19.49,296,0
2014-12-11,18:00:00,19.77,19.77,19.77,19.77,140,0
2014-12-12,17:05:00,19.79,19.79,19.79,19.79,200,0
2014-12-16,21:10:00,19.27,19.27,19.27,19.27,200,0
2014-12-16,21:30:00,19.26,19.26,19.26,19.26,394,0
2014-12-18,16:35:00,19.26,19.26,19.26,19.26,500,0
2014-12-18,17:25:00,19.15,19.2,19.15,19.2,500,0
2014-12-19,15:40:00,19.3,19.3,19.3,19.3,200,0
2014-12-19,16:30:00,19.49,19.49,19.49,19.49,560,0
2014-12-26,17:55:00,18.92,18.92,18.92,18.92,200,0
2014-12-29,15:35:00,19.0,19.0,19.0,19.0,1000,0
2014-12-29,15:40:00,19.06,19.06,19.06,19.06,100,0
2014-12-29,18:50:00,18.98,18.98,18.98,18.98,300,0
2014-12-29,19:35:00,19.08,19.08,19.08,19.08,420,0
2014-12-29,20:10:00,18.95,18.95,18.95,18.95,300,0
2014-12-29,20:25:00,19.05,19.09,19.05,19.09,2412,0
2014-12-30,15:35:00,19.24,19.24,19.24,19.24,200,0
2014-12-30,17:35:00,19.27,19.27,19.27,19.27,100,0
2014-12-30,19:45:00,19.26,19.26,19.26,19.26,400,0
2014-12-31,15:50:00,19.2,19.2,19.2,19.2,250,0
2014-12-31,17:25:00,19.02,19.02,19.02,19.02,250,0
2015-01-02,16:10:00,18.95,18.95,18.95,18.95,500,0
2015-01-02,16:40:00,18.9,18.9,18.9,18.9,500,0
2015-01-02,18:50:00,19.02,19.02,19.02,19.02,100,0
2015-01-06,20:25:00,18.71,18.71,18.71,18.71,100,0
2015-01-06,20:30:00,18.71,18.71,18.71,18.71,100,0
2015-01-06,20:35:00,18.69,18.69,18.69,18.69,100,0
2015-01-06,20:40:00,18.69,18.69,18.69,18.69,100,0
2015-01-06,20:45:00,18.74,18.74,18.74,18.74,121,0
2015-01-08,20:50:00,18.68,18.68,18.68,18.68,800,0
2015-01-09,16:30:00,18.61,18.61,18.61,18.61,800,0
2015-01-09,16:35:00,18.61,18.62,18.61,18.62,3800,0
2015-01-09,18:00:00,18.62,18.62,18.62,18.62,100,0
2015-01-09,19:05:00,18.6,18.61,18.6,18.61,300,0
2015-01-14,15:35:00,16.81,16.89,16.81,16.89,200,0
2015-01-14,15:40:00,17.0,17.0,17.0,17.0,400,0
2015-01-14,17:35:00,17.0,17.0,17.0,17.0,500,0
2015-01-14,18:40:00,16.98,16.98,16.98,16.98,600,0
2015-01-14,19:15:00,16.96,16.96,16.96,16.96,100,0
2015-01-14,20:05:00,16.92,16.92,16.92,16.92,200,0
2015-01-15,15:55:00,17.37,17.37,17.37,17.37,3000,0
2015-01-15,16:45:00,17.4,17.4,17.4,17.4,1500,0
2015-01-15,21:15:00,17.49,17.49,17.49,17.49,600,0
2015-01-16,16:10:00,17.46,17.46,17.46,17.46,100,0
2015-01-16,16:20:00,17.45,17.45,17.45,17.45,300,0
2015-01-16,16:25:00,17.45,17.45,17.45,17.45,200,0
2015-01-16,18:20:00,17.67,17.67,17.67,17.67,100,0
2015-01-16,19:15:00,17.82,17.83,17.82,17.83,700,0
2015-01-20,15:45:00,17.5,17.5,17.5,17.5,300,0
2015-01-20,20:25:00,17.57,17.57,17.57,17.57,600,0
2015-01-21,16:40:00,17.6,17.6,17.6,17.6,110,0
2015-01-21,16:50:00,17.6,17.6,17.6,17.6,100,0
2015-01-21,17:15:00,17.52,17.52,17.52,17.52,226,0
2015-01-22,16:35:00,17.42,17.42,17.4,17.4,1155,0
2015-01-23,15:35:00,17.1,17.1,17.1,17.1,305,0
2015-01-23,15:45:00,17.09,17.09,17.09,17.09,200,0
2015-01-23,16:05:00,17.04,17.04,17.04,17.04,1000,0
2015-01-23,16:10:00,17.0,17.0,17.0,17.0,300,0
2015-01-23,16:15:00,16.95,16.95,16.95,16.95,400,0
2015-01-23,16:30:00,16.98,16.98,16.98,16.98,1000,0
2015-01-23,17:30:00,16.91,16.91,16.91,16.91,100,0
2015-01-26,15:45:00,16.96,16.96,16.96,16.96,100,0
2015-01-26,16:30:00,17.09,17.09,17.09,17.09,450,0
2015-01-26,17:05:00,17.08,17.08,17.08,17.08,100,0
2015-01-26,17:10:00,17.06,17.06,17.06,17.06,680,0
2015-01-27,15:35:00,16.92,16.92,16.92,16.92,400,0
2015-01-27,16:45:00,16.75,16.75,16.66,16.66,200,0
2015-01-27,17:25:00,16.67,16.67,16.65,16.65,1600,0
2015-01-27,22:00:00,16.73,16.73,16.73,16.73,100,0
2015-01-28,15:40:00,16.83,16.83,16.8,16.8,400,0
2015-01-28,15:45:00,16.82,16.82,16.82,16.82,600,0
2015-01-28,20:10:00,16.8,16.8,16.8,16.8,200,0
2015-01-28,20:15:00,16.75,16.75,16.75,16.75,600,0
2015-01-29,16:25:00,16.74,16.74,16.74,16.74,2000,0
2015-01-29,21:30:00,16.68,16.68,16.68,16.68,1586,0
2015-02-03,15:45:00,17.28,17.29,17.28,17.29,200,0
2015-02-03,15:55:00,17.21,17.21,17.21,17.21,600,0
2015-02-03,16:10:00,17.29,17.29,17.29,17.29,400,0
2015-02-03,16:40:00,17.34,17.34,17.34,17.34,600,0
2015-02-05,20:00:00,17.57,17.57,17.57,17.57,190,0
2015-02-06,15:55:00,17.5,17.5,17.5,17.5,285,0
2015-02-06,16:15:00,17.53,17.53,17.53,17.53,328,0
2015-02-06,16:25:00,17.55,17.55,17.55,17.55,160,0
2015-02-06,17:00:00,17.42,17.42,17.42,17.42,100,0
2015-02-09,19:05:00,17.52,17.52,17.52,17.52,300,0
2015-02-10,17:10:00,17.29,17.29,17.29,17.29,200,0
2015-02-11,15:45:00,17.36,17.36,17.36,17.36,100,0
2015-02-12,17:15:00,17.52,17.52,17.52,17.52,100,0
2015-02-12,18:15:00,17.7,17.7,17.7,17.7,100,0
2015-02-12,20:50:00,17.69,17.69,17.69,17.69,169,0
2015-02-17,16:35:00,17.28,17.28,17.28,17.28,600,0
2015-02-17,18:20:00,17.3,17.3,17.3,17.3,230,0
2015-02-18,16:00:00,17.83,17.83,17.83,17.83,100,0
2015-02-18,16:15:00,17.67,17.67,17.67,17.67,200,0
2015-02-18,19:15:00,17.62,17.62,17.62,17.62,200,0
2015-02-19,16:05:00,17.49,17.49,17.49,17.49,2200,0
2015-02-19,17:45:00,17.59,17.59,17.59,17.59,500,0
2015-02-19,18:00:00,17.69,17.69,17.69,17.69,139,0
2015-02-19,19:40:00,17.72,17.72,17.72,17.72,300,0
2015-02-19,20:25:00,17.72,17.72,17.72,17.72,1500,0
2015-02-19,21:50:00,17.66,17.66,17.66,17.66,238,0
2015-02-20,16:25:00,17.47,17.53,17.47,17.53,238,0
2015-02-20,17:55:00,17.54,17.54,17.54,17.54,4000,0
2015-02-23,16:20:00,17.41,17.41,17.41,17.41,110,0
2015-02-23,19:25:00,17.45,17.45,17.45,17.45,250,0
2015-02-25,20:00:00,18.02,18.02,17.9,17.9,417,0
2015-02-25,20:10:00,17.9,17.9,17.9,17.9,600,0
2015-02-25,21:50:00,17.98,17.98,17.98,17.98,107,0
2015-02-26,15:50:00,18.16,18.16,18.16,18.16,480,0
2015-02-26,17:00:00,18.2,18.21,18.2,18.2,3600,0
2015-02-26,20:20:00,18.4,18.56,18.4,18.56,500,0
2015-02-27,16:05:00,17.98,17.98,17.98,17.98,380,0
2015-03-03,16:50:00,17.98,17.98,17.98,17.98,100,0
2015-03-03,19:55:00,17.98,17.98,17.98,17.98,100,0
2015-03-05,16:10:00,17.98,17.98,17.98,17.98,2000,0
2015-03-05,16:55:00,18.028,18.028,18.028,18.028,278,0
2015-03-05,21:45:00,18.02,18.02,18.02,18.02,200,0
2015-03-06,19:25:00,17.6899,17.6899,17.6899,17.6899,300,0
2015-03-06,20:30:00,17.6564,17.6564,17.6564,17.6564,282,0
2015-03-09,17:50:00,17.9701,17.9701,17.9701,17.9701,100,0
2015-03-09,21:00:00,18.051,18.051,18.051,18.051,150,0
2015-03-10,17:35:00,17.74,17.74,17.62,17.62,708,0
2015-03-11,14:35:00,17.67,17.67,17.67,17.67,300,0
2015-03-11,20:50:00,17.6692,17.69,17.6692,17.69,523,0
2015-03-13,16:05:00,17.95,17.95,17.95,17.95,200,0
2015-03-13,16:50:00,17.9,17.9,17.9,17.9,300,0
2015-03-13,20:40:00,18.09,18.09,18.09,18.09,100,0
2015-03-17,15:45:00,17.83,17.83,17.83,17.83,100,0
2015-03-17,18:30:00,17.91,17.91,17.91,17.91,209,0
2015-03-18,14:35:00,17.55,17.55,17.55,17.55,200,0
2015-03-18,15:25:00,17.43,17.43,17.43,17.43,100,0
2015-03-18,18:30:00,17.4,17.4,17.4,17.4,589,0
2015-03-18,19:25:00,17.5,17.5,17.5,17.5,100,0
2015-03-18,20:20:00,17.5201,17.5201,17.52,17.52,558,0
2015-03-20,14:35:00,17.53,18.22,17.53,18.22,335,0
2015-03-20,15:05:00,18.3,18.3,18.3,18.3,200,0
2015-03-20,19:35:00,18.29,18.29,18.29,18.29,285,0
2015-03-23,19:00:00,18.9399,18.9399,18.9399,18.9399,135,0
2015-03-23,19:25:00,18.87,18.87,18.87,18.87,300,0
2015-03-23,20:20:00,19.08,19.08,19.08,19.08,3000,0
2015-03-23,20:40:00,19.47,19.47,19.47,19.47,100,0
2015-03-24,19:25:00,18.91,18.91,18.86,18.86,300,0
2015-03-26,14:35:00,18.98,18.98,18.98,18.98,560,0
2015-03-26,16:05:00,19.062,19.062,19.062,19.062,105,0
2015-03-30,16:45:00,18.81,18.86,18.81,18.86,1100,0
2015-03-30,17:25:00,18.8,18.8,18.8,18.8,100,0
2015-03-31,17:50:00,18.7,18.7,18.7,18.7,500,0
2015-03-31,18:55:00,18.5508,18.5508,18.5508,18.5508,1000,0
2015-03-31,19:00:00,18.5754,18.5754,18.5754,18.5754,500,0
2015-03-31,19:25:00,18.5644,18.5644,18.5644,18.5644,296,0
2015-03-31,20:05:00,18.566,18.59,18.566,18.59,250,0
2015-04-01,15:55:00,18.4281,18.4281,18.4281,18.4281,1500,0
2015-04-02,17:55:00,18.43,18.43,18.43,18.43,100,0
2015-04-02,18:55:00,18.42,18.43,18.42,18.43,1000,0
2015-04-02,21:55:00,18.43,18.43,18.43,18.43,1,0
2015-04-07,18:40:00,18.7056,18.7056,18.7056,18.7056,142,0
2015-04-07,21:50:00,18.6608,18.6608,18.6608,18.6608,537,0
2015-04-08,19:40:00,18.44,18.44,18.44,18.44,300,0
2015-04-08,19:45:00,18.44,18.44,18.44,18.44,54,0
2015-04-08,20:40:00,18.44,18.44,18.44,18.44,22,0
2015-04-08,21:40:00,18.44,18.44,18.44,18.44,16,0
2015-04-10,18:15:00,18.4701,18.4701,18.4701,18.4701,400,0
2015-04-10,20:10:00,18.5499,18.5499,18.5499,18.5499,300,0
2015-04-10,21:05:00,18.5499,18.5499,18.5499,18.5499,11,0
2015-04-10,21:50:00,18.5499,18.5499,18.5499,18.5499,41,0
2015-04-10,22:00:00,18.5499,18.5499,18.5499,18.5499,27,0
2015-04-13,17:15:00,18.44,18.44,18.44,18.44,100,0
2015-04-14,16:00:00,17.971,17.98,17.971,17.98,200,0
2015-04-14,16:25:00,17.98,17.98,17.98,17.98,57,0
2015-04-14,16:30:00,17.98,17.98,17.98,17.98,1,0
2015-04-14,19:50:00,17.98,17.98,17.98,17.98,50,0
2015-04-14,21:15:00,17.98,17.98,17.98,17.98,42,0
2015-04-14,21:35:00,17.98,17.98,17.98,17.98,29,0
2015-04-15,15:45:00,18.11,18.11,18.11,18.11,200,0
2015-04-15,16:30:00,18.11,18.11,18.11,18.11,50,0
2015-04-15,18:00:00,18.224,18.224,18.224,18.224,500,0
2015-04-15,18:05:00,18.1701,18.27,18.1701,18.27,1000,0
2015-04-15,21:30:00,18.27,18.27,18.27,18.27,45,0
2015-04-16,17:00:00,18.68,18.682,18.68,18.682,580,0
2015-04-16,19:35:00,18.682,18.682,18.682,18.682,50,0
2015-04-16,19:40:00,18.6564,18.6564,18.6564,18.6564,150,0
2015-04-20,16:55:00,18.456,18.456,18.456,18.456,200,0
2015-04-20,17:45:00,18.4684,18.4684,18.4684,18.4684,50,0
2015-04-20,20:45:00,18.44,18.44,18.44,18.44,2,0
2015-04-20,21:45:00,18.3239,18.3239,18.3239,18.3239,43,0
2015-04-21,19:45:00,18.21,18.21,18.21,18.21,502,0
2015-04-21,20:35:00,18.2699,18.2699,18.2699,18.2699,2,0
2015-04-22,16:55:00,18.198,18.198,18.198,18.198,100,0
2015-04-22,17:25:00,18.1587,18.1587,18.1587,18.1587,500,0
2015-04-22,17:55:00,18.11,18.11,18.11,18.11,1000,0
2015-04-22,18:05:00,18.11,18.11,18.11,18.11,1000,0
2015-04-22,19:35:00,18.0544,18.0544,18.0544,18.0544,104,0
2015-04-23,15:40:00,18.18,18.18,18.18,18.18,100,0
2015-04-23,16:10:00,18.253,18.253,18.253,18.253,100,0
2015-04-23,19:20:00,18.36,18.36,18.36,18.36,162,0
2015-04-27,21:30:00,18.749,18.749,18.749,18.749,430,0
2015-04-29,15:35:00,18.68,18.68,18.68,18.68,640,0
2015-04-29,15:45:00,18.77,18.77,18.77,18.77,100,0
2015-04-29,17:00:00,18.83,18.83,18.83,18.83,100,0
2015-04-29,20:05:00,18.88,18.88,18.88,18.88,123,0
2015-04-29,20:45:00,18.85,18.85,18.85,18.85,100,0
2015-04-30,16:05:00,19.24,19.24,19.24,19.24,200,0
2015-04-30,16:45:00,19.4085,19.4085,19.4085,19.4085,206,0
2015-04-30,17:35:00,19.483,19.483,19.483,19.483,128,0
2015-04-30,19:05:00,19.5,19.5,19.5,19.5,300,0
2015-04-30,19:20:00,19.37,19.37,19.36,19.37,1100,0
2015-05-01,15:35:00,19.72,19.72,19.56,19.56,504,0
2015-05-01,16:40:00,19.69,19.69,19.69,19.69,1000,0
2015-05-01,18:45:00,19.839,19.839,19.839,19.839,100,0
2015-05-01,18:50:00,19.8499,19.8499,19.8499,19.8499,100,0
2015-05-04,16:25:00,19.636,19.636,19.636,19.636,250,0
2015-05-04,18:05:00,19.63,19.63,19.63,19.63,400,0
2015-05-04,18:55:00,19.636,19.636,19.636,19.636,320,0
2015-05-05,16:10:00,19.72,19.72,19.72,19.72,100,0
2015-05-05,17:10:00,19.79,19.79,19.79,19.79,100,0
2015-05-05,18:45:00,19.8535,19.8535,19.8535,19.8535,100,0
2015-05-05,21:30:00,19.79,19.79,19.79,19.79,300,0
2015-05-06,15:45:00,19.8,19.8,19.8,19.8,200,0
2015-05-06,17:05:00,19.7184,19.7184,19.7184,19.7184,122,0
2015-05-06,20:00:00,19.6642,19.6642,19.6642,19.6642,250,0
2015-05-07,19:50:00,19.64,19.64,19.64,19.64,100,0
2015-05-08,17:05:00,19.64,19.64,19.64,19.64,270,0
2015-05-12,19:15:00,19.7101,19.7101,19.7101,19.7101,100,0
2015-05-13,20:10:00,19.7184,19.7184,19.7184,19.7184,200,0
2015-05-14,17:35:00,19.71,19.71,19.71,19.71,200,0
2015-05-18,19:35:00,19.656,19.656,19.656,19.656,128,0
2015-05-19,15:35:00,19.44,19.44,19.44,19.44,187,0
2015-05-19,18:45:00,19.1,19.1,19.1,19.1,300,0
2015-05-19,21:10:00,19.1,19.1,19.1,19.1,300,0
2015-05-20,15:35:00,19.11,19.11,19.11,19.11,225,0
2015-05-20,16:40:00,19.1,19.1,19.1,19.1,782,0
2015-05-20,19:45:00,19.03,19.03,19.03,19.03,100,0
2015-05-21,17:25:00,19.312,19.312,19.312,19.312,100,0
2015-05-22,16:30:00,19.0399,19.0399,19.0399,19.0399,200,0
2015-05-22,20:55:00,18.95,18.95,18.85,18.85,500,0
2015-05-22,21:00:00,18.875,18.875,18.875,18.875,100,0
2015-05-27,15:35:00,18.9,18.9,18.9,18.9,600,0
2015-05-29,16:35:00,18.5401,18.5401,18.5401,18.5401,200,0
2015-05-29,17:25:00,18.5,18.5,18.5,18.5,1200,0
2015-06-01,15:50:00,18.5,18.5,18.5,18.5,200,0
2015-06-03,21:45:00,18.4799,18.4799,18.4799,18.4799,676,0
2015-06-04,15:40:00,18.31,18.31,18.31,18.31,173,0
2015-06-04,17:10:00,18.1301,18.1301,18.1301,18.1301,100,0
2015-06-09,16:00:00,18.45,18.45,18.45,18.45,300,0
2015-06-15,15:35:00,17.93,17.93,17.93,17.93,540,0
2015-06-15,15:50:00,17.87,17.87,17.87,17.87,100,0
2015-06-15,16:05:00,17.83,17.83,17.83,17.83,100,0
2015-06-19,19:00:00,16.9561,16.9561,16.9561,16.9561,400,0
2015-06-22,15:35:00,17.04,17.04,17.04,17.04,100,0
2015-06-23,15:35:00,17.48,17.6,17.48,17.6,595,0
2015-06-24,15:55:00,17.919,17.92,17.919,17.92,2680,0
2015-06-24,16:45:00,17.8982,17.8982,17.8982,17.8982,220,0
2015-06-24,17:50:00,17.649,17.649,17.649,17.649,200,0
2015-06-24,19:10:00,17.674,17.674,17.674,17.674,100,0
2015-06-24,21:35:00,17.611,17.611,17.611,17.611,140,0
2015-06-26,18:10:00,19.304,19.304,19.304,19.304,260,0
2015-06-30,15:50:00,17.54,17.54,17.54,17.54,171,0
2015-06-30,16:25:00,17.52,17.52,17.52,17.52,200,0
2015-06-30,17:00:00,17.4944,17.4944,17.4944,17.4944,100,0
2015-06-30,19:55:00,17.687,17.687,17.687,17.687,100,0
2015-07-01,16:20:00,17.72,17.72,17.72,17.72,800,0
2015-07-01,16:45:00,17.83,17.83,17.824,17.824,420,0
2015-07-01,17:55:00,17.77,17.77,17.77,17.77,300,0
2015-07-01,19:55:00,17.78,17.78,17.78,17.78,100,0
2015-07-01,20:05:00,17.8,17.81,17.8,17.81,561,0
2015-07-02,16:00:00,17.84,17.84,17.84,17.84,100,0
2015-07-02,16:35:00,17.89,17.89,17.89,17.89,100,0
2015-07-02,16:50:00,17.8,17.8,17.8,17.8,100,0
2015-07-02,18:30:00,17.85,17.85,17.85,17.85,231,0
2015-07-06,15:35:00,17.8,17.8,17.25,17.25,300,0
2015-07-06,15:40:00,17.15,17.15,17.15,17.15,100,0
2015-07-06,16:30:00,17.1387,17.1387,17.1387,17.1387,200,0
2015-07-06,17:00:00,17.1364,17.1364,17.1364,17.1364,320,0
2015-07-06,17:15:00,17.1,17.1,17.1,17.1,625,0
2015-07-06,19:10:00,17.1899,17.1899,17.1899,17.1899,1000,0
2015-07-06,19:40:00,17.13,17.1399,17.01,17.1399,300,0
2015-07-07,15:35:00,16.55,16.55,16.55,16.55,600,0
2015-07-07,16:15:00,16.3801,16.388,16.31,16.388,2677,0
2015-07-07,16:25:00,16.25,16.25,16.25,16.25,300,0
2015-07-07,17:30:00,16.2176,16.2176,16.2176,16.2176,1000,0
2015-07-07,17:45:00,16.23,16.24,16.2299,16.2399,1800,0
2015-07-07,17:55:00,16.25,16.25,16.25,16.25,100,0
2015-07-07,19:05:00,16.58,16.58,16.58,16.58,100,0
2015-07-08,16:40:00,16.89,16.89,16.89,16.89,500,0
2015-07-09,15:35:00,17.21,17.21,17.21,17.21,101,0
2015-07-09,15:45:00,17.22,17.22,17.22,17.22,600,0
2015-07-09,17:50:00,17.34,17.34,17.34,17.34,100,0
2015-07-09,19:50:00,17.2,17.2,17.2,17.2,500,0
2015-07-10,15:45:00,17.12,17.12,17.12,17.12,130,0
2015-07-10,16:15:00,17.09,17.09,17.09,17.09,750,0
2015-07-13,18:05:00,17.17,17.17,17.17,17.17,200,0
2015-07-13,20:20:00,17.21,17.22,17.21,17.22,953,0
2015-07-13,21:15:00,17.1944,17.1944,17.1944,17.1944,200,0
2015-07-13,21:25:00,17.2044,17.2044,17.2044,17.2044,200,0
2015-07-13,21:30:00,17.2044,17.2044,17.2044,17.2044,200,0
2015-07-13,21:50:00,17.2028,17.2028,17.2028,17.2028,100,0
2015-07-13,21:55:00,17.2044,17.2044,17.2028,17.2028,200,0
2015-07-14,21:35:00,17.16,17.16,17.16,17.16,100,0
2015-07-16,16:20:00,17,17,17,17,100,0
2015-07-16,17:00:00,17,17,17,17,1000,0
2015-07-16,17:40:00,17,17,17,17,800,0
2015-07-17,16:55:00,16.87,16.87,16.87,16.87,100,0
2015-07-17,17:20:00,16.82,16.82,16.82,16.82,150,0
2015-07-17,17:55:00,16.85,16.85,16.85,16.85,600,0
2015-07-20,15:50:00,16.68,16.7999,16.68,16.68,207,0
2015-07-20,16:00:00,16.6401,16.6401,16.6401,16.6401,16,0
2015-07-20,16:10:00,16.6216,16.6216,16.6216,16.6216,191,0
2015-07-20,16:15:00,16.66,16.66,16.66,16.66,20,0
2015-07-20,16:30:00,16.6501,16.6501,16.6501,16.6501,32,0
2015-07-21,15:50:00,16.72,16.72,16.72,16.72,100,0
2015-07-21,16:30:00,16.6601,16.6601,16.6601,16.6601,200,0
2015-07-22,15:35:00,16.42,16.42,16.42,16.42,100,0
2015-07-22,17:55:00,16.3873,16.3873,16.3873,16.3873,109,0
2015-07-22,22:00:00,16.4,16.4,16.4,16.4,100,0
2015-07-23,16:15:00,16.35,16.35,16.35,16.35,615,0
2015-07-23,18:10:00,16.1,16.1,16.1,16.1,1100,0
2015-07-27,15:35:00,15.85,15.85,15.85,15.85,200,0
2015-07-27,19:00:00,15.9,15.9,15.9,15.9,200,0
2015-07-28,19:30:00,16.238,16.238,16.238,16.238,280,0
2015-07-29,16:35:00,16.15,16.15,16.15,16.15,176,0
2015-07-29,18:50:00,16.19,16.19,16.19,16.19,150,0
2015-07-29,20:15:00,16.1519,16.1519,16.1519,16.1519,110,0
2015-08-03,16:00:00,15.847,15.847,15.847,15.847,200,0
2015-08-05,17:35:00,15.91,15.91,15.865,15.865,757,0
2015-08-05,20:15:00,15.772,15.772,15.772,15.772,114,0
2015-08-06,16:05:00,15.85,15.85,15.85,15.85,500,0
2015-08-06,22:00:00,15.8565,15.8565,15.8565,15.8565,300,0
2015-08-07,15:35:00,15.8,15.8,15.8,15.8,100,0
2015-08-07,16:15:00,15.839,15.839,15.839,15.839,250,0
2015-08-07,18:20:00,15.6801,15.6801,15.6801,15.6801,315,0
2015-08-07,21:10:00,15.73,15.73,15.73,15.73,209,0
