Date,Time,Open,High,Low,Close,Volume,OpenInt
2015-07-21,15:35:00,42.86,42.86,42.84,42.84,11773,0
2015-07-21,15:40:00,42.81,42.81,42.81,42.81,12066,0
2015-07-21,15:45:00,42.82,42.84,42.8104,42.8104,500,0
2015-07-21,15:50:00,42.81,42.8799,42.81,42.8799,311,0
2015-07-21,15:55:00,42.82,42.835,42.82,42.83,1700,0
2015-07-21,16:00:00,42.7656,42.7656,42.7656,42.7656,163,0
2015-07-21,16:05:00,42.77,42.77,42.77,42.77,600,0
2015-07-21,16:10:00,42.79,42.79,42.74,42.74,300,0
2015-07-21,16:15:00,42.7632,42.7799,42.7632,42.7799,1811,0
2015-07-21,16:20:00,42.75,42.7795,42.75,42.7795,400,0
2015-07-21,16:25:00,42.78,42.78,42.78,42.78,1000,0
2015-07-21,16:30:00,42.7853,42.79,42.77,42.77,400,0
2015-07-21,16:35:00,42.79,42.79,42.741,42.741,730,0
2015-07-21,16:40:00,42.734,42.738,42.734,42.738,320,0
2015-07-21,16:45:00,42.74,42.76,42.74,42.76,2600,0
2015-07-21,16:55:00,42.71,42.71,42.65,42.65,475,0
2015-07-21,17:00:00,42.69,42.7158,42.69,42.71,1201,0
2015-07-21,17:05:00,42.69,42.709,42.69,42.7,5122,0
2015-07-21,17:10:00,42.6642,42.6899,42.65,42.65,1010,0
2015-07-21,17:15:00,42.62,42.64,42.62,42.64,327,0
2015-07-21,17:20:00,42.63,42.635,42.63,42.63,5650,0
2015-07-21,17:25:00,42.5501,42.59,42.5501,42.59,2267,0
2015-07-21,17:35:00,42.66,42.67,42.655,42.655,300,0
2015-07-21,17:40:00,42.6695,42.6695,42.6695,42.6695,170,0
2015-07-21,17:45:00,42.64,42.6791,42.64,42.6791,1570,0
2015-07-21,17:50:00,42.6799,42.6799,42.6476,42.6476,1036,0
2015-07-21,17:55:00,42.67,42.675,42.67,42.675,200,0
2015-07-21,18:00:00,42.646,42.646,42.6235,42.6235,787,0
2015-07-21,18:05:00,42.654,42.654,42.654,42.654,112,0
2015-07-21,18:10:00,42.6896,42.6896,42.6896,42.6896,121,0
2015-07-21,18:15:00,42.65,42.67,42.6443,42.6443,1996,0
2015-07-21,18:25:00,42.66,42.66,42.6538,42.6538,200,0
2015-07-21,18:30:00,42.6501,42.67,42.6501,42.67,899,0
2015-07-21,18:40:00,42.66,42.66,42.66,42.66,100,0
2015-07-21,18:50:00,42.64,42.6499,42.63,42.63,1038,0
2015-07-21,18:55:00,42.6,42.6,42.5192,42.598,4961,0
2015-07-21,19:00:00,42.595,42.5999,42.57,42.57,875,0
2015-07-21,19:05:00,42.56,42.56,42.5001,42.5001,5600,0
2015-07-21,19:10:00,42.522,42.57,42.522,42.57,770,0
2015-07-21,19:15:00,42.5001,42.57,42.5001,42.55,7264,0
2015-07-21,19:20:00,42.558,42.59,42.518,42.518,388,0
2015-07-21,19:25:00,42.5235,42.57,42.5235,42.57,1418,0
2015-07-21,19:30:00,42.57,42.58,42.57,42.58,244,0
2015-07-21,19:35:00,42.55,42.55,42.55,42.55,100,0
2015-07-21,19:40:00,42.5207,42.5865,42.5207,42.5207,1572,0
2015-07-21,19:45:00,42.585,42.585,42.5408,42.5408,294,0
2015-07-21,19:50:00,42.5788,42.6299,42.5788,42.62,435,0
2015-07-21,19:55:00,42.5601,42.623,42.5601,42.5824,2354,0
2015-07-21,20:00:00,42.6293,42.6299,42.6293,42.6299,583,0
2015-07-21,20:10:00,42.6015,42.61,42.56,42.56,2479,0
2015-07-21,20:15:00,42.58,42.58,42.5655,42.58,483,0
2015-07-21,20:20:00,42.5899,42.5899,42.574,42.5899,926,0
2015-07-21,20:25:00,42.6,42.6,42.59,42.59,700,0
2015-07-21,20:30:00,42.62,42.62,42.62,42.62,400,0
2015-07-21,20:35:00,42.63,42.68,42.63,42.63,1535,0
2015-07-21,20:40:00,42.67,42.68,42.63,42.63,3500,0
2015-07-21,20:45:00,42.5901,42.5901,42.5901,42.5901,187,0
2015-07-21,20:50:00,42.62,42.66,42.62,42.6475,650,0
2015-07-21,20:55:00,42.63,42.63,42.58,42.58,529,0
2015-07-21,21:00:00,42.61,42.647,42.61,42.647,2700,0
2015-07-21,21:05:00,42.6499,42.65,42.6499,42.65,640,0
2015-07-21,21:10:00,42.62,42.62,42.62,42.62,100,0
2015-07-21,21:15:00,42.65,42.68,42.648,42.68,710,0
2015-07-21,21:20:00,42.689,42.689,42.689,42.689,398,0
2015-07-21,21:25:00,42.65,42.69,42.65,42.65,936,0
2015-07-21,21:30:00,42.69,42.69,42.65,42.68,855,0
2015-07-21,21:35:00,42.66,42.68,42.65,42.68,491,0
2015-07-21,21:40:00,42.69,42.7,42.69,42.6995,33526,0
2015-07-21,21:45:00,42.69,42.69,42.66,42.66,304,0
2015-07-21,21:55:00,42.7,42.75,42.7,42.75,3245,0
2015-07-21,22:00:00,42.71,42.73,42.68,42.68,12523,0
2015-07-22,15:35:00,42.38,42.48,42.38,42.48,5264,0
2015-07-22,15:40:00,42.4599,42.47,42.4599,42.47,673,0
2015-07-22,15:45:00,42.56,42.56,42.56,42.56,100,0
2015-07-22,15:50:00,42.51,42.51,42.49,42.49,400,0
2015-07-22,15:55:00,42.47,42.47,42.47,42.47,174,0
2015-07-22,16:00:00,42.5408,42.5408,42.5408,42.5408,560,0
2015-07-22,16:10:00,42.6,42.6,42.58,42.58,200,0
2015-07-22,16:25:00,42.63,42.63,42.63,42.63,100,0
2015-07-22,16:30:00,42.6,42.6099,42.586,42.6099,1733,0
2015-07-22,16:35:00,42.58,42.585,42.575,42.585,300,0
2015-07-22,16:40:00,42.59,42.6117,42.59,42.59,1841,0
2015-07-22,16:50:00,42.57,42.57,42.57,42.57,217,0
2015-07-22,16:55:00,42.55,42.574,42.55,42.574,1302,0
2015-07-22,17:05:00,42.57,42.57,42.553,42.553,504,0
2015-07-22,17:10:00,42.57,42.58,42.57,42.58,300,0
2015-07-22,17:15:00,42.5858,42.5858,42.57,42.57,200,0
2015-07-22,17:20:00,42.56,42.56,42.56,42.56,1200,0
2015-07-22,17:25:00,42.56,42.56,42.56,42.56,100,0
2015-07-22,17:30:00,42.565,42.565,42.55,42.55,200,0
2015-07-22,17:35:00,42.5,42.56,42.5,42.56,1200,0
2015-07-22,17:40:00,42.565,42.5696,42.56,42.56,960,0
2015-07-22,17:45:00,42.57,42.605,42.57,42.605,200,0
2015-07-22,17:50:00,42.58,42.58,42.58,42.58,100,0
2015-07-22,17:55:00,42.59,42.59,42.585,42.587,899,0
2015-07-22,18:00:00,42.54,42.5857,42.54,42.5857,430,0
2015-07-22,18:05:00,42.62,42.62,42.62,42.62,1716,0
2015-07-22,18:15:00,42.596,42.596,42.596,42.596,1000,0
2015-07-22,18:20:00,42.59,42.59,42.59,42.59,100,0
2015-07-22,18:25:00,42.59,42.59,42.59,42.59,100,0
2015-07-22,18:30:00,42.6,42.6,42.6,42.6,100,0
2015-07-22,18:35:00,42.595,42.6,42.575,42.575,688,0
2015-07-22,18:40:00,42.58,42.582,42.58,42.582,351,0
2015-07-22,18:50:00,42.5908,42.6,42.5501,42.5501,1502,0
2015-07-22,18:55:00,42.5506,42.58,42.5506,42.58,200,0
2015-07-22,19:05:00,42.6,42.64,42.6,42.64,7325,0
2015-07-22,19:10:00,42.576,42.62,42.576,42.6077,7901,0
2015-07-22,19:15:00,42.615,42.615,42.615,42.615,304,0
2015-07-22,19:20:00,42.575,42.61,42.5501,42.59,8942,0
2015-07-22,19:30:00,42.603,42.603,42.603,42.603,250,0
2015-07-22,19:35:00,42.59,42.59,42.59,42.59,100,0
2015-07-22,19:45:00,42.6,42.6,42.6,42.6,100,0
2015-07-22,19:55:00,42.5899,42.5899,42.582,42.582,423,0
2015-07-22,20:00:00,42.58,42.58,42.57,42.57,1051,0
2015-07-22,20:05:00,42.5704,42.58,42.5704,42.58,1650,0
2015-07-22,20:15:00,42.57,42.57,42.57,42.57,300,0
2015-07-22,20:20:00,42.59,42.6,42.56,42.59,5800,0
2015-07-22,20:30:00,42.61,42.6106,42.6,42.6106,500,0
2015-07-22,20:35:00,42.6038,42.6038,42.6038,42.6038,185,0
2015-07-22,20:40:00,42.6,42.61,42.595,42.605,2322,0
2015-07-22,20:45:00,42.59,42.595,42.58,42.595,700,0
2015-07-22,20:50:00,42.5795,42.5795,42.5795,42.5795,100,0
2015-07-22,20:55:00,42.579,42.579,42.579,42.579,168,0
2015-07-22,21:00:00,42.5855,42.61,42.5855,42.6,3538,0
2015-07-22,21:05:00,42.5801,42.5801,42.58,42.58,591,0
2015-07-22,21:10:00,42.5896,42.5896,42.5896,42.5896,143,0
2015-07-22,21:15:00,42.6,42.6,42.59,42.59,4100,0
2015-07-22,21:20:00,42.56,42.56,42.56,42.56,100,0
2015-07-22,21:25:00,42.57,42.58,42.57,42.58,600,0
2015-07-22,21:30:00,42.58,42.58,42.5504,42.57,1020,0
2015-07-22,21:35:00,42.545,42.55,42.545,42.55,350,0
2015-07-22,21:45:00,42.565,42.565,42.555,42.555,284,0
2015-07-22,21:50:00,42.55,42.555,42.55,42.555,1000,0
2015-07-22,21:55:00,42.57,42.57,42.56,42.56,751,0
2015-07-22,22:00:00,42.56,42.59,42.5547,42.56,1564,0
2015-07-23,15:35:00,42.69,42.69,42.69,42.69,5401,0
2015-07-23,15:40:00,42.74,42.74,42.7,42.7,817,0
2015-07-23,15:45:00,42.7,42.7,42.7,42.7,600,0
2015-07-23,15:50:00,42.628,42.628,42.628,42.628,270,0
2015-07-23,16:00:00,42.64,42.64,42.64,42.64,100,0
2015-07-23,16:05:00,42.6404,42.6404,42.59,42.59,521,0
2015-07-23,16:20:00,42.68,42.68,42.6585,42.67,1206,0
2015-07-23,16:25:00,42.6999,42.7,42.695,42.7,700,0
2015-07-23,16:30:00,42.69,42.69,42.68,42.68,217,0
2015-07-23,16:40:00,42.71,42.71,42.69,42.71,2317,0
2015-07-23,16:45:00,42.6964,42.73,42.6964,42.72,8640,0
2015-07-23,16:50:00,42.71,42.71,42.69,42.69,3604,0
2015-07-23,16:55:00,42.68,42.6855,42.68,42.68,993,0
2015-07-23,17:00:00,42.69,42.7,42.689,42.69,4044,0
2015-07-23,17:05:00,42.69,42.7,42.69,42.7,600,0
2015-07-23,17:10:00,42.7,42.7182,42.7,42.7182,300,0
2015-07-23,17:15:00,42.685,42.685,42.685,42.685,140,0
2015-07-23,17:20:00,42.66,42.66,42.66,42.66,400,0
2015-07-23,17:30:00,42.57,42.57,42.57,42.57,100,0
2015-07-23,17:35:00,42.57,42.57,42.57,42.57,470,0
2015-07-23,17:40:00,42.61,42.61,42.61,42.61,117,0
2015-07-23,17:45:00,42.5801,42.61,42.5801,42.61,420,0
2015-07-23,17:50:00,42.61,42.61,42.6018,42.6018,493,0
2015-07-23,17:55:00,42.605,42.6075,42.6,42.6,349,0
2015-07-23,18:00:00,42.58,42.58,42.58,42.58,352,0
2015-07-23,18:05:00,42.5799,42.5799,42.56,42.56,350,0
2015-07-23,18:10:00,42.55,42.55,42.53,42.5499,2342,0
2015-07-23,18:15:00,42.52,42.52,42.52,42.52,1285,0
2015-07-23,18:20:00,42.5,42.5,42.4803,42.4803,600,0
2015-07-23,18:25:00,42.5299,42.5299,42.48,42.514,7741,0
2015-07-23,18:30:00,42.5224,42.5699,42.5001,42.5001,6830,0
2015-07-23,18:35:00,42.545,42.545,42.545,42.545,100,0
2015-07-23,18:40:00,42.5215,42.53,42.5215,42.53,360,0
2015-07-23,18:50:00,42.496,42.5114,42.496,42.5114,287,0
2015-07-23,18:55:00,42.5199,42.5199,42.5199,42.5199,194,0
2015-07-23,19:00:00,42.528,42.528,42.51,42.51,1000,0
2015-07-23,19:10:00,42.5479,42.5544,42.54,42.5544,966,0
2015-07-23,19:20:00,42.52,42.53,42.52,42.53,3138,0
2015-07-23,19:25:00,42.52,42.52,42.52,42.52,200,0
2015-07-23,19:30:00,42.505,42.517,42.4995,42.515,2793,0
2015-07-23,19:35:00,42.4938,42.4938,42.4938,42.4938,1081,0
2015-07-23,19:40:00,42.48,42.48,42.48,42.48,100,0
2015-07-23,19:50:00,42.5072,42.5199,42.5072,42.5199,645,0
2015-07-23,19:55:00,42.53,42.54,42.5065,42.5065,6051,0
2015-07-23,20:00:00,42.5259,42.5259,42.5259,42.5259,249,0
2015-07-23,20:05:00,42.4825,42.53,42.4825,42.53,11114,0
2015-07-23,20:10:00,42.53,42.53,42.51,42.53,2255,0
2015-07-23,20:15:00,42.496,42.52,42.496,42.518,2675,0
2015-07-23,20:20:00,42.51,42.52,42.49,42.52,2566,0
2015-07-23,20:25:00,42.52,42.52,42.4801,42.5,1310,0
2015-07-23,20:30:00,42.5099,42.5099,42.5004,42.5004,324,0
2015-07-23,20:35:00,42.49,42.51,42.4829,42.51,1963,0
2015-07-23,20:40:00,42.5,42.52,42.5,42.52,2750,0
2015-07-23,20:45:00,42.52,42.52,42.5003,42.5003,630,0
2015-07-23,20:50:00,42.53,42.53,42.53,42.53,100,0
2015-07-23,20:55:00,42.5299,42.5299,42.5299,42.5299,200,0
2015-07-23,21:00:00,42.5099,42.5099,42.5099,42.5099,131,0
2015-07-23,21:05:00,42.4501,42.4501,42.4501,42.4501,198,0
2015-07-23,21:10:00,42.48,42.48,42.48,42.48,400,0
2015-07-23,21:15:00,42.4619,42.4619,42.43,42.46,3389,0
2015-07-23,21:20:00,42.41,42.41,42.4,42.4,1220,0
2015-07-23,21:25:00,42.41,42.41,42.39,42.39,422,0
2015-07-23,21:35:00,42.4,42.4,42.3978,42.3978,468,0
2015-07-23,21:40:00,42.41,42.41,42.393,42.393,300,0
2015-07-23,21:45:00,42.46,42.47,42.44,42.44,6000,0
2015-07-23,21:50:00,42.46,42.46,42.4501,42.4501,591,0
2015-07-23,21:55:00,42.463,42.4777,42.463,42.4777,1434,0
2015-07-23,22:00:00,42.4684,42.48,42.45,42.45,967,0
2015-07-24,15:35:00,42.45,42.45,42.369,42.369,3819,0
2015-07-24,15:40:00,42.3914,42.3914,42.3914,42.3914,120,0
2015-07-24,15:45:00,42.36,42.39,42.36,42.36,14631,0
2015-07-24,15:50:00,42.3501,42.43,42.3501,42.4299,815,0
2015-07-24,16:00:00,42.43,42.43,42.36,42.41,9590,0
2015-07-24,16:05:00,42.47,42.48,42.36,42.36,1550,0
2015-07-24,16:10:00,42.45,42.45,42.45,42.45,100,0
2015-07-24,16:15:00,42.39,42.39,42.39,42.39,920,0
2015-07-24,16:20:00,42.39,42.39,42.39,42.39,800,0
2015-07-24,16:30:00,42.3001,42.33,42.3001,42.33,557,0
2015-07-24,16:35:00,42.3,42.3,42.28,42.28,345,0
2015-07-24,16:45:00,42.29,42.29,42.24,42.24,1032,0
2015-07-24,16:50:00,42.295,42.295,42.295,42.295,211,0
2015-07-24,17:00:00,42.26,42.2625,42.25,42.25,1488,0
2015-07-24,17:05:00,42.2,42.2483,42.2,42.2483,213,0
2015-07-24,17:10:00,42.26,42.265,42.26,42.265,600,0
2015-07-24,17:15:00,42.2199,42.2199,42.2199,42.2199,1182,0
2015-07-24,17:20:00,42.22,42.22,42.18,42.18,979,0
2015-07-24,17:25:00,42.2428,42.2428,42.2428,42.2428,933,0
2015-07-24,17:30:00,42.25,42.25,42.2,42.2453,700,0
2015-07-24,17:35:00,42.28,42.29,42.28,42.28,900,0
2015-07-24,17:40:00,42.285,42.285,42.285,42.285,200,0
2015-07-24,17:50:00,42.295,42.295,42.28,42.28,805,0
2015-07-24,17:55:00,42.27,42.27,42.25,42.25,3000,0
2015-07-24,18:00:00,42.25,42.25,42.23,42.23,2505,0
2015-07-24,18:10:00,42.224,42.224,42.224,42.224,350,0
2015-07-24,18:15:00,42.256,42.256,42.256,42.256,240,0
2015-07-24,18:20:00,42.24,42.25,42.235,42.25,776,0
2015-07-24,18:25:00,42.23,42.23,42.23,42.23,352,0
2015-07-24,18:30:00,42.229,42.229,42.2027,42.2027,280,0
2015-07-24,18:35:00,42.2399,42.2399,42.2294,42.2294,1104,0
2015-07-24,18:45:00,42.215,42.215,42.2,42.2,900,0
2015-07-24,18:50:00,42.1401,42.2,42.1401,42.1999,5321,0
2015-07-24,19:00:00,42.21,42.21,42.18,42.18,1800,0
2015-07-24,19:05:00,42.1603,42.2,42.1345,42.2,2500,0
2015-07-24,19:15:00,42.2,42.2,42.1628,42.1628,5426,0
2015-07-24,19:20:00,42.155,42.17,42.155,42.16,504,0
2015-07-24,19:25:00,42.16,42.165,42.16,42.165,600,0
2015-07-24,19:30:00,42.18,42.18,42.17,42.17,2786,0
2015-07-24,19:35:00,42.16,42.16,42.14,42.14,2000,0
2015-07-24,19:40:00,42.14,42.14,42.08,42.08,4479,0
2015-07-24,19:45:00,42.09,42.12,42.09,42.1,3617,0
2015-07-24,19:50:00,42.08,42.08,42.0696,42.0696,1228,0
2015-07-24,19:55:00,42.1,42.1,42.1,42.1,100,0
2015-07-24,20:00:00,42.1025,42.12,42.0865,42.11,6066,0
2015-07-24,20:05:00,42.11,42.12,42.0904,42.1,1135,0
2015-07-24,20:10:00,42.1,42.105,42.1,42.1,1175,0
2015-07-24,20:15:00,42.1,42.1099,42.09,42.1099,5300,0
2015-07-24,20:20:00,42.09,42.095,42.0696,42.0899,1326,0
2015-07-24,20:25:00,42.085,42.0999,42.0652,42.0999,734,0
2015-07-24,20:30:00,42.0999,42.0999,42.09,42.09,380,0
2015-07-24,20:35:00,42.0872,42.1,42.07,42.07,1258,0
2015-07-24,20:40:00,42.06,42.065,42.0106,42.065,3318,0
2015-07-24,20:45:00,42.06,42.06,42.0285,42.06,2234,0
2015-07-24,20:50:00,42.086,42.0899,42.07,42.08,755,0
2015-07-24,20:55:00,42.08,42.09,42.04,42.07,1840,0
2015-07-24,21:00:00,42.08,42.09,42.08,42.09,700,0
2015-07-24,21:05:00,42.09,42.1,42.06,42.1,2989,0
2015-07-24,21:10:00,42.11,42.144,42.0906,42.1,2609,0
2015-07-24,21:15:00,42.1101,42.12,42.1,42.1,934,0
2015-07-24,21:20:00,42.08,42.104,42.08,42.104,4085,0
2015-07-24,21:25:00,42.09,42.1,42.09,42.09,2037,0
2015-07-24,21:30:00,42.09,42.09,42.09,42.09,1100,0
2015-07-24,21:35:00,42.09,42.11,42.09,42.09,1435,0
2015-07-24,21:40:00,42.09,42.1,42.08,42.1,2267,0
2015-07-24,21:45:00,42.1,42.1,42.0701,42.0701,733,0
2015-07-24,21:50:00,42.12,42.13,42.12,42.12,500,0
2015-07-24,21:55:00,42.11,42.125,42.11,42.12,1500,0
2015-07-24,22:00:00,42.13,42.15,42.04,42.06,4103,0
2015-07-27,15:35:00,41.52,41.52,41.4,41.41,16335,0
2015-07-27,15:40:00,41.4064,41.45,41.363,41.41,5700,0
2015-07-27,15:45:00,41.39,41.4,41.375,41.4,5266,0
2015-07-27,15:50:00,41.4,41.424,41.3972,41.41,4950,0
2015-07-27,15:55:00,41.41,41.48,41.41,41.48,4900,0
2015-07-27,16:00:00,41.48,41.5599,41.47,41.51,5774,0
2015-07-27,16:05:00,41.509,41.53,41.43,41.4405,4296,0
2015-07-27,16:10:00,41.418,41.418,41.41,41.41,225,0
2015-07-27,16:15:00,41.42,41.44,41.42,41.44,1200,0
2015-07-27,16:20:00,41.4596,41.53,41.4596,41.505,900,0
2015-07-27,16:25:00,41.4828,41.4828,41.4672,41.4672,750,0
2015-07-27,16:30:00,41.4301,41.5,41.4301,41.4892,1287,0
2015-07-27,16:35:00,41.5,41.564,41.5,41.564,1000,0
2015-07-27,16:40:00,41.5318,41.5318,41.5318,41.5318,500,0
2015-07-27,16:45:00,41.55,41.56,41.55,41.56,2210,0
2015-07-27,16:50:00,41.6499,41.6499,41.61,41.635,700,0
2015-07-27,16:55:00,41.5401,41.6,41.5401,41.6,26360,0
2015-07-27,17:00:00,41.609,41.61,41.59,41.61,500,0
2015-07-27,17:05:00,41.58,41.65,41.58,41.65,1600,0
2015-07-27,17:10:00,41.635,41.68,41.635,41.6604,611,0
2015-07-27,17:15:00,41.6699,41.6699,41.6699,41.6699,292,0
2015-07-27,17:20:00,41.65,41.67,41.65,41.67,300,0
2015-07-27,17:25:00,41.66,41.69,41.65,41.66,2200,0
2015-07-27,17:30:00,41.66,41.71,41.6406,41.67,956,0
2015-07-27,17:35:00,41.66,41.7,41.66,41.7,400,0
2015-07-27,17:40:00,41.66,41.66,41.66,41.66,200,0
2015-07-27,17:50:00,41.63,41.68,41.63,41.665,1818,0
2015-07-27,17:55:00,41.68,41.68,41.65,41.65,200,0
2015-07-27,18:00:00,41.65,41.65,41.65,41.65,1300,0
2015-07-27,18:05:00,41.67,41.71,41.67,41.67,500,0
2015-07-27,18:10:00,41.67,41.675,41.67,41.67,2700,0
2015-07-27,18:15:00,41.67,41.685,41.665,41.685,2994,0
2015-07-27,18:20:00,41.67,41.67,41.67,41.67,384,0
2015-07-27,18:25:00,41.67,41.67,41.67,41.67,500,0
2015-07-27,18:30:00,41.67,41.67,41.67,41.67,300,0
2015-07-27,18:35:00,41.66,41.68,41.65,41.68,400,0
2015-07-27,18:40:00,41.64,41.657,41.63,41.63,3077,0
2015-07-27,18:45:00,41.65,41.66,41.61,41.61,4760,0
2015-07-27,18:50:00,41.605,41.605,41.595,41.595,4500,0
2015-07-27,18:55:00,41.57,41.57,41.55,41.55,384,0
2015-07-27,19:00:00,41.51,41.545,41.51,41.52,6124,0
2015-07-27,19:05:00,41.5699,41.5699,41.4888,41.4888,580,0
2015-07-27,19:10:00,41.52,41.53,41.52,41.53,1800,0
2015-07-27,19:15:00,41.54,41.54,41.5108,41.5108,324,0
2015-07-27,19:30:00,41.47,41.47,41.47,41.47,500,0
2015-07-27,19:35:00,41.47,41.4884,41.4501,41.4501,1387,0
2015-07-27,19:40:00,41.4704,41.4704,41.4704,41.4704,212,0
2015-07-27,19:45:00,41.47,41.47,41.46,41.46,300,0
2015-07-27,19:50:00,41.46,41.51,41.46,41.51,1522,0
2015-07-27,19:55:00,41.54,41.54,41.54,41.54,200,0
2015-07-27,20:00:00,41.5646,41.57,41.5646,41.57,200,0
2015-07-27,20:05:00,41.56,41.59,41.56,41.56,1507,0
2015-07-27,20:10:00,41.57,41.57,41.57,41.57,100,0
2015-07-27,20:15:00,41.58,41.59,41.576,41.576,1700,0
2015-07-27,20:20:00,41.56,41.65,41.56,41.645,11023,0
2015-07-27,20:25:00,41.65,41.6557,41.63,41.6557,600,0
2015-07-27,20:30:00,41.64,41.64,41.613,41.63,846,0
2015-07-27,20:35:00,41.63,41.66,41.62,41.6295,1900,0
2015-07-27,20:40:00,41.61,41.64,41.61,41.64,300,0
2015-07-27,20:45:00,41.62,41.67,41.62,41.64,1667,0
2015-07-27,20:50:00,41.63,41.63,41.63,41.63,400,0
2015-07-27,20:55:00,41.65,41.69,41.65,41.68,600,0
2015-07-27,21:00:00,41.64,41.64,41.64,41.64,100,0
2015-07-27,21:05:00,41.63,41.63,41.62,41.62,400,0
2015-07-27,21:10:00,41.62,41.62,41.61,41.611,3752,0
2015-07-27,21:15:00,41.5903,41.65,41.57,41.62,72113,0
2015-07-27,21:20:00,41.62,41.6799,41.6168,41.6799,1028,0
2015-07-27,21:25:00,41.65,41.66,41.63,41.63,2644,0
2015-07-27,21:30:00,41.63,41.63,41.6101,41.615,1245,0
2015-07-27,21:35:00,41.58,41.58,41.545,41.56,13953,0
2015-07-27,21:40:00,41.565,41.6,41.545,41.55,2600,0
2015-07-27,21:45:00,41.53,41.535,41.52,41.53,1818,0
2015-07-27,21:50:00,41.545,41.56,41.545,41.56,900,0
2015-07-27,21:55:00,41.56,41.61,41.56,41.6,21499,0
2015-07-27,22:00:00,41.6,41.7,41.6,41.64,5412,0
2015-07-28,15:35:00,41.84,41.86,41.84,41.86,2952,0
2015-07-28,15:40:00,41.81,41.81,41.81,41.81,800,0
2015-07-28,15:45:00,41.82,41.839,41.7804,41.839,2012,0
2015-07-28,15:50:00,41.8216,41.825,41.8216,41.825,622,0
2015-07-28,15:55:00,41.78,41.83,41.7781,41.83,913,0
2015-07-28,16:00:00,41.796,41.796,41.7714,41.7714,1800,0
2015-07-28,16:10:00,41.689,41.689,41.678,41.687,2530,0
2015-07-28,16:15:00,41.69,41.69,41.69,41.69,415,0
2015-07-28,16:25:00,41.64,41.64,41.64,41.64,3200,0
2015-07-28,16:30:00,41.64,41.6497,41.63,41.6497,1400,0
2015-07-28,16:35:00,41.6406,41.6406,41.6406,41.6406,525,0
2015-07-28,16:40:00,41.61,41.68,41.61,41.68,1775,0
2015-07-28,16:45:00,41.71,41.71,41.71,41.71,100,0
2015-07-28,16:50:00,41.71,41.71,41.71,41.71,117,0
2015-07-28,16:55:00,41.74,41.76,41.7396,41.76,1274,0
2015-07-28,17:00:00,41.8,41.8,41.766,41.766,240,0
2015-07-28,17:05:00,41.77,41.77,41.75,41.75,1407,0
2015-07-28,17:10:00,41.74,41.74,41.74,41.74,100,0
2015-07-28,17:15:00,41.7999,41.8099,41.75,41.75,1913,0
2015-07-28,17:20:00,41.75,41.7599,41.75,41.7599,205,0
2015-07-28,17:25:00,41.7599,41.7599,41.7599,41.7599,120,0
2015-07-28,17:30:00,41.76,41.76,41.76,41.76,100,0
2015-07-28,17:35:00,41.7508,41.85,41.7508,41.8344,694,0
2015-07-28,17:40:00,41.85,41.85,41.7901,41.7901,330,0
2015-07-28,17:45:00,41.87,41.87,41.8319,41.8319,2753,0
2015-07-28,17:50:00,41.8635,41.88,41.842,41.8673,977,0
2015-07-28,17:55:00,41.8644,41.8644,41.8644,41.8644,1470,0
2015-07-28,18:00:00,41.85,41.85,41.85,41.85,500,0
2015-07-28,18:05:00,41.86,41.86,41.86,41.86,300,0
2015-07-28,18:10:00,41.88,41.8837,41.88,41.8837,300,0
2015-07-28,18:15:00,41.84,41.84,41.84,41.84,500,0
2015-07-28,18:20:00,41.8847,41.8847,41.8847,41.8847,250,0
2015-07-28,18:25:00,41.902,41.902,41.8801,41.8808,650,0
2015-07-28,18:45:00,41.919,41.92,41.9188,41.92,900,0
2015-07-28,18:50:00,41.924,41.955,41.924,41.955,400,0
2015-07-28,18:55:00,41.96,41.96,41.9459,41.9599,2895,0
2015-07-28,19:00:00,41.9328,41.96,41.92,41.96,6390,0
2015-07-28,19:05:00,41.9599,41.9599,41.9341,41.9562,823,0
2015-07-28,19:10:00,41.94,41.96,41.93,41.96,2533,0
2015-07-28,19:15:00,41.9501,41.977,41.9501,41.977,800,0
2015-07-28,19:20:00,41.95,41.977,41.95,41.97,5287,0
2015-07-28,19:30:00,41.9584,41.9599,41.95,41.9599,955,0
2015-07-28,19:35:00,41.96,41.96,41.96,41.96,181,0
2015-07-28,19:40:00,41.91,41.9208,41.91,41.9208,430,0
2015-07-28,19:45:00,41.9197,41.94,41.9197,41.9399,1126,0
2015-07-28,19:55:00,41.96,41.96,41.96,41.96,100,0
2015-07-28,20:00:00,41.955,41.959,41.955,41.959,1050,0
2015-07-28,20:05:00,41.96,41.97,41.96,41.97,1440,0
2015-07-28,20:10:00,41.97,41.97,41.97,41.97,400,0
2015-07-28,20:15:00,41.99,42.0099,41.99,42.0099,811,0
2015-07-28,20:20:00,41.9908,41.9908,41.9908,41.9908,164,0
2015-07-28,20:25:00,42,42.03,41.9698,42.03,1201,0
2015-07-28,20:30:00,42.01,42.01,42.01,42.01,800,0
2015-07-28,20:35:00,41.9912,42.01,41.9912,41.995,1256,0
2015-07-28,20:40:00,42,42,42,42,720,0
2015-07-28,20:45:00,41.9999,41.9999,41.9739,41.99,806,0
2015-07-28,20:50:00,41.9706,41.99,41.9706,41.99,2228,0
2015-07-28,21:00:00,41.9851,41.9851,41.9851,41.9851,240,0
2015-07-28,21:05:00,41.9873,41.995,41.9873,41.995,250,0
2015-07-28,21:10:00,41.9501,41.9501,41.9501,41.9501,111,0
2015-07-28,21:15:00,41.9641,41.9641,41.9641,41.9641,275,0
2015-07-28,21:20:00,41.9601,41.9601,41.9601,41.9601,580,0
2015-07-28,21:25:00,42.008,42.01,41.96,41.96,4852,0
2015-07-28,21:30:00,41.95,41.99,41.95,41.965,20663,0
2015-07-28,21:35:00,41.975,41.975,41.975,41.975,550,0
2015-07-28,21:40:00,41.985,41.985,41.95,41.95,900,0
2015-07-28,21:45:00,41.95,41.9999,41.95,41.97,1005,0
2015-07-28,21:55:00,41.9662,41.9662,41.9662,41.9662,193,0
2015-07-28,22:00:00,41.98,41.99,41.97,41.99,3438,0
2015-07-29,15:35:00,41.89,41.91,41.89,41.91,8171,0
2015-07-29,15:40:00,42.04,42.04,41.9187,41.9187,900,0
2015-07-29,16:00:00,41.91,41.91,41.91,41.91,400,0
2015-07-29,16:05:00,41.9,41.9099,41.9,41.9099,1850,0
2015-07-29,16:10:00,41.9,41.9,41.9,41.9,100,0
2015-07-29,16:15:00,41.89,41.89,41.89,41.89,2000,0
2015-07-29,16:20:00,41.89,41.94,41.89,41.9198,12500,0
2015-07-29,16:25:00,41.91,41.92,41.91,41.92,200,0
2015-07-29,16:30:00,41.95,41.95,41.93,41.93,751,0
2015-07-29,16:35:00,41.91,41.93,41.9,41.9201,5390,0
2015-07-29,16:40:00,41.9401,41.9401,41.9401,41.9401,500,0
2015-07-29,16:50:00,41.9717,41.9717,41.9606,41.9606,2289,0
2015-07-29,17:00:00,41.9692,42.01,41.9692,42.01,923,0
2015-07-29,17:10:00,42.025,42.025,42.025,42.025,476,0
2015-07-29,17:20:00,42.025,42.04,42.025,42.04,450,0
2015-07-29,17:25:00,42.0895,42.12,42.07,42.08,1868,0
2015-07-29,17:30:00,42.0772,42.08,42.0772,42.08,261,0
2015-07-29,17:35:00,42.05,42.05,42.05,42.05,2797,0
2015-07-29,17:40:00,42.07,42.07,42.07,42.07,4470,0
2015-07-29,17:45:00,42.08,42.109,42.07,42.109,6550,0
2015-07-29,17:50:00,42.12,42.12,42.12,42.12,100,0
2015-07-29,17:55:00,42.12,42.12,42.1069,42.1069,220,0
2015-07-29,18:00:00,42.13,42.13,42.13,42.13,100,0
2015-07-29,18:05:00,42.1172,42.13,42.0901,42.124,5362,0
2015-07-29,18:15:00,42.1,42.1,42.1,42.1,100,0
2015-07-29,18:25:00,42.09,42.09,42.09,42.09,200,0
2015-07-29,18:30:00,42.0757,42.085,42.0757,42.085,500,0
2015-07-29,18:35:00,42.09,42.1362,42.09,42.1362,1539,0
2015-07-29,18:40:00,42.1128,42.115,42.1128,42.115,715,0
2015-07-29,18:45:00,42.12,42.1219,42.12,42.1219,932,0
2015-07-29,18:50:00,42.1473,42.1499,42.12,42.12,8565,0
2015-07-29,18:55:00,42.13,42.1499,42.12,42.12,7299,0
2015-07-29,19:00:00,42.12,42.12,42.1074,42.1074,300,0
2015-07-29,19:05:00,42.1,42.1,42.1,42.1,1200,0
2015-07-29,19:10:00,42.099,42.099,42.099,42.099,163,0
2015-07-29,19:15:00,42.0804,42.1001,42.0804,42.1001,383,0
2015-07-29,19:20:00,42.1396,42.1396,42.13,42.13,26842,0
2015-07-29,19:25:00,42.1699,42.1699,42.13,42.13,372,0
2015-07-29,19:30:00,42.15,42.15,42.15,42.15,100,0
2015-07-29,19:35:00,42.16,42.16,42.15,42.15,500,0
2015-07-29,19:40:00,42.15,42.15,42.15,42.15,503,0
2015-07-29,19:45:00,42.16,42.16,42.16,42.16,300,0
2015-07-29,19:50:00,42.16,42.16,42.15,42.15,1295,0
2015-07-29,19:55:00,42.15,42.15,42.14,42.145,1100,0
2015-07-29,20:00:00,42.145,42.145,42.14,42.14,3000,0
2015-07-29,20:05:00,42.209,42.209,42.15,42.15,2000,0
2015-07-29,20:10:00,42.23,42.23,42.206,42.206,20136,0
2015-07-29,20:15:00,42.23,42.25,42.2,42.2,3232,0
2015-07-29,20:20:00,42.2,42.28,42.2,42.28,1823,0
2015-07-29,20:25:00,42.27,42.3099,42.26,42.27,5344,0
2015-07-29,20:30:00,42.2701,42.275,42.26,42.26,10277,0
2015-07-29,20:35:00,42.26,42.3,42.26,42.26,351900,0
2015-07-29,20:40:00,42.26,42.32,42.2395,42.246,6129,0
2015-07-29,20:45:00,42.31,42.35,42.31,42.32,1953,0
2015-07-29,20:50:00,42.35,42.35,42.35,42.35,2200,0
2015-07-29,20:55:00,42.355,42.3799,42.3463,42.3463,722,0
2015-07-29,21:00:00,42.38,42.39,42.38,42.39,200,0
2015-07-29,21:05:00,42.38,42.38,42.36,42.36,1675,0
2015-07-29,21:10:00,42.37,42.37,42.37,42.37,100,0
2015-07-29,21:15:00,42.361,42.361,42.361,42.361,202,0
2015-07-29,21:20:00,42.36,42.36,42.35,42.35,1800,0
2015-07-29,21:25:00,42.3429,42.3699,42.3429,42.3501,5814,0
2015-07-29,21:30:00,42.3501,42.4299,42.3501,42.3901,2021,0
2015-07-29,21:35:00,42.39,42.39,42.38,42.38,2100,0
2015-07-29,21:40:00,42.34,42.34,42.34,42.34,1200,0
2015-07-29,21:45:00,42.35,42.35,42.33,42.345,1811,0
2015-07-29,21:50:00,42.33,42.3499,42.33,42.34,7938,0
2015-07-29,21:55:00,42.34,42.34,42.32,42.33,74269,0
2015-07-29,22:00:00,42.32,42.3393,42.3,42.3,1382,0
2015-07-30,15:35:00,42.3,42.3399,42.3,42.3399,5968,0
2015-07-30,15:40:00,42.29,42.29,42.29,42.29,100,0
2015-07-30,15:45:00,42.3099,42.3099,42.2478,42.27,1950,0
2015-07-30,15:50:00,42.28,42.29,42.25,42.26,3520,0
2015-07-30,16:00:00,42.265,42.28,42.25,42.25,1964,0
2015-07-30,16:05:00,42.22,42.22,42.22,42.22,100,0
2015-07-30,16:10:00,42.27,42.28,42.27,42.28,900,0
2015-07-30,16:15:00,42.26,42.32,42.2544,42.2544,5603,0
2015-07-30,16:20:00,42.3243,42.36,42.3243,42.36,2430,0
2015-07-30,16:25:00,42.35,42.36,42.35,42.35,4245,0
2015-07-30,16:30:00,42.3424,42.35,42.34,42.345,4206,0
2015-07-30,16:35:00,42.343,42.3999,42.343,42.375,2453,0
2015-07-30,16:40:00,42.35,42.35,42.35,42.35,100,0
2015-07-30,16:45:00,42.32,42.35,42.32,42.35,200,0
2015-07-30,16:55:00,42.37,42.37,42.33,42.351,763,0
2015-07-30,17:00:00,42.34,42.34,42.325,42.325,977,0
2015-07-30,17:05:00,42.35,42.35,42.32,42.32,3473,0
2015-07-30,17:10:00,42.32,42.32,42.27,42.28,1700,0
2015-07-30,17:15:00,42.315,42.315,42.315,42.315,240,0
2015-07-30,17:20:00,42.36,42.36,42.36,42.36,100,0
2015-07-30,17:30:00,42.4,42.4,42.3774,42.3774,900,0
2015-07-30,17:35:00,42.4,42.4,42.4,42.4,3633,0
2015-07-30,17:40:00,42.3601,42.4,42.3601,42.4,356,0
2015-07-30,17:50:00,42.4,42.41,42.3808,42.405,2140,0
2015-07-30,17:55:00,42.405,42.41,42.3881,42.3881,2734,0
2015-07-30,18:05:00,42.41,42.42,42.41,42.42,586,0
2015-07-30,18:15:00,42.365,42.365,42.365,42.365,100,0
2015-07-30,18:20:00,42.4,42.4,42.4,42.4,100,0
2015-07-30,18:25:00,42.395,42.395,42.395,42.395,100,0
2015-07-30,18:30:00,42.4294,42.4294,42.4294,42.4294,271,0
2015-07-30,18:35:00,42.43,42.43,42.375,42.375,200,0
2015-07-30,18:40:00,42.404,42.404,42.3701,42.3701,3702,0
2015-07-30,18:45:00,42.4195,42.4195,42.375,42.375,536,0
2015-07-30,18:50:00,42.386,42.39,42.386,42.39,935,0
2015-07-30,18:55:00,42.4,42.4,42.385,42.385,608,0
2015-07-30,19:00:00,42.4199,42.43,42.3801,42.399,42676,0
2015-07-30,19:10:00,42.4,42.4,42.4,42.4,100,0
2015-07-30,19:15:00,42.405,42.42,42.4,42.42,814,0
2015-07-30,19:20:00,42.42,42.425,42.42,42.42,872,0
2015-07-30,19:25:00,42.41,42.41,42.3666,42.3999,2113,0
2015-07-30,19:30:00,42.3895,42.3999,42.3895,42.3999,619,0
2015-07-30,19:35:00,42.38,42.39,42.38,42.39,235,0
2015-07-30,19:45:00,42.375,42.38,42.375,42.375,1000,0
2015-07-30,19:50:00,42.37,42.37,42.325,42.36,12485,0
2015-07-30,19:55:00,42.3698,42.3699,42.35,42.36,33404,0
2015-07-30,20:00:00,42.365,42.365,42.35,42.36,1400,0
2015-07-30,20:05:00,42.3599,42.36,42.3599,42.3599,300,0
2015-07-30,20:10:00,42.33,42.33,42.33,42.33,920,0
2015-07-30,20:15:00,42.34,42.34,42.34,42.34,100,0
2015-07-30,20:25:00,42.35,42.35,42.3301,42.3301,2140,0
2015-07-30,20:30:00,42.34,42.34,42.34,42.34,300,0
2015-07-30,20:35:00,42.35,42.35,42.3301,42.3438,1474,0
2015-07-30,20:40:00,42.3426,42.35,42.34,42.35,2435,0
2015-07-30,20:45:00,42.34,42.3632,42.34,42.35,2959,0
2015-07-30,20:50:00,42.36,42.3737,42.35,42.35,1900,0
2015-07-30,20:55:00,42.35,42.4,42.35,42.36,2550,0
2015-07-30,21:00:00,42.36,42.4199,42.36,42.36,3591,0
2015-07-30,21:05:00,42.42,42.42,42.375,42.4199,5647,0
2015-07-30,21:10:00,42.3808,42.39,42.3807,42.39,6283,0
2015-07-30,21:15:00,42.39,42.44,42.38,42.4394,3992,0
2015-07-30,21:20:00,42.4018,42.45,42.3806,42.41,10539,0
2015-07-30,21:25:00,42.44,42.445,42.425,42.434,5884,0
2015-07-30,21:30:00,42.4186,42.45,42.4186,42.445,3220,0
2015-07-30,21:35:00,42.4399,42.4399,42.4399,42.4399,300,0
2015-07-30,21:40:00,42.4104,42.43,42.4,42.43,6211,0
2015-07-30,21:45:00,42.4001,42.4001,42.4001,42.4001,456,0
2015-07-30,21:50:00,42.412,42.435,42.412,42.435,2650,0
2015-07-30,21:55:00,42.4,42.445,42.4,42.445,400,0
2015-07-30,22:00:00,42.41,42.43,42.37,42.37,5583,0
2015-07-31,15:35:00,42.61,42.61,42.61,42.61,3534,0
2015-07-31,15:40:00,42.545,42.545,42.545,42.545,100,0
2015-07-31,15:45:00,42.44,42.4759,42.44,42.4759,410,0
2015-07-31,15:50:00,42.4735,42.57,42.47,42.488,2342,0
2015-07-31,15:55:00,42.4401,42.4401,42.4401,42.4401,2888,0
2015-07-31,16:05:00,42.46,42.46,42.46,42.46,722,0
2015-07-31,16:10:00,42.5,42.5272,42.5,42.5272,3600,0
2015-07-31,16:15:00,42.55,42.55,42.55,42.55,100,0
2015-07-31,16:20:00,42.5402,42.55,42.5399,42.5399,320,0
2015-07-31,16:25:00,42.5,42.5244,42.5,42.52,2275,0
2015-07-31,16:30:00,42.59,42.59,42.53,42.58,500,0
2015-07-31,16:35:00,42.53,42.58,42.53,42.56,1609,0
2015-07-31,16:40:00,42.56,42.605,42.56,42.595,2269,0
2015-07-31,16:45:00,42.59,42.62,42.57,42.57,76574,0
2015-07-31,16:50:00,42.57,42.6,42.57,42.57,3080,0
2015-07-31,16:55:00,42.592,42.64,42.57,42.61,1241,0
2015-07-31,17:00:00,42.62,42.6899,42.62,42.6865,7055,0
2015-07-31,17:05:00,42.64,42.69,42.64,42.675,5956,0
2015-07-31,17:10:00,42.64,42.67,42.64,42.64,7003,0
2015-07-31,17:15:00,42.67,42.67,42.64,42.65,3450,0
2015-07-31,17:20:00,42.65,42.67,42.64,42.65,31074,0
2015-07-31,17:25:00,42.6604,42.68,42.64,42.68,1325,0
2015-07-31,17:30:00,42.64,42.66,42.64,42.64,2600,0
2015-07-31,17:35:00,42.64,42.66,42.64,42.64,3172,0
2015-07-31,17:40:00,42.64,42.665,42.64,42.64,1200,0
2015-07-31,17:45:00,42.66,42.67,42.64,42.64,3112,0
2015-07-31,17:50:00,42.66,42.68,42.64,42.64,3821,0
2015-07-31,17:55:00,42.66,42.66,42.64,42.66,2300,0
2015-07-31,18:00:00,42.64,42.66,42.64,42.64,2600,0
2015-07-31,18:05:00,42.64,42.66,42.64,42.64,1800,0
2015-07-31,18:10:00,42.64,42.68,42.64,42.65,2438,0
2015-07-31,18:15:00,42.65,42.67,42.65,42.65,2700,0
2015-07-31,18:20:00,42.67,42.68,42.65,42.66,1900,0
2015-07-31,18:25:00,42.66,42.67,42.66,42.66,3100,0
2015-07-31,18:30:00,42.66,42.6725,42.66,42.67,1100,0
2015-07-31,18:35:00,42.67,42.6725,42.66,42.66,2900,0
2015-07-31,18:40:00,42.67,42.6845,42.66,42.66,2453,0
2015-07-31,18:45:00,42.67,42.68,42.66,42.68,4100,0
2015-07-31,18:50:00,42.66,42.68,42.66,42.66,2800,0
2015-07-31,18:55:00,42.66,42.69,42.66,42.68,3350,0
2015-07-31,19:00:00,42.66,42.6999,42.66,42.66,5278,0
2015-07-31,19:05:00,42.66,42.71,42.66,42.66,2083,0
2015-07-31,19:10:00,42.705,42.705,42.66,42.69,6027,0
2015-07-31,19:15:00,42.6811,42.7,42.66,42.6825,5423,0
2015-07-31,19:20:00,42.6832,42.69,42.66,42.69,2730,0
2015-07-31,19:25:00,42.695,42.695,42.66,42.67,1495,0
2015-07-31,19:30:00,42.69,42.695,42.63,42.6519,6480,0
2015-07-31,19:35:00,42.63,42.65,42.63,42.64,2274,0
2015-07-31,19:40:00,42.631,42.631,42.58,42.58,923,0
2015-07-31,19:45:00,42.58,42.6299,42.58,42.6299,2097,0
2015-07-31,19:50:00,42.61,42.635,42.59,42.62,4536,0
2015-07-31,19:55:00,42.62,42.62,42.59,42.59,726,0
2015-07-31,20:00:00,42.6296,42.63,42.59,42.61,1125,0
2015-07-31,20:05:00,42.59,42.6204,42.59,42.6,5659,0
2015-07-31,20:10:00,42.6,42.65,42.6,42.65,1118,0
2015-07-31,20:15:00,42.62,42.63,42.61,42.63,3000,0
2015-07-31,20:20:00,42.61,42.63,42.61,42.625,4650,0
2015-07-31,20:25:00,42.62,42.62,42.55,42.56,3151,0
2015-07-31,20:30:00,42.57,42.61,42.57,42.58,3128,0
2015-07-31,20:35:00,42.59,42.63,42.59,42.63,1600,0
2015-07-31,20:40:00,42.61,42.62,42.56,42.5625,4714,0
2015-07-31,20:45:00,42.59,42.6025,42.56,42.6025,2146,0
2015-07-31,20:50:00,42.6001,42.6217,42.58,42.6217,2700,0
2015-07-31,20:55:00,42.61,42.62,42.59,42.601,3849,0
2015-07-31,21:00:00,42.6,42.62,42.6,42.62,2653,0
2015-07-31,21:05:00,42.6,42.625,42.6,42.605,1600,0
2015-07-31,21:10:00,42.63,42.63,42.6,42.6,4300,0
2015-07-31,21:15:00,42.6,42.6,42.55,42.5601,1972,0
2015-07-31,21:20:00,42.58,42.6,42.56,42.565,2400,0
2015-07-31,21:25:00,42.58,42.595,42.565,42.58,2800,0
2015-07-31,21:30:00,42.58,42.5999,42.56,42.56,8884,0
2015-07-31,21:35:00,42.551,42.57,42.55,42.57,1800,0
2015-07-31,21:40:00,42.57,42.575,42.55,42.5625,2200,0
2015-07-31,21:45:00,42.575,42.59,42.53,42.5661,3400,0
2015-07-31,21:50:00,42.54,42.55,42.52,42.535,4558,0
2015-07-31,21:55:00,42.54,42.55,42.531,42.545,9300,0
2015-07-31,22:00:00,42.55,42.66,42.55,42.6,8690,0
2015-08-03,15:35:00,42.55,42.56,42.55,42.55,5336,0
2015-08-03,15:40:00,42.494,42.535,42.494,42.535,6676,0
2015-08-03,15:45:00,42.47,42.47,42.4595,42.4595,500,0
2015-08-03,15:50:00,42.46,42.476,42.46,42.476,400,0
2015-08-03,15:55:00,42.5,42.5,42.5,42.5,400,0
2015-08-03,16:00:00,42.5401,42.5401,42.54,42.54,250,0
2015-08-03,16:05:00,42.5281,42.5281,42.5281,42.5281,706,0
2015-08-03,16:15:00,42.54,42.54,42.54,42.54,100,0
2015-08-03,16:20:00,42.5,42.5222,42.5,42.5028,1045,0
2015-08-03,16:25:00,42.5003,42.5003,42.5003,42.5003,140,0
2015-08-03,16:30:00,42.49,42.49,42.47,42.47,4960,0
2015-08-03,16:35:00,42.5,42.52,42.48,42.52,5135,0
2015-08-03,16:40:00,42.5399,42.5399,42.53,42.53,273,0
2015-08-03,16:45:00,42.5,42.5199,42.4801,42.4901,937,0
2015-08-03,16:50:00,42.52,42.52,42.52,42.52,100,0
2015-08-03,16:55:00,42.5452,42.56,42.52,42.52,669,0
2015-08-03,17:00:00,42.55,42.56,42.55,42.55,400,0
2015-08-03,17:05:00,42.54,42.5473,42.535,42.535,911,0
2015-08-03,17:10:00,42.5316,42.5316,42.52,42.52,1800,0
2015-08-03,17:15:00,42.5201,42.57,42.5201,42.57,2953,0
2015-08-03,17:20:00,42.5699,42.57,42.5496,42.57,4848,0
2015-08-03,17:30:00,42.57,42.57,42.57,42.57,1100,0
2015-08-03,17:35:00,42.58,42.58,42.553,42.58,1900,0
2015-08-03,17:40:00,42.58,42.58,42.56,42.56,1200,0
2015-08-03,17:45:00,42.565,42.565,42.53,42.556,770,0
2015-08-03,17:50:00,42.56,42.56,42.53,42.53,3002,0
2015-08-03,17:55:00,42.54,42.54,42.54,42.54,5000,0
2015-08-03,18:00:00,42.54,42.54,42.54,42.54,780,0
2015-08-03,18:05:00,42.54,42.55,42.5301,42.54,8561,0
2015-08-03,18:10:00,42.54,42.54,42.54,42.54,900,0
2015-08-03,18:15:00,42.54,42.54,42.54,42.54,4900,0
2015-08-03,18:20:00,42.53,42.53,42.53,42.53,100,0
2015-08-03,18:25:00,42.53,42.53,42.496,42.496,730,0
2015-08-03,18:30:00,42.505,42.505,42.49,42.49,545,0
2015-08-03,18:35:00,42.5,42.5,42.49,42.49,447,0
2015-08-03,18:45:00,42.46,42.4696,42.46,42.46,1518,0
2015-08-03,18:50:00,42.4699,42.4699,42.45,42.45,7246,0
2015-08-03,18:55:00,42.4,42.4,42.385,42.385,600,0
2015-08-03,19:00:00,42.38,42.38,42.37,42.37,550,0
2015-08-03,19:05:00,42.37,42.37,42.36,42.36,4800,0
2015-08-03,19:10:00,42.3783,42.3783,42.35,42.35,1062,0
2015-08-03,19:15:00,42.32,42.32,42.32,42.32,403,0
2015-08-03,19:20:00,42.3416,42.3416,42.3416,42.3416,130,0
2015-08-03,19:25:00,42.33,42.3599,42.33,42.3599,2451,0
2015-08-03,19:30:00,42.35,42.37,42.3496,42.3501,2530,0
2015-08-03,19:35:00,42.378,42.39,42.36,42.38,16813,0
2015-08-03,19:40:00,42.3845,42.4,42.3845,42.385,2358,0
2015-08-03,19:45:00,42.39,42.395,42.39,42.395,700,0
2015-08-03,19:50:00,42.39,42.41,42.39,42.41,537,0
2015-08-03,19:55:00,42.4001,42.445,42.4001,42.445,1907,0
2015-08-03,20:00:00,42.41,42.41,42.41,42.41,300,0
2015-08-03,20:05:00,42.39,42.41,42.37,42.3701,744,0
2015-08-03,20:10:00,42.3928,42.3999,42.37,42.37,3826,0
2015-08-03,20:15:00,42.37,42.37,42.345,42.345,3053,0
2015-08-03,20:20:00,42.3682,42.4099,42.32,42.39,8960,0
2015-08-03,20:25:00,42.3851,42.42,42.385,42.42,6152,0
2015-08-03,20:30:00,42.41,42.415,42.3828,42.4072,2470,0
2015-08-03,20:35:00,42.42,42.42,42.41,42.4125,1372,0
2015-08-03,20:40:00,42.42,42.43,42.41,42.43,3993,0
2015-08-03,20:45:00,42.46,42.46,42.46,42.46,200,0
2015-08-03,20:50:00,42.45,42.4525,42.448,42.45,2713,0
2015-08-03,20:55:00,42.455,42.49,42.44,42.49,5680,0
2015-08-03,21:00:00,42.44,42.46,42.44,42.46,2000,0
2015-08-03,21:05:00,42.4546,42.46,42.4546,42.46,1374,0
2015-08-03,21:10:00,42.4999,42.4999,42.4501,42.48,1240,0
2015-08-03,21:15:00,42.47,42.47,42.4501,42.454,937,0
2015-08-03,21:20:00,42.47,42.47,42.4001,42.41,5724,0
2015-08-03,21:25:00,42.47,42.47,42.44,42.4599,625,0
2015-08-03,21:30:00,42.48,42.49,42.465,42.48,5334,0
2015-08-03,21:35:00,42.4999,42.5,42.48,42.48,5487,0
2015-08-03,21:40:00,42.45,42.4683,42.43,42.4683,315,0
2015-08-03,21:50:00,42.55,42.55,42.5,42.535,2406,0
2015-08-03,21:55:00,42.535,42.54,42.53,42.53,1470,0
2015-08-03,22:00:00,42.55,42.57,42.5254,42.57,9152,0
2015-08-04,15:35:00,42.37,42.42,42.37,42.4199,2230,0
2015-08-04,15:40:00,42.33,42.41,42.33,42.3899,433,0
2015-08-04,15:45:00,42.389,42.4,42.365,42.38,6772,0
2015-08-04,15:50:00,42.43,42.438,42.43,42.437,1000,0
2015-08-04,15:55:00,42.42,42.42,42.42,42.42,100,0
2015-08-04,16:00:00,42.442,42.442,42.43,42.43,933,0
2015-08-04,16:05:00,42.4399,42.4399,42.4399,42.4399,2350,0
2015-08-04,16:10:00,42.3703,42.448,42.3703,42.447,550,0
2015-08-04,16:25:00,42.4699,42.4699,42.4699,42.4699,229,0
2015-08-04,16:30:00,42.47,42.49,42.428,42.435,1200,0
2015-08-04,16:35:00,42.49,42.49,42.4505,42.4658,1198,0
2015-08-04,16:45:00,42.45,42.45,42.4086,42.4086,400,0
2015-08-04,16:50:00,42.45,42.48,42.45,42.48,412,0
2015-08-04,17:00:00,42.4295,42.4295,42.383,42.383,373,0
2015-08-04,17:05:00,42.3879,42.41,42.3879,42.4,35639,0
2015-08-04,17:10:00,42.418,42.42,42.418,42.42,484,0
2015-08-04,17:15:00,42.3801,42.3801,42.3801,42.3801,311,0
2015-08-04,17:20:00,42.41,42.41,42.395,42.4004,641,0
2015-08-04,17:25:00,42.395,42.41,42.395,42.41,841,0
2015-08-04,17:30:00,42.41,42.41,42.41,42.41,100,0
2015-08-04,17:35:00,42.42,42.43,42.42,42.425,876,0
2015-08-04,17:40:00,42.43,42.4399,42.43,42.4399,318,0
2015-08-04,17:45:00,42.44,42.44,42.42,42.43,315,0
2015-08-04,17:50:00,42.43,42.43,42.43,42.43,100,0
2015-08-04,17:55:00,42.42,42.42,42.415,42.415,738,0
2015-08-04,18:00:00,42.42,42.42,42.3896,42.3896,6226,0
2015-08-04,18:05:00,42.4,42.4599,42.4,42.4599,620,0
2015-08-04,18:10:00,42.46,42.477,42.4417,42.477,1921,0
2015-08-04,18:20:00,42.46,42.46,42.46,42.46,100,0
2015-08-04,18:25:00,42.45,42.45,42.45,42.45,200,0
2015-08-04,18:30:00,42.467,42.467,42.467,42.467,100,0
2015-08-04,18:40:00,42.42,42.45,42.42,42.45,200,0
2015-08-04,18:45:00,42.43,42.43,42.43,42.43,100,0
2015-08-04,18:50:00,42.4399,42.4399,42.4399,42.4399,166,0
2015-08-04,18:55:00,42.41,42.41,42.41,42.41,100,0
2015-08-04,19:00:00,42.44,42.44,42.43,42.43,3294,0
2015-08-04,19:05:00,42.414,42.414,42.414,42.414,364,0
2015-08-04,19:10:00,42.43,42.44,42.43,42.44,4621,0
2015-08-04,19:15:00,42.44,42.44,42.44,42.44,200,0
2015-08-04,19:20:00,42.45,42.45,42.45,42.45,281,0
2015-08-04,19:25:00,42.4636,42.4636,42.4636,42.4636,409,0
2015-08-04,19:30:00,42.46,42.46,42.4501,42.4501,300,0
2015-08-04,19:35:00,42.47,42.475,42.46,42.461,1458,0
2015-08-04,19:40:00,42.4799,42.4799,42.4799,42.4799,234,0
2015-08-04,19:45:00,42.4799,42.4799,42.4601,42.4601,1441,0
2015-08-04,19:50:00,42.4799,42.4799,42.46,42.46,806,0
2015-08-04,20:00:00,42.4401,42.46,42.4401,42.46,1274,0
2015-08-04,20:05:00,42.45,42.45,42.45,42.45,1200,0
2015-08-04,20:10:00,42.4899,42.49,42.455,42.4628,2541,0
2015-08-04,20:15:00,42.458,42.458,42.458,42.458,430,0
2015-08-04,20:20:00,42.4662,42.4662,42.45,42.45,298,0
2015-08-04,20:30:00,42.48,42.48,42.4501,42.4501,300,0
2015-08-04,20:35:00,42.4899,42.4899,42.4899,42.4899,561,0
2015-08-04,20:40:00,42.49,42.49,42.49,42.49,600,0
2015-08-04,20:45:00,42.53,42.59,42.53,42.5751,7693,0
2015-08-04,20:55:00,42.57,42.57,42.57,42.57,300,0
2015-08-04,21:10:00,42.58,42.6,42.5799,42.6,1994,0
2015-08-04,21:15:00,42.585,42.59,42.58,42.58,700,0
2015-08-04,21:20:00,42.575,42.58,42.5401,42.58,688,0
2015-08-04,21:25:00,42.61,42.61,42.61,42.61,100,0
2015-08-04,21:35:00,42.6,42.62,42.6,42.62,750,0
2015-08-04,21:40:00,42.5801,42.62,42.5801,42.61,2519,0
2015-08-04,21:45:00,42.6,42.6299,42.59,42.6299,16231,0
2015-08-04,21:50:00,42.6,42.6,42.6,42.6,200,0
2015-08-04,21:55:00,42.5984,42.6,42.58,42.598,6514,0
2015-08-04,22:00:00,42.58,42.6,42.54,42.6,1668,0
2015-08-05,15:35:00,42.87,42.928,42.85,42.927,3561,0
2015-08-05,15:40:00,42.87,42.87,42.87,42.87,100,0
2015-08-05,15:45:00,42.9584,42.9584,42.92,42.92,500,0
2015-08-05,15:50:00,42.9569,42.99,42.93,42.9604,864,0
2015-08-05,15:55:00,42.97,43,42.97,43,4546,0
2015-08-05,16:00:00,42.98,42.9845,42.98,42.9845,500,0
2015-08-05,16:05:00,42.96,43.0402,42.96,43.04,869,0
2015-08-05,16:10:00,43.03,43.0457,43.03,43.0372,885,0
2015-08-05,16:15:00,43.0509,43.08,43.0509,43.07,424,0
2015-08-05,16:20:00,43.1199,43.1199,43.1199,43.1199,1200,0
2015-08-05,16:25:00,43.1,43.14,43.1,43.13,10508,0
2015-08-05,16:30:00,43.0812,43.1299,43.0812,43.1299,2140,0
2015-08-05,16:35:00,43.1,43.1,43.1,43.1,200,0
2015-08-05,16:40:00,43.07,43.12,43.07,43.12,521,0
2015-08-05,16:45:00,43.0501,43.11,43.05,43.05,4985,0
2015-08-05,16:50:00,43.055,43.07,43.055,43.07,1500,0
2015-08-05,16:55:00,43.0784,43.0784,43.0784,43.0784,258,0
2015-08-05,17:00:00,43.08,43.08,43.08,43.08,100,0
2015-08-05,17:05:00,43.07,43.07,43.07,43.07,100,0
2015-08-05,17:10:00,43.08,43.08,43.08,43.08,500,0
2015-08-05,17:15:00,43.0999,43.0999,43.08,43.08,336,0
2015-08-05,17:20:00,43.12,43.1298,43.12,43.12,1360,0
2015-08-05,17:25:00,43.1399,43.14,43.125,43.13,68687,0
2015-08-05,17:30:00,43.125,43.13,43.12,43.12,7282,0
2015-08-05,17:35:00,43.13,43.13,43.1201,43.13,901,0
2015-08-05,17:40:00,43.13,43.135,43.13,43.135,300,0
2015-08-05,17:45:00,43.13,43.13,43.13,43.13,3980,0
2015-08-05,17:50:00,43.11,43.11,43.1,43.11,2220,0
2015-08-05,17:55:00,43.06,43.06,43.05,43.06,97883,0
2015-08-05,18:00:00,43.06,43.06,43.06,43.06,1000,0
2015-08-05,18:05:00,43.07,43.07,43.06,43.0699,3000,0
2015-08-05,18:10:00,43.07,43.11,43.07,43.09,8933,0
2015-08-05,18:15:00,43.09,43.1,43.09,43.09,600,0
2015-08-05,18:20:00,43.09,43.09,43.07,43.07,2608,0
2015-08-05,18:25:00,43.08,43.08,43.08,43.08,507,0
2015-08-05,18:30:00,43.06,43.06,43.06,43.06,100,0
2015-08-05,18:35:00,43.0665,43.08,43.06,43.06,2068,0
2015-08-05,18:40:00,43.062,43.08,43.062,43.08,3779,0
2015-08-05,18:45:00,43.07,43.07,43.0445,43.0445,7360,0
2015-08-05,18:50:00,43.05,43.096,43.05,43.096,356,0
2015-08-05,18:55:00,43.08,43.1,43.0101,43.09,148232,0
2015-08-05,19:05:00,43.1,43.13,43.095,43.11,15500,0
2015-08-05,19:10:00,43.11,43.11,43.11,43.11,100,0
2015-08-05,19:15:00,43.1,43.1,43.07,43.07,5600,0
2015-08-05,19:20:00,43.03,43.03,43.03,43.03,100,0
2015-08-05,19:25:00,43.0232,43.065,43.0232,43.065,950,0
2015-08-05,19:30:00,43.04,43.05,43.0389,43.05,476,0
2015-08-05,19:35:00,43.05,43.05,43.04,43.04,8600,0
2015-08-05,19:45:00,43.05,43.06,43.04,43.04,400,0
2015-08-05,19:50:00,43.04,43.07,43.02,43.06,5229,0
2015-08-05,19:55:00,43.0538,43.0538,43.04,43.0499,3083,0
2015-08-05,20:00:00,43.0202,43.0872,43.0202,43.0628,3163,0
2015-08-05,20:05:00,43.05,43.06,43.05,43.06,400,0
2015-08-05,20:10:00,43.06,43.06,43.06,43.06,100,0
2015-08-05,20:15:00,43.06,43.07,43.04,43.067,87950,0
2015-08-05,20:20:00,43.0699,43.0699,43.0301,43.0301,3829,0
2015-08-05,20:25:00,43.06,43.07,43.0304,43.06,4547,0
2015-08-05,20:30:00,43.0699,43.07,43.03,43.04,8599,0
2015-08-05,20:35:00,43.0301,43.08,43.0301,43.06,5004,0
2015-08-05,20:40:00,43.08,43.1,43.08,43.1,9100,0
2015-08-05,20:45:00,43.05,43.05,43.05,43.05,100,0
2015-08-05,20:50:00,43.0906,43.0906,43.0906,43.0906,556,0
2015-08-05,20:55:00,43.1,43.12,43.079,43.079,900,0
2015-08-05,21:00:00,43.1,43.12,43.08,43.085,10613,0
2015-08-05,21:05:00,43.085,43.09,43.08,43.09,1600,0
2015-08-05,21:10:00,43.0861,43.1,43.0861,43.1,4322,0
2015-08-05,21:20:00,43.1,43.12,43.1,43.1034,3300,0
2015-08-05,21:25:00,43.0923,43.1,43.09,43.1,6192,0
2015-08-05,21:30:00,43.0802,43.085,43.08,43.08,1640,0
2015-08-05,21:35:00,43.08,43.08,43.07,43.07,3044,0
2015-08-05,21:40:00,43.06,43.06,43.03,43.03,71800,0
2015-08-05,21:45:00,43.03,43.05,43.01,43.0201,4877,0
2015-08-05,21:50:00,43.0369,43.0369,43.02,43.02,2658,0
2015-08-05,21:55:00,43.02,43.03,43.02,43.03,3200,0
2015-08-05,22:00:00,43.03,43.07,43.01,43.04,118185,0
2015-08-06,15:35:00,42.92,43.029,42.92,43,16259,0
2015-08-06,15:40:00,42.95,42.95,42.87,42.87,5900,0
2015-08-06,15:45:00,42.86,42.87,42.85,42.86,2511,0
2015-08-06,15:50:00,42.88,42.88,42.8701,42.8701,467,0
2015-08-06,15:55:00,42.8944,42.8944,42.85,42.85,1017,0
2015-08-06,16:00:00,42.83,42.83,42.8299,42.8299,240,0
2015-08-06,16:05:00,42.82,42.82,42.82,42.82,100,0
2015-08-06,16:15:00,42.8599,42.8599,42.8599,42.8599,140,0
2015-08-06,16:20:00,42.8,42.8176,42.77,42.8176,8555,0
2015-08-06,16:25:00,42.8099,42.8099,42.8,42.8,1276,0
2015-08-06,16:45:00,42.84,42.84,42.83,42.83,4131,0
2015-08-06,16:50:00,42.83,42.8685,42.82,42.8685,2952,0
2015-08-06,16:55:00,42.84,42.84,42.84,42.84,200,0
2015-08-06,17:00:00,42.84,42.84,42.83,42.83,200,0
2015-08-06,17:05:00,42.86,42.87,42.8308,42.8308,1667,0
2015-08-06,17:10:00,42.84,42.85,42.84,42.84,2500,0
2015-08-06,17:15:00,42.8399,42.84,42.78,42.84,9975,0
2015-08-06,17:20:00,42.78,42.79,42.78,42.79,1700,0
2015-08-06,17:25:00,42.8276,42.8299,42.79,42.8,2789,0
2015-08-06,17:30:00,42.78,42.795,42.78,42.795,500,0
2015-08-06,17:35:00,42.74,42.75,42.725,42.73,11004,0
2015-08-06,17:40:00,42.7376,42.7376,42.7001,42.7196,708,0
2015-08-06,17:45:00,42.71,42.8,42.71,42.8,1421,0
2015-08-06,17:55:00,42.7308,42.7308,42.7308,42.7308,471,0
2015-08-06,18:00:00,42.7524,42.7524,42.7524,42.7524,223,0
2015-08-06,18:10:00,42.7256,42.7688,42.7256,42.7688,389,0
2015-08-06,18:15:00,42.76,42.77,42.76,42.77,469,0
2015-08-06,18:30:00,42.715,42.76,42.715,42.76,5741,0
2015-08-06,18:35:00,42.7599,42.76,42.7599,42.76,588,0
2015-08-06,18:45:00,42.71,42.72,42.6857,42.69,2149,0
2015-08-06,18:55:00,42.75,42.75,42.7,42.73,3567,0
2015-08-06,19:00:00,42.7499,42.7499,42.715,42.723,540,0
2015-08-06,19:05:00,42.74,42.74,42.74,42.74,100,0
2015-08-06,19:10:00,42.76,42.77,42.75,42.7558,1496,0
2015-08-06,19:15:00,42.7301,42.76,42.7301,42.76,400,0
2015-08-06,19:20:00,42.77,42.78,42.762,42.78,1712,0
2015-08-06,19:25:00,42.78,42.78,42.78,42.78,400,0
2015-08-06,19:30:00,42.79,42.79,42.79,42.79,400,0
2015-08-06,19:35:00,42.795,42.81,42.78,42.79,6577,0
2015-08-06,19:40:00,42.78,42.78,42.77,42.78,700,0
2015-08-06,19:45:00,42.77,42.7895,42.77,42.7895,2104,0
2015-08-06,19:55:00,42.79,42.79,42.79,42.79,200,0
2015-08-06,20:05:00,42.758,42.758,42.7304,42.7304,224,0
2015-08-06,20:10:00,42.75,42.7542,42.75,42.7542,226,0
2015-08-06,20:15:00,42.764,42.78,42.76,42.78,3915,0
2015-08-06,20:20:00,42.77,42.77,42.7205,42.7205,345,0
2015-08-06,20:25:00,42.75,42.775,42.75,42.775,200,0
2015-08-06,20:30:00,42.78,42.8,42.7704,42.8,636,0
2015-08-06,20:35:00,42.8,42.82,42.7904,42.7904,640,0
2015-08-06,20:40:00,42.7803,42.801,42.7803,42.801,316,0
2015-08-06,20:45:00,42.7999,42.8,42.795,42.8,750,0
2015-08-06,20:50:00,42.8,42.8096,42.7704,42.7704,3942,0
2015-08-06,20:55:00,42.8,42.8,42.7796,42.7796,1574,0
2015-08-06,21:00:00,42.7853,42.7853,42.7701,42.7837,2527,0
2015-08-06,21:05:00,42.785,42.79,42.775,42.775,1200,0
2015-08-06,21:10:00,42.7999,42.7999,42.7701,42.79,2821,0
2015-08-06,21:15:00,42.775,42.79,42.77,42.775,2512,0
2015-08-06,21:20:00,42.77,42.79,42.76,42.78,5859,0
2015-08-06,21:25:00,42.77,42.77,42.765,42.77,12407,0
2015-08-06,21:30:00,42.76,42.76,42.76,42.76,2334,0
2015-08-06,21:35:00,42.7695,42.7695,42.745,42.745,767,0
2015-08-06,21:40:00,42.7484,42.76,42.7396,42.76,780,0
2015-08-06,21:45:00,42.7796,42.8099,42.7796,42.8004,1118,0
2015-08-06,21:50:00,42.81,42.83,42.81,42.83,796,0
2015-08-06,21:55:00,42.83,42.84,42.82,42.82,2840,0
2015-08-06,22:00:00,42.84,42.87,42.83,42.84,4673,0
2015-08-07,15:35:00,42.94,42.94,42.8,42.94,3067,0
2015-08-07,15:40:00,42.9567,42.9567,42.9567,42.9567,250,0
2015-08-07,15:45:00,42.97,43,42.97,43,3000,0
2015-08-07,16:00:00,42.99,42.99,42.948,42.9851,940,0
2015-08-07,16:10:00,42.92,42.9299,42.92,42.9299,1813,0
2015-08-07,16:15:00,42.94,42.94,42.938,42.938,2627,0
2015-08-07,16:20:00,42.9399,42.95,42.89,42.89,2186,0
2015-08-07,16:30:00,42.87,42.879,42.842,42.842,675,0
2015-08-07,16:35:00,42.83,42.83,42.83,42.83,9743,0
2015-08-07,16:40:00,42.8916,42.8916,42.8916,42.8916,350,0
2015-08-07,16:45:00,42.88,42.88,42.88,42.88,450,0
2015-08-07,16:50:00,42.8601,42.8601,42.86,42.86,215,0
2015-08-07,16:55:00,42.8542,42.8542,42.8542,42.8542,100,0
2015-08-07,17:00:00,42.83,42.83,42.83,42.83,100,0
2015-08-07,17:05:00,42.8499,42.8699,42.81,42.8699,2027,0
2015-08-07,17:10:00,42.86,42.86,42.86,42.86,100,0
2015-08-07,17:15:00,42.82,42.8299,42.82,42.8299,261,0
2015-08-07,17:20:00,42.8,42.81,42.78,42.8,1777,0
2015-08-07,17:25:00,42.78,42.78,42.78,42.78,100,0
2015-08-07,17:30:00,42.7672,42.7672,42.7672,42.7672,233,0
2015-08-07,17:35:00,42.75,42.76,42.75,42.76,1457,0
2015-08-07,17:40:00,42.75,42.75,42.7101,42.724,2286,0
2015-08-07,17:45:00,42.7799,42.7799,42.7799,42.7799,225,0
2015-08-07,17:50:00,42.745,42.745,42.745,42.745,100,0
2015-08-07,17:55:00,42.7398,42.7398,42.7398,42.7398,500,0
2015-08-07,18:00:00,42.7999,42.7999,42.7999,42.7999,303,0
2015-08-07,18:10:00,42.81,42.8499,42.81,42.8499,216,0
2015-08-07,18:20:00,42.84,42.84,42.84,42.84,100,0
2015-08-07,18:25:00,42.8,42.8,42.8,42.8,100,0
2015-08-07,18:35:00,42.827,42.83,42.7801,42.7953,8720,0
2015-08-07,18:40:00,42.79,42.82,42.78,42.82,976,0
2015-08-07,19:00:00,42.78,42.7995,42.7501,42.795,2787,0
2015-08-07,19:20:00,42.798,42.798,42.798,42.798,615,0
2015-08-07,19:30:00,42.7501,42.7501,42.7501,42.7501,503,0
2015-08-07,19:35:00,42.8,42.81,42.8,42.81,2505,0
2015-08-07,19:40:00,42.8,42.8,42.8,42.8,300,0
2015-08-07,19:45:00,42.7947,42.7947,42.7947,42.7947,706,0
2015-08-07,19:55:00,42.808,42.81,42.807,42.81,807,0
2015-08-07,20:10:00,42.7445,42.75,42.725,42.725,3035,0
2015-08-07,20:15:00,42.72,42.75,42.72,42.75,755,0
2015-08-07,20:20:00,42.7446,42.7599,42.71,42.71,965,0
2015-08-07,20:25:00,42.73,42.73,42.71,42.72,14462,0
2015-08-07,20:30:00,42.7237,42.7599,42.7101,42.713,3340,0
2015-08-07,20:35:00,42.7598,42.76,42.7598,42.76,500,0
2015-08-07,20:40:00,42.79,42.79,42.79,42.79,416,0
2015-08-07,20:45:00,42.77,42.78,42.76,42.76,611,0
2015-08-07,20:50:00,42.7301,42.7301,42.7301,42.7301,230,0
2015-08-07,20:55:00,42.77,42.77,42.77,42.77,300,0
2015-08-07,21:00:00,42.78,42.799,42.764,42.7846,1007,0
2015-08-07,21:05:00,42.7703,42.7703,42.7703,42.7703,219,0
2015-08-07,21:10:00,42.77,42.77,42.77,42.77,100,0
2015-08-07,21:15:00,42.7508,42.7508,42.7508,42.7508,100,0
2015-08-07,21:20:00,42.769,42.77,42.7301,42.7301,414,0
2015-08-07,21:25:00,42.78,42.84,42.78,42.8399,3233,0
2015-08-07,21:30:00,42.78,42.82,42.78,42.81,500,0
2015-08-07,21:35:00,42.825,42.8499,42.825,42.8499,388,0
2015-08-07,21:40:00,42.86,42.86,42.833,42.848,1054,0
2015-08-07,21:45:00,42.82,42.82,42.8001,42.81,760,0
2015-08-07,21:50:00,42.82,42.82,42.802,42.802,1100,0
2015-08-07,21:55:00,42.82,42.8368,42.82,42.82,2185,0
2015-08-07,22:00:00,42.8202,42.84,42.82,42.84,1958,0
