Date,Time,Open,High,Low,Close,Volume,OpenInt
2015-06-23,15:35:00,44.55,44.66,44.55,44.635,1353,0
2015-06-23,15:40:00,44.65,44.65,44.635,44.635,700,0
2015-06-23,15:45:00,44.656,44.656,44.656,44.656,100,0
2015-06-23,15:50:00,44.645,44.645,44.64,44.64,200,0
2015-06-23,15:55:00,44.65,44.65,44.65,44.65,100,0
2015-06-23,16:00:00,44.6317,44.6317,44.6317,44.6317,296,0
2015-06-23,16:05:00,44.65,44.65,44.6,44.6,300,0
2015-06-23,16:10:00,44.6,44.6,44.6,44.6,200,0
2015-06-23,16:20:00,44.61,44.61,44.61,44.61,100,0
2015-06-23,16:25:00,44.61,44.61,44.61,44.61,100,0
2015-06-23,16:30:00,44.61,44.61,44.61,44.61,100,0
2015-06-23,16:35:00,44.61,44.61,44.58,44.58,300,0
2015-06-23,16:40:00,44.605,44.605,44.605,44.605,700,0
2015-06-23,16:50:00,44.63,44.63,44.63,44.63,100,0
2015-06-23,16:55:00,44.63,44.63,44.63,44.63,100,0
2015-06-23,17:00:00,44.58,44.58,44.58,44.58,200,0
2015-06-23,17:05:00,44.63,44.63,44.63,44.63,100,0
2015-06-23,17:10:00,44.63,44.63,44.5975,44.5975,212,0
2015-06-23,17:15:00,44.605,44.605,44.605,44.605,200,0
2015-06-23,17:20:00,44.61,44.615,44.61,44.615,1050,0
2015-06-23,17:30:00,44.63,44.63,44.63,44.63,200,0
2015-06-23,17:35:00,44.63,44.68,44.63,44.68,300,0
2015-06-23,18:10:00,44.63,44.63,44.63,44.63,700,0
2015-06-23,18:20:00,44.62,44.62,44.62,44.62,400,0
2015-06-23,18:25:00,44.6,44.63,44.6,44.62,5240,0
2015-06-23,19:25:00,44.59,44.59,44.59,44.59,1100,0
2015-06-23,19:55:00,44.601,44.601,44.601,44.601,100,0
2015-06-23,20:00:00,44.6001,44.6001,44.6,44.6,1303,0
2015-06-23,20:15:00,44.62,44.635,44.62,44.635,1314,0
2015-06-23,20:20:00,44.63,44.63,44.611,44.611,400,0
2015-06-23,20:25:00,44.621,44.621,44.621,44.621,224,0
2015-06-23,20:40:00,44.5601,44.5601,44.5601,44.5601,560,0
2015-06-23,20:45:00,44.57,44.57,44.57,44.57,1100,0
2015-06-23,21:05:00,44.615,44.615,44.615,44.615,200,0
2015-06-23,21:20:00,44.58,44.58,44.58,44.58,300,0
2015-06-23,21:25:00,44.57,44.57,44.55,44.5694,3036,0
2015-06-23,21:30:00,44.57,44.57,44.57,44.57,500,0
2015-06-23,21:45:00,44.5779,44.5779,44.57,44.57,400,0
2015-06-23,21:50:00,44.57,44.57,44.57,44.57,800,0
2015-06-23,21:55:00,44.571,44.6,44.571,44.6,400,0
2015-06-23,22:00:00,44.6,44.6199,44.59,44.6,1015,0
2015-06-24,15:35:00,44.39,44.39,44.39,44.39,404,0
2015-06-24,15:50:00,44.48,44.48,44.47,44.47,440,0
2015-06-24,16:15:00,44.5261,44.5261,44.5261,44.5261,275,0
2015-06-24,16:25:00,44.48,44.48,44.48,44.48,100,0
2015-06-24,16:30:00,44.5108,44.5108,44.5108,44.5108,129,0
2015-06-24,16:50:00,44.51,44.51,44.51,44.51,100,0
2015-06-24,17:00:00,44.49,44.49,44.49,44.49,319,0
2015-06-24,17:30:00,44.45,44.45,44.45,44.45,300,0
2015-06-24,17:40:00,44.43,44.43,44.43,44.43,193,0
2015-06-24,17:45:00,44.47,44.47,44.47,44.47,495,0
2015-06-24,18:05:00,44.4,44.4,44.4,44.4,200,0
2015-06-24,18:10:00,44.38,44.38,44.38,44.38,200,0
2015-06-24,18:20:00,44.41,44.41,44.41,44.41,100,0
2015-06-24,18:30:00,44.425,44.425,44.4075,44.4075,370,0
2015-06-24,18:35:00,44.38,44.4059,44.38,44.4059,200,0
2015-06-24,18:45:00,44.381,44.381,44.381,44.381,100,0
2015-06-24,18:50:00,44.39,44.404,44.39,44.404,1686,0
2015-06-24,19:00:00,44.351,44.3685,44.351,44.3685,342,0
2015-06-24,19:20:00,44.364,44.364,44.34,44.34,1000,0
2015-06-24,19:40:00,44.3223,44.3223,44.3223,44.3223,125,0
2015-06-24,19:50:00,44.28,44.33,44.28,44.33,727,0
2015-06-24,20:00:00,44.3378,44.3378,44.3378,44.3378,750,0
2015-06-24,20:05:00,44.36,44.36,44.36,44.36,327,0
2015-06-24,20:20:00,44.335,44.335,44.335,44.335,395,0
2015-06-24,20:35:00,44.3009,44.3391,44.3009,44.3391,450,0
2015-06-24,21:00:00,44.38,44.38,44.38,44.38,100,0
2015-06-24,21:05:00,44.3456,44.3456,44.3456,44.3456,503,0
2015-06-24,21:15:00,44.38,44.38,44.38,44.38,791,0
2015-06-24,21:30:00,44.34,44.364,44.34,44.364,1040,0
2015-06-24,21:50:00,44.412,44.412,44.412,44.412,224,0
2015-06-24,21:55:00,44.31,44.31,44.31,44.31,500,0
2015-06-24,22:00:00,44.3,44.3,44.3,44.3,100,0
2015-06-25,15:35:00,44.39,44.39,44.39,44.39,809,0
2015-06-25,15:40:00,44.3065,44.41,44.3065,44.41,5475,0
2015-06-25,15:55:00,44.2976,44.315,44.2976,44.305,1276,0
2015-06-25,16:00:00,44.295,44.31,44.295,44.31,200,0
2015-06-25,16:15:00,44.31,44.31,44.31,44.31,100,0
2015-06-25,16:25:00,44.31,44.32,44.31,44.32,226,0
2015-06-25,16:30:00,44.276,44.276,44.276,44.276,100,0
2015-06-25,16:35:00,44.35,44.35,44.35,44.35,100,0
2015-06-25,16:45:00,44.31,44.31,44.31,44.31,100,0
2015-06-25,16:50:00,44.31,44.31,44.31,44.31,100,0
2015-06-25,17:10:00,44.35,44.35,44.35,44.35,300,0
2015-06-25,17:15:00,44.344,44.344,44.3161,44.3161,299,0
2015-06-25,17:25:00,44.33,44.33,44.33,44.33,100,0
2015-06-25,17:35:00,44.38,44.38,44.38,44.38,100,0
2015-06-25,17:40:00,44.33,44.33,44.33,44.33,100,0
2015-06-25,17:50:00,44.33,44.33,44.33,44.33,100,0
2015-06-25,18:00:00,44.33,44.33,44.33,44.33,100,0
2015-06-25,18:05:00,44.29,44.29,44.281,44.281,402,0
2015-06-25,18:15:00,44.34,44.34,44.34,44.34,100,0
2015-06-25,18:20:00,44.32,44.32,44.32,44.32,100,0
2015-06-25,18:30:00,44.29,44.29,44.29,44.29,100,0
2015-06-25,18:40:00,44.29,44.29,44.29,44.29,200,0
2015-06-25,18:45:00,44.29,44.29,44.29,44.29,100,0
2015-06-25,18:50:00,44.25,44.31,44.241,44.31,900,0
2015-06-25,19:05:00,44.32,44.32,44.32,44.32,100,0
2015-06-25,19:35:00,44.36,44.36,44.36,44.36,100,0
2015-06-25,19:40:00,44.35,44.35,44.35,44.35,100,0
2015-06-25,20:05:00,44.29,44.29,44.29,44.29,100,0
2015-06-25,20:10:00,44.273,44.273,44.273,44.273,469,0
2015-06-25,20:15:00,44.26,44.26,44.26,44.26,100,0
2015-06-25,20:25:00,44.27,44.27,44.27,44.27,100,0
2015-06-25,21:10:00,44.233,44.233,44.233,44.233,200,0
2015-06-25,21:15:00,44.23,44.23,44.23,44.23,194,0
2015-06-25,21:25:00,44.201,44.201,44.201,44.201,422,0
2015-06-25,21:30:00,44.26,44.26,44.2499,44.25,724,0
2015-06-25,21:35:00,44.234,44.234,44.234,44.234,225,0
2015-06-25,21:45:00,44.21,44.21,44.21,44.21,100,0
2015-06-25,21:55:00,44.2228,44.2228,44.2228,44.2228,113,0
2015-06-25,22:00:00,44.22,44.24,44.22,44.24,400,0
2015-06-26,15:35:00,44.18,44.18,44.1032,44.1032,4891,0
2015-06-26,15:45:00,44.06,44.06,44.06,44.06,120,0
2015-06-26,15:50:00,44.05,44.05,44.05,44.05,100,0
2015-06-26,15:55:00,44.04,44.04,44.04,44.04,200,0
2015-06-26,16:00:00,44.04,44.1399,44.04,44.1399,667,0
2015-06-26,16:05:00,44.13,44.13,44.0907,44.0907,210,0
2015-06-26,16:20:00,44.1899,44.1899,44.173,44.173,244,0
2015-06-26,16:30:00,44.101,44.13,44.101,44.13,780,0
2015-06-26,16:35:00,44.14,44.14,44.14,44.14,100,0
2015-06-26,16:40:00,44.13,44.13,44.13,44.13,100,0
2015-06-26,16:45:00,44.15,44.15,44.1,44.1,200,0
2015-06-26,16:50:00,44.0701,44.0701,44.05,44.05,562,0
2015-06-26,17:00:00,44.05,44.05,43.99,43.99,1700,0
2015-06-26,17:25:00,44.01,44.06,44,44.06,3000,0
2015-06-26,17:30:00,44.05,44.05,44.05,44.05,100,0
2015-06-26,17:40:00,43.9407,43.9407,43.9407,43.9407,170,0
2015-06-26,17:45:00,43.97,43.97,43.97,43.97,100,0
2015-06-26,17:50:00,43.985,43.985,43.985,43.985,200,0
2015-06-26,18:00:00,43.99,43.99,43.99,43.99,200,0
2015-06-26,18:10:00,44,44,44,44,100,0
2015-06-26,18:35:00,43.99,43.99,43.941,43.964,800,0
2015-06-26,18:45:00,43.94,43.9699,43.94,43.9699,1544,0
2015-06-26,19:05:00,43.94,43.94,43.94,43.94,100,0
2015-06-26,19:10:00,43.94,43.94,43.9001,43.9001,201,0
2015-06-26,19:15:00,43.93,43.93,43.93,43.93,237,0
2015-06-26,19:40:00,43.92,43.92,43.92,43.92,100,0
2015-06-26,19:45:00,43.92,43.96,43.92,43.96,400,0
2015-06-26,20:05:00,43.9399,43.94,43.9226,43.9226,350,0
2015-06-26,20:10:00,43.9101,43.94,43.9101,43.94,700,0
2015-06-26,20:15:00,43.93,43.93,43.93,43.93,100,0
2015-06-26,20:20:00,43.91,43.91,43.91,43.91,273,0
2015-06-26,20:35:00,43.9204,43.9204,43.9204,43.9204,119,0
2015-06-26,20:40:00,43.9,43.9,43.9,43.9,100,0
2015-06-26,20:50:00,43.94,43.94,43.94,43.94,200,0
2015-06-26,21:00:00,43.96,43.96,43.96,43.96,112,0
2015-06-26,21:35:00,44.01,44.01,44.01,44.01,100,0
2015-06-26,21:40:00,44.0439,44.0439,44.001,44.01,964,0
2015-06-26,21:50:00,44.028,44.028,44.02,44.02,1188,0
2015-06-26,22:00:00,44.002,44.002,44,44,300,0
2015-06-29,15:35:00,43.18,43.18,43.18,43.18,1450,0
2015-06-29,15:40:00,43.3699,43.3699,43.3699,43.3699,799,0
2015-06-29,16:00:00,43.27,43.27,43.27,43.27,887,0
2015-06-29,16:05:00,43.334,43.334,43.2636,43.2636,7350,0
2015-06-29,16:15:00,43.3056,43.3056,43.3056,43.3056,250,0
2015-06-29,16:20:00,43.32,43.32,43.32,43.32,100,0
2015-06-29,16:30:00,43.2276,43.2276,43.2276,43.2276,365,0
2015-06-29,16:35:00,43.18,43.22,43.18,43.22,450,0
2015-06-29,17:00:00,43.242,43.242,43.242,43.242,800,0
2015-06-29,17:05:00,43.2096,43.2096,43.2,43.2,400,0
2015-06-29,17:10:00,43.2,43.2,43.1275,43.1275,1182,0
2015-06-29,17:15:00,43.176,43.176,43.15,43.15,688,0
2015-06-29,17:20:00,43.1399,43.16,43.1,43.16,6066,0
2015-06-29,17:25:00,43.08,43.08,43.08,43.08,100,0
2015-06-29,17:30:00,43.08,43.1,43.08,43.1,15600,0
2015-06-29,17:35:00,43.1,43.1,42.98,43.03,7045,0
2015-06-29,17:45:00,43.0009,43.03,43.0009,43.03,300,0
2015-06-29,17:50:00,43.03,43.05,43.03,43.05,726,0
2015-06-29,18:05:00,43.05,43.05,43.05,43.05,200,0
2015-06-29,18:10:00,43.031,43.05,43.03,43.05,886,0
2015-06-29,18:25:00,43.02,43.02,43.02,43.02,100,0
2015-06-29,18:35:00,42.98,42.98,42.98,42.98,200,0
2015-06-29,18:40:00,42.959,43.011,42.94,42.94,2240,0
2015-06-29,18:45:00,42.961,43,42.96,42.9899,816,0
2015-06-29,18:55:00,42.92,43,42.92,42.96,830,0
2015-06-29,19:00:00,42.9226,42.95,42.9226,42.95,400,0
2015-06-29,19:40:00,43.03,43.03,43.03,43.03,20417,0
2015-06-29,20:00:00,43.0256,43.0256,43.0256,43.0256,150,0
2015-06-29,20:05:00,42.9607,42.9817,42.9607,42.9817,202,0
2015-06-29,20:15:00,43.01,43.01,43.01,43.01,200,0
2015-06-29,20:45:00,43.04,43.04,43.03,43.03,200,0
2015-06-29,20:55:00,42.984,42.986,42.96,42.986,1010,0
2015-06-29,21:15:00,42.9376,43.0099,42.9376,43.0099,1459,0
2015-06-29,21:20:00,42.9585,42.9585,42.9585,42.9585,130,0
2015-06-29,21:25:00,42.97,42.97,42.97,42.97,350,0
2015-06-29,21:30:00,42.93,42.93,42.87,42.9199,2670,0
2015-06-29,21:35:00,42.885,42.89,42.885,42.89,500,0
2015-06-29,21:40:00,42.8886,42.8886,42.8886,42.8886,110,0
2015-06-29,21:50:00,42.75,42.8499,42.75,42.8499,1585,0
2015-06-29,21:55:00,42.8,42.8,42.774,42.79,700,0
2015-06-29,22:00:00,42.79,42.79,42.74,42.75,309,0
2015-06-30,15:35:00,43.11,43.11,43.11,43.11,1130,0
2015-06-30,16:00:00,42.91,42.94,42.86,42.86,2217,0
2015-06-30,16:05:00,42.87,42.98,42.87,42.93,3100,0
2015-06-30,16:10:00,42.95,42.95,42.93,42.93,400,0
2015-06-30,16:15:00,42.889,42.889,42.889,42.889,500,0
2015-06-30,16:20:00,42.84,42.84,42.84,42.84,300,0
2015-06-30,16:25:00,42.854,42.854,42.854,42.854,300,0
2015-06-30,16:45:00,42.82,42.82,42.81,42.81,400,0
2015-06-30,16:55:00,42.8048,42.86,42.8048,42.86,13057,0
2015-06-30,17:00:00,42.78,42.78,42.78,42.78,200,0
2015-06-30,17:05:00,42.7404,42.7404,42.74,42.74,691,0
2015-06-30,17:15:00,42.75,42.75,42.75,42.75,250,0
2015-06-30,17:25:00,42.7784,42.7784,42.7784,42.7784,300,0
2015-06-30,17:30:00,42.67,42.6709,42.6302,42.6302,3672,0
2015-06-30,17:35:00,42.63,42.63,42.602,42.602,260,0
2015-06-30,17:40:00,42.461,42.461,42.46,42.46,2168,0
2015-06-30,17:50:00,42.46,42.5,42.46,42.5,1000,0
2015-06-30,17:55:00,42.4604,42.4604,42.4604,42.4604,409,0
2015-06-30,18:00:00,42.49,42.49,42.465,42.465,615,0
2015-06-30,18:05:00,42.5099,42.5099,42.486,42.486,650,0
2015-06-30,18:10:00,42.52,42.536,42.52,42.536,1670,0
2015-06-30,18:25:00,42.4999,42.4999,42.4999,42.4999,4513,0
2015-06-30,18:30:00,42.399,42.399,42.399,42.399,300,0
2015-06-30,18:35:00,42.4102,42.4102,42.4102,42.4102,100,0
2015-06-30,18:50:00,42.47,42.47,42.4201,42.4201,1034,0
2015-06-30,18:55:00,42.48,42.48,42.45,42.47,1900,0
2015-06-30,19:20:00,42.4799,42.4799,42.47,42.47,1245,0
2015-06-30,19:30:00,42.47,42.5,42.47,42.5,245,0
2015-06-30,19:55:00,42.61,42.61,42.61,42.61,600,0
2015-06-30,20:00:00,42.594,42.594,42.594,42.594,261,0
2015-06-30,20:15:00,42.78,42.79,42.78,42.79,1400,0
2015-06-30,20:20:00,42.78,42.78,42.78,42.78,250,0
2015-06-30,20:30:00,42.7,42.72,42.7,42.72,575,0
2015-06-30,20:45:00,42.75,42.75,42.75,42.75,800,0
2015-06-30,20:50:00,42.72,42.72,42.72,42.72,247,0
2015-06-30,20:55:00,42.683,42.683,42.683,42.683,300,0
2015-06-30,21:00:00,42.61,42.621,42.61,42.621,900,0
2015-06-30,21:05:00,42.67,42.67,42.67,42.67,300,0
2015-06-30,21:10:00,42.6373,42.6373,42.6373,42.6373,100,0
2015-06-30,21:20:00,42.5669,42.5669,42.54,42.54,607,0
2015-06-30,21:25:00,42.58,42.59,42.5,42.5,552,0
2015-06-30,21:30:00,42.5499,42.5499,42.5499,42.5499,300,0
2015-06-30,21:35:00,42.5531,42.5531,42.5531,42.5531,295,0
2015-06-30,21:40:00,42.5899,42.5899,42.545,42.545,543,0
2015-06-30,21:45:00,42.53,42.53,42.53,42.53,900,0
2015-06-30,21:50:00,42.54,42.59,42.54,42.59,300,0
2015-06-30,22:00:00,42.56,42.56,42.56,42.56,129,0
2015-07-01,15:35:00,42.88,42.88,42.88,42.88,1969,0
2015-07-01,15:55:00,42.84,42.85,42.78,42.8135,1611,0
2015-07-01,16:00:00,42.8647,42.8647,42.8647,42.8647,100,0
2015-07-01,16:10:00,42.9,42.9,42.9,42.9,100,0
2015-07-01,16:40:00,42.7525,42.7525,42.7525,42.7525,100,0
2015-07-01,16:45:00,42.74,42.74,42.72,42.72,400,0
2015-07-01,16:50:00,42.71,42.71,42.71,42.71,100,0
2015-07-01,16:55:00,42.66,42.66,42.66,42.66,100,0
2015-07-01,17:25:00,42.7876,42.7876,42.75,42.75,346,0
2015-07-01,17:35:00,42.71,42.727,42.7,42.727,369,0
2015-07-01,17:40:00,42.73,42.75,42.7299,42.75,300,0
2015-07-01,17:50:00,42.714,42.714,42.714,42.714,800,0
2015-07-01,18:15:00,42.6805,42.6805,42.6805,42.6805,100,0
2015-07-01,18:40:00,42.662,42.662,42.662,42.662,117,0
2015-07-01,18:50:00,42.6153,42.6153,42.6153,42.6153,219,0
2015-07-01,18:55:00,42.6298,42.6298,42.6102,42.6102,823,0
2015-07-01,19:20:00,42.598,42.598,42.598,42.598,163,0
2015-07-01,19:40:00,42.553,42.553,42.553,42.553,363,0
2015-07-01,19:50:00,42.6299,42.6299,42.6299,42.6299,202,0
2015-07-01,20:05:00,42.514,42.526,42.5,42.5,700,0
2015-07-01,20:10:00,42.5128,42.5128,42.5128,42.5128,100,0
2015-07-01,20:15:00,42.5001,42.5001,42.5001,42.5001,260,0
2015-07-01,20:25:00,42.5104,42.5104,42.5104,42.5104,115,0
2015-07-01,20:30:00,42.5101,42.5101,42.5101,42.5101,240,0
2015-07-01,20:50:00,42.5127,42.5127,42.5127,42.5127,900,0
2015-07-01,21:00:00,42.501,42.501,42.5,42.5,500,0
2015-07-01,21:20:00,42.5108,42.5108,42.5108,42.5108,150,0
2015-07-01,21:30:00,42.56,42.56,42.56,42.56,100,0
2015-07-01,21:40:00,42.554,42.554,42.554,42.554,208,0
2015-07-01,21:45:00,42.5414,42.5414,42.53,42.53,1450,0
2015-07-01,21:50:00,42.538,42.538,42.53,42.53,900,0
2015-07-01,22:00:00,42.5601,42.59,42.5601,42.59,367,0
2015-07-02,15:35:00,42.8,42.8,42.8,42.8,101,0
2015-07-02,16:20:00,42.87,42.9,42.87,42.9,300,0
2015-07-02,16:25:00,42.9,42.9,42.9,42.9,100,0
2015-07-02,17:15:00,42.88,42.88,42.87,42.87,218,0
2015-07-02,17:35:00,42.8,42.8001,42.8,42.8001,800,0
2015-07-02,17:55:00,42.79,42.79,42.79,42.79,400,0
2015-07-02,18:05:00,42.821,42.821,42.82,42.82,200,0
2015-07-02,18:25:00,42.8,42.8,42.8,42.8,100,0
2015-07-02,19:30:00,42.721,42.722,42.721,42.722,554,0
2015-07-02,19:40:00,42.75,42.785,42.75,42.785,544,0
2015-07-02,19:50:00,42.76,42.76,42.76,42.76,100,0
2015-07-02,21:20:00,42.76,42.76,42.76,42.76,400,0
2015-07-02,21:25:00,42.761,42.78,42.761,42.78,700,0
2015-07-02,21:40:00,42.8399,42.8399,42.8399,42.8399,210,0
2015-07-02,21:50:00,42.78,42.78,42.78,42.78,100,0
2015-07-02,21:55:00,42.8198,42.8198,42.8198,42.8198,1000,0
2015-07-06,15:35:00,41.93,41.93,41.84,41.845,2237,0
2015-07-06,15:40:00,41.84,41.84,41.84,41.84,1453,0
2015-07-06,15:55:00,41.9,41.9,41.85,41.86,55004,0
2015-07-06,16:00:00,41.86,41.9,41.85,41.89,38825,0
2015-07-06,16:05:00,41.92,41.93,41.92,41.93,447,0
2015-07-06,16:15:00,41.89,41.89,41.88,41.88,5400,0
2015-07-06,16:30:00,41.91,41.95,41.91,41.922,1250,0
2015-07-06,16:35:00,41.97,41.97,41.97,41.97,100,0
2015-07-06,16:40:00,42.059,42.059,42.059,42.059,100,0
2015-07-06,16:50:00,42.06,42.08,42.06,42.08,280,0
2015-07-06,17:00:00,42.12,42.12,42.11,42.11,200,0
2015-07-06,17:15:00,42.05,42.05,41.975,41.975,1030,0
2015-07-06,17:25:00,41.94,41.94,41.94,41.94,200,0
2015-07-06,17:30:00,41.95,41.95,41.95,41.95,600,0
2015-07-06,17:35:00,41.92,41.92,41.92,41.92,600,0
2015-07-06,17:55:00,41.9404,41.9404,41.9404,41.9404,102,0
2015-07-06,18:00:00,41.97,41.97,41.97,41.97,29206,0
2015-07-06,18:10:00,41.955,41.955,41.955,41.955,400,0
2015-07-06,18:30:00,42.04,42.04,42.04,42.04,255,0
2015-07-06,18:35:00,42,42,42,42,2400,0
2015-07-06,19:05:00,41.9999,41.9999,41.9999,41.9999,100,0
2015-07-06,19:20:00,41.95,41.95,41.93,41.93,300,0
2015-07-06,20:00:00,41.8199,41.8199,41.8199,41.8199,100,0
2015-07-06,20:05:00,41.729,41.729,41.71,41.71,2100,0
2015-07-06,20:10:00,41.7,41.7,41.7,41.7,400,0
2015-07-06,20:15:00,41.71,41.7408,41.7,41.7408,800,0
2015-07-06,20:25:00,41.74,41.74,41.74,41.74,100,0
2015-07-06,20:30:00,41.72,41.72,41.72,41.72,100,0
2015-07-06,20:40:00,41.701,41.71,41.701,41.71,214,0
2015-07-06,21:10:00,41.6701,41.6701,41.6701,41.6701,550,0
2015-07-06,21:20:00,41.683,41.683,41.683,41.683,300,0
2015-07-06,21:25:00,41.71,41.71,41.71,41.71,300,0
2015-07-06,21:30:00,41.6808,41.6808,41.6808,41.6808,2400,0
2015-07-06,21:35:00,41.71,41.72,41.71,41.72,300,0
2015-07-06,21:45:00,41.71,41.72,41.71,41.72,300,0
2015-07-06,21:50:00,41.8199,41.8199,41.72,41.73,930,0
2015-07-06,21:55:00,41.73,41.75,41.73,41.75,400,0
2015-07-06,22:00:00,41.75,41.81,41.75,41.81,1600,0
2015-07-07,15:35:00,41.4,41.4332,41.24,41.4332,2389,0
2015-07-07,15:45:00,41.3055,41.3055,41.3055,41.3055,499,0
2015-07-07,15:50:00,41.2746,41.2746,41.2746,41.2746,500,0
2015-07-07,15:55:00,41.32,41.32,41.32,41.32,100,0
2015-07-07,16:25:00,41.18,41.18,41.04,41.04,5805,0
2015-07-07,16:30:00,41.01,41.01,41.01,41.01,100,0
2015-07-07,16:35:00,41,41.04,40.92,40.95,11882,0
2015-07-07,16:40:00,40.95,40.95,40.8,40.85,21090,0
2015-07-07,16:50:00,40.86,40.91,40.85,40.91,2797,0
2015-07-07,16:55:00,40.9046,40.96,40.9046,40.96,551,0
2015-07-07,17:00:00,40.95,41.06,40.95,40.95,700,0
2015-07-07,17:15:00,40.96,41.01,40.87,41.01,7600,0
2015-07-07,17:25:00,40.91,40.91,40.9,40.9,505,0
2015-07-07,17:35:00,40.87,40.87,40.87,40.87,200,0
2015-07-07,17:40:00,40.87,40.87,40.87,40.87,100,0
2015-07-07,17:55:00,40.92,40.943,40.92,40.92,1300,0
2015-07-07,18:10:00,41,41,40.99,40.99,240,0
2015-07-07,18:35:00,41.02,41.02,41.02,41.02,410,0
2015-07-07,18:50:00,41.06,41.06,41.06,41.06,200,0
2015-07-07,18:55:00,41.0401,41.0401,41.04,41.04,700,0
2015-07-07,19:00:00,41.096,41.096,41.096,41.096,100,0
2015-07-07,19:35:00,41.3,41.3,41.3,41.3,220,0
2015-07-07,19:40:00,41.25,41.2592,41.25,41.2592,450,0
2015-07-07,19:45:00,41.28,41.28,41.28,41.28,100,0
2015-07-07,20:10:00,41.32,41.32,41.32,41.32,100,0
2015-07-07,20:25:00,41.2722,41.2722,41.2722,41.2722,358,0
2015-07-07,20:30:00,41.2533,41.2533,41.2533,41.2533,200,0
2015-07-07,20:40:00,41.29,41.29,41.28,41.29,456,0
2015-07-07,20:50:00,41.37,41.37,41.37,41.37,600,0
2015-07-07,21:10:00,41.4775,41.52,41.4775,41.52,2009,0
2015-07-07,21:15:00,41.55,41.58,41.55,41.58,2066,0
2015-07-07,21:20:00,41.59,41.59,41.54,41.54,500,0
2015-07-07,21:30:00,41.58,41.58,41.58,41.58,200,0
2015-07-07,21:35:00,41.79,41.8,41.79,41.8,2500,0
2015-07-07,21:45:00,41.77,41.77,41.7,41.7,2300,0
2015-07-07,21:50:00,41.67,41.67,41.67,41.67,400,0
2015-07-07,21:55:00,41.71,41.76,41.71,41.76,3950,0
2015-07-07,22:00:00,41.74,41.74,41.73,41.74,2459,0
2015-07-08,15:35:00,41.22,41.22,41.15,41.15,3500,0
2015-07-08,15:40:00,41.16,41.35,41.16,41.2,2050,0
2015-07-08,15:45:00,41.254,41.254,41.254,41.254,240,0
2015-07-08,15:55:00,41.17,41.17,41.1501,41.17,800,0
2015-07-08,16:00:00,41.15,41.15,41.13,41.13,600,0
2015-07-08,16:10:00,41.04,41.044,41.015,41.04,400,0
2015-07-08,16:15:00,41.08,41.08,41.08,41.08,100,0
2015-07-08,16:20:00,41.06,41.14,41.06,41.06,800,0
2015-07-08,16:45:00,41.04,41.04,41.03,41.03,300,0
2015-07-08,16:50:00,41.06,41.1,41.06,41.1,200,0
2015-07-08,16:55:00,41.135,41.2296,41.135,41.2296,1515,0
2015-07-08,17:00:00,41.215,41.27,41.17,41.27,700,0
2015-07-08,17:05:00,41.21,41.21,41.21,41.21,1055,0
2015-07-08,17:15:00,41.2,41.2,41.2,41.2,200,0
2015-07-08,17:20:00,41.18,41.18,41.16,41.16,350,0
2015-07-08,17:25:00,41.18,41.1945,41.16,41.1945,1150,0
2015-07-08,17:40:00,41.19,41.19,41.17,41.17,600,0
2015-07-08,18:00:00,41.1201,41.15,41.1201,41.15,1700,0
2015-07-08,18:05:00,41.1251,41.1251,41.1251,41.1251,120,0
2015-07-08,18:15:00,41.17,41.17,41.17,41.17,7187,0
2015-07-08,18:20:00,41.101,41.18,41.1,41.18,1000,0
2015-07-08,18:30:00,41.11,41.11,41.11,41.11,100,0
2015-07-08,19:05:00,41.1,41.1,41.1,41.1,100,0
2015-07-08,19:25:00,41.04,41.14,41.04,41.041,300,0
2015-07-08,19:50:00,41.05,41.05,41.05,41.05,150,0
2015-07-08,20:00:00,41.11,41.11,41.11,41.11,100,0
2015-07-08,20:20:00,41.08,41.08,41.08,41.08,200,0
2015-07-08,20:30:00,41.103,41.103,41.103,41.103,100,0
2015-07-08,20:50:00,41.03,41.03,40.93,40.93,1074,0
2015-07-08,20:55:00,41,41,40.906,40.906,400,0
2015-07-08,21:00:00,40.98,40.99,40.98,40.99,400,0
2015-07-08,21:05:00,40.98,40.98,40.98,40.98,100,0
2015-07-08,21:20:00,41.0556,41.0556,41.0556,41.0556,100,0
2015-07-08,21:35:00,41.0142,41.0142,41.01,41.01,1074,0
2015-07-08,21:40:00,41,41,41,41,100,0
2015-07-08,21:45:00,41.09,41.09,41.09,41.09,1000,0
2015-07-09,15:35:00,41.81,41.81,41.81,41.81,1470,0
2015-07-09,15:40:00,41.8263,41.8263,41.8263,41.8263,1000,0
2015-07-09,15:55:00,41.8101,41.82,41.8101,41.82,200,0
2015-07-09,16:30:00,41.78,41.78,41.64,41.64,600,0
2015-07-09,16:35:00,41.67,41.67,41.664,41.664,957,0
2015-07-09,16:50:00,41.68,41.69,41.68,41.69,200,0
2015-07-09,16:55:00,41.69,41.75,41.69,41.73,600,0
2015-07-09,17:35:00,41.874,41.874,41.874,41.874,120,0
2015-07-09,17:40:00,41.83,41.83,41.83,41.83,200,0
2015-07-09,17:45:00,41.83,41.83,41.769,41.77,2900,0
2015-07-09,17:50:00,41.75,41.82,41.7401,41.7943,1100,0
2015-07-09,18:25:00,41.65,41.664,41.65,41.664,491,0
2015-07-09,18:45:00,41.61,41.61,41.6,41.605,469,0
2015-07-09,18:50:00,41.59,41.65,41.59,41.65,600,0
2015-07-09,19:00:00,41.6839,41.6839,41.6839,41.6839,2112,0
2015-07-09,19:40:00,41.58,41.58,41.58,41.58,100,0
2015-07-09,19:45:00,41.651,41.651,41.651,41.651,155,0
2015-07-09,20:00:00,41.6328,41.6328,41.6328,41.6328,595,0
2015-07-09,20:25:00,41.55,41.55,41.55,41.55,100,0
2015-07-09,20:35:00,41.54,41.54,41.54,41.54,100,0
2015-07-09,20:40:00,41.5405,41.5405,41.5401,41.5401,400,0
2015-07-09,21:00:00,41.61,41.61,41.6,41.6,735,0
2015-07-09,21:10:00,41.66,41.66,41.66,41.66,100,0
2015-07-09,21:20:00,41.7,41.7001,41.68,41.7,700,0
2015-07-09,21:30:00,41.6705,41.6705,41.6,41.63,7005,0
2015-07-09,21:35:00,41.62,41.62,41.58,41.62,1600,0
2015-07-09,21:55:00,41.594,41.6,41.594,41.6,200,0
2015-07-09,22:00:00,41.63,41.63,41.59,41.59,200,0
2015-07-10,15:35:00,42.43,42.43,42.43,42.43,731,0
2015-07-10,16:25:00,42.895,42.895,42.87,42.87,200,0
2015-07-10,16:35:00,42.85,42.85,42.85,42.85,400,0
2015-07-10,16:40:00,42.8757,42.8757,42.8757,42.8757,100,0
2015-07-10,16:50:00,42.85,42.85,42.85,42.85,300,0
2015-07-10,17:00:00,42.86,42.86,42.86,42.86,700,0
2015-07-10,17:10:00,42.9537,42.9537,42.95,42.95,749,0
2015-07-10,17:30:00,42.921,42.93,42.921,42.93,840,0
2015-07-10,17:50:00,42.99,43,42.99,43,1518,0
2015-07-10,18:25:00,43.0915,43.0915,43.0915,43.0915,101,0
2015-07-10,19:20:00,42.95,42.95,42.95,42.95,130,0
2015-07-10,19:45:00,42.98,42.98,42.9401,42.9401,309,0
2015-07-10,19:50:00,42.93,42.93,42.93,42.93,200,0
2015-07-10,20:10:00,42.99,43,42.985,43,2336,0
2015-07-10,20:15:00,42.9705,42.9705,42.9705,42.9705,217,0
2015-07-10,20:20:00,42.9708,43.05,42.9708,43.05,947,0
2015-07-10,20:35:00,43,43,43,43,500,0
2015-07-10,20:40:00,43.021,43.021,43.021,43.021,200,0
2015-07-10,21:15:00,43.09,43.12,43.09,43.12,1100,0
2015-07-10,21:20:00,43.121,43.121,43.121,43.121,185,0
2015-07-10,21:35:00,43.12,43.12,43.12,43.12,100,0
2015-07-10,21:40:00,43.0804,43.104,43.0804,43.104,1687,0
2015-07-10,21:45:00,43.086,43.086,43.086,43.086,167,0
2015-07-10,21:55:00,43.1,43.1,43.1,43.1,100,0
2015-07-13,15:35:00,43.06,43.0655,43.06,43.0655,471,0
2015-07-13,15:55:00,43.01,43.01,43.01,43.01,201,0
2015-07-13,16:00:00,43.07,43.07,43.07,43.07,200,0
2015-07-13,16:20:00,43.0701,43.0701,43.0701,43.0701,400,0
2015-07-13,16:30:00,43.11,43.11,43.11,43.11,440,0
2015-07-13,17:05:00,43.0401,43.0401,43.0401,43.0401,361,0
2015-07-13,17:10:00,43.0401,43.1,43.0401,43.07,776,0
2015-07-13,17:15:00,43.07,43.07,43.07,43.07,300,0
2015-07-13,17:20:00,43.0701,43.0701,43.0701,43.0701,600,0
2015-07-13,17:25:00,43.1055,43.1055,43.1055,43.1055,100,0
2015-07-13,17:35:00,43.13,43.13,43.13,43.13,2263,0
2015-07-13,18:10:00,43.08,43.08,43.08,43.08,144,0
2015-07-13,18:15:00,43.11,43.11,43.11,43.11,200,0
2015-07-13,18:30:00,43.127,43.127,43.127,43.127,124,0
2015-07-13,19:55:00,43.04,43.04,42.9905,42.9905,719,0
2015-07-13,20:00:00,42.9857,42.9857,42.9857,42.9857,100,0
2015-07-13,20:05:00,42.99,43,42.99,43,200,0
2015-07-13,20:15:00,43.0194,43.0194,43.0194,43.0194,185,0
2015-07-13,20:25:00,43.0101,43.0101,43.0101,43.0101,225,0
2015-07-13,20:50:00,43.0599,43.0599,43.0599,43.0599,500,0
2015-07-13,21:15:00,43.0699,43.0699,43.0699,43.0699,300,0
2015-07-13,21:20:00,43.0464,43.0464,43.0464,43.0464,351,0
2015-07-13,21:30:00,43.0605,43.0803,43.0605,43.0803,400,0
2015-07-13,22:00:00,43.055,43.055,43.055,43.055,100,0
2015-07-14,15:35:00,43.19,43.19,43.19,43.19,1879,0
2015-07-14,15:55:00,43.2,43.2,43.2,43.2,100,0
2015-07-14,16:25:00,43.26,43.26,43.26,43.26,580,0
2015-07-14,16:40:00,43.27,43.2796,43.27,43.2796,500,0
2015-07-14,16:45:00,43.27,43.27,43.25,43.26,1100,0
2015-07-14,17:05:00,43.2,43.2,43.2,43.2,1200,0
2015-07-14,17:25:00,43.2101,43.2101,43.2101,43.2101,475,0
2015-07-14,17:35:00,43.2747,43.2747,43.2747,43.2747,770,0
2015-07-14,18:35:00,43.324,43.324,43.324,43.324,578,0
2015-07-14,18:45:00,43.301,43.31,43.301,43.31,200,0
2015-07-14,19:05:00,43.34,43.34,43.34,43.34,2000,0
2015-07-14,19:10:00,43.34,43.4,43.34,43.35,145329,0
2015-07-14,19:20:00,43.42,43.44,43.42,43.43,14520,0
2015-07-14,19:25:00,43.362,43.362,43.362,43.362,100,0
2015-07-14,19:35:00,43.363,43.363,43.363,43.363,305,0
2015-07-14,19:40:00,43.404,43.404,43.404,43.404,300,0
2015-07-14,20:00:00,43.38,43.3975,43.38,43.38,2000,0
2015-07-14,20:05:00,43.393,43.393,43.393,43.393,200,0
2015-07-14,20:30:00,43.401,43.401,43.401,43.401,391,0
2015-07-14,20:50:00,43.46,43.47,43.46,43.47,750,0
2015-07-14,21:15:00,43.434,43.4699,43.434,43.4699,580,0
2015-07-14,21:20:00,43.4437,43.4437,43.4437,43.4437,100,0
2015-07-14,21:30:00,43.4456,43.4456,43.4404,43.4404,600,0
2015-07-14,21:35:00,43.42,43.42,43.42,43.42,200,0
2015-07-14,21:45:00,43.429,43.429,43.429,43.429,100,0
2015-07-14,21:50:00,43.402,43.45,43.402,43.412,1214,0
2015-07-14,21:55:00,43.41,43.41,43.41,43.41,300,0
2015-07-14,22:00:00,43.41,43.41,43.41,43.41,100,0
2015-07-15,15:35:00,43.46,43.46,43.46,43.46,2245,0
2015-07-15,16:00:00,43.42,43.42,43.4,43.41,1400,0
2015-07-15,16:05:00,43.39,43.41,43.381,43.405,2325,0
2015-07-15,16:10:00,43.405,43.43,43.39,43.425,4300,0
2015-07-15,16:15:00,43.43,43.43,43.43,43.43,600,0
2015-07-15,16:25:00,43.38,43.39,43.37,43.37,4098,0
2015-07-15,16:30:00,43.38,43.38,43.38,43.38,100,0
2015-07-15,16:40:00,43.45,43.48,43.45,43.48,3200,0
2015-07-15,17:00:00,43.47,43.47,43.45,43.45,600,0
2015-07-15,17:05:00,43.45,43.48,43.45,43.47,900,0
2015-07-15,17:10:00,43.48,43.48,43.47,43.47,918,0
2015-07-15,17:15:00,43.431,43.454,43.431,43.454,1200,0
2015-07-15,17:20:00,43.4428,43.4428,43.4428,43.4428,460,0
2015-07-15,17:25:00,43.42,43.42,43.42,43.42,546,0
2015-07-15,17:30:00,43.41,43.41,43.3986,43.4,400,0
2015-07-15,17:35:00,43.43,43.43,43.43,43.43,100,0
2015-07-15,17:40:00,43.41,43.41,43.41,43.41,200,0
2015-07-15,17:55:00,43.39,43.39,43.3601,43.3601,300,0
2015-07-15,18:00:00,43.41,43.44,43.41,43.44,200,0
2015-07-15,18:10:00,43.4,43.4,43.4,43.4,100,0
2015-07-15,18:25:00,43.431,43.431,43.431,43.431,475,0
2015-07-15,18:35:00,43.458,43.47,43.458,43.47,500,0
2015-07-15,18:50:00,43.43,43.43,43.43,43.43,100,0
2015-07-15,18:55:00,43.43,43.43,43.43,43.43,600,0
2015-07-15,19:00:00,43.4,43.44,43.3999,43.44,1300,0
2015-07-15,19:20:00,43.44,43.44,43.401,43.401,715,0
2015-07-15,19:25:00,43.4,43.4,43.4,43.4,100,0
2015-07-15,20:10:00,43.385,43.385,43.385,43.385,160,0
2015-07-15,20:20:00,43.3999,43.3999,43.3999,43.3999,400,0
2015-07-15,20:40:00,43.37,43.37,43.34,43.34,200,0
2015-07-15,20:45:00,43.28,43.28,43.28,43.28,500,0
2015-07-15,20:50:00,43.28,43.28,43.219,43.219,225,0
2015-07-15,20:55:00,43.23,43.23,43.21,43.21,2500,0
2015-07-15,21:30:00,43.2,43.2693,43.2,43.2693,773,0
2015-07-15,21:35:00,43.2101,43.29,43.2101,43.24,38855,0
2015-07-15,21:45:00,43.301,43.301,43.26,43.26,330,0
2015-07-15,21:55:00,43.28,43.31,43.28,43.31,300,0
2015-07-15,22:00:00,43.34,43.34,43.3,43.339,4400,0
2015-07-16,15:35:00,43.72,43.72,43.72,43.72,907,0
2015-07-16,15:40:00,43.7487,43.7487,43.7487,43.7487,100,0
2015-07-16,15:50:00,43.78,43.78,43.78,43.78,100,0
2015-07-16,16:00:00,43.7581,43.76,43.75,43.76,7200,0
2015-07-16,16:05:00,43.76,43.82,43.73,43.75,24300,0
2015-07-16,16:10:00,43.73,43.73,43.73,43.73,785,0
2015-07-16,16:25:00,43.7528,43.7528,43.7528,43.7528,200,0
2015-07-16,16:30:00,43.76,43.78,43.76,43.7795,800,0
2015-07-16,16:35:00,43.7683,43.7683,43.7683,43.7683,100,0
2015-07-16,17:05:00,43.74,43.74,43.74,43.74,305,0
2015-07-16,17:10:00,43.76,43.76,43.72,43.75,2412,0
2015-07-16,17:25:00,43.71,43.71,43.71,43.71,100,0
2015-07-16,17:35:00,43.74,43.74,43.74,43.74,100,0
2015-07-16,17:50:00,43.7101,43.7389,43.7101,43.7389,672,0
2015-07-16,18:30:00,43.7499,43.7499,43.7499,43.7499,178,0
2015-07-16,19:30:00,43.705,43.705,43.705,43.705,100,0
2015-07-16,20:25:00,43.6686,43.6686,43.6686,43.6686,637,0
2015-07-16,20:40:00,43.6992,43.6992,43.6992,43.6992,200,0
2015-07-16,20:50:00,43.67,43.67,43.661,43.661,405,0
2015-07-16,21:10:00,43.69,43.71,43.6701,43.6701,1495,0
2015-07-16,21:15:00,43.702,43.71,43.702,43.71,220,0
2015-07-16,21:20:00,43.71,43.71,43.71,43.71,2802,0
2015-07-16,21:40:00,43.7113,43.7113,43.7113,43.7113,200,0
2015-07-16,21:55:00,43.7099,43.7099,43.7099,43.7099,180,0
2015-07-17,15:35:00,43.65,43.65,43.65,43.65,634,0
2015-07-17,16:10:00,43.58,43.58,43.48,43.4995,1100,0
2015-07-17,16:15:00,43.4884,43.49,43.47,43.48,1500,0
2015-07-17,16:20:00,43.48,43.5,43.47,43.5,3100,0
2015-07-17,16:25:00,43.47,43.48,43.47,43.48,700,0
2015-07-17,16:30:00,43.523,43.53,43.5229,43.5229,1105,0
2015-07-17,16:55:00,43.51,43.51,43.5,43.5,500,0
2015-07-17,17:00:00,43.5,43.5,43.48,43.5,500,0
2015-07-17,17:05:00,43.5,43.52,43.5,43.5,700,0
2015-07-17,17:10:00,43.54,43.54,43.54,43.54,100,0
2015-07-17,17:20:00,43.5,43.5,43.491,43.491,300,0
2015-07-17,17:40:00,43.55,43.55,43.55,43.55,100,0
2015-07-17,17:45:00,43.521,43.521,43.521,43.521,987,0
2015-07-17,17:55:00,43.52,43.54,43.52,43.54,200,0
2015-07-17,18:10:00,43.48,43.515,43.48,43.515,3800,0
2015-07-17,18:25:00,43.51,43.52,43.5,43.5,900,0
2015-07-17,18:30:00,43.54,43.54,43.54,43.54,900,0
2015-07-17,18:45:00,43.5,43.5001,43.49,43.49,2850,0
2015-07-17,18:55:00,43.5,43.5,43.5,43.5,1211,0
2015-07-17,19:25:00,43.5699,43.5699,43.5699,43.5699,200,0
2015-07-17,19:30:00,43.5184,43.5184,43.5184,43.5184,225,0
2015-07-17,19:45:00,43.5097,43.5097,43.5,43.5,640,0
2015-07-17,20:20:00,43.562,43.562,43.562,43.562,100,0
2015-07-17,20:25:00,43.5231,43.5231,43.5231,43.5231,115,0
2015-07-17,21:00:00,43.5205,43.5699,43.5205,43.5699,850,0
2015-07-17,21:05:00,43.5001,43.5001,43.5001,43.5001,800,0
2015-07-17,21:30:00,43.52,43.52,43.511,43.511,600,0
2015-07-17,21:45:00,43.531,43.531,43.531,43.531,1000,0
2015-07-17,21:50:00,43.5369,43.5369,43.53,43.53,200,0
2015-07-17,21:55:00,43.54,43.54,43.5255,43.5255,825,0
2015-07-17,22:00:00,43.521,43.521,43.521,43.521,1950,0
2015-07-20,15:45:00,43.7675,43.7675,43.7675,43.7675,152,0
2015-07-20,16:20:00,43.5301,43.5301,43.5301,43.5301,280,0
2015-07-20,16:30:00,43.66,43.66,43.66,43.66,5743,0
2015-07-20,17:10:00,43.69,43.69,43.69,43.69,1600,0
2015-07-20,17:15:00,43.65,43.6503,43.65,43.6503,230,0
2015-07-20,17:40:00,43.67,43.67,43.67,43.67,250,0
2015-07-20,17:50:00,43.65,43.65,43.65,43.65,200,0
2015-07-20,18:00:00,43.6505,43.6505,43.6505,43.6505,100,0
2015-07-20,18:10:00,43.6891,43.6891,43.6891,43.6891,1000,0
2015-07-20,18:40:00,43.6506,43.6506,43.6506,43.6506,100,0
2015-07-20,18:55:00,43.67,43.71,43.67,43.71,665,0
2015-07-20,19:15:00,43.661,43.661,43.661,43.661,321,0
2015-07-20,19:20:00,43.69,43.69,43.69,43.69,300,0
2015-07-20,19:30:00,43.6601,43.6601,43.6601,43.6601,500,0
2015-07-20,19:50:00,43.64,43.65,43.64,43.65,800,0
2015-07-20,19:55:00,43.6332,43.6332,43.6332,43.6332,150,0
2015-07-20,20:10:00,43.64,43.64,43.64,43.64,300,0
2015-07-20,20:30:00,43.65,43.65,43.65,43.65,150,0
2015-07-20,20:35:00,43.66,43.66,43.66,43.66,160,0
2015-07-20,21:00:00,43.6567,43.6567,43.6567,43.6567,600,0
2015-07-20,21:05:00,43.64,43.67,43.64,43.67,679,0
2015-07-20,21:35:00,43.61,43.61,43.61,43.61,100,0
2015-07-20,21:55:00,43.6699,43.6699,43.6699,43.6699,392,0
2015-07-21,15:35:00,43.48,43.48,43.3501,43.3501,1137,0
2015-07-21,15:45:00,43.6248,43.6248,43.6248,43.6248,115,0
2015-07-21,16:20:00,43.4701,43.5,43.4701,43.5,400,0
2015-07-21,16:55:00,43.49,43.49,43.49,43.49,1100,0
2015-07-21,17:00:00,43.4812,43.4812,43.4812,43.4812,250,0
2015-07-21,17:05:00,43.608,43.608,43.608,43.608,350,0
2015-07-21,17:15:00,43.673,43.673,43.673,43.673,1094,0
2015-07-21,18:00:00,43.5085,43.5085,43.5085,43.5085,490,0
2015-07-21,18:05:00,43.5,43.65,43.5,43.65,500,0
2015-07-21,18:45:00,43.5,43.5,43.5,43.5,200,0
2015-07-21,19:15:00,43.503,43.59,43.503,43.59,300,0
2015-07-21,19:40:00,43.5,43.5,43.43,43.43,200,0
2015-07-21,19:55:00,43.48,43.48,43.48,43.48,250,0
2015-07-21,20:10:00,43.43,43.43,43.43,43.43,131,0
2015-07-21,20:40:00,43.46,43.46,43.46,43.46,500,0
2015-07-21,20:45:00,43.5,43.53,43.5,43.53,200,0
2015-07-21,21:20:00,43.4688,43.4688,43.4688,43.4688,515,0
2015-07-21,21:45:00,43.494,43.494,43.494,43.494,300,0
2015-07-21,21:50:00,43.5012,43.5012,43.5012,43.5012,168,0
2015-07-21,21:55:00,43.45,43.46,43.45,43.46,300,0
2015-07-22,15:35:00,43.02,43.02,43.02,43.02,1143,0
2015-07-22,16:35:00,43.07,43.07,43.07,43.07,119,0
2015-07-22,16:55:00,43.19,43.19,43.19,43.19,1100,0
2015-07-22,18:15:00,43.0676,43.0676,43.0676,43.0676,115,0
2015-07-22,18:55:00,43.03,43.03,43.03,43.03,375,0
2015-07-22,19:05:00,43,43.0348,43,43.0348,503,0
2015-07-22,19:15:00,43.123,43.123,43.123,43.123,1000,0
2015-07-22,19:30:00,43.052,43.052,43,43,200,0
2015-07-22,19:35:00,43.1287,43.1287,43.1287,43.1287,100,0
2015-07-22,20:10:00,43.04,43.04,43.04,43.04,134,0
2015-07-22,21:15:00,43.07,43.07,43.07,43.07,196,0
2015-07-22,21:35:00,43.052,43.086,43.05,43.086,634,0
2015-07-22,21:40:00,43.05,43.0965,43.05,43.0965,1259,0
2015-07-22,21:55:00,43.04,43.04,43.04,43.04,100,0
2015-07-23,15:35:00,43.07,43.07,43.07,43.07,804,0
2015-07-23,15:40:00,43.0001,43.0001,43.0001,43.0001,100,0
2015-07-23,15:55:00,43.14,43.14,43.14,43.14,275,0
2015-07-23,16:05:00,42.9307,43.11,42.9307,43.11,400,0
2015-07-23,16:35:00,43.05,43.05,43.05,43.05,100,0
2015-07-23,17:00:00,43.03,43.038,43.03,43.038,1100,0
2015-07-23,17:15:00,42.9816,43.0076,42.96,42.9774,2138,0
2015-07-23,17:55:00,42.84,42.84,42.84,42.84,200,0
2015-07-23,18:15:00,42.85,42.85,42.85,42.85,150,0
2015-07-23,18:20:00,42.85,42.85,42.85,42.85,700,0
2015-07-23,18:45:00,42.8788,42.8788,42.8788,42.8788,205,0
2015-07-23,18:55:00,42.848,42.848,42.848,42.848,152,0
2015-07-23,19:40:00,42.88,42.88,42.88,42.88,200,0
2015-07-23,20:15:00,42.8856,42.888,42.8856,42.888,350,0
2015-07-23,20:50:00,42.8656,42.8656,42.8656,42.8656,100,0
2015-07-23,21:00:00,42.88,42.88,42.88,42.88,100,0
2015-07-23,21:10:00,42.8452,42.8452,42.8452,42.8452,150,0
2015-07-23,21:20:00,42.801,42.801,42.801,42.801,661,0
2015-07-23,21:30:00,42.79,42.79,42.79,42.79,125,0
2015-07-23,21:35:00,42.8299,42.8299,42.8299,42.8299,250,0
2015-07-23,21:40:00,42.761,42.796,42.761,42.796,452,0
2015-07-23,21:45:00,42.79,42.79,42.79,42.79,400,0
2015-07-23,21:50:00,42.82,42.82,42.82,42.82,200,0
2015-07-23,21:55:00,42.82,42.82,42.812,42.812,388,0
2015-07-23,22:00:00,42.81,42.82,42.81,42.82,3500,0
2015-07-24,15:35:00,42.81,42.81,42.81,42.81,2035,0
2015-07-24,15:40:00,42.85,42.85,42.85,42.85,200,0
2015-07-24,16:10:00,42.8499,42.8499,42.8499,42.8499,135,0
2015-07-24,16:20:00,42.79,42.79,42.76,42.76,200,0
2015-07-24,16:25:00,42.7895,42.7895,42.67,42.7,1136,0
2015-07-24,16:30:00,42.6895,42.6895,42.651,42.651,1394,0
2015-07-24,16:35:00,42.65,42.65,42.6319,42.6319,819,0
2015-07-24,16:40:00,42.63,42.651,42.63,42.6505,12507,0
2015-07-24,16:45:00,42.65,42.6758,42.65,42.6758,400,0
2015-07-24,16:50:00,42.63,42.63,42.63,42.63,2500,0
2015-07-24,16:55:00,42.64,42.64,42.64,42.64,100,0
2015-07-24,17:10:00,42.6,42.612,42.5908,42.5908,870,0
2015-07-24,17:15:00,42.615,42.615,42.615,42.615,100,0
2015-07-24,17:30:00,42.6,42.6,42.6,42.6,100,0
2015-07-24,18:00:00,42.555,42.555,42.555,42.555,100,0
2015-07-24,18:05:00,42.53,42.53,42.53,42.53,100,0
2015-07-24,18:15:00,42.5,42.5245,42.5,42.5245,500,0
2015-07-24,18:20:00,42.5,42.5,42.5,42.5,213,0
2015-07-24,18:40:00,42.5,42.525,42.5,42.525,500,0
2015-07-24,18:50:00,42.48,42.48,42.48,42.48,100,0
2015-07-24,18:55:00,42.47,42.47,42.47,42.47,10900,0
2015-07-24,19:05:00,42.51,42.51,42.51,42.51,100,0
2015-07-24,19:25:00,42.46,42.46,42.4485,42.4485,247,0
2015-07-24,19:30:00,42.455,42.455,42.455,42.455,100,0
2015-07-24,19:45:00,42.4,42.4,42.36,42.36,700,0
2015-07-24,21:00:00,42.3607,42.3607,42.3607,42.3607,200,0
2015-07-24,21:25:00,42.38,42.38,42.38,42.38,118,0
2015-07-27,15:35:00,42.41,42.41,42.31,42.31,9947,0
2015-07-27,15:40:00,42.3616,42.3616,42.27,42.274,798,0
2015-07-27,15:45:00,42.2701,42.3081,42.2701,42.3081,589,0
2015-07-27,15:50:00,42.29,42.29,42.29,42.29,569,0
2015-07-27,15:55:00,42.296,42.296,42.296,42.296,400,0
2015-07-27,16:00:00,42.35,42.35,42.35,42.35,1200,0
2015-07-27,16:35:00,42.32,42.32,42.32,42.32,100,0
2015-07-27,16:55:00,42.37,42.38,42.37,42.38,200,0
2015-07-27,17:10:00,42.34,42.34,42.34,42.34,100,0
2015-07-27,17:20:00,42.36,42.36,42.36,42.36,100,0
2015-07-27,17:25:00,42.3,42.3,42.3,42.3,100,0
2015-07-27,17:40:00,42.28,42.28,42.28,42.28,387,0
2015-07-27,17:45:00,42.29,42.31,42.29,42.31,200,0
2015-07-27,17:50:00,42.42,42.42,42.42,42.42,200,0
2015-07-27,18:00:00,42.35,42.35,42.31,42.31,700,0
2015-07-27,18:05:00,42.29,42.29,42.29,42.29,100,0
2015-07-27,18:15:00,42.27,42.27,42.27,42.27,100,0
2015-07-27,18:35:00,42.26,42.27,42.26,42.27,1400,0
2015-07-27,18:40:00,42.26,42.26,42.2501,42.2501,400,0
2015-07-27,18:45:00,42.26,42.27,42.26,42.261,1200,0
2015-07-27,18:50:00,42.27,42.2824,42.2607,42.2824,2221,0
2015-07-27,18:55:00,42.26,42.26,42.23,42.23,4000,0
2015-07-27,19:00:00,42.23,42.23,42.18,42.18,600,0
2015-07-27,19:05:00,42.18,42.22,42.18,42.21,1000,0
2015-07-27,19:10:00,42.2299,42.2299,42.2299,42.2299,100,0
2015-07-27,19:25:00,42.16,42.16,42.16,42.16,100,0
2015-07-27,19:30:00,42.15,42.21,42.15,42.15,1300,0
2015-07-27,19:35:00,42.152,42.152,42.1301,42.148,1550,0
2015-07-27,19:40:00,42.13,42.13,42.13,42.13,100,0
2015-07-27,19:50:00,42.155,42.155,42.1424,42.1424,750,0
2015-07-27,19:55:00,42.143,42.143,42.143,42.143,359,0
2015-07-27,20:00:00,42.16,42.16,42.16,42.16,200,0
2015-07-27,20:10:00,42.19,42.19,42.19,42.19,100,0
2015-07-27,20:15:00,42.17,42.17,42.17,42.17,2800,0
2015-07-27,20:20:00,42.2,42.2,42.2,42.2,350,0
2015-07-27,20:25:00,42.18,42.18,42.18,42.18,100,0
2015-07-27,20:35:00,42.15,42.16,42.15,42.16,575,0
2015-07-27,20:55:00,42.17,42.17,42.16,42.16,200,0
2015-07-27,21:15:00,42.1,42.1,42.1,42.1,100,0
2015-07-27,21:25:00,42.124,42.124,42.1,42.1,400,0
2015-07-27,21:35:00,42.11,42.11,42.1,42.1,1700,0
2015-07-27,21:40:00,42.1005,42.13,42.1005,42.1105,1200,0
2015-07-27,21:45:00,42.1,42.1,42.1,42.1,100,0
2015-07-27,21:55:00,42.09,42.09,42.09,42.09,100,0
2015-07-27,22:00:00,42.11,42.14,42.11,42.14,1525,0
2015-07-28,15:35:00,42.45,42.45,42.45,42.45,770,0
2015-07-28,15:55:00,42.3101,42.32,42.3101,42.32,200,0
2015-07-28,16:00:00,42.441,42.441,42.441,42.441,482,0
2015-07-28,16:05:00,42.389,42.389,42.389,42.389,500,0
2015-07-28,16:20:00,42.4,42.41,42.31,42.32,4270,0
2015-07-28,16:25:00,42.32,42.38,42.31,42.37,1700,0
2015-07-28,16:45:00,42.3245,42.3245,42.3245,42.3245,236,0
2015-07-28,16:50:00,42.31,42.3306,42.3,42.3306,848,0
2015-07-28,17:05:00,42.44,42.44,42.44,42.44,200,0
2015-07-28,17:10:00,42.436,42.436,42.436,42.436,210,0
2015-07-28,17:25:00,42.44,42.44,42.44,42.44,100,0
2015-07-28,18:20:00,42.64,42.64,42.5975,42.5975,375,0
2015-07-28,19:20:00,42.6899,42.6899,42.5712,42.5953,1323,0
2015-07-28,19:25:00,42.63,42.63,42.63,42.63,2124,0
2015-07-28,19:30:00,42.59,42.59,42.59,42.59,100,0
2015-07-28,19:40:00,42.638,42.638,42.638,42.638,356,0
2015-07-28,19:45:00,42.67,42.68,42.66,42.663,1600,0
2015-07-28,20:25:00,42.695,42.695,42.695,42.695,200,0
2015-07-28,20:45:00,42.668,42.668,42.668,42.668,545,0
2015-07-28,20:55:00,42.6799,42.6799,42.6799,42.6799,283,0
2015-07-28,21:25:00,42.6549,42.6549,42.64,42.64,573,0
2015-07-28,21:55:00,42.69,42.69,42.69,42.69,296,0
2015-07-29,15:35:00,42.78,42.78,42.78,42.78,967,0
2015-07-29,16:10:00,42.7796,42.7796,42.7796,42.7796,259,0
2015-07-29,16:15:00,42.78,42.78,42.78,42.78,100,0
2015-07-29,16:25:00,42.87,42.87,42.87,42.87,300,0
2015-07-29,16:30:00,42.86,42.88,42.86,42.88,500,0
2015-07-29,16:35:00,42.87,42.92,42.87,42.9195,1496,0
2015-07-29,16:40:00,42.885,42.95,42.885,42.95,400,0
2015-07-29,16:45:00,42.96,42.98,42.96,42.98,200,0
2015-07-29,16:50:00,42.97,42.98,42.97,42.98,400,0
2015-07-29,16:55:00,42.99,42.99,42.99,42.99,100,0
2015-07-29,17:00:00,43,43,42.98,42.98,400,0
2015-07-29,17:05:00,42.97,42.97,42.885,42.93,1700,0
2015-07-29,17:10:00,42.93,42.94,42.93,42.94,200,0
2015-07-29,17:15:00,42.95,42.95,42.94,42.94,600,0
2015-07-29,17:20:00,42.95,42.95,42.95,42.95,100,0
2015-07-29,17:25:00,42.97,42.98,42.97,42.97,1400,0
2015-07-29,17:30:00,42.9433,42.9433,42.9433,42.9433,575,0
2015-07-29,18:00:00,42.9799,42.9799,42.9201,42.9201,292,0
2015-07-29,18:10:00,42.9512,42.9512,42.9512,42.9512,757,0
2015-07-29,18:20:00,42.91,42.91,42.91,42.91,100,0
2015-07-29,18:25:00,42.91,42.91,42.8701,42.887,1500,0
2015-07-29,18:55:00,42.927,42.927,42.927,42.927,300,0
2015-07-29,19:00:00,42.93,42.93,42.93,42.93,200,0
2015-07-29,19:05:00,42.96,42.96,42.96,42.96,200,0
2015-07-29,19:10:00,42.9695,42.9695,42.9695,42.9695,100,0
2015-07-29,19:25:00,43.028,43.028,43.02,43.02,433,0
2015-07-29,20:10:00,43.1199,43.1199,43.1199,43.1199,250,0
2015-07-29,20:15:00,43.02,43.02,43.02,43.02,600,0
2015-07-29,20:50:00,43.031,43.031,43.031,43.031,100,0
2015-07-29,21:00:00,43.0613,43.0613,43.0613,43.0613,468,0
2015-07-29,21:10:00,43.05,43.05,43.05,43.05,100,0
2015-07-29,21:15:00,43.028,43.028,42.97,42.97,421,0
2015-07-29,21:20:00,42.9348,42.973,42.911,42.973,1361,0
2015-07-29,21:30:00,42.99,42.99,42.99,42.99,100,0
2015-07-29,21:35:00,42.98,42.98,42.98,42.98,200,0
2015-07-29,21:55:00,42.98,42.98,42.98,42.98,293,0
2015-07-29,22:00:00,42.93,42.97,42.93,42.97,360,0
2015-07-30,15:35:00,43,43,43,43,1782,0
2015-07-30,15:45:00,42.977,42.977,42.977,42.977,100,0
2015-07-30,15:50:00,42.885,42.885,42.885,42.885,200,0
2015-07-30,16:00:00,42.9279,42.9279,42.829,42.83,1750,0
2015-07-30,16:10:00,42.83,42.8414,42.83,42.8414,500,0
2015-07-30,16:20:00,42.89,42.89,42.8301,42.8301,1510,0
2015-07-30,16:35:00,42.9,42.9,42.9,42.9,300,0
2015-07-30,16:55:00,42.8378,42.8378,42.8378,42.8378,200,0
2015-07-30,17:05:00,42.81,42.8225,42.81,42.8225,525,0
2015-07-30,17:10:00,42.8,42.8,42.791,42.791,319,0
2015-07-30,17:20:00,42.819,42.819,42.819,42.819,212,0
2015-07-30,17:25:00,42.82,42.82,42.82,42.82,174,0
2015-07-30,17:30:00,42.9,42.93,42.9,42.93,14400,0
2015-07-30,17:35:00,42.926,42.926,42.926,42.926,100,0
2015-07-30,17:55:00,42.908,42.908,42.908,42.908,350,0
2015-07-30,18:10:00,42.88,42.89,42.88,42.89,1220,0
2015-07-30,18:15:00,42.9399,42.9399,42.9399,42.9399,2096,0
2015-07-30,18:25:00,42.93,42.93,42.93,42.93,200,0
2015-07-30,18:35:00,42.88,42.88,42.88,42.88,500,0
2015-07-30,19:15:00,42.9393,42.9393,42.88,42.88,2945,0
2015-07-30,20:35:00,42.86,42.888,42.86,42.8786,1705,0
2015-07-30,20:45:00,42.92,42.92,42.92,42.92,500,0
2015-07-30,20:50:00,42.9493,42.9493,42.9493,42.9493,139,0
2015-07-30,21:00:00,42.95,42.95,42.94,42.95,718,0
2015-07-30,21:05:00,42.9,42.91,42.9,42.91,1166,0
2015-07-30,21:10:00,42.98,42.98,42.98,42.98,165,0
2015-07-30,21:35:00,42.97,42.99,42.97,42.99,333,0
2015-07-30,21:40:00,42.99,42.99,42.99,42.99,1100,0
2015-07-30,21:50:00,43.0299,43.0399,42.95,42.95,663,0
2015-07-30,21:55:00,43.01,43.01,43.01,43.01,183,0
2015-07-30,22:00:00,43.04,43.04,43.01,43.01,600,0
2015-07-31,15:35:00,43.35,43.35,43.35,43.35,992,0
2015-07-31,15:45:00,43.298,43.298,43.298,43.298,536,0
2015-07-31,16:00:00,43.271,43.291,43.27,43.28,2700,0
2015-07-31,16:45:00,43.3499,43.3499,43.3499,43.3499,230,0
2015-07-31,16:55:00,43.3101,43.3101,43.3101,43.3101,275,0
2015-07-31,17:05:00,43.33,43.33,43.33,43.33,400,0
2015-07-31,17:30:00,43.3625,43.3625,43.3625,43.3625,363,0
2015-07-31,18:15:00,43.3658,43.3658,43.3658,43.3658,100,0
2015-07-31,18:25:00,43.4,43.4,43.4,43.4,150,0
2015-07-31,18:50:00,43.3092,43.3092,43.3092,43.3092,116,0
2015-07-31,19:10:00,43.303,43.303,43.303,43.303,171,0
2015-07-31,19:35:00,43.255,43.255,43.24,43.24,300,0
2015-07-31,19:40:00,43.24,43.24,43.24,43.24,100,0
2015-07-31,20:05:00,43.2531,43.2531,43.2531,43.2531,138,0
2015-07-31,20:10:00,43.2301,43.2301,43.2301,43.2301,677,0
2015-07-31,20:20:00,43.2699,43.2699,43.2699,43.2699,210,0
2015-07-31,20:25:00,43.22,43.2599,43.22,43.2599,333,0
2015-07-31,21:05:00,43.13,43.13,43.13,43.13,100,0
2015-07-31,21:40:00,43.12,43.1544,43.12,43.1544,304,0
2015-08-03,15:35:00,43.19,43.19,43.19,43.19,1507,0
2015-08-03,16:20:00,43.21,43.21,43.21,43.21,347,0
2015-08-03,16:25:00,43.15,43.15,43.15,43.15,200,0
2015-08-03,16:35:00,43.1014,43.1014,43.1014,43.1014,250,0
2015-08-03,16:50:00,43.13,43.13,43.13,43.13,200,0
2015-08-03,17:00:00,43.1208,43.13,43.1208,43.13,700,0
2015-08-03,17:05:00,43.13,43.13,43.13,43.13,100,0
2015-08-03,17:20:00,43.12,43.12,43.12,43.12,200,0
2015-08-03,17:25:00,43.13,43.13,43.13,43.13,100,0
2015-08-03,17:35:00,43.1508,43.1508,43.1508,43.1508,115,0
2015-08-03,17:45:00,43.15,43.15,43.15,43.15,200,0
2015-08-03,18:20:00,43.11,43.11,43.05,43.07,1000,0
2015-08-03,19:05:00,42.95,42.95,42.95,42.95,134,0
2015-08-03,19:10:00,42.982,42.982,42.982,42.982,415,0
2015-08-03,19:15:00,42.98,42.98,42.98,42.98,300,0
2015-08-03,19:35:00,42.93,42.93,42.93,42.93,100,0
2015-08-03,19:40:00,42.94,42.94,42.94,42.94,100,0
2015-08-03,20:05:00,42.92,42.92,42.92,42.92,225,0
2015-08-03,20:10:00,42.9499,42.9499,42.9499,42.9499,200,0
2015-08-03,20:15:00,42.85,42.85,42.85,42.85,100,0
2015-08-03,20:30:00,42.94,42.94,42.94,42.94,600,0
2015-08-03,20:35:00,42.87,42.87,42.87,42.87,500,0
2015-08-03,20:50:00,42.94,42.97,42.94,42.97,500,0
2015-08-03,20:55:00,42.95,42.95,42.95,42.95,500,0
2015-08-03,21:00:00,42.95,42.95,42.89,42.95,2500,0
2015-08-03,21:20:00,42.89,42.9,42.89,42.9,450,0
2015-08-03,21:45:00,42.92,42.92,42.92,42.92,100,0
2015-08-03,21:50:00,43.0299,43.0299,42.9801,42.9801,247,0
2015-08-04,15:35:00,43.16,43.16,43.16,43.16,3937,0
2015-08-04,15:55:00,43.2251,43.2251,43.2251,43.2251,100,0
2015-08-04,16:00:00,43.1401,43.1401,43.1401,43.1401,263,0
2015-08-04,16:05:00,43.18,43.26,43.16,43.19,2400,0
2015-08-04,16:30:00,43.16,43.16,43.16,43.16,500,0
2015-08-04,16:45:00,43.2,43.2,43.2,43.2,1000,0
2015-08-04,17:35:00,43.184,43.19,43.16,43.19,11152,0
2015-08-04,18:10:00,43.22,43.22,43.22,43.22,100,0
2015-08-04,18:25:00,43.19,43.19,43.19,43.19,100,0
2015-08-04,18:45:00,43.193,43.193,43.193,43.193,100,0
2015-08-04,18:50:00,43.1301,43.1301,43.1301,43.1301,300,0
2015-08-04,19:00:00,43.142,43.142,43.142,43.142,100,0
2015-08-04,19:05:00,43.15,43.15,43.15,43.15,100,0
2015-08-04,19:10:00,43.16,43.16,43.1401,43.1401,468,0
2015-08-04,19:45:00,43.1492,43.1492,43.1492,43.1492,369,0
2015-08-04,20:00:00,43.0745,43.0745,43.0745,43.0745,458,0
2015-08-04,20:15:00,42.98,42.98,42.98,42.98,100,0
2015-08-04,20:20:00,42.98,42.98,42.95,42.95,2163,0
2015-08-04,20:35:00,43,43,43,43,100,0
2015-08-04,20:50:00,43.0153,43.0153,43.0153,43.0153,140,0
2015-08-04,20:55:00,43.03,43.03,43.0101,43.0101,431,0
2015-08-04,21:10:00,43.0254,43.0254,43.0254,43.0254,472,0
2015-08-04,21:35:00,43.004,43.004,43.0031,43.0031,1387,0
2015-08-04,21:50:00,43,43,43,43,200,0
2015-08-04,21:55:00,43.01,43.01,43.01,43.01,100,0
2015-08-04,22:00:00,43,43,43,43,300,0
2015-08-05,15:35:00,43.35,43.35,43.35,43.35,2541,0
2015-08-05,15:45:00,43.526,43.526,43.526,43.526,100,0
2015-08-05,16:30:00,43.31,43.31,43.31,43.31,1200,0
2015-08-05,16:35:00,43.3354,43.35,43.3354,43.35,414,0
2015-08-05,16:40:00,43.365,43.424,43.35,43.38,9153,0
2015-08-05,16:45:00,43.4,43.41,43.36,43.36,2400,0
2015-08-05,16:50:00,43.38,43.39,43.36,43.37,3000,0
2015-08-05,17:00:00,43.3626,43.3626,43.3626,43.3626,100,0
2015-08-05,17:15:00,43.39,43.39,43.36,43.37,1600,0
2015-08-05,17:25:00,43.37,43.37,43.37,43.37,160,0
2015-08-05,17:30:00,43.34,43.3401,43.34,43.3401,330,0
2015-08-05,17:35:00,43.436,43.436,43.436,43.436,205,0
2015-08-05,17:40:00,43.415,43.415,43.415,43.415,230,0
2015-08-05,18:05:00,43.28,43.28,43.2706,43.2706,394,0
2015-08-05,18:30:00,43.3,43.3,43.25,43.25,595,0
2015-08-05,19:10:00,43.284,43.284,43.284,43.284,175,0
2015-08-05,20:05:00,43.351,43.351,43.351,43.351,168,0
2015-08-05,20:45:00,43.327,43.327,43.327,43.327,432,0
2015-08-05,20:50:00,43.32,43.32,43.32,43.32,137,0
2015-08-06,15:35:00,43.26,43.26,43.26,43.26,2895,0
2015-08-06,15:40:00,43.231,43.27,43.169,43.2,4100,0
2015-08-06,15:45:00,43.17,43.21,43.12,43.17,12359,0
2015-08-06,15:50:00,43.2,43.2,43.18,43.18,600,0
2015-08-06,16:15:00,43.19,43.19,43.19,43.19,9000,0
2015-08-06,16:35:00,43.2,43.2,43.2,43.2,100,0
2015-08-06,16:50:00,43.19,43.19,43.19,43.19,104,0
2015-08-06,17:55:00,43.14,43.14,43.14,43.14,200,0
2015-08-06,18:00:00,43.0969,43.0969,43.0969,43.0969,100,0
2015-08-06,18:10:00,43.1699,43.1699,43.1699,43.1699,250,0
2015-08-06,19:00:00,43.0999,43.0999,43.0999,43.0999,100,0
2015-08-06,19:10:00,43.0523,43.0523,43.0523,43.0523,295,0
2015-08-06,19:25:00,43.07,43.07,43.06,43.06,600,0
2015-08-06,20:40:00,43.13,43.13,43.13,43.13,312,0
2015-08-06,20:45:00,43.1001,43.1001,43.1001,43.1001,659,0
2015-08-06,20:55:00,43.16,43.16,43.16,43.16,100,0
2015-08-06,21:00:00,43.14,43.14,43.14,43.14,500,0
2015-08-06,21:05:00,43.1235,43.125,43.1235,43.125,243,0
2015-08-06,21:15:00,43.16,43.16,43.16,43.16,100,0
2015-08-06,21:25:00,43.18,43.19,43.18,43.19,1100,0
2015-08-06,21:35:00,43.16,43.16,43.16,43.16,1281,0
2015-08-06,21:55:00,43.1623,43.1623,43.1623,43.1623,200,0
2015-08-06,22:00:00,43.2,43.22,43.2,43.22,200,0
2015-08-07,15:35:00,42.96,42.96,42.91,42.91,2992,0
2015-08-07,15:40:00,42.93,42.9465,42.91,42.9465,2852,0
2015-08-07,15:50:00,42.96,43,42.96,42.98,1200,0
2015-08-07,16:05:00,42.9534,42.9534,42.9534,42.9534,113,0
2015-08-07,16:25:00,42.9202,42.9202,42.9202,42.9202,230,0
2015-08-07,16:30:00,42.94,42.94,42.8801,42.8801,347,0
2015-08-07,16:35:00,42.94,43.02,42.94,43.02,2073,0
2015-08-07,16:40:00,42.9901,42.9901,42.9901,42.9901,117,0
2015-08-07,17:05:00,43.02,43.02,43.02,43.02,100,0
2015-08-07,17:20:00,43.02,43.02,42.99,42.99,1600,0
2015-08-07,17:25:00,43,43.03,43,43.03,1463,0
2015-08-07,17:30:00,43.009,43.009,43.009,43.009,200,0
2015-08-07,17:35:00,43.0791,43.0791,43.0791,43.0791,477,0
2015-08-07,17:50:00,43.15,43.15,43.11,43.11,600,0
2015-08-07,17:55:00,43.09,43.13,43.09,43.13,300,0
2015-08-07,18:05:00,43.08,43.08,43.07,43.07,1400,0
2015-08-07,19:00:00,43.04,43.04,43.04,43.04,200,0
2015-08-07,19:10:00,43.1015,43.1015,43.1015,43.1015,145,0
2015-08-07,19:40:00,43.15,43.15,43.1251,43.1251,1225,0
2015-08-07,20:00:00,43.136,43.136,43.136,43.136,203,0
2015-08-07,20:20:00,43.11,43.11,43.0901,43.0901,700,0
2015-08-07,20:45:00,43.0701,43.0701,43.07,43.07,406,0
2015-08-07,20:55:00,43.0801,43.0801,43.08,43.08,550,0
2015-08-07,21:05:00,43.124,43.124,43.124,43.124,414,0
2015-08-07,21:30:00,43.125,43.14,43.12,43.12,569,0
2015-08-07,21:35:00,43.1606,43.1606,43.1606,43.1606,250,0
2015-08-07,21:45:00,43.1893,43.1893,43.1893,43.1893,120,0
2015-08-07,22:00:00,43.2,43.2,43.2,43.2,100,0
