Date,Time,Open,High,Low,Close,Volume,OpenInt
2015-07-21,15:35:00,71.53,72.55,71.53,72.5499,5219,0
2015-07-21,15:40:00,72.5199,72.5199,72.26,72.26,1000,0
2015-07-21,15:45:00,72.27,72.3,72.1774,72.3,920,0
2015-07-21,15:50:00,72.09,72.09,71.995,72.07,429,0
2015-07-21,16:00:00,72.03,72.31,72.03,72.31,708,0
2015-07-21,16:05:00,72.28,72.285,71.74,71.74,2213,0
2015-07-21,16:10:00,71.735,71.735,71.735,71.735,200,0
2015-07-21,16:15:00,71.71,71.75,71.71,71.75,1500,0
2015-07-21,16:25:00,71.8,71.85,71.8,71.85,200,0
2015-07-21,16:30:00,71.73,71.73,71.73,71.73,1700,0
2015-07-21,16:35:00,71.71,71.8001,71.71,71.8001,987,0
2015-07-21,16:40:00,71.77,71.77,71.757,71.757,213,0
2015-07-21,16:45:00,71.74,71.74,71.51,71.51,2241,0
2015-07-21,16:50:00,71.59,71.61,71.45,71.5,500,0
2015-07-21,16:55:00,71.38,71.45,71.38,71.45,1194,0
2015-07-21,17:00:00,71.4915,71.56,71.4915,71.56,1384,0
2015-07-21,17:05:00,71.45,71.45,71.45,71.45,100,0
2015-07-21,17:10:00,71.422,71.53,71.422,71.53,300,0
2015-07-21,17:15:00,71.6,71.65,71.42,71.42,850,0
2015-07-21,17:20:00,71.15,71.15,71.15,71.15,100,0
2015-07-21,17:25:00,71.22,71.44,71.22,71.4305,1245,0
2015-07-21,17:30:00,71.29,71.398,71.27,71.398,2950,0
2015-07-21,17:35:00,71.36,71.45,71.35,71.45,500,0
2015-07-21,17:40:00,71.43,71.43,71.41,71.41,300,0
2015-07-21,17:45:00,71.45,71.54,71.45,71.54,1600,0
2015-07-21,17:50:00,71.54,71.66,71.54,71.66,1000,0
2015-07-21,17:55:00,71.62,71.62,71.55,71.58,2150,0
2015-07-21,18:00:00,71.57,71.79,71.57,71.79,1400,0
2015-07-21,18:05:00,71.85,71.85,71.85,71.85,100,0
2015-07-21,18:10:00,71.76,71.76,71.622,71.65,2100,0
2015-07-21,18:15:00,71.57,71.57,71.57,71.57,100,0
2015-07-21,18:20:00,71.5,71.5,71.5,71.5,250,0
2015-07-21,18:30:00,71.41,71.59,71.41,71.59,1000,0
2015-07-21,18:35:00,71.66,71.69,71.51,71.51,1400,0
2015-07-21,18:45:00,71.29,71.3,71.27,71.3,600,0
2015-07-21,18:55:00,71.07,71.08,71.07,71.08,300,0
2015-07-21,19:00:00,71.17,71.32,71.17,71.32,1700,0
2015-07-21,19:10:00,71.2,71.24,71.2,71.24,200,0
2015-07-21,19:15:00,71.18,71.22,71.18,71.22,2160,0
2015-07-21,19:20:00,71.25,71.25,71.25,71.25,100,0
2015-07-21,19:25:00,71.15,71.15,71.15,71.15,100,0
2015-07-21,19:30:00,71,71,70.98,70.98,1150,0
2015-07-21,19:45:00,71.01,71.2,71.01,71.2,400,0
2015-07-21,19:55:00,71.24,71.24,71.24,71.24,100,0
2015-07-21,20:05:00,71.2,71.2,71.2,71.2,100,0
2015-07-21,20:15:00,71.2,71.23,71.2,71.23,200,0
2015-07-21,20:20:00,71.42,71.42,71.42,71.42,200,0
2015-07-21,20:25:00,71.52,71.52,71.52,71.52,100,0
2015-07-21,20:30:00,71.4515,71.4515,71.39,71.39,200,0
2015-07-21,20:35:00,71.42,71.42,71.42,71.42,100,0
2015-07-21,20:40:00,71.42,71.42,71.37,71.37,200,0
2015-07-21,20:45:00,71.3805,71.3805,71.3805,71.3805,472,0
2015-07-21,20:50:00,71.34,71.34,71.34,71.34,200,0
2015-07-21,20:55:00,70.95,71.04,70.95,71.04,720,0
2015-07-21,21:00:00,71.11,71.11,71.11,71.11,200,0
2015-07-21,21:05:00,71.1,71.16,71.1,71.15,644,0
2015-07-21,21:15:00,71.26,71.26,71.17,71.17,800,0
2015-07-21,21:20:00,71.18,71.18,71.18,71.18,300,0
2015-07-21,21:30:00,71.15,71.18,71.13,71.18,700,0
2015-07-21,21:35:00,71.16,71.2,71.16,71.1924,330,0
2015-07-21,21:40:00,71.23,71.25,71.18,71.18,1150,0
2015-07-21,21:45:00,71.18,71.18,71.1,71.1,400,0
2015-07-21,21:50:00,71.12,71.21,71.1,71.21,300,0
2015-07-21,21:55:00,71.23,71.26,71.17,71.26,1057,0
2015-07-21,22:00:00,71.18,71.18,70.87,70.87,2075,0
2015-07-22,15:35:00,70.8,71.86,70.76,71.79,3117,0
2015-07-22,15:40:00,71.8,71.8,71.63,71.64,500,0
2015-07-22,15:45:00,71.53,71.96,71.53,71.9399,3200,0
2015-07-22,15:50:00,71.94,72.32,71.94,72.32,2979,0
2015-07-22,15:55:00,72.38,72.51,72.3,72.43,900,0
2015-07-22,16:00:00,72.26,72.37,72.15,72.37,300,0
2015-07-22,16:05:00,72.3337,72.3337,72.12,72.27,925,0
2015-07-22,16:10:00,72.21,72.21,71.97,72.03,608,0
2015-07-22,16:15:00,72.11,72.11,72.11,72.11,100,0
2015-07-22,16:20:00,72.12,72.12,72,72.03,815,0
2015-07-22,16:25:00,72.07,72.19,72.07,72.14,1017,0
2015-07-22,16:30:00,72.22,72.28,72.21,72.21,300,0
2015-07-22,16:40:00,71.68,71.79,71.68,71.79,1300,0
2015-07-22,16:45:00,71.92,71.92,71.79,71.89,800,0
2015-07-22,16:50:00,71.95,71.98,71.83,71.95,900,0
2015-07-22,16:55:00,71.95,71.95,71.76,71.76,300,0
2015-07-22,17:00:00,71.8,71.88,71.8,71.88,1124,0
2015-07-22,17:05:00,71.77,71.77,71.77,71.77,100,0
2015-07-22,17:10:00,71.84,71.84,71.84,71.84,100,0
2015-07-22,17:15:00,71.82,71.9,71.82,71.9,200,0
2015-07-22,17:30:00,71.74,71.74,71.74,71.74,100,0
2015-07-22,17:35:00,71.74,71.88,71.74,71.88,200,0
2015-07-22,17:40:00,71.98,71.98,71.85,71.85,600,0
2015-07-22,17:50:00,71.83,71.83,71.83,71.83,100,0
2015-07-22,17:55:00,71.83,71.83,71.83,71.83,100,0
2015-07-22,18:00:00,71.83,71.83,71.83,71.83,100,0
2015-07-22,18:05:00,71.86,71.88,71.85,71.88,600,0
2015-07-22,18:15:00,71.9184,71.9184,71.84,71.84,700,0
2015-07-22,18:20:00,71.71,71.84,71.71,71.84,300,0
2015-07-22,18:25:00,71.88,71.98,71.88,71.94,1524,0
2015-07-22,18:30:00,72.09,72.09,72.09,72.09,100,0
2015-07-22,18:35:00,72.06,72.06,71.98,71.98,400,0
2015-07-22,18:40:00,71.99,72.06,71.99,72.06,200,0
2015-07-22,18:45:00,72.14,72.14,72.14,72.14,100,0
2015-07-22,18:50:00,71.93,71.93,71.86,71.87,500,0
2015-07-22,18:55:00,71.89,72.05,71.88,72.05,600,0
2015-07-22,19:00:00,72.01,72.02,72.01,72.02,300,0
2015-07-22,19:05:00,72.14,72.14,72.14,72.14,200,0
2015-07-22,19:10:00,72.13,72.13,72.13,72.13,100,0
2015-07-22,19:15:00,72.16,72.24,72.16,72.16,723,0
2015-07-22,19:20:00,72.14,72.16,72.14,72.16,200,0
2015-07-22,19:25:00,72.21,72.21,72.2,72.2,200,0
2015-07-22,19:30:00,72.09,72.09,72.04,72.04,334,0
2015-07-22,19:35:00,71.98,72.07,71.98,72.07,300,0
2015-07-22,19:40:00,72.19,72.19,72.14,72.14,200,0
2015-07-22,19:45:00,72.23,72.28,72.23,72.27,300,0
2015-07-22,19:50:00,72.19,72.19,72.08,72.08,400,0
2015-07-22,19:55:00,72.03,72.03,72.03,72.03,100,0
2015-07-22,20:00:00,71.97,72.04,71.96,72.04,447,0
2015-07-22,20:05:00,71.89,72.03,71.89,72.03,400,0
2015-07-22,20:10:00,71.93,72.04,71.9,71.9,400,0
2015-07-22,20:20:00,72.04,72.04,72.04,72.04,200,0
2015-07-22,20:25:00,72.09,72.09,72.06,72.06,300,0
2015-07-22,20:30:00,72.05,72.07,72.05,72.07,200,0
2015-07-22,20:35:00,72.11,72.15,72.11,72.15,459,0
2015-07-22,20:40:00,72.08,72.14,72.08,72.14,550,0
2015-07-22,20:45:00,72.1201,72.1201,72.03,72.03,2100,0
2015-07-22,20:50:00,72.15,72.17,72.15,72.17,200,0
2015-07-22,20:55:00,72.12,72.16,72.12,72.16,200,0
2015-07-22,21:00:00,72.12,72.19,72.12,72.148,450,0
2015-07-22,21:05:00,72.1321,72.1321,72.1321,72.1321,102,0
2015-07-22,21:10:00,72.17,72.17,72.09,72.09,600,0
2015-07-22,21:15:00,72.139,72.139,72.139,72.139,250,0
2015-07-22,21:20:00,72.04,72.05,72.04,72.05,200,0
2015-07-22,21:25:00,72.03,72.03,71.95,71.95,600,0
2015-07-22,21:30:00,71.93,71.93,71.92,71.92,300,0
2015-07-22,21:35:00,71.86,71.9,71.85,71.85,400,0
2015-07-22,21:40:00,71.83,71.83,71.75,71.75,300,0
2015-07-22,21:45:00,71.656,71.7,71.65,71.68,1395,0
2015-07-22,21:50:00,71.62,71.7,71.62,71.7,300,0
2015-07-22,21:55:00,71.7,71.7,71.61,71.61,200,0
2015-07-22,22:00:00,71.7,71.77,71.65,71.76,1130,0
2015-07-23,15:35:00,71.59,71.74,71.59,71.62,800,0
2015-07-23,15:40:00,71.46,71.46,70.75,70.75,2502,0
2015-07-23,15:45:00,70.98,71,70.46,70.46,950,0
2015-07-23,15:50:00,70.64,70.76,70.3668,70.3668,1500,0
2015-07-23,15:55:00,70.24,70.3,69.965,69.99,10313,0
2015-07-23,16:00:00,69.8,69.8,69.65,69.7,955,0
2015-07-23,16:05:00,70.1,70.35,70.1,70.35,550,0
2015-07-23,16:10:00,70.21,70.21,70.0661,70.0661,600,0
2015-07-23,16:15:00,70.12,70.14,69.8612,69.8612,1667,0
2015-07-23,16:20:00,69.8161,69.83,69.8,69.83,300,0
2015-07-23,16:25:00,69.73,69.73,69.73,69.73,100,0
2015-07-23,16:30:00,69.28,69.35,69.27,69.35,1600,0
2015-07-23,16:35:00,69.4,69.5993,69.4,69.5993,1023,0
2015-07-23,16:40:00,69.63,69.63,69.42,69.42,500,0
2015-07-23,16:45:00,69.52,69.52,69.4533,69.51,710,0
2015-07-23,16:50:00,69.7,69.7,69.55,69.55,200,0
2015-07-23,16:55:00,69.44,69.54,69.42,69.54,700,0
2015-07-23,17:00:00,69.8702,69.8702,69.8702,69.8702,150,0
2015-07-23,17:05:00,69.9056,69.9056,69.6,69.67,800,0
2015-07-23,17:10:00,69.63,69.67,69.63,69.67,200,0
2015-07-23,17:15:00,69.77,69.77,69.77,69.77,300,0
2015-07-23,17:20:00,69.79,69.8,69.79,69.8,200,0
2015-07-23,17:25:00,69.5,69.51,69.44,69.51,320,0
2015-07-23,17:30:00,69.35,69.35,69.29,69.29,200,0
2015-07-23,17:35:00,69.03,69.03,69,69,930,0
2015-07-23,17:40:00,68.72,68.72,68.72,68.72,200,0
2015-07-23,17:45:00,68.71,68.8165,68.71,68.8165,600,0
2015-07-23,17:50:00,68.92,69.04,68.92,69.04,1200,0
2015-07-23,17:55:00,69.32,69.32,69.18,69.1907,729,0
2015-07-23,18:00:00,69.39,69.39,69.285,69.285,335,0
2015-07-23,18:05:00,69.11,69.1541,69.11,69.1541,800,0
2015-07-23,18:15:00,69,69,68.776,68.776,1300,0
2015-07-23,18:20:00,68.6925,68.6925,68.38,68.43,5341,0
2015-07-23,18:25:00,68.48,68.5,68.11,68.11,4300,0
2015-07-23,18:30:00,68.18,68.188,68.11,68.11,1225,0
2015-07-23,18:35:00,68,68.08,67.99,68.08,419,0
2015-07-23,18:45:00,68.59,68.6794,68.58,68.6794,600,0
2015-07-23,18:50:00,68.41,68.53,68.41,68.53,200,0
2015-07-23,18:55:00,68.62,68.73,68.5901,68.73,700,0
2015-07-23,19:00:00,68.809,68.809,68.74,68.74,450,0
2015-07-23,19:05:00,68.68,68.68,68.63,68.63,300,0
2015-07-23,19:10:00,68.66,68.6999,68.66,68.6999,222,0
2015-07-23,19:15:00,68.52,68.52,68.34,68.34,400,0
2015-07-23,19:20:00,68.49,68.76,68.49,68.69,400,0
2015-07-23,19:25:00,68.6899,68.6899,68.6899,68.6899,100,0
2015-07-23,19:35:00,68.43,68.43,68.42,68.42,300,0
2015-07-23,19:40:00,68.444,68.444,68.444,68.444,236,0
2015-07-23,19:50:00,68.51,68.57,68.51,68.57,400,0
2015-07-23,19:55:00,68.5,68.5,68.49,68.49,400,0
2015-07-23,20:00:00,68.68,68.74,68.66,68.74,527,0
2015-07-23,20:05:00,68.71,68.94,68.71,68.94,2125,0
2015-07-23,20:10:00,68.8762,68.92,68.8762,68.92,450,0
2015-07-23,20:15:00,68.85,68.85,68.85,68.85,100,0
2015-07-23,20:20:00,68.67,68.69,68.67,68.69,300,0
2015-07-23,20:35:00,68.57,68.65,68.4,68.4,1105,0
2015-07-23,20:40:00,68.34,68.39,68.34,68.39,300,0
2015-07-23,20:45:00,68.51,68.64,68.51,68.64,200,0
2015-07-23,20:55:00,68.51,68.51,68.11,68.11,500,0
2015-07-23,21:00:00,68.07,68.07,68.07,68.07,600,0
2015-07-23,21:05:00,67.94,67.97,67.94,67.9699,2000,0
2015-07-23,21:10:00,67.97,67.97,67.97,67.97,969,0
2015-07-23,21:15:00,68.04,68.04,67.88,67.88,600,0
2015-07-23,21:20:00,67.91,67.91,67.9,67.9,545,0
2015-07-23,21:25:00,67.87,67.8794,67.84,67.87,1300,0
2015-07-23,21:30:00,67.99,67.99,67.95,67.95,600,0
2015-07-23,21:35:00,68.03,68.59,68.03,68.5,2452,0
2015-07-23,21:40:00,68.5,68.78,68.44,68.7,3700,0
2015-07-23,21:45:00,68.88,69.02,68.73,68.73,3145,0
2015-07-23,21:50:00,68.74,68.768,68.72,68.72,2503,0
2015-07-23,21:55:00,68.765,68.765,68.73,68.75,1033,0
2015-07-23,22:00:00,68.86,69.24,68.81,69.2,1389,0
2015-07-24,15:35:00,69.54,69.61,69,69.37,8374,0
2015-07-24,15:40:00,69.57,69.58,68.95,68.95,2340,0
2015-07-24,15:45:00,68.96,69.23,68.96,69.05,400,0
2015-07-24,15:50:00,68.99,69.25,68.98,69.06,2700,0
2015-07-24,15:55:00,69.13,69.37,69.13,69.29,1200,0
2015-07-24,16:00:00,69.64,69.7,69.5909,69.68,650,0
2015-07-24,16:05:00,69.49,69.49,69.29,69.34,1700,0
2015-07-24,16:10:00,69.36,69.45,69.36,69.4,300,0
2015-07-24,16:20:00,69.412,69.655,69.412,69.655,2000,0
2015-07-24,16:25:00,69.68,69.7,69.42,69.42,600,0
2015-07-24,16:30:00,69.45,69.45,69.45,69.45,482,0
2015-07-24,16:35:00,69.42,69.51,69.42,69.51,300,0
2015-07-24,16:45:00,69.2259,69.2259,69.15,69.15,402,0
2015-07-24,16:50:00,69.2,69.2,69.2,69.2,100,0
2015-07-24,16:55:00,69.27,69.27,69.25,69.25,200,0
2015-07-24,17:00:00,69.25,69.41,69.25,69.41,1389,0
2015-07-24,17:05:00,69.31,69.31,69.31,69.31,200,0
2015-07-24,17:10:00,69.31,69.31,69.31,69.31,100,0
2015-07-24,17:15:00,69.34,69.34,69.21,69.32,600,0
2015-07-24,17:20:00,69.63,69.63,69.63,69.63,100,0
2015-07-24,17:25:00,69.34,69.34,69.34,69.34,200,0
2015-07-24,17:35:00,69.75,69.82,69.75,69.82,200,0
2015-07-24,17:40:00,69.631,69.631,69.631,69.631,180,0
2015-07-24,17:45:00,69.53,69.77,69.53,69.77,350,0
2015-07-24,17:55:00,69.82,69.82,69.82,69.82,100,0
2015-07-24,18:00:00,69.63,69.63,69.4599,69.4599,600,0
2015-07-24,18:05:00,69.48,69.572,69.47,69.47,300,0
2015-07-24,18:15:00,69.691,69.691,69.691,69.691,150,0
2015-07-24,18:20:00,69.72,69.72,69.72,69.72,100,0
2015-07-24,18:25:00,69.98,69.98,69.9694,69.9694,210,0
2015-07-24,18:40:00,69.96,69.96,69.96,69.96,100,0
2015-07-24,18:50:00,69.99,70.1,69.99,70.1,1200,0
2015-07-24,18:55:00,69.96,70,69.96,69.962,450,0
2015-07-24,19:00:00,70.05,70.18,70,70,1187,0
2015-07-24,19:10:00,69.93,69.931,69.92,69.931,514,0
2015-07-24,19:15:00,70.12,70.12,70.12,70.12,100,0
2015-07-24,19:20:00,70.14,70.32,70.14,70.32,300,0
2015-07-24,19:25:00,70.32,70.32,70.32,70.32,100,0
2015-07-24,19:30:00,70.4,70.4,70.4,70.4,100,0
2015-07-24,19:45:00,70.2,70.2,70.07,70.07,422,0
2015-07-24,19:50:00,70,70.03,70,70.014,425,0
2015-07-24,19:55:00,70.185,70.185,70.185,70.185,100,0
2015-07-24,20:05:00,69.98,69.98,69.87,69.87,400,0
2015-07-24,20:15:00,69.99,70.15,69.99,70.15,1600,0
2015-07-24,20:20:00,70.01,70.02,70.01,70.02,900,0
2015-07-24,20:25:00,69.922,70.12,69.922,70.12,330,0
2015-07-24,20:30:00,70.3,70.35,70.27,70.35,300,0
2015-07-24,20:35:00,70.2984,70.2984,70.2984,70.2984,500,0
2015-07-24,20:45:00,70.26,70.26,70.26,70.26,100,0
2015-07-24,20:50:00,70.4,70.4,70.4,70.4,100,0
2015-07-24,20:55:00,70.27,70.27,70.27,70.27,100,0
2015-07-24,21:00:00,70.29,70.29,70.29,70.29,100,0
2015-07-24,21:05:00,70.13,70.139,70.1,70.139,1100,0
2015-07-24,21:10:00,70.45,70.4999,70.42,70.4999,1850,0
2015-07-24,21:15:00,70.6612,70.6612,70.6612,70.6612,240,0
2015-07-24,21:20:00,70.479,70.479,70.3,70.3,700,0
2015-07-24,21:25:00,70.5,70.5,70.4799,70.4799,758,0
2015-07-24,21:30:00,70.46,70.46,70.46,70.46,242,0
2015-07-24,21:35:00,70.08,70.12,70.08,70.1,700,0
2015-07-24,21:40:00,69.94,70,69.94,69.97,551,0
2015-07-24,21:45:00,69.96,69.98,69.91,69.91,700,0
2015-07-24,21:50:00,69.92,69.94,69.8988,69.94,2140,0
2015-07-24,21:55:00,69.9,69.92,69.9,69.92,400,0
2015-07-24,22:00:00,69.9,69.9,69.86,69.89,3175,0
2015-07-27,15:35:00,69.7,71.45,69.7,71.248,10231,0
2015-07-27,15:40:00,71.09,71.44,71.02,71.02,2378,0
2015-07-27,15:45:00,71.18,71.29,70.95,71.23,3000,0
2015-07-27,15:50:00,71.22,71.22,70.93,70.93,800,0
2015-07-27,15:55:00,70.75,70.75,70.5,70.5,3145,0
2015-07-27,16:00:00,70.56,70.73,70.55,70.73,400,0
2015-07-27,16:05:00,70.59,70.59,70.5,70.5,495,0
2015-07-27,16:10:00,70.42,70.42,70.27,70.35,1600,0
2015-07-27,16:15:00,70.34,70.34,70.26,70.26,462,0
2015-07-27,16:25:00,70.17,70.24,70.08,70.08,2330,0
2015-07-27,16:30:00,70.05,70.05,70.03,70.03,356,0
2015-07-27,16:35:00,70.27,70.27,70.21,70.24,629,0
2015-07-27,16:40:00,70.23,70.39,70.23,70.28,2000,0
2015-07-27,16:45:00,70.54,70.54,70.44,70.44,200,0
2015-07-27,16:50:00,70.52,70.52,70.51,70.51,400,0
2015-07-27,16:55:00,70.67,70.67,70.57,70.57,843,0
2015-07-27,17:00:00,70.5991,70.5991,70.5909,70.5909,1517,0
2015-07-27,17:05:00,70.64,70.68,70.541,70.68,300,0
2015-07-27,17:10:00,70.78,70.78,70.78,70.78,151,0
2015-07-27,17:15:00,70.73,70.75,70.6,70.6,400,0
2015-07-27,17:25:00,70.3,70.3,70.2,70.262,1400,0
2015-07-27,17:30:00,70.38,70.38,70.25,70.37,500,0
2015-07-27,17:35:00,70.16,70.16,70.16,70.16,100,0
2015-07-27,17:40:00,70.01,70.01,70.01,70.01,100,0
2015-07-27,17:45:00,70.14,70.14,70.14,70.14,100,0
2015-07-27,18:00:00,70.72,70.72,70.72,70.72,200,0
2015-07-27,18:05:00,70.65,70.65,70.65,70.65,100,0
2015-07-27,18:10:00,70.67,70.67,70.52,70.52,1000,0
2015-07-27,18:15:00,70.49,70.5,70.49,70.5,200,0
2015-07-27,18:20:00,70.77,70.77,70.77,70.77,200,0
2015-07-27,18:25:00,70.885,70.885,70.885,70.885,100,0
2015-07-27,18:30:00,70.91,70.91,70.91,70.91,100,0
2015-07-27,18:35:00,70.84,70.84,70.84,70.84,100,0
2015-07-27,18:45:00,70.86,70.86,70.86,70.86,100,0
2015-07-27,19:00:00,70.44,70.4966,70.44,70.48,1000,0
2015-07-27,19:10:00,70.42,70.59,70.42,70.59,400,0
2015-07-27,19:15:00,70.57,70.57,70.57,70.57,100,0
2015-07-27,19:20:00,70.4,70.4,70.4,70.4,100,0
2015-07-27,19:30:00,70.25,70.25,70.25,70.25,300,0
2015-07-27,19:50:00,70.17,70.17,70.17,70.17,100,0
2015-07-27,20:05:00,70.48,70.48,70.48,70.48,100,0
2015-07-27,20:15:00,70.47,70.47,70.47,70.47,100,0
2015-07-27,20:20:00,70.65,70.65,70.65,70.65,600,0
2015-07-27,20:25:00,70.65,70.65,70.65,70.65,100,0
2015-07-27,20:30:00,70.48,70.49,70.46,70.46,1300,0
2015-07-27,20:35:00,70.33,70.33,70.2,70.2,500,0
2015-07-27,20:40:00,70.25,70.25,70.24,70.25,2038,0
2015-07-27,20:45:00,70.4155,70.4155,70.37,70.37,619,0
2015-07-27,20:50:00,70.4966,70.4966,70.4966,70.4966,100,0
2015-07-27,20:55:00,70.33,70.33,70.33,70.33,100,0
2015-07-27,21:00:00,70.42,70.46,70.41,70.41,400,0
2015-07-27,21:05:00,70.33,70.33,70.15,70.15,500,0
2015-07-27,21:10:00,70.18,70.25,70.18,70.25,200,0
2015-07-27,21:15:00,70.17,70.3,70.17,70.22,800,0
2015-07-27,21:20:00,70.23,70.23,70.15,70.15,1000,0
2015-07-27,21:25:00,70.291,70.291,70.12,70.12,1500,0
2015-07-27,21:30:00,70.1,70.22,70.1,70.22,400,0
2015-07-27,21:35:00,70.28,70.28,70.2,70.2,400,0
2015-07-27,21:40:00,70.19,70.19,70.0146,70.06,1221,0
2015-07-27,21:45:00,70,70.14,70,70.1,800,0
2015-07-27,21:50:00,70.09,70.09,69.97,69.98,600,0
2015-07-27,21:55:00,70.08,70.08,70.01,70.01,631,0
2015-07-27,22:00:00,69.99,70.27,69.99,70.27,1630,0
2015-07-28,15:35:00,70.61,70.61,70.1,70.11,5275,0
2015-07-28,15:40:00,70.16,71.03,70.16,70.7,1247,0
2015-07-28,15:50:00,70.45,70.45,70.45,70.45,100,0
2015-07-28,15:55:00,70.34,70.34,70.28,70.28,300,0
2015-07-28,16:00:00,70.39,70.58,70.39,70.58,840,0
2015-07-28,16:05:00,70.25,70.25,70.1,70.17,450,0
2015-07-28,16:10:00,70.05,70.16,70.05,70.16,400,0
2015-07-28,16:15:00,70.25,70.35,70.19,70.35,657,0
2015-07-28,16:20:00,70.24,70.24,70.15,70.15,300,0
2015-07-28,16:25:00,69.92,70.26,69.92,70.26,1481,0
2015-07-28,16:30:00,70.21,70.21,69.94,70.01,623,0
2015-07-28,16:35:00,69.77,69.86,69.77,69.85,941,0
2015-07-28,16:40:00,69.87,70.1,69.87,70.04,400,0
2015-07-28,16:50:00,70.01,70.18,70.01,70.18,300,0
2015-07-28,16:55:00,70.14,70.15,70.14,70.15,200,0
2015-07-28,17:00:00,70.23,70.23,70.1,70.1,600,0
2015-07-28,17:05:00,70.08,70.25,70.08,70.22,300,0
2015-07-28,17:10:00,70.14,70.14,69.9701,69.9701,548,0
2015-07-28,17:15:00,69.85,70.12,69.8301,70.12,1586,0
2015-07-28,17:25:00,70.05,70.11,70.05,70.11,1600,0
2015-07-28,17:30:00,70.26,70.29,70.17,70.17,611,0
2015-07-28,17:35:00,70.22,70.4,70.22,70.4,825,0
2015-07-28,17:40:00,70.36,70.36,70.33,70.33,200,0
2015-07-28,17:45:00,70.32,70.32,70.14,70.14,300,0
2015-07-28,17:50:00,70.2,70.22,70.2,70.22,202,0
2015-07-28,17:55:00,70.37,70.37,70.26,70.35,2600,0
2015-07-28,18:00:00,70.34,70.34,70.34,70.34,100,0
2015-07-28,18:05:00,70.51,70.51,70.51,70.51,100,0
2015-07-28,18:10:00,70.64,70.64,70.64,70.64,100,0
2015-07-28,18:15:00,70.47,70.59,70.47,70.5,700,0
2015-07-28,18:20:00,70.55,70.55,70.55,70.55,900,0
2015-07-28,18:30:00,70.35,70.48,70.35,70.48,200,0
2015-07-28,18:35:00,70.55,70.56,70.55,70.56,200,0
2015-07-28,18:45:00,70.6914,70.6914,70.6914,70.6914,108,0
2015-07-28,18:50:00,70.5,70.6,70.5,70.6,1060,0
2015-07-28,18:55:00,70.62,70.79,70.62,70.79,600,0
2015-07-28,19:00:00,70.9,70.92,70.84,70.84,300,0
2015-07-28,19:05:00,70.81,70.88,70.79,70.88,400,0
2015-07-28,19:10:00,70.94,71.02,70.94,71.02,200,0
2015-07-28,19:15:00,71.09,71.09,71.08,71.08,200,0
2015-07-28,19:20:00,70.9699,70.9699,70.9699,70.9699,500,0
2015-07-28,19:25:00,70.75,70.76,70.64,70.75,2328,0
2015-07-28,19:30:00,70.77,70.77,70.72,70.72,300,0
2015-07-28,19:35:00,70.75,70.75,70.75,70.75,100,0
2015-07-28,19:40:00,70.73,70.74,70.72,70.72,400,0
2015-07-28,19:50:00,70.55,70.6,70.55,70.6,492,0
2015-07-28,19:55:00,70.51,70.59,70.49,70.59,400,0
2015-07-28,20:00:00,70.59,70.71,70.59,70.71,400,0
2015-07-28,20:05:00,70.85,70.85,70.76,70.76,400,0
2015-07-28,20:10:00,70.79,70.79,70.7,70.7,900,0
2015-07-28,20:15:00,70.67,70.67,70.61,70.64,700,0
2015-07-28,20:20:00,70.6724,70.6724,70.65,70.6724,393,0
2015-07-28,20:25:00,70.89,70.89,70.82,70.82,200,0
2015-07-28,20:30:00,70.91,70.93,70.91,70.93,300,0
2015-07-28,20:35:00,70.82,70.82,70.82,70.82,100,0
2015-07-28,20:40:00,70.66,70.73,70.66,70.73,502,0
2015-07-28,20:45:00,70.8,70.8,70.8,70.8,200,0
2015-07-28,20:50:00,70.63,70.67,70.63,70.67,200,0
2015-07-28,20:55:00,70.67,70.6788,70.66,70.66,700,0
2015-07-28,21:00:00,70.69,70.8,70.69,70.77,450,0
2015-07-28,21:05:00,70.83,70.83,70.7715,70.7715,510,0
2015-07-28,21:10:00,70.78,70.78,70.78,70.78,100,0
2015-07-28,21:15:00,70.94,71,70.94,70.94,350,0
2015-07-28,21:20:00,70.97,70.98,70.97,70.98,300,0
2015-07-28,21:35:00,70.67,70.78,70.67,70.78,300,0
2015-07-28,21:40:00,70.94,70.94,70.91,70.91,300,0
2015-07-28,21:45:00,70.84,70.84,70.73,70.73,200,0
2015-07-28,21:50:00,70.69,70.7,70.56,70.56,1340,0
2015-07-28,21:55:00,70.57,70.57,70.45,70.45,300,0
2015-07-28,22:00:00,70.45,70.45,70.39,70.45,1815,0
2015-07-29,15:35:00,70.3636,70.3636,70.11,70.11,1909,0
2015-07-29,15:40:00,69.642,69.94,69.642,69.94,200,0
2015-07-29,15:45:00,69.9,69.9,69.9,69.9,100,0
2015-07-29,15:55:00,69.52,69.52,69.52,69.52,100,0
2015-07-29,16:00:00,69.56,69.68,69.56,69.68,200,0
2015-07-29,16:05:00,70.03,70.03,70.03,70.03,100,0
2015-07-29,16:10:00,70.06,70.3,70.06,70.3,342,0
2015-07-29,16:15:00,70.07,70.08,69.93,69.93,300,0
2015-07-29,16:20:00,69.75,69.9,69.75,69.9,400,0
2015-07-29,16:25:00,69.82,69.87,69.78,69.81,500,0
2015-07-29,16:30:00,69.85,70.29,69.85,70.29,750,0
2015-07-29,16:35:00,70.47,70.47,70.07,70.07,800,0
2015-07-29,16:40:00,70.22,70.22,69.7688,69.82,4382,0
2015-07-29,16:45:00,69.89,70.31,69.89,70.31,1300,0
2015-07-29,16:50:00,70.04,70.04,69.93,69.93,1250,0
2015-07-29,16:55:00,70,70.25,70,70.24,500,0
2015-07-29,17:00:00,70.36,70.38,70.36,70.38,200,0
2015-07-29,17:05:00,70.2501,70.2501,70.2501,70.2501,100,0
2015-07-29,17:10:00,70.23,70.23,70.07,70.11,800,0
2015-07-29,17:15:00,70.25,70.25,70.25,70.25,100,0
2015-07-29,17:20:00,70.09,70.09,70.05,70.09,2100,0
2015-07-29,17:25:00,70.29,70.33,70.29,70.33,300,0
2015-07-29,17:30:00,70.3,70.3,70.17,70.17,500,0
2015-07-29,17:35:00,70.26,70.37,70.26,70.37,200,0
2015-07-29,17:40:00,70.38,70.6,70.38,70.6,2140,0
2015-07-29,17:45:00,70.59,70.75,70.59,70.75,400,0
2015-07-29,17:50:00,70.58,70.62,70.58,70.62,200,0
2015-07-29,17:55:00,70.54,70.7,70.54,70.65,500,0
2015-07-29,18:00:00,70.6,70.61,70.6,70.61,400,0
2015-07-29,18:05:00,70.68,70.68,70.55,70.57,604,0
2015-07-29,18:10:00,70.52,70.6,70.32,70.32,1200,0
2015-07-29,18:15:00,70.39,70.4,70.31,70.31,300,0
2015-07-29,18:20:00,70.27,70.52,70.27,70.52,200,0
2015-07-29,18:30:00,70.5101,70.5101,70.38,70.38,425,0
2015-07-29,18:35:00,70.43,70.46,70.43,70.43,600,0
2015-07-29,18:40:00,70.62,70.62,70.62,70.62,100,0
2015-07-29,18:50:00,71,71.0264,71,71.0264,700,0
2015-07-29,18:55:00,71.08,71.08,70.91,70.91,200,0
2015-07-29,19:05:00,70.63,70.63,70.63,70.63,195,0
2015-07-29,19:20:00,70.35,70.35,70.35,70.35,200,0
2015-07-29,19:30:00,70.52,70.52,70.52,70.52,100,0
2015-07-29,19:35:00,70.6,70.6,70.6,70.6,100,0
2015-07-29,19:40:00,70.6589,70.6589,70.6589,70.6589,175,0
2015-07-29,19:50:00,71.1,71.11,71.1,71.11,900,0
2015-07-29,19:55:00,71.2412,71.39,71.2395,71.39,700,0
2015-07-29,20:00:00,71.49,71.55,71.49,71.55,900,0
2015-07-29,20:05:00,71.68,72.1156,71.36,71.36,5518,0
2015-07-29,20:15:00,71.3,71.62,71.3,71.62,600,0
2015-07-29,20:20:00,71.71,71.71,71.55,71.55,200,0
2015-07-29,20:25:00,71.48,71.48,71.48,71.48,100,0
2015-07-29,20:30:00,71.44,71.44,71.44,71.44,100,0
2015-07-29,20:35:00,71.39,71.39,71.32,71.39,642,0
2015-07-29,20:40:00,71.4,71.5,71.4,71.5,200,0
2015-07-29,20:45:00,71.43,71.43,71.43,71.43,100,0
2015-07-29,20:55:00,71.55,71.55,71.55,71.55,100,0
2015-07-29,21:00:00,71.79,71.79,71.79,71.79,100,0
2015-07-29,21:05:00,71.86,71.86,71.67,71.75,1300,0
2015-07-29,21:10:00,71.82,71.89,71.76,71.89,300,0
2015-07-29,21:15:00,72,72.11,72,72.11,200,0
2015-07-29,21:20:00,71.98,71.98,71.98,71.98,105,0
2015-07-29,21:25:00,71.95,71.9699,71.93,71.93,430,0
2015-07-29,21:35:00,71.76,71.76,71.51,71.52,500,0
2015-07-29,21:40:00,71.4,71.57,71.4,71.57,400,0
2015-07-29,21:45:00,71.81,71.81,71.77,71.81,940,0
2015-07-29,21:50:00,71.84,71.89,71.84,71.89,477,0
2015-07-29,21:55:00,71.76,71.76,71.75,71.75,700,0
2015-07-29,22:00:00,71.76,71.89,71.76,71.77,1450,0
2015-07-30,15:35:00,71.7,71.7,70.2,70.2,8703,0
2015-07-30,15:40:00,70.697,71.23,70.697,71.15,900,0
2015-07-30,15:45:00,71.05,71.05,70.63,70.84,1700,0
2015-07-30,15:50:00,70.9,71.2,70.78,71.15,2700,0
2015-07-30,15:55:00,71.24,71.64,71.24,71.63,700,0
2015-07-30,16:00:00,71.77,71.77,71.49,71.49,900,0
2015-07-30,16:05:00,71.56,71.56,71.31,71.45,740,0
2015-07-30,16:10:00,71.49,71.49,71.26,71.38,700,0
2015-07-30,16:15:00,71.21,71.27,71.062,71.062,900,0
2015-07-30,16:20:00,71.12,71.17,71.06,71.06,500,0
2015-07-30,16:25:00,71.1,71.1,71.1,71.1,100,0
2015-07-30,16:30:00,71.22,71.22,71.22,71.22,200,0
2015-07-30,16:35:00,71.42,71.42,71.01,71.05,500,0
2015-07-30,16:40:00,71.04,71.19,70.92,71.06,900,0
2015-07-30,16:45:00,70.96,70.96,70.9,70.9,499,0
2015-07-30,16:50:00,70.94,70.94,70.83,70.94,1957,0
2015-07-30,16:55:00,71.03,71.07,70.91,70.91,700,0
2015-07-30,17:00:00,71.01,71.17,71.01,71.17,500,0
2015-07-30,17:05:00,71.11,71.16,71.11,71.11,300,0
2015-07-30,17:15:00,71,71.066,71,71.066,290,0
2015-07-30,17:20:00,71.15,71.15,71.05,71.05,300,0
2015-07-30,17:25:00,70.97,71.2,70.97,71.13,300,0
2015-07-30,17:30:00,71.3,71.3,71.2,71.2,200,0
2015-07-30,17:35:00,71.26,71.26,71.26,71.26,100,0
2015-07-30,17:45:00,71.2,71.31,71.2,71.31,500,0
2015-07-30,17:50:00,71.4,71.4,71.4,71.4,100,0
2015-07-30,17:55:00,71.48,71.5105,71.48,71.5105,400,0
2015-07-30,18:05:00,71.27,71.27,71.27,71.27,100,0
2015-07-30,18:10:00,71.29,71.29,71.29,71.29,100,0
2015-07-30,18:15:00,71.33,71.33,71.33,71.33,100,0
2015-07-30,18:20:00,71.18,71.18,71.08,71.08,300,0
2015-07-30,18:25:00,71.03,71.11,71.03,71.11,200,0
2015-07-30,18:30:00,71.2,71.2,71.2,71.2,100,0
2015-07-30,18:35:00,71.01,71.01,70.96,70.96,476,0
2015-07-30,18:45:00,71,71.04,71,71.04,200,0
2015-07-30,18:50:00,71.1,71.1,70.99,70.99,200,0
2015-07-30,18:55:00,70.87,70.87,70.73,70.73,1087,0
2015-07-30,19:00:00,70.72,70.78,70.72,70.78,200,0
2015-07-30,19:05:00,70.89,70.89,70.84,70.84,200,0
2015-07-30,19:15:00,70.66,70.7,70.6,70.7,300,0
2015-07-30,19:20:00,70.83,70.91,70.82,70.82,300,0
2015-07-30,19:25:00,70.9,70.9,70.8741,70.8741,300,0
2015-07-30,19:30:00,70.83,70.92,70.83,70.92,300,0
2015-07-30,19:35:00,70.95,70.95,70.95,70.95,100,0
2015-07-30,19:40:00,70.8,70.87,70.8,70.87,200,0
2015-07-30,19:45:00,70.92,71,70.92,71,200,0
2015-07-30,19:50:00,70.97,70.97,70.78,70.78,500,0
2015-07-30,19:55:00,70.89,71.05,70.89,70.89,2518,0
2015-07-30,20:00:00,70.85,71.02,70.82,70.97,600,0
2015-07-30,20:05:00,71.03,71.03,71,71,500,0
2015-07-30,20:10:00,70.98,70.98,70.84,70.84,700,0
2015-07-30,20:20:00,70.94,70.94,70.74,70.74,1000,0
2015-07-30,20:25:00,70.71,70.71,70.64,70.64,300,0
2015-07-30,20:30:00,70.65,70.65,70.54,70.54,500,0
2015-07-30,20:35:00,70.46,70.46,70.46,70.46,100,0
2015-07-30,20:40:00,70.19,70.19,70.1,70.1,400,0
2015-07-30,20:45:00,70.28,70.33,70.28,70.33,300,0
2015-07-30,20:50:00,70.36,70.36,70.28,70.28,500,0
2015-07-30,20:55:00,70.08,70.18,70.07,70.18,300,0
2015-07-30,21:00:00,70.34,70.38,70.28,70.28,600,0
2015-07-30,21:05:00,70.44,70.51,70.4,70.4,500,0
2015-07-30,21:10:00,70.51,70.64,70.51,70.57,400,0
2015-07-30,21:15:00,70.5,70.5,70.42,70.45,400,0
2015-07-30,21:20:00,70.37,70.37,70.24,70.26,800,0
2015-07-30,21:25:00,70.31,70.36,70.31,70.32,800,0
2015-07-30,21:30:00,70.28,70.5,70.28,70.5,900,0
2015-07-30,21:35:00,70.47,70.52,70.42,70.49,1530,0
2015-07-30,21:40:00,70.5,70.66,70.5,70.66,700,0
2015-07-30,21:45:00,70.69,70.92,70.69,70.73,1700,0
2015-07-30,21:50:00,70.8,70.86,70.72,70.86,700,0
2015-07-30,21:55:00,70.73,70.73,70.68,70.68,1265,0
2015-07-30,22:00:00,70.74,70.9,70.74,70.78,1321,0
2015-07-31,15:35:00,72,73.82,72,73,16472,0
2015-07-31,15:40:00,72.91,72.91,72.35,72.53,2200,0
2015-07-31,15:45:00,72.67,72.98,72.67,72.79,900,0
2015-07-31,15:50:00,72.7,72.88,72.69,72.69,1300,0
2015-07-31,15:55:00,72.83,73.2299,72.83,73.0322,3426,0
2015-07-31,16:00:00,73.15,73.17,73.15,73.17,300,0
2015-07-31,16:05:00,73.5,73.5,73.16,73.35,2182,0
2015-07-31,16:10:00,73.23,73.57,73.11,73.41,5383,0
2015-07-31,16:15:00,73.5,73.69,73.5,73.62,3670,0
2015-07-31,16:20:00,73.52,73.6,73.47,73.548,1450,0
2015-07-31,16:25:00,73.61,73.94,73.61,73.93,2340,0
2015-07-31,16:30:00,73.93,74.05,73.67,73.67,1900,0
2015-07-31,16:35:00,73.62,73.67,73.51,73.52,4967,0
2015-07-31,16:40:00,73.47,73.47,73.12,73.12,3670,0
2015-07-31,16:45:00,73.02,73.07,72.97,73.07,500,0
2015-07-31,16:50:00,73.15,73.27,72.96,73.265,1200,0
2015-07-31,16:55:00,73.28,73.34,73.11,73.11,2100,0
2015-07-31,17:00:00,73.07,73.18,73,73,1100,0
2015-07-31,17:05:00,72.96,72.96,72.79,72.79,400,0
2015-07-31,17:10:00,72.66,72.7,72.58,72.67,4340,0
2015-07-31,17:15:00,72.75,72.9,72.75,72.89,600,0
2015-07-31,17:20:00,72.85,72.85,72.59,72.67,800,0
2015-07-31,17:25:00,72.65,72.85,72.65,72.83,1050,0
2015-07-31,17:30:00,72.87,72.99,72.87,72.99,1200,0
2015-07-31,17:35:00,73.01,73.18,73.01,73.17,1600,0
2015-07-31,17:40:00,73.2,73.212,73.19,73.212,500,0
2015-07-31,17:45:00,73.18,73.18,72.95,72.95,600,0
2015-07-31,17:50:00,72.91,72.96,72.91,72.952,1700,0
2015-07-31,17:55:00,72.93,72.93,72.88,72.88,400,0
2015-07-31,18:00:00,72.86,72.89,72.78,72.88,1000,0
2015-07-31,18:10:00,73.07,73.07,72.82,72.96,1600,0
2015-07-31,18:15:00,72.94,73.05,72.94,73.05,804,0
2015-07-31,18:20:00,73.09,73.23,73.0843,73.17,541,0
2015-07-31,18:25:00,73.08,73.08,73.08,73.08,100,0
2015-07-31,18:30:00,73.06,73.06,73,73,200,0
2015-07-31,18:35:00,72.98,72.99,72.95,72.99,300,0
2015-07-31,18:40:00,72.86,72.86,72.79,72.82,769,0
2015-07-31,18:45:00,72.95,73.1,72.95,73.09,500,0
2015-07-31,18:50:00,73.07,73.07,72.84,72.84,700,0
2015-07-31,18:55:00,72.88,72.9,72.82,72.82,700,0
2015-07-31,19:05:00,72.99,73.08,72.99,73.04,600,0
2015-07-31,19:10:00,73.13,73.15,73.03,73.03,670,0
2015-07-31,19:15:00,73,73,72.95,72.95,200,0
2015-07-31,19:20:00,72.9532,72.9532,72.94,72.94,400,0
2015-07-31,19:25:00,72.89,72.98,72.83,72.98,500,0
2015-07-31,19:30:00,72.96,72.96,72.87,72.87,300,0
2015-07-31,19:35:00,72.73,72.78,72.72,72.72,550,0
2015-07-31,19:40:00,72.73,72.81,72.68,72.68,400,0
2015-07-31,19:45:00,72.63,72.63,72.6,72.6,200,0
2015-07-31,19:50:00,72.68,72.83,72.68,72.83,730,0
2015-07-31,19:55:00,72.87,72.87,72.81,72.81,200,0
2015-07-31,20:00:00,72.72,72.87,72.72,72.8,400,0
2015-07-31,20:10:00,72.82,72.9,72.82,72.89,7500,0
2015-07-31,20:15:00,72.81,72.81,72.77,72.79,400,0
2015-07-31,20:20:00,72.85,72.85,72.71,72.71,600,0
2015-07-31,20:25:00,72.58,72.63,72.49,72.4952,1950,0
2015-07-31,20:30:00,72.4752,72.57,72.4752,72.54,300,0
2015-07-31,20:35:00,72.55,72.55,72.4,72.4,300,0
2015-07-31,20:40:00,72.18,72.34,72.15,72.34,2009,0
2015-07-31,20:45:00,72.41,72.41,72.33,72.33,1000,0
2015-07-31,20:50:00,72.46,72.67,72.45,72.65,2100,0
2015-07-31,20:55:00,72.66,72.72,72.66,72.71,2500,0
2015-07-31,21:00:00,72.77,72.77,72.77,72.77,100,0
2015-07-31,21:05:00,72.74,72.74,72.56,72.65,2006,0
2015-07-31,21:10:00,72.63,72.79,72.62,72.69,1000,0
2015-07-31,21:15:00,72.69,72.69,72.47,72.47,1300,0
2015-07-31,21:20:00,72.39,72.47,72.38,72.47,500,0
2015-07-31,21:25:00,72.23,72.28,72.23,72.28,1200,0
2015-07-31,21:30:00,72.12,72.14,72.12,72.14,200,0
2015-07-31,21:35:00,72.21,72.26,72.18,72.26,500,0
2015-07-31,21:40:00,72.27,72.34,72.27,72.34,300,0
2015-07-31,21:45:00,72.43,72.4595,72.41,72.41,472,0
2015-07-31,21:50:00,72.38,72.38,72.227,72.289,2000,0
2015-07-31,21:55:00,72.2505,72.29,72.16,72.16,5172,0
2015-07-31,22:00:00,72.2,72.46,72.2,72.41,6146,0
2015-08-03,15:35:00,73.17,73.17,72.69,73.12,1771,0
2015-08-03,15:40:00,72.71,72.74,72.71,72.74,400,0
2015-08-03,15:45:00,72.83,72.83,72.83,72.83,102,0
2015-08-03,15:50:00,72.96,73.18,72.88,73.18,1500,0
2015-08-03,15:55:00,73.5,73.59,73.31,73.31,782,0
2015-08-03,16:00:00,73.39,73.3948,73.1,73.3948,616,0
2015-08-03,16:05:00,73.55,73.6475,73.55,73.6475,200,0
2015-08-03,16:10:00,73.78,73.78,73.7799,73.78,600,0
2015-08-03,16:15:00,73.9865,73.9865,73.7,73.7,400,0
2015-08-03,16:20:00,73.437,73.437,73.4,73.41,1400,0
2015-08-03,16:25:00,73.32,73.32,73.32,73.32,200,0
2015-08-03,16:40:00,73.1,73.1,73.1,73.1,100,0
2015-08-03,16:45:00,72.879,72.879,72.879,72.879,300,0
2015-08-03,17:00:00,72.786,72.786,72.67,72.67,400,0
2015-08-03,17:05:00,72.77,72.77,72.67,72.67,300,0
2015-08-03,17:10:00,72.5399,72.5399,72.5399,72.5399,266,0
2015-08-03,17:15:00,72.69,72.8799,72.69,72.8799,4084,0
2015-08-03,17:20:00,73,73,72.99,72.99,200,0
2015-08-03,17:25:00,72.81,72.9,72.81,72.9,300,0
2015-08-03,17:30:00,73.06,73.1093,73.06,73.1093,200,0
2015-08-03,17:40:00,73.34,73.34,73.24,73.24,200,0
2015-08-03,17:45:00,73.13,73.19,73.13,73.19,300,0
2015-08-03,17:50:00,73.28,73.3353,73.28,73.31,350,0
2015-08-03,17:55:00,73.28,73.28,73.05,73.05,400,0
2015-08-03,18:00:00,72.84,72.85,72.84,72.85,200,0
2015-08-03,18:05:00,72.86,72.86,72.7999,72.7999,550,0
2015-08-03,18:10:00,72.83,72.92,72.81,72.92,300,0
2015-08-03,18:20:00,73.16,73.26,73.16,73.26,700,0
2015-08-03,18:30:00,73.43,73.43,73.43,73.43,100,0
2015-08-03,18:35:00,73.44,73.44,73.168,73.18,1650,0
2015-08-03,18:45:00,72.77,72.81,72.72,72.81,570,0
2015-08-03,18:50:00,72.75,72.75,72.61,72.61,500,0
2015-08-03,18:55:00,72.51,72.58,72.51,72.52,300,0
2015-08-03,19:00:00,73.05,73.11,72.96,72.96,800,0
2015-08-03,19:05:00,72.9,73,72.811,73,900,0
2015-08-03,19:10:00,72.95,72.95,72.84,72.84,300,0
2015-08-03,19:15:00,72.88,72.96,72.83,72.83,700,0
2015-08-03,19:20:00,72.92,73.02,72.91,73.02,400,0
2015-08-03,19:25:00,73.1,73.1,72.92,72.92,1205,0
2015-08-03,19:30:00,72.98,73.2,72.98,73.14,500,0
2015-08-03,19:35:00,73.1,73.2,73.1,73.2,300,0
2015-08-03,19:40:00,73.21,73.39,73.14,73.14,1438,0
2015-08-03,19:45:00,73.2,73.33,73.19,73.33,300,0
2015-08-03,19:50:00,73.14,73.14,73.14,73.14,100,0
2015-08-03,19:55:00,73.33,73.33,73.1152,73.1152,650,0
2015-08-03,20:00:00,73.11,73.12,73.06,73.1,781,0
2015-08-03,20:05:00,73.04,73.1,72.94,72.94,400,0
2015-08-03,20:10:00,72.99,73,72.87,72.91,600,0
2015-08-03,20:15:00,72.85,72.85,72.81,72.81,400,0
2015-08-03,20:20:00,72.72,72.81,72.72,72.78,700,0
2015-08-03,20:25:00,72.75,72.86,72.63,72.86,800,0
2015-08-03,20:35:00,72.72,72.8,72.72,72.8,300,0
2015-08-03,20:40:00,72.87,72.98,72.87,72.98,200,0
2015-08-03,20:45:00,73.13,73.13,73.06,73.06,600,0
2015-08-03,20:50:00,72.97,72.97,72.97,72.97,100,0
2015-08-03,20:55:00,72.75,72.77,72.75,72.77,300,0
2015-08-03,21:00:00,72.79,72.79,72.79,72.79,100,0
2015-08-03,21:05:00,72.96,72.97,72.93,72.97,300,0
2015-08-03,21:10:00,73.06,73.1,73.04,73.04,861,0
2015-08-03,21:15:00,72.99,72.99,72.81,72.85,1684,0
2015-08-03,21:20:00,73.02,73.04,72.98,72.98,400,0
2015-08-03,21:25:00,73.05,73.05,73.04,73.04,200,0
2015-08-03,21:30:00,73,73.06,72.96,73.06,600,0
2015-08-03,21:35:00,73.02,73.09,72.98,72.98,400,0
2015-08-03,21:40:00,73.01,73.12,73.01,73.12,200,0
2015-08-03,21:45:00,73.24,73.41,73.24,73.4,500,0
2015-08-03,21:50:00,73.53,73.55,73.4,73.42,700,0
2015-08-03,21:55:00,73.41,73.41,73.375,73.375,270,0
2015-08-03,22:00:00,73.51,73.63,73.51,73.63,400,0
2015-08-04,15:35:00,73.98,74.24,73.25,73.25,4502,0
2015-08-04,15:40:00,73.206,73.206,73.206,73.206,300,0
2015-08-04,15:45:00,73.4,73.42,73.28,73.28,1100,0
2015-08-04,16:00:00,73.58,73.61,73.32,73.32,1150,0
2015-08-04,16:15:00,73.43,73.52,73.41,73.45,1025,0
2015-08-04,16:20:00,73.41,73.6,73.31,73.57,1000,0
2015-08-04,16:25:00,73.58,73.79,73.58,73.79,1100,0
2015-08-04,16:30:00,74.05,74.25,73.96,74.25,1075,0
2015-08-04,16:35:00,74.15,74.15,74.09,74.11,400,0
2015-08-04,16:40:00,74.34,74.36,74.241,74.3098,1245,0
2015-08-04,16:45:00,74.23,74.23,74.23,74.23,100,0
2015-08-04,16:50:00,74.33,74.33,74.33,74.33,100,0
2015-08-04,16:55:00,74.25,74.3991,74.25,74.3991,700,0
2015-08-04,17:00:00,74.7,74.78,74.53,74.54,2100,0
2015-08-04,17:05:00,74.59,74.64,74.471,74.473,1100,0
2015-08-04,17:10:00,74.47,74.47,74.33,74.47,2342,0
2015-08-04,17:15:00,74.34,74.37,74.31,74.31,400,0
2015-08-04,17:20:00,74.28,74.28,74.14,74.14,664,0
2015-08-04,17:25:00,74.14,74.14,74.05,74.07,500,0
2015-08-04,17:30:00,74.12,74.28,74.08,74.17,1700,0
2015-08-04,17:35:00,74.15,74.33,74.07,74.33,1300,0
2015-08-04,17:40:00,74.28,74.28,74.2708,74.2708,200,0
2015-08-04,17:45:00,74.32,74.32,74.32,74.32,100,0
2015-08-04,17:50:00,74.31,74.31,74.31,74.31,100,0
2015-08-04,17:55:00,74.34,74.34,74.07,74.07,1400,0
2015-08-04,18:00:00,74.03,74.03,73.97,73.9705,500,0
2015-08-04,18:05:00,74.11,74.11,74.01,74.01,500,0
2015-08-04,18:20:00,73.92,74.02,73.92,73.98,1067,0
2015-08-04,18:25:00,73.91,73.91,73.81,73.81,300,0
2015-08-04,18:30:00,73.7,73.7,73.66,73.66,200,0
2015-08-04,18:40:00,73.7192,73.72,73.7192,73.72,1000,0
2015-08-04,18:45:00,73.72,73.72,73.72,73.72,100,0
2015-08-04,18:50:00,73.5,73.5,73.34,73.34,200,0
2015-08-04,19:00:00,73.15,73.15,73.14,73.14,239,0
2015-08-04,19:15:00,72.665,72.69,72.665,72.69,497,0
2015-08-04,19:20:00,72.82,73.1,72.82,73.1,200,0
2015-08-04,19:25:00,73.25,73.25,73.25,73.25,100,0
2015-08-04,19:35:00,73.38,73.39,73.38,73.39,200,0
2015-08-04,19:40:00,73.3,73.31,73.3,73.31,200,0
2015-08-04,19:45:00,73.17,73.17,73.14,73.14,950,0
2015-08-04,19:50:00,73.1,73.1,72.95,72.95,200,0
2015-08-04,19:55:00,72.71,72.71,72.71,72.71,100,0
2015-08-04,20:00:00,72.54,72.54,72.51,72.51,300,0
2015-08-04,20:10:00,72.3,72.3194,72.3,72.3194,345,0
2015-08-04,20:20:00,72.49,72.49,72.38,72.38,882,0
2015-08-04,20:25:00,72.15,72.26,72.1126,72.1126,800,0
2015-08-04,20:30:00,72.44,72.44,72.44,72.44,100,0
2015-08-04,20:40:00,72.55,72.57,72.55,72.57,300,0
2015-08-04,20:50:00,72.36,72.37,72.36,72.37,200,0
2015-08-04,20:55:00,72.45,72.52,72.45,72.5,300,0
2015-08-04,21:00:00,72.69,72.69,72.69,72.69,100,0
2015-08-04,21:05:00,72.66,72.66,72.52,72.54,700,0
2015-08-04,21:10:00,72.43,72.43,72.32,72.32,300,0
2015-08-04,21:15:00,72.24,72.24,72.23,72.23,1100,0
2015-08-04,21:20:00,72.18,72.18,72.18,72.18,100,0
2015-08-04,21:25:00,72.18,72.18,72.18,72.18,100,0
2015-08-04,21:30:00,72.18,72.21,72.1008,72.21,300,0
2015-08-04,21:35:00,72.23,72.43,72.23,72.43,710,0
2015-08-04,21:45:00,72.16,72.19,72.16,72.19,900,0
2015-08-04,21:50:00,72.16,72.16,72.0201,72.0201,1762,0
2015-08-04,21:55:00,72.08,72.1,71.95,71.95,2700,0
2015-08-04,22:00:00,71.8,72.26,71.69,72.09,7379,0
2015-08-05,15:35:00,72.33,72.79,72.31,72.31,4563,0
2015-08-05,15:40:00,72.3,72.45,72.01,72.18,816,0
2015-08-05,15:45:00,72.23,72.55,72.23,72.34,1300,0
2015-08-05,15:50:00,72.35,72.7,72.34,72.7,900,0
2015-08-05,15:55:00,72.64,72.71,72.62,72.62,650,0
2015-08-05,16:00:00,72.58,72.62,72.58,72.62,400,0
2015-08-05,16:05:00,71.95,71.95,71.42,71.42,2127,0
2015-08-05,16:15:00,71.79,71.93,71.79,71.79,300,0
2015-08-05,16:20:00,71.75,71.75,71.672,71.672,900,0
2015-08-05,16:25:00,71.56,71.69,71.541,71.69,370,0
2015-08-05,16:35:00,71.71,71.71,71.66,71.66,200,0
2015-08-05,16:40:00,71.66,71.67,71.66,71.67,400,0
2015-08-05,16:45:00,71.7,71.7,71.7,71.7,100,0
2015-08-05,16:55:00,71.54,71.54,71.38,71.38,1955,0
2015-08-05,17:00:00,71.45,71.53,71.42,71.53,1800,0
2015-08-05,17:05:00,71.56,71.65,71.42,71.58,5747,0
2015-08-05,17:10:00,71.55,71.68,71.55,71.65,602,0
2015-08-05,17:15:00,71.75,71.75,71.61,71.61,513,0
2015-08-05,17:20:00,71.58,71.58,71.58,71.58,100,0
2015-08-05,17:25:00,71.46,71.46,71.37,71.37,200,0
2015-08-05,17:30:00,71.32,71.33,71.32,71.33,200,0
2015-08-05,17:40:00,71.42,71.48,71.4,71.48,400,0
2015-08-05,17:45:00,71.36,71.36,71.36,71.36,100,0
2015-08-05,17:50:00,71.61,71.61,71.61,71.61,100,0
2015-08-05,17:55:00,71.79,71.79,71.7,71.7,400,0
2015-08-05,18:00:00,71.6,71.65,71.56,71.56,400,0
2015-08-05,18:05:00,71.49,71.67,71.49,71.67,400,0
2015-08-05,18:10:00,71.74,71.74,71.54,71.54,250,0
2015-08-05,18:15:00,71.46,71.46,71.37,71.37,300,0
2015-08-05,18:25:00,71.34,71.34,71.15,71.15,400,0
2015-08-05,18:30:00,70.86,70.91,70.8,70.91,2400,0
2015-08-05,18:35:00,70.9,70.9,70.84,70.84,200,0
2015-08-05,18:40:00,70.86,70.86,70.76,70.76,1000,0
2015-08-05,18:45:00,70.75,70.75,70.7,70.74,300,0
2015-08-05,18:50:00,70.73,70.73,70.73,70.73,100,0
2015-08-05,18:55:00,70.84,70.84,70.84,70.84,100,0
2015-08-05,19:00:00,70.86,70.87,70.83,70.83,300,0
2015-08-05,19:05:00,70.83,70.83,70.74,70.74,1600,0
2015-08-05,19:10:00,70.78,70.78,70.78,70.78,100,0
2015-08-05,19:15:00,70.59,70.59,70.59,70.59,100,0
2015-08-05,19:20:00,70.4301,70.4301,70.4301,70.4301,400,0
2015-08-05,19:25:00,70.36,70.42,70.36,70.42,300,0
2015-08-05,19:30:00,70.4,70.4,70.15,70.15,2440,0
2015-08-05,19:35:00,70.14,70.14,69.95,70.03,3000,0
2015-08-05,19:40:00,70.02,70.17,70.02,70.17,500,0
2015-08-05,19:50:00,70.34,70.34,70.34,70.34,200,0
2015-08-05,19:55:00,70.31,70.35,70.31,70.35,300,0
2015-08-05,20:00:00,70.3,70.36,70.29,70.32,600,0
2015-08-05,20:10:00,70.39,70.4,70.39,70.4,500,0
2015-08-05,20:20:00,70.32,70.32,70.2,70.2,850,0
2015-08-05,20:25:00,70.28,70.39,70.28,70.39,400,0
2015-08-05,20:30:00,70.38,70.38,70.33,70.33,400,0
2015-08-05,20:35:00,70.31,70.31,70.25,70.25,300,0
2015-08-05,20:40:00,70.23,70.23,70.0844,70.0844,400,0
2015-08-05,20:45:00,70.23,70.24,70.23,70.24,200,0
2015-08-05,20:50:00,70.16,70.175,70.13,70.175,300,0
2015-08-05,20:55:00,70.18,70.18,70.13,70.135,1517,0
2015-08-05,21:00:00,70.14,70.14,70.01,70.02,300,0
2015-08-05,21:05:00,69.92,69.95,69.92,69.94,1207,0
2015-08-05,21:10:00,69.93,69.93,69.93,69.93,100,0
2015-08-05,21:15:00,69.98,70.22,69.98,70.22,300,0
2015-08-05,21:20:00,70.2,70.2,70.07,70.07,900,0
2015-08-05,21:25:00,70.02,70.05,70,70.05,500,0
2015-08-05,21:30:00,70,70,69.9846,69.9846,400,0
2015-08-05,21:35:00,70.01,70.24,70.01,70.21,400,0
2015-08-05,21:40:00,70.2,70.3,70.2,70.28,1416,0
2015-08-05,21:45:00,70.25,70.46,70.25,70.281,2230,0
2015-08-05,21:50:00,70.28,70.54,70.28,70.51,2562,0
2015-08-05,21:55:00,70.61,70.66,70.61,70.66,400,0
2015-08-05,22:00:00,70.76,70.76,70.42,70.62,2635,0
2015-08-06,15:35:00,70.66,70.67,70.5,70.54,3087,0
2015-08-06,15:40:00,70.76,70.95,70.56,70.85,800,0
2015-08-06,15:45:00,70.73,70.73,70.34,70.39,1000,0
2015-08-06,15:55:00,70.35,70.42,70.22,70.39,1200,0
2015-08-06,16:00:00,70.31,70.42,70.14,70.2822,1400,0
2015-08-06,16:10:00,70.34,70.38,70.11,70.19,1713,0
2015-08-06,16:15:00,70.3,70.3,70.06,70.15,900,0
2015-08-06,16:20:00,70.24,70.39,70.19,70.25,900,0
2015-08-06,16:25:00,70.23,70.23,70.01,70.02,400,0
2015-08-06,16:35:00,69.7,69.71,69.35,69.48,900,0
2015-08-06,16:40:00,69.5,69.63,69.5,69.52,500,0
2015-08-06,16:45:00,69.45,69.51,69.3552,69.3552,1005,0
2015-08-06,16:50:00,69.31,69.31,69.1072,69.1072,800,0
2015-08-06,16:55:00,68.99,69.07,68.91,68.91,1864,0
2015-08-06,17:00:00,68.91,69.02,68.71,68.78,1425,0
2015-08-06,17:05:00,68.76,68.93,68.76,68.87,700,0
2015-08-06,17:10:00,68.81,68.93,68.81,68.93,781,0
2015-08-06,17:15:00,68.87,69.02,68.87,69,641,0
2015-08-06,17:20:00,69.06,69.06,69,69,200,0
2015-08-06,17:25:00,69.13,69.13,69.13,69.13,100,0
2015-08-06,17:30:00,69.23,69.42,69.13,69.13,738,0
2015-08-06,17:35:00,69.06,69.06,68.772,68.96,1000,0
2015-08-06,17:45:00,69.2,69.204,69.2,69.204,350,0
2015-08-06,17:55:00,69.02,69.02,68.93,68.93,1199,0
2015-08-06,18:00:00,68.7,68.7,68.7,68.7,150,0
2015-08-06,18:05:00,68.6301,68.6574,68.6301,68.6574,450,0
2015-08-06,18:10:00,68.607,68.607,68.607,68.607,100,0
2015-08-06,18:15:00,68.3,68.31,68.3,68.31,574,0
2015-08-06,18:20:00,68.15,68.15,68,68,550,0
2015-08-06,18:25:00,67.97,68.04,67.9505,68.04,415,0
2015-08-06,18:30:00,68.05,68.05,68.05,68.05,1000,0
2015-08-06,18:35:00,68.0732,68.0732,68.0732,68.0732,600,0
2015-08-06,18:40:00,68,68,68,68,380,0
2015-08-06,18:45:00,67.85,67.85,67.8,67.8,1352,0
2015-08-06,18:50:00,67.8495,67.8495,67.47,67.63,2173,0
2015-08-06,18:55:00,67.721,67.727,67.68,67.68,1400,0
2015-08-06,19:00:00,67.77,67.77,67.71,67.71,200,0
2015-08-06,19:05:00,67.89,67.89,67.78,67.78,300,0
2015-08-06,19:15:00,68.1,68.2036,68.05,68.2036,350,0
2015-08-06,19:20:00,68.172,68.172,68.08,68.08,550,0
2015-08-06,19:25:00,68.17,68.36,68.17,68.36,607,0
2015-08-06,19:30:00,68.37,68.37,68.37,68.37,200,0
2015-08-06,19:35:00,68.41,68.41,68.41,68.41,100,0
2015-08-06,19:40:00,68.49,68.5,68.49,68.5,200,0
2015-08-06,19:45:00,68.62,68.74,68.62,68.705,300,0
2015-08-06,19:50:00,68.95,68.95,68.89,68.89,400,0
2015-08-06,19:55:00,68.99,68.99,68.9,68.91,600,0
2015-08-06,20:00:00,69.01,69.18,69,69.18,300,0
2015-08-06,20:05:00,69.18,69.2,69.07,69.09,1100,0
2015-08-06,20:10:00,69.11,69.3,69.11,69.28,850,0
2015-08-06,20:15:00,69.34,69.34,69.27,69.31,400,0
2015-08-06,20:20:00,69.38,69.7,69.38,69.6,700,0
2015-08-06,20:25:00,69.73,69.73,69.73,69.73,100,0
2015-08-06,20:30:00,70.29,70.334,70.29,70.334,200,0
2015-08-06,20:35:00,70.25,70.25,70.11,70.18,556,0
2015-08-06,20:40:00,70.25,70.25,70.25,70.25,100,0
2015-08-06,20:45:00,70.45,70.47,70.44,70.47,300,0
2015-08-06,20:50:00,70.62,70.79,70.62,70.778,1298,0
2015-08-06,20:55:00,70.78,70.8,70.78,70.8,200,0
2015-08-06,21:00:00,70.73,70.73,70.7,70.7,200,0
2015-08-06,21:05:00,70.66,70.79,70.66,70.79,441,0
2015-08-06,21:10:00,70.83,70.85,70.74,70.74,400,0
2015-08-06,21:20:00,70.7,70.72,70.58,70.7,1326,0
2015-08-06,21:25:00,70.68,70.68,70.58,70.58,600,0
2015-08-06,21:30:00,70.54,70.54,70.54,70.54,100,0
2015-08-06,21:35:00,70.5,70.5,70.44,70.44,1200,0
2015-08-06,21:40:00,70.51,70.61,70.5,70.61,3212,0
2015-08-06,21:45:00,70.64,70.82,70.63,70.79,400,0
2015-08-06,21:50:00,70.88,71.0417,70.87,71,2832,0
2015-08-06,21:55:00,70.99,71.03,70.96,70.96,2200,0
2015-08-06,22:00:00,71.15,71.17,70.91,70.94,2305,0
2015-08-07,15:35:00,71.14,71.14,70.25,70.41,9015,0
2015-08-07,15:40:00,70.3999,70.3999,70.3999,70.3999,370,0
2015-08-07,15:45:00,69.752,69.83,69.58,69.83,1240,0
2015-08-07,15:50:00,69.63,69.63,69.21,69.23,870,0
2015-08-07,15:55:00,69.33,69.41,69.12,69.3,1050,0
2015-08-07,16:00:00,69.39,69.51,69.39,69.51,300,0
2015-08-07,16:05:00,69.51,69.51,69.34,69.4,800,0
2015-08-07,16:10:00,69.32,69.68,69.21,69.62,600,0
2015-08-07,16:15:00,69.57,69.92,69.56,69.92,300,0
2015-08-07,16:20:00,69.97,70,69.78,69.78,2984,0
2015-08-07,16:25:00,69.72,69.74,69.49,69.59,2237,0
2015-08-07,16:30:00,69.62,69.62,69.51,69.51,1947,0
2015-08-07,16:35:00,69.65,69.91,69.5701,69.89,1360,0
2015-08-07,16:40:00,70.29,70.54,70.29,70.54,500,0
2015-08-07,16:45:00,70.77,71.08,70.7699,71.07,1074,0
2015-08-07,16:50:00,71.22,71.34,70.94,70.94,6082,0
2015-08-07,16:55:00,71.01,71.13,70.97,71.07,1500,0
2015-08-07,17:00:00,70.7852,71.18,70.7852,71.07,2258,0
2015-08-07,17:05:00,70.98,71.18,70.98,71.18,800,0
2015-08-07,17:10:00,70.9501,71.03,70.85,70.97,890,0
2015-08-07,17:15:00,70.75,70.75,70.42,70.42,200,0
2015-08-07,17:20:00,70.35,70.44,70.26,70.43,900,0
2015-08-07,17:25:00,70.55,70.68,70.55,70.68,200,0
2015-08-07,17:30:00,70.78,71.2,70.78,71.08,1686,0
2015-08-07,17:35:00,71.1,71.1,70.83,70.83,600,0
2015-08-07,17:40:00,70.69,70.69,70.61,70.69,600,0
2015-08-07,17:45:00,70.77,70.94,70.77,70.8366,650,0
2015-08-07,17:50:00,70.86,70.86,70.84,70.84,500,0
2015-08-07,17:55:00,70.75,70.76,70.75,70.76,393,0
2015-08-07,18:10:00,70.99,71.32,70.99,71.32,1507,0
2015-08-07,18:15:00,71.11,71.25,71.11,71.25,300,0
2015-08-07,18:20:00,71.36,71.38,71.3369,71.38,885,0
2015-08-07,18:30:00,71.36,71.4689,71.26,71.26,5100,0
2015-08-07,18:35:00,71.16,71.21,71.16,71.21,400,0
2015-08-07,18:40:00,71.36,71.36,71.24,71.24,200,0
2015-08-07,18:45:00,71.48,71.63,71.48,71.63,300,0
2015-08-07,18:50:00,71.65,71.65,71.62,71.62,200,0
2015-08-07,18:55:00,71.77,71.77,71.76,71.76,200,0
2015-08-07,19:05:00,71.48,71.56,71.48,71.56,200,0
2015-08-07,19:10:00,71.61,71.61,71.57,71.57,300,0
2015-08-07,19:15:00,71.5,71.53,71.43,71.43,550,0
2015-08-07,19:25:00,71.33,71.5307,71.33,71.5307,400,0
2015-08-07,19:30:00,71.58,71.58,71.49,71.49,200,0
2015-08-07,19:35:00,71.6,71.75,71.59,71.75,400,0
2015-08-07,19:40:00,71.84,71.84,71.84,71.84,100,0
2015-08-07,19:50:00,71.91,71.91,71.76,71.76,200,0
2015-08-07,19:55:00,71.68,71.68,71.52,71.52,300,0
2015-08-07,20:00:00,71.61,71.7,71.61,71.61,1528,0
2015-08-07,20:05:00,71.54,71.55,71.49,71.55,1000,0
2015-08-07,20:15:00,71.3992,71.3992,71.3992,71.3992,300,0
2015-08-07,20:20:00,71.12,71.12,71.12,71.12,100,0
2015-08-07,20:25:00,71.3,71.33,71.3,71.33,200,0
2015-08-07,20:35:00,71.54,71.79,71.54,71.73,2000,0
2015-08-07,20:40:00,71.76,71.89,71.76,71.89,400,0
2015-08-07,20:45:00,71.8,71.8,71.8,71.8,100,0
2015-08-07,20:50:00,71.78,71.79,71.78,71.79,381,0
2015-08-07,20:55:00,71.91,72,71.87,71.87,980,0
2015-08-07,21:00:00,71.96,71.96,71.96,71.96,200,0
2015-08-07,21:05:00,71.92,71.92,71.89,71.9,600,0
2015-08-07,21:10:00,71.72,71.81,71.72,71.81,900,0
2015-08-07,21:15:00,71.82,71.82,71.67,71.68,400,0
2015-08-07,21:20:00,71.5899,71.68,71.5899,71.68,325,0
2015-08-07,21:30:00,71.66,71.97,71.66,71.97,400,0
2015-08-07,21:35:00,71.9,71.9,71.73,71.73,300,0
2015-08-07,21:40:00,71.78,71.84,71.76,71.84,300,0
2015-08-07,21:45:00,71.7,71.722,71.6334,71.722,500,0
2015-08-07,21:50:00,71.71,71.73,71.61,71.68,1193,0
2015-08-07,21:55:00,71.66,71.7,71.65,71.6654,900,0
2015-08-07,22:00:00,71.66,71.81,71.61,71.7,2685,0
