Date,Time,Open,High,Low,Close,Volume,OpenInt
2015-06-15,15:45:00,29.749,29.749,29.739,29.739,401,0
2015-06-15,16:20:00,29.744,29.744,29.739,29.739,805,0
2015-06-15,16:45:00,29.744,29.744,29.744,29.744,651,0
2015-06-15,17:05:00,29.749,29.749,29.749,29.749,200,0
2015-06-15,18:05:00,29.795,29.795,29.795,29.795,701,0
2015-06-15,18:40:00,29.829,29.829,29.829,29.829,234,0
2015-06-15,19:10:00,29.869,29.869,29.857,29.857,771,0
2015-06-15,19:45:00,29.859,29.869,29.859,29.869,401,0
2015-06-15,20:15:00,29.869,29.869,29.869,29.869,200,0
2015-06-15,20:25:00,29.899,29.899,29.899,29.899,250,0
2015-06-15,20:35:00,29.877,29.877,29.877,29.877,139,0
2015-06-15,20:40:00,29.879,29.879,29.879,29.879,100,0
2015-06-15,20:45:00,29.889,29.889,29.889,29.889,1076,0
2015-06-15,20:50:00,29.849,29.849,29.849,29.849,120,0
2015-06-15,21:00:00,29.879,29.879,29.879,29.879,335,0
2015-06-15,21:15:00,29.865,29.865,29.865,29.865,390,0
2015-06-15,21:30:00,29.884,29.884,29.884,29.884,139,0
2015-06-15,21:55:00,29.919,29.919,29.919,29.919,200,0
2015-06-16,15:35:00,29.34,29.34,29.143,29.31,1504,0
2015-06-16,15:40:00,29.321,29.321,29.321,29.321,501,0
2015-06-16,16:00:00,29.395,29.395,29.395,29.395,100,0
2015-06-16,16:05:00,29.38,29.38,29.38,29.38,902,0
2015-06-16,16:15:00,29.37,29.37,29.36,29.36,501,0
2015-06-16,16:55:00,29.343,29.343,29.343,29.343,100,0
2015-06-16,17:00:00,29.343,29.343,29.343,29.343,100,0
2015-06-16,17:25:00,29.39,29.39,29.39,29.39,401,0
2015-06-16,17:50:00,29.4,29.4,29.4,29.4,254,0
2015-06-16,18:05:00,29.39,29.39,29.39,29.39,100,0
2015-06-16,18:40:00,29.41,29.41,29.41,29.41,100,0
2015-06-16,18:55:00,29.41,29.41,29.41,29.41,701,0
2015-06-16,20:00:00,29.419,29.419,29.419,29.419,1135,0
2015-06-16,20:10:00,29.44,29.45,29.44,29.45,1102,0
2015-06-16,20:30:00,29.45,29.45,29.45,29.45,301,0
2015-06-16,20:55:00,29.458,29.458,29.458,29.458,113,0
2015-06-16,21:05:00,29.458,29.458,29.458,29.458,200,0
2015-06-16,21:10:00,29.44,29.44,29.44,29.44,401,0
2015-06-16,21:15:00,29.45,29.45,29.443,29.443,301,0
2015-06-16,21:25:00,29.44,29.44,29.44,29.44,282,0
2015-06-16,21:35:00,29.47,29.47,29.464,29.464,616,0
2015-06-16,21:40:00,29.49,29.49,29.49,29.49,1803,0
2015-06-16,21:45:00,29.48,29.48,29.48,29.48,301,0
2015-06-16,21:50:00,29.475,29.499,29.475,29.49,2584,0
2015-06-16,21:55:00,29.49,29.49,29.49,29.49,849,0
2015-06-17,15:35:00,29.36,29.36,29.3,29.3,1288,0
2015-06-17,15:40:00,29.31,29.31,29.3,29.3,401,0
2015-06-17,15:45:00,29.3,29.31,29.3,29.31,501,0
2015-06-17,15:50:00,29.3,29.3,29.3,29.3,100,0
2015-06-17,15:55:00,29.3,29.3,29.29,29.29,401,0
2015-06-17,16:00:00,29.28,29.28,29.28,29.28,401,0
2015-06-17,16:05:00,29.29,29.294,29.29,29.294,1345,0
2015-06-17,16:10:00,29.3,29.3,29.295,29.295,401,0
2015-06-17,16:15:00,29.3,29.31,29.3,29.31,2705,0
2015-06-17,16:20:00,29.31,29.31,29.31,29.31,100,0
2015-06-17,16:25:00,29.3,29.3,29.3,29.3,200,0
2015-06-17,16:30:00,29.3,29.31,29.3,29.31,401,0
2015-06-17,16:35:00,29.32,29.32,29.32,29.32,100,0
2015-06-17,16:40:00,29.33,29.33,29.33,29.33,200,0
2015-06-17,16:55:00,29.358,29.358,29.358,29.358,110,0
2015-06-17,17:05:00,29.35,29.35,29.35,29.35,100,0
2015-06-17,17:10:00,29.34,29.34,29.34,29.34,200,0
2015-06-17,17:15:00,29.31,29.31,29.31,29.31,200,0
2015-06-17,17:25:00,29.29,29.29,29.29,29.29,200,0
2015-06-17,17:30:00,29.27,29.27,29.25,29.25,301,0
2015-06-17,17:40:00,29.245,29.245,29.245,29.245,100,0
2015-06-17,17:45:00,29.25,29.25,29.25,29.25,314,0
2015-06-17,17:50:00,29.25,29.255,29.25,29.255,442,0
2015-06-17,17:55:00,29.28,29.28,29.28,29.28,100,0
2015-06-17,18:20:00,29.27,29.27,29.25,29.25,295,0
2015-06-17,18:25:00,29.26,29.26,29.26,29.26,100,0
2015-06-17,18:30:00,29.108,29.118,29.108,29.118,250,0
2015-06-17,18:40:00,29.245,29.245,29.24,29.24,273,0
2015-06-17,18:45:00,29.24,29.24,29.24,29.24,200,0
2015-06-17,18:50:00,29.245,29.25,29.24,29.249,854,0
2015-06-17,19:00:00,29.19,29.198,29.19,29.19,2457,0
2015-06-17,19:05:00,29.21,29.21,29.21,29.21,546,0
2015-06-17,19:10:00,29.2,29.2,29.2,29.2,150,0
2015-06-17,19:15:00,29.2,29.2,29.2,29.2,100,0
2015-06-17,19:25:00,29.22,29.22,29.206,29.206,1567,0
2015-06-17,19:30:00,29.25,29.25,29.23,29.23,200,0
2015-06-17,19:35:00,29.23,29.23,29.23,29.23,100,0
2015-06-17,19:40:00,29.23,29.24,29.23,29.24,200,0
2015-06-17,19:45:00,29.24,29.25,29.24,29.25,200,0
2015-06-17,19:50:00,29.24,29.24,29.24,29.24,100,0
2015-06-17,19:55:00,29.245,29.245,29.245,29.245,100,0
2015-06-17,20:00:00,29.35,29.35,29.35,29.35,100,0
2015-06-17,20:05:00,29.35,29.35,29.35,29.35,100,0
2015-06-17,20:10:00,29.36,29.37,29.36,29.37,200,0
2015-06-17,20:15:00,29.34,29.34,29.31,29.31,200,0
2015-06-17,20:20:00,29.32,29.32,29.32,29.32,100,0
2015-06-17,20:25:00,29.28,29.29,29.28,29.29,200,0
2015-06-17,20:30:00,29.29,29.29,29.29,29.29,200,0
2015-06-17,20:35:00,29.31,29.31,29.31,29.31,100,0
2015-06-17,20:40:00,29.33,29.34,29.298,29.33,2805,0
2015-06-17,20:45:00,29.34,29.35,29.24,29.35,952,0
2015-06-17,20:50:00,29.33,29.33,29.33,29.33,100,0
2015-06-17,20:55:00,29.33,29.33,29.31,29.31,200,0
2015-06-17,21:00:00,29.314,29.314,29.25,29.25,542,0
2015-06-17,21:05:00,29.258,29.258,29.25,29.25,301,0
2015-06-17,21:10:00,29.23,29.25,29.23,29.25,200,0
2015-06-17,21:15:00,29.25,29.26,29.24,29.24,1703,0
2015-06-17,21:20:00,29.26,29.26,29.26,29.26,100,0
2015-06-17,21:25:00,29.26,29.28,29.25,29.28,301,0
2015-06-17,21:30:00,29.3,29.3,29.29,29.29,401,0
2015-06-17,21:35:00,29.33,29.33,29.33,29.33,200,0
2015-06-17,21:40:00,29.325,29.325,29.31,29.31,401,0
2015-06-17,21:45:00,29.32,29.32,29.32,29.32,1082,0
2015-06-17,21:50:00,29.291,29.291,29.28,29.28,1344,0
2015-06-17,21:55:00,29.29,29.3,29.29,29.3,601,0
2015-06-17,22:00:00,29.295,29.31,29.295,29.31,902,0
2015-06-18,16:15:00,29.011,29.041,29.011,29.029,2253,0
2015-06-18,16:30:00,29.044,29.044,29.044,29.044,185,0
2015-06-18,16:45:00,29.065,29.081,29.065,29.081,3506,0
2015-06-18,17:00:00,29.1,29.1,29.1,29.1,100,0
2015-06-18,17:05:00,29.11,29.11,29.1,29.1,200,0
2015-06-18,17:20:00,29.091,29.091,29.091,29.091,1201,0
2015-06-18,18:10:00,29.07,29.07,29.07,29.07,687,0
2015-06-18,18:15:00,29.042,29.042,29.042,29.042,250,0
2015-06-18,18:35:00,29.206,29.21,29.196,29.196,1779,0
2015-06-18,18:40:00,29.21,29.21,29.2,29.2,1002,0
2015-06-18,20:05:00,29.115,29.115,29.11,29.11,501,0
2015-06-18,20:15:00,29.094,29.094,29.094,29.094,202,0
2015-06-18,20:25:00,29.131,29.131,29.131,29.131,100,0
2015-06-18,20:35:00,29.14,29.14,29.13,29.13,800,0
2015-06-18,21:10:00,29.13,29.13,29.13,29.13,100,0
2015-06-18,21:15:00,29.145,29.155,29.14,29.155,3806,0
2015-06-18,21:20:00,29.158,29.168,29.14,29.168,2493,0
2015-06-18,21:50:00,29.172,29.172,29.172,29.172,285,0
2015-06-18,21:55:00,29.159,29.159,29.121,29.121,2773,0
2015-06-19,15:35:00,29.15,29.15,29.15,29.15,1603,0
2015-06-19,15:40:00,29.1,29.1,29.081,29.081,791,0
2015-06-19,15:50:00,29.085,29.095,29.085,29.095,616,0
2015-06-19,16:15:00,29.13,29.14,29.13,29.14,872,0
2015-06-19,17:35:00,29.14,29.14,29.14,29.14,100,0
2015-06-19,17:55:00,29.117,29.117,29.117,29.117,167,0
2015-06-19,18:00:00,29.117,29.117,29.117,29.117,132,0
2015-06-19,18:35:00,29.12,29.12,29.12,29.12,100,0
2015-06-19,18:40:00,29.12,29.12,29.12,29.12,200,0
2015-06-19,20:15:00,29.13,29.13,29.13,29.13,351,0
2015-06-19,20:35:00,29.11,29.11,29.11,29.11,100,0
2015-06-19,20:55:00,29.081,29.081,29.081,29.081,168,0
2015-06-19,21:45:00,29.11,29.11,29.11,29.11,401,0
2015-06-19,22:00:00,29.11,29.11,29.11,29.11,100,0
2015-06-22,16:50:00,30.09,30.09,30.09,30.09,650,0
2015-06-22,17:45:00,30.11,30.11,30.11,30.11,100,0
2015-06-22,17:55:00,30.1128,30.1128,30.1128,30.1128,959,0
2015-06-22,18:25:00,30.1,30.1,30.1,30.1,400,0
2015-06-22,19:30:00,30.0884,30.0884,30.0884,30.0884,700,0
2015-06-22,20:30:00,30.06,30.06,30.06,30.06,300,0
2015-06-22,20:50:00,30.09,30.11,30.085,30.11,5240,0
2015-06-22,21:00:00,30.13,30.13,30.13,30.13,300,0
2015-06-22,21:05:00,30.12,30.12,30.12,30.12,100,0
2015-06-22,21:40:00,30.13,30.13,30.13,30.13,100,0
2015-06-22,21:45:00,30.074,30.074,30.074,30.074,680,0
2015-06-23,15:35:00,30.62,30.62,30.62,30.62,229,0
2015-06-23,15:40:00,30.5804,30.5804,30.5804,30.5804,200,0
2015-06-23,16:05:00,30.6,30.6,30.59,30.59,5276,0
2015-06-23,16:50:00,30.58,30.58,30.58,30.58,100,0
2015-06-23,16:55:00,30.5579,30.5579,30.5579,30.5579,500,0
2015-06-23,17:05:00,30.55,30.55,30.55,30.55,315,0
2015-06-23,17:10:00,30.55,30.56,30.54,30.54,594,0
2015-06-23,19:20:00,30.63,30.63,30.63,30.63,275,0
2015-06-23,20:10:00,30.618,30.618,30.618,30.618,100,0
2015-06-23,20:20:00,30.6,30.6002,30.6,30.6002,768,0
2015-06-23,20:25:00,30.62,30.62,30.6129,30.62,1100,0
2015-06-23,20:45:00,30.62,30.62,30.62,30.62,200,0
2015-06-23,20:50:00,30.62,30.62,30.62,30.62,100,0
2015-06-23,21:25:00,30.62,30.63,30.62,30.63,400,0
2015-06-23,21:30:00,30.63,30.64,30.63,30.64,427,0
2015-06-23,21:45:00,30.64,30.64,30.64,30.64,100,0
2015-06-23,22:00:00,30.6589,30.668,30.65,30.668,1100,0
2015-06-24,15:35:00,30.49,30.49,30.45,30.45,335,0
2015-06-24,16:25:00,30.4628,30.4628,30.4628,30.4628,158,0
2015-06-24,16:40:00,30.5204,30.5204,30.5204,30.5204,274,0
2015-06-24,17:20:00,30.4699,30.47,30.465,30.465,800,0
2015-06-24,17:35:00,30.47,30.475,30.47,30.475,200,0
2015-06-24,18:05:00,30.46,30.46,30.46,30.46,100,0
2015-06-24,18:10:00,30.38,30.38,30.35,30.36,2000,0
2015-06-24,19:05:00,30.38,30.38,30.3632,30.3632,400,0
2015-06-24,19:10:00,30.38,30.38,30.38,30.38,100,0
2015-06-24,19:50:00,30.318,30.318,30.318,30.318,100,0
2015-06-24,20:15:00,30.309,30.309,30.309,30.309,162,0
2015-06-25,17:40:00,30.392,30.392,30.392,30.392,800,0
2015-06-25,18:05:00,30.42,30.44,30.42,30.44,9876,0
2015-06-25,18:35:00,30.405,30.405,30.405,30.405,137,0
2015-06-25,20:00:00,30.4,30.41,30.3956,30.408,800,0
2015-06-25,20:10:00,30.3696,30.3696,30.3696,30.3696,200,0
2015-06-25,20:15:00,30.3248,30.3248,30.3248,30.3248,226,0
2015-06-25,20:30:00,30.33,30.33,30.33,30.33,100,0
2015-06-25,21:40:00,30.3368,30.3368,30.3368,30.3368,275,0
2015-06-25,22:00:00,30.34,30.34,30.31,30.31,200,0
2015-06-26,15:35:00,30.78,30.78,30.78,30.78,270,0
2015-06-26,15:45:00,30.81,30.81,30.81,30.81,100,0
2015-06-26,15:50:00,30.84,30.84,30.81,30.81,500,0
2015-06-26,16:10:00,30.84,30.84,30.84,30.84,150,0
2015-06-26,16:25:00,30.84,30.84,30.84,30.84,400,0
2015-06-26,16:45:00,30.829,30.829,30.829,30.829,300,0
2015-06-26,17:05:00,30.82,30.82,30.82,30.82,400,0
2015-06-26,17:25:00,30.83,30.83,30.8245,30.8245,200,0
2015-06-26,18:00:00,30.84,30.84,30.84,30.84,300,0
2015-06-26,19:00:00,30.78,30.78,30.78,30.78,100,0
2015-06-26,19:05:00,30.77,30.773,30.77,30.773,200,0
2015-06-26,20:25:00,30.81,30.825,30.78,30.825,367,0
2015-06-26,20:35:00,30.816,30.816,30.816,30.816,162,0
2015-06-26,21:10:00,30.825,30.825,30.825,30.825,100,0
2015-06-26,21:35:00,30.83,30.83,30.83,30.83,1100,0
2015-06-26,21:40:00,30.82,30.82,30.8055,30.8055,370,0
2015-06-29,15:35:00,30.17,30.17,29.9,29.96,2625,0
2015-06-29,15:40:00,29.96,29.96,29.96,29.96,144,0
2015-06-29,16:05:00,29.9701,29.9701,29.9701,29.9701,300,0
2015-06-29,16:25:00,29.95,29.95,29.95,29.95,500,0
2015-06-29,17:00:00,29.9236,29.9236,29.9236,29.9236,100,0
2015-06-29,17:20:00,29.88,29.88,29.8661,29.8661,700,0
2015-06-29,18:40:00,29.81,29.81,29.81,29.81,100,0
2015-06-29,19:10:00,29.81,29.81,29.81,29.81,248,0
2015-06-29,19:30:00,29.82,29.82,29.82,29.82,1200,0
2015-06-29,19:40:00,29.82,29.82,29.82,29.82,100,0
2015-06-29,19:55:00,29.795,29.795,29.795,29.795,200,0
2015-06-29,20:05:00,29.7801,29.7801,29.7801,29.7801,2000,0
2015-06-29,21:15:00,29.7504,29.7504,29.7504,29.7504,100,0
2015-06-29,21:55:00,29.63,29.63,29.63,29.63,400,0
2015-06-30,15:35:00,29.97,29.97,29.97,29.97,202,0
2015-06-30,15:45:00,29.88,29.88,29.88,29.88,100,0
2015-06-30,16:25:00,29.79,29.79,29.79,29.79,200,0
2015-06-30,17:15:00,29.8291,29.8291,29.8291,29.8291,300,0
2015-06-30,17:20:00,29.865,29.865,29.865,29.865,500,0
2015-06-30,18:20:00,29.7501,29.7501,29.7501,29.7501,103,0
2015-06-30,18:55:00,29.7004,29.7004,29.7004,29.7004,104,0
2015-06-30,19:10:00,29.7616,29.7616,29.7616,29.7616,168,0
2015-06-30,19:50:00,29.8499,29.8499,29.8499,29.8499,400,0
2015-06-30,20:00:00,29.855,29.855,29.855,29.855,172,0
2015-06-30,20:20:00,29.9536,29.9536,29.9536,29.9536,1000,0
2015-06-30,21:30:00,29.7828,29.7828,29.7828,29.7828,240,0
2015-06-30,21:35:00,29.828,29.828,29.828,29.828,151,0
2015-06-30,21:40:00,29.826,29.826,29.826,29.826,200,0
2015-06-30,22:00:00,29.8305,29.8305,29.75,29.75,252,0
2015-07-01,15:35:00,30.26,30.26,30.26,30.26,100,0
2015-07-01,15:40:00,30.32,30.32,30.32,30.32,300,0
2015-07-01,15:45:00,30.3399,30.3399,30.3399,30.3399,300,0
2015-07-01,15:55:00,30.32,30.32,30.32,30.32,700,0
2015-07-01,16:00:00,30.34,30.34,30.3342,30.3342,300,0
2015-07-01,16:05:00,30.33,30.34,30.33,30.34,1100,0
2015-07-01,16:10:00,30.35,30.35,30.3465,30.35,1314,0
2015-07-01,16:15:00,30.35,30.35,30.34,30.34,2300,0
2015-07-01,16:20:00,30.34,30.34,30.34,30.34,100,0
2015-07-01,16:30:00,30.31,30.32,30.31,30.32,300,0
2015-07-01,16:35:00,30.26,30.26,30.26,30.26,500,0
2015-07-01,16:40:00,30.27,30.31,30.27,30.31,1659,0
2015-07-01,16:50:00,30.28,30.28,30.25,30.25,400,0
2015-07-01,17:00:00,30.26,30.26,30.2536,30.2536,846,0
2015-07-01,17:05:00,30.26,30.26,30.26,30.26,100,0
2015-07-01,17:15:00,30.28,30.28,30.28,30.28,300,0
2015-07-01,17:25:00,30.29,30.29,30.29,30.29,200,0
2015-07-01,17:30:00,30.29,30.29,30.29,30.29,100,0
2015-07-01,17:40:00,30.29,30.29,30.29,30.29,200,0
2015-07-01,17:55:00,30.2795,30.2795,30.2736,30.2736,226,0
2015-07-01,18:10:00,30.28,30.28,30.28,30.28,700,0
2015-07-01,18:20:00,30.285,30.285,30.285,30.285,220,0
2015-07-01,18:25:00,30.28,30.28,30.2549,30.2549,584,0
2015-07-01,19:15:00,30.225,30.225,30.219,30.219,200,0
2015-07-01,19:25:00,30.225,30.23,30.225,30.23,2300,0
2015-07-01,19:30:00,30.23,30.24,30.23,30.24,200,0
2015-07-01,19:35:00,30.25,30.25,30.25,30.25,1500,0
2015-07-01,19:45:00,30.25,30.25,30.25,30.25,500,0
2015-07-01,19:50:00,30.2539,30.2539,30.2539,30.2539,800,0
2015-07-01,20:05:00,30.24,30.24,30.24,30.24,7860,0
2015-07-01,20:20:00,30.21,30.21,30.21,30.21,200,0
2015-07-01,20:40:00,30.22,30.22,30.22,30.22,100,0
2015-07-01,20:50:00,30.23,30.23,30.22,30.22,700,0
2015-07-01,21:10:00,30.22,30.22,30.22,30.22,600,0
2015-07-01,21:20:00,30.22,30.22,30.22,30.22,100,0
2015-07-01,21:25:00,30.23,30.23,30.2268,30.23,1700,0
2015-07-01,21:30:00,30.23,30.23,30.23,30.23,100,0
2015-07-01,21:35:00,30.24,30.24,30.2368,30.2368,200,0
2015-07-01,21:40:00,30.24,30.24,30.24,30.24,700,0
2015-07-01,21:55:00,30.24,30.24,30.23,30.23,1700,0
2015-07-01,22:00:00,30.2325,30.24,30.23,30.23,2300,0
2015-07-02,15:35:00,30.16,30.2688,30.16,30.2688,1700,0
2015-07-02,15:50:00,30.27,30.27,30.27,30.27,600,0
2015-07-02,16:20:00,30.24,30.24,30.24,30.24,300,0
2015-07-02,16:25:00,30.23,30.23,30.23,30.23,600,0
2015-07-02,16:30:00,30.2101,30.2128,30.2101,30.2128,3000,0
2015-07-02,16:40:00,30.21,30.21,30.21,30.21,300,0
2015-07-02,16:45:00,30.21,30.21,30.21,30.21,200,0
2015-07-02,16:50:00,30.21,30.22,30.2,30.2,1100,0
2015-07-02,16:55:00,30.21,30.22,30.2,30.22,2203,0
2015-07-02,17:05:00,30.21,30.21,30.21,30.21,100,0
2015-07-02,17:20:00,30.21,30.21,30.21,30.21,398,0
2015-07-02,17:30:00,30.21,30.21,30.21,30.21,100,0
2015-07-02,17:45:00,30.22,30.22,30.22,30.22,700,0
2015-07-02,18:10:00,30.21,30.21,30.21,30.21,100,0
2015-07-02,18:15:00,30.21,30.21,30.21,30.21,100,0
2015-07-02,18:20:00,30.226,30.226,30.226,30.226,380,0
2015-07-02,18:25:00,30.19,30.19,30.19,30.19,300,0
2015-07-02,18:40:00,30.18,30.18,30.18,30.18,500,0
2015-07-02,19:15:00,30.2,30.2,30.2,30.2,600,0
2015-07-02,19:35:00,30.2,30.21,30.2,30.21,500,0
2015-07-02,19:50:00,30.215,30.22,30.215,30.22,700,0
2015-07-02,20:05:00,30.21,30.2199,30.21,30.2199,300,0
2015-07-02,20:15:00,30.2199,30.2199,30.2199,30.2199,100,0
2015-07-02,20:35:00,30.21,30.21,30.2,30.21,500,0
2015-07-02,20:55:00,30.22,30.22,30.22,30.22,100,0
2015-07-02,21:00:00,30.22,30.22,30.22,30.22,900,0
2015-07-02,21:05:00,30.23,30.23,30.23,30.23,500,0
2015-07-02,21:20:00,30.2299,30.2299,30.22,30.22,609,0
2015-07-02,21:25:00,30.23,30.24,30.2268,30.24,3202,0
2015-07-02,21:30:00,30.25,30.3,30.25,30.29,3475,0
2015-07-02,21:35:00,30.25,30.27,30.25,30.26,600,0
2015-07-02,21:45:00,30.28,30.28,30.28,30.28,100,0
2015-07-02,21:55:00,30.24,30.24,30.23,30.23,1000,0
2015-07-02,22:00:00,30.25,30.25,30.25,30.25,722,0
2015-07-06,15:35:00,29.87,29.87,29.75,29.75,1225,0
2015-07-06,16:00:00,29.815,29.815,29.815,29.815,336,0
2015-07-06,16:15:00,29.88,29.88,29.88,29.88,1200,0
2015-07-06,16:20:00,29.875,29.88,29.875,29.875,3300,0
2015-07-06,16:25:00,29.89,29.89,29.89,29.89,100,0
2015-07-06,16:35:00,29.91,29.91,29.91,29.91,100,0
2015-07-06,16:45:00,29.91,29.9227,29.91,29.9227,7300,0
2015-07-06,17:30:00,29.9079,29.9079,29.9079,29.9079,200,0
2015-07-06,17:35:00,29.9,29.9,29.85,29.85,806,0
2015-07-06,17:40:00,29.874,29.874,29.874,29.874,200,0
2015-07-06,17:50:00,29.8381,29.8381,29.8381,29.8381,800,0
2015-07-06,18:00:00,29.8616,29.8616,29.8616,29.8616,100,0
2015-07-06,21:20:00,29.7507,29.7507,29.7507,29.7507,436,0
2015-07-06,21:40:00,29.77,29.77,29.77,29.77,100,0
2015-07-06,21:45:00,29.77,29.77,29.71,29.7163,1686,0
2015-07-06,22:00:00,29.815,29.82,29.81,29.81,600,0
2015-07-07,15:50:00,29.81,29.81,29.81,29.81,400,0
2015-07-07,15:55:00,29.83,29.83,29.83,29.83,500,0
2015-07-07,16:00:00,29.79,29.79,29.79,29.79,200,0
2015-07-07,16:05:00,29.8,29.81,29.8,29.81,12000,0
2015-07-07,16:10:00,29.7588,29.7588,29.7588,29.7588,696,0
2015-07-07,16:15:00,29.76,29.765,29.76,29.765,600,0
2015-07-07,16:35:00,29.67,29.67,29.67,29.67,100,0
2015-07-07,16:40:00,29.55,29.55,29.55,29.55,1100,0
2015-07-07,16:45:00,29.56,29.56,29.56,29.56,400,0
2015-07-07,16:50:00,29.56,29.56,29.56,29.56,200,0
2015-07-07,17:10:00,29.55,29.5699,29.55,29.55,1950,0
2015-07-07,17:40:00,29.5096,29.5096,29.49,29.49,2595,0
2015-07-07,17:45:00,29.53,29.53,29.53,29.53,2204,0
2015-07-07,18:05:00,29.591,29.595,29.59,29.59,1625,0
2015-07-07,18:50:00,29.59,29.59,29.59,29.59,2500,0
2015-07-07,18:55:00,29.59,29.59,29.59,29.59,3600,0
2015-07-07,19:00:00,29.59,29.59,29.59,29.59,4375,0
2015-07-07,19:10:00,29.64,29.64,29.64,29.64,366,0
2015-07-07,19:55:00,29.715,29.715,29.715,29.715,200,0
2015-07-07,20:55:00,29.73,29.73,29.73,29.73,200,0
2015-07-07,21:05:00,29.7707,29.7707,29.7707,29.7707,400,0
2015-07-07,21:10:00,29.7799,29.78,29.7799,29.78,670,0
2015-07-07,21:20:00,29.79,29.82,29.79,29.82,1600,0
2015-07-07,21:25:00,29.83,29.83,29.83,29.83,838,0
2015-07-07,21:30:00,29.9,29.9,29.9,29.9,313,0
2015-07-07,22:00:00,29.93,29.93,29.92,29.92,1200,0
2015-07-08,15:35:00,28.5,28.5,28.24,28.41,1850,0
2015-07-08,15:40:00,28.4295,28.4295,28.4295,28.4295,100,0
2015-07-08,15:45:00,28.3563,28.3563,28.3563,28.3563,985,0
2015-07-08,16:00:00,28.26,28.26,28.26,28.26,100,0
2015-07-08,16:05:00,28.23,28.2395,28.23,28.2395,400,0
2015-07-08,16:10:00,28.19,28.19,28.19,28.19,200,0
2015-07-08,16:20:00,28.2101,28.2101,28.2101,28.2101,200,0
2015-07-08,16:25:00,28.25,28.26,28.25,28.26,300,0
2015-07-08,16:30:00,28.3,28.3,28.24,28.24,1400,0
2015-07-08,16:35:00,28.24,28.24,28.18,28.18,700,0
2015-07-08,16:40:00,28.18,28.2,28.18,28.2,2100,0
2015-07-08,16:45:00,28.2438,28.2438,28.2438,28.2438,225,0
2015-07-08,16:55:00,28.2664,28.2664,28.2664,28.2664,200,0
2015-07-08,17:05:00,28.25,28.25,28.201,28.201,800,0
2015-07-08,17:10:00,28.189,28.189,28.1579,28.1579,1300,0
2015-07-08,17:20:00,28.1588,28.1588,28.12,28.12,4200,0
2015-07-08,17:25:00,28.1488,28.1488,28.1488,28.1488,2000,0
2015-07-08,17:35:00,28.12,28.12,28.1,28.1,2100,0
2015-07-08,17:45:00,28.07,28.07,28.07,28.07,100,0
2015-07-08,18:05:00,27.9825,27.9825,27.9825,27.9825,100,0
2015-07-08,18:10:00,28.02,28.02,28,28.0001,860,0
2015-07-08,18:15:00,27.991,28.032,27.991,28.032,1700,0
2015-07-08,18:20:00,28.001,28.0242,28,28.001,1414,0
2015-07-08,18:25:00,28.1005,28.1042,28.0601,28.0701,4777,0
2015-07-08,18:30:00,28.071,28.12,28.071,28.08,4663,0
2015-07-08,18:35:00,28.0735,28.087,28.06,28.07,6954,0
2015-07-08,18:40:00,28.051,28.0705,28.05,28.0705,5410,0
2015-07-08,18:50:00,28.08,28.08,28.08,28.08,500,0
2015-07-08,19:05:00,28.0536,28.0536,28.0536,28.0536,418,0
2015-07-08,19:15:00,28.059,28.0788,28.059,28.0788,1085,0
2015-07-08,19:30:00,28.0104,28.02,28.0104,28.02,300,0
2015-07-08,19:55:00,28,28,28,28,100,0
2015-07-08,20:00:00,28.0302,28.0302,28.0302,28.0302,225,0
2015-07-08,20:15:00,27.9599,27.9599,27.9599,27.9599,835,0
2015-07-08,20:20:00,27.9095,27.9095,27.9095,27.9095,150,0
2015-07-08,20:25:00,27.8874,27.8874,27.8874,27.8874,400,0
2015-07-08,20:30:00,27.8472,27.8472,27.8472,27.8472,125,0
2015-07-08,20:35:00,27.83,27.83,27.83,27.83,170,0
2015-07-08,20:50:00,27.75,27.75,27.7401,27.7401,800,0
2015-07-08,21:10:00,27.8,27.83,27.8,27.83,3270,0
2015-07-08,21:15:00,27.863,27.863,27.8001,27.8001,1347,0
2015-07-08,21:20:00,27.85,27.85,27.85,27.85,507,0
2015-07-08,21:25:00,27.8,27.8,27.8,27.8,800,0
2015-07-08,21:30:00,27.7675,27.7675,27.7675,27.7675,200,0
2015-07-08,21:35:00,27.77,27.77,27.77,27.77,100,0
2015-07-08,21:40:00,27.776,27.776,27.776,27.776,200,0
2015-07-08,22:00:00,27.875,27.875,27.875,27.875,250,0
2015-07-09,15:35:00,28.376,28.66,28.376,28.5,4000,0
2015-07-09,15:55:00,28.49,28.49,28.49,28.49,1000,0
2015-07-09,16:05:00,28.4384,28.47,28.4384,28.47,600,0
2015-07-09,16:45:00,28.355,28.355,28.355,28.355,300,0
2015-07-09,17:05:00,28.3901,28.3901,28.39,28.3901,2003,0
2015-07-09,17:30:00,28.3958,28.3958,28.36,28.36,2300,0
2015-07-09,17:40:00,28.35,28.35,28.35,28.35,800,0
2015-07-09,18:00:00,28.3337,28.3337,28.3337,28.3337,100,0
2015-07-09,18:35:00,28.26,28.26,28.26,28.26,100,0
2015-07-09,19:10:00,28.34,28.34,28.34,28.34,300,0
2015-07-09,20:00:00,28.26,28.2601,28.26,28.2601,684,0
2015-07-09,20:05:00,28.2701,28.2701,28.2701,28.2701,171,0
2015-07-09,20:25:00,28.21,28.2228,28.21,28.2228,468,0
2015-07-09,21:10:00,28.327,28.3399,28.31,28.31,1540,0
2015-07-09,21:15:00,28.31,28.31,28.3,28.3,200,0
2015-07-09,21:20:00,28.3,28.33,28.3,28.31,400,0
2015-07-09,21:25:00,28.3,28.33,28.3,28.3,950,0
2015-07-09,21:30:00,28.3,28.34,28.28,28.28,300,0
2015-07-09,21:35:00,28.26,28.28,28.25,28.25,300,0
2015-07-09,21:40:00,28.24,28.24,28.23,28.23,200,0
2015-07-09,21:45:00,28.24,28.27,28.24,28.27,300,0
2015-07-09,21:50:00,28.27,28.28,28.265,28.265,2367,0
2015-07-09,21:55:00,28.255,28.27,28.255,28.27,200,0
2015-07-09,22:00:00,28.26,28.32,28.26,28.32,200,0
2015-07-10,15:40:00,29.3,29.31,29.3,29.3,6800,0
2015-07-10,15:45:00,29.25,29.25,29.25,29.25,100,0
2015-07-10,15:50:00,29.25,29.25,29.25,29.25,1000,0
2015-07-10,16:35:00,29.2614,29.2614,29.2614,29.2614,300,0
2015-07-10,16:40:00,29.24,29.24,29.24,29.24,600,0
2015-07-10,17:10:00,29.23,29.26,29.23,29.26,1000,0
2015-07-10,17:20:00,29.2345,29.2345,29.2345,29.2345,1688,0
2015-07-10,17:25:00,29.24,29.24,29.24,29.24,500,0
2015-07-10,17:30:00,29.26,29.26,29.2501,29.2501,400,0
2015-07-10,17:55:00,29.2504,29.2768,29.2504,29.2768,525,0
2015-07-10,18:15:00,29.3396,29.3396,29.3396,29.3396,100,0
2015-07-10,18:35:00,29.32,29.32,29.3108,29.3108,700,0
2015-07-10,18:40:00,29.3,29.3,29.3,29.3,1400,0
2015-07-10,18:50:00,29.31,29.31,29.31,29.31,300,0
2015-07-10,18:55:00,29.3137,29.3137,29.31,29.31,465,0
2015-07-10,19:05:00,29.33,29.33,29.33,29.33,400,0
2015-07-10,19:10:00,29.33,29.33,29.33,29.33,700,0
2015-07-10,19:15:00,29.33,29.33,29.33,29.33,500,0
2015-07-10,19:20:00,29.33,29.33,29.33,29.33,1600,0
2015-07-10,20:20:00,29.3301,29.3301,29.3301,29.3301,400,0
2015-07-10,20:50:00,29.4199,29.4199,29.4199,29.4199,150,0
2015-07-10,21:15:00,29.4327,29.4599,29.4298,29.4298,1287,0
2015-07-10,21:40:00,29.415,29.415,29.415,29.415,300,0
2015-07-10,21:50:00,29.43,29.43,29.4299,29.4299,300,0
2015-07-10,21:55:00,29.437,29.437,29.437,29.437,102,0
2015-07-10,22:00:00,29.36,29.36,29.36,29.36,500,0
2015-07-13,15:35:00,30,30,29.924,29.926,1500,0
2015-07-13,15:40:00,29.96,29.97,29.96,29.97,2000,0
2015-07-13,15:45:00,29.9699,29.9699,29.9699,29.9699,270,0
2015-07-13,15:50:00,29.961,29.961,29.961,29.961,100,0
2015-07-13,15:55:00,29.95,29.95,29.95,29.95,100,0
2015-07-13,16:00:00,29.92,29.94,29.92,29.94,300,0
2015-07-13,16:05:00,29.94,29.94,29.93,29.94,20519,0
2015-07-13,16:10:00,29.92,29.94,29.92,29.94,11164,0
2015-07-13,16:15:00,29.94,29.94,29.94,29.94,350,0
2015-07-13,16:20:00,29.95,29.97,29.95,29.9626,2439,0
2015-07-13,16:25:00,29.97,29.97,29.97,29.97,100,0
2015-07-13,16:30:00,29.97,29.97,29.97,29.97,200,0
2015-07-13,16:35:00,29.97,29.97,29.97,29.97,100,0
2015-07-13,16:45:00,29.97,29.9799,29.964,29.9655,695,0
2015-07-13,16:55:00,29.9668,29.9668,29.9668,29.9668,106,0
2015-07-13,17:10:00,29.97,29.97,29.97,29.97,4200,0
2015-07-13,17:20:00,29.9668,29.9668,29.966,29.966,436,0
2015-07-13,17:25:00,29.97,29.97,29.96,29.96,630,0
2015-07-13,17:30:00,29.95,29.9545,29.95,29.9545,1800,0
2015-07-13,17:35:00,29.95,29.955,29.95,29.955,1243,0
2015-07-13,17:45:00,29.9425,29.9425,29.9425,29.9425,200,0
2015-07-13,17:50:00,29.94,29.95,29.94,29.95,2054,0
2015-07-13,17:55:00,29.9304,29.9304,29.9304,29.9304,150,0
2015-07-13,18:20:00,29.94,29.9499,29.94,29.9499,1794,0
2015-07-13,18:25:00,29.94,29.94,29.94,29.94,2000,0
2015-07-13,19:50:00,29.95,29.95,29.9341,29.9341,1321,0
2015-07-13,20:05:00,29.9284,29.9284,29.9284,29.9284,169,0
2015-07-13,20:40:00,29.9958,29.9958,29.9958,29.9958,100,0
2015-07-13,21:10:00,29.99,29.99,29.99,29.99,300,0
2015-07-13,21:15:00,30.0072,30.0072,30.0072,30.0072,139,0
2015-07-13,21:40:00,30.0104,30.0104,30.0104,30.0104,139,0
2015-07-13,21:55:00,30.02,30.02,30.02,30.02,301,0
2015-07-13,22:00:00,30.01,30.02,30.01,30.02,200,0
2015-07-14,15:35:00,30.11,30.11,30.1,30.1,374,0
2015-07-14,15:45:00,30.102,30.102,30.102,30.102,287,0
2015-07-14,15:55:00,30.129,30.129,30.129,30.129,400,0
2015-07-14,16:30:00,30.17,30.17,30.17,30.17,500,0
2015-07-14,16:35:00,30.17,30.17,30.17,30.17,400,0
2015-07-14,17:00:00,30.22,30.23,30.22,30.23,274,0
2015-07-14,17:50:00,30.245,30.245,30.245,30.245,276,0
2015-07-14,18:00:00,30.24,30.28,30.24,30.28,4900,0
2015-07-14,18:10:00,30.2799,30.2799,30.2799,30.2799,500,0
2015-07-14,18:20:00,30.27,30.2755,30.25,30.2755,3300,0
2015-07-14,18:35:00,30.265,30.265,30.265,30.265,130,0
2015-07-14,18:55:00,30.2668,30.2668,30.2668,30.2668,200,0
2015-07-14,19:05:00,30.27,30.27,30.27,30.27,100,0
2015-07-14,19:30:00,30.285,30.285,30.285,30.285,700,0
2015-07-14,19:40:00,30.27,30.27,30.27,30.27,100,0
2015-07-14,19:50:00,30.28,30.28,30.27,30.27,500,0
2015-07-14,19:55:00,30.288,30.288,30.288,30.288,413,0
2015-07-14,20:00:00,30.28,30.28,30.28,30.28,100,0
2015-07-14,20:10:00,30.29,30.29,30.29,30.29,400,0
2015-07-14,20:15:00,30.29,30.29,30.29,30.29,100,0
2015-07-14,20:20:00,30.29,30.3,30.2899,30.2899,1268,0
2015-07-14,20:25:00,30.29,30.29,30.29,30.29,200,0
2015-07-14,20:35:00,30.29,30.29,30.29,30.29,100,0
2015-07-14,20:45:00,30.3,30.3,30.3,30.3,400,0
2015-07-14,21:00:00,30.31,30.31,30.3099,30.31,900,0
2015-07-14,21:05:00,30.302,30.326,30.302,30.326,575,0
2015-07-14,21:50:00,30.3235,30.3235,30.3235,30.3235,147,0
2015-07-15,15:35:00,30.39,30.39,30.39,30.39,2870,0
2015-07-15,16:15:00,30.35,30.3764,30.35,30.3701,855,0
2015-07-15,16:30:00,30.3668,30.3668,30.3668,30.3668,148,0
2015-07-15,17:00:00,30.4,30.4,30.39,30.39,300,0
2015-07-15,17:05:00,30.41,30.4107,30.4,30.4,1300,0
2015-07-15,17:10:00,30.4,30.4,30.4,30.4,700,0
2015-07-15,17:20:00,30.45,30.45,30.44,30.44,300,0
2015-07-15,17:25:00,30.45,30.45,30.44,30.44,3000,0
2015-07-15,17:30:00,30.45,30.45,30.45,30.45,100,0
2015-07-15,19:25:00,30.4,30.4,30.4,30.4,100,0
2015-07-15,19:30:00,30.4,30.4,30.4,30.4,150,0
2015-07-15,19:35:00,30.408,30.408,30.408,30.408,100,0
2015-07-15,19:50:00,30.389,30.389,30.389,30.389,200,0
2015-07-15,19:55:00,30.399,30.399,30.36,30.36,500,0
2015-07-15,20:05:00,30.35,30.36,30.35,30.36,825,0
2015-07-15,20:35:00,30.396,30.396,30.3679,30.3679,538,0
2015-07-15,20:40:00,30.356,30.356,30.356,30.356,323,0
2015-07-15,20:45:00,30.3144,30.3144,30.3144,30.3144,300,0
2015-07-15,21:45:00,30.3498,30.3498,30.33,30.33,650,0
2015-07-16,15:35:00,30.66,30.67,30.6438,30.65,12251,0
2015-07-16,15:40:00,30.65,30.6582,30.645,30.65,2000,0
2015-07-16,15:45:00,30.65,30.65,30.614,30.64,1400,0
2015-07-16,15:50:00,30.64,30.64,30.624,30.64,600,0
2015-07-16,15:55:00,30.64,30.65,30.64,30.65,500,0
2015-07-16,16:00:00,30.65,30.65,30.65,30.65,400,0
2015-07-16,16:05:00,30.65,30.65,30.6,30.6,1000,0
2015-07-16,16:15:00,30.585,30.6,30.585,30.6,623,0
2015-07-16,16:20:00,30.6,30.6,30.6,30.6,200,0
2015-07-16,16:25:00,30.605,30.625,30.605,30.625,430,0
2015-07-16,16:30:00,30.62,30.63,30.61,30.63,9000,0
2015-07-16,16:35:00,30.63,30.63,30.63,30.63,100,0
2015-07-16,16:40:00,30.63,30.638,30.63,30.63,626,0
2015-07-16,16:45:00,30.6137,30.63,30.6137,30.62,1758,0
2015-07-16,16:50:00,30.62,30.62,30.62,30.62,100,0
2015-07-16,16:55:00,30.635,30.635,30.635,30.635,200,0
2015-07-16,17:00:00,30.635,30.64,30.635,30.64,200,0
2015-07-16,17:20:00,30.63,30.63,30.63,30.63,100,0
2015-07-16,17:25:00,30.6168,30.6168,30.61,30.61,2418,0
2015-07-16,17:30:00,30.6272,30.63,30.62,30.62,436,0
2015-07-16,17:35:00,30.6318,30.6318,30.63,30.63,755,0
2015-07-16,17:45:00,30.65,30.65,30.65,30.65,100,0
2015-07-16,17:55:00,30.63,30.63,30.63,30.63,100,0
2015-07-16,18:00:00,30.62,30.62,30.6,30.6,5300,0
2015-07-16,18:05:00,30.61,30.6151,30.61,30.61,600,0
2015-07-16,18:10:00,30.61,30.62,30.605,30.62,600,0
2015-07-16,18:15:00,30.62,30.62,30.62,30.62,100,0
2015-07-16,18:20:00,30.6136,30.6136,30.6136,30.6136,327,0
2015-07-16,18:25:00,30.62,30.62,30.62,30.62,100,0
2015-07-16,18:30:00,30.62,30.62,30.62,30.62,100,0
2015-07-16,18:40:00,30.62,30.62,30.62,30.62,100,0
2015-07-16,18:50:00,30.61,30.61,30.61,30.61,100,0
2015-07-16,18:55:00,30.5999,30.5999,30.59,30.59,1200,0
2015-07-16,19:15:00,30.58,30.58,30.58,30.58,100,0
2015-07-16,19:25:00,30.57,30.57,30.57,30.57,100,0
2015-07-16,19:30:00,30.565,30.565,30.565,30.565,100,0
2015-07-16,19:35:00,30.565,30.565,30.565,30.565,100,0
2015-07-16,19:40:00,30.579,30.579,30.579,30.579,160,0
2015-07-16,19:45:00,30.58,30.58,30.58,30.58,100,0
2015-07-16,19:55:00,30.61,30.61,30.6,30.6,400,0
2015-07-16,20:10:00,30.56,30.56,30.55,30.55,482,0
2015-07-16,20:15:00,30.57,30.57,30.57,30.57,100,0
2015-07-16,20:20:00,30.57,30.57,30.57,30.57,100,0
2015-07-16,20:30:00,30.6,30.6,30.6,30.6,100,0
2015-07-16,20:35:00,30.61,30.61,30.61,30.61,100,0
2015-07-16,20:40:00,30.61,30.61,30.61,30.61,100,0
2015-07-16,20:45:00,30.61,30.61,30.61,30.61,100,0
2015-07-16,20:50:00,30.61,30.61,30.61,30.61,100,0
2015-07-16,20:55:00,30.61,30.61,30.61,30.61,100,0
2015-07-16,21:00:00,30.61,30.61,30.61,30.61,100,0
2015-07-16,21:10:00,30.61,30.62,30.595,30.5974,975,0
2015-07-16,21:15:00,30.6,30.6,30.6,30.6,100,0
2015-07-16,21:20:00,30.6,30.6,30.6,30.6,100,0
2015-07-16,21:25:00,30.6,30.6,30.6,30.6,100,0
2015-07-16,21:30:00,30.6,30.6,30.6,30.6,200,0
2015-07-16,21:35:00,30.62,30.62,30.62,30.62,300,0
2015-07-16,21:40:00,30.62,30.62,30.62,30.62,200,0
2015-07-16,21:55:00,30.605,30.605,30.605,30.605,200,0
2015-07-16,22:00:00,30.59,30.61,30.59,30.61,300,0
2015-07-17,15:35:00,30.94,30.94,30.895,30.895,379,0
2015-07-17,15:40:00,30.9096,30.9096,30.9096,30.9096,325,0
2015-07-17,15:45:00,30.875,30.875,30.875,30.875,100,0
2015-07-17,15:50:00,30.86,30.86,30.86,30.86,450,0
2015-07-17,15:55:00,30.86,30.86,30.86,30.86,100,0
2015-07-17,16:00:00,30.86,30.86,30.86,30.86,100,0
2015-07-17,16:05:00,30.86,30.86,30.85,30.85,500,0
2015-07-17,16:10:00,30.85,30.85,30.85,30.85,400,0
2015-07-17,16:15:00,30.8443,30.8443,30.8443,30.8443,350,0
2015-07-17,16:25:00,30.83,30.84,30.82,30.84,800,0
2015-07-17,16:35:00,30.8501,30.8501,30.8501,30.8501,500,0
2015-07-17,16:45:00,30.87,30.87,30.87,30.87,700,0
2015-07-17,16:50:00,30.8984,30.8984,30.8984,30.8984,500,0
2015-07-17,17:05:00,30.8681,30.88,30.8681,30.88,370,0
2015-07-17,17:25:00,30.88,30.88,30.86,30.86,2400,0
2015-07-17,17:35:00,30.889,30.889,30.889,30.889,100,0
2015-07-17,17:45:00,30.89,30.89,30.8899,30.8899,800,0
2015-07-17,17:50:00,30.89,30.89,30.89,30.89,810,0
2015-07-17,17:55:00,30.8795,30.8795,30.8704,30.8704,482,0
2015-07-17,18:00:00,30.88,30.88,30.88,30.88,500,0
2015-07-17,18:05:00,30.879,30.879,30.879,30.879,342,0
2015-07-17,18:30:00,30.8718,30.88,30.8718,30.88,1888,0
2015-07-17,18:50:00,30.88,30.88,30.88,30.88,400,0
2015-07-17,19:20:00,30.89,30.89,30.89,30.89,100,0
2015-07-17,19:25:00,30.89,30.89,30.87,30.87,1813,0
2015-07-17,19:30:00,30.89,30.89,30.86,30.87,2700,0
2015-07-17,19:45:00,30.865,30.865,30.865,30.865,100,0
2015-07-17,19:50:00,30.89,30.89,30.89,30.89,200,0
2015-07-17,20:20:00,30.8562,30.8562,30.8562,30.8562,2000,0
2015-07-17,20:25:00,30.8585,30.8585,30.8585,30.8585,500,0
2015-07-17,20:35:00,30.87,30.87,30.8699,30.87,600,0
2015-07-17,20:45:00,30.88,30.89,30.8672,30.8672,540,0
2015-07-17,21:05:00,30.8695,30.8695,30.8595,30.8595,500,0
2015-07-17,21:55:00,30.88,30.88,30.8795,30.88,600,0
2015-07-17,22:00:00,30.8699,30.8699,30.865,30.865,675,0
2015-07-20,15:35:00,30.83,30.94,30.83,30.94,961,0
2015-07-20,15:45:00,30.96,30.97,30.94,30.94,390,0
2015-07-20,16:00:00,30.9875,30.9875,30.9875,30.9875,1,0
2015-07-20,16:05:00,30.99,31,30.99,30.99,1534,0
2015-07-20,16:10:00,30.98,30.98,30.98,30.98,100,0
2015-07-20,16:15:00,30.96,30.98,30.96,30.98,1285,0
2015-07-20,16:20:00,30.95,30.95,30.95,30.95,800,0
2015-07-20,16:25:00,30.9495,30.9495,30.9495,30.9495,300,0
2015-07-20,16:40:00,30.9595,30.9595,30.92,30.9201,244,0
2015-07-20,16:45:00,30.9599,30.96,30.95,30.95,900,0
2015-07-20,17:05:00,30.9999,31,30.9999,31,935,0
2015-07-20,17:10:00,30.9901,31.03,30.9901,31.03,2903,0
2015-07-20,17:20:00,31.02,31.02,31.01,31.02,562,0
2015-07-20,17:35:00,30.99,31,30.99,31,2000,0
2015-07-20,17:40:00,31,31.01,30.98,30.98,1828,0
2015-07-20,18:05:00,31.0101,31.0101,31.0101,31.0101,5,0
2015-07-20,18:35:00,31.05,31.05,31.05,31.05,100,0
2015-07-20,18:45:00,31.0204,31.0204,31.0204,31.0204,100,0
2015-07-20,18:55:00,31.06,31.06,31.06,31.06,322,0
2015-07-20,19:00:00,31.06,31.06,31.06,31.06,1088,0
2015-07-20,19:15:00,31.06,31.06,31.06,31.06,118,0
2015-07-20,19:20:00,31.06,31.06,31.05,31.05,185,0
2015-07-20,19:35:00,31.0416,31.0595,31.0416,31.0595,400,0
2015-07-20,19:45:00,31.0499,31.05,31.0499,31.05,100,0
2015-07-20,19:50:00,31.0495,31.0495,31.0495,31.0495,77,0
2015-07-20,19:55:00,31.04,31.04,31.04,31.04,1000,0
2015-07-20,20:00:00,31.04,31.04,31.03,31.03,1460,0
2015-07-20,20:05:00,31.02,31.02,31.01,31.019,1624,0
2015-07-20,20:10:00,31.03,31.03,31.02,31.03,362,0
2015-07-20,20:30:00,31.0575,31.0575,31.0575,31.0575,23,0
2015-07-20,20:35:00,31.02,31.02,31.02,31.02,150,0
2015-07-20,20:40:00,31.0499,31.05,31.0499,31.05,700,0
2015-07-20,20:45:00,31.0211,31.04,31.0211,31.04,1000,0
2015-07-20,20:55:00,31.04,31.04,31,31.04,357,0
2015-07-20,21:15:00,31.0277,31.06,31.0277,31.06,1985,0
2015-07-20,21:20:00,31.0495,31.05,31.0495,31.0499,6912,0
2015-07-20,21:25:00,31.02,31.02,31,31,57,0
2015-07-20,21:30:00,31.03,31.03,31.03,31.03,200,0
2015-07-20,21:40:00,31.01,31.01,31.01,31.01,5,0
2015-07-20,21:45:00,31.01,31.01,31,31,400,0
2015-07-20,21:50:00,30.99,30.99,30.99,30.99,100,0
2015-07-21,15:35:00,30.94,30.94,30.83,30.8804,3800,0
2015-07-21,15:45:00,30.86,30.87,30.86,30.87,1000,0
2015-07-21,15:50:00,30.87,30.8711,30.86,30.8711,365,0
2015-07-21,15:55:00,30.85,30.85,30.85,30.85,3275,0
2015-07-21,16:00:00,30.84,30.84,30.83,30.84,1200,0
2015-07-21,16:10:00,30.82,30.82,30.8,30.8,1850,0
2015-07-21,16:25:00,30.79,30.79,30.79,30.79,300,0
2015-07-21,16:45:00,30.75,30.75,30.75,30.75,200,0
2015-07-21,16:50:00,30.74,30.74,30.74,30.74,100,0
2015-07-21,16:55:00,30.71,30.72,30.68,30.72,300,0
2015-07-21,17:10:00,30.705,30.705,30.705,30.705,100,0
2015-07-21,17:25:00,30.64,30.64,30.63,30.635,600,0
2015-07-21,17:30:00,30.66,30.66,30.66,30.66,200,0
2015-07-21,17:45:00,30.68,30.68,30.64,30.64,200,0
2015-07-21,17:50:00,30.67,30.68,30.67,30.68,300,0
2015-07-21,18:40:00,30.682,30.682,30.682,30.682,103,0
2015-07-21,18:45:00,30.69,30.69,30.69,30.69,300,0
2015-07-21,18:50:00,30.68,30.68,30.67,30.67,1100,0
2015-07-21,19:25:00,30.62,30.62,30.6013,30.61,2811,0
2015-07-21,19:30:00,30.61,30.615,30.61,30.61,1100,0
2015-07-21,19:40:00,30.585,30.59,30.585,30.59,2200,0
2015-07-21,19:45:00,30.59,30.59,30.59,30.59,800,0
2015-07-21,19:50:00,30.59,30.59,30.59,30.59,500,0
2015-07-21,19:55:00,30.6,30.63,30.59,30.63,5698,0
2015-07-21,20:30:00,30.67,30.67,30.62,30.62,200,0
2015-07-21,20:45:00,30.6717,30.68,30.6717,30.68,202,0
2015-07-21,20:55:00,30.68,30.68,30.68,30.68,2209,0
2015-07-21,21:10:00,30.698,30.698,30.6701,30.6701,713,0
2015-07-21,21:30:00,30.71,30.71,30.71,30.71,161,0
2015-07-21,21:35:00,30.7214,30.7214,30.7214,30.7214,115,0
2015-07-21,21:40:00,30.7395,30.7395,30.7368,30.7368,500,0
2015-07-21,21:45:00,30.745,30.745,30.745,30.745,162,0
2015-07-21,21:50:00,30.7358,30.75,30.72,30.72,400,0
2015-07-21,21:55:00,30.75,30.75,30.75,30.75,481,0
2015-07-21,22:00:00,30.75,30.75,30.73,30.73,262,0
2015-07-22,15:35:00,30.31,30.4238,30.31,30.4238,592,0
2015-07-22,15:40:00,30.438,30.438,30.438,30.438,100,0
2015-07-22,16:10:00,30.5272,30.5272,30.5272,30.5272,410,0
2015-07-22,16:50:00,30.48,30.48,30.48,30.48,400,0
2015-07-22,17:05:00,30.51,30.519,30.51,30.519,800,0
2015-07-22,17:35:00,30.471,30.471,30.471,30.471,250,0
2015-07-22,17:40:00,30.4872,30.4872,30.4872,30.4872,300,0
2015-07-22,17:50:00,30.508,30.508,30.488,30.488,327,0
2015-07-22,18:00:00,30.4928,30.5091,30.4928,30.5091,761,0
2015-07-22,18:05:00,30.5101,30.5101,30.5101,30.5101,2000,0
2015-07-22,18:35:00,30.51,30.51,30.5053,30.5053,829,0
2015-07-22,19:20:00,30.519,30.519,30.496,30.496,1000,0
2015-07-22,19:40:00,30.5,30.51,30.5,30.51,600,0
2015-07-22,19:50:00,30.5,30.5,30.5,30.5,261,0
2015-07-22,19:55:00,30.5,30.5,30.5,30.5,239,0
2015-07-22,20:00:00,30.5099,30.5099,30.5099,30.5099,239,0
2015-07-22,20:10:00,30.46,30.46,30.46,30.46,118,0
2015-07-22,20:15:00,30.4999,30.4999,30.4897,30.4897,1164,0
2015-07-22,20:20:00,30.5199,30.5199,30.5063,30.5063,1695,0
2015-07-22,20:25:00,30.5173,30.5299,30.5173,30.5299,338,0
2015-07-22,20:30:00,30.5163,30.5163,30.5163,30.5163,144,0
2015-07-22,21:15:00,30.52,30.5399,30.5,30.53,2862,0
2015-07-22,21:25:00,30.5199,30.5199,30.5199,30.5199,104,0
2015-07-22,21:30:00,30.5023,30.5023,30.48,30.48,1082,0
2015-07-22,21:35:00,30.46,30.46,30.46,30.46,1000,0
2015-07-23,15:50:00,30.61,30.61,30.61,30.61,100,0
2015-07-23,16:15:00,30.66,30.66,30.66,30.66,100,0
2015-07-23,16:20:00,30.65,30.65,30.6436,30.6436,200,0
2015-07-23,16:25:00,30.6697,30.6697,30.6697,30.6697,275,0
2015-07-23,16:45:00,30.6745,30.6745,30.6745,30.6745,340,0
2015-07-23,16:50:00,30.6542,30.6542,30.6542,30.6542,100,0
2015-07-23,16:55:00,30.66,30.66,30.66,30.66,100,0
2015-07-23,17:05:00,30.66,30.66,30.66,30.66,500,0
2015-07-23,17:20:00,30.64,30.6499,30.64,30.6499,1000,0
2015-07-23,17:25:00,30.64,30.64,30.62,30.62,1490,0
2015-07-23,17:30:00,30.62,30.62,30.5996,30.6104,1994,0
2015-07-23,17:35:00,30.605,30.617,30.605,30.605,1300,0
2015-07-23,17:45:00,30.6096,30.6096,30.59,30.59,1200,0
2015-07-23,18:05:00,30.5797,30.5797,30.5797,30.5797,300,0
2015-07-23,18:20:00,30.51,30.51,30.51,30.51,300,0
2015-07-23,18:30:00,30.5334,30.5334,30.5334,30.5334,250,0
2015-07-23,18:40:00,30.525,30.525,30.525,30.525,130,0
2015-07-23,19:10:00,30.53,30.53,30.53,30.53,100,0
2015-07-23,19:30:00,30.51,30.51,30.51,30.51,800,0
2015-07-23,19:35:00,30.51,30.51,30.51,30.51,1000,0
2015-07-23,19:45:00,30.49,30.49,30.49,30.49,400,0
2015-07-23,19:50:00,30.49,30.495,30.49,30.495,600,0
2015-07-23,20:00:00,30.538,30.538,30.538,30.538,200,0
2015-07-23,20:25:00,30.5,30.5,30.4949,30.4949,300,0
2015-07-23,20:55:00,30.4766,30.4766,30.4731,30.4731,623,0
2015-07-23,21:10:00,30.49,30.49,30.49,30.49,100,0
2015-07-23,21:15:00,30.47,30.47,30.4608,30.4608,400,0
2015-07-23,21:45:00,30.46,30.46,30.444,30.444,260,0
2015-07-23,22:00:00,30.46,30.49,30.46,30.49,2330,0
2015-07-24,15:35:00,30.24,30.24,30.24,30.24,1150,0
2015-07-24,15:40:00,30.27,30.27,30.25,30.25,300,0
2015-07-24,15:55:00,30.3,30.3,30.29,30.29,215,0
2015-07-24,16:00:00,30.303,30.303,30.2848,30.2848,810,0
2015-07-24,16:05:00,30.261,30.261,30.261,30.261,365,0
2015-07-24,16:10:00,30.27,30.27,30.25,30.25,1300,0
2015-07-24,16:15:00,30.27,30.27,30.27,30.27,800,0
2015-07-24,16:40:00,30.16,30.16,30.16,30.16,500,0
2015-07-24,16:55:00,30.1764,30.1764,30.1764,30.1764,1750,0
2015-07-24,17:05:00,30.14,30.14,30.14,30.14,100,0
2015-07-24,17:15:00,30.1,30.1,30.1,30.1,200,0
2015-07-24,17:20:00,30.11,30.12,30.1,30.1,1700,0
2015-07-24,17:25:00,30.12,30.12,30.11,30.11,685,0
2015-07-24,17:55:00,30.134,30.134,30.134,30.134,138,0
2015-07-24,18:05:00,30.12,30.12,30.12,30.12,1500,0
2015-07-24,18:20:00,30.08,30.08,30.08,30.08,300,0
2015-07-24,18:25:00,30.08,30.08,30.08,30.08,200,0
2015-07-24,18:40:00,30.0801,30.0801,30.0801,30.0801,100,0
2015-07-24,18:55:00,30.06,30.06,30.06,30.06,4100,0
2015-07-24,19:00:00,30.04,30.04,30.04,30.04,200,0
2015-07-24,19:05:00,30.04,30.04,30.04,30.04,200,0
2015-07-24,19:40:00,30,30,30,30,925,0
2015-07-24,19:55:00,29.9824,29.9824,29.9824,29.9824,100,0
2015-07-24,21:00:00,29.97,29.97,29.93,29.93,1828,0
2015-07-24,21:05:00,29.93,29.93,29.93,29.93,141,0
2015-07-24,21:40:00,29.96,29.9699,29.96,29.9699,200,0
2015-07-24,21:50:00,29.99,29.99,29.99,29.99,300,0
2015-07-27,15:35:00,29.58,29.6338,29.58,29.59,2566,0
2015-07-27,15:45:00,29.58,29.58,29.58,29.58,300,0
2015-07-27,15:55:00,29.59,29.65,29.59,29.65,800,0
2015-07-27,16:05:00,29.585,29.585,29.585,29.585,645,0
2015-07-27,16:15:00,29.59,29.59,29.59,29.59,132,0
2015-07-27,16:25:00,29.5801,29.5801,29.5801,29.5801,400,0
2015-07-27,16:45:00,29.65,29.65,29.65,29.65,100,0
2015-07-27,18:00:00,29.724,29.7447,29.724,29.7447,430,0
2015-07-27,18:05:00,29.715,29.715,29.715,29.715,200,0
2015-07-27,18:15:00,29.746,29.746,29.746,29.746,1600,0
2015-07-27,18:40:00,29.7001,29.7001,29.7001,29.7001,165,0
2015-07-27,19:25:00,29.607,29.607,29.607,29.607,100,0
2015-07-27,21:00:00,29.71,29.71,29.71,29.71,110,0
2015-07-28,15:35:00,29.75,29.75,29.75,29.75,300,0
2015-07-28,15:40:00,29.8482,29.86,29.8482,29.86,1200,0
2015-07-28,15:50:00,29.83,29.83,29.83,29.83,500,0
2015-07-28,15:55:00,29.83,29.83,29.81,29.81,1368,0
2015-07-28,16:00:00,29.83,29.83,29.83,29.83,1900,0
2015-07-28,16:10:00,29.75,29.75,29.75,29.75,400,0
2015-07-28,16:20:00,29.75,29.75,29.75,29.75,500,0
2015-07-28,16:45:00,29.74,29.74,29.74,29.74,400,0
2015-07-28,18:25:00,29.92,29.92,29.92,29.92,100,0
2015-07-28,18:35:00,29.91,29.91,29.91,29.91,300,0
2015-07-28,19:10:00,29.9699,29.9699,29.9699,29.9699,599,0
2015-07-28,19:20:00,29.95,29.9599,29.95,29.95,1406,0
2015-07-28,19:40:00,29.92,29.93,29.92,29.92,1000,0
2015-07-28,19:50:00,29.9264,29.9264,29.9264,29.9264,170,0
2015-07-28,20:10:00,29.95,29.95,29.95,29.95,300,0
2015-07-28,20:15:00,29.989,29.989,29.989,29.989,140,0
2015-07-28,20:30:00,29.98,29.98,29.98,29.98,300,0
2015-07-28,20:40:00,29.9541,29.9541,29.9541,29.9541,333,0
2015-07-28,20:55:00,29.96,29.97,29.96,29.96,3001,0
2015-07-28,21:00:00,29.97,29.97,29.962,29.962,500,0
2015-07-28,21:05:00,29.975,29.977,29.97,29.97,1500,0
2015-07-28,21:10:00,29.96,29.96,29.96,29.96,300,0
2015-07-28,21:25:00,29.95,29.95,29.95,29.95,100,0
2015-07-28,21:50:00,29.95,29.95,29.95,29.95,100,0
2015-07-28,22:00:00,29.95,29.95,29.932,29.932,430,0
2015-07-29,15:35:00,30.03,30.03,30.03,30.03,500,0
2015-07-29,16:40:00,29.9982,29.9982,29.9982,29.9982,700,0
2015-07-29,16:50:00,30.01,30.01,30.01,30.01,400,0
2015-07-29,17:10:00,30.02,30.03,30.02,30.03,700,0
2015-07-29,17:25:00,30.07,30.07,30.07,30.07,500,0
2015-07-29,17:45:00,30.1,30.1,30.1,30.1,100,0
2015-07-29,18:05:00,30.0998,30.0998,30.0998,30.0998,230,0
2015-07-29,18:10:00,30.1,30.1,30.1,30.1,4100,0
2015-07-29,19:05:00,30.0872,30.0872,30.0872,30.0872,150,0
2015-07-29,19:15:00,30.093,30.093,30.093,30.093,200,0
2015-07-29,19:25:00,30.13,30.13,30.1,30.1,1532,0
2015-07-29,20:25:00,30.2493,30.2493,30.2493,30.2493,276,0
2015-07-29,20:40:00,30.22,30.22,30.192,30.192,200,0
2015-07-29,20:45:00,30.26,30.27,30.253,30.253,2677,0
2015-07-29,20:55:00,30.28,30.28,30.28,30.28,2700,0
2015-07-29,21:05:00,30.31,30.31,30.31,30.31,1000,0
2015-07-29,21:10:00,30.2728,30.2728,30.2728,30.2728,400,0
2015-07-29,21:35:00,30.3144,30.3144,30.3144,30.3144,321,0
2015-07-30,15:35:00,30.54,30.54,30.52,30.52,1640,0
2015-07-30,15:45:00,30.52,30.52,30.52,30.52,400,0
2015-07-30,15:55:00,30.4803,30.4803,30.4803,30.4803,100,0
2015-07-30,16:05:00,30.4704,30.4704,30.4704,30.4704,160,0
2015-07-30,17:05:00,30.539,30.54,30.5304,30.5304,600,0
2015-07-30,17:35:00,30.598,30.598,30.598,30.598,225,0
2015-07-30,18:00:00,30.59,30.59,30.5895,30.5895,200,0
2015-07-30,18:10:00,30.59,30.59,30.59,30.59,100,0
2015-07-30,18:40:00,30.5812,30.5812,30.5812,30.5812,100,0
2015-07-30,18:45:00,30.581,30.581,30.581,30.581,110,0
2015-07-30,19:15:00,30.5951,30.61,30.5951,30.61,550,0
2015-07-30,19:20:00,30.61,30.61,30.61,30.61,100,0
2015-07-30,19:25:00,30.61,30.61,30.605,30.605,400,0
2015-07-30,19:30:00,30.605,30.605,30.605,30.605,200,0
2015-07-30,19:35:00,30.6199,30.6199,30.6199,30.6199,100,0
2015-07-30,19:50:00,30.585,30.585,30.585,30.585,100,0
2015-07-30,19:55:00,30.5885,30.5885,30.5885,30.5885,200,0
2015-07-30,20:40:00,30.5899,30.5899,30.5899,30.5899,127,0
2015-07-30,20:50:00,30.5803,30.5803,30.5803,30.5803,103,0
2015-07-30,20:55:00,30.609,30.61,30.609,30.6099,1000,0
2015-07-30,21:00:00,30.6244,30.6244,30.6244,30.6244,170,0
2015-07-30,21:30:00,30.5999,30.5999,30.5999,30.5999,200,0
2015-07-30,21:55:00,30.61,30.6153,30.61,30.61,1500,0
2015-07-30,22:00:00,30.6,30.61,30.6,30.61,4899,0
2015-07-31,15:35:00,30.57,30.62,30.57,30.61,3400,0
2015-07-31,16:10:00,30.5595,30.5595,30.5472,30.5472,652,0
2015-07-31,17:15:00,30.6305,30.6305,30.62,30.62,1959,0
2015-07-31,17:45:00,30.67,30.67,30.67,30.67,150,0
2015-07-31,19:15:00,30.68,30.68,30.6799,30.68,340,0
2015-07-31,20:00:00,30.6,30.6,30.6,30.6,400,0
2015-07-31,20:15:00,30.648,30.65,30.648,30.65,500,0
2015-07-31,20:20:00,30.6595,30.6595,30.6595,30.6595,500,0
2015-07-31,21:05:00,30.63,30.63,30.63,30.63,100,0
2015-07-31,21:10:00,30.63,30.65,30.6,30.6,2282,0
2015-07-31,21:55:00,30.5704,30.5704,30.5704,30.5704,100,0
2015-07-31,22:00:00,30.6,30.62,30.6,30.62,400,0
2015-08-03,15:45:00,30.25,30.25,30.25,30.25,400,0
2015-08-03,16:20:00,30.2501,30.2501,30.2501,30.2501,100,0
2015-08-03,16:30:00,30.25,30.25,30.25,30.25,500,0
2015-08-03,17:35:00,30.3102,30.3102,30.3102,30.3102,100,0
2015-08-03,18:15:00,30.315,30.315,30.315,30.315,145,0
2015-08-03,20:40:00,30.22,30.22,30.22,30.22,500,0
2015-08-03,21:10:00,30.242,30.242,30.242,30.242,403,0
2015-08-03,21:25:00,30.23,30.23,30.23,30.23,200,0
2015-08-03,21:30:00,30.23,30.23,30.23,30.23,200,0
2015-08-03,21:40:00,30.2402,30.2402,30.2402,30.2402,271,0
2015-08-04,15:45:00,30.2706,30.2706,30.26,30.26,2300,0
2015-08-04,15:50:00,30.27,30.27,30.27,30.27,1000,0
2015-08-04,15:55:00,30.27,30.27,30.26,30.26,700,0
2015-08-04,16:00:00,30.26,30.26,30.26,30.26,1800,0
2015-08-04,16:05:00,30.2405,30.2405,30.22,30.22,20100,0
2015-08-04,16:10:00,30.23,30.23,30.22,30.22,15300,0
2015-08-04,16:30:00,30.24,30.24,30.24,30.24,900,0
2015-08-04,16:50:00,30.23,30.23,30.23,30.23,300,0
2015-08-04,16:55:00,30.2201,30.2201,30.2201,30.2201,100,0
2015-08-04,18:00:00,30.24,30.24,30.24,30.24,175,0
2015-08-04,18:45:00,30.23,30.232,30.2201,30.2201,1000,0
2015-08-04,19:00:00,30.23,30.23,30.23,30.23,500,0
2015-08-04,19:35:00,30.27,30.27,30.27,30.27,100,0
2015-08-04,19:50:00,30.27,30.27,30.27,30.27,700,0
2015-08-04,19:55:00,30.26,30.26,30.26,30.26,100,0
2015-08-04,20:15:00,30.2599,30.2599,30.2599,30.2599,250,0
2015-08-04,20:30:00,30.269,30.269,30.269,30.269,200,0
2015-08-04,20:40:00,30.27,30.27,30.27,30.27,5600,0
2015-08-04,21:00:00,30.33,30.37,30.33,30.36,2550,0
2015-08-04,21:20:00,30.38,30.38,30.3554,30.38,783,0
2015-08-04,21:25:00,30.38,30.39,30.38,30.39,700,0
2015-08-04,21:35:00,30.4,30.4,30.4,30.4,10000,0
2015-08-04,21:45:00,30.4,30.41,30.3999,30.41,1864,0
2015-08-04,21:50:00,30.3836,30.3836,30.3836,30.3836,271,0
2015-08-04,22:00:00,30.37,30.39,30.37,30.39,760,0
2015-08-05,15:35:00,30.6,30.6,30.6,30.6,526,0
2015-08-05,15:40:00,30.62,30.62,30.62,30.62,500,0
2015-08-05,15:55:00,30.6816,30.6816,30.6816,30.6816,500,0
2015-08-05,16:05:00,30.69,30.7,30.69,30.7,3600,0
2015-08-05,16:10:00,30.71,30.73,30.71,30.73,1500,0
2015-08-05,16:15:00,30.76,30.78,30.76,30.78,2610,0
2015-08-05,16:25:00,30.78,30.7899,30.77,30.77,2800,0
2015-08-05,16:35:00,30.782,30.8001,30.782,30.8001,226,0
2015-08-05,16:55:00,30.78,30.78,30.78,30.78,400,0
2015-08-05,17:00:00,30.79,30.79,30.79,30.79,200,0
2015-08-05,17:20:00,30.805,30.805,30.805,30.805,600,0
2015-08-05,17:55:00,30.8,30.8,30.8,30.8,3600,0
2015-08-05,18:10:00,30.81,30.81,30.81,30.81,950,0
2015-08-05,18:20:00,30.7939,30.7939,30.7939,30.7939,100,0
2015-08-05,18:30:00,30.79,30.79,30.79,30.79,100,0
2015-08-05,19:40:00,30.7308,30.7308,30.7308,30.7308,196,0
2015-08-05,20:15:00,30.734,30.734,30.734,30.734,320,0
2015-08-05,20:40:00,30.78,30.78,30.7554,30.7554,893,0
2015-08-05,20:50:00,30.7744,30.7744,30.7744,30.7744,325,0
2015-08-05,20:55:00,30.774,30.774,30.774,30.774,325,0
2015-08-05,21:10:00,30.76,30.76,30.76,30.76,400,0
2015-08-05,21:15:00,30.77,30.77,30.7638,30.7638,600,0
2015-08-05,21:25:00,30.77,30.7799,30.77,30.7799,500,0
2015-08-05,21:45:00,30.7495,30.7495,30.7495,30.7495,125,0
2015-08-05,21:50:00,30.7399,30.7399,30.7399,30.7399,450,0
2015-08-05,22:00:00,30.7315,30.7315,30.7315,30.7315,200,0
2015-08-06,15:35:00,30.71,30.71,30.71,30.71,325,0
2015-08-06,16:05:00,30.5328,30.5596,30.5328,30.5596,620,0
2015-08-06,16:25:00,30.5496,30.5697,30.5496,30.5697,439,0
2015-08-06,16:45:00,30.6216,30.6216,30.6216,30.6216,150,0
2015-08-06,17:00:00,30.62,30.62,30.62,30.62,199,0
2015-08-06,17:20:00,30.5799,30.5799,30.5799,30.5799,325,0
2015-08-06,17:35:00,30.52,30.52,30.52,30.52,1100,0
2015-08-06,17:40:00,30.49,30.49,30.48,30.48,1500,0
2015-08-06,17:45:00,30.4805,30.4805,30.47,30.47,4900,0
2015-08-06,17:50:00,30.46,30.47,30.46,30.47,2500,0
2015-08-06,18:20:00,30.4428,30.4428,30.4428,30.4428,100,0
2015-08-06,19:10:00,30.47,30.47,30.47,30.47,800,0
2015-08-06,19:25:00,30.47,30.47,30.47,30.47,2600,0
2015-08-06,19:35:00,30.47,30.47,30.47,30.47,500,0
2015-08-06,19:50:00,30.47,30.47,30.47,30.47,4800,0
2015-08-06,20:20:00,30.47,30.47,30.4401,30.4401,4009,0
2015-08-06,21:15:00,30.4828,30.4828,30.4828,30.4828,250,0
2015-08-06,21:45:00,30.45,30.45,30.42,30.42,40000,0
2015-08-06,21:55:00,30.477,30.477,30.477,30.477,100,0
2015-08-06,22:00:00,30.48,30.5,30.4799,30.4799,522,0
2015-08-07,16:10:00,30.78,30.78,30.78,30.78,500,0
2015-08-07,16:35:00,30.73,30.73,30.72,30.72,300,0
2015-08-07,17:10:00,30.72,30.72,30.67,30.67,2400,0
2015-08-07,20:20:00,30.609,30.609,30.609,30.609,150,0
2015-08-07,20:40:00,30.64,30.64,30.64,30.64,300,0
2015-08-07,21:00:00,30.6201,30.6201,30.6201,30.6201,222,0
2015-08-07,21:05:00,30.658,30.658,30.657,30.657,200,0
2015-08-07,21:10:00,30.658,30.658,30.657,30.657,800,0
2015-08-07,21:20:00,30.6201,30.6201,30.6201,30.6201,500,0
2015-08-07,21:25:00,30.65,30.65,30.65,30.65,300,0
2015-08-07,21:30:00,30.67,30.67,30.67,30.67,300,0
2015-08-07,21:40:00,30.7,30.7,30.6999,30.6999,900,0
2015-08-07,21:45:00,30.6999,30.6999,30.6999,30.6999,200,0
2015-08-07,22:00:00,30.7,30.7,30.7,30.7,300,0
