Date,Time,Open,High,Low,Close,Volume,OpenInt
2015-03-11,14:35:00,22.455,22.455,22.455,22.455,1017,0
2015-03-11,15:20:00,22.377,22.377,22.377,22.377,508,0
2015-03-11,16:10:00,22.337,22.337,22.337,22.337,203,0
2015-03-11,20:15:00,22.393,22.425,22.393,22.425,407,0
2015-03-12,15:15:00,22.524,22.533,22.504,22.504,3328,0
2015-03-12,15:20:00,22.534,22.534,22.504,22.504,558,0
2015-03-12,15:30:00,22.563,22.563,22.553,22.563,2642,0
2015-03-12,15:40:00,22.583,22.583,22.576,22.576,2643,0
2015-03-12,15:55:00,22.544,22.613,22.544,22.613,1524,0
2015-03-12,16:00:00,22.603,22.603,22.563,22.563,407,0
2015-03-12,18:45:00,22.524,22.534,22.524,22.534,229,0
2015-03-12,20:20:00,22.534,22.534,22.534,22.534,661,0
2015-03-12,20:50:00,22.573,22.573,22.573,22.573,813,0
2015-03-13,14:35:00,22.445,22.445,22.377,22.377,1565,0
2015-03-13,14:45:00,22.405,22.405,22.405,22.405,203,0
2015-03-13,15:35:00,22.337,22.346,22.337,22.346,1219,0
2015-03-13,16:20:00,22.367,22.367,22.367,22.367,101,0
2015-03-13,16:45:00,22.347,22.357,22.347,22.352,1423,0
2015-03-13,17:00:00,22.357,22.367,22.357,22.367,305,0
2015-03-13,17:10:00,22.372,22.372,22.372,22.372,101,0
2015-03-13,17:15:00,22.426,22.426,22.377,22.377,407,0
2015-03-13,18:35:00,22.357,22.357,22.357,22.357,508,0
2015-03-13,20:10:00,22.416,22.416,22.397,22.397,609,0
2015-03-13,20:30:00,22.455,22.455,22.455,22.455,306,0
2015-03-13,21:00:00,22.455,22.455,22.455,22.455,202,0
2015-03-16,14:35:00,22.633,22.633,22.633,22.633,101,0
2015-03-16,16:00:00,22.652,22.652,22.652,22.652,223,0
2015-03-16,17:45:00,22.749,22.749,22.749,22.749,203,0
2015-03-16,18:15:00,22.76,22.76,22.76,22.76,102,0
2015-03-16,20:05:00,22.78,22.78,22.761,22.761,407,0
2015-03-16,20:30:00,22.75,22.761,22.75,22.75,2564,0
2015-03-16,20:50:00,22.75,22.75,22.737,22.737,306,0
2015-03-17,14:45:00,22.633,22.633,22.623,22.623,2540,0
2015-03-17,16:05:00,22.623,22.623,22.623,22.623,4169,0
2015-03-17,17:25:00,22.583,22.583,22.484,22.499,19102,0
2015-03-17,17:30:00,22.502,22.502,22.502,22.502,134,0
2015-03-17,17:40:00,22.563,22.563,22.504,22.504,2357,0
2015-03-17,19:50:00,22.622,22.622,22.622,22.622,153,0
2015-03-17,19:55:00,22.565,22.565,22.565,22.565,400,0
2015-03-17,20:15:00,22.603,22.603,22.603,22.603,508,0
2015-03-17,20:50:00,22.623,22.632,22.623,22.632,508,0
2015-03-18,14:35:00,22.544,22.544,22.544,22.544,739,0
2015-03-18,17:00:00,22.78,22.78,22.78,22.78,203,0
2015-03-18,17:05:00,22.8,22.819,22.799,22.819,1656,0
2015-03-18,17:40:00,22.819,22.829,22.811,22.829,519,0
2015-03-18,19:30:00,23.094,23.193,23.084,23.084,4063,0
2015-03-18,19:40:00,23.203,23.203,23.203,23.203,101,0
2015-03-18,19:45:00,23.183,23.183,23.183,23.183,254,0
2015-03-19,14:35:00,22.947,22.947,22.868,22.868,457,0
2015-03-19,14:40:00,22.868,22.878,22.868,22.878,202,0
2015-03-19,14:55:00,22.888,22.888,22.888,22.888,101,0
2015-03-19,15:05:00,22.878,22.878,22.878,22.878,101,0
2015-03-19,16:00:00,22.897,22.927,22.892,22.917,42867,0
2015-03-19,16:05:00,22.917,22.917,22.907,22.907,1114,0
2015-03-19,17:30:00,22.927,22.927,22.927,22.927,711,0
2015-03-19,17:45:00,22.927,22.927,22.927,22.927,221,0
2015-03-19,18:40:00,22.934,22.934,22.934,22.934,1016,0
2015-03-19,19:20:00,22.917,22.917,22.917,22.917,224,0
2015-03-19,19:30:00,22.897,22.897,22.897,22.897,101,0
2015-03-20,14:35:00,23.4,23.4,23.301,23.301,2763,0
2015-03-20,14:40:00,23.291,23.301,23.281,23.291,914,0
2015-03-20,15:05:00,23.33,23.33,23.33,23.33,254,0
2015-03-20,17:05:00,23.502,23.502,23.502,23.502,305,0
2015-03-20,17:15:00,23.502,23.502,23.502,23.502,254,0
2015-03-20,18:35:00,23.596,23.596,23.596,23.596,305,0
2015-03-20,19:40:00,23.528,23.528,23.528,23.528,550,0
2015-03-20,20:35:00,23.487,23.496,23.468,23.468,4252,0
2015-03-23,14:35:00,23.602,23.602,23.602,23.602,350,0
2015-03-23,14:40:00,23.592,23.592,23.592,23.592,202,0
2015-03-23,14:50:00,23.572,23.572,23.572,23.572,101,0
2015-03-23,15:15:00,23.572,23.582,23.572,23.572,405,0
2015-03-23,15:50:00,23.592,23.592,23.592,23.592,435,0
2015-03-23,16:05:00,23.523,23.523,23.523,23.523,496,0
2015-03-23,16:10:00,23.523,23.523,23.523,23.523,820,0
2015-03-23,17:20:00,23.572,23.572,23.572,23.572,202,0
2015-03-23,17:25:00,23.622,23.632,23.622,23.632,202,0
2015-03-23,17:30:00,23.622,23.622,23.622,23.622,202,0
2015-03-23,18:35:00,23.612,23.612,23.593,23.593,405,0
2015-03-23,18:45:00,23.681,23.681,23.674,23.674,213,0
2015-03-23,18:55:00,23.671,23.671,23.669,23.669,202,0
2015-03-23,20:05:00,23.642,23.642,23.642,23.642,376,0
2015-03-23,20:20:00,23.642,23.642,23.642,23.642,202,0
2015-03-24,14:35:00,23.701,23.701,23.652,23.652,1315,0
2015-03-24,14:40:00,23.642,23.642,23.642,23.642,607,0
2015-03-24,15:10:00,23.652,23.652,23.651,23.651,698,0
2015-03-24,15:15:00,23.622,23.622,23.622,23.622,101,0
2015-03-24,15:25:00,23.612,23.612,23.612,23.612,101,0
2015-03-24,17:05:00,23.642,23.642,23.642,23.642,506,0
2015-03-24,17:10:00,23.642,23.652,23.642,23.652,415,0
2015-03-24,17:15:00,23.661,23.661,23.652,23.661,2185,0
2015-03-24,17:20:00,23.642,23.652,23.642,23.652,516,0
2015-03-24,17:25:00,23.661,23.661,23.659,23.659,809,0
2015-03-24,17:50:00,23.622,23.622,23.622,23.622,238,0
2015-03-24,18:45:00,23.622,23.622,23.612,23.612,344,0
2015-03-24,19:20:00,23.582,23.582,23.582,23.582,152,0
2015-03-24,19:50:00,23.592,23.602,23.592,23.593,531,0
2015-03-24,20:55:00,23.582,23.582,23.582,23.582,249,0
2015-03-24,21:00:00,23.572,23.572,23.572,23.572,607,0
2015-03-25,14:40:00,23.572,23.572,23.572,23.572,506,0
2015-03-25,15:05:00,23.563,23.572,23.563,23.572,607,0
2015-03-25,15:10:00,23.572,23.572,23.543,23.543,465,0
2015-03-25,15:15:00,23.572,23.572,23.572,23.572,607,0
2015-03-25,15:45:00,23.513,23.513,23.513,23.513,506,0
2015-03-25,16:20:00,23.523,23.523,23.523,23.523,202,0
2015-03-25,16:50:00,23.513,23.513,23.513,23.513,1113,0
2015-03-25,17:10:00,23.474,23.474,23.474,23.474,101,0
2015-03-25,18:35:00,23.414,23.424,23.385,23.424,1315,0
2015-03-26,15:05:00,23.088,23.088,23.088,23.088,101,0
2015-03-26,15:10:00,23.068,23.068,23.068,23.068,101,0
2015-03-26,15:20:00,23.009,23.009,23.009,23.009,101,0
2015-03-26,16:30:00,23.059,23.068,23.049,23.068,2024,0
2015-03-26,16:40:00,23.098,23.108,23.096,23.096,405,0
2015-03-26,17:50:00,23.157,23.157,23.157,23.157,202,0
2015-03-26,17:55:00,23.162,23.167,23.157,23.167,1315,0
2015-03-26,19:30:00,23.147,23.157,23.147,23.157,642,0
2015-03-26,19:35:00,23.157,23.167,23.157,23.167,405,0
2015-03-26,19:45:00,23.177,23.177,23.177,23.177,405,0
2015-03-26,19:50:00,23.167,23.167,23.165,23.165,809,0
2015-03-26,20:30:00,23.18,23.187,23.18,23.185,304,0
2015-03-27,14:35:00,23.217,23.217,23.217,23.217,210,0
2015-03-27,14:45:00,23.177,23.187,23.177,23.187,202,0
2015-03-27,15:50:00,23.187,23.187,23.187,23.187,101,0
2015-03-27,15:55:00,23.187,23.187,23.187,23.187,202,0
2015-03-27,17:00:00,23.187,23.187,23.187,23.187,202,0
2015-03-27,17:05:00,23.197,23.197,23.197,23.197,101,0
2015-03-27,17:10:00,23.197,23.197,23.197,23.197,1,0
2015-03-27,17:15:00,23.236,23.236,23.236,23.236,202,0
2015-03-27,18:40:00,23.217,23.217,23.217,23.217,101,0
2015-03-27,18:50:00,23.197,23.197,23.197,23.197,202,0
2015-03-27,19:00:00,23.217,23.227,23.217,23.227,478,0
2015-03-27,19:55:00,23.227,23.227,23.227,23.227,21,0
2015-03-30,17:50:00,23.307,23.307,23.307,23.307,506,0
2015-03-30,19:20:00,23.375,23.375,23.375,23.375,19224,0
2015-03-30,20:00:00,23.345,23.354,23.345,23.354,1012,0
2015-03-30,20:05:00,23.355,23.364,23.355,23.36,2024,0
2015-03-30,20:15:00,23.36,23.36,23.36,23.36,94,0
2015-03-30,20:20:00,23.375,23.375,23.375,23.375,405,0
2015-03-30,20:30:00,23.375,23.385,23.367,23.385,2262,0
2015-03-30,20:40:00,23.365,23.374,23.365,23.374,2071,0
2015-03-30,21:25:00,23.365,23.365,23.365,23.365,2024,0
2015-03-30,21:30:00,23.36,23.36,23.355,23.355,3227,0
2015-03-30,21:45:00,23.375,23.375,23.375,23.375,405,0
2015-03-30,22:00:00,23.385,23.404,23.385,23.404,4452,0
2015-03-31,15:35:00,22.999,22.999,22.999,22.999,202,0
2015-03-31,15:40:00,22.999,22.999,22.999,22.999,104,0
2015-03-31,15:45:00,23,23,22.999,22.999,202,0
2015-03-31,16:00:00,22.999,22.999,22.999,22.999,48,0
2015-03-31,16:15:00,22.999,22.999,22.999,22.999,47,0
2015-03-31,16:25:00,22.999,23.069,22.999,23.069,185,0
2015-03-31,16:40:00,23.112,23.112,23.112,23.112,142,0
2015-03-31,16:45:00,23.112,23.128,23.112,23.128,136,0
2015-03-31,17:00:00,23.098,23.098,23.098,23.098,308,0
2015-03-31,17:10:00,23.098,23.098,23.098,23.098,62,0
2015-03-31,17:20:00,23.059,23.059,23.059,23.059,118,0
2015-03-31,17:25:00,23.029,23.029,23.029,23.029,101,0
2015-03-31,17:55:00,23.029,23.029,23.029,23.029,5,0
2015-03-31,18:20:00,22.953,22.953,22.953,22.953,218,0
2015-03-31,18:30:00,23.008,23.008,23.008,23.008,118,0
2015-03-31,18:50:00,23.008,23.008,23.008,23.008,47,0
2015-03-31,19:00:00,22.987,22.987,22.987,22.987,202,0
2015-03-31,19:15:00,22.987,22.987,22.987,22.987,47,0
2015-03-31,19:25:00,23.019,23.019,23.003,23.019,949,0
2015-03-31,19:30:00,23.019,23.019,23.019,23.019,47,0
2015-03-31,19:55:00,23.019,23.019,23.019,23.019,47,0
2015-03-31,20:05:00,22.979,22.989,22.979,22.989,231,0
2015-03-31,20:10:00,23.009,23.009,23.009,23.009,189,0
2015-03-31,20:15:00,23.009,23.039,23.009,23.039,189,0
2015-03-31,20:20:00,23.039,23.039,23.039,23.039,118,0
2015-03-31,20:30:00,23.029,23.029,22.999,22.999,879,0
2015-03-31,20:40:00,23.023,23.023,23.023,23.023,189,0
2015-03-31,20:45:00,23.023,23.023,23.023,23.023,172,0
2015-03-31,21:05:00,23.023,23.023,23.023,23.023,101,0
2015-03-31,21:15:00,23.009,23.009,23.009,23.009,433,0
2015-03-31,21:20:00,23.009,23.009,23.009,23.009,30,0
2015-03-31,21:40:00,22.987,22.987,22.987,22.987,1720,0
2015-03-31,21:45:00,22.998,22.998,22.985,22.985,283,0
2015-03-31,22:00:00,23.019,23.019,23.019,23.019,243,0
2015-04-01,15:35:00,23.256,23.256,23.217,23.226,7737,0
2015-04-01,15:40:00,23.187,23.187,23.187,23.187,304,0
2015-04-01,15:45:00,23.147,23.147,23.147,23.147,809,0
2015-04-01,15:50:00,23.147,23.147,23.128,23.128,1669,0
2015-04-01,16:45:00,23.128,23.128,23.128,23.128,7,0
2015-04-01,16:50:00,23.197,23.197,23.197,23.197,101,0
2015-04-01,17:15:00,23.167,23.167,23.167,23.167,101,0
2015-04-01,17:35:00,23.157,23.157,23.157,23.157,202,0
2015-04-01,17:45:00,23.147,23.147,23.147,23.147,101,0
2015-04-01,18:45:00,23.147,23.147,23.147,23.147,40,0
2015-04-01,19:30:00,23.181,23.181,23.181,23.181,202,0
2015-04-01,20:55:00,23.187,23.187,23.167,23.167,646,0
2015-04-01,21:00:00,23.187,23.187,23.187,23.187,607,0
2015-04-01,21:10:00,23.177,23.177,23.177,23.177,101,0
2015-04-01,21:55:00,23.167,23.167,23.167,23.167,844,0
2015-04-01,22:00:00,23.167,23.167,23.167,23.167,101,0
2015-04-02,16:35:00,23.345,23.345,23.345,23.345,101,0
2015-04-02,17:35:00,23.345,23.345,23.345,23.345,1,0
2015-04-02,17:40:00,23.345,23.345,23.32,23.32,430,0
2015-04-02,18:15:00,23.279,23.279,23.279,23.279,152,0
2015-04-02,19:00:00,23.279,23.279,23.279,23.279,23,0
2015-04-02,19:15:00,23.279,23.333,23.279,23.333,226,0
2015-04-02,19:25:00,23.326,23.326,23.326,23.326,253,0
2015-04-02,19:30:00,23.345,23.354,23.33,23.33,1315,0
2015-04-02,19:50:00,23.325,23.325,23.286,23.325,1922,0
2015-04-02,19:55:00,23.355,23.355,23.341,23.355,1012,0
2015-04-02,20:00:00,23.355,23.364,23.355,23.355,1113,0
2015-04-02,20:05:00,23.306,23.355,23.306,23.345,2507,0
2015-04-02,20:15:00,23.345,23.345,23.345,23.345,48,0
2015-04-02,20:20:00,23.345,23.354,23.325,23.325,1533,0
2015-04-02,20:30:00,23.355,23.355,23.355,23.355,1113,0
2015-04-02,20:40:00,23.335,23.335,23.335,23.335,191,0
2015-04-02,20:50:00,23.336,23.336,23.335,23.335,1113,0
2015-04-02,20:55:00,23.335,23.349,23.335,23.349,2024,0
2015-04-02,21:15:00,23.309,23.345,23.309,23.345,1963,0
2015-04-02,21:20:00,23.336,23.336,23.336,23.336,101,0
2015-04-02,21:55:00,23.335,23.345,23.326,23.335,2631,0
2015-04-06,15:55:00,23.553,23.553,23.553,23.553,304,0
2015-04-06,16:10:00,23.553,23.553,23.553,23.553,42,0
2015-04-06,16:25:00,23.622,23.622,23.616,23.616,332,0
2015-04-06,17:15:00,23.681,23.681,23.681,23.681,101,0
2015-04-06,19:45:00,23.681,23.681,23.681,23.681,405,0
2015-04-06,21:00:00,23.681,23.681,23.681,23.681,101,0
2015-04-06,22:00:00,23.553,23.553,23.553,23.553,101,0
2015-04-07,15:35:00,23.533,23.622,23.533,23.622,607,0
2015-04-07,15:40:00,23.632,23.632,23.632,23.632,202,0
2015-04-07,17:30:00,23.647,23.647,23.647,23.647,304,0
2015-04-07,17:50:00,23.647,23.647,23.647,23.647,15,0
2015-04-07,18:45:00,23.701,23.701,23.701,23.701,101,0
2015-04-07,19:35:00,23.701,23.701,23.701,23.701,1,0
2015-04-07,19:40:00,23.701,23.701,23.701,23.701,1,0
2015-04-07,20:05:00,23.661,23.661,23.661,23.661,101,0
2015-04-07,20:10:00,23.657,23.657,23.657,23.657,346,0
2015-04-07,20:15:00,23.652,23.652,23.652,23.652,506,0
2015-04-07,21:00:00,23.632,23.632,23.632,23.632,202,0
2015-04-07,21:30:00,23.622,23.622,23.622,23.622,304,0
2015-04-07,21:55:00,23.586,23.591,23.572,23.572,2519,0
2015-04-08,15:40:00,23.731,23.731,23.731,23.731,202,0
2015-04-08,15:45:00,23.74,23.74,23.731,23.731,607,0
2015-04-08,15:50:00,23.73,23.73,23.73,23.73,126,0
2015-04-08,15:55:00,23.73,23.73,23.721,23.721,704,0
2015-04-08,16:10:00,23.701,23.701,23.701,23.701,228,0
2015-04-08,16:25:00,23.659,23.661,23.659,23.661,202,0
2015-04-08,16:55:00,23.592,23.592,23.533,23.533,304,0
2015-04-08,17:10:00,23.533,23.533,23.533,23.533,81,0
2015-04-08,17:25:00,23.563,23.563,23.56,23.563,607,0
2015-04-08,19:15:00,23.59,23.59,23.59,23.59,354,0
2015-04-08,20:10:00,23.513,23.523,23.513,23.523,354,0
2015-04-08,20:15:00,23.505,23.505,23.505,23.505,152,0
2015-04-08,20:20:00,23.553,23.572,23.553,23.572,202,0
2015-04-08,20:25:00,23.592,23.592,23.592,23.592,101,0
2015-04-08,20:30:00,23.602,23.602,23.592,23.592,376,0
2015-04-08,20:35:00,23.572,23.572,23.572,23.572,101,0
2015-04-09,16:10:00,23.602,23.602,23.602,23.602,637,0
2015-04-09,16:35:00,23.602,23.602,23.571,23.571,202,0
2015-04-09,17:10:00,23.541,23.541,23.541,23.541,202,0
2015-04-09,17:30:00,23.553,23.563,23.553,23.563,689,0
2015-04-09,18:25:00,23.563,23.563,23.563,23.563,150,0
2015-04-09,18:30:00,23.563,23.563,23.563,23.563,17,0
2015-04-09,18:55:00,23.602,23.602,23.602,23.602,165,0
2015-04-09,19:25:00,23.602,23.602,23.602,23.602,30,0
2015-04-09,19:35:00,23.602,23.602,23.602,23.602,47,0
2015-04-09,20:05:00,23.602,23.602,23.602,23.602,10,0
2015-04-09,20:15:00,23.557,23.557,23.557,23.557,152,0
2015-04-09,20:50:00,23.553,23.553,23.553,23.553,117,0
2015-04-09,21:00:00,23.56,23.56,23.56,23.56,458,0
2015-04-09,21:05:00,23.572,23.582,23.572,23.582,1265,0
2015-04-09,21:10:00,23.582,23.582,23.582,23.582,151,0
2015-04-09,21:20:00,23.59,23.59,23.59,23.59,202,0
2015-04-09,21:25:00,23.592,23.592,23.592,23.592,113,0
2015-04-09,21:35:00,23.592,23.592,23.592,23.592,47,0
2015-04-09,21:40:00,23.592,23.592,23.592,23.592,10,0
2015-04-09,22:00:00,23.592,23.602,23.592,23.602,708,0
2015-04-10,15:50:00,23.612,23.622,23.612,23.622,5969,0
2015-04-10,16:05:00,23.671,23.671,23.671,23.671,101,0
2015-04-10,16:10:00,23.671,23.671,23.671,23.671,188,0
2015-04-10,16:30:00,23.671,23.671,23.671,23.671,607,0
2015-04-10,18:00:00,23.701,23.701,23.701,23.701,2024,0
2015-04-10,18:30:00,23.711,23.711,23.711,23.711,101,0
2015-04-10,18:40:00,23.711,23.711,23.701,23.711,381,0
2015-04-10,18:45:00,23.677,23.677,23.677,23.677,439,0
2015-04-10,19:10:00,23.701,23.71,23.701,23.71,1169,0
2015-04-10,19:15:00,23.711,23.718,23.711,23.718,304,0
2015-04-10,19:20:00,23.701,23.701,23.691,23.691,506,0
2015-04-10,19:35:00,23.691,23.701,23.671,23.671,3904,0
2015-04-10,19:40:00,23.701,23.701,23.701,23.701,607,0
2015-04-10,20:00:00,23.731,23.741,23.731,23.741,1010,0
2015-04-10,20:25:00,23.741,23.75,23.741,23.75,187,0
2015-04-10,21:15:00,23.731,23.731,23.731,23.731,235,0
2015-04-10,21:30:00,23.721,23.739,23.721,23.739,708,0
2015-04-10,21:55:00,23.748,23.75,23.744,23.744,1012,0
2015-04-10,22:00:00,23.744,23.75,23.744,23.75,405,0
2015-04-13,15:35:00,23.76,23.76,23.424,23.424,506,0
2015-04-13,15:50:00,23.681,23.681,23.681,23.681,202,0
2015-04-13,16:20:00,23.681,23.681,23.681,23.681,1,0
2015-04-13,16:50:00,23.642,23.642,23.642,23.642,607,0
2015-04-13,17:20:00,23.642,23.661,23.642,23.661,202,0
2015-04-13,17:30:00,23.661,23.661,23.661,23.661,25,0
2015-04-13,17:55:00,23.661,23.671,23.661,23.671,530,0
2015-04-13,18:35:00,23.652,23.652,23.649,23.651,607,0
2015-04-13,19:30:00,23.602,23.602,23.602,23.602,101,0
2015-04-13,19:45:00,23.592,23.592,23.572,23.584,1518,0
2015-04-13,19:55:00,23.572,23.572,23.572,23.572,304,0
2015-04-13,20:05:00,23.572,23.572,23.563,23.563,498,0
2015-04-13,21:20:00,23.563,23.563,23.563,23.563,8,0
2015-04-13,21:55:00,23.553,23.561,23.553,23.561,318,0
2015-04-14,15:35:00,23.652,23.76,23.652,23.76,520,0
2015-04-14,15:40:00,23.721,23.731,23.721,23.731,734,0
2015-04-14,15:45:00,23.75,23.76,23.75,23.76,202,0
2015-04-14,17:15:00,23.76,23.76,23.76,23.76,86,0
2015-04-14,17:35:00,23.76,23.76,23.75,23.75,172,0
2015-04-14,18:20:00,23.77,23.77,23.77,23.77,125,0
2015-04-14,18:30:00,23.77,23.77,23.77,23.77,2,0
2015-04-14,18:35:00,23.76,23.76,23.76,23.76,525,0
2015-04-14,19:40:00,23.76,23.76,23.76,23.76,5,0
2015-04-14,19:50:00,23.782,23.782,23.782,23.782,506,0
2015-04-14,20:30:00,23.782,23.782,23.782,23.782,2,0
2015-04-14,20:55:00,23.75,23.759,23.75,23.759,809,0
2015-04-14,21:30:00,23.778,23.778,23.767,23.767,607,0
2015-04-15,15:45:00,23.889,23.889,23.889,23.889,415,0
2015-04-15,16:10:00,23.889,23.889,23.889,23.889,76,0
2015-04-15,16:50:00,23.8,23.8,23.8,23.8,629,0
2015-04-15,18:20:00,23.8,23.8,23.8,23.8,405,0
2015-04-15,18:30:00,23.8,23.8,23.8,23.8,152,0
2015-04-15,19:40:00,23.8,23.8,23.8,23.8,9,0
2015-04-15,20:10:00,23.899,23.899,23.899,23.899,506,0
2015-04-15,20:30:00,23.899,23.899,23.899,23.899,1012,0
2015-04-15,20:50:00,23.918,23.918,23.918,23.918,860,0
2015-04-15,21:10:00,23.928,23.928,23.928,23.928,2327,0
2015-04-16,15:50:00,23.918,23.918,23.918,23.918,304,0
2015-04-16,16:15:00,23.889,23.889,23.889,23.889,1214,0
2015-04-16,16:20:00,23.889,23.889,23.889,23.889,10,0
2015-04-16,16:25:00,23.85,23.85,23.85,23.85,101,0
2015-04-16,17:00:00,23.839,23.839,23.839,23.839,202,0
2015-04-16,17:10:00,23.839,23.839,23.839,23.839,81,0
2015-04-16,17:35:00,23.839,23.839,23.839,23.839,35,0
2015-04-16,18:00:00,23.839,23.839,23.839,23.839,20,0
2015-04-16,18:05:00,23.839,23.839,23.839,23.839,91,0
2015-04-16,18:35:00,23.839,23.839,23.839,23.839,1518,0
2015-04-16,18:50:00,23.899,23.899,23.884,23.899,1255,0
2015-04-16,19:20:00,23.958,23.958,23.958,23.958,306,0
2015-04-16,19:25:00,23.958,23.958,23.958,23.958,405,0
2015-04-16,19:30:00,23.914,23.914,23.914,23.914,113,0
2015-04-16,19:50:00,23.914,23.914,23.914,23.914,3,0
2015-04-16,20:40:00,24.037,24.037,24.037,24.037,455,0
2015-04-16,20:45:00,24.005,24.005,24.005,24.005,187,0
2015-04-17,16:00:00,23.661,23.711,23.661,23.711,607,0
2015-04-17,16:25:00,23.661,23.661,23.661,23.661,30,0
2015-04-17,16:45:00,23.645,23.645,23.645,23.645,51,0
2015-04-17,17:10:00,23.622,23.622,23.622,23.622,210,0
2015-04-17,17:20:00,23.612,23.612,23.612,23.612,809,0
2015-04-17,18:15:00,23.655,23.655,23.655,23.655,51,0
2015-04-17,18:20:00,23.652,23.652,23.652,23.652,202,0
2015-04-17,18:50:00,23.651,23.651,23.651,23.651,101,0
2015-04-17,19:40:00,23.632,23.632,23.632,23.632,101,0
2015-04-17,19:55:00,23.592,23.592,23.592,23.592,152,0
2015-04-17,21:25:00,23.632,23.632,23.632,23.632,515,0
2015-04-20,15:35:00,23.721,23.721,23.721,23.721,202,0
2015-04-20,15:50:00,23.697,23.74,23.697,23.74,1083,0
2015-04-20,16:20:00,23.731,23.731,23.731,23.731,101,0
2015-04-20,17:30:00,23.721,23.721,23.721,23.721,218,0
2015-04-20,17:50:00,23.75,23.76,23.75,23.76,23,0
2015-04-20,17:55:00,23.732,23.732,23.732,23.732,2,0
2015-04-20,18:15:00,23.758,23.758,23.758,23.758,304,0
2015-04-20,18:55:00,23.721,23.721,23.721,23.721,419,0
2015-04-20,20:15:00,23.661,23.661,23.661,23.661,1057,0
2015-04-20,20:40:00,23.661,23.661,23.661,23.661,5,0
2015-04-20,20:50:00,23.66,23.66,23.66,23.66,101,0
2015-04-21,16:05:00,23.849,23.849,23.849,23.849,329,0
2015-04-21,16:45:00,23.879,23.879,23.879,23.879,3440,0
2015-04-21,16:55:00,23.909,23.923,23.889,23.918,8094,0
2015-04-21,17:10:00,23.928,23.928,23.928,23.928,1821,0
2015-04-21,17:15:00,23.938,23.938,23.938,23.938,101,0
2015-04-21,17:35:00,23.928,23.928,23.928,23.928,627,0
2015-04-21,17:40:00,23.948,23.948,23.938,23.938,516,0
2015-04-21,18:00:00,23.889,23.889,23.869,23.889,2631,0
2015-04-21,18:35:00,23.938,23.938,23.938,23.938,293,0
2015-04-21,18:40:00,23.909,23.909,23.909,23.909,101,0
2015-04-21,18:45:00,23.899,23.899,23.899,23.899,101,0
2015-04-21,19:10:00,23.909,23.909,23.909,23.909,202,0
2015-04-21,19:15:00,23.918,23.918,23.918,23.918,23,0
2015-04-21,19:25:00,23.918,23.918,23.918,23.918,202,0
2015-04-21,19:40:00,23.928,23.928,23.928,23.928,212,0
2015-04-21,20:55:00,23.908,23.908,23.908,23.908,236,0
2015-04-21,21:45:00,23.893,23.893,23.893,23.893,352,0
2015-04-22,15:35:00,23.869,23.869,23.79,23.8,9649,0
2015-04-22,15:45:00,23.76,23.76,23.75,23.75,1012,0
2015-04-22,16:00:00,23.75,23.75,23.75,23.75,202,0
2015-04-22,16:05:00,23.76,23.76,23.76,23.76,202,0
2015-04-22,17:25:00,23.755,23.755,23.755,23.755,202,0
2015-04-22,17:50:00,23.75,23.75,23.75,23.75,101,0
2015-04-22,18:30:00,23.77,23.77,23.77,23.77,1736,0
2015-04-22,20:45:00,23.82,23.82,23.82,23.82,101,0
2015-04-22,20:50:00,23.82,23.82,23.81,23.81,202,0
2015-04-22,20:55:00,23.81,23.81,23.81,23.81,202,0
2015-04-22,21:00:00,23.81,23.81,23.81,23.81,202,0
2015-04-22,21:05:00,23.8,23.8,23.8,23.8,101,0
2015-04-22,21:10:00,23.81,23.81,23.81,23.81,202,0
2015-04-22,21:35:00,23.782,23.782,23.782,23.782,132,0
2015-04-22,22:00:00,23.678,23.81,23.678,23.81,607,0
2015-04-23,16:15:00,23.721,23.721,23.721,23.721,101,0
2015-04-23,16:55:00,23.78,23.78,23.78,23.78,101,0
2015-04-23,17:10:00,23.78,23.78,23.78,23.78,607,0
2015-04-23,17:15:00,23.78,23.78,23.78,23.78,405,0
2015-04-23,17:30:00,23.839,23.839,23.838,23.838,222,0
2015-04-24,17:50:00,24.017,24.017,24.017,24.017,101,0
2015-04-24,19:00:00,24.007,24.007,24.006,24.006,506,0
2015-04-24,19:20:00,24.015,24.015,24.015,24.015,101,0
2015-04-24,20:35:00,23.996,23.996,23.996,23.996,838,0
2015-04-24,20:40:00,24.011,24.011,24.011,24.011,304,0
2015-04-27,15:35:00,24.077,24.195,24.077,24.195,671,0
2015-04-27,16:35:00,24.235,24.235,24.235,24.235,607,0
2015-04-27,16:55:00,24.224,24.224,24.224,24.224,288,0
2015-04-27,17:15:00,24.245,24.245,24.228,24.228,302,0
2015-04-27,17:20:00,24.235,24.235,24.235,24.235,101,0
2015-04-27,17:25:00,24.245,24.26,24.245,24.26,1391,0
2015-04-27,17:35:00,24.284,24.284,24.281,24.281,931,0
2015-04-27,18:15:00,24.278,24.278,24.278,24.278,101,0
2015-04-27,19:10:00,24.258,24.258,24.258,24.258,101,0
2015-04-27,20:50:00,24.215,24.215,24.215,24.215,202,0
2015-04-27,21:05:00,24.215,24.215,24.215,24.215,202,0
2015-04-27,21:20:00,24.205,24.205,24.205,24.205,2024,0
2015-04-28,16:55:00,24.028,24.028,24.028,24.028,445,0
2015-04-28,17:25:00,24.077,24.077,24.077,24.077,304,0
2015-04-28,21:15:00,24.108,24.108,24.108,24.108,1012,0
2015-04-28,21:35:00,24.096,24.096,24.096,24.096,101,0
2015-04-28,21:55:00,24.106,24.106,24.106,24.106,506,0
2015-04-28,22:00:00,24.116,24.146,24.116,24.146,1012,0
2015-04-29,15:35:00,24.037,24.037,24.037,24.037,202,0
2015-04-29,16:35:00,23.997,23.997,23.988,23.997,1619,0
2015-04-29,16:50:00,24.011,24.011,24.011,24.011,202,0
2015-04-29,18:30:00,23.846,23.869,23.846,23.869,352,0
2015-04-30,15:50:00,23.928,23.928,23.928,23.928,1012,0
2015-04-30,15:55:00,23.948,23.948,23.948,23.948,101,0
2015-04-30,16:55:00,23.918,23.918,23.918,23.918,1265,0
2015-04-30,17:30:00,23.985,24.022,23.972,24.022,5767,0
2015-04-30,17:35:00,24.017,24.027,24.017,24.017,22188,0
2015-04-30,17:40:00,24.017,24.022,24.007,24.017,11362,0
2015-04-30,17:55:00,23.978,23.978,23.978,23.978,398,0
2015-04-30,18:55:00,23.948,23.948,23.928,23.928,1615,0
2015-04-30,19:55:00,23.997,24.007,23.978,24.007,1386,0
2015-04-30,21:05:00,23.948,23.948,23.948,23.948,101,0
2015-04-30,21:50:00,23.918,23.918,23.918,23.918,311,0
2015-04-30,21:55:00,23.899,23.899,23.869,23.869,4252,0
2015-05-01,15:55:00,23.983,23.983,23.983,23.983,101,0
2015-05-01,18:25:00,23.903,23.903,23.903,23.903,202,0
2015-05-01,19:30:00,23.918,23.918,23.918,23.918,405,0
2015-05-01,20:05:00,23.997,23.997,23.997,23.997,486,0
2015-05-04,17:35:00,24.067,24.067,24.067,24.067,540,0
2015-05-04,17:50:00,24.047,24.047,24.047,24.047,1518,0
2015-05-05,15:50:00,24.047,24.047,24.047,24.047,248,0
2015-05-05,16:55:00,23.997,24.002,23.997,24.002,607,0
2015-05-05,20:05:00,23.78,23.78,23.78,23.78,422,0
2015-05-05,20:25:00,23.81,23.81,23.81,23.81,144,0
2015-05-05,20:45:00,23.731,23.731,23.731,23.731,101,0
2015-05-05,20:50:00,23.756,23.756,23.756,23.756,202,0
2015-05-06,19:35:00,23.849,23.857,23.849,23.857,304,0
2015-05-06,21:35:00,23.825,23.825,23.825,23.825,439,0
2015-05-06,22:00:00,23.839,23.839,23.839,23.839,405,0
2015-05-07,15:35:00,23.8,23.8,23.8,23.8,275,0
2015-05-07,15:55:00,23.719,23.719,23.711,23.711,607,0
2015-05-07,16:10:00,23.671,23.671,23.661,23.661,607,0
2015-05-07,16:30:00,23.661,23.661,23.661,23.661,101,0
2015-05-07,16:45:00,23.671,23.671,23.661,23.661,1619,0
2015-05-07,16:50:00,23.671,23.671,23.661,23.671,1416,0
2015-05-07,16:55:00,23.671,23.671,23.666,23.671,3947,0
2015-05-07,20:55:00,23.648,23.648,23.648,23.648,329,0
2015-05-08,15:35:00,24.047,24.047,24.047,24.047,101,0
2015-05-08,15:45:00,24.175,24.175,24.175,24.175,101,0
2015-05-08,16:05:00,24.169,24.169,24.169,24.169,253,0
2015-05-08,16:15:00,24.195,24.195,24.195,24.195,101,0
2015-05-08,16:30:00,24.185,24.185,24.185,24.185,405,0
2015-05-08,17:30:00,24.264,24.274,24.253,24.261,4683,0
2015-05-08,17:55:00,24.314,24.314,24.314,24.314,506,0
2015-05-08,18:10:00,24.308,24.308,24.308,24.308,491,0
2015-05-08,21:20:00,24.264,24.264,24.264,24.264,405,0
2015-05-11,15:35:00,24.185,24.185,24.185,24.185,919,0
2015-05-11,15:40:00,24.146,24.146,24.146,24.146,101,0
2015-05-11,16:35:00,24.166,24.166,24.166,24.166,101,0
2015-05-11,16:40:00,24.175,24.175,24.175,24.175,101,0
2015-05-11,17:10:00,24.195,24.195,24.195,24.195,304,0
2015-05-11,17:30:00,24.166,24.166,24.166,24.166,506,0
2015-05-11,17:45:00,24.145,24.145,24.145,24.145,152,0
2015-05-11,19:40:00,24.146,24.146,24.146,24.146,111,0
2015-05-11,20:35:00,24.116,24.126,24.116,24.126,506,0
2015-05-12,16:10:00,23.985,23.985,23.985,23.985,202,0
2015-05-12,20:45:00,24.034,24.034,24.034,24.034,167,0
2015-05-12,21:05:00,24.027,24.037,24.027,24.037,273,0
2015-05-12,21:25:00,24.047,24.047,24.047,24.047,304,0
2015-05-12,21:45:00,24.027,24.047,24.027,24.047,95437,0
2015-05-13,17:40:00,24.197,24.197,24.197,24.197,506,0
2015-05-13,19:00:00,24.195,24.195,24.195,24.195,446,0
2015-05-13,19:35:00,24.215,24.215,24.215,24.215,117,0
2015-05-13,21:25:00,24.138,24.138,24.138,24.138,299,0
2015-05-13,21:45:00,24.145,24.145,24.145,24.145,115,0
2015-05-14,15:40:00,24.491,24.492,24.442,24.442,2529,0
2015-05-14,15:45:00,24.492,24.492,24.492,24.492,225,0
2015-05-14,16:00:00,24.453,24.453,24.453,24.453,468,0
2015-05-14,17:20:00,24.484,24.484,24.484,24.484,160,0
2015-05-14,17:50:00,24.492,24.503,24.492,24.503,1012,0
2015-05-14,18:55:00,24.541,24.541,24.536,24.536,1416,0
2015-05-14,19:15:00,24.511,24.511,24.511,24.511,405,0
2015-05-14,19:25:00,24.551,24.551,24.536,24.536,570,0
2015-05-14,20:55:00,24.551,24.561,24.551,24.561,1705,0
2015-05-14,21:20:00,24.561,24.561,24.561,24.561,101,0
2015-05-14,21:30:00,24.551,24.551,24.541,24.541,2024,0
2015-05-15,15:35:00,24.432,24.432,24.432,24.432,260,0
2015-05-15,15:40:00,24.343,24.343,24.334,24.343,304,0
2015-05-15,16:40:00,24.39,24.39,24.39,24.39,304,0
2015-05-15,16:55:00,24.432,24.432,24.432,24.432,136,0
2015-05-15,18:05:00,24.462,24.462,24.462,24.462,101,0
2015-05-15,21:20:00,24.508,24.508,24.508,24.508,202,0
2015-05-18,15:35:00,24.422,24.422,24.422,24.422,238,0
2015-05-18,16:20:00,24.362,24.362,24.334,24.334,716,0
2015-05-18,17:30:00,24.432,24.432,24.432,24.432,157,0
2015-05-18,21:40:00,24.383,24.383,24.383,24.383,1012,0
2015-05-19,17:40:00,24.373,24.373,24.367,24.367,253,0
2015-05-19,19:15:00,24.353,24.353,24.314,24.314,5059,0
2015-05-19,19:35:00,24.383,24.383,24.383,24.383,205,0
2015-05-19,20:00:00,24.4,24.4,24.4,24.4,116,0
2015-05-19,20:05:00,24.379,24.379,24.379,24.379,330,0
2015-05-19,20:10:00,24.393,24.393,24.393,24.393,506,0
2015-05-19,20:55:00,24.351,24.351,24.351,24.351,280,0
2015-05-19,21:15:00,24.341,24.341,24.341,24.341,405,0
2015-05-19,21:50:00,24.304,24.304,24.304,24.304,253,0
2015-05-20,16:00:00,24.294,24.299,24.294,24.299,309,0
2015-05-20,16:50:00,24.298,24.298,24.298,24.298,101,0
2015-05-20,18:20:00,24.302,24.302,24.302,24.302,202,0
2015-05-20,18:45:00,24.311,24.311,24.311,24.311,465,0
2015-05-20,18:50:00,24.284,24.284,24.284,24.284,202,0
2015-05-20,20:40:00,24.403,24.413,24.403,24.403,4906,0
2015-05-20,20:45:00,24.393,24.393,24.379,24.379,800,0
2015-05-21,17:15:00,24.492,24.492,24.472,24.472,708,0
2015-05-21,17:35:00,24.521,24.521,24.521,24.521,101,0
2015-05-21,18:50:00,24.541,24.541,24.541,24.541,101,0
2015-05-21,19:20:00,24.54,24.541,24.54,24.541,304,0
2015-05-21,19:30:00,24.541,24.541,24.541,24.541,304,0
2015-05-21,20:00:00,24.511,24.511,24.511,24.511,101,0
2015-05-21,20:25:00,24.521,24.521,24.521,24.521,101,0
2015-05-21,20:45:00,24.541,24.541,24.541,24.541,101,0
2015-05-21,20:50:00,24.525,24.525,24.525,24.525,136,0
2015-05-21,21:05:00,24.521,24.541,24.521,24.541,238,0
2015-05-21,21:15:00,24.521,24.521,24.521,24.521,101,0
2015-05-21,21:40:00,24.541,24.541,24.541,24.541,202,0
2015-05-22,15:35:00,24.432,24.432,24.432,24.432,2311,0
2015-05-22,15:50:00,24.294,24.314,24.294,24.314,911,0
2015-05-22,17:00:00,24.316,24.316,24.316,24.316,709,0
2015-05-22,17:30:00,24.284,24.314,24.28,24.314,1012,0
2015-05-22,17:35:00,24.314,24.314,24.314,24.314,202,0
2015-05-22,17:40:00,24.284,24.284,24.284,24.284,101,0
2015-05-22,17:50:00,24.274,24.274,24.274,24.274,101,0
2015-05-22,18:10:00,24.274,24.274,24.274,24.274,101,0
2015-05-22,18:50:00,24.304,24.304,24.304,24.304,112,0
2015-05-22,19:00:00,24.301,24.314,24.301,24.314,203,0
2015-05-22,19:40:00,24.304,24.304,24.304,24.304,101,0
2015-05-22,20:00:00,24.283,24.283,24.283,24.283,202,0
2015-05-22,20:15:00,24.274,24.274,24.274,24.274,101,0
2015-05-22,20:40:00,24.284,24.284,24.284,24.284,101,0
2015-05-22,21:05:00,24.264,24.264,24.264,24.264,101,0
2015-05-22,21:20:00,24.274,24.274,24.274,24.274,101,0
2015-05-22,21:35:00,24.274,24.274,24.274,24.274,708,0
2015-05-22,22:00:00,24.274,24.274,24.274,24.274,101,0
2015-05-26,15:35:00,24.037,24.037,23.958,23.958,712,0
2015-05-26,15:55:00,23.948,23.948,23.948,23.948,105,0
2015-05-26,16:00:00,23.928,23.928,23.928,23.928,725,0
2015-05-26,18:00:00,23.829,23.829,23.829,23.829,506,0
2015-05-26,19:10:00,23.781,23.781,23.781,23.781,708,0
2015-05-26,20:50:00,23.764,23.764,23.764,23.764,202,0
2015-05-27,17:20:00,24.032,24.032,24.019,24.019,1315,0
2015-05-27,17:25:00,24.027,24.037,23.997,24.027,4351,0
2015-05-27,18:15:00,24.057,24.057,24.057,24.057,101,0
2015-05-27,18:30:00,24.057,24.057,24.057,24.057,101,0
2015-05-27,18:40:00,24.037,24.037,24.037,24.037,101,0
2015-05-27,18:50:00,24.037,24.037,24.037,24.037,101,0
2015-05-27,19:00:00,24.037,24.037,24.037,24.037,101,0
2015-05-27,19:20:00,24.047,24.047,24.047,24.047,101,0
2015-05-27,19:30:00,24.057,24.057,24.057,24.057,101,0
2015-05-27,19:40:00,24.086,24.086,24.086,24.086,101,0
2015-05-27,19:50:00,24.086,24.086,24.086,24.086,101,0
2015-05-27,20:00:00,24.096,24.096,24.096,24.096,101,0
2015-05-27,20:10:00,24.096,24.096,24.096,24.096,101,0
2015-05-27,20:20:00,24.067,24.067,24.067,24.067,101,0
2015-05-27,20:35:00,24.077,24.077,24.067,24.067,607,0
2015-05-27,20:45:00,24.057,24.057,24.057,24.057,101,0
2015-05-27,20:50:00,24.027,24.057,24.027,24.057,906,0
2015-05-27,20:55:00,24.067,24.067,24.067,24.067,101,0
2015-05-27,21:05:00,24.077,24.077,24.077,24.077,101,0
2015-05-27,21:15:00,24.086,24.086,24.086,24.086,101,0
2015-05-27,21:20:00,24.086,24.086,24.086,24.086,101,0
2015-05-27,21:25:00,24.077,24.077,24.077,24.077,101,0
2015-05-27,21:30:00,24.077,24.077,24.077,24.077,101,0
2015-05-28,18:55:00,24.057,24.057,24.057,24.057,420,0
2015-05-28,20:55:00,24.13,24.13,24.13,24.13,111,0
2015-05-29,16:00:00,24.077,24.077,24.073,24.077,1113,0
2015-05-29,16:50:00,23.901,23.901,23.901,23.901,184,0
2015-05-29,16:55:00,23.889,23.899,23.889,23.899,405,0
2015-05-29,19:00:00,23.869,23.869,23.869,23.869,101,0
2015-05-29,19:20:00,23.879,23.879,23.879,23.879,101,0
2015-05-29,19:35:00,23.909,23.909,23.909,23.909,101,0
2015-05-29,19:50:00,23.869,23.899,23.869,23.899,501,0
2015-05-29,19:55:00,23.869,23.869,23.869,23.869,101,0
2015-05-29,20:15:00,23.832,23.844,23.829,23.844,1416,0
2015-05-29,20:30:00,23.849,23.849,23.849,23.849,101,0
2015-05-29,20:35:00,23.839,23.839,23.839,23.839,101,0
2015-05-29,20:40:00,23.839,23.839,23.839,23.839,101,0
2015-05-29,20:45:00,23.839,23.839,23.834,23.834,202,0
2015-05-29,20:50:00,23.839,23.839,23.839,23.839,202,0
2015-05-29,20:55:00,23.839,23.839,23.839,23.839,101,0
2015-05-29,21:05:00,23.839,23.839,23.839,23.839,101,0
2015-05-29,21:15:00,23.879,23.879,23.879,23.879,101,0
2015-05-29,21:25:00,23.859,23.859,23.859,23.859,101,0
2015-05-29,21:30:00,23.879,23.879,23.879,23.879,101,0
2015-05-29,21:40:00,23.889,23.889,23.889,23.889,101,0
2015-05-29,21:50:00,23.889,23.889,23.889,23.889,101,0
2015-05-29,21:55:00,23.899,23.899,23.899,23.899,101,0
2015-05-29,22:00:00,23.899,23.918,23.899,23.909,455,0
2015-06-01,15:35:00,23.948,23.948,23.869,23.869,1891,0
2015-06-01,16:15:00,23.77,23.77,23.731,23.731,2175,0
2015-06-01,16:20:00,23.721,23.721,23.721,23.721,354,0
2015-06-01,16:40:00,23.731,23.731,23.731,23.731,202,0
2015-06-01,17:05:00,23.739,23.739,23.739,23.739,101,0
2015-06-01,19:35:00,23.76,23.76,23.76,23.76,506,0
2015-06-01,21:00:00,23.77,23.77,23.77,23.77,506,0
2015-06-01,21:45:00,23.748,23.748,23.748,23.748,210,0
2015-06-01,22:00:00,23.77,23.77,23.77,23.77,101,0
2015-06-02,16:15:00,23.879,23.908,23.879,23.908,597,0
2015-06-02,17:10:00,23.909,23.915,23.909,23.915,506,0
2015-06-02,19:40:00,23.978,23.978,23.978,23.978,208,0
2015-06-03,16:00:00,24.094,24.094,24.094,24.094,124,0
2015-06-03,16:10:00,24.116,24.116,24.116,24.116,101,0
2015-06-03,16:20:00,24.175,24.175,24.175,24.175,607,0
2015-06-03,16:45:00,24.135,24.135,24.135,24.135,250,0
2015-06-03,18:30:00,24.077,24.116,24.077,24.096,4384,0
2015-06-03,18:40:00,24.096,24.096,24.096,24.096,101,0
2015-06-03,20:00:00,24.106,24.106,24.083,24.083,1012,0
2015-06-04,17:10:00,23.938,23.938,23.938,23.938,152,0
2015-06-04,18:55:00,23.938,23.938,23.938,23.938,405,0
2015-06-04,20:10:00,23.701,23.701,23.701,23.701,344,0
2015-06-04,21:00:00,23.77,23.77,23.77,23.77,202,0
2015-06-05,15:35:00,23.395,23.395,23.306,23.306,506,0
2015-06-05,15:40:00,23.296,23.296,23.296,23.296,101,0
2015-06-05,16:35:00,23.454,23.454,23.454,23.454,201,0
2015-06-05,17:15:00,23.381,23.381,23.381,23.381,410,0
2015-06-05,21:35:00,23.444,23.444,23.444,23.444,506,0
2015-06-05,21:50:00,23.444,23.444,23.444,23.444,506,0
2015-06-05,22:00:00,23.444,23.444,23.444,23.444,506,0
2015-06-08,15:45:00,23.406,23.406,23.406,23.406,506,0
2015-06-08,16:15:00,23.434,23.434,23.434,23.434,101,0
2015-06-08,18:15:00,23.434,23.434,23.434,23.434,101,0
2015-06-08,18:20:00,23.413,23.413,23.413,23.413,256,0
2015-06-08,18:25:00,23.385,23.414,23.385,23.414,202,0
2015-06-08,18:35:00,23.395,23.395,23.395,23.395,101,0
2015-06-08,18:45:00,23.385,23.385,23.385,23.385,202,0
2015-06-08,19:30:00,23.414,23.414,23.414,23.414,101,0
2015-06-08,20:05:00,23.444,23.444,23.444,23.444,202,0
2015-06-08,20:20:00,23.444,23.444,23.444,23.444,101,0
2015-06-08,20:40:00,23.493,23.493,23.493,23.493,101,0
2015-06-08,21:05:00,23.484,23.484,23.484,23.484,101,0
2015-06-08,21:15:00,23.474,23.474,23.474,23.474,101,0
2015-06-09,16:30:00,23.232,23.232,23.232,23.232,177,0
2015-06-09,17:30:00,23.365,23.365,23.355,23.355,1012,0
2015-06-09,17:55:00,23.414,23.414,23.414,23.414,202,0
2015-06-09,18:40:00,23.424,23.424,23.424,23.424,101,0
2015-06-09,19:45:00,23.375,23.375,23.375,23.375,101,0
2015-06-09,20:55:00,23.385,23.385,23.385,23.385,101,0
2015-06-09,21:10:00,23.345,23.345,23.345,23.345,101,0
2015-06-10,15:40:00,23.73,23.73,23.73,23.73,133,0
2015-06-10,16:15:00,23.721,23.721,23.715,23.715,2428,0
2015-06-10,18:50:00,23.82,23.82,23.82,23.82,506,0
2015-06-10,19:25:00,23.829,23.829,23.829,23.829,209,0
2015-06-11,16:55:00,23.839,23.839,23.839,23.839,506,0
2015-06-11,17:00:00,23.829,23.829,23.829,23.829,405,0
2015-06-11,18:50:00,23.861,23.868,23.861,23.868,522,0
2015-06-11,18:55:00,23.859,23.859,23.856,23.856,354,0
2015-06-11,19:00:00,23.869,23.869,23.869,23.869,101,0
2015-06-11,19:10:00,23.878,23.878,23.878,23.878,152,0
2015-06-11,19:15:00,23.859,23.859,23.859,23.859,101,0
2015-06-11,19:25:00,23.879,23.879,23.879,23.879,101,0
2015-06-11,19:30:00,23.889,23.889,23.889,23.889,101,0
2015-06-11,19:40:00,23.879,23.879,23.879,23.879,101,0
2015-06-11,19:50:00,23.889,23.889,23.889,23.889,101,0
2015-06-11,20:00:00,23.899,23.899,23.899,23.899,101,0
2015-06-11,20:10:00,23.899,23.899,23.869,23.869,346,0
2015-06-11,20:15:00,23.899,23.899,23.899,23.899,101,0
2015-06-11,20:30:00,23.899,23.899,23.879,23.892,405,0
2015-06-11,20:45:00,23.899,23.899,23.899,23.899,101,0
2015-06-11,20:50:00,23.918,23.918,23.918,23.918,101,0
2015-06-11,20:55:00,23.918,23.918,23.918,23.918,101,0
2015-06-11,21:05:00,23.928,23.928,23.928,23.928,101,0
2015-06-11,21:15:00,23.928,23.928,23.928,23.928,101,0
2015-06-11,21:20:00,23.938,23.938,23.938,23.938,101,0
2015-06-11,21:25:00,23.938,23.938,23.938,23.938,101,0
2015-06-11,21:30:00,23.928,23.928,23.928,23.928,202,0
2015-06-11,21:35:00,23.928,23.928,23.928,23.928,101,0
2015-06-11,22:00:00,23.918,23.918,23.918,23.918,187,0
2015-06-12,15:35:00,23.642,23.642,23.582,23.582,202,0
2015-06-12,19:30:00,23.615,23.615,23.615,23.615,405,0
2015-06-15,15:35:00,23.246,23.246,23.246,23.246,281,0
2015-06-15,16:00:00,23.266,23.266,23.266,23.266,101,0
2015-06-15,16:15:00,23.28,23.28,23.28,23.28,132,0
2015-06-15,17:00:00,23.256,23.256,23.256,23.256,1214,0
2015-06-15,17:05:00,23.256,23.256,23.256,23.256,1518,0
2015-06-15,17:25:00,23.28,23.28,23.28,23.28,202,0
2015-06-15,18:25:00,23.325,23.325,23.316,23.316,281,0
2015-06-15,19:45:00,23.286,23.286,23.286,23.286,304,0
2015-06-15,20:20:00,23.306,23.306,23.306,23.306,1012,0
2015-06-15,20:50:00,23.301,23.301,23.301,23.301,101,0
2015-06-15,22:00:00,23.394,23.394,23.392,23.392,202,0
2015-06-16,15:45:00,23.385,23.385,23.385,23.385,202,0
2015-06-16,16:55:00,23.375,23.375,23.369,23.369,506,0
2015-06-16,20:10:00,23.464,23.464,23.464,23.464,506,0
2015-06-16,21:15:00,23.454,23.454,23.454,23.454,405,0
2015-06-16,21:35:00,23.474,23.474,23.474,23.474,101,0
2015-06-17,18:10:00,23.325,23.325,23.325,23.325,210,0
2015-06-17,19:00:00,23.286,23.286,23.275,23.275,2134,0
2015-06-17,20:05:00,23.256,23.256,23.256,23.256,101,0
2015-06-17,20:55:00,23.464,23.464,23.464,23.464,101,0
2015-06-18,18:20:00,23.632,23.632,23.632,23.632,506,0
2015-06-18,18:25:00,23.76,23.829,23.75,23.81,4250,0
2015-06-19,17:10:00,23.701,23.701,23.691,23.691,1012,0
2015-06-19,17:35:00,23.632,23.632,23.632,23.632,104,0
2015-06-19,18:25:00,23.602,23.602,23.602,23.602,506,0
2015-06-19,18:40:00,23.612,23.612,23.612,23.612,404,0
2015-06-19,19:20:00,23.681,23.681,23.681,23.681,151,0
2015-06-19,21:20:00,23.641,23.641,23.641,23.641,202,0
2015-06-19,21:40:00,23.671,23.671,23.661,23.671,862,0
2015-06-22,15:35:00,24.15,24.21,24.15,24.21,910,0
2015-06-22,16:55:00,24.1859,24.1859,24.1859,24.1859,100,0
2015-06-22,17:55:00,24.21,24.21,24.21,24.21,100,0
2015-06-22,18:30:00,24.18,24.18,24.18,24.18,100,0
2015-06-22,20:20:00,24.1001,24.1001,24.1001,24.1001,325,0
2015-06-22,22:00:00,24.07,24.07,24.06,24.06,600,0
2015-06-23,15:35:00,24.11,24.11,24.11,24.11,160,0
2015-06-23,15:55:00,24.085,24.1,24.085,24.1,1400,0
2015-06-23,16:20:00,24.11,24.1101,24.11,24.1101,200,0
2015-06-23,17:45:00,24.08,24.08,24.08,24.08,200,0
2015-06-23,17:55:00,24.108,24.108,24.108,24.108,150,0
2015-06-23,18:00:00,24.0936,24.0936,24.0936,24.0936,200,0
2015-06-23,18:45:00,24.085,24.085,24.085,24.085,200,0
2015-06-23,20:20:00,24.08,24.08,24.08,24.08,201,0
2015-06-23,21:00:00,24.05,24.05,24.04,24.04,647,0
2015-06-23,21:15:00,24.06,24.06,24.0555,24.0555,600,0
2015-06-23,21:30:00,24.029,24.03,24.029,24.0299,800,0
2015-06-24,17:20:00,23.96,23.96,23.96,23.96,100,0
2015-06-24,17:45:00,23.92,23.92,23.92,23.92,200,0
2015-06-24,17:50:00,23.9136,23.9136,23.91,23.91,400,0
2015-06-24,17:55:00,23.89,23.89,23.89,23.89,100,0
2015-06-24,18:00:00,23.89,23.89,23.89,23.89,100,0
2015-06-24,18:25:00,23.8796,23.95,23.8796,23.94,13776,0
2015-06-24,18:50:00,23.9206,23.9206,23.9206,23.9206,1475,0
2015-06-24,19:50:00,23.8505,23.8505,23.8505,23.8505,390,0
2015-06-24,19:55:00,23.908,23.915,23.904,23.915,1600,0
2015-06-24,20:15:00,23.87,23.89,23.87,23.88,2428,0
2015-06-25,18:20:00,23.9,23.92,23.897,23.91,600,0
2015-06-25,18:30:00,23.885,23.885,23.885,23.885,200,0
2015-06-25,19:15:00,23.92,23.92,23.92,23.92,100,0
2015-06-25,19:30:00,23.95,23.95,23.95,23.95,100,0
2015-06-25,19:45:00,23.91,23.91,23.91,23.91,100,0
2015-06-25,19:55:00,23.91,23.91,23.91,23.91,100,0
2015-06-25,20:05:00,23.89,23.89,23.89,23.89,100,0
2015-06-25,20:15:00,23.87,23.87,23.87,23.87,200,0
2015-06-25,20:25:00,23.87,23.87,23.87,23.87,200,0
2015-06-25,20:40:00,23.86,23.87,23.855,23.859,1610,0
2015-06-25,20:45:00,23.87,23.87,23.87,23.87,100,0
2015-06-25,20:55:00,23.85,23.85,23.85,23.85,100,0
2015-06-25,21:00:00,23.83,23.83,23.83,23.83,100,0
2015-06-25,21:10:00,23.86,23.86,23.86,23.86,100,0
2015-06-25,21:15:00,23.87,23.87,23.865,23.865,243,0
2015-06-25,21:20:00,23.87,23.87,23.87,23.87,100,0
2015-06-25,21:25:00,23.86,23.869,23.82,23.86,2700,0
2015-06-25,21:30:00,23.86,23.86,23.86,23.86,100,0
2015-06-26,16:25:00,23.887,23.887,23.887,23.887,400,0
2015-06-26,18:55:00,23.8,23.8,23.8,23.8,100,0
2015-06-26,19:20:00,23.79,23.79,23.79,23.79,100,0
2015-06-26,19:40:00,23.78,23.78,23.78,23.78,100,0
2015-06-26,19:55:00,23.78,23.78,23.78,23.78,100,0
2015-06-26,20:05:00,23.8,23.8,23.8,23.8,100,0
2015-06-26,20:15:00,23.79,23.79,23.79,23.79,100,0
2015-06-26,20:35:00,23.8,23.8,23.8,23.8,100,0
2015-06-26,20:45:00,23.82,23.82,23.82,23.82,100,0
2015-06-26,20:55:00,23.83,23.83,23.83,23.83,100,0
2015-06-26,21:10:00,23.84,23.84,23.84,23.84,100,0
2015-06-26,21:20:00,23.83,23.83,23.83,23.83,100,0
2015-06-26,21:25:00,23.83,23.83,23.83,23.83,100,0
2015-06-26,21:30:00,23.84,23.84,23.84,23.84,100,0
2015-06-26,21:55:00,23.82,23.82,23.8199,23.8199,200,0
2015-06-29,15:35:00,23.22,23.39,23.22,23.3576,1537,0
2015-06-29,16:00:00,23.4124,23.4124,23.4124,23.4124,400,0
2015-06-29,16:05:00,23.399,23.43,23.399,23.407,960,0
2015-06-29,16:30:00,23.3002,23.3002,23.3002,23.3002,405,0
2015-06-29,16:45:00,23.42,23.42,23.42,23.42,400,0
2015-06-29,17:05:00,23.34,23.34,23.34,23.34,100,0
2015-06-29,17:35:00,23.27,23.29,23.27,23.29,200,0
2015-06-29,17:40:00,23.26,23.26,23.26,23.26,100,0
2015-06-29,17:45:00,23.2795,23.2795,23.264,23.2699,900,0
2015-06-29,18:05:00,23.26,23.26,23.26,23.26,200,0
2015-06-29,18:30:00,23.23,23.23,23.22,23.22,522,0
2015-06-29,18:35:00,23.22,23.22,23.22,23.22,500,0
2015-06-29,18:40:00,23.22,23.22,23.22,23.22,1422,0
2015-06-29,19:20:00,23.27,23.27,23.27,23.27,100,0
2015-06-29,19:30:00,23.2001,23.2001,23.2,23.2,260,0
2015-06-29,20:35:00,23.285,23.285,23.285,23.285,100,0
2015-06-29,20:40:00,23.206,23.2205,23.206,23.2205,250,0
2015-06-29,20:50:00,23.28,23.29,23.28,23.29,200,0
2015-06-30,15:35:00,23.33,23.33,23.29,23.325,6905,0
2015-06-30,15:40:00,23.31,23.335,23.31,23.33,6800,0
2015-06-30,15:45:00,23.3,23.3,23.22,23.23,1800,0
2015-06-30,15:50:00,23.23,23.23,23.23,23.23,500,0
2015-06-30,15:55:00,23.23,23.23,23.23,23.23,200,0
2015-06-30,16:00:00,23.19,23.19,23.19,23.19,200,0
2015-06-30,16:30:00,23.14,23.14,23.14,23.14,200,0
2015-06-30,17:05:00,23.1,23.1,23.1,23.1,100,0
2015-06-30,17:40:00,22.95,22.95,22.95,22.95,500,0
2015-06-30,18:00:00,22.96,22.96,22.96,22.96,100,0
2015-06-30,18:45:00,22.9,22.9,22.9,22.9,200,0
2015-06-30,18:50:00,22.932,22.932,22.932,22.932,200,0
2015-06-30,19:05:00,22.94,22.95,22.94,22.95,200,0
2015-06-30,19:20:00,22.94,22.94,22.9107,22.9107,238,0
2015-06-30,19:40:00,22.97,22.97,22.97,22.97,200,0
2015-06-30,19:45:00,23.01,23.01,23.01,23.01,100,0
2015-06-30,20:10:00,23.04,23.11,23.04,23.11,600,0
2015-06-30,20:20:00,23.12,23.12,23.12,23.12,100,0
2015-06-30,20:30:00,23.074,23.074,23.074,23.074,500,0
2015-06-30,20:35:00,23.08,23.1,23.075,23.1,1000,0
2015-06-30,21:45:00,22.9469,22.9469,22.9469,22.9469,432,0
2015-06-30,21:50:00,22.98,22.98,22.98,22.98,400,0
2015-07-01,15:35:00,23.33,23.33,23.33,23.33,223,0
2015-07-01,16:15:00,23.31,23.31,23.31,23.31,100,0
2015-07-01,17:50:00,23.18,23.18,23.18,23.18,165,0
2015-07-01,17:55:00,23.1632,23.1632,23.1632,23.1632,323,0
2015-07-01,21:50:00,23.09,23.09,23.07,23.0752,2000,0
2015-07-01,21:55:00,23.09,23.09,23.09,23.09,900,0
2015-07-02,17:45:00,23.05,23.05,23.05,23.05,120,0
2015-07-02,20:45:00,22.97,22.97,22.97,22.97,652,0
2015-07-02,21:25:00,22.9901,22.9901,22.9901,22.9901,1000,0
2015-07-02,21:40:00,23.01,23.01,23.01,23.01,500,0
2015-07-06,16:00:00,22.64,22.64,22.64,22.64,500,0
2015-07-06,16:35:00,22.6801,22.6801,22.6801,22.6801,300,0
2015-07-06,17:15:00,22.65,22.65,22.65,22.65,500,0
2015-07-06,17:20:00,22.661,22.661,22.661,22.661,100,0
2015-07-06,17:25:00,22.69,22.69,22.67,22.67,300,0
2015-07-06,19:20:00,22.67,22.67,22.67,22.67,1000,0
2015-07-06,19:25:00,22.67,22.67,22.67,22.67,1000,0
2015-07-06,19:50:00,22.62,22.62,22.62,22.62,200,0
2015-07-06,20:25:00,22.5603,22.5603,22.5603,22.5603,145,0
2015-07-06,21:25:00,22.5675,22.5675,22.5675,22.5675,100,0
2015-07-06,21:55:00,22.58,22.58,22.58,22.58,500,0
2015-07-06,22:00:00,22.59,22.59,22.59,22.59,100,0
2015-07-07,16:00:00,22.334,22.334,22.334,22.334,100,0
2015-07-07,16:10:00,22.29,22.29,22.29,22.29,659,0
2015-07-07,16:30:00,22.192,22.192,22.192,22.192,1500,0
2015-07-07,16:40:00,22.1799,22.1799,22.1799,22.1799,100,0
2015-07-07,17:40:00,22.15,22.18,22.14,22.18,800,0
2015-07-07,17:45:00,22.12,22.12,22.12,22.12,600,0
2015-07-07,18:30:00,22.24,22.24,22.2399,22.2399,500,0
2015-07-07,20:05:00,22.34,22.3401,22.34,22.3401,800,0
2015-07-07,20:15:00,22.354,22.354,22.354,22.354,150,0
2015-07-07,21:15:00,22.46,22.49,22.46,22.49,200,0
2015-07-07,21:20:00,22.53,22.53,22.53,22.53,100,0
2015-07-07,21:40:00,22.6435,22.6435,22.6435,22.6435,240,0
2015-07-07,21:45:00,22.594,22.594,22.594,22.594,200,0
2015-07-08,15:35:00,22.4,22.4,22.4,22.4,100,0
2015-07-08,15:40:00,22.34,22.34,22.34,22.34,100,0
2015-07-08,17:55:00,22.241,22.241,22.24,22.2401,1299,0
2015-07-08,20:50:00,22.22,22.22,22.22,22.22,100,0
2015-07-08,21:45:00,22.27,22.27,22.27,22.27,100,0
2015-07-08,21:55:00,22.2201,22.227,22.22,22.227,600,0
2015-07-08,22:00:00,22.22,22.22,22.22,22.22,200,0
2015-07-09,15:35:00,22.63,22.63,22.63,22.63,100,0
2015-07-09,16:10:00,22.78,22.78,22.78,22.78,100,0
2015-07-09,16:20:00,22.75,22.75,22.75,22.75,200,0
2015-07-09,16:40:00,22.6922,22.6922,22.6922,22.6922,250,0
2015-07-09,17:05:00,22.72,22.72,22.72,22.72,200,0
2015-07-09,17:50:00,22.7194,22.7194,22.7194,22.7194,152,0
2015-07-09,17:55:00,22.7299,22.7299,22.69,22.69,322,0
2015-07-09,18:20:00,22.6695,22.6695,22.6695,22.6695,237,0
2015-07-09,19:20:00,22.66,22.66,22.66,22.66,100,0
2015-07-09,19:30:00,22.62,22.62,22.62,22.62,100,0
2015-07-09,19:40:00,22.62,22.62,22.62,22.62,100,0
2015-07-09,19:45:00,22.63,22.63,22.63,22.63,200,0
2015-07-09,19:55:00,22.63,22.63,22.63,22.63,200,0
2015-07-09,20:10:00,22.64,22.64,22.64,22.64,100,0
2015-07-09,20:20:00,22.64,22.64,22.64,22.64,100,0
2015-07-09,20:25:00,22.63,22.63,22.63,22.63,100,0
2015-07-09,20:30:00,22.62,22.62,22.62,22.62,100,0
2015-07-09,20:45:00,22.62,22.62,22.62,22.62,200,0
2015-07-09,20:50:00,22.61,22.61,22.61,22.61,100,0
2015-07-09,21:00:00,22.66,22.66,22.66,22.66,200,0
2015-07-09,21:05:00,22.65,22.65,22.65,22.65,100,0
2015-07-09,21:10:00,22.67,22.67,22.67,22.67,100,0
2015-07-09,21:15:00,22.67,22.67,22.67,22.67,100,0
2015-07-09,21:20:00,22.67,22.67,22.67,22.67,100,0
2015-07-09,21:25:00,22.67,22.67,22.657,22.66,400,0
2015-07-09,21:30:00,22.66,22.66,22.66,22.66,100,0
2015-07-10,15:35:00,23.5,23.5,23.46,23.46,1520,0
2015-07-10,15:40:00,23.4456,23.46,23.4456,23.46,570,0
2015-07-10,15:50:00,23.42,23.4599,23.42,23.4599,1000,0
2015-07-10,15:55:00,23.46,23.46,23.46,23.46,300,0
2015-07-10,16:00:00,23.45,23.45,23.45,23.45,200,0
2015-07-10,17:05:00,23.416,23.45,23.41,23.41,1464,0
2015-07-10,17:50:00,23.5,23.5,23.5,23.5,1500,0
2015-07-10,18:15:00,23.54,23.54,23.54,23.54,1300,0
2015-07-10,18:30:00,23.53,23.53,23.53,23.53,899,0
2015-07-10,18:40:00,23.45,23.45,23.4384,23.4384,439,0
2015-07-10,19:00:00,23.46,23.46,23.46,23.46,899,0
2015-07-10,19:10:00,23.47,23.47,23.47,23.47,824,0
2015-07-10,19:15:00,23.45,23.45,23.4383,23.45,420,0
2015-07-10,19:25:00,23.41,23.41,23.3983,23.3983,300,0
2015-07-10,19:35:00,23.43,23.45,23.43,23.45,700,0
2015-07-10,19:40:00,23.45,23.46,23.45,23.46,900,0
2015-07-10,21:20:00,23.53,23.53,23.53,23.53,100,0
2015-07-10,22:00:00,23.5399,23.5399,23.5399,23.5399,300,0
2015-07-13,15:35:00,23.58,23.58,23.54,23.54,920,0
2015-07-13,15:55:00,23.539,23.539,23.52,23.52,400,0
2015-07-13,16:05:00,23.55,23.55,23.55,23.55,100,0
2015-07-13,16:10:00,23.52,23.52,23.44,23.44,2480,0
2015-07-13,16:25:00,23.54,23.5401,23.54,23.5401,200,0
2015-07-13,16:30:00,23.5475,23.5475,23.5475,23.5475,200,0
2015-07-13,17:15:00,23.58,23.58,23.5567,23.5567,200,0
2015-07-13,17:55:00,23.55,23.55,23.55,23.55,200,0
2015-07-13,18:35:00,23.57,23.57,23.57,23.57,152,0
2015-07-13,19:25:00,23.54,23.54,23.54,23.54,100,0
2015-07-13,19:55:00,23.51,23.51,23.51,23.51,940,0
2015-07-13,20:20:00,23.51,23.51,23.51,23.51,100,0
2015-07-13,20:40:00,23.52,23.52,23.52,23.52,100,0
2015-07-13,21:05:00,23.54,23.54,23.54,23.54,100,0
2015-07-13,21:15:00,23.53,23.53,23.53,23.53,100,0
2015-07-13,21:30:00,23.55,23.55,23.55,23.55,100,0
2015-07-14,16:40:00,23.6,23.605,23.6,23.605,2117,0
2015-07-14,16:45:00,23.5963,23.5963,23.5963,23.5963,847,0
2015-07-14,16:50:00,23.561,23.561,23.561,23.561,792,0
2015-07-14,20:25:00,23.63,23.63,23.55,23.6,2028,0
2015-07-14,20:35:00,23.62,23.62,23.61,23.61,400,0
2015-07-14,21:25:00,23.6501,23.6501,23.6501,23.6501,180,0
2015-07-15,19:30:00,23.5899,23.5899,23.5899,23.5899,320,0
2015-07-15,19:55:00,23.574,23.574,23.574,23.574,150,0
2015-07-15,20:00:00,23.5899,23.5899,23.5899,23.5899,367,0
2015-07-15,20:25:00,23.55,23.55,23.55,23.55,600,0
2015-07-15,21:05:00,23.46,23.46,23.46,23.46,2500,0
2015-07-15,21:10:00,23.46,23.46,23.46,23.46,200,0
2015-07-15,21:35:00,23.45,23.47,23.45,23.47,200,0
2015-07-15,21:40:00,23.4953,23.4953,23.4953,23.4953,657,0
2015-07-16,16:35:00,23.81,23.8101,23.81,23.8101,1000,0
2015-07-16,18:25:00,23.8199,23.8199,23.8199,23.8199,215,0
2015-07-16,19:35:00,23.77,23.77,23.77,23.77,629,0
2015-07-17,20:35:00,23.7299,23.7299,23.7299,23.7299,664,0
2015-07-17,21:10:00,23.718,23.718,23.718,23.718,200,0
2015-07-20,16:55:00,23.8001,23.8001,23.8001,23.8001,400,0
2015-07-20,17:00:00,23.82,23.82,23.82,23.82,20,0
2015-07-20,17:10:00,23.8699,23.8699,23.8699,23.8699,3,0
2015-07-20,18:25:00,23.8875,23.8875,23.8875,23.8875,1,0
2015-07-21,16:45:00,23.7201,23.7201,23.7201,23.7201,175,0
2015-07-21,20:20:00,23.7161,23.7161,23.7161,23.7161,500,0
2015-07-22,21:30:00,23.58,23.59,23.58,23.59,1000,0
2015-07-22,21:35:00,23.59,23.59,23.59,23.59,2200,0
2015-07-23,15:35:00,23.71,23.71,23.65,23.65,2400,0
2015-07-23,15:45:00,23.63,23.63,23.63,23.63,500,0
2015-07-23,19:10:00,23.5559,23.5559,23.5559,23.5559,122,0
2015-07-23,20:55:00,23.565,23.565,23.565,23.565,1900,0
2015-07-24,16:10:00,23.551,23.551,23.551,23.551,100,0
2015-07-24,16:50:00,23.4804,23.4804,23.4804,23.4804,105,0
2015-07-24,16:55:00,23.4703,23.4703,23.4703,23.4703,113,0
2015-07-24,18:45:00,23.4,23.4,23.4,23.4,600,0
2015-07-24,19:05:00,23.3701,23.3701,23.3701,23.3701,1356,0
2015-07-24,19:20:00,23.345,23.345,23.345,23.345,1000,0
2015-07-27,16:05:00,23.2482,23.2482,23.2482,23.2482,244,0
2015-07-27,17:50:00,23.198,23.198,23.198,23.198,200,0
2015-07-27,19:10:00,23.144,23.144,23.144,23.144,200,0
2015-07-27,19:30:00,23.13,23.13,23.13,23.13,237,0
2015-07-28,20:00:00,23.38,23.4,23.38,23.4,200,0
2015-07-29,17:00:00,23.5,23.5,23.5,23.5,200,0
2015-07-29,17:10:00,23.48,23.48,23.48,23.48,200,0
2015-07-29,20:05:00,23.6,23.6,23.6,23.6,150,0
2015-07-30,19:15:00,23.32,23.32,23.28,23.28,600,0
2015-07-30,21:40:00,23.3796,23.3796,23.3796,23.3796,115,0
2015-07-31,16:50:00,23.6696,23.6696,23.6696,23.6696,213,0
2015-07-31,17:40:00,23.656,23.656,23.656,23.656,1057,0
2015-07-31,19:10:00,23.59,23.59,23.59,23.59,126,0
2015-07-31,19:50:00,23.5796,23.5796,23.57,23.57,700,0
2015-07-31,20:35:00,23.57,23.57,23.5483,23.5483,2343,0
2015-07-31,20:40:00,23.557,23.557,23.557,23.557,1402,0
2015-08-03,19:20:00,23.5628,23.5628,23.5501,23.5501,200,0
2015-08-03,20:15:00,23.5499,23.5499,23.5499,23.5499,500,0
2015-08-03,21:10:00,23.55,23.5586,23.55,23.5586,439,0
2015-08-04,19:10:00,23.6813,23.6813,23.6813,23.6813,300,0
2015-08-04,20:45:00,23.592,23.592,23.592,23.592,118,0
2015-08-04,21:50:00,23.5838,23.5838,23.5838,23.5838,146,0
2015-08-05,15:35:00,23.65,23.65,23.65,23.65,600,0
2015-08-05,15:45:00,23.79,23.79,23.79,23.79,100,0
2015-08-05,16:35:00,23.77,23.77,23.77,23.77,500,0
2015-08-05,16:40:00,23.77,23.77,23.77,23.77,423,0
2015-08-05,21:20:00,23.77,23.77,23.77,23.77,261,0
2015-08-06,16:25:00,23.68,23.68,23.68,23.68,422,0
2015-08-06,19:35:00,23.6492,23.6492,23.6492,23.6492,300,0
2015-08-07,17:00:00,23.4672,23.4672,23.4672,23.4672,608,0
2015-08-07,17:05:00,23.48,23.48,23.48,23.48,652,0
2015-08-07,19:40:00,23.49,23.49,23.49,23.49,112,0
