Date,Time,Open,High,Low,Close,Volume,OpenInt
2013-02-14,18:40:00,30.737,30.737,30.737,30.737,110,0
2013-02-19,15:35:00,31.613,31.613,31.613,31.613,110,0
2013-02-19,15:40:00,30.864,30.864,30.864,30.864,329,0
2013-02-19,15:50:00,30.882,30.882,30.882,30.882,231,0
2013-02-22,17:15:00,30.354,30.354,30.354,30.354,282,0
2013-02-28,15:35:00,30.919,30.919,30.919,30.919,219,0
2013-03-05,20:25:00,31.094,31.094,31.094,31.094,110,0
2013-03-05,20:35:00,31.011,31.011,31.011,31.011,111,0
2013-03-05,21:20:00,30.967,30.967,30.967,30.967,174,0
2013-03-08,20:35:00,31.44,31.44,31.44,31.44,110,0
2013-03-11,16:35:00,31.695,31.695,31.695,31.695,120,0
2013-03-20,17:20:00,31.203,31.203,31.193,31.193,273,0
2013-03-20,17:35:00,31.229,31.229,31.229,31.229,383,0
2013-03-20,17:45:00,31.203,31.203,31.203,31.203,219,0
2013-03-20,17:50:00,31.229,31.229,31.229,31.229,164,0
2013-03-21,15:55:00,30.997,30.997,30.997,30.997,1031,0
2013-03-21,20:45:00,30.868,30.868,30.868,30.868,109,0
2013-03-26,19:10:00,31.246,31.246,31.246,31.246,393,0
2013-03-27,19:05:00,31.496,31.496,31.496,31.496,190,0
2013-03-28,15:50:00,31.587,31.587,31.587,31.587,109,0
2013-03-28,15:55:00,31.587,31.587,31.587,31.587,109,0
2013-03-28,17:15:00,31.559,31.559,31.559,31.559,651,0
2013-04-02,15:50:00,31.356,31.356,31.356,31.356,217,0
2013-04-02,18:10:00,31.411,31.605,31.411,31.605,543,0
2013-04-02,20:50:00,31.34,31.34,31.34,31.34,109,0
2013-04-03,21:40:00,30.877,30.877,30.877,30.877,217,0
2013-04-04,21:05:00,30.877,30.896,30.868,30.877,754,0
2013-04-05,16:05:00,30.49,30.49,30.49,30.49,217,0
2013-04-05,19:30:00,30.49,30.49,30.49,30.49,109,0
2013-04-05,19:40:00,30.49,30.49,30.49,30.49,333,0
2013-04-05,22:00:00,30.712,30.712,30.712,30.712,217,0
2013-04-10,19:00:00,31.762,31.762,31.762,31.762,333,0
2013-04-15,16:05:00,30.932,30.932,30.932,30.932,217,0
2013-04-15,16:10:00,30.923,30.923,30.923,30.923,109,0
2013-04-15,16:55:00,30.961,30.961,30.961,30.961,163,0
2013-04-18,18:40:00,30.251,30.251,30.251,30.251,456,0
2013-04-19,16:40:00,30.482,30.482,30.482,30.482,1085,0
2013-04-23,22:00:00,30.923,30.923,30.923,30.923,119,0
2013-04-26,19:30:00,31.559,31.559,31.559,31.559,217,0
2013-04-29,15:35:00,31.9,31.9,31.9,31.9,109,0
2013-04-30,15:35:00,32.14,32.14,32.14,32.14,109,0
2013-04-30,15:45:00,31.89,31.89,31.89,31.89,109,0
2013-04-30,16:10:00,31.79,31.79,31.79,31.79,109,0
2013-05-02,16:50:00,31.155,31.155,31.155,31.155,109,0
2013-05-03,16:45:00,31.946,31.946,31.946,31.946,161,0
2013-05-07,17:10:00,31.68,31.68,31.68,31.68,118,0
2013-05-13,18:25:00,31.504,31.504,31.504,31.504,217,0
2013-05-13,21:20:00,31.44,31.44,31.44,31.44,582,0
2013-05-14,17:35:00,31.43,31.43,31.33,31.34,1301,0
2013-05-14,17:45:00,31.34,31.45,31.34,31.34,1410,0
2013-05-14,17:50:00,31.34,31.476,31.293,31.293,4231,0
2013-05-14,17:55:00,31.293,31.356,31.293,31.311,6618,0
2013-05-14,18:00:00,31.421,31.43,31.34,31.43,4449,0
2013-05-14,18:05:00,31.34,31.34,31.126,31.155,3904,0
2013-05-14,18:10:00,31.217,31.402,31.217,31.384,3904,0
2013-05-14,18:15:00,31.43,31.43,31.43,31.43,435,0
2013-05-14,18:30:00,31.45,31.45,31.34,31.34,1628,0
2013-05-14,18:35:00,31.394,31.43,31.394,31.43,2605,0
2013-05-14,19:00:00,31.356,31.366,31.356,31.366,1230,0
2013-05-14,19:15:00,31.366,31.366,31.366,31.366,109,0
2013-05-14,19:20:00,31.33,31.34,31.33,31.34,543,0
2013-05-14,20:10:00,31.209,31.209,31.209,31.209,240,0
2013-05-15,16:05:00,30.987,31.155,30.987,31.155,4015,0
2013-05-15,16:10:00,31.043,31.062,31.016,31.016,3254,0
2013-05-15,16:20:00,31.034,31.043,31.034,31.043,1085,0
2013-05-15,16:30:00,30.979,30.979,30.84,30.858,6836,0
2013-05-15,16:35:00,30.858,31.108,30.858,31.016,7484,0
2013-05-15,17:05:00,31.025,31.025,31.025,31.025,109,0
2013-05-15,17:10:00,31.007,31.007,31.007,31.007,217,0
2013-05-15,17:55:00,31.081,31.081,31.081,31.081,109,0
2013-05-15,21:05:00,30.997,30.997,30.997,30.997,109,0
2013-05-15,21:30:00,31.034,31.034,31.025,31.025,744,0
2013-05-15,22:00:00,31.043,31.108,31.043,31.108,1953,0
2013-05-16,16:40:00,30.804,30.804,30.804,30.804,217,0
2013-05-21,20:35:00,30.537,30.537,30.509,30.509,387,0
2013-05-22,16:05:00,30.509,30.509,30.509,30.509,109,0
2013-05-23,20:20:00,29.817,29.919,29.817,29.919,304,0
2013-05-28,21:10:00,28.849,28.849,28.849,28.849,352,0
2013-05-29,19:35:00,29.052,29.052,29.052,29.052,153,0
2013-06-06,15:35:00,27.642,27.642,27.642,27.642,185,0
2013-06-06,16:25:00,27.375,27.375,27.375,27.375,118,0
2013-06-06,18:30:00,27.827,27.827,27.827,27.827,590,0
2013-06-07,21:55:00,27.642,27.642,27.642,27.642,109,0
2013-06-12,19:40:00,27.246,27.292,27.182,27.292,1410,0
2013-06-12,19:45:00,27.209,27.329,27.209,27.329,1195,0
2013-06-12,19:50:00,27.209,27.329,27.173,27.173,3472,0
2013-06-12,19:55:00,27.182,27.182,27.182,27.182,217,0
2013-06-12,20:05:00,27.135,27.2,27.135,27.19,1410,0
2013-06-12,20:10:00,27.182,27.182,27.135,27.173,1519,0
2013-06-12,20:15:00,27.219,27.219,27.219,27.219,543,0
2013-06-12,20:20:00,27.135,27.209,27.135,27.19,2821,0
2013-06-12,20:30:00,27.127,27.2,27.127,27.127,2169,0
2013-06-12,20:40:00,27.144,27.219,27.117,27.209,3037,0
2013-06-12,20:50:00,27.107,27.19,27.107,27.117,1410,0
2013-06-12,20:55:00,27.127,27.135,27.127,27.135,435,0
2013-06-12,21:00:00,27.144,27.173,27.127,27.173,4015,0
2013-06-12,21:05:00,27.117,27.182,27.117,27.182,2710,0
2013-06-12,21:10:00,27.135,27.182,27.135,27.173,2169,0
2013-06-12,21:15:00,27.107,27.163,27.107,27.163,3688,0
2013-06-12,21:20:00,27.098,27.107,27.098,27.107,217,0
2013-06-12,21:25:00,27.107,27.144,27.079,27.135,3254,0
2013-06-12,21:50:00,27.098,27.098,27.079,27.079,217,0
2013-06-12,21:55:00,27.052,27.098,27.052,27.052,1410,0
2013-06-12,22:00:00,27.052,27.052,26.989,26.989,651,0
2013-06-13,15:50:00,27.2,27.264,27.2,27.255,1085,0
2013-06-13,15:55:00,27.173,27.236,27.173,27.236,2062,0
2013-06-13,16:00:00,27.19,27.255,27.19,27.255,1085,0
2013-06-13,16:45:00,27.283,27.31,27.283,27.31,325,0
2013-06-13,20:50:00,27.438,27.494,27.438,27.438,2930,0
2013-06-13,20:55:00,27.476,27.486,27.438,27.476,1845,0
2013-06-13,21:00:00,27.458,27.476,27.438,27.438,1195,0
2013-06-14,16:15:00,27.78,27.846,27.717,27.725,16058,0
2013-06-14,16:20:00,27.744,27.744,27.717,27.717,760,0
2013-06-14,16:40:00,27.717,27.717,27.717,27.717,109,0
2013-06-14,16:50:00,27.615,27.615,27.615,27.615,109,0
2013-06-14,16:55:00,27.698,27.698,27.698,27.698,135,0
2013-06-19,15:55:00,27.725,27.725,27.577,27.577,1519,0
2013-06-20,15:35:00,26.342,26.342,26.067,26.067,636,0
2013-06-20,16:15:00,26.113,26.113,26.113,26.113,435,0
2013-06-20,16:50:00,25.854,25.854,25.743,25.743,1085,0
2013-06-20,17:15:00,25.991,25.991,25.991,25.991,552,0
2013-06-20,17:50:00,25.882,25.882,25.882,25.882,543,0
2013-06-20,18:20:00,25.938,25.946,25.938,25.946,380,0
2013-06-20,18:30:00,25.946,25.946,25.919,25.919,325,0
2013-06-24,19:35:00,25.712,25.712,25.712,25.712,358,0
2013-06-26,16:55:00,26.688,26.733,26.688,26.698,2048,0
2013-06-26,17:00:00,26.594,26.632,26.594,26.632,2478,0
2013-06-26,17:05:00,26.678,26.678,26.632,26.64,2370,0
2013-06-26,18:30:00,26.602,26.602,26.602,26.602,323,0
2013-06-26,19:35:00,26.473,26.473,26.473,26.473,216,0
2013-06-26,21:25:00,26.632,26.632,26.632,26.632,216,0
2013-06-26,21:30:00,26.632,26.632,26.632,26.632,323,0
2013-06-27,15:35:00,26.993,26.993,26.993,26.993,323,0
2013-06-27,15:45:00,26.975,27.021,26.975,27.021,1184,0
2013-06-27,15:50:00,27.104,27.244,27.104,27.244,432,0
2013-06-27,16:15:00,27.197,27.197,27.057,27.141,4309,0
2013-06-27,16:55:00,27.104,27.104,27.104,27.104,323,0
2013-06-27,17:05:00,27.15,27.15,27.104,27.123,1938,0
2013-06-28,22:00:00,26.221,26.221,26.221,26.221,108,0
2013-07-08,17:45:00,26.38,26.456,26.38,26.456,388,0
2013-07-09,22:00:00,26.882,26.882,26.882,26.882,432,0
2013-07-11,20:50:00,27.114,27.114,27.114,27.114,268,0
2013-08-09,19:10:00,26.985,26.985,26.985,26.985,216,0
2013-08-09,19:15:00,26.985,27.104,26.985,27.104,1293,0
2013-08-09,19:20:00,27.085,27.104,27.057,27.085,754,0
2013-08-09,19:25:00,27.076,27.085,27.039,27.057,1832,0
2013-08-15,20:25:00,27.021,27.021,27.021,27.021,189,0
2013-08-20,19:15:00,26.919,27.104,26.919,26.993,4217,0
2013-08-21,17:20:00,26.845,26.955,26.845,26.955,2584,0
2013-08-21,17:25:00,26.873,26.946,26.873,26.946,3124,0
2013-08-21,17:45:00,26.807,26.89,26.807,26.89,3124,0
2013-08-21,17:55:00,26.769,26.845,26.769,26.835,2801,0
2013-08-21,18:00:00,26.752,26.752,26.752,26.752,1401,0
2013-08-21,18:05:00,26.854,26.882,26.779,26.882,4417,0
2013-08-21,18:20:00,26.807,26.817,26.807,26.817,1509,0
2013-08-21,18:25:00,26.873,26.919,26.845,26.873,1832,0
2013-08-21,19:20:00,26.817,26.817,26.817,26.817,234,0
2013-08-21,20:15:00,26.688,26.899,26.688,26.89,5925,0
2013-08-21,20:20:00,26.807,26.807,26.807,26.807,216,0
2013-08-21,20:40:00,26.919,27.066,26.919,27.057,6464,0
2013-08-21,20:45:00,27.076,27.104,26.993,27.066,2370,0
2013-08-21,20:50:00,27.012,27.057,27.012,27.021,1425,0
2013-08-21,20:55:00,27.021,27.021,26.919,26.919,432,0
2013-08-21,21:20:00,26.965,26.965,26.965,26.965,108,0
2013-08-21,21:55:00,26.698,26.698,26.698,26.698,216,0
2013-08-22,15:45:00,26.769,26.769,26.769,26.769,108,0
2013-08-22,15:50:00,27.012,27.039,26.919,26.919,323,0
2013-08-22,16:00:00,27.226,27.226,27.057,27.076,3016,0
2013-08-22,16:05:00,26.993,27.085,26.993,27.012,2155,0
2013-08-22,16:10:00,27.021,27.094,27.021,27.085,2370,0
2013-08-22,16:35:00,26.975,27.104,26.975,27.049,2801,0
2013-08-22,17:45:00,27.012,27.012,27.012,27.012,323,0
2013-08-22,17:50:00,27.057,27.057,27.057,27.057,108,0
2013-08-22,18:00:00,27.012,27.012,27.012,27.012,1077,0
2013-08-22,18:05:00,27.031,27.16,26.965,27.031,4633,0
2013-08-22,20:05:00,26.919,27.336,26.919,27.197,6141,0
2013-08-22,20:10:00,27.104,27.104,27.104,27.104,216,0
2013-08-22,20:20:00,27.114,27.365,27.114,27.18,4633,0
2013-08-22,20:25:00,27.345,27.345,27.345,27.345,1401,0
2013-08-22,20:30:00,27.244,27.244,27.18,27.18,539,0
2013-08-22,20:35:00,27.207,27.365,27.207,27.365,3016,0
2013-08-22,20:50:00,27.244,27.382,27.104,27.104,2801,0
2013-08-22,20:55:00,27.16,27.382,27.16,27.382,5711,0
2013-08-22,21:00:00,27.244,27.244,27.244,27.244,108,0
2013-08-22,21:05:00,27.262,27.382,27.216,27.382,4417,0
2013-08-22,21:10:00,27.382,27.382,27.272,27.272,2910,0
2013-08-22,21:20:00,27.382,27.382,27.382,27.382,1401,0
2013-08-22,21:25:00,27.18,27.382,27.18,27.382,2801,0
2013-08-22,21:40:00,27.085,27.392,27.085,27.132,6250,0
2013-08-22,21:45:00,26.89,26.89,26.89,26.89,108,0
2013-08-22,21:50:00,26.946,26.946,26.845,26.845,971,0
2013-08-23,16:05:00,27.262,27.29,27.262,27.29,1724,0
2013-08-23,16:15:00,27.327,27.327,27.29,27.3,1617,0
2013-08-23,16:45:00,27.252,27.252,27.252,27.252,1401,0
2013-08-23,16:50:00,27.309,27.42,27.309,27.42,1293,0
2013-08-23,18:05:00,27.309,27.309,27.309,27.309,108,0
2013-08-23,18:55:00,27.3,27.373,27.3,27.373,1509,0
2013-08-23,19:00:00,27.467,27.467,27.336,27.411,6680,0
2013-08-23,21:35:00,27.447,27.447,27.447,27.447,108,0
2013-08-23,21:45:00,27.336,27.457,27.336,27.382,2693,0
2013-08-23,21:55:00,27.355,27.355,27.355,27.355,108,0
2013-08-23,22:00:00,27.309,27.309,27.244,27.244,323,0
2013-08-26,16:15:00,27.429,27.541,27.429,27.523,2584,0
2013-08-26,18:10:00,27.392,27.764,27.392,27.764,3231,0
2013-08-26,18:15:00,27.457,27.457,27.457,27.457,647,0
2013-08-26,19:40:00,27.382,27.382,27.382,27.382,216,0
2013-08-26,21:25:00,27.244,27.29,27.244,27.29,432,0
2013-08-26,21:55:00,27.188,27.188,27.188,27.188,108,0
2013-08-26,22:00:00,27.15,27.15,27.15,27.15,108,0
2013-08-27,15:40:00,27.382,27.382,27.141,27.18,754,0
2013-08-27,15:45:00,27.15,27.15,27.15,27.15,108,0
2013-08-27,16:05:00,27.216,27.226,27.216,27.226,647,0
2013-08-27,17:05:00,27.244,27.244,27.244,27.244,108,0
2013-08-27,17:55:00,27.085,27.085,27.085,27.085,432,0
2013-08-27,18:10:00,27.207,27.207,27.076,27.076,971,0
2013-08-27,18:25:00,27.094,27.094,27.085,27.085,432,0
2013-08-27,21:45:00,27.076,27.15,27.076,27.076,647,0
2013-08-27,21:50:00,27.031,27.031,27.031,27.031,108,0
2013-08-28,16:05:00,26.688,26.743,26.688,26.743,647,0
2013-08-28,16:20:00,26.807,26.807,26.807,26.807,432,0
2013-08-28,16:35:00,26.724,26.724,26.724,26.724,108,0
2013-08-29,20:55:00,26.724,26.724,26.724,26.724,108,0
2013-09-03,15:40:00,27.679,27.679,27.679,27.679,108,0
2013-09-03,18:05:00,27.958,27.958,27.958,27.958,216,0
2013-09-03,19:00:00,27.967,27.967,27.967,27.967,108,0
2013-09-03,19:05:00,27.94,27.94,27.94,27.94,108,0
2013-09-03,20:15:00,27.977,27.977,27.977,27.977,108,0
2013-09-03,20:30:00,28.043,28.043,28.043,28.043,108,0
2013-09-03,21:05:00,28.051,28.051,28.051,28.051,108,0
2013-09-03,21:45:00,27.921,27.921,27.921,27.921,108,0
2013-09-03,22:00:00,27.985,27.985,27.985,27.985,108,0
2013-09-05,20:50:00,27.995,27.995,27.995,27.995,108,0
2013-09-06,17:30:00,28.469,28.469,28.469,28.469,754,0
2013-09-09,17:05:00,28.691,28.691,28.637,28.637,216,0
2013-09-09,17:10:00,28.533,28.591,28.533,28.591,754,0
2013-09-09,17:20:00,28.496,28.496,28.496,28.496,108,0
2013-09-09,18:40:00,28.533,28.533,28.533,28.533,108,0
2013-09-09,18:45:00,28.562,28.581,28.562,28.581,432,0
2013-09-09,18:50:00,28.682,28.682,28.562,28.608,2155,0
2013-09-09,18:55:00,28.682,28.682,28.608,28.637,2048,0
2013-09-09,19:00:00,28.682,28.682,28.628,28.663,1617,0
2013-09-09,19:05:00,28.663,28.663,28.663,28.663,539,0
2013-09-09,19:35:00,28.608,28.655,28.608,28.646,1401,0
2013-09-09,19:40:00,28.637,28.637,28.618,28.618,861,0
2013-09-09,19:45:00,28.608,28.655,28.608,28.655,2048,0
2013-09-09,20:05:00,28.646,28.655,28.646,28.655,432,0
2013-09-09,20:10:00,28.663,28.7,28.655,28.682,2155,0
2013-09-09,20:15:00,28.672,28.71,28.663,28.7,1832,0
2013-09-09,20:20:00,28.663,28.719,28.655,28.655,2910,0
2013-09-09,20:25:00,28.663,28.737,28.663,28.719,754,0
2013-09-09,20:30:00,28.719,28.719,28.672,28.691,1617,0
2013-09-09,20:35:00,28.71,28.737,28.71,28.737,1077,0
2013-09-09,21:35:00,28.728,28.728,28.552,28.591,1090,0
2013-09-09,21:40:00,28.637,28.691,28.637,28.682,1077,0
2013-09-09,21:45:00,28.637,28.646,28.637,28.646,647,0
2013-09-10,16:00:00,29.258,29.258,29.184,29.184,216,0
2013-09-10,16:05:00,29.008,29.08,29.008,29.08,1293,0
2013-09-10,16:10:00,29.146,29.146,29.138,29.138,971,0
2013-09-10,16:15:00,29.08,29.08,29.08,29.08,432,0
2013-09-10,16:20:00,29.063,29.1,29.063,29.1,2263,0
2013-09-10,16:25:00,29.09,29.1,29.044,29.044,1077,0
2013-09-10,16:30:00,29.053,29.156,29.053,29.156,1509,0
2013-09-10,16:35:00,29.08,29.156,29.053,29.156,1724,0
2013-09-10,16:40:00,29.156,29.156,29.073,29.08,4093,0
2013-09-10,17:50:00,29.073,29.08,29.073,29.08,647,0
2013-09-10,18:00:00,29.008,29.008,29.008,29.008,1401,0
2013-09-10,18:35:00,28.896,28.896,28.896,28.896,108,0
2013-09-10,18:40:00,28.878,28.878,28.878,28.878,108,0
2013-09-10,18:45:00,28.942,28.942,28.942,28.942,323,0
2013-09-10,19:35:00,28.979,29.128,28.979,29.119,1617,0
2013-09-10,19:45:00,29.053,29.11,29.053,29.063,861,0
2013-09-10,21:55:00,29.053,29.1,29.053,29.08,1184,0
2013-09-12,16:00:00,29.1,29.1,29.1,29.1,108,0
2013-09-12,16:05:00,29.053,29.053,28.905,28.933,432,0
2013-09-12,17:55:00,28.887,28.887,28.887,28.887,193,0
2013-09-12,19:20:00,28.849,28.896,28.849,28.896,216,0
2013-09-12,21:10:00,28.823,28.887,28.823,28.887,216,0
2013-09-13,15:35:00,28.823,28.823,28.823,28.823,216,0
2013-09-13,16:25:00,28.868,28.868,28.868,28.868,1509,0
2013-09-13,16:30:00,28.924,29.025,28.887,29.008,4525,0
2013-09-13,17:50:00,28.979,28.979,28.979,28.979,108,0
2013-09-13,21:55:00,28.97,29.08,28.868,29.008,3555,0
2013-09-13,22:00:00,28.915,29.053,28.858,28.858,7217,0
2013-09-16,15:55:00,29.48,29.48,29.48,29.48,861,0
2013-09-16,16:25:00,29.49,29.49,29.49,29.49,1077,0
2013-09-16,16:35:00,29.49,29.517,29.471,29.5,2478,0
2013-09-16,16:40:00,29.508,29.508,29.508,29.508,1293,0
2013-09-16,16:55:00,29.536,29.536,29.536,29.536,323,0
2013-09-16,17:10:00,29.378,29.49,29.378,29.49,3016,0
2013-09-16,17:15:00,29.444,29.444,29.444,29.444,108,0
2013-09-16,18:15:00,29.463,29.508,29.435,29.5,5711,0
2013-09-16,18:20:00,29.48,29.48,29.48,29.48,647,0
2013-09-16,18:25:00,29.508,29.517,29.453,29.453,3771,0
2013-09-16,18:30:00,29.435,29.435,29.387,29.387,2584,0
2013-09-16,18:35:00,29.378,29.444,29.361,29.361,9372,0
2013-09-16,18:40:00,29.361,29.361,29.361,29.361,2478,0
2013-09-16,19:30:00,29.341,29.341,29.341,29.341,216,0
2013-09-16,19:50:00,29.229,29.425,29.229,29.378,2155,0
2013-09-16,19:55:00,29.37,29.406,29.229,29.229,2693,0
2013-09-16,20:00:00,29.332,29.351,29.248,29.285,7602,0
2013-09-16,20:35:00,29.229,29.229,29.229,29.229,539,0
2013-09-16,20:45:00,29.267,29.267,29.267,29.267,142,0
2013-09-16,21:25:00,29.323,29.387,29.323,29.387,1938,0
2013-09-16,21:30:00,29.285,29.378,29.285,29.314,3016,0
2013-09-16,21:55:00,29.267,29.285,29.21,29.21,647,0
2013-09-16,22:00:00,29.258,29.258,29.22,29.22,216,0
2013-09-17,17:30:00,29.601,29.601,29.572,29.601,647,0
2013-09-17,20:05:00,29.572,29.572,29.572,29.572,108,0
2013-09-17,20:10:00,29.629,29.694,29.629,29.638,1832,0
2013-09-17,20:30:00,29.62,29.62,29.572,29.572,647,0
2013-09-17,20:35:00,29.563,29.563,29.563,29.563,108,0
2013-09-17,20:40:00,29.527,29.563,29.527,29.563,1401,0
2013-09-17,20:50:00,29.536,29.629,29.536,29.61,2370,0
2013-09-17,20:55:00,29.555,29.572,29.555,29.555,2801,0
2013-09-17,21:40:00,29.546,29.546,29.546,29.546,108,0
2013-09-17,21:55:00,29.563,29.563,29.563,29.563,216,0
2013-09-18,16:30:00,29.156,29.156,29.156,29.156,108,0
2013-09-18,17:30:00,29.592,29.592,29.592,29.592,343,0
2013-09-19,17:45:00,30.084,30.084,30.084,30.084,688,0
2013-09-30,18:10:00,29.529,29.529,29.529,29.529,851,0
2013-10-01,15:50:00,29.529,29.529,29.529,29.529,107,0
2013-10-01,18:05:00,29.519,29.708,29.454,29.708,2021,0
2013-10-01,18:10:00,29.68,29.68,29.482,29.482,2233,0
2013-10-01,18:15:00,29.482,29.68,29.482,29.614,3192,0
2013-10-01,18:20:00,29.614,29.614,29.614,29.614,213,0
2013-10-01,19:00:00,29.445,29.445,29.445,29.445,750,0
2013-10-01,19:40:00,29.519,29.519,29.519,29.519,107,0
2013-10-01,21:25:00,29.473,29.473,29.473,29.473,107,0
2013-10-01,21:40:00,29.566,29.566,29.566,29.566,107,0
2013-10-01,21:55:00,29.549,29.549,29.549,29.549,107,0
2013-10-02,18:15:00,29.379,29.454,29.314,29.454,1810,0
2013-10-02,18:20:00,29.331,29.464,29.331,29.445,2127,0
2013-10-02,18:40:00,29.341,29.341,29.341,29.341,107,0
2013-10-02,18:50:00,29.351,29.445,29.341,29.351,851,0
2013-10-02,19:00:00,29.387,29.387,29.387,29.387,107,0
2013-10-02,19:05:00,29.454,29.454,29.454,29.454,107,0
2013-10-02,20:40:00,29.519,29.519,29.473,29.473,213,0
2013-10-02,21:20:00,29.407,29.407,29.379,29.379,213,0
2013-10-03,18:35:00,29.37,29.566,29.37,29.566,319,0
2013-10-03,19:15:00,29.632,29.632,29.632,29.632,107,0
2013-10-03,20:35:00,29.426,29.426,29.426,29.426,107,0
2013-10-07,17:35:00,29.341,29.341,29.341,29.341,107,0
2013-10-07,17:45:00,29.351,29.351,29.257,29.257,213,0
2013-10-07,21:00:00,29.284,29.284,29.284,29.284,169,0
2013-10-08,20:05:00,28.975,28.975,28.936,28.956,1169,0
2013-10-08,20:10:00,28.975,29.021,28.956,29.021,2127,0
2013-10-08,20:15:00,29.013,29.013,28.975,28.975,959,0
2013-10-08,21:15:00,28.919,28.919,28.909,28.909,851,0
2013-10-08,21:25:00,29.154,29.154,29.154,29.154,107,0
2013-10-10,18:45:00,29.519,29.566,29.492,29.566,745,0
2013-10-10,18:50:00,29.519,29.652,29.519,29.539,2021,0
2013-10-10,19:45:00,29.436,29.575,29.436,29.566,1383,0
2013-10-10,19:50:00,29.464,29.51,29.464,29.473,959,0
2013-10-10,19:55:00,29.519,29.519,29.502,29.502,533,0
2013-10-10,21:20:00,29.519,29.623,29.519,29.614,2233,0
2013-10-10,21:25:00,29.605,29.614,29.539,29.575,2341,0
2013-10-10,21:30:00,29.549,29.614,29.549,29.614,1915,0
2013-10-10,21:35:00,29.549,29.549,29.549,29.549,107,0
2013-10-10,21:50:00,29.566,29.566,29.566,29.566,107,0
2013-10-11,15:45:00,29.661,29.802,29.661,29.69,425,0
2013-10-11,21:00:00,29.897,29.924,29.858,29.858,425,0
2013-10-14,17:00:00,29.671,29.671,29.671,29.671,213,0
2013-10-14,17:05:00,29.671,29.708,29.671,29.671,425,0
2013-10-14,17:10:00,29.69,29.69,29.661,29.671,319,0
2013-10-15,20:15:00,30.027,30.027,29.858,29.914,1169,0
2013-10-15,20:20:00,29.849,29.914,29.849,29.905,1810,0
2013-10-15,20:25:00,29.905,29.905,29.868,29.905,533,0
2013-10-16,18:25:00,29.971,30.009,29.971,30.009,745,0
2013-10-16,18:30:00,30.084,30.084,30.065,30.065,319,0
2013-10-16,18:35:00,29.971,30.102,29.971,30.009,1064,0
2013-10-16,18:40:00,30.019,30.093,30.009,30.075,4041,0
2013-10-16,18:45:00,30.075,30.075,30.009,30.009,213,0
2013-10-16,20:15:00,30.056,30.179,30.056,30.149,2127,0
2013-10-16,21:15:00,30.112,30.112,30.112,30.112,213,0
2013-10-16,21:30:00,30.131,30.131,30.121,30.121,213,0
2013-10-16,21:35:00,30.037,30.131,30.037,30.112,4149,0
2013-10-16,21:40:00,30.056,30.056,30.056,30.056,107,0
2013-10-16,21:45:00,30.093,30.093,30.037,30.037,213,0
2013-10-17,16:15:00,30.337,30.337,30.337,30.337,213,0
2013-10-17,17:45:00,30.394,30.545,30.394,30.545,639,0
2013-10-17,17:50:00,30.414,30.47,30.404,30.46,2233,0
2013-10-17,18:40:00,30.441,30.536,30.441,30.517,1064,0
2013-10-17,18:45:00,30.507,30.517,30.432,30.48,2341,0
2013-10-17,20:30:00,30.46,30.46,30.46,30.46,107,0
2013-10-17,21:30:00,30.487,30.527,30.48,30.48,533,0
2013-10-18,15:40:00,30.695,30.742,30.695,30.742,213,0
2013-10-18,16:50:00,30.742,30.78,30.742,30.78,213,0
2013-10-21,15:45:00,30.977,31.024,30.799,30.799,2127,0
2013-10-21,15:50:00,30.818,30.93,30.818,30.882,1064,0
2013-10-21,15:55:00,30.864,30.864,30.864,30.864,107,0
2013-10-21,16:05:00,30.818,30.818,30.818,30.818,107,0
2013-10-21,16:10:00,30.864,30.912,30.836,30.864,851,0
2013-10-21,16:45:00,30.882,30.882,30.854,30.854,639,0
2013-10-21,18:50:00,30.854,30.854,30.854,30.854,319,0
2013-10-22,16:05:00,31.23,31.269,31.212,31.269,639,0
2013-10-22,16:10:00,31.25,31.25,31.25,31.25,213,0
2013-10-22,16:25:00,31.278,31.343,31.24,31.24,2233,0
2013-10-22,16:30:00,31.24,31.24,31.24,31.24,107,0
2013-10-22,16:40:00,31.221,31.221,31.221,31.221,107,0
2013-10-22,20:10:00,31.353,31.353,31.307,31.307,425,0
2013-10-22,21:05:00,31.381,31.381,31.326,31.381,2021,0
2013-10-23,16:05:00,30.836,30.836,30.836,30.836,447,0
2013-10-23,17:05:00,30.808,30.808,30.808,30.808,265,0
2013-10-24,20:55:00,30.685,30.685,30.685,30.685,187,0
2013-10-24,21:50:00,30.752,30.752,30.752,30.752,140,0
2013-10-25,20:00:00,30.752,30.771,30.695,30.695,639,0
2013-10-28,15:45:00,30.695,30.836,30.695,30.836,639,0
2013-10-28,19:00:00,30.949,30.949,30.949,30.949,3148,0
2013-10-28,20:20:00,30.845,30.864,30.845,30.864,213,0
2013-10-29,15:35:00,30.517,30.517,30.507,30.507,213,0
2013-10-29,19:55:00,30.517,30.517,30.517,30.517,319,0
2013-11-01,20:35:00,30.308,30.308,30.308,30.308,533,0
2013-11-01,20:40:00,30.308,30.308,30.308,30.308,107,0
2013-11-01,20:45:00,30.308,30.308,30.308,30.308,107,0
2013-11-01,20:50:00,30.328,30.365,30.328,30.365,425,0
2013-11-01,20:55:00,30.357,30.357,30.357,30.357,404,0
2013-11-08,18:20:00,30.046,30.046,30.046,30.046,327,0
2013-11-12,21:10:00,29.661,29.661,29.632,29.632,213,0
2013-11-18,16:50:00,30.009,30.009,30.009,30.009,226,0
2013-11-20,20:40:00,29.266,29.266,29.247,29.247,213,0
2013-11-21,16:10:00,28.956,29.013,28.956,29.013,213,0
2013-11-25,21:25:00,29.154,29.154,29.154,29.154,107,0
2013-11-25,22:00:00,29.106,29.106,29.106,29.106,107,0
2013-11-26,17:50:00,28.946,28.946,28.946,28.946,107,0
2013-11-26,18:15:00,28.881,28.881,28.881,28.881,107,0
2013-11-27,17:30:00,28.655,28.655,28.655,28.655,107,0
2013-11-27,18:20:00,28.298,28.571,28.298,28.571,213,0
2013-11-27,18:40:00,28.581,28.581,28.581,28.581,107,0
2013-11-29,18:20:00,28.561,28.561,28.561,28.561,107,0
2013-12-04,17:15:00,27.828,27.828,27.828,27.828,107,0
2013-12-05,16:00:00,27.62,27.62,27.62,27.62,107,0
2013-12-05,17:10:00,27.311,27.311,27.311,27.311,107,0
2013-12-05,17:15:00,27.49,27.49,27.49,27.49,213,0
2013-12-05,17:20:00,27.302,27.302,27.302,27.302,160,0
2013-12-05,18:15:00,27.385,27.385,27.385,27.385,213,0
2013-12-05,20:10:00,27.574,27.574,27.574,27.574,533,0
2013-12-06,17:05:00,27.547,27.547,27.547,27.547,107,0
2013-12-09,18:25:00,27.348,27.348,27.348,27.348,107,0
2013-12-09,20:35:00,27.48,27.48,27.48,27.48,116154,0
2013-12-09,21:55:00,27.358,27.405,27.358,27.405,17019,0
2013-12-09,22:00:00,27.311,27.338,27.311,27.338,425,0
2013-12-10,20:05:00,27.358,27.358,27.227,27.227,49781,0
2013-12-10,20:15:00,27.198,27.198,27.198,27.198,319,0
2013-12-11,19:30:00,27.18,27.263,27.18,27.263,21083,0
2013-12-11,19:35:00,27.18,27.245,27.18,27.235,59434,0
2013-12-11,19:40:00,27.17,27.217,27.17,27.17,5085,0
2013-12-11,21:25:00,27.01,27.01,27.01,27.01,423,0
2013-12-13,17:10:00,26.708,26.708,26.708,26.708,848,0
2013-12-13,17:15:00,26.784,26.784,26.784,26.784,11866,0
2013-12-13,17:30:00,26.718,26.718,26.718,26.718,107,0
2013-12-13,21:25:00,27.02,27.02,27.02,27.02,561,0
2013-12-13,22:00:00,27.02,27.02,27.02,27.02,561,0
2013-12-16,21:15:00,27.329,27.385,27.329,27.338,17057,0
2013-12-16,21:20:00,27.377,27.385,27.189,27.385,22774,0
2013-12-16,21:25:00,27.302,27.302,27.302,27.302,1165,0
2013-12-16,21:50:00,27.189,27.189,27.189,27.189,198,0
2013-12-17,20:15:00,27.01,27.01,27.01,27.01,423,0
2013-12-19,21:50:00,27.223,27.223,27.223,27.223,795,0
2013-12-20,19:15:00,27.723,27.723,27.723,27.723,212,0
2013-12-20,22:00:00,27.949,27.949,27.949,27.949,318,0
2013-12-23,16:45:00,28.102,28.102,28.102,28.102,637,0
2013-12-23,16:50:00,28.185,28.185,28.137,28.137,669,0
2013-12-23,20:10:00,28.27,28.27,28.27,28.27,107,0
2013-12-23,21:45:00,28.364,28.364,28.364,28.364,539,0
2013-12-26,17:00:00,28.317,28.317,28.317,28.317,1590,0
2013-12-26,21:40:00,28.127,28.354,28.127,28.242,3179,0
2013-12-26,21:45:00,28.261,28.261,28.261,28.261,212,0
2014-01-02,17:30:00,28.194,28.194,28.194,28.194,218,0
2014-01-15,21:45:00,28.374,28.374,28.374,28.374,159,0
2014-01-16,22:00:00,28.317,28.317,28.317,28.317,212,0
2014-01-30,20:15:00,27.382,27.382,27.382,27.382,365,0
2014-01-31,16:55:00,27.099,27.099,27.099,27.099,107,0
2014-01-31,17:25:00,27.185,27.185,27.185,27.185,423,0
2014-02-07,21:05:00,28.165,28.165,28.053,28.053,232,0
2014-02-07,21:15:00,28.147,28.147,28.147,28.147,133,0
2014-02-10,19:20:00,28.092,28.102,28.092,28.102,423,0
2014-02-10,19:25:00,28.072,28.072,28.072,28.072,212,0
2014-02-10,21:05:00,28.053,28.053,28.053,28.053,212,0
2014-02-13,16:30:00,28.665,28.665,28.665,28.665,185,0
2014-02-13,16:35:00,28.665,28.665,28.665,28.665,531,0
2014-02-13,19:55:00,28.874,28.987,28.874,28.959,1165,0
2014-02-13,20:05:00,28.968,28.978,28.931,28.931,318,0
2014-02-18,18:10:00,29.545,29.545,29.545,29.545,423,0
2014-02-18,20:40:00,29.478,29.478,29.478,29.478,531,0
2014-02-18,20:45:00,29.441,29.441,29.441,29.441,1695,0
2014-02-19,19:10:00,29.62,29.62,29.62,29.62,677,0
2014-03-07,18:55:00,30.961,30.961,30.961,30.961,318,0
2014-03-10,16:55:00,30.638,30.638,30.638,30.638,318,0
2014-03-11,15:40:00,30.668,30.668,30.668,30.668,531,0
2014-03-12,16:45:00,30.119,30.119,30.119,30.119,531,0
2014-03-20,15:15:00,29.638,29.638,29.638,29.638,307,0
2014-03-20,15:20:00,29.545,30.016,29.545,29.714,2119,0
2014-03-20,15:25:00,29.998,30.129,29.555,29.808,5828,0
2014-03-20,17:30:00,29.847,29.922,29.847,29.912,5828,0
2014-03-20,17:35:00,29.884,29.884,29.884,29.884,318,0
2014-03-20,18:45:00,29.799,29.799,29.799,29.799,107,0
2014-03-21,20:50:00,29.959,29.959,29.959,29.959,107,0
2014-03-24,14:55:00,30.507,30.507,30.507,30.507,236,0
2014-04-10,19:45:00,31.632,31.632,31.632,31.632,210,0
2014-04-10,19:50:00,31.526,31.555,31.526,31.555,631,0
2014-04-10,19:55:00,31.555,31.565,31.499,31.499,945,0
2014-04-10,20:05:00,31.499,31.499,31.499,31.499,420,0
2014-04-10,20:45:00,31.479,31.479,31.479,31.479,420,0
2014-04-11,16:05:00,31.431,31.431,31.431,31.431,1052,0
2014-04-11,16:45:00,31.479,31.479,31.479,31.479,342,0
2014-04-11,16:50:00,31.508,31.508,31.499,31.499,1052,0
2014-04-15,19:35:00,30.805,30.805,30.805,30.805,315,0
2014-04-16,19:45:00,31.318,31.318,31.289,31.289,1660,0
2014-04-16,19:50:00,31.338,31.338,31.338,31.338,599,0
2014-04-21,15:40:00,31.365,31.365,31.365,31.365,1052,0
2014-04-24,17:55:00,31.612,31.612,31.526,31.555,525,0
2014-04-24,18:00:00,31.499,31.575,31.499,31.575,736,0
2014-04-24,18:05:00,31.546,31.593,31.536,31.584,525,0
2014-04-25,21:25:00,31.393,31.393,31.393,31.393,210,0
2014-04-28,16:50:00,31.546,31.546,31.546,31.546,273,0
2014-04-28,16:55:00,31.536,31.546,31.536,31.546,847,0
2014-04-28,18:10:00,31.338,31.338,31.338,31.338,105,0
2014-04-28,19:15:00,31.338,31.338,31.338,31.338,727,0
2014-05-01,20:50:00,31.07,31.07,31.07,31.07,349,0
2014-05-12,16:30:00,31.706,31.706,31.706,31.706,210,0
2014-05-12,16:35:00,31.659,31.659,31.612,31.65,525,0
2014-05-12,16:40:00,31.65,31.65,31.632,31.632,315,0
2014-05-12,17:00:00,31.555,31.555,31.555,31.555,132,0
2014-05-12,21:20:00,31.555,31.65,31.555,31.65,631,0
2014-05-12,21:25:00,31.642,31.642,31.632,31.632,420,0
2014-05-14,16:35:00,31.879,31.879,31.575,31.575,525,0
2014-05-14,16:40:00,31.765,31.765,31.669,31.669,420,0
2014-05-14,21:00:00,31.716,31.716,31.659,31.659,315,0
2014-05-14,21:05:00,31.622,31.622,31.622,31.622,210,0
2014-05-19,18:05:00,31.07,31.07,31.07,31.07,210,0
2014-05-19,18:30:00,30.909,30.957,30.909,30.957,525,0
2014-05-19,18:35:00,30.975,30.975,30.975,30.975,210,0
2014-05-19,21:20:00,30.957,30.957,30.927,30.927,420,0
2014-05-23,17:05:00,30.909,30.909,30.909,30.909,315,0
2014-06-04,17:50:00,30.947,30.947,30.947,30.947,389,0
2014-06-05,21:45:00,31.157,31.194,31.157,31.194,1946,0
2014-06-05,21:50:00,31.164,31.203,31.164,31.203,1799,0
2014-06-06,16:30:00,31.375,31.375,31.375,31.375,105,0
2014-06-06,18:50:00,31.375,31.375,31.375,31.375,315,0
2014-06-06,18:55:00,31.308,31.308,31.289,31.289,420,0
2014-06-12,16:25:00,31.184,31.184,31.184,31.184,148,0
2014-06-19,19:50:00,31.659,31.659,31.479,31.555,1052,0
2014-06-19,19:55:00,31.612,31.612,31.565,31.565,1052,0
2014-06-20,16:45:00,31.536,31.536,31.469,31.479,315,0
2014-06-20,16:50:00,31.384,31.469,31.384,31.441,631,0
2014-06-20,16:55:00,31.431,31.431,31.431,31.431,210,0
2014-06-20,17:00:00,31.355,31.411,31.355,31.411,631,0
2014-06-20,17:05:00,31.451,31.451,31.431,31.431,736,0
2014-06-20,19:30:00,31.365,31.441,31.365,31.431,1367,0
2014-06-20,21:55:00,31.402,31.479,31.402,31.469,842,0
2014-06-20,22:00:00,31.451,31.451,31.384,31.411,1471,0
2014-06-25,21:45:00,31.473,31.473,31.473,31.473,733,0
2014-06-27,15:50:00,31.54,31.54,31.54,31.54,385,0
2014-07-01,20:45:00,31.798,31.798,31.798,31.798,314,0
2014-07-01,20:50:00,31.876,31.876,31.876,31.876,105,0
2014-07-01,21:20:00,31.721,31.721,31.721,31.721,335,0
2014-07-10,17:55:00,31.932,31.932,31.828,31.828,418,0
2014-07-10,18:00:00,31.798,31.798,31.798,31.798,105,0
2014-07-10,18:05:00,31.769,31.866,31.769,31.866,1256,0
2014-07-10,18:10:00,31.798,31.798,31.779,31.779,209,0
2014-07-10,18:20:00,31.789,31.798,31.789,31.798,941,0
2014-07-10,20:00:00,31.846,31.923,31.846,31.923,1464,0
2014-07-10,21:20:00,31.818,31.932,31.818,31.932,1673,0
2014-07-10,21:35:00,31.837,31.941,31.837,31.941,2094,0
2014-07-10,22:00:00,31.999,31.999,31.999,31.999,309,0
2014-07-11,16:30:00,31.999,31.999,31.999,31.999,105,0
2014-07-11,16:35:00,31.98,31.98,31.98,31.98,105,0
2014-07-11,17:00:00,31.876,31.98,31.876,31.96,2094,0
2014-07-11,18:00:00,31.893,31.893,31.876,31.893,1361,0
2014-07-11,18:05:00,31.903,31.903,31.903,31.903,105,0
2014-07-11,18:10:00,31.903,31.96,31.903,31.96,1151,0
2014-07-11,18:15:00,31.96,31.96,31.903,31.903,418,0
2014-07-11,19:10:00,32.018,32.018,32.009,32.009,733,0
2014-07-11,21:05:00,31.923,31.932,31.923,31.932,209,0
2014-07-11,21:55:00,32.028,32.028,32.028,32.028,105,0
2014-07-11,22:00:00,32.037,32.132,32.028,32.056,3662,0
2014-07-14,18:30:00,32.075,32.114,32.075,32.114,1464,0
2014-07-14,18:35:00,32.114,32.228,32.114,32.181,1883,0
2014-07-14,20:55:00,32.104,32.104,32.104,32.104,105,0
2014-07-14,21:10:00,32.094,32.191,32.094,32.181,1883,0
2014-07-14,22:00:00,32.114,32.124,32.114,32.124,314,0
2014-07-15,17:10:00,31.75,31.75,31.75,31.75,209,0
2014-07-15,17:20:00,31.769,31.798,31.769,31.798,1361,0
2014-07-15,17:25:00,31.932,31.932,31.923,31.923,1047,0
2014-07-15,18:35:00,31.779,31.876,31.779,31.837,2302,0
2014-07-15,19:15:00,31.789,31.885,31.789,31.866,1361,0
2014-07-15,20:20:00,31.828,31.846,31.828,31.846,523,0
2014-07-15,20:25:00,31.856,31.923,31.856,31.923,838,0
2014-07-15,20:35:00,31.837,31.837,31.837,31.837,105,0
2014-07-15,20:45:00,31.837,31.837,31.837,31.837,105,0
2014-07-15,20:50:00,31.846,31.932,31.846,31.923,1673,0
2014-07-15,21:30:00,31.846,31.846,31.846,31.846,105,0
2014-07-16,16:30:00,32.152,32.152,32.152,32.152,209,0
2014-07-16,18:50:00,32.114,32.114,32.104,32.114,941,0
2014-07-16,18:55:00,32.228,32.228,32.181,32.181,1151,0
2014-07-16,19:30:00,32.114,32.114,32.114,32.114,733,0
2014-07-16,19:40:00,32.219,32.219,32.209,32.209,733,0
2014-07-16,19:55:00,32.114,32.114,32.114,32.114,733,0
2014-07-16,20:05:00,32.228,32.228,32.219,32.219,733,0
2014-07-16,20:20:00,32.124,32.124,32.124,32.124,733,0
2014-07-16,20:25:00,32.219,32.219,32.199,32.199,733,0
2014-07-16,20:45:00,32.132,32.132,32.132,32.132,418,0
2014-07-16,20:50:00,32.219,32.219,32.219,32.219,418,0
2014-07-16,21:10:00,32.142,32.142,32.142,32.142,733,0
2014-07-16,21:15:00,32.237,32.237,32.228,32.228,733,0
2014-07-16,21:25:00,32.132,32.132,32.132,32.132,627,0
2014-07-16,21:35:00,32.237,32.237,32.237,32.237,627,0
2014-07-16,21:45:00,32.142,32.142,32.142,32.142,733,0
2014-07-16,21:50:00,32.247,32.247,32.247,32.247,627,0
2014-07-16,22:00:00,32.247,32.247,32.247,32.247,105,0
2014-07-17,17:00:00,32.266,32.276,32.266,32.276,209,0
2014-07-17,17:05:00,32.305,32.324,32.305,32.324,627,0
2014-07-17,17:20:00,32.333,32.333,32.333,32.333,105,0
2014-07-17,17:25:00,32.411,32.411,32.373,32.373,523,0
2014-07-17,17:30:00,32.363,32.363,32.353,32.353,209,0
2014-07-17,17:55:00,32.162,32.172,32.162,32.172,418,0
2014-07-17,18:05:00,32.343,32.343,32.295,32.295,523,0
2014-07-17,18:10:00,32.315,32.315,32.315,32.315,1724,0
2014-07-17,18:15:00,32.256,32.256,32.237,32.237,627,0
2014-07-17,18:30:00,32.172,32.172,32.172,32.172,105,0
2014-07-17,18:35:00,32.162,32.162,32.162,32.162,105,0
2014-07-17,18:40:00,32.191,32.191,32.191,32.191,105,0
2014-07-17,19:00:00,32.228,32.363,32.228,32.363,523,0
2014-07-17,19:05:00,32.363,32.363,32.363,32.363,418,0
2014-07-17,19:10:00,32.353,32.353,32.353,32.353,314,0
2014-07-17,19:15:00,32.237,32.247,32.237,32.247,838,0
2014-07-17,21:00:00,32.247,32.247,32.172,32.172,209,0
2014-07-18,17:15:00,32.305,32.305,32.305,32.305,209,0
2014-07-18,17:20:00,32.295,32.295,32.295,32.295,838,0
2014-07-18,17:25:00,32.305,32.333,32.305,32.333,1047,0
2014-07-18,20:45:00,32.496,32.496,32.496,32.496,106,0
2014-07-18,20:50:00,32.401,32.401,32.401,32.401,418,0
2014-07-18,21:00:00,32.411,32.429,32.411,32.429,418,0
2014-07-18,21:15:00,32.544,32.544,32.534,32.534,842,0
2014-07-18,21:35:00,32.373,32.42,32.373,32.42,209,0
2014-07-18,21:40:00,32.363,32.381,32.363,32.381,314,0
2014-07-18,22:00:00,32.381,32.381,32.381,32.381,105,0
2014-07-21,18:55:00,32.373,32.373,32.373,32.373,156,0
2014-07-21,19:20:00,32.353,32.353,32.353,32.353,418,0
2014-07-21,19:35:00,32.353,32.353,32.353,32.353,733,0
2014-07-21,19:45:00,32.486,32.496,32.486,32.486,627,0
2014-07-21,20:15:00,32.401,32.601,32.401,32.601,733,0
2014-07-21,20:25:00,32.611,32.611,32.591,32.591,1047,0
2014-07-21,20:45:00,32.429,32.429,32.429,32.429,105,0
2014-07-21,20:55:00,32.42,32.42,32.411,32.42,1047,0
2014-07-21,21:00:00,32.611,32.611,32.582,32.582,1151,0
2014-07-21,21:05:00,32.438,32.438,32.438,32.438,105,0
2014-07-21,21:15:00,32.448,32.476,32.448,32.476,941,0
2014-07-21,21:25:00,32.534,32.534,32.534,32.534,105,0
2014-07-21,21:40:00,32.563,32.572,32.554,32.554,733,0
2014-07-21,21:55:00,32.467,32.467,32.467,32.467,314,0
2014-07-22,17:30:00,32.707,32.707,32.707,32.707,838,0
2014-07-22,18:10:00,32.687,32.687,32.687,32.687,733,0
2014-07-22,18:15:00,32.83,32.83,32.83,32.83,105,0
2014-07-22,18:25:00,32.83,32.83,32.81,32.81,733,0
2014-07-22,18:40:00,32.668,32.668,32.668,32.668,627,0
2014-07-22,18:55:00,32.792,32.792,32.792,32.792,627,0
2014-07-22,19:10:00,32.707,32.707,32.707,32.707,105,0
2014-07-22,19:30:00,32.697,32.697,32.697,32.697,523,0
2014-07-22,20:25:00,32.917,32.917,32.917,32.917,105,0
2014-07-22,20:35:00,32.82,32.82,32.81,32.81,523,0
2014-07-22,21:00:00,32.697,32.707,32.697,32.707,838,0
2014-07-22,21:15:00,32.81,32.82,32.81,32.81,838,0
2014-07-22,21:40:00,32.726,32.726,32.716,32.726,1047,0
2014-07-22,21:55:00,32.81,32.81,32.802,32.802,1047,0
2014-07-23,16:00:00,32.993,32.993,32.993,32.993,941,0
2014-07-23,16:10:00,33.155,33.155,33.011,33.011,1361,0
2014-07-23,16:35:00,33.021,33.021,33.021,33.021,941,0
2014-07-23,16:55:00,33.165,33.165,33.155,33.155,733,0
2014-07-23,17:30:00,33.031,33.031,33.031,33.031,733,0
2014-07-23,17:40:00,33.174,33.174,33.165,33.165,838,0
2014-07-23,17:55:00,33.041,33.05,33.041,33.05,418,0
2014-07-23,18:00:00,33.069,33.069,33.059,33.069,627,0
2014-07-23,18:15:00,33.069,33.069,33.069,33.069,627,0
2014-07-23,18:30:00,33.174,33.174,33.174,33.174,627,0
2014-07-23,18:45:00,33.079,33.079,33.079,33.079,733,0
2014-07-23,19:00:00,33.165,33.165,33.155,33.155,733,0
2014-07-23,19:15:00,33.059,33.059,33.059,33.059,733,0
2014-07-23,19:30:00,33.155,33.165,33.155,33.155,733,0
2014-07-23,19:35:00,33.069,33.069,33.069,33.069,105,0
2014-07-23,19:50:00,33.079,33.155,33.069,33.155,838,0
2014-07-23,20:05:00,33.184,33.184,33.174,33.174,733,0
2014-07-23,20:25:00,33.108,33.108,33.099,33.108,941,0
2014-07-23,20:40:00,33.184,33.194,33.184,33.184,941,0
2014-07-23,20:50:00,33.099,33.108,33.099,33.108,209,0
2014-07-23,20:55:00,33.108,33.108,33.108,33.108,838,0
2014-07-23,21:20:00,33.108,33.108,33.108,33.108,105,0
2014-07-23,21:40:00,33.194,33.194,33.194,33.194,941,0
2014-07-23,21:55:00,33.117,33.117,33.117,33.117,838,0
2014-07-23,22:00:00,33.165,33.165,33.136,33.136,941,0
2014-07-24,16:05:00,32.611,32.782,32.611,32.782,209,0
2014-07-24,16:15:00,32.868,32.868,32.868,32.868,105,0
2014-07-24,16:40:00,32.868,32.878,32.868,32.878,941,0
2014-07-24,19:10:00,32.974,32.974,32.974,32.974,105,0
2014-07-24,19:30:00,32.955,32.955,32.946,32.946,838,0
2014-07-24,20:05:00,32.802,32.81,32.802,32.81,1047,0
2014-07-24,20:15:00,32.82,32.85,32.82,32.85,4081,0
2014-07-24,20:30:00,32.993,32.993,32.984,32.984,838,0
2014-07-24,20:40:00,32.81,32.82,32.81,32.82,627,0
2014-07-24,20:45:00,32.955,32.955,32.955,32.955,523,0
2014-07-24,20:50:00,32.83,32.83,32.83,32.83,105,0
2014-07-24,21:10:00,32.81,32.82,32.81,32.82,838,0
2014-07-24,21:25:00,32.964,32.964,32.946,32.946,838,0
2014-07-24,21:30:00,32.82,32.82,32.82,32.82,627,0
2014-07-24,21:40:00,32.964,32.964,32.84,32.84,627,0
2014-07-24,21:45:00,32.83,32.84,32.83,32.84,733,0
2014-07-24,21:55:00,32.984,32.984,32.984,32.984,627,0
2014-07-24,22:00:00,32.984,32.984,32.984,32.984,105,0
2014-07-25,16:50:00,32.936,32.936,32.936,32.936,209,0
2014-07-25,18:15:00,32.687,32.687,32.687,32.687,209,0
2014-07-25,18:35:00,32.736,32.736,32.726,32.736,1047,0
2014-07-25,18:45:00,32.81,32.81,32.802,32.802,523,0
2014-07-25,19:10:00,32.716,32.83,32.716,32.83,627,0
2014-07-25,19:25:00,32.859,32.859,32.84,32.84,627,0
2014-07-25,19:35:00,32.726,32.726,32.726,32.726,105,0
2014-07-25,21:10:00,32.716,32.716,32.716,32.716,523,0
2014-07-25,21:15:00,32.744,32.744,32.744,32.744,105,0
2014-07-25,21:35:00,32.82,32.82,32.81,32.81,523,0
2014-07-25,21:50:00,32.659,32.659,32.659,32.659,523,0
2014-07-25,21:55:00,32.792,32.792,32.792,32.792,314,0
2014-07-25,22:00:00,32.792,32.792,32.792,32.792,105,0
2014-07-28,16:10:00,32.726,32.726,32.726,32.726,838,0
2014-07-28,16:55:00,32.716,32.754,32.716,32.754,314,0
2014-07-28,18:00:00,32.782,32.792,32.782,32.792,314,0
2014-07-28,18:30:00,32.878,32.878,32.802,32.802,838,0
2014-07-28,18:45:00,32.782,32.782,32.782,32.782,105,0
2014-07-28,18:50:00,32.792,32.792,32.792,32.792,105,0
2014-07-28,19:10:00,32.782,32.782,32.782,32.782,105,0
2014-07-28,19:15:00,32.802,32.802,32.802,32.802,105,0
2014-07-28,19:20:00,32.792,32.81,32.792,32.81,209,0
2014-07-28,19:25:00,32.802,32.802,32.802,32.802,105,0
2014-07-28,19:45:00,32.85,32.85,32.85,32.85,105,0
2014-07-28,20:20:00,32.83,32.83,32.83,32.83,105,0
2014-07-28,22:00:00,32.83,32.83,32.83,32.83,105,0
2014-07-29,16:45:00,32.888,32.888,32.888,32.888,209,0
2014-07-29,18:05:00,32.754,32.772,32.754,32.772,314,0
2014-07-29,22:00:00,32.772,32.772,32.772,32.772,105,0
2014-07-30,21:00:00,32.85,32.85,32.85,32.85,418,0
2014-07-30,21:20:00,32.82,32.82,32.82,32.82,627,0
2014-07-30,21:35:00,32.955,32.955,32.926,32.926,733,0
2014-07-30,21:45:00,32.888,32.974,32.888,32.974,1151,0
2014-07-30,21:50:00,32.898,32.974,32.898,32.908,2197,0
2014-07-30,21:55:00,32.984,32.984,32.908,32.955,1883,0
2014-07-30,22:00:00,32.964,32.964,32.888,32.946,1883,0
2014-07-31,16:35:00,32.62,32.62,32.62,32.62,733,0
2014-07-31,16:40:00,32.697,32.697,32.697,32.697,733,0
2014-07-31,16:50:00,32.601,32.601,32.601,32.601,733,0
2014-07-31,16:55:00,32.687,32.687,32.687,32.687,733,0
2014-07-31,17:20:00,32.515,32.515,32.515,32.515,418,0
2014-07-31,17:30:00,32.611,32.611,32.611,32.611,523,0
2014-07-31,18:25:00,32.496,32.505,32.496,32.505,733,0
2014-07-31,18:30:00,32.563,32.563,32.563,32.563,838,0
2014-07-31,18:45:00,32.496,32.496,32.496,32.496,838,0
2014-07-31,18:50:00,32.572,32.572,32.572,32.572,941,0
2014-07-31,19:10:00,32.515,32.544,32.515,32.544,1151,0
2014-07-31,19:15:00,32.611,32.611,32.611,32.611,1151,0
2014-07-31,19:35:00,32.534,32.611,32.534,32.611,2302,0
2014-07-31,20:00:00,32.554,32.629,32.554,32.629,1987,0
2014-07-31,20:05:00,32.611,32.62,32.611,32.611,314,0
2014-07-31,20:20:00,32.572,32.572,32.563,32.572,7011,0
2014-07-31,20:40:00,32.678,32.678,32.639,32.639,1673,0
2014-07-31,20:45:00,32.639,32.639,32.563,32.563,1047,0
2014-07-31,20:50:00,32.505,32.505,32.505,32.505,209,0
2014-07-31,20:55:00,32.496,32.496,32.496,32.496,3139,0
2014-07-31,21:00:00,32.467,32.467,32.401,32.401,523,0
2014-07-31,21:05:00,32.381,32.411,32.373,32.411,2302,0
2014-07-31,21:10:00,32.373,32.373,32.373,32.373,1151,0
2014-07-31,21:45:00,32.333,32.343,32.333,32.343,838,0
2014-07-31,21:55:00,32.381,32.381,32.381,32.381,105,0
2014-07-31,22:00:00,32.373,32.373,32.343,32.343,627,0
2014-08-01,16:10:00,32.315,32.315,32.266,32.266,733,0
2014-08-01,16:45:00,32.181,32.181,32.181,32.181,314,0
2014-08-01,17:05:00,32.152,32.152,32.152,32.152,209,0
2014-08-01,17:10:00,32.256,32.256,32.256,32.256,209,0
2014-08-01,17:20:00,32.114,32.114,32.114,32.114,627,0
2014-08-01,18:05:00,32.066,32.066,32.056,32.066,8998,0
2014-08-01,18:10:00,32.075,32.075,32.075,32.075,105,0
2014-08-01,18:20:00,32.047,32.047,32.018,32.018,523,0
2014-08-01,18:25:00,31.989,31.989,31.989,31.989,209,0
2014-08-01,18:30:00,31.999,31.999,31.999,31.999,627,0
2014-08-01,18:35:00,31.98,32.066,31.98,32.066,941,0
2014-08-01,19:10:00,31.932,31.932,31.932,31.932,418,0
2014-08-05,17:10:00,32.037,32.037,32.037,32.037,418,0
2014-08-08,18:55:00,31.483,31.502,31.483,31.502,209,0
2014-08-12,18:40:00,31.97,31.97,31.97,31.97,209,0
2014-08-13,15:40:00,32.401,32.401,32.401,32.401,523,0
2014-08-13,15:55:00,32.094,32.094,32.094,32.094,627,0
2014-08-13,16:00:00,32.114,32.132,32.114,32.132,418,0
2014-08-13,16:05:00,32.114,32.114,32.114,32.114,105,0
2014-08-14,20:45:00,32.276,32.285,32.276,32.285,314,0
2014-08-15,16:45:00,32.324,32.324,32.315,32.315,209,0
2014-08-18,21:05:00,32.563,32.563,32.563,32.563,523,0
2014-08-18,21:10:00,32.582,32.591,32.582,32.591,1987,0
2014-08-18,21:15:00,32.639,32.639,32.62,32.62,1883,0
2014-08-18,21:20:00,32.611,32.611,32.582,32.582,1256,0
2014-08-18,21:25:00,32.601,32.601,32.601,32.601,523,0
2014-08-18,21:30:00,32.601,32.639,32.601,32.639,733,0
2014-08-18,21:35:00,32.62,32.62,32.62,32.62,1673,0
2014-08-18,21:40:00,32.629,32.629,32.601,32.601,1256,0
2014-08-19,18:50:00,33.099,33.099,33.099,33.099,105,0
2014-08-19,20:45:00,32.917,32.917,32.917,32.917,418,0
2014-08-19,20:50:00,32.917,32.926,32.908,32.908,1151,0
2014-08-19,20:55:00,32.974,32.984,32.974,32.984,1047,0
2014-08-19,21:05:00,32.964,32.964,32.955,32.955,418,0
2014-08-19,21:10:00,32.917,32.926,32.917,32.926,8370,0
2014-08-19,21:20:00,32.946,32.946,32.946,32.946,523,0
2014-08-19,21:25:00,32.926,32.926,32.908,32.908,3348,0
2014-08-19,21:30:00,32.898,32.898,32.898,32.898,314,0
2014-08-20,19:00:00,33.059,33.059,33.059,33.059,733,0
2014-08-21,15:35:00,32.974,32.974,32.974,32.974,105,0
2014-08-26,18:30:00,33.108,33.108,33.108,33.108,523,0
2014-08-26,18:35:00,33.194,33.194,33.194,33.194,314,0
2014-08-26,18:40:00,33.155,33.155,33.155,33.155,418,0
2014-08-26,19:20:00,33.099,33.099,33.099,33.099,418,0
2014-08-26,19:25:00,33.108,33.108,33.108,33.108,523,0
2014-08-26,19:35:00,33.174,33.174,33.174,33.174,941,0
2014-08-26,20:05:00,33.069,33.146,33.069,33.146,1570,0
2014-08-26,20:10:00,33.127,33.127,33.127,33.127,105,0
2014-08-26,20:25:00,33.069,33.069,33.069,33.069,627,0
2014-08-26,20:30:00,33.174,33.174,33.155,33.155,1047,0
2014-08-26,20:40:00,33.089,33.089,33.089,33.089,1047,0
2014-08-26,20:45:00,33.203,33.203,33.174,33.174,1987,0
2014-08-26,20:55:00,33.069,33.069,33.069,33.069,314,0
2014-08-26,21:00:00,33.108,33.194,33.108,33.194,2094,0
2014-08-26,21:20:00,33.089,33.108,33.089,33.108,418,0
2014-08-26,22:00:00,33.213,33.261,33.079,33.232,5755,0
2014-08-27,18:35:00,33.327,33.433,33.327,33.433,1047,0
2014-08-27,18:50:00,33.327,33.327,33.327,33.327,627,0
2014-08-27,18:55:00,33.414,33.433,33.261,33.261,733,0
2014-08-27,19:25:00,33.355,33.414,33.355,33.414,627,0
2014-08-27,19:50:00,33.375,33.394,33.375,33.394,1151,0
2014-08-27,19:55:00,33.394,33.394,33.394,33.394,209,0
2014-08-27,20:10:00,33.394,33.394,33.385,33.394,418,0
2014-08-27,20:30:00,33.355,33.355,33.355,33.355,523,0
2014-08-27,20:35:00,33.355,33.355,33.327,33.327,1047,0
2014-08-27,20:40:00,33.327,33.327,33.327,33.327,105,0
2014-08-28,16:05:00,32.888,32.888,32.888,32.888,105,0
2014-08-28,16:50:00,33.108,33.203,33.108,33.203,1570,0
2014-08-28,17:20:00,33.155,33.232,33.155,33.232,1047,0
2014-08-28,17:40:00,33.194,33.194,33.194,33.194,2197,0
2014-08-28,17:50:00,33.242,33.242,33.232,33.232,209,0
2014-08-28,17:55:00,33.174,33.174,33.174,33.174,627,0
2014-08-28,18:05:00,33.165,33.165,33.165,33.165,314,0
2014-08-28,19:10:00,33.174,33.174,33.165,33.174,712,0
2014-08-28,20:10:00,33.136,33.136,33.136,33.136,418,0
2014-08-28,20:15:00,33.127,33.127,33.117,33.117,1151,0
2014-08-29,21:15:00,33.307,33.317,33.298,33.317,1151,0
2014-08-29,21:20:00,33.375,33.375,33.307,33.307,314,0
2014-08-29,21:25:00,33.298,33.307,33.281,33.281,941,0
2014-08-29,21:30:00,33.281,33.281,33.281,33.281,314,0
2014-09-03,16:00:00,33.681,33.681,33.681,33.681,600,0
2014-09-03,16:20:00,33.719,33.719,33.719,33.719,209,0
2014-09-04,16:25:00,33.624,33.624,33.624,33.624,649,0
2014-09-04,21:30:00,33.433,33.433,33.433,33.433,1361,0
2014-09-05,20:05:00,33.442,33.442,33.442,33.442,1570,0
2014-09-08,19:40:00,32.964,32.964,32.964,32.964,209,0
2014-09-08,22:00:00,32.964,32.964,32.964,32.964,0,0
2014-09-11,19:40:00,32.114,32.114,32.075,32.114,2094,0
2014-09-16,20:20:00,31.741,31.798,31.741,31.779,941,0
2014-09-16,20:25:00,31.76,31.779,31.741,31.779,418,0
2014-09-16,20:35:00,31.731,31.731,31.731,31.731,209,0
2014-09-16,21:35:00,31.789,31.789,31.789,31.789,105,0
2014-09-18,19:45:00,31.215,31.215,31.215,31.215,523,0
2014-09-19,19:25:00,30.88,30.88,30.88,30.88,418,0
2014-09-19,19:40:00,30.919,30.919,30.9,30.9,315,0
2014-09-19,19:45:00,30.91,30.976,30.91,30.968,736,0
2014-09-19,19:50:00,30.958,30.958,30.948,30.948,210,0
2014-09-22,17:35:00,30.565,30.565,30.556,30.556,210,0
2014-09-22,17:40:00,30.556,30.556,30.556,30.556,210,0
2014-09-22,18:15:00,30.604,30.604,30.604,30.604,105,0
2014-09-22,18:20:00,30.594,30.594,30.518,30.528,945,0
2014-09-22,18:25:00,30.604,30.604,30.575,30.584,1051,0
2014-09-22,18:30:00,30.631,30.631,30.631,30.631,105,0
2014-09-22,21:45:00,30.537,30.537,30.537,30.537,420,0
2014-09-22,22:00:00,30.679,30.679,30.679,30.679,105,0
2014-09-25,20:45:00,30.139,30.139,30.099,30.099,295,0
2014-09-26,17:20:00,30.051,30.051,30.051,30.051,149,0
2014-09-26,18:30:00,29.945,29.945,29.945,29.945,412,0
2014-09-26,18:35:00,29.974,29.974,29.974,29.974,309,0
2014-09-29,20:50:00,29.575,29.575,29.565,29.565,597,0
2014-10-01,15:55:00,29.527,29.527,29.527,29.527,926,0
2014-10-01,16:00:00,29.469,29.469,29.469,29.469,515,0
2014-10-01,19:20:00,29.575,29.575,29.575,29.575,103,0
2014-10-01,19:25:00,29.565,29.565,29.537,29.537,649,0
2014-10-01,19:30:00,29.575,29.605,29.575,29.595,926,0
2014-10-07,16:20:00,29.517,29.517,29.517,29.517,144,0
2014-10-08,15:45:00,29.353,29.353,29.353,29.353,617,0
2014-10-08,15:55:00,29.391,29.391,29.391,29.391,103,0
2014-10-08,16:00:00,29.363,29.363,29.343,29.343,412,0
2014-10-08,16:05:00,29.381,29.401,29.381,29.391,515,0
2014-10-08,19:30:00,29.363,29.363,29.363,29.363,309,0
2014-10-08,20:05:00,29.363,29.363,29.363,29.363,103,0
2014-10-08,20:10:00,29.363,29.363,29.363,29.363,420,0
2014-10-10,16:50:00,28.721,28.731,28.721,28.721,5767,0
2014-10-14,21:05:00,29.071,29.071,29.071,29.071,155,0
2014-10-20,20:35:00,29.605,29.605,29.605,29.605,309,0
2014-10-20,22:00:00,29.693,29.693,29.693,29.693,103,0
2014-10-24,15:35:00,30.401,30.401,30.401,30.401,309,0
2014-10-24,16:00:00,30.362,30.362,30.362,30.362,103,0
2014-10-24,19:35:00,30.362,30.362,30.362,30.362,103,0
2014-10-24,21:55:00,30.352,30.352,30.352,30.352,103,0
2014-11-13,16:25:00,30.547,30.547,30.547,30.547,617,0
2014-11-14,20:50:00,30.615,30.615,30.615,30.615,229,0
2014-11-18,19:35:00,30.488,30.488,30.488,30.488,206,0
2014-11-25,18:25:00,29.235,29.235,29.235,29.235,104,0
2014-12-23,17:35:00,28.763,28.763,28.753,28.763,2943,0
2014-12-23,19:00:00,28.852,28.852,28.852,28.852,1817,0
2014-12-23,20:25:00,28.663,28.663,28.663,28.663,1110,0
2014-12-24,16:00:00,28.773,28.773,28.773,28.773,605,0
2014-12-26,16:40:00,28.713,28.713,28.713,28.713,757,0
2014-12-31,20:40:00,28.833,28.912,28.833,28.872,6678,0
2015-01-05,19:10:00,28.655,28.655,28.655,28.655,505,0
2015-01-06,15:35:00,28.625,28.625,28.625,28.625,2018,0
2015-01-12,15:45:00,29.18,29.18,29.18,29.18,403,0
2015-01-12,17:50:00,29.05,29.05,29.05,29.05,303,0
2015-01-12,20:35:00,29.08,29.08,29.08,29.08,202,0
2015-01-15,16:15:00,28.783,28.783,28.783,28.783,202,0
2015-01-16,20:50:00,28.912,28.912,28.912,28.912,222,0
2015-01-16,21:20:00,28.932,28.932,28.932,28.932,101,0
2015-01-27,16:05:00,28.357,28.357,28.357,28.357,192,0
2015-01-30,21:15:00,28.426,28.426,28.426,28.426,101,0
2015-02-11,20:10:00,29.08,29.08,29.08,29.08,101,0
2015-02-23,21:40:00,30.596,30.596,30.596,30.596,707,0
2015-02-24,20:55:00,30.715,30.715,30.715,30.715,212,0
2015-02-25,18:25:00,31.062,31.062,31.062,31.062,1188,0
2015-02-27,15:55:00,30.765,30.765,30.765,30.765,605,0
2015-02-27,16:35:00,30.963,30.963,30.963,30.963,197,0
2015-03-03,16:40:00,31.121,31.121,31.121,31.121,232,0
2015-03-03,21:30:00,31.102,31.102,31.102,31.102,126,0
2015-03-05,17:30:00,30.901,30.901,30.901,30.901,323,0
2015-03-10,16:30:00,29.823,29.823,29.773,29.773,1010,0
2015-03-17,18:30:00,29.739,29.739,29.739,29.739,101,0
2015-03-17,19:30:00,29.763,29.763,29.763,29.763,101,0
2015-03-17,19:35:00,29.763,29.763,29.763,29.763,101,0
2015-03-17,19:55:00,29.813,29.813,29.813,29.813,337,0
2015-03-19,14:35:00,30.09,30.09,30.09,30.09,202,0
2015-03-27,15:05:00,30.58,30.58,30.58,30.58,387,0
2015-04-16,17:10:00,31.305,31.305,31.305,31.305,100,0
2015-04-24,15:35:00,31.484,31.484,31.484,31.484,321,0
2015-04-24,16:45:00,31.524,31.524,31.524,31.524,100,0
2015-04-27,18:45:00,32.271,32.271,32.271,32.271,201,0
2015-04-29,20:15:00,31.558,31.558,31.558,31.558,602,0
2015-04-29,20:20:00,31.494,31.494,31.494,31.494,100,0
2015-04-29,20:30:00,31.55,31.604,31.54,31.604,444,0
2015-04-29,20:35:00,31.613,31.613,31.613,31.613,201,0
2015-04-29,20:40:00,31.596,31.663,31.594,31.663,602,0
2015-05-01,17:50:00,31.285,31.285,31.285,31.285,502,0
2015-05-01,18:00:00,31.212,31.212,31.212,31.212,317,0
2015-05-01,19:20:00,31.078,31.078,31.078,31.078,301,0
2015-05-04,21:55:00,31.534,31.534,31.534,31.534,151,0
2015-05-06,20:30:00,31.424,31.424,31.424,31.424,100,0
2015-05-06,20:35:00,31.424,31.424,31.424,31.424,100,0
2015-05-06,20:40:00,31.424,31.424,31.424,31.424,100,0
2015-05-06,20:45:00,31.394,31.394,31.394,31.394,100,0
2015-05-06,20:50:00,31.364,31.364,31.364,31.364,100,0
2015-05-06,20:55:00,31.364,31.364,31.364,31.364,100,0
2015-05-07,20:20:00,30.986,30.996,30.986,30.996,401,0
2015-05-07,20:25:00,31.016,31.016,30.966,31.006,401,0
2015-05-07,20:30:00,30.986,30.996,30.956,30.996,401,0
2015-05-07,20:35:00,31.026,31.026,30.966,30.966,401,0
2015-05-07,20:40:00,31.026,31.026,31.016,31.016,201,0
2015-05-07,20:45:00,31.026,31.026,30.986,30.986,201,0
2015-05-13,17:05:00,31.982,31.982,31.893,31.893,201,0
2015-05-13,18:30:00,31.923,31.923,31.923,31.923,201,0
2015-05-27,18:55:00,31.305,31.305,31.305,31.305,221,0
2015-06-01,15:35:00,31.833,31.833,31.833,31.833,161,0
2015-06-02,21:25:00,30.916,30.916,30.817,30.817,4231,0
2015-06-10,19:50:00,30.229,30.229,30.229,30.229,803,0
2015-06-19,18:50:00,30.586,30.586,30.49,30.573,2029,0
2015-06-19,19:05:00,30.586,30.586,30.584,30.584,803,0
2015-06-19,22:00:00,30.574,30.577,30.473,30.563,1104,0
2015-06-22,19:55:00,30.535,30.535,30.535,30.535,151,0
2015-06-26,18:25:00,29.53,29.53,29.53,29.53,564,0
2015-06-29,15:50:00,29.17,29.17,29.17,29.17,100,0
2015-06-29,16:10:00,29.2,29.2,29.2,29.2,100,0
2015-06-29,16:40:00,29.12,29.12,29.12,29.12,100,0
2015-06-29,17:10:00,29.12,29.12,29.12,29.12,100,0
2015-06-29,17:45:00,29.12,29.12,29.12,29.12,100,0
2015-06-29,18:25:00,29.12,29.12,29.12,29.12,100,0
2015-06-29,19:15:00,29.12,29.12,29.12,29.12,100,0
2015-06-29,20:05:00,29.16,29.16,29.16,29.16,100,0
2015-06-29,20:45:00,29.14,29.14,29.14,29.14,100,0
2015-06-29,21:20:00,29.07,29.07,29.07,29.07,100,0
2015-06-29,21:45:00,29.02,29.02,29.02,29.02,100,0
2015-07-02,21:55:00,29.57,29.57,29.57,29.57,100,0
2015-07-07,17:45:00,28.1756,28.1852,28.1756,28.1852,767,0
2015-07-08,19:05:00,28.0411,28.0411,28.0411,28.0411,650,0
2015-07-08,21:20:00,27.9301,27.938,27.9301,27.938,200,0
2015-07-08,21:30:00,28.05,28.05,28.05,28.05,113,0
2015-07-08,22:00:00,27.9213,27.9213,27.9213,27.9213,150,0
2015-07-09,15:35:00,28.33,28.33,28.33,28.33,110,0
2015-07-16,16:20:00,29.4299,29.4299,29.4299,29.4299,100,0
2015-07-27,15:35:00,28.23,28.23,28.23,28.23,585,0
2015-07-28,18:20:00,28.55,28.58,28.55,28.58,200,0
2015-07-30,20:50:00,28.61,28.61,28.61,28.61,1000,0
2015-07-31,22:00:00,28.78,28.78,28.78,28.78,238,0
2015-08-03,16:00:00,28.7,28.7,28.7,28.7,100,0
2015-08-06,17:50:00,28.66,28.66,28.66,28.66,600,0
