Date,Time,Open,High,Low,Close,Volume,OpenInt
2015-07-23,15:35:00,42.63,42.68,42.595,42.61,341333,0
2015-07-23,15:40:00,42.61,42.67,42.545,42.58,440180,0
2015-07-23,15:45:00,42.57,42.57,42.48,42.51,199473,0
2015-07-23,15:50:00,42.51,42.53,42.49,42.525,65509,0
2015-07-23,15:55:00,42.52,42.54,42.48,42.53,180796,0
2015-07-23,16:00:00,42.53,42.55,42.5,42.525,106888,0
2015-07-23,16:05:00,42.53,42.58,42.51,42.56,138999,0
2015-07-23,16:10:00,42.55,42.6,42.5497,42.59,205761,0
2015-07-23,16:15:00,42.59,42.625,42.59,42.61,67631,0
2015-07-23,16:20:00,42.605,42.62,42.585,42.61,64049,0
2015-07-23,16:25:00,42.61,42.625,42.5929,42.6001,79095,0
2015-07-23,16:30:00,42.6,42.62,42.59,42.61,21322,0
2015-07-23,16:35:00,42.61,42.62,42.6,42.61,32623,0
2015-07-23,16:40:00,42.61,42.61,42.58,42.59,96948,0
2015-07-23,16:45:00,42.59,42.63,42.54,42.55,295274,0
2015-07-23,16:50:00,42.55,42.57,42.54,42.55,290227,0
2015-07-23,16:55:00,42.55,42.59,42.545,42.57,72671,0
2015-07-23,17:00:00,42.57,42.58,42.56,42.565,53356,0
2015-07-23,17:05:00,42.565,42.565,42.53,42.56,47048,0
2015-07-23,17:10:00,42.555,42.57,42.545,42.5514,43341,0
2015-07-23,17:15:00,42.55,42.56,42.51,42.525,45087,0
2015-07-23,17:20:00,42.525,42.53,42.49,42.5,44014,0
2015-07-23,17:25:00,42.49,42.54,42.49,42.535,48931,0
2015-07-23,17:30:00,42.53,42.53,42.495,42.53,90219,0
2015-07-23,17:35:00,42.5206,42.53,42.5,42.51,56838,0
2015-07-23,17:40:00,42.515,42.53,42.5,42.52,145387,0
2015-07-23,17:45:00,42.51,42.515,42.49,42.51,71374,0
2015-07-23,17:50:00,42.51,42.53,42.48,42.53,248422,0
2015-07-23,17:55:00,42.52,42.53,42.48,42.49,209468,0
2015-07-23,18:00:00,42.49,42.5,42.46,42.4768,211013,0
2015-07-23,18:05:00,42.47,42.5,42.43,42.44,197407,0
2015-07-23,18:10:00,42.45,42.45,42.415,42.445,54079,0
2015-07-23,18:15:00,42.44,42.4549,42.38,42.41,86328,0
2015-07-23,18:20:00,42.411,42.411,42.355,42.3799,210401,0
2015-07-23,18:25:00,42.37,42.39,42.35,42.38,92686,0
2015-07-23,18:30:00,42.3732,42.39,42.37,42.375,302527,0
2015-07-23,18:35:00,42.37,42.38,42.34,42.34,177145,0
2015-07-23,18:40:00,42.34,42.39,42.33,42.3835,211614,0
2015-07-23,18:45:00,42.39,42.42,42.38,42.39,134803,0
2015-07-23,18:50:00,42.39,42.39,42.34,42.3401,152537,0
2015-07-23,18:55:00,42.34,42.35,42.31,42.31,199474,0
2015-07-23,19:00:00,42.31,42.35,42.29,42.33,128752,0
2015-07-23,19:05:00,42.34,42.35,42.3314,42.35,30959,0
2015-07-23,19:10:00,42.35,42.38,42.34,42.38,36275,0
2015-07-23,19:15:00,42.38,42.38,42.345,42.36,50995,0
2015-07-23,19:20:00,42.36,42.39,42.36,42.38,51378,0
2015-07-23,19:25:00,42.3799,42.38,42.36,42.37,44496,0
2015-07-23,19:30:00,42.36,42.37,42.34,42.359,86507,0
2015-07-23,19:35:00,42.359,42.375,42.34,42.34,36243,0
2015-07-23,19:40:00,42.34,42.342,42.31,42.315,107608,0
2015-07-23,19:45:00,42.32,42.34,42.311,42.335,113483,0
2015-07-23,19:50:00,42.33,42.415,42.33,42.41,198376,0
2015-07-23,19:55:00,42.415,42.44,42.38,42.435,137192,0
2015-07-23,20:00:00,42.44,42.46,42.435,42.44,22678,0
2015-07-23,20:05:00,42.44,42.44,42.4099,42.42,55415,0
2015-07-23,20:10:00,42.41,42.42,42.38,42.385,20297,0
2015-07-23,20:15:00,42.385,42.395,42.37,42.38,24189,0
2015-07-23,20:20:00,42.38,42.41,42.38,42.41,26511,0
2015-07-23,20:25:00,42.405,42.41,42.38,42.4,95167,0
2015-07-23,20:30:00,42.4,42.405,42.385,42.405,82664,0
2015-07-23,20:35:00,42.41,42.41,42.39,42.4,72307,0
2015-07-23,20:40:00,42.405,42.41,42.39,42.406,44887,0
2015-07-23,20:45:00,42.405,42.41,42.39,42.4,17256,0
2015-07-23,20:50:00,42.395,42.3994,42.38,42.38,58630,0
2015-07-23,20:55:00,42.39,42.39,42.33,42.33,229239,0
2015-07-23,21:00:00,42.33,42.35,42.311,42.335,143298,0
2015-07-23,21:05:00,42.33,42.335,42.29,42.31,133046,0
2015-07-23,21:10:00,42.31,42.34,42.3,42.325,135996,0
2015-07-23,21:15:00,42.32,42.33,42.25,42.27,330547,0
2015-07-23,21:20:00,42.27,42.28,42.26,42.275,82512,0
2015-07-23,21:25:00,42.28,42.3,42.26,42.28,129363,0
2015-07-23,21:30:00,42.29,42.32,42.265,42.315,102748,0
2015-07-23,21:35:00,42.315,42.315,42.26,42.26,191939,0
2015-07-23,21:40:00,42.26,42.29,42.2301,42.27,275869,0
2015-07-23,21:45:00,42.275,42.3,42.25,42.25,237345,0
2015-07-23,21:50:00,42.25,42.29,42.24,42.29,220178,0
2015-07-23,21:55:00,42.28,42.31,42.27,42.31,360142,0
2015-07-23,22:00:00,42.31,42.33,42.28,42.3,2452510,0
2015-07-24,15:35:00,42.15,42.17,42.05,42.11,351527,0
2015-07-24,15:40:00,42.11,42.11,42.035,42.07,501556,0
2015-07-24,15:45:00,42.07,42.07,41.98,41.995,230479,0
2015-07-24,15:50:00,42,42.04,41.98,42.02,299113,0
2015-07-24,15:55:00,42.01,42.05,42.01,42.05,107302,0
2015-07-24,16:00:00,42.05,42.09,42.05,42.055,102895,0
2015-07-24,16:05:00,42.05,42.05,41.99,42.005,232393,0
2015-07-24,16:10:00,42.0001,42.04,42,42.04,183976,0
2015-07-24,16:15:00,42.03,42.04,42.01,42.0301,263503,0
2015-07-24,16:20:00,42.035,42.04,41.99,41.99,427795,0
2015-07-24,16:25:00,41.99,41.9901,41.94,41.95,400366,0
2015-07-24,16:30:00,41.94,41.97,41.93,41.95,342456,0
2015-07-24,16:35:00,41.95,41.95,41.91,41.92,136291,0
2015-07-24,16:40:00,41.92,41.98,41.92,41.97,325731,0
2015-07-24,16:45:00,41.98,41.985,41.96,41.97,266804,0
2015-07-24,16:50:00,41.97,41.97,41.92,41.94,152133,0
2015-07-24,16:55:00,41.9432,41.95,41.94,41.945,45744,0
2015-07-24,17:00:00,41.935,41.94,41.86,41.86,148371,0
2015-07-24,17:05:00,41.86,41.88,41.83,41.88,331395,0
2015-07-24,17:10:00,41.88,41.9,41.88,41.88,84039,0
2015-07-24,17:15:00,41.88,41.89,41.85,41.85,257332,0
2015-07-24,17:20:00,41.84,41.925,41.84,41.921,222656,0
2015-07-24,17:25:00,41.925,41.96,41.89,41.95,120373,0
2015-07-24,17:30:00,41.95,41.98,41.92,41.92,171816,0
2015-07-24,17:35:00,41.925,41.96,41.91,41.93,201373,0
2015-07-24,17:40:00,41.93,41.94,41.87,41.88,526158,0
2015-07-24,17:45:00,41.875,41.89,41.83,41.835,627321,0
2015-07-24,17:50:00,41.84,41.85,41.82,41.8249,99666,0
2015-07-24,17:55:00,41.83,41.83,41.78,41.78,133394,0
2015-07-24,18:00:00,41.785,41.79,41.76,41.78,202524,0
2015-07-24,18:05:00,41.775,41.79,41.76,41.765,94160,0
2015-07-24,18:10:00,41.76,41.77,41.71,41.75,315334,0
2015-07-24,18:15:00,41.75,41.75,41.72,41.725,44831,0
2015-07-24,18:20:00,41.725,41.725,41.69,41.72,172725,0
2015-07-24,18:25:00,41.715,41.74,41.71,41.74,78840,0
2015-07-24,18:30:00,41.74,41.78,41.73,41.75,220470,0
2015-07-24,18:35:00,41.7501,41.77,41.73,41.75,78935,0
2015-07-24,18:40:00,41.76,41.76,41.71,41.71,117316,0
2015-07-24,18:45:00,41.71,41.725,41.7,41.725,39708,0
2015-07-24,18:50:00,41.73,41.73,41.69,41.72,93863,0
2015-07-24,18:55:00,41.719,41.72,41.68,41.69,91501,0
2015-07-24,19:00:00,41.682,41.7,41.67,41.68,117710,0
2015-07-24,19:05:00,41.69,41.725,41.68,41.715,49570,0
2015-07-24,19:10:00,41.715,41.715,41.65,41.675,120435,0
2015-07-24,19:15:00,41.68,41.68,41.64,41.65,78288,0
2015-07-24,19:20:00,41.64,41.65,41.61,41.62,223777,0
2015-07-24,19:25:00,41.62,41.62,41.57,41.615,422329,0
2015-07-24,19:30:00,41.615,41.65,41.61,41.64,296721,0
2015-07-24,19:35:00,41.64,41.675,41.63,41.67,98003,0
2015-07-24,19:40:00,41.675,41.68,41.65,41.665,194528,0
2015-07-24,19:45:00,41.67,41.67,41.61,41.61,173245,0
2015-07-24,19:50:00,41.61,41.635,41.57,41.63,252913,0
2015-07-24,19:55:00,41.64,41.7,41.63,41.675,205575,0
2015-07-24,20:00:00,41.67,41.69,41.64,41.665,191785,0
2015-07-24,20:05:00,41.66,41.67,41.6,41.63,171583,0
2015-07-24,20:10:00,41.63,41.65,41.58,41.58,126739,0
2015-07-24,20:15:00,41.58,41.61,41.57,41.57,137506,0
2015-07-24,20:20:00,41.57,41.58,41.54,41.58,143259,0
2015-07-24,20:25:00,41.575,41.58,41.54,41.55,124645,0
2015-07-24,20:30:00,41.56,41.58,41.54,41.57,131055,0
2015-07-24,20:35:00,41.575,41.58,41.54,41.545,103115,0
2015-07-24,20:40:00,41.54,41.55,41.51,41.52,120228,0
2015-07-24,20:45:00,41.52,41.53,41.51,41.515,90019,0
2015-07-24,20:50:00,41.51,41.53,41.505,41.51,122034,0
2015-07-24,20:55:00,41.505,41.51,41.47,41.485,226460,0
2015-07-24,21:00:00,41.49,41.575,41.48,41.57,188244,0
2015-07-24,21:05:00,41.58,41.64,41.55,41.64,221750,0
2015-07-24,21:10:00,41.64,41.675,41.63,41.65,191859,0
2015-07-24,21:15:00,41.65,41.67,41.64,41.65,129727,0
2015-07-24,21:20:00,41.65,41.66,41.63,41.65,254376,0
2015-07-24,21:25:00,41.655,41.67,41.62,41.62,255457,0
2015-07-24,21:30:00,41.62,41.65,41.6,41.6,239609,0
2015-07-24,21:35:00,41.61,41.65,41.6,41.64,293491,0
2015-07-24,21:40:00,41.65,41.65,41.62,41.64,327397,0
2015-07-24,21:45:00,41.635,41.66,41.61,41.66,427136,0
2015-07-24,21:50:00,41.655,41.71,41.64,41.655,500478,0
2015-07-24,21:55:00,41.66,41.75,41.65,41.74,777090,0
2015-07-24,22:00:00,41.745,41.76,41.73,41.731,1883393,0
2015-07-27,15:35:00,40.04,40.06,39.82,39.89,2062840,0
2015-07-27,15:40:00,39.88,39.9,39.79,39.89,884761,0
2015-07-27,15:45:00,39.9,39.98,39.89,39.96,819212,0
2015-07-27,15:50:00,39.95,40.13,39.94,40.12,1314628,0
2015-07-27,15:55:00,40.129,40.26,40.11,40.26,665301,0
2015-07-27,16:00:00,40.2562,40.27,40.21,40.225,662233,0
2015-07-27,16:05:00,40.22,40.2399,40.095,40.1101,466327,0
2015-07-27,16:10:00,40.12,40.12,39.98,40.04,1088628,0
2015-07-27,16:15:00,40.03,40.16,40.03,40.15,486370,0
2015-07-27,16:20:00,40.15,40.17,40.07,40.17,837116,0
2015-07-27,16:25:00,40.17,40.2,40.15,40.16,757387,0
2015-07-27,16:30:00,40.16,40.17,40.11,40.1599,276275,0
2015-07-27,16:35:00,40.15,40.3,40.15,40.23,458234,0
2015-07-27,16:40:00,40.23,40.33,40.2,40.325,508626,0
2015-07-27,16:45:00,40.33,40.385,40.305,40.31,677944,0
2015-07-27,16:50:00,40.31,40.365,40.25,40.265,369289,0
2015-07-27,16:55:00,40.265,40.33,40.24,40.26,410976,0
2015-07-27,17:00:00,40.26,40.34,40.22,40.325,423159,0
2015-07-27,17:05:00,40.33,40.35,40.26,40.34,391640,0
2015-07-27,17:10:00,40.345,40.44,40.33,40.435,837035,0
2015-07-27,17:15:00,40.435,40.47,40.39,40.41,821886,0
2015-07-27,17:20:00,40.41,40.455,40.3,40.385,1019089,0
2015-07-27,17:25:00,40.385,40.425,40.325,40.41,451597,0
2015-07-27,17:30:00,40.41,40.46,40.39,40.4,425886,0
2015-07-27,17:35:00,40.39,40.425,40.37,40.372,156556,0
2015-07-27,17:40:00,40.38,40.41,40.34,40.38,223909,0
2015-07-27,17:45:00,40.37,40.4,40.34,40.36,213199,0
2015-07-27,17:50:00,40.3586,40.37,40.295,40.345,117867,0
2015-07-27,17:55:00,40.3401,40.36,40.31,40.3304,145254,0
2015-07-27,18:00:00,40.335,40.3701,40.31,40.34,136365,0
2015-07-27,18:05:00,40.33,40.345,40.28,40.29,103260,0
2015-07-27,18:10:00,40.29,40.3,40.23,40.25,199773,0
2015-07-27,18:15:00,40.25,40.28,40.21,40.23,155194,0
2015-07-27,18:20:00,40.22,40.27,40.2025,40.235,172444,0
2015-07-27,18:25:00,40.231,40.26,40.21,40.23,210034,0
2015-07-27,18:30:00,40.225,40.24,40.15,40.17,384218,0
2015-07-27,18:35:00,40.174,40.175,40.05,40.07,758923,0
2015-07-27,18:40:00,40.07,40.13,40.04,40.07,308145,0
2015-07-27,18:45:00,40.07,40.07,40.01,40.04,400282,0
2015-07-27,18:50:00,40.04,40.04,39.975,39.985,324101,0
2015-07-27,18:55:00,39.98,40,39.96,39.96,369916,0
2015-07-27,19:00:00,39.96,40,39.925,39.975,366412,0
2015-07-27,19:05:00,39.9799,40.02,39.97,40,363920,0
2015-07-27,19:10:00,40,40.04,39.99,40.0101,337314,0
2015-07-27,19:15:00,40.02,40.0389,39.98,40.015,164622,0
2015-07-27,19:20:00,40.01,40.03,39.965,39.97,182124,0
2015-07-27,19:25:00,39.98,39.98,39.93,39.94,232563,0
2015-07-27,19:30:00,39.95,39.98,39.93,39.96,178941,0
2015-07-27,19:35:00,39.955,39.965,39.9,39.91,288959,0
2015-07-27,19:40:00,39.91,39.92,39.84,39.88,248066,0
2015-07-27,19:45:00,39.875,39.88,39.81,39.84,373740,0
2015-07-27,19:50:00,39.85,39.9,39.84,39.86,251093,0
2015-07-27,19:55:00,39.86,39.93,39.851,39.93,378729,0
2015-07-27,20:00:00,39.93,39.96,39.91,39.94,346152,0
2015-07-27,20:05:00,39.93,39.9379,39.88,39.92,118069,0
2015-07-27,20:10:00,39.92,39.96,39.89,39.895,174769,0
2015-07-27,20:15:00,39.895,39.99,39.89,39.985,271323,0
2015-07-27,20:20:00,39.99,40.1,39.98,40.08,374095,0
2015-07-27,20:25:00,40.08,40.085,40,40,287147,0
2015-07-27,20:30:00,40,40.02,39.98,39.999,217288,0
2015-07-27,20:35:00,40,40.01,39.93,39.945,285781,0
2015-07-27,20:40:00,39.95,39.99,39.93,39.97,236931,0
2015-07-27,20:45:00,39.97,39.985,39.95,39.97,389812,0
2015-07-27,20:50:00,39.97,40,39.95,39.97,291514,0
2015-07-27,20:55:00,39.97,39.98,39.94,39.95,157492,0
2015-07-27,21:00:00,39.94,39.985,39.93,39.985,109020,0
2015-07-27,21:05:00,39.98,40,39.9,39.92,232806,0
2015-07-27,21:10:00,39.92,39.97,39.9101,39.93,236982,0
2015-07-27,21:15:00,39.93,39.94,39.92,39.93,176144,0
2015-07-27,21:20:00,39.9201,39.96,39.92,39.94,385228,0
2015-07-27,21:25:00,39.94,39.99,39.92,39.98,446676,0
2015-07-27,21:30:00,39.97,40,39.96,40,554919,0
2015-07-27,21:35:00,40,40.02,39.99,40.02,399102,0
2015-07-27,21:40:00,40.02,40.04,40,40.0301,345395,0
2015-07-27,21:45:00,40.035,40.0399,39.9901,40.02,666802,0
2015-07-27,21:50:00,40.02,40.075,40.01,40.07,903345,0
2015-07-27,21:55:00,40.065,40.08,40.03,40.04,1049557,0
2015-07-27,22:00:00,40.04,40.15,40.03,40.13,5840374,0
2015-07-28,15:35:00,40.5,40.53,40.37,40.38,561499,0
2015-07-28,15:40:00,40.371,40.41,40.32,40.36,684214,0
2015-07-28,15:45:00,40.36,40.39,40.31,40.35,733949,0
2015-07-28,15:50:00,40.345,40.36,40.25,40.27,482022,0
2015-07-28,15:55:00,40.28,40.37,40.22,40.37,293773,0
2015-07-28,16:00:00,40.365,40.415,40.35,40.39,252154,0
2015-07-28,16:05:00,40.39,40.4,40.34,40.34,266112,0
2015-07-28,16:10:00,40.34,40.35,40.2615,40.27,160433,0
2015-07-28,16:15:00,40.268,40.325,40.26,40.32,135582,0
2015-07-28,16:20:00,40.32,40.33,40.215,40.22,355389,0
2015-07-28,16:25:00,40.22,40.25,40.21,40.23,176418,0
2015-07-28,16:30:00,40.235,40.235,40.155,40.17,368247,0
2015-07-28,16:35:00,40.17,40.25,40.165,40.24,177077,0
2015-07-28,16:40:00,40.24,40.27,40.215,40.23,104075,0
2015-07-28,16:45:00,40.23,40.29,40.219,40.27,155328,0
2015-07-28,16:50:00,40.27,40.285,40.24,40.251,176115,0
2015-07-28,16:55:00,40.25,40.31,40.24,40.3,309052,0
2015-07-28,17:00:00,40.29,40.38,40.285,40.38,381466,0
2015-07-28,17:05:00,40.375,40.41,40.375,40.4,273002,0
2015-07-28,17:10:00,40.41,40.435,40.385,40.43,246281,0
2015-07-28,17:15:00,40.43,40.47,40.41,40.47,459623,0
2015-07-28,17:20:00,40.47,40.5,40.43,40.45,336494,0
2015-07-28,17:25:00,40.45,40.48,40.41,40.475,435974,0
2015-07-28,17:30:00,40.47,40.54,40.465,40.53,646825,0
2015-07-28,17:35:00,40.53,40.575,40.53,40.57,561698,0
2015-07-28,17:40:00,40.565,40.578,40.4023,40.51,574540,0
2015-07-28,17:45:00,40.52,40.54,40.51,40.53,194940,0
2015-07-28,17:50:00,40.53,40.56,40.53,40.56,108094,0
2015-07-28,17:55:00,40.56,40.57,40.54,40.5501,108428,0
2015-07-28,18:00:00,40.555,40.59,40.55,40.59,132771,0
2015-07-28,18:05:00,40.59,40.63,40.585,40.63,159103,0
2015-07-28,18:10:00,40.63,40.65,40.63,40.64,80242,0
2015-07-28,18:15:00,40.64,40.65,40.58,40.58,234966,0
2015-07-28,18:20:00,40.58,40.64,40.58,40.6346,113268,0
2015-07-28,18:25:00,40.64,40.665,40.625,40.625,119517,0
2015-07-28,18:30:00,40.63,40.64,40.61,40.635,81312,0
2015-07-28,18:35:00,40.64,40.65,40.57,40.58,186358,0
2015-07-28,18:40:00,40.5862,40.615,40.55,40.59,135956,0
2015-07-28,18:45:00,40.59,40.665,40.58,40.65,341030,0
2015-07-28,18:50:00,40.65,40.665,40.62,40.63,72497,0
2015-07-28,18:55:00,40.63,40.65,40.62,40.62,73206,0
2015-07-28,19:00:00,40.615,40.63,40.59,40.59,64677,0
2015-07-28,19:05:00,40.6,40.62,40.59,40.62,59239,0
2015-07-28,19:10:00,40.62,40.71,40.62,40.71,149097,0
2015-07-28,19:15:00,40.71,40.73,40.695,40.73,139583,0
2015-07-28,19:20:00,40.73,40.75,40.72,40.73,79239,0
2015-07-28,19:25:00,40.73,40.73,40.7,40.71,49199,0
2015-07-28,19:30:00,40.71,40.755,40.71,40.74,164512,0
2015-07-28,19:35:00,40.75,40.75,40.655,40.66,115547,0
2015-07-28,19:40:00,40.655,40.68,40.63,40.66,99750,0
2015-07-28,19:45:00,40.66,40.69,40.65,40.67,78445,0
2015-07-28,19:50:00,40.67,40.67,40.62,40.66,47534,0
2015-07-28,19:55:00,40.65,40.675,40.64,40.65,52837,0
2015-07-28,20:00:00,40.655,40.72,40.655,40.7,86438,0
2015-07-28,20:05:00,40.69,40.69,40.64,40.67,100706,0
2015-07-28,20:10:00,40.67,40.74,40.66,40.74,82897,0
2015-07-28,20:15:00,40.73,40.74,40.685,40.74,116614,0
2015-07-28,20:20:00,40.74,40.74,40.69,40.71,101678,0
2015-07-28,20:25:00,40.71,40.76,40.7,40.755,127212,0
2015-07-28,20:30:00,40.75,40.77,40.71,40.71,99100,0
2015-07-28,20:35:00,40.71,40.72,40.7,40.72,273627,0
2015-07-28,20:40:00,40.72,40.725,40.69,40.69,196403,0
2015-07-28,20:45:00,40.7,40.71,40.64,40.645,215143,0
2015-07-28,20:50:00,40.645,40.67,40.64,40.66,47455,0
2015-07-28,20:55:00,40.66,40.68,40.65,40.68,67834,0
2015-07-28,21:00:00,40.68,40.705,40.675,40.705,51498,0
2015-07-28,21:05:00,40.7,40.71,40.65,40.66,115341,0
2015-07-28,21:10:00,40.67,40.7,40.6649,40.6909,261314,0
2015-07-28,21:15:00,40.695,40.7,40.67,40.6732,59650,0
2015-07-28,21:20:00,40.67,40.72,40.67,40.695,225951,0
2015-07-28,21:25:00,40.69,40.7,40.67,40.68,207395,0
2015-07-28,21:30:00,40.675,40.685,40.65,40.6535,152520,0
2015-07-28,21:35:00,40.65,40.7,40.65,40.6805,229714,0
2015-07-28,21:40:00,40.683,40.705,40.68,40.68,179215,0
2015-07-28,21:45:00,40.6801,40.71,40.67,40.705,264316,0
2015-07-28,21:50:00,40.7,40.71,40.685,40.695,234196,0
2015-07-28,21:55:00,40.695,40.74,40.68,40.74,445630,0
2015-07-28,22:00:00,40.735,40.8,40.73,40.79,2558259,0
2015-07-29,15:35:00,40.72,40.73,40.6,40.712,380413,0
2015-07-29,15:40:00,40.71,40.78,40.66,40.78,285185,0
2015-07-29,15:45:00,40.78,40.82,40.75,40.76,282515,0
2015-07-29,15:50:00,40.76,40.77,40.74,40.751,46755,0
2015-07-29,15:55:00,40.7232,40.74,40.7232,40.73,18500,0
2015-07-29,16:00:00,40.73,40.76,40.72,40.74,127751,0
2015-07-29,16:05:00,40.75,40.76,40.71,40.75,164263,0
2015-07-29,16:10:00,40.7431,40.79,40.725,40.77,94486,0
2015-07-29,16:15:00,40.76,40.79,40.74,40.75,138385,0
2015-07-29,16:20:00,40.74,40.83,40.72,40.83,116084,0
2015-07-29,16:25:00,40.84,40.85,40.8,40.81,90200,0
2015-07-29,16:30:00,40.82,40.8204,40.76,40.8204,176086,0
2015-07-29,16:35:00,40.83,40.87,40.82,40.86,151249,0
2015-07-29,16:40:00,40.861,40.89,40.83,40.885,85003,0
2015-07-29,16:45:00,40.88,40.89,40.84,40.86,267665,0
2015-07-29,16:50:00,40.85,40.865,40.835,40.85,97483,0
2015-07-29,16:55:00,40.85,40.875,40.84,40.87,81248,0
2015-07-29,17:00:00,40.865,40.865,40.795,40.8,665976,0
2015-07-29,17:05:00,40.8,40.825,40.78,40.81,284192,0
2015-07-29,17:10:00,40.82,40.85,40.8,40.815,345925,0
2015-07-29,17:15:00,40.82,40.88,40.805,40.88,375674,0
2015-07-29,17:20:00,40.88,40.92,40.87,40.91,237810,0
2015-07-29,17:25:00,40.92,40.95,40.905,40.92,256284,0
2015-07-29,17:30:00,40.91,41,40.9,40.97,1069303,0
2015-07-29,17:35:00,40.98,41.025,40.965,41,585368,0
2015-07-29,17:40:00,41,41.06,41,41.03,878969,0
2015-07-29,17:45:00,41.03,41.04,41,41.0199,167714,0
2015-07-29,17:50:00,41.02,41.04,41.01,41.04,110059,0
2015-07-29,17:55:00,41.04,41.055,41,41.05,269435,0
2015-07-29,18:00:00,41.05,41.095,41.05,41.09,92782,0
2015-07-29,18:05:00,41.0957,41.0957,41.05,41.06,203211,0
2015-07-29,18:10:00,41.06,41.07,41.05,41.06,70618,0
2015-07-29,18:15:00,41.06,41.095,41.05,41.07,200342,0
2015-07-29,18:20:00,41.07,41.08,41.06,41.06,184692,0
2015-07-29,18:25:00,41.06,41.06,41.045,41.05,100977,0
2015-07-29,18:30:00,41.05,41.095,41.05,41.095,180173,0
2015-07-29,18:35:00,41.095,41.15,41.09,41.13,276261,0
2015-07-29,18:40:00,41.13,41.16,41.13,41.16,365619,0
2015-07-29,18:45:00,41.17,41.215,41.13,41.15,344470,0
2015-07-29,18:50:00,41.16,41.21,41.16,41.21,98003,0
2015-07-29,18:55:00,41.21,41.265,41.2,41.235,241160,0
2015-07-29,19:00:00,41.235,41.275,41.22,41.27,326713,0
2015-07-29,19:05:00,41.27,41.295,41.25,41.28,194237,0
2015-07-29,19:10:00,41.28,41.33,41.265,41.265,149801,0
2015-07-29,19:15:00,41.26,41.275,41.245,41.26,114789,0
2015-07-29,19:20:00,41.26,41.26,41.21,41.245,200389,0
2015-07-29,19:25:00,41.24,41.245,41.22,41.235,118557,0
2015-07-29,19:30:00,41.24,41.26,41.24,41.245,97604,0
2015-07-29,19:35:00,41.25,41.28,41.25,41.27,124535,0
2015-07-29,19:40:00,41.28,41.305,41.26,41.305,147161,0
2015-07-29,19:45:00,41.3,41.329,41.291,41.295,203559,0
2015-07-29,19:50:00,41.2901,41.299,41.22,41.225,231219,0
2015-07-29,19:55:00,41.22,41.22,41.185,41.185,222906,0
2015-07-29,20:00:00,41.18,41.3,41.065,41.12,637951,0
2015-07-29,20:05:00,41.13,41.39,41.12,41.13,604260,0
2015-07-29,20:10:00,41.135,41.24,41.11,41.16,407873,0
2015-07-29,20:15:00,41.165,41.225,41.11,41.16,294675,0
2015-07-29,20:20:00,41.16,41.26,41.16,41.24,359684,0
2015-07-29,20:25:00,41.24,41.26,41.195,41.21,143496,0
2015-07-29,20:30:00,41.21,41.245,41.19,41.23,173597,0
2015-07-29,20:35:00,41.235,41.28,41.235,41.27,209688,0
2015-07-29,20:40:00,41.27,41.29,41.2349,41.28,131540,0
2015-07-29,20:45:00,41.28,41.32,41.27,41.31,188768,0
2015-07-29,20:50:00,41.315,41.365,41.29,41.36,207833,0
2015-07-29,20:55:00,41.37,41.375,41.33,41.34,240341,0
2015-07-29,21:00:00,41.34,41.395,41.34,41.37,156882,0
2015-07-29,21:05:00,41.37,41.38,41.34,41.365,156556,0
2015-07-29,21:10:00,41.365,41.39,41.35,41.35,162054,0
2015-07-29,21:15:00,41.35,41.41,41.35,41.4,240810,0
2015-07-29,21:20:00,41.39,41.4,41.34,41.35,380118,0
2015-07-29,21:25:00,41.35,41.37,41.316,41.335,397229,0
2015-07-29,21:30:00,41.335,41.36,41.3101,41.355,454224,0
2015-07-29,21:35:00,41.36,41.37,41.28,41.305,330097,0
2015-07-29,21:40:00,41.305,41.34,41.28,41.34,284324,0
2015-07-29,21:45:00,41.335,41.38,41.33,41.35,286326,0
2015-07-29,21:50:00,41.35,41.38,41.33,41.335,286423,0
2015-07-29,21:55:00,41.33,41.34,41.27,41.275,559774,0
2015-07-29,22:00:00,41.275,41.35,41.25,41.28,2286554,0
2015-07-30,15:35:00,40.53,40.68,40.53,40.64,739611,0
2015-07-30,15:40:00,40.64,40.67,40.54,40.56,358515,0
2015-07-30,15:45:00,40.56,40.58,40.46,40.52,303376,0
2015-07-30,15:50:00,40.52,40.52,40.4,40.4065,260427,0
2015-07-30,15:55:00,40.41,40.43,40.36,40.41,360701,0
2015-07-30,16:00:00,40.42,40.455,40.41,40.42,236941,0
2015-07-30,16:05:00,40.42,40.47,40.38,40.45,94913,0
2015-07-30,16:10:00,40.46,40.5,40.46,40.47,81183,0
2015-07-30,16:15:00,40.47,40.51,40.44,40.509,113008,0
2015-07-30,16:20:00,40.51,40.53,40.465,40.48,204457,0
2015-07-30,16:25:00,40.48,40.52,40.475,40.5,60434,0
2015-07-30,16:30:00,40.51,40.55,40.48,40.55,231320,0
2015-07-30,16:35:00,40.56,40.595,40.505,40.53,131151,0
2015-07-30,16:40:00,40.53,40.5334,40.435,40.46,159099,0
2015-07-30,16:45:00,40.46,40.505,40.44,40.46,127992,0
2015-07-30,16:50:00,40.46,40.49,40.445,40.45,118697,0
2015-07-30,16:55:00,40.4499,40.46,40.41,40.43,97062,0
2015-07-30,17:00:00,40.44,40.449,40.385,40.41,182316,0
2015-07-30,17:05:00,40.4,40.43,40.37,40.43,167569,0
2015-07-30,17:10:00,40.42,40.425,40.3763,40.4,64895,0
2015-07-30,17:15:00,40.41,40.46,40.4035,40.45,59392,0
2015-07-30,17:20:00,40.45,40.49,40.45,40.46,81018,0
2015-07-30,17:25:00,40.47,40.51,40.4601,40.505,90802,0
2015-07-30,17:30:00,40.51,40.53,40.465,40.47,226098,0
2015-07-30,17:35:00,40.48,40.49,40.46,40.48,92362,0
2015-07-30,17:40:00,40.49,40.49,40.46,40.48,123137,0
2015-07-30,17:45:00,40.48,40.5,40.4632,40.5,193385,0
2015-07-30,17:50:00,40.495,40.55,40.495,40.5135,317096,0
2015-07-30,17:55:00,40.516,40.55,40.51,40.52,88834,0
2015-07-30,18:00:00,40.52,40.53,40.49,40.53,69574,0
2015-07-30,18:05:00,40.53,40.55,40.49,40.52,156050,0
2015-07-30,18:10:00,40.51,40.5199,40.48,40.49,25409,0
2015-07-30,18:15:00,40.49,40.53,40.48,40.51,51421,0
2015-07-30,18:20:00,40.51,40.5465,40.5,40.545,35840,0
2015-07-30,18:25:00,40.54,40.54,40.5,40.53,41615,0
2015-07-30,18:30:00,40.53,40.59,40.53,40.565,150725,0
2015-07-30,18:35:00,40.565,40.58,40.545,40.555,32642,0
2015-07-30,18:40:00,40.55,40.55,40.505,40.52,25034,0
2015-07-30,18:45:00,40.52,40.53,40.4949,40.51,21460,0
2015-07-30,18:50:00,40.52,40.525,40.49,40.51,81134,0
2015-07-30,18:55:00,40.51,40.54,40.495,40.5,64882,0
2015-07-30,19:00:00,40.51,40.56,40.501,40.56,40228,0
2015-07-30,19:05:00,40.56,40.57,40.515,40.515,49867,0
2015-07-30,19:10:00,40.51,40.54,40.49,40.54,60416,0
2015-07-30,19:15:00,40.541,40.545,40.495,40.51,71744,0
2015-07-30,19:20:00,40.52,40.55,40.5135,40.55,40808,0
2015-07-30,19:25:00,40.545,40.56,40.52,40.53,65797,0
2015-07-30,19:30:00,40.5362,40.57,40.52,40.56,104155,0
2015-07-30,19:35:00,40.55,40.57,40.515,40.52,116944,0
2015-07-30,19:40:00,40.52,40.535,40.5,40.5,80980,0
2015-07-30,19:45:00,40.5,40.55,40.49,40.52,64240,0
2015-07-30,19:50:00,40.52,40.55,40.51,40.55,87598,0
2015-07-30,19:55:00,40.545,40.58,40.54,40.57,103394,0
2015-07-30,20:00:00,40.575,40.59,40.55,40.58,90080,0
2015-07-30,20:05:00,40.58,40.64,40.58,40.62,103776,0
2015-07-30,20:10:00,40.61,40.615,40.58,40.5849,52405,0
2015-07-30,20:15:00,40.58,40.615,40.58,40.61,54602,0
2015-07-30,20:20:00,40.6,40.62,40.575,40.59,59839,0
2015-07-30,20:25:00,40.6,40.63,40.6,40.61,81589,0
2015-07-30,20:30:00,40.615,40.63,40.61,40.62,34187,0
2015-07-30,20:35:00,40.62,40.62,40.575,40.5856,90834,0
2015-07-30,20:40:00,40.59,40.61,40.58,40.59,92600,0
2015-07-30,20:45:00,40.59,40.62,40.575,40.62,58377,0
2015-07-30,20:50:00,40.615,40.65,40.605,40.63,64896,0
2015-07-30,20:55:00,40.625,40.66,40.625,40.65,52375,0
2015-07-30,21:00:00,40.65,40.665,40.63,40.65,71282,0
2015-07-30,21:05:00,40.65,40.67,40.63,40.665,80234,0
2015-07-30,21:10:00,40.66,40.69,40.63,40.66,155385,0
2015-07-30,21:15:00,40.66,40.665,40.635,40.65,93160,0
2015-07-30,21:20:00,40.65,40.66,40.63,40.6563,37395,0
2015-07-30,21:25:00,40.66,40.67,40.653,40.6699,65822,0
2015-07-30,21:30:00,40.665,40.7,40.66,40.7,182493,0
2015-07-30,21:35:00,40.69,40.7,40.66,40.66,240599,0
2015-07-30,21:40:00,40.655,40.66,40.62,40.65,124031,0
2015-07-30,21:45:00,40.655,40.69,40.65,40.6732,148299,0
2015-07-30,21:50:00,40.6749,40.705,40.66,40.675,239430,0
2015-07-30,21:55:00,40.68,40.73,40.66,40.725,299853,0
2015-07-30,22:00:00,40.72,40.73,40.64,40.65,2483273,0
2015-07-31,15:35:00,40.72,40.84,40.71,40.74,616163,0
2015-07-31,15:40:00,40.74,40.75,40.645,40.65,350979,0
2015-07-31,15:45:00,40.66,40.695,40.6,40.63,297157,0
2015-07-31,15:50:00,40.63,40.72,40.62,40.63,312828,0
2015-07-31,15:55:00,40.63,40.74,40.62,40.72,367055,0
2015-07-31,16:00:00,40.715,40.725,40.66,40.67,466353,0
2015-07-31,16:05:00,40.67,40.75,40.67,40.71,268524,0
2015-07-31,16:10:00,40.71,40.7705,40.69,40.76,454716,0
2015-07-31,16:15:00,40.76,40.825,40.75,40.78,280690,0
2015-07-31,16:20:00,40.785,40.85,40.785,40.81,220936,0
2015-07-31,16:25:00,40.81,40.9,40.8,40.8801,272545,0
2015-07-31,16:30:00,40.89,40.895,40.81,40.82,107877,0
2015-07-31,16:35:00,40.82,40.875,40.8,40.87,269196,0
2015-07-31,16:40:00,40.86,40.89,40.84,40.86,264003,0
2015-07-31,16:45:00,40.86,40.88,40.82,40.85,176880,0
2015-07-31,16:50:00,40.86,40.88,40.82,40.88,164844,0
2015-07-31,16:55:00,40.87,40.87,40.84,40.848,166837,0
2015-07-31,17:00:00,40.85,40.86,40.81,40.82,168688,0
2015-07-31,17:05:00,40.82,40.835,40.79,40.83,205032,0
2015-07-31,17:10:00,40.835,40.87,40.82,40.83,199930,0
2015-07-31,17:15:00,40.83,40.83,40.78,40.78,256987,0
2015-07-31,17:20:00,40.78,40.805,40.75,40.79,302246,0
2015-07-31,17:25:00,40.79,40.82,40.77,40.82,140316,0
2015-07-31,17:30:00,40.82,40.85,40.81,40.85,136360,0
2015-07-31,17:35:00,40.84,40.86,40.79,40.8,188992,0
2015-07-31,17:40:00,40.8,40.865,40.79,40.85,212480,0
2015-07-31,17:45:00,40.85,40.865,40.83,40.835,100453,0
2015-07-31,17:50:00,40.835,40.86,40.82,40.85,148163,0
2015-07-31,17:55:00,40.86,40.865,40.83,40.845,153183,0
2015-07-31,18:00:00,40.84,40.845,40.8,40.8,75119,0
2015-07-31,18:05:00,40.805,40.825,40.8,40.81,91682,0
2015-07-31,18:10:00,40.805,40.865,40.8,40.854,169588,0
2015-07-31,18:15:00,40.85,40.86,40.83,40.83,80153,0
2015-07-31,18:20:00,40.8301,40.84,40.8,40.8,87149,0
2015-07-31,18:25:00,40.81,40.83,40.8,40.8,79799,0
2015-07-31,18:30:00,40.805,40.81,40.8,40.8,34878,0
2015-07-31,18:35:00,40.805,40.81,40.78,40.79,91836,0
2015-07-31,18:40:00,40.785,40.79,40.72,40.74,209147,0
2015-07-31,18:45:00,40.74,40.76,40.73,40.76,91410,0
2015-07-31,18:50:00,40.76,40.76,40.69,40.7,154665,0
2015-07-31,18:55:00,40.69,40.71,40.68,40.705,107460,0
2015-07-31,19:00:00,40.7,40.7099,40.67,40.69,100117,0
2015-07-31,19:05:00,40.68,40.71,40.67,40.68,120269,0
2015-07-31,19:10:00,40.685,40.69,40.65,40.65,81686,0
2015-07-31,19:15:00,40.655,40.66,40.63,40.635,116284,0
2015-07-31,19:20:00,40.64,40.675,40.63,40.64,113398,0
2015-07-31,19:25:00,40.64,40.69,40.64,40.66,85954,0
2015-07-31,19:30:00,40.655,40.66,40.59,40.595,73100,0
2015-07-31,19:35:00,40.6,40.635,40.57,40.61,164587,0
2015-07-31,19:40:00,40.62,40.63,40.57,40.58,46850,0
2015-07-31,19:45:00,40.58,40.59,40.56,40.58,124536,0
2015-07-31,19:50:00,40.575,40.62,40.57,40.59,116502,0
2015-07-31,19:55:00,40.58,40.58,40.565,40.57,51254,0
2015-07-31,20:00:00,40.56,40.57,40.5301,40.54,96700,0
2015-07-31,20:05:00,40.54,40.62,40.53,40.6,177760,0
2015-07-31,20:10:00,40.6,40.62,40.59,40.6,88476,0
2015-07-31,20:15:00,40.595,40.6,40.56,40.565,101312,0
2015-07-31,20:20:00,40.565,40.575,40.55,40.57,142983,0
2015-07-31,20:25:00,40.57,40.57,40.49,40.51,156882,0
2015-07-31,20:30:00,40.51,40.52,40.49,40.505,125573,0
2015-07-31,20:35:00,40.5,40.555,40.49,40.525,144405,0
2015-07-31,20:40:00,40.52,40.52,40.45,40.49,174439,0
2015-07-31,20:45:00,40.49,40.49,40.45,40.48,128154,0
2015-07-31,20:50:00,40.475,40.49,40.4,40.42,485045,0
2015-07-31,20:55:00,40.42,40.45,40.41,40.45,129096,0
2015-07-31,21:00:00,40.445,40.45,40.42,40.425,157402,0
2015-07-31,21:05:00,40.425,40.45,40.41,40.43,200537,0
2015-07-31,21:10:00,40.435,40.435,40.38,40.38,139276,0
2015-07-31,21:15:00,40.375,40.425,40.36,40.405,199814,0
2015-07-31,21:20:00,40.41,40.42,40.4,40.42,80359,0
2015-07-31,21:25:00,40.415,40.42,40.37,40.38,233141,0
2015-07-31,21:30:00,40.38,40.39,40.34,40.365,311562,0
2015-07-31,21:35:00,40.37,40.41,40.36,40.41,181331,0
2015-07-31,21:40:00,40.41,40.41,40.4,40.405,126675,0
2015-07-31,21:45:00,40.41,40.44,40.4,40.44,360640,0
2015-07-31,21:50:00,40.44,40.46,40.42,40.44,352655,0
2015-07-31,21:55:00,40.43,40.44,40.39,40.425,543746,0
2015-07-31,22:00:00,40.425,40.49,40.42,40.48,2306076,0
2015-08-03,15:35:00,40.08,40.12,39.87,39.95,617276,0
2015-08-03,15:40:00,39.95,39.99,39.915,39.98,262626,0
2015-08-03,15:45:00,39.98,39.98,39.89,39.9,340519,0
2015-08-03,15:50:00,39.9,39.955,39.87,39.92,223340,0
2015-08-03,15:55:00,39.92,39.945,39.89,39.9,312808,0
2015-08-03,16:00:00,39.91,39.95,39.9,39.91,149321,0
2015-08-03,16:05:00,39.9112,39.94,39.879,39.895,347667,0
2015-08-03,16:10:00,39.895,39.92,39.84,39.85,235317,0
2015-08-03,16:15:00,39.845,39.95,39.845,39.94,160189,0
2015-08-03,16:20:00,39.935,39.935,39.85,39.87,133489,0
2015-08-03,16:25:00,39.865,39.9,39.83,39.83,71816,0
2015-08-03,16:30:00,39.8332,39.845,39.785,39.825,174108,0
2015-08-03,16:35:00,39.825,39.85,39.77,39.83,100165,0
2015-08-03,16:40:00,39.85,39.91,39.835,39.9,142658,0
2015-08-03,16:45:00,39.9,39.93,39.885,39.885,134755,0
2015-08-03,16:50:00,39.88,39.95,39.845,39.95,139604,0
2015-08-03,16:55:00,39.95,39.95,39.925,39.94,127624,0
2015-08-03,17:00:00,39.935,39.98,39.93,39.971,148707,0
2015-08-03,17:05:00,39.975,39.98,39.96,39.97,82018,0
2015-08-03,17:10:00,39.965,39.99,39.96,39.985,161481,0
2015-08-03,17:15:00,39.98,40.02,39.97,40.02,131353,0
2015-08-03,17:20:00,40.02,40.03,39.98,40.01,181915,0
2015-08-03,17:25:00,40.01,40.045,40.005,40.0348,127089,0
2015-08-03,17:30:00,40.03,40.05,40,40.05,174286,0
2015-08-03,17:35:00,40.05,40.08,40.04,40.065,215583,0
2015-08-03,17:40:00,40.0665,40.08,40.005,40.005,174240,0
2015-08-03,17:45:00,40.01,40.03,39.995,40.02,131980,0
2015-08-03,17:50:00,40.02,40.02,39.98,39.99,105335,0
2015-08-03,17:55:00,39.99,40,39.95,39.975,70264,0
2015-08-03,18:00:00,39.98,39.98,39.95,39.97,79975,0
2015-08-03,18:05:00,39.98,40.01,39.955,39.965,120507,0
2015-08-03,18:10:00,39.965,39.98,39.95,39.955,32868,0
2015-08-03,18:15:00,39.955,39.97,39.93,39.97,65662,0
2015-08-03,18:20:00,39.96,39.97,39.915,39.93,59011,0
2015-08-03,18:25:00,39.93,39.96,39.93,39.955,139802,0
2015-08-03,18:30:00,39.955,39.97,39.94,39.95,107620,0
2015-08-03,18:35:00,39.945,39.95,39.865,39.89,163534,0
2015-08-03,18:40:00,39.87,39.89,39.82,39.86,91750,0
2015-08-03,18:45:00,39.86,39.86,39.82,39.84,104099,0
2015-08-03,18:50:00,39.84,39.86,39.79,39.81,216723,0
2015-08-03,18:55:00,39.8,39.81,39.75,39.76,103457,0
2015-08-03,19:00:00,39.75,39.8,39.73,39.8,189766,0
2015-08-03,19:05:00,39.79,39.83,39.76,39.83,113980,0
2015-08-03,19:10:00,39.82,39.83,39.74,39.74,135762,0
2015-08-03,19:15:00,39.73,39.75,39.71,39.7149,212559,0
2015-08-03,19:20:00,39.7145,39.72,39.685,39.6997,210381,0
2015-08-03,19:25:00,39.69,39.76,39.69,39.759,128838,0
2015-08-03,19:30:00,39.75,39.79,39.72,39.755,76942,0
2015-08-03,19:35:00,39.75,39.78,39.72,39.75,66465,0
2015-08-03,19:40:00,39.75,39.76,39.72,39.74,31016,0
2015-08-03,19:45:00,39.73,39.78,39.73,39.7649,35447,0
2015-08-03,19:50:00,39.76,39.83,39.74,39.825,114149,0
2015-08-03,19:55:00,39.82,39.83,39.77,39.78,56543,0
2015-08-03,20:00:00,39.78,39.81,39.755,39.78,95079,0
2015-08-03,20:05:00,39.78,39.79,39.74,39.7501,41927,0
2015-08-03,20:10:00,39.75,39.76,39.72,39.75,116487,0
2015-08-03,20:15:00,39.74,39.75,39.69,39.7,118087,0
2015-08-03,20:20:00,39.69,39.77,39.67,39.7499,188866,0
2015-08-03,20:25:00,39.75,39.76,39.72,39.75,89384,0
2015-08-03,20:30:00,39.75,39.77,39.71,39.75,77059,0
2015-08-03,20:35:00,39.745,39.76,39.73,39.75,55435,0
2015-08-03,20:40:00,39.75,39.8,39.74,39.78,159753,0
2015-08-03,20:45:00,39.78,39.83,39.78,39.785,112866,0
2015-08-03,20:50:00,39.785,39.79,39.76,39.775,84535,0
2015-08-03,20:55:00,39.775,39.78,39.74,39.765,104514,0
2015-08-03,21:00:00,39.76,39.775,39.735,39.77,169567,0
2015-08-03,21:05:00,39.77,39.8,39.76,39.795,115089,0
2015-08-03,21:10:00,39.8,39.81,39.77,39.8068,99842,0
2015-08-03,21:15:00,39.8,39.81,39.77,39.8,101390,0
2015-08-03,21:20:00,39.803,39.81,39.78,39.8,47384,0
2015-08-03,21:25:00,39.8,39.83,39.78,39.82,117491,0
2015-08-03,21:30:00,39.82,39.83,39.795,39.81,125915,0
2015-08-03,21:35:00,39.81,39.84,39.785,39.795,348529,0
2015-08-03,21:40:00,39.8,39.86,39.7775,39.86,344753,0
2015-08-03,21:45:00,39.86,39.9,39.85,39.895,359380,0
2015-08-03,21:50:00,39.89,39.89,39.84,39.875,268987,0
2015-08-03,21:55:00,39.865,39.89,39.85,39.87,398990,0
2015-08-03,22:00:00,39.87,39.91,39.86,39.89,1798770,0
2015-08-04,15:35:00,40.16,40.29,40.15,40.28,620508,0
2015-08-04,15:40:00,40.2701,40.34,40.24,40.24,643436,0
2015-08-04,15:45:00,40.25,40.35,40.245,40.34,317380,0
2015-08-04,15:50:00,40.34,40.39,40.315,40.38,289639,0
2015-08-04,15:55:00,40.3801,40.42,40.38,40.4001,342744,0
2015-08-04,16:00:00,40.4,40.4,40.35,40.35,238363,0
2015-08-04,16:05:00,40.36,40.36,40.29,40.3,241232,0
2015-08-04,16:10:00,40.3,40.35,40.27,40.35,139759,0
2015-08-04,16:15:00,40.35,40.37,40.29,40.35,196654,0
2015-08-04,16:20:00,40.35,40.35,40.28,40.3,135848,0
2015-08-04,16:25:00,40.3,40.34,40.28,40.31,66561,0
2015-08-04,16:30:00,40.31,40.35,40.29,40.33,131270,0
2015-08-04,16:35:00,40.33,40.365,40.28,40.3,197289,0
2015-08-04,16:40:00,40.295,40.305,40.24,40.24,56602,0
2015-08-04,16:45:00,40.24,40.26,40.19,40.23,102523,0
2015-08-04,16:50:00,40.23,40.29,40.22,40.25,104085,0
2015-08-04,16:55:00,40.24,40.24,40.185,40.23,51993,0
2015-08-04,17:00:00,40.24,40.25,40.1601,40.23,105351,0
2015-08-04,17:05:00,40.23,40.27,40.22,40.23,110469,0
2015-08-04,17:10:00,40.235,40.26,40.22,40.23,270418,0
2015-08-04,17:15:00,40.23,40.27,40.22,40.245,138900,0
2015-08-04,17:20:00,40.24,40.26,40.22,40.22,111168,0
2015-08-04,17:25:00,40.22,40.265,40.215,40.25,81879,0
2015-08-04,17:30:00,40.25,40.27,40.24,40.265,146823,0
2015-08-04,17:35:00,40.27,40.27,40.23,40.23,95862,0
2015-08-04,17:40:00,40.24,40.27,40.23,40.27,60532,0
2015-08-04,17:45:00,40.27,40.29,40.26,40.265,89723,0
2015-08-04,17:50:00,40.26,40.27,40.225,40.24,93117,0
2015-08-04,17:55:00,40.24,40.25,40.19,40.2,126520,0
2015-08-04,18:00:00,40.205,40.23,40.19,40.21,184869,0
2015-08-04,18:05:00,40.21,40.25,40.2,40.23,41597,0
2015-08-04,18:10:00,40.23,40.26,40.21,40.23,238779,0
2015-08-04,18:15:00,40.24,40.25,40.21,40.225,26455,0
2015-08-04,18:20:00,40.225,40.23,40.21,40.2262,20747,0
2015-08-04,18:25:00,40.22,40.2299,40.165,40.18,70930,0
2015-08-04,18:30:00,40.17,40.19,40.15,40.15,70098,0
2015-08-04,18:35:00,40.15,40.19,40.15,40.19,92729,0
2015-08-04,18:40:00,40.185,40.19,40.14,40.16,132509,0
2015-08-04,18:45:00,40.16,40.18,40.14,40.15,130478,0
2015-08-04,18:50:00,40.155,40.18,40.15,40.17,40473,0
2015-08-04,18:55:00,40.16,40.17,40.145,40.17,73553,0
2015-08-04,19:00:00,40.17,40.195,40.15,40.185,74186,0
2015-08-04,19:05:00,40.18,40.18,40.155,40.161,60563,0
2015-08-04,19:10:00,40.165,40.19,40.16,40.19,16484,0
2015-08-04,19:15:00,40.19,40.2079,40.19,40.2,28056,0
2015-08-04,19:20:00,40.2,40.24,40.2,40.225,46510,0
2015-08-04,19:25:00,40.225,40.23,40.2,40.2,34180,0
2015-08-04,19:30:00,40.2,40.22,40.18,40.19,47826,0
2015-08-04,19:35:00,40.2,40.25,40.195,40.22,110631,0
2015-08-04,19:40:00,40.2,40.21,40.19,40.205,21830,0
2015-08-04,19:45:00,40.2,40.2,40.15,40.16,87915,0
2015-08-04,19:50:00,40.16,40.19,40.1,40.11,176206,0
2015-08-04,19:55:00,40.11,40.12,40.05,40.075,96279,0
2015-08-04,20:00:00,40.08,40.1,40.055,40.07,100360,0
2015-08-04,20:05:00,40.07,40.115,40.05,40.09,27363,0
2015-08-04,20:10:00,40.09,40.095,40.03,40.04,85797,0
2015-08-04,20:15:00,40.03,40.045,40.01,40.03,158944,0
2015-08-04,20:20:00,40.03,40.09,39.985,40.09,682964,0
2015-08-04,20:25:00,40.08,40.0899,40.055,40.06,186252,0
2015-08-04,20:30:00,40.06,40.1,40.06,40.1,148259,0
2015-08-04,20:35:00,40.105,40.14,40.09,40.12,112260,0
2015-08-04,20:40:00,40.11,40.165,40.11,40.16,63793,0
2015-08-04,20:45:00,40.17,40.17,40.12,40.12,232432,0
2015-08-04,20:50:00,40.12,40.1411,40.09,40.1411,156171,0
2015-08-04,20:55:00,40.1438,40.15,40.1305,40.15,90108,0
2015-08-04,21:00:00,40.15,40.15,40.1,40.15,133852,0
2015-08-04,21:05:00,40.15,40.18,40.13,40.14,130112,0
2015-08-04,21:10:00,40.1401,40.19,40.115,40.15,155804,0
2015-08-04,21:15:00,40.14,40.15,40.105,40.12,137151,0
2015-08-04,21:20:00,40.12,40.145,40.105,40.11,119791,0
2015-08-04,21:25:00,40.11,40.1448,40.09,40.14,86409,0
2015-08-04,21:30:00,40.14,40.14,40.11,40.12,109903,0
2015-08-04,21:35:00,40.12,40.17,40.1,40.11,259920,0
2015-08-04,21:40:00,40.11,40.13,40.09,40.09,176914,0
2015-08-04,21:45:00,40.09,40.12,40.08,40.1,256596,0
2015-08-04,21:50:00,40.1,40.1099,40.08,40.09,227693,0
2015-08-04,21:55:00,40.08,40.12,40.07,40.12,249058,0
2015-08-04,22:00:00,40.115,40.18,40.11,40.17,1659018,0
2015-08-05,15:35:00,40.64,40.7,40.62,40.67,277707,0
2015-08-05,15:40:00,40.67,40.72,40.66,40.68,441223,0
2015-08-05,15:45:00,40.68,40.71,40.665,40.71,147177,0
2015-08-05,15:50:00,40.71,40.75,40.705,40.75,258046,0
2015-08-05,15:55:00,40.75,40.76,40.68,40.71,180993,0
2015-08-05,16:00:00,40.72,40.72,40.685,40.71,179457,0
2015-08-05,16:05:00,40.71,40.72,40.66,40.71,265704,0
2015-08-05,16:10:00,40.71,40.72,40.685,40.7,144330,0
2015-08-05,16:15:00,40.71,40.75,40.7,40.72,198806,0
2015-08-05,16:20:00,40.72,40.72,40.68,40.69,141406,0
2015-08-05,16:25:00,40.7,40.73,40.7,40.73,151525,0
2015-08-05,16:30:00,40.729,40.74,40.72,40.72,151828,0
2015-08-05,16:35:00,40.72,40.77,40.72,40.74,145366,0
2015-08-05,16:40:00,40.74,40.77,40.73,40.74,301272,0
2015-08-05,16:45:00,40.74,40.765,40.72,40.765,402984,0
2015-08-05,16:50:00,40.76,40.77,40.75,40.77,144064,0
2015-08-05,16:55:00,40.765,40.79,40.76,40.77,162627,0
2015-08-05,17:00:00,40.78,40.815,40.755,40.805,582097,0
2015-08-05,17:05:00,40.81,40.82,40.76,40.775,292662,0
2015-08-05,17:10:00,40.78,40.81,40.77,40.8,183439,0
2015-08-05,17:15:00,40.8,40.805,40.76,40.78,106891,0
2015-08-05,17:20:00,40.78,40.79,40.74,40.75,140863,0
2015-08-05,17:25:00,40.75,40.7999,40.74,40.79,63489,0
2015-08-05,17:30:00,40.8,40.8,40.74,40.75,136449,0
2015-08-05,17:35:00,40.75,40.77,40.725,40.73,122977,0
2015-08-05,17:40:00,40.72,40.73,40.69,40.696,151299,0
2015-08-05,17:45:00,40.695,40.7,40.66,40.67,305379,0
2015-08-05,17:50:00,40.66,40.67,40.66,40.67,65377,0
2015-08-05,17:55:00,40.68,40.68,40.62,40.62,139683,0
2015-08-05,18:00:00,40.62,40.62,40.56,40.57,97845,0
2015-08-05,18:05:00,40.56,40.57,40.54,40.56,56540,0
2015-08-05,18:10:00,40.5514,40.59,40.55,40.575,48161,0
2015-08-05,18:15:00,40.57,40.58,40.5486,40.5486,93953,0
2015-08-05,18:20:00,40.55,40.55,40.5,40.51,82292,0
2015-08-05,18:25:00,40.5,40.505,40.435,40.435,232033,0
2015-08-05,18:30:00,40.44,40.47,40.43,40.465,37837,0
2015-08-05,18:35:00,40.47,40.47,40.4,40.41,61653,0
2015-08-05,18:40:00,40.41,40.44,40.395,40.405,115380,0
2015-08-05,18:45:00,40.41,40.41,40.34,40.35,182820,0
2015-08-05,18:50:00,40.35,40.37,40.34,40.36,77470,0
2015-08-05,18:55:00,40.36,40.37,40.3132,40.32,97039,0
2015-08-05,19:00:00,40.33,40.415,40.325,40.4,201640,0
2015-08-05,19:05:00,40.4,40.405,40.37,40.37,76014,0
2015-08-05,19:10:00,40.38,40.4,40.37,40.38,43590,0
2015-08-05,19:15:00,40.385,40.385,40.33,40.3301,64432,0
2015-08-05,19:20:00,40.33,40.36,40.29,40.36,132154,0
2015-08-05,19:25:00,40.36,40.41,40.36,40.4,80981,0
2015-08-05,19:30:00,40.41,40.41,40.38,40.4,44074,0
2015-08-05,19:35:00,40.41,40.41,40.38,40.38,41533,0
2015-08-05,19:40:00,40.39,40.44,40.38,40.43,65815,0
2015-08-05,19:45:00,40.43,40.47,40.425,40.46,76815,0
2015-08-05,19:50:00,40.4501,40.4501,40.42,40.42,33719,0
2015-08-05,19:55:00,40.426,40.43,40.36,40.37,109789,0
2015-08-05,20:00:00,40.3735,40.444,40.37,40.43,53049,0
2015-08-05,20:05:00,40.43,40.4799,40.42,40.475,52255,0
2015-08-05,20:10:00,40.47,40.5,40.46,40.46,56942,0
2015-08-05,20:15:00,40.455,40.47,40.43,40.4635,29403,0
2015-08-05,20:20:00,40.47,40.49,40.46,40.49,49426,0
2015-08-05,20:25:00,40.49,40.51,40.49,40.5,66955,0
2015-08-05,20:30:00,40.51,40.535,40.5,40.53,63351,0
2015-08-05,20:35:00,40.53,40.535,40.5,40.505,67346,0
2015-08-05,20:40:00,40.5,40.525,40.5,40.51,50840,0
2015-08-05,20:45:00,40.51,40.5132,40.44,40.49,69254,0
2015-08-05,20:50:00,40.48,40.5,40.47,40.491,48772,0
2015-08-05,20:55:00,40.5,40.5,40.46,40.48,46457,0
2015-08-05,21:00:00,40.47,40.47,40.43,40.44,33468,0
2015-08-05,21:05:00,40.44,40.46,40.44,40.445,52790,0
2015-08-05,21:10:00,40.46,40.49,40.455,40.48,57159,0
2015-08-05,21:15:00,40.49,40.525,40.49,40.5,187507,0
2015-08-05,21:20:00,40.5,40.5,40.47,40.47,100221,0
2015-08-05,21:25:00,40.4727,40.51,40.46,40.51,77295,0
2015-08-05,21:30:00,40.51,40.53,40.47,40.475,156226,0
2015-08-05,21:35:00,40.46,40.4661,40.44,40.45,87339,0
2015-08-05,21:40:00,40.45,40.4751,40.42,40.43,310764,0
2015-08-05,21:45:00,40.43,40.435,40.41,40.415,240023,0
2015-08-05,21:50:00,40.41,40.44,40.41,40.42,206636,0
2015-08-05,21:55:00,40.42,40.43,40.4,40.405,286095,0
2015-08-05,22:00:00,40.41,40.46,40.4,40.44,1363358,0
2015-08-06,15:35:00,40.36,40.43,40.28,40.295,266297,0
2015-08-06,15:40:00,40.28,40.31,40.17,40.24,211765,0
2015-08-06,15:45:00,40.23,40.26,40.2,40.24,141811,0
2015-08-06,15:50:00,40.23,40.28,40.22,40.27,98615,0
2015-08-06,15:55:00,40.27,40.28,40.22,40.22,134807,0
2015-08-06,16:00:00,40.225,40.25,40.1949,40.25,134731,0
2015-08-06,16:05:00,40.24,40.2401,40.19,40.22,107506,0
2015-08-06,16:10:00,40.22,40.245,40.205,40.23,31771,0
2015-08-06,16:15:00,40.23,40.3,40.22,40.29,161044,0
2015-08-06,16:20:00,40.29,40.29,40.21,40.235,73750,0
2015-08-06,16:25:00,40.23,40.23,40.16,40.19,116843,0
2015-08-06,16:30:00,40.1849,40.195,40.16,40.1645,87381,0
2015-08-06,16:35:00,40.16,40.21,40.145,40.18,260689,0
2015-08-06,16:40:00,40.18,40.2899,40.18,40.275,181198,0
2015-08-06,16:45:00,40.28,40.29,40.255,40.27,77512,0
2015-08-06,16:50:00,40.27,40.28,40.23,40.27,90160,0
2015-08-06,16:55:00,40.265,40.265,40.22,40.23,279643,0
2015-08-06,17:00:00,40.22,40.22,40.18,40.19,73391,0
2015-08-06,17:05:00,40.2,40.2199,40.19,40.195,37785,0
2015-08-06,17:10:00,40.19,40.19,40.15,40.1699,37943,0
2015-08-06,17:15:00,40.16,40.17,40.105,40.115,175048,0
2015-08-06,17:20:00,40.12,40.17,40.12,40.1601,92202,0
2015-08-06,17:25:00,40.16,40.21,40.14,40.16,57316,0
2015-08-06,17:30:00,40.155,40.155,40.07,40.1,226151,0
2015-08-06,17:35:00,40.1,40.135,40.09,40.11,130940,0
2015-08-06,17:40:00,40.1,40.1095,40.075,40.09,134400,0
2015-08-06,17:45:00,40.09,40.11,40.07,40.11,103531,0
2015-08-06,17:50:00,40.1105,40.13,40.09,40.12,104627,0
2015-08-06,17:55:00,40.12,40.12,40.08,40.08,63045,0
2015-08-06,18:00:00,40.07,40.1001,40.02,40.03,43242,0
2015-08-06,18:05:00,40.03,40.05,40.01,40.04,103900,0
2015-08-06,18:10:00,40.045,40.13,40.03,40.105,467324,0
2015-08-06,18:15:00,40.105,40.13,40.0908,40.125,86321,0
2015-08-06,18:20:00,40.13,40.13,40.07,40.08,137820,0
2015-08-06,18:25:00,40.08,40.08,40.01,40.02,153641,0
2015-08-06,18:30:00,40.02,40.05,40.02,40.045,128950,0
2015-08-06,18:35:00,40.05,40.06,40.02,40.02,75283,0
2015-08-06,18:40:00,40.02,40.03,40,40.01,143961,0
2015-08-06,18:45:00,40.015,40.04,40,40.01,219118,0
2015-08-06,18:50:00,40,40.01,39.975,39.995,233917,0
2015-08-06,18:55:00,39.99,40,39.975,40,42779,0
2015-08-06,19:00:00,40,40,39.96,39.99,78078,0
2015-08-06,19:05:00,39.98,40.01,39.97,39.995,101679,0
2015-08-06,19:10:00,39.995,40,39.98,39.99,74278,0
2015-08-06,19:15:00,39.985,40.015,39.962,40.01,119856,0
2015-08-06,19:20:00,40.02,40.056,39.99,40.05,218502,0
2015-08-06,19:25:00,40.05,40.075,40.03,40.06,128294,0
2015-08-06,19:30:00,40.06,40.08,40.045,40.06,69889,0
2015-08-06,19:35:00,40.06,40.07,40.05,40.05,117157,0
2015-08-06,19:40:00,40.055,40.065,40.02,40.035,105808,0
2015-08-06,19:45:00,40.04,40.06,40.02,40.0525,100227,0
2015-08-06,19:50:00,40.055,40.09,40.04,40.08,70405,0
2015-08-06,19:55:00,40.09,40.09,40.0509,40.08,265625,0
2015-08-06,20:00:00,40.08,40.09,40.015,40.02,147822,0
2015-08-06,20:05:00,40.02,40.04,40.01,40.02,83165,0
2015-08-06,20:10:00,40.02,40.055,40.01,40.055,124910,0
2015-08-06,20:15:00,40.05,40.06,40.02,40.04,29084,0
2015-08-06,20:20:00,40.04,40.04,40,40.03,38276,0
2015-08-06,20:25:00,40.04,40.095,40.03,40.075,67574,0
2015-08-06,20:30:00,40.07,40.11,40.07,40.11,53805,0
2015-08-06,20:35:00,40.11,40.14,40.08,40.09,92180,0
2015-08-06,20:40:00,40.09,40.11,40.06,40.075,35309,0
2015-08-06,20:45:00,40.08,40.115,40.07,40.1,55581,0
2015-08-06,20:50:00,40.1,40.12,40.09,40.1,54335,0
2015-08-06,20:55:00,40.1,40.1,40.05,40.063,53534,0
2015-08-06,21:00:00,40.06,40.07,40.03,40.065,38117,0
2015-08-06,21:05:00,40.06,40.1,40.06,40.07,82163,0
2015-08-06,21:10:00,40.07,40.08,40.05,40.05,49882,0
2015-08-06,21:15:00,40.05,40.09,40.05,40.07,106811,0
2015-08-06,21:20:00,40.06,40.095,40.04,40.095,41911,0
2015-08-06,21:25:00,40.09,40.1,40.05,40.06,108631,0
2015-08-06,21:30:00,40.06,40.08,40.04,40.06,97949,0
2015-08-06,21:35:00,40.06,40.085,40.04,40.07,89478,0
2015-08-06,21:40:00,40.07,40.12,40.06,40.11,257886,0
2015-08-06,21:45:00,40.12,40.155,40.1,40.14,160620,0
2015-08-06,21:50:00,40.14,40.21,40.13,40.2,304027,0
2015-08-06,21:55:00,40.2,40.215,40.15,40.16,259665,0
2015-08-06,22:00:00,40.16,40.19,40.09,40.11,873950,0
2015-08-07,15:35:00,40.69,40.72,40.57,40.59,418539,0
2015-08-07,15:40:00,40.59,40.66,40.59,40.62,209201,0
2015-08-07,15:45:00,40.62,40.7,40.61,40.69,220186,0
2015-08-07,15:50:00,40.7,40.7,40.61,40.64,146575,0
2015-08-07,15:55:00,40.64,40.73,40.62,40.7,153316,0
2015-08-07,16:00:00,40.7031,40.75,40.67,40.71,134894,0
2015-08-07,16:05:00,40.7,40.7,40.605,40.63,187264,0
2015-08-07,16:10:00,40.63,40.68,40.61,40.65,108094,0
2015-08-07,16:15:00,40.65,40.7,40.64,40.66,85787,0
2015-08-07,16:20:00,40.66,40.71,40.65,40.66,85563,0
2015-08-07,16:25:00,40.65,40.66,40.5799,40.585,186470,0
2015-08-07,16:30:00,40.585,40.6,40.52,40.56,83041,0
2015-08-07,16:35:00,40.56,40.59,40.535,40.58,46163,0
2015-08-07,16:40:00,40.58,40.62,40.58,40.6,66691,0
2015-08-07,16:45:00,40.6,40.65,40.58,40.6,106687,0
2015-08-07,16:50:00,40.61,40.65,40.57,40.64,49350,0
2015-08-07,16:55:00,40.65,40.675,40.61,40.61,204812,0
2015-08-07,17:00:00,40.6,40.625,40.57,40.58,77966,0
2015-08-07,17:05:00,40.59,40.62,40.55,40.55,154696,0
2015-08-07,17:10:00,40.54,40.58,40.54,40.5501,196238,0
2015-08-07,17:15:00,40.55,40.57,40.53,40.545,191719,0
2015-08-07,17:20:00,40.545,40.55,40.46,40.465,149151,0
2015-08-07,17:25:00,40.47,40.51,40.465,40.51,127569,0
2015-08-07,17:30:00,40.5,40.52,40.48,40.49,207812,0
2015-08-07,17:35:00,40.495,40.495,40.45,40.485,170967,0
2015-08-07,17:40:00,40.485,40.495,40.46,40.465,139956,0
2015-08-07,17:45:00,40.47,40.52,40.47,40.51,149394,0
2015-08-07,17:50:00,40.51,40.53,40.48,40.49,126635,0
2015-08-07,17:55:00,40.5,40.53,40.48,40.49,41024,0
2015-08-07,18:00:00,40.49,40.52,40.47,40.51,33769,0
2015-08-07,18:05:00,40.52,40.55,40.51,40.53,99206,0
2015-08-07,18:10:00,40.53,40.55,40.52,40.53,69768,0
2015-08-07,18:15:00,40.53,40.55,40.5,40.51,45570,0
2015-08-07,18:20:00,40.52,40.54,40.505,40.51,33605,0
2015-08-07,18:25:00,40.51,40.5159,40.47,40.5,34813,0
2015-08-07,18:30:00,40.51,40.53,40.48,40.48,39367,0
2015-08-07,18:35:00,40.48,40.49,40.46,40.48,123176,0
2015-08-07,18:40:00,40.475,40.52,40.47,40.52,210643,0
2015-08-07,18:45:00,40.515,40.54,40.5,40.53,19434,0
2015-08-07,18:50:00,40.53,40.54,40.49,40.495,40702,0
2015-08-07,18:55:00,40.49,40.52,40.49,40.5,31656,0
2015-08-07,19:00:00,40.51,40.51,40.48,40.505,23786,0
2015-08-07,19:05:00,40.5,40.51,40.46,40.47,24487,0
2015-08-07,19:10:00,40.4601,40.5,40.46,40.48,85452,0
2015-08-07,19:15:00,40.47,40.48,40.45,40.47,48520,0
2015-08-07,19:20:00,40.47,40.49,40.45,40.48,28601,0
2015-08-07,19:25:00,40.47,40.48,40.455,40.46,32807,0
2015-08-07,19:30:00,40.46,40.51,40.425,40.5,200781,0
2015-08-07,19:35:00,40.51,40.54,40.5,40.525,80612,0
2015-08-07,19:40:00,40.53,40.53,40.5001,40.51,44611,0
2015-08-07,19:45:00,40.51,40.5299,40.5,40.52,13575,0
2015-08-07,19:50:00,40.51,40.535,40.5,40.52,88778,0
2015-08-07,19:55:00,40.51,40.52,40.455,40.46,155984,0
2015-08-07,20:00:00,40.46,40.465,40.45,40.46,46316,0
2015-08-07,20:05:00,40.46,40.46,40.425,40.43,23576,0
2015-08-07,20:10:00,40.42,40.46,40.42,40.45,60759,0
2015-08-07,20:15:00,40.45,40.46,40.43,40.44,37359,0
2015-08-07,20:20:00,40.44,40.45,40.41,40.41,63544,0
2015-08-07,20:25:00,40.41,40.425,40.375,40.42,124842,0
2015-08-07,20:30:00,40.425,40.45,40.42,40.4306,42394,0
2015-08-07,20:35:00,40.44,40.47,40.44,40.46,21576,0
2015-08-07,20:40:00,40.46,40.49,40.45,40.45,34511,0
2015-08-07,20:45:00,40.45,40.47,40.42,40.43,56864,0
2015-08-07,20:50:00,40.42,40.47,40.41,40.46,44183,0
2015-08-07,20:55:00,40.46,40.52,40.46,40.515,125401,0
2015-08-07,21:00:00,40.52,40.525,40.49,40.4949,53444,0
2015-08-07,21:05:00,40.495,40.5,40.47,40.47,65539,0
2015-08-07,21:10:00,40.46,40.48,40.44,40.4759,52591,0
2015-08-07,21:15:00,40.47,40.47,40.42,40.43,76766,0
2015-08-07,21:20:00,40.43,40.46,40.43,40.45,40565,0
2015-08-07,21:25:00,40.46,40.505,40.46,40.49,67787,0
2015-08-07,21:30:00,40.49,40.54,40.475,40.51,169826,0
2015-08-07,21:35:00,40.5101,40.53,40.48,40.5,550270,0
2015-08-07,21:40:00,40.495,40.51,40.4601,40.49,91980,0
2015-08-07,21:45:00,40.485,40.5,40.455,40.49,187368,0
2015-08-07,21:50:00,40.49,40.49,40.47,40.485,88536,0
2015-08-07,21:55:00,40.48,40.51,40.47,40.495,237286,0
2015-08-07,22:00:00,40.49,40.53,40.46,40.53,1450575,0
