Date,Time,Open,High,Low,Close,Volume,OpenInt
2013-12-23,17:15:00,41.98,42.01,41.96,41.96,1008,0
2013-12-23,17:20:00,41.94,41.94,41.94,41.94,401,0
2013-12-23,17:25:00,41.94,41.98,41.94,41.98,603,0
2013-12-23,17:30:00,42.16,42.17,42.11,42.11,3528,0
2013-12-23,17:35:00,42.12,42.12,42.12,42.12,1110,0
2013-12-31,21:35:00,42.179,42.346,42.179,42.346,503,0
2014-01-02,16:50:00,42.159,42.159,42.129,42.139,806,0
2014-01-02,16:55:00,42.159,42.189,42.159,42.189,401,0
2014-01-02,20:45:00,42.149,42.159,42.149,42.159,300,0
2014-01-02,20:50:00,42.189,42.189,42.189,42.189,100,0
2014-01-02,21:05:00,42.189,42.239,42.019,42.019,907,0
2014-01-07,18:45:00,42.209,42.259,42.119,42.179,603,0
2014-01-14,18:10:00,42.734,42.734,42.734,42.734,250,0
2014-02-03,15:35:00,42.23,42.23,42.23,42.23,100,0
2014-02-04,19:15:00,42.466,42.466,42.466,42.466,200,0
2014-02-13,19:30:00,42.615,42.615,42.566,42.566,2816,0
2014-02-13,19:35:00,42.635,42.814,42.625,42.794,2111,0
2014-02-13,19:45:00,42.645,42.804,42.645,42.774,2916,0
2014-02-14,16:10:00,42.615,42.615,42.615,42.615,200,0
2014-02-14,16:15:00,42.595,42.665,42.556,42.635,1811,0
2014-02-14,16:20:00,42.784,42.794,42.754,42.754,513,0
2014-02-26,18:30:00,42.566,42.864,42.516,42.844,2716,0
2014-02-26,18:35:00,42.615,42.655,42.615,42.655,1711,0
2014-02-26,18:40:00,42.715,42.814,42.675,42.744,2111,0
2014-02-26,18:45:00,42.754,42.754,42.665,42.665,804,0
2014-02-26,18:55:00,42.506,42.715,42.486,42.715,804,0
2014-02-26,19:00:00,42.774,42.774,42.625,42.625,1107,0
2014-02-26,19:05:00,42.615,42.685,42.605,42.685,3221,0
2014-02-26,19:10:00,42.695,42.695,42.665,42.685,3221,0
2014-03-04,18:50:00,42.715,42.864,42.715,42.864,5024,0
2014-03-04,18:55:00,42.894,42.894,42.884,42.884,2415,0
2014-03-04,19:00:00,42.854,42.874,42.854,42.874,1207,0
2014-03-04,19:05:00,43.123,43.222,43.123,43.172,2616,0
2014-03-04,19:10:00,43.113,43.113,43.093,43.093,200,0
2014-03-04,19:15:00,43.103,43.103,43.043,43.043,200,0
2014-03-04,19:25:00,43.023,43.023,43.023,43.023,100,0
2014-03-05,16:10:00,42.824,42.864,42.824,42.864,2816,0
2014-03-05,16:15:00,42.884,42.924,42.884,42.924,2716,0
2014-03-05,16:20:00,42.954,42.954,42.954,42.954,2011,0
2014-03-05,16:25:00,43.053,43.162,43.053,43.162,2111,0
2014-03-05,16:30:00,43.282,43.671,43.003,43.003,3220,0
2014-03-05,16:35:00,42.964,42.964,42.924,42.934,2111,0
2014-03-05,16:45:00,42.924,42.924,42.924,42.924,200,0
2014-03-05,16:50:00,42.944,42.954,42.924,42.924,300,0
2014-03-05,16:55:00,42.904,42.904,42.814,42.854,2214,0
2014-03-05,21:35:00,42.754,42.754,42.754,42.754,100,0
2014-03-05,21:40:00,42.764,42.784,42.744,42.744,1006,0
2014-03-05,21:45:00,42.754,42.754,42.735,42.735,1408,0
2014-03-05,21:50:00,42.715,42.754,42.715,42.754,1308,0
2014-03-06,15:35:00,43.043,43.172,43.043,43.073,1106,0
2014-03-06,16:10:00,43.023,43.043,42.984,42.984,1006,0
2014-03-06,19:20:00,43.212,43.212,43.212,43.212,100,0
2014-03-06,21:10:00,43.342,43.342,43.342,43.342,100,0
2014-03-10,16:10:00,43.093,43.262,43.093,43.162,7243,0
2014-03-10,16:15:00,43.172,43.172,43.133,43.133,2616,0
2014-03-10,16:20:00,43.133,43.222,43.023,43.222,6540,0
2014-03-10,16:25:00,43.272,43.272,43.252,43.262,3019,0
2014-03-10,16:30:00,43.252,43.302,43.252,43.282,1107,0
2014-03-10,16:35:00,43.242,43.272,43.242,43.252,703,0
2014-03-10,16:40:00,43.242,43.282,43.242,43.252,703,0
2014-03-10,16:50:00,43.242,43.262,43.242,43.252,703,0
2014-03-10,16:55:00,43.242,43.252,43.242,43.242,603,0
2014-03-10,17:00:00,43.242,43.242,43.242,43.242,300,0
2014-03-10,17:05:00,43.242,43.242,43.242,43.242,703,0
2014-03-10,17:10:00,43.242,43.242,43.242,43.242,703,0
2014-03-10,18:00:00,43.252,43.252,43.252,43.252,703,0
2014-03-10,18:05:00,43.133,43.162,43.133,43.162,2816,0
2014-03-10,18:10:00,43.282,43.282,43.252,43.252,503,0
2014-03-10,18:15:00,43.252,43.252,43.252,43.252,401,0
2014-03-10,18:20:00,43.252,43.252,43.252,43.252,200,0
2014-03-10,18:25:00,43.252,43.252,43.252,43.252,804,0
2014-03-10,18:30:00,43.252,43.252,43.252,43.252,1509,0
2014-03-10,18:35:00,43.262,43.262,43.242,43.252,6540,0
2014-03-11,15:05:00,43.332,43.332,43.133,43.133,200,0
2014-03-11,15:10:00,43.192,43.202,43.113,43.202,4526,0
2014-03-11,15:15:00,43.202,43.272,43.202,43.262,2516,0
2014-03-11,15:20:00,43.282,43.282,43.262,43.262,2214,0
2014-03-11,15:25:00,43.292,43.292,43.262,43.292,1811,0
2014-03-11,15:30:00,43.282,43.292,43.282,43.292,2716,0
2014-03-11,15:35:00,43.152,43.212,43.152,43.212,6336,0
2014-03-11,15:40:00,43.242,43.312,43.242,43.242,4526,0
2014-03-11,15:45:00,43.252,43.252,43.222,43.222,2616,0
2014-03-11,15:55:00,43.142,43.192,43.142,43.182,5734,0
2014-03-11,16:00:00,43.162,43.162,43.162,43.162,100,0
2014-03-11,16:05:00,43.152,43.192,43.152,43.162,1309,0
2014-03-11,16:10:00,43.162,43.242,43.162,43.172,3721,0
2014-03-11,16:15:00,43.172,43.192,43.172,43.172,3120,0
2014-03-11,20:45:00,43.202,43.202,43.202,43.202,100,0
2014-03-11,21:00:00,43.242,43.242,43.242,43.242,100,0
2014-03-12,15:05:00,43.372,43.372,43.242,43.262,3621,0
2014-03-12,15:10:00,43.262,43.332,43.262,43.292,3621,0
2014-03-12,15:15:00,43.272,43.272,43.242,43.242,2314,0
2014-03-12,15:20:00,43.152,43.252,43.003,43.162,6136,0
2014-03-12,15:25:00,43.172,43.242,43.172,43.222,2111,0
2014-03-12,15:30:00,43.212,43.212,43.212,43.212,1509,0
2014-03-12,15:35:00,43.212,43.212,43.212,43.212,200,0
2014-03-12,15:40:00,43.202,43.232,43.162,43.232,1509,0
2014-03-12,15:45:00,43.232,43.232,43.232,43.232,300,0
2014-03-12,16:00:00,43.232,43.232,43.232,43.232,200,0
2014-03-12,16:05:00,43.232,43.232,43.232,43.232,200,0
2014-03-12,16:10:00,43.232,43.232,43.232,43.232,200,0
2014-03-12,16:15:00,43.232,43.232,43.232,43.232,200,0
2014-03-12,16:40:00,43.172,43.252,43.172,43.252,1409,0
2014-03-12,16:45:00,43.252,43.252,43.252,43.252,1006,0
2014-03-12,16:50:00,43.242,43.252,43.242,43.242,804,0
2014-03-12,16:55:00,43.242,43.242,43.242,43.242,703,0
2014-03-12,17:00:00,43.242,43.242,43.242,43.242,703,0
2014-03-12,17:30:00,43.222,43.232,43.222,43.232,1006,0
2014-03-12,17:40:00,43.242,43.242,43.242,43.242,100,0
2014-03-12,17:45:00,43.242,43.262,43.242,43.262,300,0
2014-03-12,17:50:00,43.252,43.252,43.252,43.252,100,0
2014-03-12,17:55:00,43.232,43.232,43.232,43.232,100,0
2014-03-12,18:05:00,43.232,43.292,43.212,43.292,1409,0
2014-03-12,18:15:00,43.272,43.272,43.272,43.272,100,0
2014-03-12,18:20:00,43.272,43.272,43.272,43.272,100,0
2014-03-12,18:25:00,43.272,43.272,43.272,43.272,100,0
2014-03-12,18:30:00,43.282,43.282,43.282,43.282,200,0
2014-03-12,18:35:00,43.272,43.272,43.272,43.272,100,0
2014-03-12,18:40:00,43.272,43.272,43.212,43.212,1409,0
2014-03-12,18:45:00,43.292,43.292,43.292,43.292,603,0
2014-03-12,18:50:00,43.302,43.302,43.282,43.282,1409,0
2014-03-12,18:55:00,43.282,43.292,43.272,43.272,1409,0
2014-03-12,19:00:00,43.282,43.282,43.262,43.262,1107,0
2014-03-12,19:30:00,43.282,43.282,43.282,43.282,905,0
2014-03-12,19:35:00,43.282,43.292,43.272,43.292,2011,0
2014-03-12,19:55:00,43.272,43.292,43.272,43.292,1006,0
2014-03-12,20:00:00,43.272,43.272,43.272,43.272,200,0
2014-03-12,20:05:00,43.202,43.252,43.192,43.252,3120,0
2014-03-12,20:10:00,43.242,43.282,43.232,43.282,2314,0
2014-03-12,20:15:00,43.262,43.262,43.262,43.262,401,0
2014-03-12,20:20:00,43.262,43.262,43.262,43.262,100,0
2014-03-12,20:25:00,43.262,43.262,43.252,43.252,300,0
2014-03-12,20:35:00,43.252,43.252,43.252,43.252,200,0
2014-03-12,20:45:00,43.192,43.232,43.162,43.162,905,0
2014-03-18,15:05:00,43.312,43.332,43.272,43.332,3924,0
2014-03-18,15:10:00,43.442,43.442,43.302,43.302,4929,0
2014-03-18,15:15:00,43.282,43.282,43.252,43.262,3721,0
2014-03-18,17:20:00,43.272,43.272,43.272,43.272,100,0
2014-03-18,19:55:00,43.302,43.302,43.292,43.302,5634,0
2014-03-18,20:00:00,43.332,43.402,43.332,43.402,4526,0
2014-03-18,20:05:00,43.342,43.342,43.342,43.342,100,0
2014-03-19,19:45:00,43.093,43.242,43.093,43.142,3823,0
2014-03-19,19:50:00,43.202,43.202,43.093,43.142,4124,0
2014-03-19,19:55:00,43.142,43.172,43.142,43.162,5332,0
2014-03-20,14:35:00,43.063,43.063,43.063,43.063,603,0
2014-03-20,16:35:00,42.645,42.705,42.645,42.705,7444,0
2014-03-20,16:40:00,42.804,42.814,42.794,42.794,6640,0
2014-03-20,16:45:00,42.804,42.804,42.774,42.784,2716,0
2014-03-20,16:50:00,42.744,42.744,42.725,42.735,12171,0
2014-03-20,18:20:00,42.605,42.695,42.605,42.695,7243,0
2014-03-20,18:25:00,42.754,42.774,42.715,42.764,4829,0
2014-03-20,18:30:00,42.764,42.834,42.764,42.794,5734,0
2014-03-20,18:35:00,42.794,42.804,42.715,42.744,9256,0
2014-03-20,18:40:00,42.754,42.824,42.754,42.764,8047,0
2014-03-20,18:45:00,42.804,42.834,42.764,42.784,3420,0
2014-03-20,18:50:00,42.744,42.824,42.744,42.754,5432,0
2014-03-20,18:55:00,42.794,42.794,42.725,42.764,1409,0
2014-03-20,19:00:00,42.725,42.725,42.725,42.725,4225,0
2014-03-20,19:05:00,42.794,42.834,42.774,42.784,7041,0
2014-03-20,20:00:00,42.784,42.784,42.764,42.764,200,0
2014-03-21,14:35:00,42.645,42.645,42.645,42.645,401,0
2014-03-21,14:50:00,42.764,42.964,42.715,42.844,3721,0
2014-03-21,15:20:00,42.774,42.814,42.754,42.814,2111,0
2014-03-21,15:25:00,42.794,42.904,42.794,42.844,4526,0
2014-03-21,15:30:00,42.844,42.844,42.794,42.844,7745,0
2014-03-21,15:35:00,42.844,42.854,42.784,42.834,4325,0
2014-03-21,15:40:00,42.844,42.854,42.804,42.854,6841,0
2014-03-21,15:45:00,42.814,42.844,42.804,42.844,4929,0
2014-03-21,15:50:00,42.844,42.854,42.824,42.824,2415,0
2014-03-21,15:55:00,42.804,42.844,42.804,42.844,5734,0
2014-03-21,16:00:00,42.844,42.844,42.804,42.804,1107,0
2014-03-21,16:55:00,42.735,42.864,42.715,42.844,8852,0
2014-03-21,17:00:00,42.844,42.854,42.844,42.854,4124,0
2014-03-21,17:35:00,42.764,42.784,42.764,42.764,300,0
2014-03-21,19:25:00,42.794,42.804,42.794,42.804,401,0
2014-03-21,20:45:00,42.814,42.814,42.814,42.814,100,0
2014-03-24,16:20:00,42.764,42.834,42.665,42.784,3019,0
2014-03-24,16:25:00,42.784,42.784,42.784,42.784,300,0
2014-03-24,16:35:00,42.715,42.814,42.715,42.814,2516,0
2014-03-24,16:40:00,42.834,42.844,42.814,42.814,2415,0
2014-03-24,16:55:00,42.744,42.744,42.744,42.744,100,0
2014-03-24,17:25:00,42.754,42.914,42.754,42.894,7947,0
2014-03-24,17:35:00,42.794,42.904,42.794,42.894,6741,0
2014-03-24,17:40:00,42.884,42.894,42.874,42.874,6236,0
2014-03-24,17:55:00,42.804,42.884,42.804,42.874,9557,0
2014-03-24,18:00:00,42.874,42.874,42.874,42.874,4425,0
2014-03-24,18:30:00,42.834,43.073,42.834,42.924,10663,0
2014-03-24,18:35:00,42.974,43.053,42.974,43.053,2214,0
2014-03-24,18:50:00,42.894,43.123,42.894,43.113,6941,0
2014-03-24,18:55:00,43.103,43.123,43.073,43.103,4626,0
2014-03-24,19:55:00,43.023,43.083,43.023,43.043,3721,0
2014-03-24,20:15:00,42.984,43.073,42.984,43.043,4325,0
2014-03-24,20:20:00,43.043,43.053,43.043,43.043,2214,0
2014-03-24,21:00:00,43.043,43.043,43.043,43.043,401,0
2014-03-25,14:45:00,43.083,43.083,43.083,43.083,100,0
2014-03-25,14:50:00,42.844,43.003,42.844,42.994,9853,0
2014-03-25,14:55:00,42.994,42.994,42.934,42.964,1206,0
2014-03-25,15:05:00,42.964,42.974,42.884,42.964,1308,0
2014-03-25,15:10:00,42.954,42.964,42.854,42.944,8144,0
2014-03-25,15:15:00,42.944,42.944,42.944,42.944,200,0
2014-03-25,16:05:00,42.924,42.984,42.924,42.964,5229,0
2014-03-25,16:15:00,42.974,42.974,42.964,42.964,200,0
2014-03-25,16:30:00,42.904,42.904,42.904,42.904,100,0
2014-03-25,16:55:00,42.904,42.904,42.904,42.904,100,0
2014-03-25,17:15:00,42.774,42.874,42.774,42.864,6839,0
2014-03-25,17:20:00,42.804,42.874,42.804,42.874,6937,0
2014-03-25,17:25:00,42.884,42.904,42.824,42.864,3619,0
2014-03-25,17:50:00,42.954,42.954,42.864,42.884,6033,0
2014-03-25,17:55:00,42.924,42.954,42.904,42.944,5531,0
2014-03-25,20:10:00,42.964,43.093,42.914,43.053,5429,0
2014-03-25,20:15:00,43.043,43.043,42.934,42.974,2915,0
2014-03-25,20:45:00,42.994,43.073,42.934,42.934,603,0
2014-03-26,15:20:00,43.162,43.162,42.914,42.924,1408,0
2014-03-26,15:30:00,42.954,43.043,42.954,43.043,804,0
2014-03-26,18:00:00,43.023,43.033,43.023,43.033,300,0
2014-03-26,18:10:00,42.924,43.033,42.924,43.033,1308,0
2014-03-26,18:15:00,43.083,43.083,42.924,42.934,1810,0
2014-03-26,18:20:00,42.974,42.974,42.974,42.974,401,0
2014-03-26,20:45:00,42.974,42.974,42.974,42.974,401,0
2014-03-27,14:35:00,43.202,43.202,43.202,43.202,200,0
2014-03-27,14:40:00,42.804,43.202,42.804,43.202,401,0
2014-03-28,14:50:00,42.824,42.874,42.824,42.874,401,0
2014-03-28,14:55:00,42.934,42.934,42.934,42.934,200,0
2014-03-28,15:25:00,42.854,42.854,42.834,42.834,200,0
2014-03-28,15:50:00,42.974,42.974,42.854,42.864,1710,0
2014-03-28,15:55:00,42.854,42.944,42.854,42.894,1910,0
2014-03-28,18:20:00,42.844,42.844,42.844,42.844,100,0
2014-03-28,19:30:00,42.824,42.944,42.824,42.884,3418,0
2014-03-28,19:35:00,42.904,42.904,42.834,42.904,3017,0
2014-03-28,20:35:00,42.834,42.854,42.834,42.854,1005,0
2014-03-28,20:40:00,42.904,42.904,42.894,42.894,1408,0
2014-03-31,16:05:00,42.854,42.884,42.854,42.884,200,0
2014-04-01,17:50:00,42.937,42.947,42.937,42.947,703,0
2014-04-01,18:15:00,42.947,42.947,42.947,42.947,100,0
2014-04-02,16:05:00,42.847,42.847,42.827,42.827,1106,0
2014-04-02,16:10:00,42.837,42.887,42.837,42.887,2715,0
2014-04-02,16:15:00,42.917,42.927,42.887,42.887,5429,0
2014-04-02,16:20:00,42.857,42.877,42.857,42.877,5027,0
2014-04-02,17:05:00,42.857,42.857,42.857,42.857,200,0
2014-04-02,17:45:00,42.837,42.837,42.837,42.837,603,0
2014-04-02,19:30:00,42.817,42.817,42.817,42.817,100,0
2014-04-02,19:45:00,42.827,42.847,42.827,42.847,200,0
2014-04-02,20:05:00,42.837,42.917,42.837,42.907,5229,0
2014-04-02,20:10:00,42.887,42.887,42.837,42.867,3017,0
2014-04-02,20:15:00,42.837,42.847,42.827,42.827,3218,0
2014-04-02,20:55:00,42.787,42.787,42.787,42.787,100,0
2014-04-02,21:50:00,42.797,42.807,42.777,42.787,3218,0
2014-04-02,21:55:00,42.797,42.857,42.787,42.857,4122,0
2014-04-02,22:00:00,42.857,42.857,42.857,42.857,503,0
2014-04-03,15:40:00,42.668,42.698,42.668,42.698,200,0
2014-04-03,19:50:00,42.678,42.678,42.668,42.668,2615,0
2014-04-03,19:55:00,42.767,42.817,42.638,42.638,3518,0
2014-04-03,20:00:00,42.688,42.738,42.688,42.698,503,0
2014-04-03,20:05:00,42.728,42.728,42.708,42.708,1910,0
2014-04-03,20:35:00,42.668,42.698,42.668,42.698,2414,0
2014-04-03,20:40:00,42.728,42.728,42.708,42.708,3218,0
2014-04-04,15:45:00,42.569,42.747,42.569,42.738,6937,0
2014-04-04,15:50:00,42.728,42.747,42.479,42.479,12468,0
2014-04-04,15:55:00,42.668,42.698,42.668,42.698,13874,0
2014-04-04,16:00:00,42.728,42.728,42.678,42.678,3922,0
2014-04-04,16:20:00,42.738,42.738,42.738,42.738,330,0
2014-04-04,16:25:00,42.688,42.698,42.688,42.698,401,0
2014-04-04,16:30:00,42.698,42.698,42.698,42.698,503,0
2014-04-04,17:30:00,42.698,42.698,42.688,42.688,2213,0
2014-04-04,17:35:00,42.638,42.668,42.638,42.668,1206,0
2014-04-04,17:40:00,42.658,42.738,42.658,42.728,1810,0
2014-04-04,17:45:00,42.797,42.817,42.718,42.738,6233,0
2014-04-04,17:50:00,42.747,42.807,42.747,42.807,3922,0
2014-04-04,18:05:00,42.747,42.747,42.747,42.747,200,0
2014-04-04,21:35:00,42.738,42.827,42.738,42.738,1810,0
2014-04-04,21:40:00,42.767,42.857,42.688,42.757,3820,0
2014-04-04,21:45:00,42.817,42.857,42.728,42.747,4624,0
2014-04-04,21:50:00,42.817,42.857,42.747,42.857,4223,0
2014-04-04,21:55:00,42.847,42.857,42.658,42.857,4826,0
2014-04-04,22:00:00,42.847,42.847,42.668,42.738,4726,0
2014-04-07,19:00:00,42.807,42.877,42.807,42.877,1508,0
2014-04-07,19:05:00,42.897,42.967,42.897,42.957,8345,0
2014-04-07,20:25:00,42.897,42.907,42.897,42.907,401,0
2014-04-07,20:50:00,42.937,42.937,42.937,42.937,200,0
2014-04-07,21:20:00,42.917,42.927,42.917,42.927,2615,0
2014-04-07,22:00:00,42.987,42.987,42.987,42.987,503,0
2014-04-08,18:00:00,42.947,43.116,42.947,43.076,2414,0
2014-04-08,18:05:00,43.086,43.086,43.086,43.086,1106,0
2014-04-09,15:35:00,43.315,43.315,43.315,43.315,577,0
2014-04-09,15:45:00,43.036,43.126,43.036,43.126,1106,0
2014-04-09,15:50:00,43.006,43.126,43.006,43.036,8043,0
2014-04-09,15:55:00,43.046,43.106,43.046,43.106,905,0
2014-04-09,17:10:00,43.066,43.106,43.056,43.106,4524,0
2014-04-09,17:15:00,43.145,43.175,43.076,43.076,9853,0
2014-04-09,17:20:00,43.096,43.096,43.096,43.096,100,0
2014-04-09,17:25:00,43.106,43.106,43.106,43.106,100,0
2014-04-09,18:45:00,43.046,43.046,43.046,43.046,200,0
2014-04-09,19:00:00,43.046,43.165,43.046,43.165,1206,0
2014-04-09,19:05:00,43.175,43.295,43.076,43.086,5832,0
2014-04-09,19:10:00,43.086,43.096,43.086,43.096,3318,0
2014-04-09,19:15:00,43.036,43.036,42.997,42.997,603,0
2014-04-09,19:20:00,43.016,43.026,43.016,43.016,1005,0
2014-04-09,19:25:00,42.997,43.016,42.997,43.016,200,0
2014-04-09,20:00:00,43.046,43.046,43.026,43.026,503,0
2014-04-09,20:05:00,43.116,43.116,43.056,43.076,2010,0
2014-04-09,20:10:00,43.145,43.195,43.145,43.175,2313,0
2014-04-09,20:20:00,43.096,43.215,43.096,43.205,6213,0
2014-04-09,20:25:00,43.205,43.205,43.185,43.185,2815,0
2014-04-09,21:15:00,43.145,43.225,43.135,43.195,4926,0
2014-04-09,21:20:00,43.135,43.225,43.135,43.225,3619,0
2014-04-09,21:25:00,43.165,43.245,43.165,43.165,4223,0
2014-04-09,21:30:00,43.195,43.195,43.185,43.185,1810,0
2014-04-10,16:15:00,43.205,43.325,43.195,43.315,2213,0
2014-04-10,16:20:00,43.335,43.345,43.265,43.335,5530,0
2014-04-10,16:25:00,43.335,43.335,43.335,43.335,703,0
2014-04-10,16:40:00,43.455,43.455,43.405,43.405,1005,0
2014-04-10,17:15:00,43.295,43.365,43.295,43.335,2615,0
2014-04-10,18:35:00,43.325,43.455,43.325,43.385,2213,0
2014-04-10,18:40:00,43.385,43.385,43.345,43.345,1408,0
2014-04-10,19:50:00,43.325,43.365,43.285,43.365,2110,0
2014-04-10,20:05:00,43.365,43.365,43.365,43.365,503,0
2014-04-10,21:45:00,43.435,43.435,43.435,43.435,330,0
2014-04-11,16:40:00,43.335,43.335,43.335,43.335,1408,0
2014-04-11,16:50:00,43.365,43.455,43.365,43.455,1710,0
2014-04-11,16:55:00,43.445,43.445,43.385,43.435,2056,0
2014-04-14,16:15:00,43.445,43.455,43.395,43.395,3051,0
2014-04-15,16:30:00,43.165,43.165,43.165,43.165,300,0
2014-04-15,16:35:00,43.195,43.325,43.195,43.325,3820,0
2014-04-15,16:40:00,43.275,43.275,43.275,43.275,165,0
2014-04-15,16:45:00,43.265,43.265,43.265,43.265,100,0
2014-04-15,17:30:00,43.265,43.265,43.265,43.265,100,0
2014-04-15,17:35:00,43.245,43.245,43.245,43.245,200,0
2014-04-15,20:15:00,43.435,43.435,43.435,43.435,687,0
2014-04-15,20:25:00,43.215,43.245,43.215,43.245,804,0
2014-04-16,15:40:00,43.375,43.375,43.375,43.375,100,0
2014-04-16,16:25:00,43.365,43.365,43.235,43.305,3218,0
2014-04-16,16:30:00,43.335,43.365,43.255,43.285,4423,0
2014-04-16,16:35:00,43.295,43.305,43.265,43.295,5731,0
2014-04-16,18:25:00,43.245,43.265,43.245,43.255,2230,0
2014-04-16,18:30:00,43.255,43.255,43.255,43.255,200,0
2014-04-16,18:50:00,43.235,43.235,43.235,43.235,100,0
2014-04-16,20:15:00,43.235,43.235,43.235,43.235,100,0
2014-04-16,20:20:00,43.235,43.235,43.235,43.235,100,0
2014-04-16,21:00:00,43.225,43.225,43.225,43.225,100,0
2014-04-17,15:55:00,43.225,43.375,43.225,43.355,1810,0
2014-04-17,16:00:00,43.305,43.385,43.255,43.295,2213,0
2014-04-17,16:05:00,43.285,43.355,43.265,43.315,3318,0
2014-04-17,16:10:00,43.295,43.475,43.295,43.475,1236,0
2014-04-17,16:55:00,43.245,43.325,43.245,43.325,2615,0
2014-04-17,17:00:00,43.335,43.355,43.335,43.345,2914,0
2014-04-17,17:35:00,43.255,43.285,43.195,43.275,4205,0
2014-04-17,17:40:00,43.275,43.275,43.195,43.215,2715,0
2014-04-17,18:40:00,43.145,43.145,43.145,43.145,330,0
2014-04-17,18:45:00,43.175,43.175,43.175,43.175,100,0
2014-04-17,18:50:00,43.155,43.155,43.135,43.135,503,0
2014-04-17,18:55:00,43.116,43.116,43.116,43.116,100,0
2014-04-17,19:00:00,43.145,43.215,43.066,43.195,5440,0
2014-04-17,19:05:00,43.185,43.185,43.175,43.175,2110,0
2014-04-17,21:15:00,43.155,43.155,43.155,43.155,100,0
2014-04-21,17:25:00,43.076,43.135,43.076,43.116,2414,0
2014-04-21,17:30:00,43.126,43.205,43.126,43.185,5229,0
2014-04-21,17:35:00,43.185,43.185,43.116,43.126,2615,0
2014-04-21,22:00:00,43.155,43.155,42.967,42.967,401,0
2014-04-22,16:20:00,43.036,43.165,43.036,43.145,3895,0
2014-04-22,16:25:00,43.135,43.145,43.116,43.116,3091,0
2014-04-22,16:30:00,43.116,43.116,43.106,43.116,1608,0
2014-04-22,17:25:00,43.006,43.016,43.006,43.016,2010,0
2014-04-22,17:30:00,43.056,43.076,43.036,43.076,5517,0
2014-04-22,17:35:00,43.076,43.076,43.076,43.076,2249,0
2014-04-22,20:45:00,43.076,43.076,43.076,43.076,401,0
2014-04-23,18:35:00,43.056,43.086,43.056,43.086,1508,0
2014-04-23,18:50:00,43.066,43.086,43.066,43.086,300,0
2014-04-23,19:40:00,43.076,43.086,43.076,43.086,300,0
2014-04-25,15:55:00,42.937,42.937,42.937,42.937,1230,0
2014-04-25,18:05:00,43.165,43.305,43.165,43.255,2865,0
2014-04-29,17:30:00,43.145,43.255,43.145,43.255,401,0
2014-04-30,16:20:00,43.265,43.265,43.265,43.265,503,0
2014-05-21,19:15:00,42.883,42.883,42.883,42.883,100,0
2014-06-05,16:25:00,42.866,42.956,42.866,42.956,667,0
2014-06-09,20:50:00,43.245,43.245,43.245,43.245,484,0
2014-06-10,16:05:00,42.946,43.006,42.946,43.006,3011,0
2014-06-10,16:10:00,42.946,43.106,42.946,43.056,7425,0
2014-06-10,16:15:00,43.076,43.076,43.076,43.076,3612,0
2014-06-10,16:20:00,43.066,43.106,43.006,43.056,5520,0
2014-06-10,16:25:00,43.155,43.325,43.155,43.325,4614,0
2014-06-10,16:40:00,43.335,43.335,43.335,43.335,1,0
2014-06-10,19:00:00,42.916,42.916,42.916,42.916,1,0
2014-06-10,19:15:00,43.056,43.056,42.856,42.986,3111,0
2014-06-10,19:20:00,42.986,42.986,42.976,42.976,803,0
2014-06-10,19:25:00,42.976,42.976,42.976,42.976,300,0
2014-06-10,19:30:00,42.936,42.936,42.936,42.936,200,0
2014-06-10,19:40:00,42.876,42.876,42.876,42.876,300,0
2014-06-10,21:45:00,42.856,42.856,42.856,42.856,300,0
2014-06-11,15:50:00,42.846,42.856,42.846,42.856,400,0
2014-06-11,15:55:00,42.876,43.006,42.876,42.936,2809,0
2014-06-11,16:00:00,42.986,42.986,42.986,42.986,702,0
2014-06-11,16:20:00,42.956,42.956,42.956,42.956,803,0
2014-06-11,16:25:00,42.946,42.946,42.916,42.916,3011,0
2014-06-11,16:30:00,42.896,43.006,42.896,42.996,4214,0
2014-06-11,16:35:00,42.976,42.986,42.956,42.956,6120,0
2014-06-12,15:50:00,42.846,43.185,42.846,43.185,702,0
2014-06-12,15:55:00,43.026,43.026,42.976,42.976,803,0
2014-06-13,15:50:00,42.836,42.836,42.836,42.836,200,0
2014-06-13,15:55:00,42.856,42.856,42.856,42.856,464,0
2014-06-13,16:40:00,42.966,42.966,42.956,42.956,461,0
2014-06-17,20:30:00,42.906,42.916,42.906,42.916,400,0
2014-06-17,21:30:00,43.135,43.135,43.135,43.135,774,0
2014-06-23,16:10:00,42.966,42.966,42.956,42.956,365,0
2014-06-23,20:40:00,42.956,42.956,42.956,42.956,200,0
2014-06-25,18:50:00,43.285,43.305,43.285,43.305,903,0
2014-06-25,19:00:00,43.345,43.345,43.345,43.345,400,0
2014-06-25,20:35:00,43.425,43.425,43.425,43.425,100,0
2014-07-07,19:00:00,43.056,43.536,43.056,43.366,4109,0
2014-07-07,19:05:00,43.336,43.336,43.286,43.286,6515,0
2014-07-07,19:10:00,43.286,43.296,43.216,43.276,1403,0
2014-07-07,19:30:00,43.156,43.156,43.156,43.156,1603,0
2014-07-07,19:40:00,43.336,43.356,43.306,43.306,2906,0
2014-07-07,19:45:00,43.286,43.286,43.286,43.286,1603,0
2014-07-07,20:20:00,43.326,43.326,43.326,43.326,902,0
2014-07-08,16:10:00,43.136,43.136,43.136,43.136,400,0
2014-07-08,19:55:00,43.196,43.196,43.196,43.196,200,0
2014-07-08,21:25:00,43.386,43.386,43.386,43.386,100,0
2014-07-08,22:00:00,43.386,43.386,43.386,43.386,100,0
2014-07-09,18:45:00,43.386,43.506,43.386,43.506,3307,0
2014-07-09,19:30:00,43.376,43.406,43.376,43.406,3307,0
2014-07-09,19:35:00,43.416,43.635,43.416,43.526,6887,0
2014-07-09,19:40:00,43.526,43.536,43.426,43.496,13816,0
2014-07-09,19:45:00,43.386,43.516,43.386,43.516,6915,0
2014-07-09,19:50:00,43.526,43.546,43.506,43.506,7816,0
2014-07-09,19:55:00,43.506,43.506,43.426,43.476,6414,0
2014-07-09,20:00:00,43.506,43.506,43.486,43.486,1202,0
2014-07-09,20:05:00,43.486,43.506,43.376,43.376,4109,0
2014-07-09,20:10:00,43.346,43.386,43.346,43.386,1202,0
2014-07-09,20:20:00,43.366,43.366,43.366,43.366,406,0
2014-07-09,20:25:00,43.446,43.486,43.236,43.476,2558,0
2014-07-09,20:30:00,43.436,43.436,43.436,43.436,1002,0
2014-07-09,21:20:00,43.456,43.586,43.456,43.556,1140,0
2014-07-09,21:35:00,43.476,43.516,43.456,43.516,902,0
2014-07-09,21:40:00,43.516,43.516,43.486,43.486,1804,0
2014-07-10,15:55:00,43.236,43.426,43.236,43.426,2306,0
2014-07-10,16:00:00,43.436,43.536,43.436,43.516,5813,0
2014-07-10,16:05:00,43.476,43.476,43.386,43.386,6987,0
2014-07-10,16:10:00,43.356,43.396,43.356,43.386,4968,0
2014-07-10,17:00:00,43.306,43.316,43.306,43.316,802,0
2014-07-10,17:40:00,43.356,43.366,43.356,43.366,1904,0
2014-07-10,17:45:00,43.346,43.346,43.256,43.326,8318,0
2014-07-11,17:00:00,43.206,43.446,43.206,43.336,3207,0
2014-07-11,17:10:00,43.306,43.306,43.306,43.306,200,0
2014-07-15,20:25:00,43.166,43.276,43.166,43.256,1804,0
2014-07-16,15:40:00,42.986,43.036,42.956,43.036,601,0
2014-07-16,16:45:00,43.396,43.396,43.396,43.396,1002,0
2014-07-16,18:55:00,43.396,43.396,43.396,43.396,300,0
2014-07-16,19:15:00,43.056,43.056,43.056,43.056,100,0
2014-07-16,19:45:00,43.376,43.376,43.376,43.376,300,0
2014-07-16,19:50:00,43.106,43.855,43.106,43.156,3507,0
2014-07-16,19:55:00,43.526,43.526,43.336,43.406,1303,0
2014-07-16,20:15:00,43.196,43.196,43.196,43.196,300,0
2014-07-16,20:25:00,43.256,43.326,43.256,43.326,1002,0
2014-07-16,20:30:00,43.216,43.216,43.216,43.216,100,0
2014-07-16,21:05:00,43.196,43.356,43.156,43.356,3708,0
2014-07-16,21:10:00,43.376,43.456,43.276,43.296,5613,0
2014-07-16,21:15:00,43.306,43.346,43.296,43.336,6213,0
2014-07-16,21:20:00,43.316,43.396,43.316,43.316,4990,0
2014-07-16,22:00:00,43.316,43.316,43.316,43.316,541,0
2014-07-17,15:35:00,43.146,43.236,43.146,43.236,601,0
2014-07-17,18:00:00,43.316,43.316,43.306,43.306,701,0
2014-07-17,21:45:00,43.246,43.246,43.246,43.246,100,0
2014-07-18,15:40:00,43.046,43.046,43.046,43.046,1603,0
2014-07-18,15:45:00,43.256,43.286,43.236,43.236,2806,0
2014-07-18,22:00:00,43.206,43.206,43.206,43.206,100,0
2014-07-21,15:35:00,43.136,43.206,43.136,43.206,400,0
2014-07-21,16:10:00,43.206,43.276,43.206,43.276,400,0
2014-07-21,16:15:00,43.186,43.226,43.186,43.226,1503,0
2014-07-21,16:25:00,43.206,43.206,43.206,43.206,802,0
2014-07-21,16:50:00,43.236,43.286,43.196,43.276,2906,0
2014-07-21,16:55:00,43.266,43.266,43.266,43.266,701,0
2014-07-21,17:05:00,43.196,43.216,43.196,43.216,1002,0
2014-07-21,17:10:00,43.266,43.306,43.266,43.306,902,0
2014-07-21,17:15:00,43.196,43.236,43.196,43.236,1704,0
2014-07-21,17:20:00,43.306,43.306,43.306,43.306,1303,0
2014-07-21,17:30:00,43.176,43.176,43.176,43.176,100,0
2014-07-21,17:35:00,43.226,43.226,43.226,43.226,701,0
2014-07-21,18:35:00,43.206,43.346,43.206,43.336,10924,0
2014-07-21,18:50:00,43.236,43.246,43.236,43.246,1503,0
2014-07-21,18:55:00,43.246,43.256,43.206,43.206,1002,0
2014-07-21,21:05:00,43.186,43.186,43.186,43.186,200,0
2014-07-21,22:00:00,43.206,43.206,43.206,43.206,400,0
2014-07-22,16:15:00,42.966,42.966,42.966,42.966,601,0
2014-07-22,16:20:00,43.016,43.016,43.016,43.016,200,0
2014-07-22,16:35:00,43.206,43.206,43.206,43.206,300,0
2014-07-22,19:50:00,43.046,43.046,43.046,43.046,300,0
2014-07-22,20:30:00,42.976,43.106,42.976,43.106,2906,0
2014-07-22,20:35:00,43.096,43.116,43.076,43.096,19843,0
2014-07-22,20:40:00,43.096,43.096,43.076,43.076,802,0
2014-07-22,21:05:00,43.076,43.076,43.076,43.076,200,0
2014-07-22,21:40:00,43.066,43.076,43.066,43.076,1303,0
2014-07-22,22:00:00,43.076,43.076,43.076,43.076,902,0
2014-07-23,15:35:00,42.946,43.356,42.946,43.186,11024,0
2014-07-23,15:40:00,43.166,43.166,43.136,43.136,14831,0
2014-07-23,16:10:00,43.106,43.106,43.076,43.106,2104,0
2014-07-23,16:15:00,43.156,43.156,43.096,43.106,1804,0
2014-07-23,16:20:00,43.096,43.096,43.096,43.096,501,0
2014-07-23,16:25:00,43.126,43.126,43.106,43.116,400,0
2014-07-23,16:30:00,43.126,43.126,43.126,43.126,100,0
2014-07-23,16:35:00,43.176,43.176,43.096,43.106,2206,0
2014-07-23,16:40:00,43.126,43.176,43.116,43.176,1904,0
2014-07-23,16:45:00,43.086,43.176,43.086,43.166,1904,0
2014-07-23,16:55:00,43.066,43.106,42.976,43.106,2316,0
2014-07-23,17:00:00,43.106,43.136,43.096,43.096,4409,0
2014-07-23,17:05:00,43.096,43.156,43.066,43.146,12528,0
2014-07-23,17:10:00,43.136,43.136,43.126,43.126,2306,0
2014-07-23,19:15:00,43.136,43.136,43.136,43.136,1603,0
2014-07-23,21:25:00,42.996,42.996,42.996,42.996,200,0
2014-07-23,22:00:00,42.996,42.996,42.996,42.996,200,0
2014-07-24,15:35:00,42.956,43.236,42.906,43.126,13329,0
2014-07-24,15:40:00,43.126,43.126,43.076,43.076,12428,0
2014-07-24,15:45:00,43.086,43.086,43.086,43.086,601,0
2014-07-24,15:50:00,42.956,42.956,42.956,42.956,200,0
2014-07-24,15:55:00,42.936,42.936,42.936,42.936,400,0
2014-07-24,16:05:00,42.936,43.076,42.936,43.066,5010,0
2014-07-24,16:10:00,43.086,43.086,43.086,43.086,1704,0
2014-07-24,16:35:00,43.056,43.056,42.946,43.056,5581,0
2014-07-24,16:40:00,43.036,43.056,43.036,43.046,9822,0
2014-07-24,16:45:00,43.046,43.046,43.016,43.026,4409,0
2014-07-24,16:50:00,43.076,43.076,43.066,43.066,902,0
2014-07-24,16:55:00,43.066,43.066,43.056,43.056,902,0
2014-07-24,17:10:00,43.026,43.066,43.016,43.066,1704,0
2014-07-24,17:15:00,42.956,43.096,42.946,43.086,2906,0
2014-07-24,17:20:00,43.086,43.086,43.016,43.026,2004,0
2014-07-24,17:25:00,43.106,43.116,43.106,43.106,1002,0
2014-07-24,17:30:00,43.026,43.106,43.016,43.086,2004,0
2014-07-24,17:35:00,43.076,43.076,43.076,43.076,3075,0
2014-07-24,18:45:00,43.026,43.136,43.026,43.126,2806,0
2014-07-24,18:50:00,43.116,43.126,43.006,43.006,4377,0
2014-07-24,19:05:00,43.036,43.036,43.036,43.036,601,0
2014-07-24,21:50:00,43.006,43.006,43.006,43.006,100,0
2014-07-24,21:55:00,43.036,43.036,43.036,43.036,1102,0
2014-07-25,15:35:00,42.856,42.986,42.856,42.986,8118,0
2014-07-25,15:50:00,43.046,43.066,43.046,43.056,1403,0
2014-07-25,15:55:00,43.096,43.096,42.986,42.986,9721,0
2014-07-25,17:50:00,43.056,43.056,43.056,43.056,300,0
2014-07-25,20:10:00,43.036,43.056,43.036,43.056,200,0
2014-07-25,20:15:00,42.986,42.986,42.986,42.986,1102,0
2014-07-25,21:20:00,42.926,42.926,42.926,42.926,100,0
2014-07-25,22:00:00,42.926,42.926,42.926,42.926,100,0
2014-07-28,15:40:00,42.916,42.986,42.916,42.986,2104,0
2014-07-28,16:05:00,42.916,42.916,42.916,42.916,100,0
2014-07-28,16:15:00,42.926,42.926,42.926,42.926,601,0
2014-07-28,18:00:00,42.946,42.946,42.946,42.946,100,0
2014-07-28,19:50:00,42.916,42.916,42.916,42.916,601,0
2014-07-28,21:05:00,42.916,42.916,42.916,42.916,100,0
2014-07-28,22:00:00,42.916,42.916,42.916,42.916,100,0
2014-07-29,16:15:00,42.836,42.986,42.836,42.986,6715,0
2014-07-29,16:20:00,42.946,43.016,42.856,42.856,6213,0
2014-07-29,17:05:00,42.966,42.966,42.966,42.966,1202,0
2014-07-29,19:05:00,43.006,43.006,43.006,43.006,3007,0
2014-07-29,21:50:00,43.006,43.006,43.006,43.006,200,0
2014-07-30,15:45:00,42.687,42.707,42.667,42.707,8210,0
2014-07-30,15:50:00,42.816,42.816,42.806,42.816,9109,0
2014-07-30,16:15:00,42.727,42.727,42.717,42.727,2904,0
2014-07-30,16:20:00,42.806,42.836,42.786,42.816,3103,0
2014-07-30,20:30:00,42.826,42.826,42.826,42.826,300,0
2014-07-30,21:50:00,42.906,42.906,42.906,42.906,200,0
2014-07-30,22:00:00,42.906,42.906,42.906,42.906,200,0
2014-07-31,15:35:00,42.647,42.647,42.607,42.647,5705,0
2014-07-31,15:40:00,42.657,42.786,42.657,42.756,10810,0
2014-08-01,15:40:00,42.797,43.097,42.757,42.967,5104,0
2014-08-01,15:45:00,42.967,42.967,42.847,42.947,3502,0
2014-08-01,17:45:00,42.957,42.957,42.787,42.787,500,0
2014-08-01,20:25:00,42.977,43.107,42.977,43.097,5904,0
2014-08-01,20:30:00,42.987,42.987,42.977,42.977,1701,0
2014-08-01,20:35:00,43.117,43.267,42.987,42.987,4003,0
2014-08-01,20:40:00,42.997,43.127,42.997,43.117,3102,0
2014-08-01,20:50:00,43.007,43.127,43.007,43.127,2001,0
2014-08-01,21:00:00,43.027,43.137,43.017,43.107,4403,0
2014-08-01,21:10:00,43.047,43.057,43.027,43.057,1401,0
2014-08-01,21:35:00,43.007,43.277,43.007,43.127,9807,0
2014-08-01,21:40:00,43.137,43.277,43.047,43.047,2602,0
2014-08-01,21:45:00,43.037,43.217,43.037,43.127,3602,0
2014-08-01,21:50:00,43.057,43.127,43.057,43.117,6505,0
2014-08-01,21:55:00,43.117,43.127,42.997,43.087,4503,0
2014-08-01,22:00:00,43.087,43.097,43.087,43.097,700,0
2014-08-04,15:35:00,42.707,42.957,42.707,42.957,3903,0
2014-08-04,15:40:00,42.937,43.167,42.937,43.057,9637,0
2014-08-04,15:45:00,42.897,42.897,42.877,42.897,700,0
2014-08-04,15:50:00,42.907,42.907,42.907,42.907,200,0
2014-08-04,16:00:00,42.907,42.907,42.887,42.907,3502,0
2014-08-04,16:05:00,42.997,43.077,42.997,43.037,4403,0
2014-08-04,16:15:00,42.937,43.067,42.937,43.057,6004,0
2014-08-04,16:25:00,42.947,43.067,42.947,43.067,3903,0
2014-08-04,16:30:00,42.967,42.997,42.967,42.997,2302,0
2014-08-04,16:35:00,43.017,43.017,43.017,43.017,801,0
2014-08-04,16:40:00,42.967,42.967,42.967,42.967,100,0
2014-08-04,20:45:00,42.907,43.027,42.907,43.017,9562,0
2014-08-04,20:50:00,43.007,43.007,42.987,42.987,1001,0
2014-08-04,21:05:00,42.937,43.007,42.917,42.947,6905,0
2014-08-04,21:10:00,42.947,42.947,42.947,42.947,100,0
2014-08-04,21:25:00,42.957,42.967,42.957,42.967,2407,0
2014-08-04,21:30:00,43.007,43.007,42.997,42.997,500,0
2014-08-04,21:50:00,42.957,42.957,42.907,42.907,200,0
2014-08-05,15:50:00,42.757,42.787,42.757,42.787,2302,0
2014-08-05,16:05:00,42.707,42.787,42.707,42.707,400,0
2014-08-05,16:35:00,42.797,42.797,42.787,42.787,200,0
2014-08-05,20:55:00,42.847,42.897,42.787,42.897,2602,0
2014-08-05,21:15:00,42.907,42.907,42.907,42.907,100,0
2014-08-05,21:35:00,42.907,42.907,42.907,42.907,500,0
2014-08-05,22:00:00,42.807,42.807,42.807,42.807,200,0
2014-08-06,15:35:00,42.757,42.787,42.757,42.787,600,0
2014-08-06,15:50:00,42.697,42.767,42.697,42.767,500,0
2014-08-06,16:05:00,42.498,42.498,42.498,42.498,200,0
2014-08-06,16:25:00,42.687,42.707,42.687,42.707,1401,0
2014-08-06,17:00:00,42.667,42.667,42.667,42.667,200,0
2014-08-06,17:15:00,42.757,42.757,42.757,42.757,100,0
2014-08-06,17:35:00,42.657,42.747,42.657,42.747,3002,0
2014-08-06,17:40:00,42.747,42.747,42.747,42.747,600,0
2014-08-06,17:55:00,42.667,42.677,42.667,42.677,400,0
2014-08-06,18:00:00,42.667,42.677,42.667,42.677,1101,0
2014-08-06,18:40:00,42.568,42.568,42.568,42.568,100,0
2014-08-06,19:15:00,42.707,42.707,42.677,42.677,700,0
2014-08-06,21:55:00,42.667,42.667,42.657,42.657,300,0
2014-08-07,15:40:00,42.657,43.027,42.657,42.867,10707,0
2014-08-07,15:45:00,42.907,42.917,42.897,42.897,5104,0
2014-08-07,16:30:00,42.787,42.857,42.787,42.857,3202,0
2014-08-07,16:35:00,42.847,42.867,42.797,42.857,2902,0
2014-08-07,16:45:00,42.787,42.947,42.787,42.947,3803,0
2014-08-07,16:50:00,42.917,42.917,42.847,42.877,5204,0
2014-08-07,16:55:00,42.807,42.817,42.807,42.817,200,0
2014-08-07,17:00:00,42.787,42.827,42.787,42.827,1001,0
2014-08-07,17:10:00,42.837,42.837,42.837,42.837,100,0
2014-08-07,17:15:00,42.797,42.807,42.797,42.807,700,0
2014-08-07,17:20:00,42.797,42.797,42.757,42.757,1801,0
2014-08-07,17:50:00,42.777,42.777,42.777,42.777,1801,0
2014-08-07,17:55:00,42.777,42.887,42.757,42.827,5404,0
2014-08-07,18:00:00,42.977,42.997,42.977,42.977,6512,0
2014-08-07,18:05:00,42.977,43.017,42.827,43.007,2902,0
2014-08-07,18:10:00,42.977,42.977,42.867,42.897,3302,0
2014-08-07,18:25:00,42.807,42.867,42.807,42.857,700,0
2014-08-07,20:10:00,42.847,42.847,42.807,42.817,500,0
2014-08-07,21:30:00,42.807,42.817,42.807,42.817,200,0
2014-08-07,21:35:00,42.807,42.807,42.807,42.807,100,0
2014-08-07,21:40:00,42.807,42.807,42.757,42.757,600,0
2014-08-07,21:45:00,42.757,42.807,42.757,42.807,400,0
2014-08-07,21:55:00,42.807,42.807,42.807,42.807,100,0
2014-08-07,22:00:00,42.707,42.707,42.707,42.707,100,0
2014-08-08,15:35:00,42.787,42.907,42.787,42.907,2902,0
2014-08-08,15:40:00,42.847,42.897,42.847,42.877,6104,0
2014-08-08,15:45:00,42.947,42.957,42.927,42.937,1400,0
2014-08-08,15:50:00,42.927,42.977,42.927,42.977,801,0
2014-08-08,15:55:00,42.987,43.087,42.987,43.087,3302,0
2014-08-08,16:00:00,43.107,43.187,43.107,43.187,12810,0
2014-08-08,22:00:00,43.207,43.207,43.207,43.207,100,0
2014-08-11,16:05:00,42.707,42.707,42.707,42.707,200,0
2014-08-11,16:15:00,42.787,42.787,42.787,42.787,3002,0
2014-08-11,20:55:00,43.197,43.197,43.197,43.197,100,0
2014-08-12,20:20:00,42.697,42.697,42.697,42.697,1001,0
2014-08-13,16:35:00,42.807,43.057,42.807,43.017,5504,0
2014-08-13,16:40:00,43.017,43.017,42.897,42.927,4303,0
2014-08-13,16:45:00,42.927,42.997,42.927,42.967,6905,0
2014-08-13,16:50:00,42.967,42.967,42.967,42.967,1701,0
2014-08-13,17:00:00,42.927,42.927,42.867,42.877,3202,0
2014-08-13,21:40:00,42.857,42.857,42.747,42.757,1981,0
2014-08-13,21:45:00,42.767,42.897,42.767,42.777,4003,0
2014-08-13,21:50:00,42.797,42.897,42.727,42.857,5504,0
2014-08-13,21:55:00,42.887,42.947,42.807,42.827,6705,0
2014-08-13,22:00:00,42.917,42.917,42.717,42.847,2302,0
2014-08-14,15:45:00,42.887,43.237,42.887,43.117,9408,0
2014-08-14,15:50:00,43.117,43.167,43.117,43.127,10807,0
2014-08-14,16:05:00,43.007,43.167,43.007,43.167,4603,0
2014-08-14,16:10:00,43.157,43.157,43.077,43.147,3803,0
2014-08-14,18:30:00,43.007,43.007,43.007,43.007,500,0
2014-08-14,21:20:00,42.907,42.927,42.907,42.927,901,0
2014-08-15,15:40:00,42.857,42.857,42.857,42.857,801,0
2014-08-15,19:25:00,42.937,42.937,42.937,42.937,696,0
2014-08-15,21:15:00,42.827,42.857,42.827,42.857,200,0
2014-08-18,15:35:00,42.917,42.917,42.917,42.917,300,0
2014-08-18,16:20:00,42.657,42.697,42.647,42.697,2354,0
2014-08-21,15:35:00,42.597,42.797,42.378,42.797,5604,0
2014-08-21,17:55:00,42.717,42.717,42.677,42.717,5904,0
2014-08-21,18:00:00,42.707,42.907,42.697,42.757,27050,0
2014-08-21,18:05:00,42.737,42.737,42.697,42.697,1001,0
2014-08-21,18:10:00,42.677,42.677,42.667,42.667,700,0
2014-08-21,18:20:00,42.687,42.687,42.687,42.687,1201,0
2014-08-21,18:30:00,42.637,42.657,42.637,42.637,1001,0
2014-08-21,18:50:00,42.627,42.627,42.518,42.518,400,0
2014-08-21,18:55:00,42.607,42.657,42.607,42.657,400,0
2014-08-21,19:00:00,42.607,42.607,42.607,42.607,200,0
2014-08-21,19:05:00,42.458,42.657,42.458,42.647,8806,0
2014-08-21,19:10:00,42.577,42.617,42.577,42.617,3402,0
2014-08-21,19:15:00,42.607,42.607,42.587,42.587,4709,0
2014-08-21,19:20:00,42.587,42.587,42.587,42.587,1201,0
2014-08-21,20:40:00,42.538,42.597,42.538,42.558,600,0
2014-08-21,20:45:00,42.597,42.607,42.587,42.597,3307,0
2014-08-21,21:40:00,42.508,42.508,42.508,42.508,100,0
2014-08-21,21:50:00,42.508,42.508,42.508,42.508,300,0
2014-08-22,15:35:00,42.667,42.667,42.607,42.607,1201,0
2014-08-22,15:40:00,42.538,42.538,42.538,42.538,7205,0
2014-08-22,15:45:00,42.627,42.627,42.587,42.587,12330,0
2014-08-22,15:50:00,42.587,42.607,42.528,42.587,11474,0
2014-08-22,15:55:00,42.587,42.587,42.587,42.587,1601,0
2014-08-22,16:15:00,42.528,42.528,42.448,42.448,1801,0
2014-08-22,16:20:00,42.538,42.538,42.498,42.498,2143,0
2014-08-22,16:25:00,42.478,42.488,42.458,42.458,19216,0
2014-08-22,16:30:00,42.458,42.468,42.448,42.448,13782,0
2014-08-22,16:35:00,42.448,42.448,42.428,42.428,4203,0
2014-08-22,16:45:00,42.438,42.438,42.398,42.398,7306,0
2014-08-22,16:50:00,42.418,42.418,42.368,42.368,4503,0
2014-08-22,20:40:00,42.428,42.428,42.428,42.428,100,0
2014-08-25,15:35:00,42.358,42.428,42.288,42.288,4945,0
2014-08-25,16:15:00,42.338,42.388,42.338,42.348,10421,0
2014-08-25,17:50:00,42.308,42.308,42.308,42.308,100,0
2014-08-25,21:40:00,42.338,42.338,42.308,42.308,700,0
2014-08-27,16:40:00,42.308,42.308,42.308,42.308,1001,0
2014-08-27,19:10:00,42.328,42.328,42.328,42.328,200,0
2014-09-02,16:05:00,42.161,42.161,42.161,42.161,300,0
2014-09-02,16:15:00,42.161,42.161,42.081,42.081,2101,0
2014-09-02,19:50:00,42.131,42.141,42.131,42.131,300,0
2014-09-03,20:30:00,42.121,42.121,42.121,42.121,100,0
2014-09-03,20:35:00,42.101,42.111,42.101,42.111,901,0
2014-09-04,16:00:00,41.891,41.891,41.891,41.891,300,0
2014-09-04,16:15:00,41.891,41.891,41.891,41.891,300,0
2014-09-04,17:00:00,41.781,41.781,41.781,41.781,300,0
2014-09-04,17:55:00,41.681,41.681,41.681,41.681,901,0
2014-09-04,18:00:00,41.661,41.661,41.661,41.661,300,0
2014-09-05,16:00:00,41.681,41.721,41.681,41.721,2902,0
2014-09-08,15:40:00,41.561,41.641,41.561,41.641,1301,0
2014-09-08,15:45:00,41.641,41.641,41.641,41.641,100,0
2014-09-09,19:55:00,41.561,41.561,41.561,41.561,2702,0
2014-09-09,20:00:00,41.551,41.551,41.431,41.431,5124,0
2014-09-15,17:15:00,41.491,41.491,41.251,41.421,1606,0
2014-09-15,17:20:00,41.421,41.421,41.421,41.421,100,0
2014-09-15,18:30:00,41.431,41.431,41.431,41.431,200,0
2014-09-15,21:55:00,41.441,41.451,41.441,41.451,1601,0
2014-10-02,17:45:00,40.662,40.662,40.662,40.662,200,0
2014-10-02,19:00:00,40.722,40.832,40.692,40.692,901,0
2014-10-02,20:30:00,40.722,40.722,40.722,40.722,300,0
2014-10-02,21:45:00,40.662,40.662,40.662,40.662,200,0
2014-10-06,19:10:00,40.452,40.452,40.452,40.452,100,0
2014-10-06,20:15:00,40.472,40.472,40.472,40.472,300,0
2014-10-06,20:35:00,40.582,40.592,40.582,40.592,400,0
2014-10-06,21:40:00,40.592,40.592,40.592,40.592,300,0
2014-10-08,20:15:00,40.832,40.832,40.832,40.832,300,0
2014-10-09,15:55:00,40.982,41.012,40.982,41.012,1001,0
2014-10-09,16:10:00,41.002,41.002,41.002,41.002,100,0
2014-10-09,17:05:00,40.922,40.922,40.922,40.922,100,0
2014-10-09,18:00:00,40.852,40.852,40.852,40.852,400,0
2014-10-10,19:15:00,40.792,40.792,40.792,40.792,400,0
2014-10-10,22:00:00,40.762,40.762,40.762,40.762,600,0
2014-10-15,16:00:00,41.211,41.211,41.211,41.211,100,0
2014-10-15,22:00:00,41.251,41.251,41.251,41.251,100,0
2014-10-24,22:00:00,40.712,40.712,40.712,40.712,400,0
2014-11-03,22:00:00,40.092,40.092,40.092,40.092,100,0
2014-11-07,16:55:00,40.102,40.102,40.102,40.102,200,0
2014-11-07,17:00:00,39.992,39.992,39.992,39.992,200,0
2014-11-07,17:05:00,39.982,39.992,39.982,39.992,300,0
2014-11-07,17:10:00,39.992,39.992,39.992,39.992,300,0
2014-11-07,18:15:00,40.032,40.032,40.032,40.032,200,0
2014-11-10,22:00:00,39.902,39.902,39.902,39.902,100,0
2014-11-14,18:20:00,40.462,40.472,40.452,40.472,1101,0
2014-11-18,17:10:00,40.362,40.372,40.362,40.372,1304,0
2014-11-21,22:00:00,40.252,40.252,40.252,40.252,100,0
2014-11-24,17:00:00,40.162,40.212,40.142,40.142,3703,0
2014-11-24,17:05:00,40.152,40.152,40.142,40.142,400,0
2014-12-01,17:05:00,40.372,40.372,40.372,40.372,100,0
2014-12-01,19:50:00,40.392,40.392,40.352,40.352,901,0
2014-12-04,16:35:00,39.992,40.022,39.992,39.992,1800,0
2014-12-04,16:50:00,40.062,40.062,40.062,40.062,100,0
2014-12-05,15:35:00,39.822,39.822,39.822,39.822,500,0
2014-12-05,22:00:00,39.792,39.792,39.792,39.792,100,0
2014-12-18,22:00:00,39.972,39.972,39.972,39.972,100,0
2015-01-05,18:00:00,38.97,38.98,38.97,38.98,1200,0
2015-01-05,18:05:00,38.98,38.98,38.97,38.97,1000,0
2015-01-05,18:30:00,38.97,38.97,38.97,38.97,199,0
2015-01-20,19:05:00,37.85,37.85,37.85,37.85,350,0
2015-02-10,21:50:00,36.81,36.81,36.8,36.8,400,0
2015-02-25,15:50:00,37.3,37.36,37.3,37.36,200,0
2015-03-02,20:10:00,36.96,36.96,36.96,36.96,26,0
2015-03-18,20:15:00,35.62,35.62,35.62,35.62,500,0
2015-03-23,20:10:00,35.62,35.63,35.62,35.63,276,0
2015-04-02,15:35:00,35.07,35.07,35.07,35.07,202,0
2015-04-02,15:40:00,35.82,35.82,35.82,35.82,100,0
2015-04-06,22:00:00,36.6868,36.6868,36.6868,36.6868,100,0
2015-04-14,21:30:00,35.87,35.9,35.87,35.9,5501,0
2015-04-14,21:55:00,36.05,36.05,36.05,36.05,287,0
2015-04-15,15:35:00,36.43,36.43,36.43,36.43,100,0
2015-04-15,15:40:00,36.49,36.49,36.49,36.49,100,0
2015-04-15,21:55:00,36.49,36.49,36.49,36.49,50,0
2015-04-20,15:35:00,37.05,37.05,37.05,37.05,100,0
2015-04-20,16:25:00,36.8099,36.8099,36.8099,36.8099,100,0
2015-04-23,16:00:00,35.93,35.93,35.93,35.93,100,0
2015-05-06,18:05:00,36.24,36.24,36.24,36.24,100,0
2015-05-08,19:20:00,36.3701,36.3701,36.3701,36.3701,100,0
2015-05-27,18:00:00,35.95,35.95,35.8,35.8,700,0
2015-05-27,18:05:00,35.5499,35.5499,35.5499,35.5499,2200,0
2015-05-27,18:25:00,35.56,35.56,35.55,35.55,1161,0
2015-05-27,18:30:00,35.55,35.55,35.55,35.55,1115,0
2015-05-27,18:35:00,35.55,35.55,35.5401,35.5401,2340,0
2015-05-27,18:45:00,35.55,35.55,35.55,35.55,900,0
2015-05-27,18:50:00,35.55,35.55,35.55,35.55,2000,0
2015-05-28,16:05:00,35.44,35.44,35.42,35.42,1026,0
2015-05-28,16:20:00,35.34,35.34,35.34,35.34,200,0
2015-05-28,17:00:00,35.33,35.37,35.33,35.37,1016,0
2015-05-28,17:05:00,35.42,35.42,35.42,35.42,200,0
2015-05-28,20:55:00,35.48,35.48,35.48,35.48,500,0
2015-06-01,16:50:00,35.51,35.51,35.51,35.51,200,0
2015-06-02,15:45:00,35.6,35.6,35.55,35.55,800,0
2015-06-02,16:00:00,35.8,35.91,35.8,35.91,242,0
2015-06-02,16:05:00,36.02,36.02,36.02,36.02,500,0
2015-06-02,18:35:00,36.02,36.16,36.02,36.02,1169,0
2015-06-02,19:05:00,36.01,36.02,36.01,36.02,1700,0
2015-06-04,18:00:00,36.36,36.36,36.35,36.35,597,0
2015-06-04,18:05:00,36.34,36.34,36.33,36.33,590,0
2015-06-04,18:15:00,36.3,36.3,36.29,36.29,679,0
2015-06-04,18:20:00,36.32,36.33,36.3,36.3,1101,0
2015-06-04,18:25:00,36.29,36.29,36.27,36.27,968,0
2015-06-04,18:35:00,36.3,36.31,36.3,36.3,1492,0
2015-06-04,18:40:00,36.38,36.48,36.3701,36.48,1300,0
2015-06-04,18:45:00,36.87,36.87,36.5499,36.87,2400,0
2015-06-04,18:50:00,36.87,37.5,36.87,37.3501,3100,0
2015-06-04,18:55:00,36.69,36.69,36.69,36.69,400,0
2015-06-04,19:00:00,36.69,36.69,36.69,36.69,200,0
2015-06-04,20:00:00,36.5,36.5,36.48,36.48,200,0
2015-06-04,20:05:00,36.47,36.47,36.47,36.47,100,0
2015-06-04,20:40:00,36.46,36.46,36.46,36.46,200,0
2015-06-04,20:45:00,36.45,36.45,36.45,36.45,100,0
2015-06-04,21:00:00,36.44,36.44,36.44,36.44,100,0
2015-06-04,21:20:00,36.41,36.41,36.41,36.41,100,0
2015-06-04,21:35:00,36.4,36.4,36.4,36.4,100,0
2015-06-04,21:40:00,36.4,36.4,36.38,36.38,200,0
2015-06-04,21:45:00,36.38,36.38,36.35,36.35,200,0
2015-06-10,15:45:00,36.61,36.61,36.61,36.61,100,0
2015-06-10,15:50:00,36.61,37.5,36.61,36.99,1600,0
2015-06-10,15:55:00,36.65,36.68,36.64,36.64,700,0
2015-06-10,16:20:00,36.93,36.93,36.93,36.93,100,0
2015-06-10,16:40:00,36.97,36.97,36.97,36.97,100,0
2015-06-10,17:05:00,36.97,36.97,36.97,36.97,200,0
2015-06-10,21:35:00,38.2,38.2,38.2,38.2,201,0
2015-06-10,21:40:00,38.38,38.39,38.38,38.39,1400,0
2015-06-15,21:25:00,36.35,36.46,36.35,36.46,1800,0
2015-06-15,21:30:00,36.43,36.58,36.43,36.58,600,0
2015-06-15,21:35:00,36.68,36.68,36.68,36.68,400,0
2015-06-15,21:40:00,36.74,36.74,36.74,36.74,400,0
2015-06-15,21:45:00,36.79,36.81,36.79,36.81,700,0
2015-06-15,21:50:00,36.83,36.83,36.4999,36.5,1700,0
2015-06-16,15:35:00,38,38,37.2001,37.6001,3000,0
2015-06-16,15:40:00,37.7001,37.7001,37.7001,37.7001,400,0
2015-06-16,21:50:00,36.75,36.81,36.75,36.77,1100,0
2015-06-16,21:55:00,36.7,36.75,36.7,36.75,400,0
2015-06-16,22:00:00,36.81,36.81,36.81,36.81,100,0
2015-06-17,18:25:00,36.4999,36.5,36.4999,36.5,900,0
2015-06-17,18:30:00,36.65,36.65,36.65,36.65,100,0
2015-06-17,19:40:00,36.79,36.79,36.79,36.79,700,0
2015-06-17,20:25:00,36.7499,36.7499,36.7499,36.7499,1100,0
2015-06-17,20:50:00,36.82,36.82,36.82,36.82,100,0
2015-06-17,21:40:00,36.8799,36.88,36.8799,36.88,700,0
2015-06-17,21:45:00,36.91,36.91,36.91,36.91,100,0
2015-06-17,21:50:00,36.96,37.1,36.96,37.1,500,0
2015-06-17,22:00:00,37.1,37.1,37.1,37.1,400,0
2015-06-18,16:10:00,37.08,37.09,37.08,37.09,200,0
2015-06-18,16:30:00,37.2,37.2,37.2,37.2,1100,0
2015-06-18,17:30:00,37.21,37.21,37.21,37.21,100,0
2015-06-18,18:15:00,37.14,37.14,37.14,37.14,200,0
2015-06-18,18:40:00,37.05,37.05,37,37.01,800,0
2015-06-18,21:40:00,36.9799,36.98,36.9799,36.98,500,0
2015-06-18,21:45:00,37.0099,37.0099,37.0099,37.0099,500,0
2015-06-18,21:55:00,37.0699,37.13,37.0699,37.13,900,0
2015-06-19,20:55:00,37.53,37.53,37.4,37.4,2000,0
2015-06-19,21:40:00,37.182,37.182,37.1705,37.1705,200,0
2015-06-19,21:45:00,37.25,37.25,37.25,37.25,599,0
2015-06-22,17:10:00,36.9499,36.9499,36.9499,36.9499,1000,0
2015-06-22,17:15:00,36.99,36.99,36.99,36.99,300,0
2015-06-22,21:05:00,37.0199,37.02,37.0199,37.02,600,0
2015-06-22,21:25:00,37.1,37.1,37.1,37.1,400,0
2015-06-23,15:55:00,37.5,37.9201,37.48,37.92,1501,0
2015-06-23,16:05:00,37.98,37.98,37.8001,37.8001,499,0
2015-06-23,16:10:00,37.85,37.98,37.65,37.65,2500,0
2015-06-23,16:40:00,37.7,38.13,37.7,38,3300,0
2015-06-23,16:55:00,37.82,37.82,37.82,37.82,200,0
2015-06-23,20:50:00,38,38,37.9,37.9,699,0
2015-06-23,21:05:00,37.95,37.95,37.95,37.95,701,0
2015-06-24,15:45:00,37.75,37.75,37.75,37.75,100,0
2015-06-24,21:35:00,37.58,37.58,37.58,37.58,100,0
2015-06-25,17:40:00,37.7,37.7,37.7,37.7,200,0
2015-06-25,21:35:00,37.75,37.76,37.75,37.76,900,0
2015-06-25,22:00:00,37.64,37.64,37.64,37.64,300,0
2015-06-26,15:40:00,37.61,37.65,37.6,37.65,300,0
2015-06-26,15:55:00,37.65,37.65,37.65,37.65,100,0
2015-06-26,16:20:00,37.72,37.74,37.72,37.74,1700,0
2015-06-26,16:25:00,37.75,37.75,37.72,37.72,200,0
2015-06-26,16:50:00,37.67,37.67,37.67,37.67,100,0
2015-06-26,16:55:00,37.6,37.601,37.58,37.58,800,0
2015-06-26,18:15:00,37.43,37.43,37.43,37.43,100,0
2015-06-26,19:30:00,37.43,37.43,37.43,37.43,200,0
2015-06-26,21:10:00,37.5,37.5,37.5,37.5,100,0
2015-06-30,18:10:00,36.2999,36.56,36.2999,36.56,900,0
2015-06-30,18:15:00,36.44,36.5499,36.44,36.5499,800,0
2015-06-30,19:20:00,36.7,36.72,36.7,36.72,300,0
2015-06-30,19:30:00,36.74,36.75,36.74,36.75,303,0
2015-06-30,19:35:00,36.89,36.89,36.88,36.88,603,0
2015-06-30,20:00:00,36.9,36.96,36.9,36.96,606,0
2015-07-01,16:40:00,37.79,37.79,37.66,37.66,300,0
2015-07-01,17:00:00,37.7,37.73,37.7,37.73,300,0
2015-07-01,21:05:00,37.59,37.59,37.59,37.59,300,0
2015-07-02,17:35:00,37.1301,37.3001,37.1301,37.3001,1200,0
2015-07-02,17:45:00,37.35,37.45,37.35,37.45,300,0
2015-07-02,17:50:00,37.15,37.15,37.15,37.15,200,0
2015-07-02,18:50:00,37.26,37.27,37.26,37.27,200,0
2015-07-02,18:55:00,37.1,37.1,37.1,37.1,100,0
2015-07-06,20:05:00,35.9999,36,35.9999,36,1500,0
2015-07-06,20:10:00,36.1,36.1,36.1,36.1,100,0
2015-07-07,15:40:00,36.7401,36.7401,36.7401,36.7401,1200,0
2015-07-08,20:10:00,36.1499,36.1499,36.1499,36.1499,1200,0
2015-07-08,20:20:00,36.34,36.4299,36.34,36.4299,400,0
2015-07-08,20:30:00,37,37,37,37,998,0
2015-07-08,20:40:00,37.094,37.094,37.094,37.094,600,0
2015-07-08,20:45:00,37.09,37.1099,37.09,37.1099,1000,0
2015-07-08,20:50:00,37.09,37.1,37.09,37.1,500,0
2015-07-08,20:55:00,37.1,37.1,36.81,36.81,600,0
2015-07-08,21:00:00,37.13,37.17,37.13,37.17,1200,0
2015-07-08,21:10:00,37.18,37.2,37.18,37.2,600,0
2015-07-08,21:15:00,37.25,37.25,36.72,36.72,1300,0
2015-07-08,21:40:00,36.97,36.97,36.97,36.97,200,0
2015-07-08,21:45:00,36.85,36.85,36.75,36.75,300,0
2015-07-09,15:55:00,37.2,37.23,37.2,37.23,1400,0
2015-07-09,16:10:00,37.68,37.68,37.68,37.68,200,0
2015-07-09,16:15:00,37.85,38,37.55,37.55,1202,0
2015-07-09,16:20:00,37.4501,37.4501,37.4501,37.4501,2098,0
2015-07-09,21:20:00,37,37,37,37,100,0
2015-07-10,15:45:00,36.13,36.2999,36.13,36.2999,1200,0
2015-07-10,15:50:00,36.5999,36.5999,36.5999,36.5999,800,0
2015-07-13,15:50:00,37.5201,37.5201,37.52,37.52,700,0
2015-07-13,21:50:00,37.2,37.2,37.2,37.2,100,0
2015-07-14,16:05:00,37.1001,37.1001,36.75,36.75,800,0
2015-07-14,16:30:00,36.97,36.97,36.97,36.97,400,0
2015-07-14,16:50:00,36.9001,36.9001,36.9001,36.9001,400,0
2015-07-15,15:55:00,36.19,36.25,36.19,36.25,600,0
2015-07-15,16:00:00,36.3,36.5,36.3,36.5,2000,0
2015-07-15,20:00:00,36.25,36.25,36.25,36.25,400,0
2015-07-15,21:15:00,36.5,36.5,36.5,36.5,600,0
2015-07-16,17:45:00,36.4,36.4,36.4,36.4,300,0
2015-07-16,19:25:00,35.98,35.98,35.98,35.98,200,0
2015-07-16,22:00:00,35.9799,35.9799,35.9799,35.9799,600,0
2015-07-17,15:55:00,36.61,36.61,36.5,36.5,1500,0
2015-07-17,22:00:00,36,36,35.74,35.74,200,0
2015-07-20,16:40:00,37.3599,37.3599,37.3599,37.3599,97,0
2015-07-20,18:20:00,36.2,36.27,36.2,36.2001,1000,0
2015-07-20,19:50:00,35.6,35.71,35.6,35.71,400,0
2015-07-20,21:15:00,34.87,34.87,34.87,34.87,1,0
2015-07-21,18:30:00,35.7999,35.93,35.7999,35.93,800,0
2015-07-21,18:35:00,35.9999,36.1,35.9999,36.1,700,0
2015-07-21,18:40:00,36.4,36.4,36.22,36.22,402,0
2015-07-21,18:45:00,36.22,36.49,36.22,36.49,600,0
2015-07-21,18:55:00,36.55,36.65,36.4,36.5001,2400,0
2015-07-21,19:00:00,36.5101,36.5301,36.5,36.5301,1999,0
2015-07-21,19:05:00,36.38,36.38,36.38,36.38,1774,0
2015-07-22,20:55:00,36.0999,36.0999,36.0999,36.0999,1200,0
2015-07-23,16:00:00,36.8001,36.8001,36.8001,36.8001,400,0
2015-07-23,16:30:00,36.88,36.88,36.88,36.88,200,0
2015-07-23,16:35:00,36.92,36.92,36.92,36.92,100,0
2015-07-23,16:40:00,36.8401,36.8401,36.8401,36.8401,400,0
2015-07-23,16:45:00,36.99,36.99,36.99,36.99,700,0
2015-07-23,16:55:00,36.8501,36.8501,36.8501,36.8501,400,0
2015-07-24,21:55:00,36.1499,36.25,36.1499,36.25,1900,0
2015-07-27,16:05:00,37.6001,37.6001,37.6001,37.6001,1200,0
2015-07-27,16:40:00,37.5001,37.5001,37.5001,37.5001,400,0
2015-07-27,20:25:00,36.8,36.95,36.8,36.95,500,0
2015-07-27,21:10:00,37.1,37.1,37.1,37.1,373,0
2015-07-27,21:15:00,37.2,37.23,37.2,37.23,678,0
2015-07-27,21:20:00,37.24,37.25,37.24,37.25,900,0
2015-07-31,19:05:00,36.0999,36.1,36.0999,36.1,2900,0
2015-07-31,19:25:00,36.758,36.8491,36.758,36.8491,400,0
2015-07-31,19:30:00,36.83,36.85,36.83,36.85,400,0
2015-07-31,19:55:00,36.87,36.87,36.87,36.87,200,0
2015-07-31,20:05:00,36.91,36.91,36.91,36.91,200,0
2015-07-31,20:10:00,36.95,36.95,36.95,36.95,200,0
2015-07-31,20:15:00,36.96,36.96,36.96,36.96,200,0
2015-07-31,20:25:00,36.99,36.99,36.99,36.99,200,0
2015-07-31,21:50:00,37,37,37,37,700,0
2015-08-03,15:40:00,37.2501,37.2501,37.2501,37.2501,2400,0
2015-08-03,16:20:00,37.4,37.4,37.4,37.4,200,0
2015-08-03,21:50:00,36.92,36.92,36.92,36.92,100,0
2015-08-04,15:35:00,37.05,37.05,37.05,37.05,500,0
2015-08-05,15:35:00,36.1999,36.2,36.1999,36.2,2400,0
2015-08-05,21:10:00,36.7,36.7,36.7,36.7,299,0
2015-08-06,15:45:00,36.9001,37.02,36.9,36.95,2300,0
2015-08-06,15:50:00,36.9,36.9,36.9,36.9,300,0
2015-08-06,18:55:00,36.4,36.4,36.3999,36.4,2200,0
2015-08-06,19:00:00,36.95,36.95,36.95,36.95,400,0
2015-08-06,19:05:00,37.03,37.06,37.03,37.06,1600,0
2015-08-06,19:10:00,36.9001,36.905,36.58,36.73,4300,0
2015-08-06,19:15:00,36.68,36.68,36.6,36.6,900,0
2015-08-06,21:35:00,36.59,36.59,36.59,36.59,300,0
2015-08-06,21:55:00,36.62,36.62,36.62,36.62,200,0
2015-08-07,16:40:00,36.2999,36.4,36.2999,36.4,4600,0
2015-08-07,16:45:00,36.5,36.53,36.49,36.5,1000,0
2015-08-07,17:25:00,36.62,36.62,36.62,36.62,1000,0
2015-08-07,18:35:00,36.85,36.89,36.85,36.89,797,0
2015-08-07,18:45:00,36.7,36.9,36.7,36.9,1599,0
2015-08-07,18:50:00,36.95,36.9501,36.8701,36.8701,4800,0
2015-08-07,18:55:00,36.88,36.92,36.86,36.86,999,0
2015-08-07,19:05:00,36.98,37,36.98,37,798,0
2015-08-07,19:15:00,36.9,36.9,36.9,36.9,200,0
2015-08-07,19:25:00,36.93,36.93,36.93,36.93,200,0
2015-08-07,19:45:00,36.95,36.95,36.9,36.9,201,0
