Date,Time,Open,High,Low,Close,Volume,OpenInt
2015-07-22,15:35:00,74.66,74.8599,74.57,74.8599,7326,0
2015-07-22,15:40:00,74.7,74.7,74.64,74.64,400,0
2015-07-22,15:45:00,74.6978,74.6978,74.6978,74.6978,227,0
2015-07-22,15:50:00,74.7,74.7,74.6742,74.6901,304,0
2015-07-22,15:55:00,74.7642,74.77,74.7642,74.77,232,0
2015-07-22,16:00:00,74.7572,74.7653,74.7572,74.7653,320,0
2015-07-22,16:05:00,74.7564,74.7591,74.74,74.74,781,0
2015-07-22,16:10:00,74.7697,74.7697,74.7336,74.7336,382,0
2015-07-22,16:15:00,74.729,74.737,74.7157,74.7168,2801,0
2015-07-22,16:20:00,74.723,74.7509,74.723,74.7256,1605,0
2015-07-22,16:25:00,74.7202,74.7235,74.7202,74.7235,2645,0
2015-07-22,16:30:00,74.7298,74.73,74.69,74.69,942,0
2015-07-22,16:35:00,74.6599,74.6599,74.6201,74.6201,470,0
2015-07-22,16:40:00,74.652,74.652,74.6,74.6,2174,0
2015-07-22,16:45:00,74.62,74.63,74.62,74.63,500,0
2015-07-22,16:50:00,74.6101,74.6302,74.61,74.6268,1661,0
2015-07-22,16:55:00,74.6447,74.655,74.6447,74.655,260,0
2015-07-22,17:00:00,74.6998,74.6998,74.693,74.693,504,0
2015-07-22,17:05:00,74.66,74.6749,74.65,74.65,1223,0
2015-07-22,17:20:00,74.628,74.628,74.612,74.612,311,0
2015-07-22,17:25:00,74.58,74.58,74.58,74.58,556,0
2015-07-22,17:30:00,74.6054,74.6054,74.6033,74.6033,597,0
2015-07-22,17:35:00,74.64,74.64,74.64,74.64,394,0
2015-07-22,17:45:00,74.6201,74.66,74.6201,74.6579,1180,0
2015-07-22,17:55:00,74.65,74.65,74.6433,74.6433,300,0
2015-07-22,18:00:00,74.6237,74.6237,74.602,74.6112,1285,0
2015-07-22,18:05:00,74.64,74.6505,74.64,74.6432,957,0
2015-07-22,18:10:00,74.6299,74.6299,74.5801,74.5801,1035,0
2015-07-22,18:15:00,74.57,74.5701,74.57,74.5701,240,0
2015-07-22,18:20:00,74.532,74.5463,74.532,74.5463,421,0
2015-07-22,18:25:00,74.5577,74.57,74.5301,74.57,5519,0
2015-07-22,18:30:00,74.5564,74.567,74.5564,74.567,400,0
2015-07-22,18:35:00,74.5499,74.55,74.53,74.55,1681,0
2015-07-22,18:40:00,74.52,74.52,74.52,74.52,200,0
2015-07-22,18:45:00,74.505,74.505,74.49,74.492,1055,0
2015-07-22,18:55:00,74.5136,74.5136,74.5,74.5,419,0
2015-07-22,19:00:00,74.5099,74.5099,74.4701,74.4701,275,0
2015-07-22,19:05:00,74.48,74.491,74.48,74.491,1100,0
2015-07-22,19:15:00,74.4708,74.48,74.45,74.45,513,0
2015-07-22,19:20:00,74.4514,74.4598,74.4514,74.4598,257,0
2015-07-22,19:25:00,74.47,74.47,74.47,74.47,100,0
2015-07-22,19:30:00,74.4701,74.4701,74.45,74.46,804,0
2015-07-22,19:35:00,74.4801,74.4963,74.47,74.47,4010,0
2015-07-22,19:40:00,74.4799,74.48,74.4704,74.4704,1220,0
2015-07-22,19:45:00,74.4688,74.481,74.4613,74.4776,1394,0
2015-07-22,19:50:00,74.4814,74.497,74.45,74.45,1517,0
2015-07-22,19:55:00,74.4314,74.447,74.4314,74.447,584,0
2015-07-22,20:00:00,74.442,74.442,74.4379,74.4379,605,0
2015-07-22,20:05:00,74.442,74.442,74.432,74.432,641,0
2015-07-22,20:10:00,74.413,74.4137,74.41,74.41,1036,0
2015-07-22,20:15:00,74.4,74.4199,74.4,74.405,1654,0
2015-07-22,20:20:00,74.41,74.4461,74.41,74.4461,578,0
2015-07-22,20:35:00,74.4672,74.477,74.45,74.477,2501,0
2015-07-22,20:40:00,74.45,74.47,74.45,74.47,891,0
2015-07-22,20:45:00,74.4583,74.46,74.42,74.42,2257,0
2015-07-22,20:50:00,74.45,74.45,74.442,74.4499,2554,0
2015-07-22,20:55:00,74.4435,74.462,74.4399,74.4399,2995,0
2015-07-22,21:00:00,74.45,74.45,74.4301,74.4366,800,0
2015-07-22,21:05:00,74.4501,74.4501,74.44,74.44,14375,0
2015-07-22,21:10:00,74.4401,74.442,74.437,74.437,959,0
2015-07-22,21:15:00,74.438,74.438,74.4,74.402,661,0
2015-07-22,21:20:00,74.3854,74.4098,74.38,74.4098,884,0
2015-07-22,21:25:00,74.41,74.42,74.3901,74.41,3263,0
2015-07-22,21:30:00,74.4067,74.42,74.3932,74.3932,838,0
2015-07-22,21:35:00,74.3936,74.3936,74.382,74.382,300,0
2015-07-22,21:40:00,74.35,74.3599,74.336,74.3499,1664,0
2015-07-22,21:45:00,74.31,74.338,74.3067,74.338,2067,0
2015-07-22,21:50:00,74.3391,74.345,74.33,74.345,2541,0
2015-07-22,21:55:00,74.35,74.35,74.342,74.342,1229,0
2015-07-22,22:00:00,74.3883,74.45,74.3883,74.45,29388,0
2015-07-23,15:35:00,74.57,74.57,74.42,74.42,13341,0
2015-07-23,15:40:00,74.39,74.39,74.32,74.32,695,0
2015-07-23,15:50:00,74.25,74.25,74.25,74.25,438,0
2015-07-23,15:55:00,74.2,74.25,74.2,74.25,500,0
2015-07-23,16:00:00,74.25,74.2794,74.25,74.254,470,0
2015-07-23,16:05:00,74.264,74.264,74.264,74.264,175,0
2015-07-23,16:10:00,74.2301,74.27,74.2301,74.27,1311,0
2015-07-23,16:15:00,74.3071,74.34,74.3071,74.34,788,0
2015-07-23,16:20:00,74.3145,74.35,74.3145,74.35,685,0
2015-07-23,16:25:00,74.346,74.346,74.3399,74.3399,700,0
2015-07-23,16:30:00,74.3323,74.38,74.3323,74.38,1060,0
2015-07-23,16:35:00,74.3696,74.372,74.3564,74.372,2501,0
2015-07-23,16:40:00,74.3809,74.3899,74.3809,74.3899,670,0
2015-07-23,16:45:00,74.4,74.4,74.3701,74.38,1750,0
2015-07-23,16:50:00,74.352,74.3627,74.352,74.3627,361,0
2015-07-23,16:55:00,74.3422,74.3422,74.3422,74.3422,100,0
2015-07-23,17:00:00,74.3509,74.37,74.3509,74.3542,3330,0
2015-07-23,17:05:00,74.3602,74.3602,74.3501,74.352,1317,0
2015-07-23,17:10:00,74.31,74.32,74.31,74.3199,1927,0
2015-07-23,17:15:00,74.3,74.3,74.2999,74.2999,650,0
2015-07-23,17:20:00,74.23,74.23,74.23,74.23,100,0
2015-07-23,17:25:00,74.23,74.23,74.19,74.21,7406,0
2015-07-23,17:30:00,74.19,74.2,74.17,74.185,2690,0
2015-07-23,17:35:00,74.185,74.2254,74.185,74.2254,7578,0
2015-07-23,17:40:00,74.22,74.22,74.18,74.18,4030,0
2015-07-23,17:45:00,74.19,74.19,74.17,74.19,7400,0
2015-07-23,17:50:00,74.18,74.18,74.15,74.17,8438,0
2015-07-23,17:55:00,74.17,74.19,74.14,74.14,8582,0
2015-07-23,18:00:00,74.14,74.16,74.12,74.12,14153,0
2015-07-23,18:05:00,74.12,74.1496,74.08,74.1,7961,0
2015-07-23,18:10:00,74.09,74.09,74.06,74.09,5050,0
2015-07-23,18:15:00,74.08,74.09,74.05,74.05,1700,0
2015-07-23,18:20:00,74.06,74.09,74.04,74.08,26103,0
2015-07-23,18:30:00,74.128,74.1329,74.128,74.1329,334,0
2015-07-23,18:35:00,74.11,74.1597,74.11,74.156,4756,0
2015-07-23,18:40:00,74.1432,74.15,74.1432,74.15,205,0
2015-07-23,18:45:00,74.15,74.15,74.15,74.15,100,0
2015-07-23,18:50:00,74.1166,74.122,74.1166,74.1166,1184,0
2015-07-23,18:55:00,74.11,74.11,74.108,74.108,453,0
2015-07-23,19:00:00,74.0999,74.1299,74.0999,74.1299,1974,0
2015-07-23,19:05:00,74.13,74.13,74.13,74.13,700,0
2015-07-23,19:10:00,74.1401,74.157,74.1401,74.15,6195,0
2015-07-23,19:15:00,74.1401,74.168,74.1401,74.168,415,0
2015-07-23,19:20:00,74.1477,74.1477,74.1332,74.1332,1213,0
2015-07-23,19:25:00,74.12,74.12,74.11,74.11,400,0
2015-07-23,19:30:00,74.1201,74.16,74.1201,74.16,1062,0
2015-07-23,19:35:00,74.1401,74.1699,74.1401,74.1699,811,0
2015-07-23,19:40:00,74.1498,74.168,74.1498,74.168,844,0
2015-07-23,19:45:00,74.1648,74.18,74.1601,74.18,878,0
2015-07-23,19:50:00,74.1901,74.21,74.1868,74.2098,5689,0
2015-07-23,19:55:00,74.2199,74.29,74.2,74.29,2786,0
2015-07-23,20:00:00,74.275,74.32,74.275,74.31,7755,0
2015-07-23,20:05:00,74.28,74.28,74.27,74.27,2894,0
2015-07-23,20:10:00,74.27,74.27,74.2488,74.2488,2570,0
2015-07-23,20:15:00,74.262,74.2662,74.222,74.2401,4016,0
2015-07-23,20:20:00,74.27,74.27,74.2699,74.2699,869,0
2015-07-23,20:25:00,74.27,74.27,74.252,74.252,2381,0
2015-07-23,20:30:00,74.2401,74.2636,74.2401,74.2636,473,0
2015-07-23,20:35:00,74.25,74.2699,74.25,74.26,2191,0
2015-07-23,20:40:00,74.266,74.29,74.2632,74.29,1050,0
2015-07-23,20:45:00,74.2801,74.29,74.2801,74.29,2200,0
2015-07-23,20:50:00,74.28,74.2899,74.24,74.2499,9017,0
2015-07-23,20:55:00,74.23,74.23,74.16,74.16,8341,0
2015-07-23,21:00:00,74.139,74.17,74.139,74.15,2005,0
2015-07-23,21:05:00,74.15,74.15,74.12,74.12,486,0
2015-07-23,21:10:00,74.1198,74.14,74.1198,74.122,2159,0
2015-07-23,21:15:00,74.1201,74.1201,74.0732,74.0732,2573,0
2015-07-23,21:20:00,74.0609,74.106,74.0609,74.106,4729,0
2015-07-23,21:25:00,74.0816,74.0816,74.0816,74.0816,117,0
2015-07-23,21:30:00,74.114,74.1199,74.0945,74.1199,837,0
2015-07-23,21:35:00,74.11,74.118,74.08,74.08,1013,0
2015-07-23,21:40:00,74.0899,74.13,74.07,74.13,1428,0
2015-07-23,21:45:00,74.14,74.14,74.11,74.1101,6865,0
2015-07-23,21:50:00,74.11,74.131,74.09,74.131,2197,0
2015-07-23,21:55:00,74.1316,74.1316,74.099,74.099,2401,0
2015-07-23,22:00:00,74.1068,74.16,74.1001,74.16,2870,0
2015-07-24,15:35:00,74.29,74.29,74.1274,74.1274,11872,0
2015-07-24,15:40:00,74.148,74.155,74.11,74.11,1409,0
2015-07-24,15:45:00,74.1146,74.1146,74.1146,74.1146,300,0
2015-07-24,15:50:00,74.1429,74.1429,74.1429,74.1429,200,0
2015-07-24,15:55:00,74.1498,74.16,74.1436,74.1598,685,0
2015-07-24,16:00:00,74.16,74.16,74.132,74.132,365,0
2015-07-24,16:05:00,74.122,74.13,74.11,74.13,1588,0
2015-07-24,16:10:00,74.1448,74.15,74.1448,74.1481,308,0
2015-07-24,16:20:00,74.15,74.15,74.1329,74.1329,695,0
2015-07-24,16:25:00,74.14,74.15,74.14,74.15,2314,0
2015-07-24,16:30:00,74.1352,74.15,74.1352,74.1488,395,0
2015-07-24,16:35:00,74.1399,74.1399,74.087,74.087,786,0
2015-07-24,16:40:00,74.0552,74.0552,74.0552,74.0552,149,0
2015-07-24,16:45:00,74.0726,74.0726,74.0491,74.06,2868,0
2015-07-24,16:50:00,74.022,74.03,74.022,74.03,534,0
2015-07-24,16:55:00,74.0201,74.03,74.0201,74.03,1005,0
2015-07-24,17:00:00,74.02,74.02,73.99,73.99,3572,0
2015-07-24,17:05:00,73.9801,74.0105,73.98,74.0105,1049,0
2015-07-24,17:10:00,74.001,74.003,73.99,73.99,1400,0
2015-07-24,17:20:00,73.9901,74.0199,73.985,74.0199,912,0
2015-07-24,17:25:00,74.009,74.02,74.009,74.02,2200,0
2015-07-24,17:30:00,74,74.02,74,74.0072,1990,0
2015-07-24,17:35:00,74.02,74.04,74.0072,74.0072,7210,0
2015-07-24,17:45:00,74.028,74.0299,74.028,74.028,1210,0
2015-07-24,17:50:00,74.0198,74.0198,74.0198,74.0198,364,0
2015-07-24,17:55:00,74.0199,74.0199,74.0001,74.0001,403,0
2015-07-24,18:00:00,74.0001,74.01,73.99,74.01,1371,0
2015-07-24,18:05:00,74,74,73.99,73.99,424,0
2015-07-24,18:10:00,73.97,73.97,73.97,73.97,800,0
2015-07-24,18:15:00,73.9841,73.9841,73.9841,73.9841,265,0
2015-07-24,18:25:00,73.9436,73.9436,73.9436,73.9436,311,0
2015-07-24,18:30:00,73.92,73.92,73.902,73.902,605,0
2015-07-24,18:35:00,73.9064,73.91,73.8841,73.8841,1107,0
2015-07-24,18:40:00,73.9001,73.9102,73.9001,73.9102,951,0
2015-07-24,18:45:00,73.87,73.8799,73.8644,73.8644,606,0
2015-07-24,18:50:00,73.84,73.84,73.8181,73.8181,1171,0
2015-07-24,18:55:00,73.82,73.82,73.82,73.82,876,0
2015-07-24,19:00:00,73.848,73.848,73.81,73.81,1705,0
2015-07-24,19:05:00,73.8,73.82,73.8,73.82,1700,0
2015-07-24,19:10:00,73.842,73.855,73.84,73.84,2253,0
2015-07-24,19:15:00,73.84,73.85,73.84,73.85,4272,0
2015-07-24,19:20:00,73.8499,73.8499,73.84,73.84,300,0
2015-07-24,19:25:00,73.8409,73.86,73.8409,73.86,3019,0
2015-07-24,19:30:00,73.88,73.88,73.8716,73.8716,700,0
2015-07-24,19:35:00,73.84,73.84,73.83,73.84,3035,0
2015-07-24,19:40:00,73.8271,73.8271,73.8,73.8,1538,0
2015-07-24,19:45:00,73.79,73.79,73.73,73.73,2579,0
2015-07-24,19:50:00,73.7,73.73,73.6901,73.73,2988,0
2015-07-24,19:55:00,73.75,73.7548,73.734,73.7548,1171,0
2015-07-24,20:00:00,73.7496,73.766,73.73,73.753,3243,0
2015-07-24,20:05:00,73.73,73.73,73.722,73.722,500,0
2015-07-24,20:10:00,73.728,73.728,73.68,73.68,350,0
2015-07-24,20:15:00,73.7,73.71,73.67,73.67,8034,0
2015-07-24,20:20:00,73.67,73.67,73.65,73.65,949,0
2015-07-24,20:25:00,73.6599,73.68,73.6468,73.68,1924,0
2015-07-24,20:30:00,73.69,73.73,73.69,73.73,2006,0
2015-07-24,20:35:00,73.7,73.7,73.68,73.68,500,0
2015-07-24,20:40:00,73.64,73.64,73.6353,73.6353,235,0
2015-07-24,20:45:00,73.6272,73.6399,73.6272,73.6399,590,0
2015-07-24,20:50:00,73.6499,73.6499,73.61,73.6101,906,0
2015-07-24,20:55:00,73.568,73.5799,73.568,73.5799,1336,0
2015-07-24,21:00:00,73.58,73.668,73.58,73.668,2583,0
2015-07-24,21:05:00,73.6336,73.685,73.6336,73.685,1190,0
2015-07-24,21:10:00,73.72,73.72,73.72,73.72,349,0
2015-07-24,21:15:00,73.7201,73.74,73.7201,73.7271,1779,0
2015-07-24,21:20:00,73.722,73.73,73.72,73.72,325,0
2015-07-24,21:25:00,73.72,73.72,73.69,73.706,538,0
2015-07-24,21:30:00,73.7171,73.7199,73.63,73.63,780,0
2015-07-24,21:35:00,73.64,73.6529,73.6,73.6398,1842,0
2015-07-24,21:40:00,73.59,73.59,73.59,73.59,100,0
2015-07-24,21:45:00,73.57,73.5829,73.57,73.5829,335,0
2015-07-24,21:50:00,73.6,73.64,73.6,73.611,1589,0
2015-07-24,21:55:00,73.6,73.66,73.6,73.66,5692,0
2015-07-24,22:00:00,73.668,73.668,73.59,73.59,3789,0
2015-07-27,15:35:00,73.3,73.37,73.26,73.3628,18701,0
2015-07-27,15:40:00,73.32,73.32,73.273,73.32,4000,0
2015-07-27,15:45:00,73.31,73.31,73.23,73.2336,2265,0
2015-07-27,15:50:00,73.25,73.3136,73.25,73.3136,4585,0
2015-07-27,15:55:00,73.377,73.377,73.377,73.377,203,0
2015-07-27,16:00:00,73.3603,73.4307,73.3603,73.4307,1372,0
2015-07-27,16:05:00,73.4562,73.47,73.4562,73.47,2942,0
2015-07-27,16:10:00,73.3525,73.4556,73.3525,73.44,2597,0
2015-07-27,16:15:00,73.4359,73.518,73.4359,73.518,454,0
2015-07-27,16:20:00,73.511,73.618,73.511,73.618,1182,0
2015-07-27,16:25:00,73.63,73.63,73.57,73.57,7040,0
2015-07-27,16:30:00,73.5399,73.5448,73.5103,73.512,3076,0
2015-07-27,16:40:00,73.6131,73.72,73.6131,73.72,2349,0
2015-07-27,16:45:00,73.728,73.728,73.7,73.7099,900,0
2015-07-27,16:50:00,73.69,73.69,73.6471,73.6471,504,0
2015-07-27,16:55:00,73.63,73.63,73.61,73.61,2720,0
2015-07-27,17:00:00,73.6529,73.6591,73.631,73.642,3618,0
2015-07-27,17:05:00,73.6365,73.662,73.6365,73.662,339,0
2015-07-27,17:10:00,73.69,73.7298,73.69,73.7164,3835,0
2015-07-27,17:15:00,73.7124,73.7124,73.6502,73.6799,1361,0
2015-07-27,17:20:00,73.6677,73.6677,73.6,73.6,2711,0
2015-07-27,17:25:00,73.62,73.64,73.582,73.64,2035,0
2015-07-27,17:30:00,73.6636,73.6636,73.6252,73.6252,1037,0
2015-07-27,17:35:00,73.63,73.6332,73.582,73.582,4526,0
2015-07-27,17:40:00,73.5923,73.5923,73.5746,73.5746,480,0
2015-07-27,17:45:00,73.58,73.6248,73.58,73.6,983,0
2015-07-27,17:50:00,73.5946,73.6402,73.5946,73.64,2322,0
2015-07-27,17:55:00,73.6331,73.6331,73.6331,73.6331,543,0
2015-07-27,18:00:00,73.6652,73.6849,73.6652,73.68,5106,0
2015-07-27,18:05:00,73.68,73.7,73.6702,73.678,3310,0
2015-07-27,18:10:00,73.6552,73.6552,73.6552,73.6552,222,0
2015-07-27,18:15:00,73.6,73.62,73.6,73.62,746,0
2015-07-27,18:20:00,73.63,73.63,73.63,73.63,200,0
2015-07-27,18:25:00,73.63,73.63,73.6,73.6,520,0
2015-07-27,18:30:00,73.642,73.6469,73.61,73.6469,4032,0
2015-07-27,18:35:00,73.63,73.64,73.63,73.63,1783,0
2015-07-27,18:40:00,73.601,73.63,73.601,73.62,1355,0
2015-07-27,18:45:00,73.5966,73.5966,73.5966,73.5966,100,0
2015-07-27,18:50:00,73.6199,73.6199,73.6199,73.6199,110,0
2015-07-27,18:55:00,73.56,73.56,73.53,73.53,429,0
2015-07-27,19:00:00,73.5352,73.5352,73.529,73.529,253,0
2015-07-27,19:05:00,73.5569,73.5699,73.55,73.5599,1465,0
2015-07-27,19:10:00,73.5501,73.57,73.55,73.57,300,0
2015-07-27,19:15:00,73.5701,73.5701,73.55,73.5601,2092,0
2015-07-27,19:20:00,73.6,73.6,73.59,73.6,1034,0
2015-07-27,19:25:00,73.5799,73.5799,73.5201,73.5201,1422,0
2015-07-27,19:30:00,73.5673,73.5673,73.5673,73.5673,167,0
2015-07-27,19:35:00,73.5778,73.5778,73.56,73.56,797,0
2015-07-27,19:40:00,73.55,73.5648,73.55,73.5648,705,0
2015-07-27,19:45:00,73.5632,73.5651,73.5632,73.5651,526,0
2015-07-27,19:55:00,73.66,73.67,73.66,73.668,1107,0
2015-07-27,20:00:00,73.68,73.68,73.65,73.65,700,0
2015-07-27,20:05:00,73.6301,73.66,73.6301,73.66,4423,0
2015-07-27,20:10:00,73.646,73.6701,73.646,73.6701,1430,0
2015-07-27,20:15:00,73.63,73.64,73.63,73.6352,513,0
2015-07-27,20:20:00,73.6602,73.68,73.6602,73.68,1852,0
2015-07-27,20:25:00,73.706,73.706,73.6899,73.6899,3170,0
2015-07-27,20:30:00,73.6301,73.642,73.6301,73.642,1436,0
2015-07-27,20:35:00,73.641,73.645,73.61,73.61,1698,0
2015-07-27,20:40:00,73.61,73.64,73.6052,73.64,1456,0
2015-07-27,20:45:00,73.6799,73.6899,73.6699,73.6699,2061,0
2015-07-27,20:50:00,73.6302,73.6653,73.6302,73.6627,1207,0
2015-07-27,20:55:00,73.67,73.6799,73.6501,73.6599,4394,0
2015-07-27,21:00:00,73.63,73.6698,73.63,73.6698,1234,0
2015-07-27,21:05:00,73.6501,73.6501,73.62,73.62,835,0
2015-07-27,21:10:00,73.615,73.6199,73.5928,73.61,2925,0
2015-07-27,21:15:00,73.59,73.61,73.59,73.59,5802,0
2015-07-27,21:20:00,73.59,73.5952,73.5501,73.5501,2324,0
2015-07-27,21:25:00,73.5549,73.568,73.5549,73.568,220,0
2015-07-27,21:30:00,73.5076,73.53,73.5076,73.53,6795,0
2015-07-27,21:35:00,73.5,73.5,73.49,73.49,391,0
2015-07-27,21:45:00,73.49,73.51,73.4731,73.4731,16868,0
2015-07-27,21:50:00,73.4793,73.48,73.46,73.48,9376,0
2015-07-27,21:55:00,73.5001,73.518,73.49,73.49,1453,0
2015-07-27,22:00:00,73.52,73.6155,73.52,73.61,5611,0
2015-07-28,15:35:00,73.94,73.98,73.92,73.96,12906,0
2015-07-28,15:40:00,73.98,74.0849,73.9357,73.97,5078,0
2015-07-28,15:45:00,73.9499,73.98,73.93,73.98,3671,0
2015-07-28,15:50:00,74.008,74.008,73.94,73.94,355506,0
2015-07-28,15:55:00,73.9619,73.97,73.9619,73.97,1783,0
2015-07-28,16:00:00,74.0001,74.0153,74.0001,74.0153,1088,0
2015-07-28,16:05:00,74,74,73.9941,73.9941,1800,0
2015-07-28,16:10:00,73.94,73.95,73.9095,73.9095,2620,0
2015-07-28,16:15:00,73.9196,73.93,73.9196,73.93,450,0
2015-07-28,16:20:00,73.97,73.97,73.89,73.89,898,0
2015-07-28,16:25:00,73.8658,73.8658,73.85,73.85,500,0
2015-07-28,16:30:00,73.88,73.88,73.8191,73.8191,1521,0
2015-07-28,16:35:00,73.89,73.89,73.89,73.89,305,0
2015-07-28,16:40:00,73.93,73.94,73.93,73.93,680,0
2015-07-28,16:45:00,73.9951,73.9951,73.973,73.99,665,0
2015-07-28,16:50:00,74,74.0136,74,74.0136,3200,0
2015-07-28,16:55:00,74.0199,74.027,74.0199,74.027,300,0
2015-07-28,17:00:00,74.0704,74.103,74.0704,74.103,2147,0
2015-07-28,17:05:00,74.1347,74.1347,74.1103,74.1103,2128,0
2015-07-28,17:10:00,74.1505,74.1599,74.1304,74.1599,517,0
2015-07-28,17:15:00,74.13,74.168,74.13,74.168,1425,0
2015-07-28,17:20:00,74.172,74.172,74.1251,74.1449,1054,0
2015-07-28,17:25:00,74.1197,74.1197,74.1,74.1,463,0
2015-07-28,17:30:00,74.103,74.178,74.103,74.178,8607,0
2015-07-28,17:35:00,74.2,74.215,74.19,74.19,4945,0
2015-07-28,17:40:00,74.22,74.22,74.19,74.192,15390,0
2015-07-28,17:45:00,74.19,74.24,74.19,74.2112,2958,0
2015-07-28,17:50:00,74.2212,74.27,74.2212,74.233,3484,0
2015-07-28,17:55:00,74.2415,74.257,74.221,74.2264,2574,0
2015-07-28,18:00:00,74.18,74.2199,74.18,74.2199,2209,0
2015-07-28,18:05:00,74.23,74.2551,74.23,74.2508,1157,0
2015-07-28,18:10:00,74.28,74.28,74.2597,74.2695,2461,0
2015-07-28,18:15:00,74.2526,74.2699,74.22,74.22,1635,0
2015-07-28,18:20:00,74.29,74.29,74.29,74.29,100,0
2015-07-28,18:25:00,74.3241,74.3241,74.3241,74.3241,380,0
2015-07-28,18:30:00,74.3222,74.3222,74.3101,74.3164,1048,0
2015-07-28,18:35:00,74.31,74.3499,74.31,74.3499,432,0
2015-07-28,18:40:00,74.3232,74.3232,74.3155,74.3155,1049,0
2015-07-28,18:50:00,74.3749,74.3749,74.35,74.362,752,0
2015-07-28,18:55:00,74.351,74.353,74.351,74.353,200,0
2015-07-28,19:00:00,74.3606,74.3606,74.3496,74.3496,447,0
2015-07-28,19:05:00,74.36,74.36,74.36,74.36,200,0
2015-07-28,19:10:00,74.372,74.4172,74.371,74.4172,1300,0
2015-07-28,19:15:00,74.42,74.44,74.42,74.44,2500,0
2015-07-28,19:20:00,74.4536,74.4536,74.4536,74.4536,174,0
2015-07-28,19:25:00,74.456,74.456,74.43,74.4529,730,0
2015-07-28,19:40:00,74.44,74.44,74.43,74.43,700,0
2015-07-28,19:45:00,74.452,74.4747,74.45,74.4747,3527,0
2015-07-28,19:50:00,74.48,74.49,74.48,74.487,347,0
2015-07-28,19:55:00,74.48,74.5,74.48,74.5,578,0
2015-07-28,20:00:00,74.5,74.5371,74.5,74.5371,400,0
2015-07-28,20:05:00,74.51,74.51,74.51,74.51,985,0
2015-07-28,20:10:00,74.54,74.5698,74.54,74.5401,823,0
2015-07-28,20:15:00,74.5698,74.5698,74.5301,74.542,3456,0
2015-07-28,20:20:00,74.5776,74.5871,74.573,74.5871,1019,0
2015-07-28,20:25:00,74.586,74.6049,74.578,74.5805,1937,0
2015-07-28,20:30:00,74.5801,74.5973,74.5768,74.5768,1654,0
2015-07-28,20:35:00,74.56,74.5699,74.56,74.5699,1134,0
2015-07-28,20:40:00,74.531,74.531,74.531,74.531,110,0
2015-07-28,20:45:00,74.5344,74.5344,74.53,74.53,343,0
2015-07-28,20:50:00,74.5444,74.568,74.5444,74.568,818,0
2015-07-28,20:55:00,74.56,74.5899,74.5596,74.5828,3181,0
2015-07-28,21:00:00,74.612,74.63,74.612,74.63,668,0
2015-07-28,21:05:00,74.62,74.62,74.5705,74.5705,2602,0
2015-07-28,21:10:00,74.5806,74.5806,74.56,74.57,2647,0
2015-07-28,21:15:00,74.568,74.588,74.568,74.5699,4537,0
2015-07-28,21:20:00,74.552,74.5995,74.552,74.58,1927,0
2015-07-28,21:25:00,74.59,74.6049,74.551,74.551,4565,0
2015-07-28,21:30:00,74.5532,74.5532,74.53,74.539,1798,0
2015-07-28,21:35:00,74.53,74.5601,74.53,74.5601,3418,0
2015-07-28,21:40:00,74.59,74.598,74.58,74.5897,1911,0
2015-07-28,21:45:00,74.582,74.6129,74.582,74.6129,781,0
2015-07-28,21:50:00,74.6,74.6,74.57,74.57,1305,0
2015-07-28,21:55:00,74.5736,74.602,74.56,74.5866,1672,0
2015-07-28,22:00:00,74.58,74.58,74.55,74.58,1258,0
2015-07-29,15:35:00,74.62,74.62,74.557,74.59,8866,0
2015-07-29,15:40:00,74.54,74.6,74.54,74.6,2819,0
2015-07-29,15:45:00,74.61,74.6603,74.61,74.6603,852,0
2015-07-29,15:50:00,74.7,74.7,74.667,74.667,300,0
2015-07-29,16:00:00,74.7102,74.72,74.7053,74.7053,1700,0
2015-07-29,16:05:00,74.6601,74.69,74.6601,74.69,542,0
2015-07-29,16:10:00,74.66,74.66,74.66,74.66,100,0
2015-07-29,16:20:00,74.6453,74.66,74.6453,74.66,500,0
2015-07-29,16:25:00,74.7602,74.7602,74.7201,74.7201,335,0
2015-07-29,16:30:00,74.72,74.72,74.71,74.71,400,0
2015-07-29,16:35:00,74.72,74.8203,74.72,74.82,3157,0
2015-07-29,16:40:00,74.841,74.875,74.83,74.875,2240,0
2015-07-29,16:45:00,74.88,74.8999,74.8503,74.89,2726,0
2015-07-29,16:50:00,74.8831,74.89,74.8601,74.872,966,0
2015-07-29,16:55:00,74.9199,74.9199,74.9,74.9049,1634,0
2015-07-29,17:10:00,74.86,74.91,74.858,74.89,2785,0
2015-07-29,17:15:00,74.8765,74.8765,74.8765,74.8765,130,0
2015-07-29,17:20:00,74.9151,74.9399,74.9151,74.9399,235,0
2015-07-29,17:25:00,74.97,74.97,74.9501,74.968,2100,0
2015-07-29,17:30:00,74.9999,74.9999,74.97,74.98,1651,0
2015-07-29,17:35:00,74.98,75,74.96,74.995,958,0
2015-07-29,17:40:00,74.999,74.999,74.9768,74.9849,1991,0
2015-07-29,17:45:00,74.97,74.97,74.96,74.96,200,0
2015-07-29,17:50:00,74.9351,74.94,74.9349,74.94,481,0
2015-07-29,17:55:00,74.9506,74.9506,74.9506,74.9506,100,0
2015-07-29,18:00:00,74.9401,74.9703,74.935,74.95,1973,0
2015-07-29,18:05:00,74.96,74.96,74.91,74.91,4980,0
2015-07-29,18:10:00,74.9,74.9,74.85,74.85,1159,0
2015-07-29,18:15:00,74.85,74.8534,74.85,74.8534,446,0
2015-07-29,18:20:00,74.8675,74.8675,74.8675,74.8675,197,0
2015-07-29,18:25:00,74.88,74.88,74.8682,74.8682,1430,0
2015-07-29,18:30:00,74.897,74.897,74.897,74.897,133,0
2015-07-29,18:35:00,74.88,74.88,74.8701,74.8798,500,0
2015-07-29,18:40:00,74.85,74.85,74.8201,74.8201,843,0
2015-07-29,18:45:00,74.8372,74.8399,74.8372,74.8399,687,0
2015-07-29,18:50:00,74.8594,74.8762,74.8594,74.8762,453,0
2015-07-29,18:55:00,74.91,74.94,74.91,74.94,340,0
2015-07-29,19:00:00,74.88,74.9051,74.88,74.9051,295,0
2015-07-29,19:05:00,74.88,74.9002,74.88,74.883,1912,0
2015-07-29,19:15:00,74.94,74.94,74.94,74.94,307,0
2015-07-29,19:20:00,74.9599,74.9599,74.91,74.9101,4348,0
2015-07-29,19:25:00,74.94,74.94,74.93,74.93,200,0
2015-07-29,19:30:00,74.932,74.948,74.92,74.92,598,0
2015-07-29,19:35:00,74.932,74.94,74.93,74.93,647,0
2015-07-29,19:45:00,74.952,74.9601,74.952,74.9601,874,0
2015-07-29,19:50:00,74.9401,74.9401,74.93,74.94,1653,0
2015-07-29,19:55:00,74.9201,74.942,74.9201,74.942,1226,0
2015-07-29,20:00:00,74.91,74.91,74.91,74.91,700,0
2015-07-29,20:05:00,74.97,75.1,74.924,74.924,1807,0
2015-07-29,20:10:00,74.94,74.96,74.863,74.91,7782,0
2015-07-29,20:15:00,74.99,74.99,74.9801,74.9801,750,0
2015-07-29,20:20:00,75.061,75.082,75.061,75.082,6300,0
2015-07-29,20:25:00,75.08,75.1,75,75,12350,0
2015-07-29,20:30:00,75,75,74.98,74.99,7339,0
2015-07-29,20:35:00,75.02,75.02,74.9801,75.0197,7012,0
2015-07-29,20:40:00,74.9906,75.03,74.9906,75.03,3100,0
2015-07-29,20:45:00,75.06,75.06,75.046,75.046,820,0
2015-07-29,20:50:00,75.11,75.13,75.0693,75.13,2947,0
2015-07-29,20:55:00,75.1593,75.1593,75.123,75.123,4721,0
2015-07-29,21:00:00,75.1326,75.16,75.1303,75.15,2950,0
2015-07-29,21:05:00,75.102,75.12,75.102,75.115,5728,0
2015-07-29,21:10:00,75.114,75.114,75.06,75.06,3135,0
2015-07-29,21:15:00,75.0429,75.0699,75.0383,75.056,1997,0
2015-07-29,21:20:00,75.03,75.0349,75,75,1681,0
2015-07-29,21:25:00,75.0298,75.04,75.0298,75.0368,2006,0
2015-07-29,21:30:00,75.042,75.0798,75.042,75.06,1070,0
2015-07-29,21:35:00,75.0664,75.0664,74.9546,74.96,6163,0
2015-07-29,21:40:00,74.97,75,74.94,74.9946,6210,0
2015-07-29,21:45:00,75.02,75.05,75.02,75.0346,4685,0
2015-07-29,21:50:00,75.05,75.058,75.0402,75.05,2063,0
2015-07-29,21:55:00,75.04,75.055,75.04,75.042,1807,0
2015-07-29,22:00:00,75.06,75.08,75.05,75.05,1400,0
2015-07-30,15:35:00,74.9,74.9,74.76,74.78,15047,0
2015-07-30,15:40:00,74.82,74.847,74.76,74.77,3562,0
2015-07-30,15:45:00,74.75,74.75,74.66,74.66,1750,0
2015-07-30,15:50:00,74.7,74.7147,74.67,74.67,4536,0
2015-07-30,15:55:00,74.668,74.7827,74.6648,74.7827,1249,0
2015-07-30,16:00:00,74.7999,74.7999,74.7999,74.7999,100,0
2015-07-30,16:05:00,74.7855,74.7855,74.7699,74.7699,260,0
2015-07-30,16:10:00,74.84,74.84,74.84,74.84,100,0
2015-07-30,16:15:00,74.8068,74.8068,74.8068,74.8068,324,0
2015-07-30,16:20:00,74.8248,74.83,74.8248,74.83,220,0
2015-07-30,16:25:00,74.85,74.86,74.8203,74.84,1110,0
2015-07-30,16:30:00,74.8195,74.849,74.8195,74.849,1085,0
2015-07-30,16:35:00,74.879,74.91,74.879,74.8999,735,0
2015-07-30,16:40:00,74.8501,74.864,74.8203,74.8203,1316,0
2015-07-30,16:45:00,74.8355,74.84,74.81,74.8383,2365,0
2015-07-30,16:50:00,74.85,74.85,74.84,74.8499,1350,0
2015-07-30,16:55:00,74.8501,74.8501,74.8501,74.8501,400,0
2015-07-30,17:00:00,74.8301,74.8301,74.79,74.79,350,0
2015-07-30,17:05:00,74.8148,74.8239,74.8148,74.8239,1120,0
2015-07-30,17:10:00,74.829,74.83,74.7999,74.8,1983,0
2015-07-30,17:20:00,74.8999,74.8999,74.87,74.87,400,0
2015-07-30,17:25:00,74.91,74.9246,74.91,74.9246,1475,0
2015-07-30,17:30:00,74.93,74.94,74.907,74.907,2632,0
2015-07-30,17:35:00,74.9,74.9115,74.898,74.898,1176,0
2015-07-30,17:40:00,74.89,74.91,74.89,74.91,521,0
2015-07-30,17:45:00,74.918,74.918,74.918,74.918,500,0
2015-07-30,17:50:00,74.97,74.97,74.97,74.97,3449,0
2015-07-30,17:55:00,74.9502,74.9502,74.9502,74.9502,350,0
2015-07-30,18:05:00,74.9801,75.0021,74.9801,75.0021,999,0
2015-07-30,18:10:00,74.97,74.97,74.97,74.97,250,0
2015-07-30,18:15:00,74.96,74.96,74.96,74.96,100,0
2015-07-30,18:20:00,74.9664,74.99,74.9642,74.99,4266,0
2015-07-30,18:25:00,75,75.02,75,75.0198,2581,0
2015-07-30,18:35:00,74.9999,74.9999,74.98,74.98,540,0
2015-07-30,18:45:00,74.96,74.96,74.96,74.96,405,0
2015-07-30,18:55:00,74.9999,74.9999,74.98,74.98,1245,0
2015-07-30,19:05:00,75,75,74.971,74.971,1300,0
2015-07-30,19:10:00,74.9699,74.9699,74.94,74.94,2200,0
2015-07-30,19:15:00,74.96,74.96,74.96,74.96,100,0
2015-07-30,19:20:00,74.98,74.98,74.97,74.97,1900,0
2015-07-30,19:25:00,74.9402,74.95,74.94,74.95,1539,0
2015-07-30,19:30:00,74.91,74.91,74.9042,74.9042,2617,0
2015-07-30,19:35:00,74.939,74.95,74.8801,74.89,1029,0
2015-07-30,19:40:00,74.8998,74.8998,74.8998,74.8998,245,0
2015-07-30,19:45:00,74.8668,74.89,74.8668,74.89,490,0
2015-07-30,19:55:00,74.908,74.9242,74.908,74.9242,1483,0
2015-07-30,20:05:00,74.9425,74.9638,74.9398,74.9638,928,0
2015-07-30,20:10:00,74.95,74.95,74.9142,74.9142,1083,0
2015-07-30,20:15:00,74.91,74.9542,74.91,74.9542,1904,0
2015-07-30,20:20:00,74.9348,74.9348,74.919,74.919,2081,0
2015-07-30,20:25:00,74.929,74.9332,74.92,74.92,643,0
2015-07-30,20:30:00,74.9302,74.9388,74.9201,74.924,1810,0
2015-07-30,20:35:00,74.9398,74.9398,74.91,74.91,2015,0
2015-07-30,20:40:00,74.9,74.9199,74.88,74.9199,4794,0
2015-07-30,20:45:00,74.9298,74.9703,74.9236,74.9703,605,0
2015-07-30,20:50:00,74.9575,75,74.9575,75,1824,0
2015-07-30,20:55:00,74.9948,74.9948,74.98,74.98,673,0
2015-07-30,21:00:00,74.997,74.997,74.9773,74.9773,1087,0
2015-07-30,21:05:00,75.0299,75.0299,75,75,2265,0
2015-07-30,21:10:00,75.0152,75.021,75.0152,75.02,1202,0
2015-07-30,21:15:00,75.0146,75.0146,74.992,74.992,1214,0
2015-07-30,21:20:00,75,75.02,75,75.02,317,0
2015-07-30,21:25:00,75.0111,75.0111,75.0001,75.0058,2899,0
2015-07-30,21:30:00,75.02,75.042,75.01,75.042,1529,0
2015-07-30,21:35:00,75.0375,75.04,75.0375,75.04,2935,0
2015-07-30,21:40:00,75.04,75.04,75.0098,75.011,3062,0
2015-07-30,21:45:00,75.04,75.04,75.023,75.023,4834,0
2015-07-30,21:50:00,74.99,75.01,74.99,75.01,513,0
2015-07-30,21:55:00,75.002,75.0598,75.002,75.0501,1120,0
2015-07-30,22:00:00,75.04,75.0425,74.9898,74.9898,1924,0
2015-07-31,15:35:00,75.07,75.0701,74.9,74.9,13522,0
2015-07-31,15:40:00,74.89,74.89,74.82,74.82,1579,0
2015-07-31,15:45:00,74.78,74.78,74.77,74.77,1350,0
2015-07-31,15:50:00,74.753,74.79,74.71,74.71,14176,0
2015-07-31,15:55:00,74.7664,74.7664,74.759,74.759,1500,0
2015-07-31,16:00:00,74.777,74.777,74.75,74.75,1401,0
2015-07-31,16:05:00,74.7673,74.808,74.75,74.808,1577,0
2015-07-31,16:10:00,74.807,74.807,74.7803,74.7852,435,0
2015-07-31,16:15:00,74.83,74.83,74.79,74.79,1482,0
2015-07-31,16:20:00,74.7903,74.817,74.76,74.76,1500,0
2015-07-31,16:25:00,74.773,74.84,74.773,74.84,2395,0
2015-07-31,16:30:00,74.8499,74.86,74.842,74.842,1505,0
2015-07-31,16:35:00,74.83,74.8748,74.8203,74.8748,2526,0
2015-07-31,16:40:00,74.8803,74.8803,74.8803,74.8803,217,0
2015-07-31,16:45:00,74.8732,74.88,74.8502,74.87,1877,0
2015-07-31,16:50:00,74.9,74.93,74.89,74.9196,14430,0
2015-07-31,16:55:00,74.9103,74.9402,74.9103,74.9402,3261,0
2015-07-31,17:00:00,74.9403,74.99,74.9403,74.99,1149,0
2015-07-31,17:05:00,74.92,74.9457,74.92,74.9457,1787,0
2015-07-31,17:10:00,74.9961,74.9961,74.9503,74.97,1249,0
2015-07-31,17:15:00,74.9516,74.9516,74.9516,74.9516,125,0
2015-07-31,17:20:00,74.9501,74.99,74.9501,74.99,750,0
2015-07-31,17:25:00,74.9539,74.97,74.9539,74.9698,959,0
2015-07-31,17:30:00,74.96,74.96,74.96,74.96,100,0
2015-07-31,17:35:00,74.97,74.9962,74.97,74.9962,1942,0
2015-07-31,17:40:00,75,75.0546,75,75.0546,1633,0
2015-07-31,17:45:00,75.0301,75.0599,75.0301,75.0599,375,0
2015-07-31,17:50:00,75.0275,75.05,75.0275,75.0432,589,0
2015-07-31,17:55:00,75.03,75.05,75.03,75.0425,815,0
2015-07-31,18:05:00,75.01,75.01,74.99,75.01,2671,0
2015-07-31,18:10:00,75.0636,75.0636,75.04,75.04,899,0
2015-07-31,18:15:00,75.0425,75.0425,75.0425,75.0425,109,0
2015-07-31,18:20:00,75.07,75.088,75.058,75.058,1414,0
2015-07-31,18:25:00,75.0101,75.0101,75.0101,75.0101,261,0
2015-07-31,18:30:00,74.998,74.998,74.9916,74.9916,865,0
2015-07-31,18:35:00,75,75,74.9875,75,564,0
2015-07-31,18:40:00,75.0163,75.0199,74.97,74.97,1400,0
2015-07-31,18:45:00,74.94,74.9682,74.94,74.96,1042,0
2015-07-31,18:50:00,74.954,74.954,74.9399,74.9399,780,0
2015-07-31,18:55:00,74.9201,74.93,74.9201,74.93,786,0
2015-07-31,19:00:00,74.9462,74.9462,74.9462,74.9462,187,0
2015-07-31,19:05:00,74.95,74.95,74.9412,74.9412,500,0
2015-07-31,19:10:00,74.9399,74.9399,74.92,74.9237,2641,0
2015-07-31,19:15:00,74.9244,74.9244,74.8702,74.8702,1186,0
2015-07-31,19:20:00,74.8759,74.8998,74.86,74.8998,1333,0
2015-07-31,19:25:00,74.89,74.89,74.88,74.88,300,0
2015-07-31,19:30:00,74.8998,74.9,74.88,74.88,1060,0
2015-07-31,19:35:00,74.81,74.81,74.7948,74.7948,381,0
2015-07-31,19:40:00,74.7901,74.7901,74.78,74.78,1044,0
2015-07-31,19:45:00,74.79,74.79,74.78,74.7825,669,0
2015-07-31,19:50:00,74.804,74.804,74.78,74.78,445,0
2015-07-31,19:55:00,74.76,74.77,74.76,74.7673,1989,0
2015-07-31,20:00:00,74.76,74.77,74.76,74.76,7200,0
2015-07-31,20:05:00,74.77,74.8199,74.77,74.8,12813,0
2015-07-31,20:10:00,74.8,74.81,74.8,74.81,1878,0
2015-07-31,20:15:00,74.8,74.8,74.7801,74.7801,1760,0
2015-07-31,20:20:00,74.7862,74.79,74.77,74.775,6287,0
2015-07-31,20:25:00,74.77,74.77,74.69,74.72,22562,0
2015-07-31,20:30:00,74.7201,74.75,74.7201,74.73,5150,0
2015-07-31,20:35:00,74.73,74.75,74.73,74.75,12778,0
2015-07-31,20:40:00,74.75,74.75,74.68,74.7,12228,0
2015-07-31,20:45:00,74.7,74.71,74.681,74.71,17408,0
2015-07-31,20:50:00,74.71,74.715,74.67,74.71,11455,0
2015-07-31,20:55:00,74.7099,74.74,74.69,74.73,10346,0
2015-07-31,21:00:00,74.73,74.75,74.72,74.72,16271,0
2015-07-31,21:05:00,74.72,74.74,74.71,74.71,4770,0
2015-07-31,21:10:00,74.7202,74.7202,74.65,74.65,16760,0
2015-07-31,21:15:00,74.65,74.68,74.65,74.68,23529,0
2015-07-31,21:20:00,74.66,74.7068,74.66,74.6996,10654,0
2015-07-31,21:25:00,74.7,74.7,74.6603,74.675,880,0
2015-07-31,21:30:00,74.64,74.64,74.6123,74.6123,2791,0
2015-07-31,21:35:00,74.6248,74.66,74.6248,74.66,1160,0
2015-07-31,21:40:00,74.65,74.65,74.64,74.64,517,0
2015-07-31,21:45:00,74.65,74.65,74.61,74.63,2153,0
2015-07-31,21:50:00,74.62,74.63,74.6,74.6,6338,0
2015-07-31,21:55:00,74.6,74.61,74.57,74.61,2102,0
2015-07-31,22:00:00,74.62,74.69,74.61,74.64,18792,0
2015-08-03,15:35:00,74.58,74.58,74.5,74.51,13220,0
2015-08-03,15:40:00,74.5,74.5,74.47,74.49,2829,0
2015-08-03,15:45:00,74.45,74.45,74.32,74.32,2250,0
2015-08-03,15:50:00,74.32,74.3558,74.31,74.3558,2115,0
2015-08-03,15:55:00,74.3259,74.3342,74.3259,74.3342,800,0
2015-08-03,16:00:00,74.44,74.44,74.4,74.4,659,0
2015-08-03,16:05:00,74.39,74.431,74.39,74.39,1985,0
2015-08-03,16:10:00,74.42,74.43,74.4,74.4,1616,0
2015-08-03,16:15:00,74.42,74.5204,74.42,74.48,6345,0
2015-08-03,16:25:00,74.417,74.417,74.37,74.37,377,0
2015-08-03,16:30:00,74.3,74.3303,74.2858,74.29,1192,0
2015-08-03,16:35:00,74.25,74.281,74.2405,74.2601,882,0
2015-08-03,16:40:00,74.2803,74.2803,74.2803,74.2803,118,0
2015-08-03,16:45:00,74.252,74.277,74.252,74.277,773,0
2015-08-03,16:50:00,74.25,74.28,74.25,74.28,5900,0
2015-08-03,16:55:00,74.2601,74.2601,74.2601,74.2601,350,0
2015-08-03,17:00:00,74.29,74.3,74.29,74.3,13822,0
2015-08-03,17:05:00,74.3336,74.36,74.33,74.33,3730,0
2015-08-03,17:10:00,74.32,74.32,74.29,74.29,1606,0
2015-08-03,17:15:00,74.33,74.335,74.33,74.33,2175,0
2015-08-03,17:20:00,74.34,74.37,74.33,74.34,13316,0
2015-08-03,17:25:00,74.33,74.3948,74.33,74.3948,7482,0
2015-08-03,17:30:00,74.4,74.4,74.3638,74.3638,4876,0
2015-08-03,17:35:00,74.39,74.46,74.39,74.46,9073,0
2015-08-03,17:40:00,74.46,74.46,74.4,74.4,13304,0
2015-08-03,17:45:00,74.42,74.42,74.42,74.42,400,0
2015-08-03,17:50:00,74.39,74.41,74.39,74.4,531,0
2015-08-03,17:55:00,74.3899,74.3899,74.36,74.3681,710,0
2015-08-03,18:00:00,74.3444,74.3444,74.3444,74.3444,728,0
2015-08-03,18:05:00,74.37,74.37,74.348,74.348,2560,0
2015-08-03,18:10:00,74.34,74.34,74.3299,74.3299,3065,0
2015-08-03,18:15:00,74.31,74.3202,74.31,74.31,1363,0
2015-08-03,18:20:00,74.2864,74.2864,74.2864,74.2864,194,0
2015-08-03,18:25:00,74.2397,74.2397,74.2397,74.2397,230,0
2015-08-03,18:30:00,74.286,74.286,74.262,74.262,334,0
2015-08-03,18:35:00,74.25,74.25,74.1801,74.1801,1357,0
2015-08-03,18:40:00,74.2068,74.2068,74.18,74.182,606,0
2015-08-03,18:50:00,74.12,74.12,74.12,74.12,872,0
2015-08-03,18:55:00,74.11,74.12,74.11,74.12,3235,0
2015-08-03,19:00:00,74.07,74.0901,74.07,74.0901,2781,0
2015-08-03,19:05:00,74.09,74.1099,74.08,74.1052,1179,0
2015-08-03,19:10:00,74.098,74.0999,74.05,74.05,1209,0
2015-08-03,19:15:00,74.05,74.0603,74.0343,74.0588,3900,0
2015-08-03,19:20:00,74.0625,74.0625,74.05,74.06,3258,0
2015-08-03,19:25:00,74.09,74.09,74.07,74.07,600,0
2015-08-03,19:30:00,74.07,74.07,74.0501,74.0612,706,0
2015-08-03,19:35:00,74.06,74.0875,74.042,74.0875,1296,0
2015-08-03,19:40:00,74.098,74.0999,74.0775,74.0999,1815,0
2015-08-03,19:45:00,74.06,74.0899,74.05,74.081,3100,0
2015-08-03,19:50:00,74.0701,74.09,74.07,74.09,16031,0
2015-08-03,19:55:00,74.11,74.13,74.1,74.13,804,0
2015-08-03,20:00:00,74.1103,74.1103,74.1,74.1048,755,0
2015-08-03,20:05:00,74.08,74.0943,74.0788,74.0943,1344,0
2015-08-03,20:10:00,74.11,74.11,74.0598,74.0598,1484,0
2015-08-03,20:15:00,74.0657,74.0657,74.03,74.03,1322,0
2015-08-03,20:20:00,74.0201,74.0799,74.0201,74.0799,1641,0
2015-08-03,20:25:00,74.0425,74.0425,74.0425,74.0425,200,0
2015-08-03,20:30:00,74.04,74.069,74.02,74.069,8140,0
2015-08-03,20:35:00,74.0748,74.0748,74.04,74.065,1922,0
2015-08-03,20:40:00,74.0601,74.09,74.0601,74.09,1609,0
2015-08-03,20:45:00,74.127,74.127,74.1225,74.1225,665,0
2015-08-03,20:50:00,74.11,74.11,74.07,74.07,3149,0
2015-08-03,20:55:00,74.065,74.07,74.05,74.06,1361,0
2015-08-03,21:00:00,74.04,74.04,74.01,74.03,3995,0
2015-08-03,21:05:00,74.06,74.0799,74.05,74.07,4519,0
2015-08-03,21:10:00,74.07,74.0776,74.07,74.0776,605,0
2015-08-03,21:15:00,74.06,74.075,74.05,74.07,3201,0
2015-08-03,21:20:00,74.07,74.0852,74.07,74.0852,925,0
2015-08-03,21:25:00,74.1,74.13,74.1,74.12,2735,0
2015-08-03,21:30:00,74.11,74.1358,74.09,74.1358,1303,0
2015-08-03,21:35:00,74.14,74.14,74.11,74.11,2716,0
2015-08-03,21:40:00,74.14,74.2,74.14,74.2,2010,0
2015-08-03,21:45:00,74.21,74.29,74.21,74.29,3705,0
2015-08-03,21:50:00,74.29,74.29,74.23,74.236,1984,0
2015-08-03,21:55:00,74.2396,74.24,74.2396,74.24,1076,0
2015-08-03,22:00:00,74.251,74.35,74.251,74.31,23252,0
2015-08-04,15:35:00,74.31,74.4,74.31,74.39,6033,0
2015-08-04,15:40:00,74.4,74.44,74.4,74.4,2723,0
2015-08-04,15:45:00,74.29,74.29,74.29,74.29,297,0
2015-08-04,15:50:00,74.328,74.3599,74.3203,74.3297,1127,0
2015-08-04,15:55:00,74.407,74.407,74.3701,74.3701,2009,0
2015-08-04,16:00:00,74.3799,74.3799,74.3201,74.3201,1676,0
2015-08-04,16:05:00,74.339,74.339,74.32,74.32,522,0
2015-08-04,16:10:00,74.2984,74.3,74.291,74.291,1015,0
2015-08-04,16:15:00,74.28,74.3382,74.27,74.3382,3004,0
2015-08-04,16:20:00,74.308,74.308,74.281,74.282,864,0
2015-08-04,16:25:00,74.27,74.27,74.27,74.27,100,0
2015-08-04,16:30:00,74.256,74.33,74.256,74.33,4209,0
2015-08-04,16:35:00,74.3143,74.32,74.291,74.293,1275,0
2015-08-04,16:40:00,74.27,74.27,74.23,74.232,1326,0
2015-08-04,16:45:00,74.2,74.2184,74.2,74.2184,1000,0
2015-08-04,16:50:00,74.25,74.288,74.25,74.2777,1001,0
2015-08-04,16:55:00,74.2277,74.2277,74.2277,74.2277,100,0
2015-08-04,17:00:00,74.2203,74.2203,74.17,74.17,769,0
2015-08-04,17:05:00,74.2,74.22,74.19,74.1998,3555,0
2015-08-04,17:10:00,74.2148,74.218,74.2098,74.2098,1942,0
2015-08-04,17:15:00,74.1816,74.26,74.1816,74.2561,3816,0
2015-08-04,17:20:00,74.26,74.26,74.18,74.18,14750,0
2015-08-04,17:25:00,74.1848,74.1848,74.1545,74.1545,11835,0
2015-08-04,17:30:00,74.1418,74.165,74.1301,74.165,15774,0
2015-08-04,17:35:00,74.165,74.215,74.165,74.2,12900,0
2015-08-04,17:40:00,74.2,74.22,74.2,74.205,2059,0
2015-08-04,17:45:00,74.2399,74.2399,74.2201,74.23,1815,0
2015-08-04,17:50:00,74.2,74.225,74.1901,74.22,12988,0
2015-08-04,17:55:00,74.21,74.21,74.2001,74.2001,1838,0
2015-08-04,18:00:00,74.21,74.23,74.2,74.23,2079,0
2015-08-04,18:05:00,74.2203,74.24,74.21,74.2148,7672,0
2015-08-04,18:10:00,74.222,74.251,74.22,74.231,3077,0
2015-08-04,18:15:00,74.235,74.257,74.2301,74.257,2701,0
2015-08-04,18:20:00,74.22,74.2372,74.2001,74.2299,2070,0
2015-08-04,18:25:00,74.2223,74.2299,74.192,74.192,994,0
2015-08-04,18:30:00,74.18,74.18,74.161,74.161,408,0
2015-08-04,18:35:00,74.1803,74.1899,74.1752,74.1752,549,0
2015-08-04,18:40:00,74.1839,74.1999,74.1839,74.1999,1024,0
2015-08-04,18:45:00,74.205,74.205,74.17,74.17,10869,0
2015-08-04,18:50:00,74.16,74.16,74.16,74.16,300,0
2015-08-04,19:00:00,74.1601,74.1601,74.1601,74.1601,125,0
2015-08-04,19:05:00,74.15,74.15,74.15,74.15,579,0
2015-08-04,19:10:00,74.1448,74.1448,74.1448,74.1448,200,0
2015-08-04,19:15:00,74.12,74.12,74.12,74.12,1400,0
2015-08-04,19:20:00,74.13,74.16,74.13,74.16,6308,0
2015-08-04,19:25:00,74.1604,74.1604,74.16,74.16,563,0
2015-08-04,19:30:00,74.14,74.155,74.14,74.14,1940,0
2015-08-04,19:35:00,74.1687,74.1822,74.1687,74.1822,648,0
2015-08-04,19:40:00,74.16,74.18,74.16,74.1668,1015,0
2015-08-04,19:45:00,74.15,74.15,74.1,74.1,3197,0
2015-08-04,19:50:00,74.11,74.11,74.11,74.11,1043,0
2015-08-04,19:55:00,74.013,74.013,73.975,73.9884,3307,0
2015-08-04,20:00:00,74.02,74.03,74.0128,74.03,2300,0
2015-08-04,20:05:00,74.0144,74.0234,74.0105,74.017,3190,0
2015-08-04,20:10:00,73.953,73.97,73.953,73.97,400,0
2015-08-04,20:15:00,73.92,73.93,73.92,73.93,500,0
2015-08-04,20:20:00,73.9096,73.93,73.9096,73.93,400,0
2015-08-04,20:25:00,73.9373,73.9373,73.9373,73.9373,642,0
2015-08-04,20:30:00,73.9352,73.9531,73.932,73.9531,3100,0
2015-08-04,20:35:00,73.958,73.96,73.93,73.96,1310,0
2015-08-04,20:45:00,73.98,74.0053,73.98,73.98,880,0
2015-08-04,20:50:00,73.988,74,73.988,74,1327,0
2015-08-04,20:55:00,74.0416,74.0416,74.0416,74.0416,271,0
2015-08-04,21:00:00,74.057,74.057,74,74.02,1734,0
2015-08-04,21:05:00,74.0648,74.07,74.02,74.03,2429,0
2015-08-04,21:10:00,74.013,74.03,74,74.03,300,0
2015-08-04,21:15:00,74.032,74.032,74.0299,74.0299,4600,0
2015-08-04,21:20:00,73.992,73.992,73.992,73.992,350,0
2015-08-04,21:25:00,74.005,74.005,74.001,74.001,490,0
2015-08-04,21:30:00,74.03,74.0323,74.0201,74.0201,1539,0
2015-08-04,21:35:00,74.0346,74.06,74.0346,74.058,3896,0
2015-08-04,21:40:00,74.0501,74.0535,74.05,74.05,1211,0
2015-08-04,21:45:00,74.028,74.04,74,74.0101,3841,0
2015-08-04,21:50:00,74.0261,74.0261,73.9902,73.9902,1326,0
2015-08-04,21:55:00,73.98,73.98,73.98,73.98,200,0
2015-08-04,22:00:00,73.956,74.06,73.956,74.06,7710,0
2015-08-05,15:35:00,74.51,74.575,74.36,74.56,12980,0
2015-08-05,15:40:00,74.52,74.55,74.52,74.55,266,0
2015-08-05,15:45:00,74.56,74.563,74.53,74.537,1381,0
2015-08-05,15:50:00,74.5201,74.59,74.5201,74.59,1865,0
2015-08-05,15:55:00,74.56,74.5699,74.55,74.565,2020,0
2015-08-05,16:00:00,74.5706,74.5706,74.4865,74.4865,937,0
2015-08-05,16:05:00,74.47,74.47,74.41,74.415,1860,0
2015-08-05,16:10:00,74.4433,74.46,74.4433,74.46,556,0
2015-08-05,16:15:00,74.53,74.53,74.52,74.52,300,0
2015-08-05,16:25:00,74.57,74.587,74.565,74.58,501,0
2015-08-05,16:30:00,74.58,74.58,74.56,74.58,9620,0
2015-08-05,16:35:00,74.6,74.64,74.6,74.6,825,0
2015-08-05,16:40:00,74.618,74.618,74.61,74.61,260,0
2015-08-05,16:45:00,74.5802,74.59,74.5802,74.5899,701,0
2015-08-05,16:50:00,74.57,74.58,74.5595,74.58,954,0
2015-08-05,16:55:00,74.585,74.59,74.585,74.59,332,0
2015-08-05,17:00:00,74.58,74.58,74.555,74.555,312,0
2015-08-05,17:05:00,74.587,74.5918,74.535,74.535,3590,0
2015-08-05,17:10:00,74.545,74.545,74.545,74.545,332,0
2015-08-05,17:15:00,74.5501,74.58,74.5501,74.58,480,0
2015-08-05,17:20:00,74.6,74.63,74.5864,74.597,751,0
2015-08-05,17:25:00,74.59,74.6199,74.59,74.6199,1100,0
2015-08-05,17:30:00,74.595,74.63,74.5884,74.5884,510,0
2015-08-05,17:35:00,74.58,74.6104,74.58,74.6104,892,0
2015-08-05,17:40:00,74.61,74.61,74.54,74.54,2885,0
2015-08-05,17:45:00,74.56,74.56,74.52,74.52,4804,0
2015-08-05,17:50:00,74.5028,74.54,74.5028,74.54,3163,0
2015-08-05,17:55:00,74.5319,74.5319,74.52,74.52,435,0
2015-08-05,18:00:00,74.47,74.47,74.41,74.41,1209,0
2015-08-05,18:05:00,74.41,74.41,74.36,74.39,1892,0
2015-08-05,18:10:00,74.39,74.43,74.39,74.43,300,0
2015-08-05,18:15:00,74.41,74.417,74.41,74.41,300,0
2015-08-05,18:20:00,74.36,74.36,74.35,74.35,228,0
2015-08-05,18:25:00,74.36,74.36,74.36,74.36,100,0
2015-08-05,18:30:00,74.322,74.3284,74.322,74.3284,952,0
2015-08-05,18:35:00,74.3216,74.332,74.259,74.259,1591,0
2015-08-05,18:40:00,74.29,74.29,74.27,74.27,4600,0
2015-08-05,18:45:00,74.25,74.27,74.2283,74.27,3777,0
2015-08-05,18:50:00,74.3,74.3,74.3,74.3,100,0
2015-08-05,18:55:00,74.2583,74.2583,74.2583,74.2583,1054,0
2015-08-05,19:00:00,74.298,74.37,74.298,74.35,1583,0
2015-08-05,19:05:00,74.348,74.348,74.32,74.32,821,0
2015-08-05,19:10:00,74.32,74.32,74.32,74.32,100,0
2015-08-05,19:15:00,74.2801,74.2801,74.23,74.23,707,0
2015-08-05,19:20:00,74.2,74.2,74.2,74.2,1297,0
2015-08-05,19:25:00,74.18,74.2254,74.18,74.2,5360,0
2015-08-05,19:30:00,74.1968,74.228,74.19,74.228,597,0
2015-08-05,19:35:00,74.21,74.23,74.2,74.23,1052,0
2015-08-05,19:40:00,74.24,74.24,74.24,74.24,200,0
2015-08-05,19:45:00,74.2701,74.275,74.26,74.26,7870,0
2015-08-05,19:50:00,74.28,74.288,74.2501,74.2501,550,0
2015-08-05,19:55:00,74.2498,74.2498,74.2132,74.2132,535,0
2015-08-05,20:00:00,74.25,74.27,74.25,74.2563,1709,0
2015-08-05,20:05:00,74.2499,74.2499,74.2301,74.2301,519,0
2015-08-05,20:10:00,74.3001,74.31,74.3,74.31,2038,0
2015-08-05,20:15:00,74.2701,74.2923,74.2701,74.29,575,0
2015-08-05,20:20:00,74.31,74.32,74.2972,74.32,300,0
2015-08-05,20:25:00,74.3147,74.33,74.3105,74.33,1281,0
2015-08-05,20:30:00,74.33,74.35,74.3254,74.35,819,0
2015-08-05,20:35:00,74.3443,74.3443,74.32,74.32,2816,0
2015-08-05,20:40:00,74.32,74.33,74.31,74.31,1524,0
2015-08-05,20:45:00,74.322,74.322,74.25,74.2899,4725,0
2015-08-05,20:50:00,74.2999,74.31,74.2999,74.31,1997,0
2015-08-05,20:55:00,74.28,74.28,74.28,74.28,100,0
2015-08-05,21:00:00,74.28,74.285,74.28,74.285,220,0
2015-08-05,21:05:00,74.3,74.3,74.28,74.28,8713,0
2015-08-05,21:10:00,74.3,74.33,74.2902,74.33,967,0
2015-08-05,21:15:00,74.3496,74.3584,74.34,74.34,1300,0
2015-08-05,21:20:00,74.32,74.32,74.293,74.3,3005,0
2015-08-05,21:25:00,74.29,74.32,74.29,74.32,2636,0
2015-08-05,21:30:00,74.3102,74.33,74.2474,74.2474,6725,0
2015-08-05,21:35:00,74.25,74.25,74.2277,74.24,1000,0
2015-08-05,21:40:00,74.26,74.26,74.21,74.21,594,0
2015-08-05,21:45:00,74.1806,74.23,74.1806,74.2134,586,0
2015-08-05,21:50:00,74.2,74.21,74.19,74.1992,1875,0
2015-08-05,21:55:00,74.2,74.21,74.19,74.2099,3713,0
2015-08-05,22:00:00,74.2,74.21,74.17,74.17,2794,0
2015-08-06,15:35:00,74.2,74.2,74.1401,74.17,11626,0
2015-08-06,15:40:00,74.02,74.02,74.02,74.02,152,0
2015-08-06,15:45:00,73.948,73.948,73.948,73.948,400,0
2015-08-06,15:50:00,73.91,73.926,73.897,73.897,750,0
2015-08-06,15:55:00,73.8803,73.9574,73.8803,73.9574,1794,0
2015-08-06,16:00:00,73.8934,73.958,73.8934,73.958,7658,0
2015-08-06,16:05:00,73.9401,73.9401,73.924,73.924,2199,0
2015-08-06,16:10:00,73.9303,73.95,73.9303,73.95,2432,0
2015-08-06,16:15:00,73.96,74.01,73.96,74.01,4494,0
2015-08-06,16:20:00,74.01,74.01,73.97,73.97,1942,0
2015-08-06,16:25:00,73.97,73.97,73.94,73.94,1973,0
2015-08-06,16:30:00,73.94,73.94,73.89,73.89,3397,0
2015-08-06,16:35:00,73.9,73.968,73.89,73.96,785,0
2015-08-06,16:40:00,74.01,74.01,73.98,73.98,465,0
2015-08-06,16:45:00,74.01,74.01,74.01,74.01,100,0
2015-08-06,16:55:00,74.05,74.05,74.02,74.0499,5793,0
2015-08-06,17:00:00,74.0116,74.0116,74.003,74.01,516,0
2015-08-06,17:05:00,74.0099,74.0127,74.002,74.002,1077,0
2015-08-06,17:10:00,73.99,73.99,73.9846,73.9846,735,0
2015-08-06,17:15:00,73.9999,74.0101,73.99,74,3490,0
2015-08-06,17:20:00,74.002,74.04,74.002,74.0348,2342,0
2015-08-06,17:25:00,74.05,74.0548,74.05,74.0548,3114,0
2015-08-06,17:30:00,74.0301,74.04,74.01,74.01,780,0
2015-08-06,17:35:00,73.9903,73.9903,73.94,73.9601,92903,0
2015-08-06,17:40:00,73.952,73.97,73.92,73.93,19044,0
2015-08-06,17:45:00,73.93,73.9636,73.93,73.953,1772,0
2015-08-06,17:50:00,73.97,74.02,73.97,74.02,835,0
2015-08-06,17:55:00,74,74,73.99,73.9953,565,0
2015-08-06,18:00:00,73.955,73.96,73.91,73.92,2701,0
2015-08-06,18:05:00,73.94,73.94,73.92,73.9252,1141,0
2015-08-06,18:10:00,73.948,73.96,73.948,73.96,250,0
2015-08-06,18:15:00,73.97,73.97,73.96,73.966,362,0
2015-08-06,18:20:00,73.95,73.9562,73.93,73.93,1713,0
2015-08-06,18:25:00,73.9301,73.9301,73.8801,73.8816,3113,0
2015-08-06,18:30:00,73.9,73.933,73.881,73.903,695,0
2015-08-06,18:35:00,73.9199,73.9199,73.8968,73.91,2912,0
2015-08-06,18:40:00,73.87,73.87,73.85,73.8588,2497,0
2015-08-06,18:45:00,73.84,73.877,73.84,73.877,495,0
2015-08-06,18:50:00,73.8735,73.93,73.8735,73.93,10825,0
2015-08-06,18:55:00,73.9077,73.9095,73.89,73.89,526,0
2015-08-06,19:00:00,73.9062,73.91,73.894,73.894,1246,0
2015-08-06,19:05:00,73.9001,73.9532,73.9001,73.9532,5483,0
2015-08-06,19:10:00,74.0099,74.0099,74.0099,74.0099,725,0
2015-08-06,19:15:00,73.978,74,73.978,74,2500,0
2015-08-06,19:20:00,74.002,74.003,74,74,1200,0
2015-08-06,19:25:00,73.99,74.0603,73.99,74.0603,3657,0
2015-08-06,19:30:00,74.05,74.05,74.03,74.03,1527,0
2015-08-06,19:35:00,74.0355,74.0355,74.02,74.02,1464,0
2015-08-06,19:40:00,74.03,74.03,73.998,73.998,1487,0
2015-08-06,19:45:00,74,74.028,74,74.028,236,0
2015-08-06,19:50:00,74.037,74.037,74.0199,74.0361,1580,0
2015-08-06,19:55:00,74.0248,74.0248,74.01,74.02,808,0
2015-08-06,20:00:00,74.0048,74.0048,74.0048,74.0048,105,0
2015-08-06,20:15:00,74.0199,74.02,74.0123,74.0123,6641,0
2015-08-06,20:20:00,74.0077,74.01,73.9816,73.9986,20099,0
2015-08-06,20:25:00,74.0162,74.03,74.0162,74.03,2674,0
2015-08-06,20:30:00,74.035,74.1034,74.035,74.1034,4290,0
2015-08-06,20:35:00,74.1018,74.103,74.1012,74.1012,878,0
2015-08-06,20:40:00,74.09,74.09,74.0566,74.0566,1278,0
2015-08-06,20:45:00,74.09,74.107,74.09,74.107,275,0
2015-08-06,20:50:00,74.093,74.093,74.093,74.093,334,0
2015-08-06,20:55:00,74.08,74.08,74.0501,74.0501,1903,0
2015-08-06,21:00:00,74.0499,74.0499,74.032,74.032,574,0
2015-08-06,21:05:00,74.05,74.0636,74.05,74.051,1016,0
2015-08-06,21:10:00,74.0401,74.053,74.04,74.0444,2169,0
2015-08-06,21:15:00,74.04,74.0531,74.02,74.02,2390,0
2015-08-06,21:20:00,74.0177,74.0454,74.0177,74.0454,1104,0
2015-08-06,21:25:00,74.0523,74.0523,74.0299,74.0299,7877,0
2015-08-06,21:30:00,74.02,74.02,74.02,74.02,121,0
2015-08-06,21:35:00,74.002,74.0092,74.002,74.0048,779,0
2015-08-06,21:40:00,74.0098,74.0098,73.97,73.97,871,0
2015-08-06,21:45:00,74.0499,74.08,74.0202,74.08,1684,0
2015-08-06,21:50:00,74.073,74.12,74.073,74.12,1300,0
2015-08-06,21:55:00,74.14,74.14,74.1168,74.1168,4010,0
2015-08-06,22:00:00,74.1299,74.13,74.11,74.11,3081,0
2015-08-07,15:35:00,74,74,73.8301,73.88,7593,0
2015-08-07,15:40:00,73.83,73.8636,73.8245,73.8245,668,0
2015-08-07,15:45:00,73.85,73.87,73.85,73.87,941,0
2015-08-07,15:50:00,73.8506,73.8506,73.75,73.76,1334,0
2015-08-07,15:55:00,73.8599,73.86,73.839,73.86,2908,0
2015-08-07,16:00:00,73.8553,73.871,73.8553,73.8701,920,0
2015-08-07,16:05:00,73.84,73.84,73.79,73.79,1308,0
2015-08-07,16:10:00,73.78,73.78,73.78,73.78,146,0
2015-08-07,16:15:00,73.8601,73.862,73.85,73.85,750,0
2015-08-07,16:20:00,73.84,73.87,73.81,73.81,12350,0
2015-08-07,16:25:00,73.81,73.81,73.75,73.75,4818,0
2015-08-07,16:30:00,73.738,73.738,73.733,73.733,316,0
2015-08-07,16:35:00,73.75,73.753,73.74,73.753,500,0
2015-08-07,16:40:00,73.79,73.82,73.7899,73.8092,18554,0
2015-08-07,16:45:00,73.79,73.8099,73.7701,73.8099,1550,0
2015-08-07,16:50:00,73.808,73.85,73.7601,73.84,3811,0
2015-08-07,16:55:00,73.8599,73.8599,73.79,73.79,601,0
2015-08-07,17:00:00,73.77,73.8,73.77,73.783,735,0
2015-08-07,17:05:00,73.76,73.767,73.74,73.76,1395,0
2015-08-07,17:10:00,73.7035,73.72,73.7015,73.72,1747,0
2015-08-07,17:15:00,73.7,73.7,73.6803,73.695,663,0
2015-08-07,17:20:00,73.6622,73.6622,73.6622,73.6622,350,0
2015-08-07,17:25:00,73.6577,73.6577,73.64,73.64,497,0
2015-08-07,17:30:00,73.64,73.68,73.64,73.663,1694,0
2015-08-07,17:35:00,73.67,73.6748,73.66,73.6748,2429,0
2015-08-07,17:40:00,73.68,73.68,73.6601,73.6601,750,0
2015-08-07,17:45:00,73.692,73.74,73.692,73.74,438,0
2015-08-07,17:50:00,73.7254,73.73,73.71,73.73,507,0
2015-08-07,17:55:00,73.72,73.7303,73.72,73.7303,402,0
2015-08-07,18:00:00,73.6801,73.73,73.6801,73.73,1659,0
2015-08-07,18:05:00,73.7301,73.7301,73.73,73.73,555,0
2015-08-07,18:10:00,73.693,73.724,73.693,73.724,400,0
2015-08-07,18:15:00,73.7079,73.7079,73.696,73.704,725,0
2015-08-07,18:20:00,73.719,73.719,73.719,73.719,100,0
2015-08-07,18:25:00,73.7179,73.7179,73.68,73.68,491,0
2015-08-07,18:30:00,73.6971,73.6971,73.6971,73.6971,100,0
2015-08-07,18:35:00,73.67,73.67,73.66,73.66,420,0
2015-08-07,18:40:00,73.65,73.65,73.63,73.64,1727,0
2015-08-07,18:45:00,73.6685,73.7248,73.6685,73.7248,973,0
2015-08-07,18:50:00,73.71,73.71,73.71,73.71,100,0
2015-08-07,18:55:00,73.7201,73.74,73.72,73.72,693,0
2015-08-07,19:10:00,73.6902,73.6902,73.6902,73.6902,135,0
2015-08-07,19:15:00,73.69,73.6999,73.6747,73.699,1074,0
2015-08-07,19:20:00,73.72,73.725,73.7001,73.7138,3035,0
2015-08-07,19:25:00,73.744,73.744,73.744,73.744,690,0
2015-08-07,19:30:00,73.711,73.736,73.71,73.71,2390,0
2015-08-07,19:35:00,73.75,73.784,73.75,73.7701,1075,0
2015-08-07,19:40:00,73.77,73.789,73.74,73.74,2727,0
2015-08-07,19:45:00,73.75,73.75,73.74,73.74,267,0
2015-08-07,19:50:00,73.7404,73.7623,73.7404,73.7548,1573,0
2015-08-07,19:55:00,73.76,73.76,73.74,73.74,938,0
2015-08-07,20:00:00,73.74,73.74,73.716,73.732,1900,0
2015-08-07,20:05:00,73.74,73.74,73.7,73.7,2125,0
2015-08-07,20:10:00,73.7299,73.74,73.725,73.74,2486,0
2015-08-07,20:15:00,73.74,73.75,73.73,73.7438,1865,0
2015-08-07,20:20:00,73.74,73.74,73.7176,73.7176,1050,0
2015-08-07,20:25:00,73.7,73.7,73.7,73.7,200,0
2015-08-07,20:30:00,73.727,73.727,73.711,73.711,216,0
2015-08-07,20:35:00,73.728,73.75,73.7201,73.75,5040,0
2015-08-07,20:40:00,73.7432,73.7797,73.7432,73.75,3361,0
2015-08-07,20:45:00,73.74,73.74,73.72,73.7335,1460,0
2015-08-07,20:50:00,73.72,73.74,73.72,73.73,5029,0
2015-08-07,20:55:00,73.74,73.75,73.7077,73.7077,840,0
2015-08-07,21:00:00,73.7,73.7,73.6936,73.6936,1879,0
2015-08-07,21:05:00,73.7,73.7,73.6573,73.6744,1608,0
2015-08-07,21:10:00,73.64,73.67,73.62,73.6552,6728,0
2015-08-07,21:15:00,73.63,73.63,73.58,73.5999,7118,0
2015-08-07,21:20:00,73.61,73.63,73.59,73.63,1800,0
2015-08-07,21:25:00,73.65,73.73,73.65,73.72,4787,0
2015-08-07,21:30:00,73.73,73.74,73.7,73.74,2747,0
2015-08-07,21:35:00,73.76,73.79,73.7415,73.79,7105,0
2015-08-07,21:40:00,73.79,73.79,73.75,73.76,8982,0
2015-08-07,21:45:00,73.78,73.79,73.72,73.74,11030,0
2015-08-07,21:50:00,73.72,73.78,73.7002,73.78,15051,0
2015-08-07,21:55:00,73.78,73.8,73.75,73.8,7600,0
2015-08-07,22:00:00,73.78,73.81,73.76,73.81,30752,0
