Date,Time,Open,High,Low,Close,Volume,OpenInt
2015-02-10,16:45:00,17.079,17.079,17.079,17.079,308,0
2015-02-10,17:00:00,17.029,17.029,17.029,17.029,203,0
2015-02-10,17:25:00,17.128,17.128,17.069,17.069,218,0
2015-02-10,18:05:00,17.088,17.088,17.088,17.088,203,0
2015-02-10,18:55:00,17.167,17.167,17.167,17.167,102,0
2015-02-10,20:15:00,17.177,17.177,17.177,17.177,810,0
2015-02-10,20:35:00,17.157,17.157,17.157,17.157,203,0
2015-02-10,20:45:00,17.177,17.177,17.177,17.177,407,0
2015-02-10,22:00:00,17.197,17.197,17.197,17.197,509,0
2015-02-11,18:10:00,17.079,17.079,17.079,17.079,305,0
2015-02-11,18:30:00,17.128,17.128,17.128,17.128,191,0
2015-02-11,19:45:00,17.108,17.108,17.108,17.108,102,0
2015-02-11,19:50:00,17.049,17.049,17.049,17.049,3052,0
2015-02-11,21:45:00,17.118,17.118,17.118,17.118,1218,0
2015-02-12,17:10:00,17.216,17.276,17.216,17.276,2034,0
2015-02-12,17:30:00,17.246,17.246,17.246,17.246,127,0
2015-02-12,17:35:00,17.246,17.246,17.246,17.246,102,0
2015-02-12,17:55:00,17.314,17.314,17.314,17.314,470,0
2015-02-12,18:00:00,17.304,17.304,17.266,17.266,678,0
2015-02-12,18:05:00,17.256,17.256,17.256,17.256,407,0
2015-02-12,22:00:00,17.304,17.304,17.304,17.304,102,0
2015-02-13,17:05:00,17.226,17.226,17.226,17.226,305,0
2015-02-13,18:25:00,17.207,17.207,17.207,17.207,1917,0
2015-02-13,19:25:00,17.216,17.216,17.216,17.216,305,0
2015-02-13,19:35:00,17.216,17.216,17.216,17.216,203,0
2015-02-13,20:35:00,17.216,17.216,17.216,17.216,203,0
2015-02-13,20:50:00,17.197,17.197,17.197,17.197,915,0
2015-02-13,20:55:00,17.197,17.197,17.197,17.197,1119,0
2015-02-13,21:30:00,17.236,17.236,17.236,17.236,323,0
2015-02-17,16:45:00,17.167,17.167,17.167,17.167,300,0
2015-02-17,17:05:00,17.177,17.177,17.177,17.177,407,0
2015-02-17,17:30:00,17.187,17.187,17.187,17.187,407,0
2015-02-17,18:25:00,17.177,17.177,17.177,17.177,102,0
2015-02-17,19:25:00,17.226,17.226,17.216,17.216,712,0
2015-02-17,20:25:00,17.207,17.207,17.207,17.207,251,0
2015-02-17,20:30:00,17.216,17.216,17.216,17.216,813,0
2015-02-17,20:35:00,17.216,17.216,17.216,17.216,220,0
2015-02-17,20:50:00,17.216,17.216,17.216,17.216,1297,0
2015-02-17,21:05:00,17.207,17.207,17.207,17.207,203,0
2015-02-17,21:35:00,17.197,17.197,17.197,17.197,612,0
2015-02-17,22:00:00,17.207,17.207,17.207,17.207,254,0
2015-02-18,15:35:00,17.187,17.187,17.187,17.187,102,0
2015-02-18,15:50:00,17.118,17.118,17.118,17.118,614,0
2015-02-18,17:30:00,17.128,17.128,17.128,17.128,915,0
2015-02-18,18:35:00,17.167,17.167,17.167,17.167,610,0
2015-02-18,18:40:00,17.157,17.157,17.157,17.157,2034,0
2015-02-18,20:00:00,17.138,17.138,17.138,17.138,305,0
2015-02-18,20:05:00,17.226,17.226,17.207,17.216,3662,0
2015-02-18,20:10:00,17.246,17.246,17.236,17.236,1424,0
2015-02-18,20:15:00,17.246,17.246,17.246,17.246,3662,0
2015-02-18,20:20:00,17.246,17.246,17.226,17.226,1424,0
2015-02-18,20:25:00,17.216,17.226,17.216,17.226,610,0
2015-02-18,20:30:00,17.226,17.226,17.216,17.226,813,0
2015-02-18,20:35:00,17.216,17.216,17.216,17.216,407,0
2015-02-18,20:40:00,17.226,17.226,17.216,17.216,813,0
2015-02-18,21:15:00,17.207,17.216,17.207,17.216,305,0
2015-02-19,15:35:00,17.088,17.088,17.088,17.088,4068,0
2015-02-19,15:40:00,17.098,17.098,17.088,17.098,1424,0
2015-02-19,15:45:00,17.098,17.098,17.098,17.098,102,0
2015-02-19,17:15:00,17.197,17.197,17.197,17.197,203,0
2015-02-19,17:55:00,17.197,17.197,17.197,17.197,610,0
2015-02-19,18:05:00,17.236,17.236,17.236,17.236,414,0
2015-02-19,18:10:00,17.187,17.226,17.187,17.226,386,0
2015-02-19,18:25:00,17.167,17.167,17.167,17.167,102,0
2015-02-19,18:30:00,17.157,17.157,17.148,17.148,203,0
2015-02-19,18:35:00,17.148,17.148,17.148,17.148,102,0
2015-02-19,18:40:00,17.138,17.138,17.118,17.118,203,0
2015-02-19,18:45:00,17.128,17.128,17.128,17.128,203,0
2015-02-19,18:50:00,17.128,17.128,17.128,17.128,102,0
2015-02-19,19:05:00,17.157,17.157,17.157,17.157,203,0
2015-02-19,19:10:00,17.118,17.118,17.118,17.118,102,0
2015-02-19,20:10:00,17.138,17.138,17.138,17.138,102,0
2015-02-19,20:40:00,17.118,17.118,17.118,17.118,360,0
2015-02-19,21:45:00,17.118,17.118,17.118,17.118,509,0
2015-02-19,22:00:00,17.108,17.108,17.108,17.108,915,0
2015-02-20,20:45:00,17.334,17.334,17.314,17.314,509,0
2015-02-23,15:35:00,17.148,17.148,17.148,17.148,3827,0
2015-02-23,15:45:00,17.138,17.138,17.138,17.138,305,0
2015-02-23,15:50:00,17.138,17.138,17.128,17.128,1018,0
2015-02-23,16:05:00,17.157,17.157,17.157,17.157,102,0
2015-02-23,16:10:00,17.157,17.157,17.157,17.157,102,0
2015-02-23,16:20:00,17.157,17.157,17.157,17.157,203,0
2015-02-23,16:25:00,17.157,17.187,17.157,17.167,4475,0
2015-02-23,16:50:00,17.226,17.226,17.226,17.226,490,0
2015-02-23,18:05:00,17.246,17.246,17.246,17.246,188,0
2015-02-23,18:10:00,17.246,17.256,17.246,17.256,712,0
2015-02-23,18:25:00,17.226,17.236,17.226,17.226,610,0
2015-02-23,18:30:00,17.236,17.236,17.236,17.236,305,0
2015-02-23,19:15:00,17.197,17.197,17.197,17.197,305,0
2015-02-23,20:45:00,17.207,17.207,17.207,17.207,1525,0
2015-02-23,20:50:00,17.236,17.236,17.207,17.207,2746,0
2015-02-23,21:15:00,17.226,17.226,17.226,17.226,712,0
2015-02-23,21:25:00,17.207,17.207,17.207,17.207,203,0
2015-02-23,21:55:00,17.256,17.256,17.256,17.256,458,0
2015-02-23,22:00:00,17.236,17.236,17.236,17.236,102,0
2015-02-24,17:10:00,17.501,17.501,17.501,17.501,203,0
2015-02-24,19:00:00,17.501,17.501,17.501,17.501,305,0
2015-02-24,21:55:00,17.462,17.472,17.462,17.472,1218,0
2015-02-25,15:35:00,17.422,17.422,17.422,17.422,3255,0
2015-02-25,17:10:00,17.501,17.501,17.501,17.501,203,0
2015-02-25,17:15:00,17.481,17.481,17.481,17.481,379,0
2015-02-25,19:15:00,17.491,17.491,17.491,17.491,102,0
2015-02-25,19:40:00,17.531,17.531,17.531,17.531,1715,0
2015-02-25,20:20:00,17.491,17.491,17.491,17.491,509,0
2015-02-25,20:25:00,17.531,17.54,17.531,17.54,305,0
2015-02-25,20:30:00,17.54,17.54,17.531,17.531,610,0
2015-02-25,20:45:00,17.491,17.491,17.491,17.491,173,0
2015-02-25,21:35:00,17.472,17.472,17.472,17.472,509,0
2015-02-25,21:45:00,17.472,17.472,17.472,17.472,977,0
2015-02-25,21:55:00,17.472,17.472,17.472,17.472,254,0
2015-02-26,15:35:00,17.501,17.501,17.501,17.501,142,0
2015-02-26,16:55:00,17.334,17.334,17.334,17.334,203,0
2015-02-26,18:10:00,17.373,17.383,17.373,17.383,1424,0
2015-02-26,18:20:00,17.343,17.343,17.343,17.343,321,0
2015-02-26,19:05:00,17.334,17.334,17.334,17.334,407,0
2015-02-26,21:05:00,17.304,17.304,17.304,17.304,102,0
2015-02-26,21:15:00,17.314,17.324,17.294,17.294,1221,0
2015-02-26,22:00:00,17.304,17.304,17.304,17.304,203,0
2015-02-27,17:30:00,17.462,17.462,17.373,17.373,403,0
2015-02-27,18:25:00,17.383,17.383,17.383,17.383,17460,0
2015-02-27,19:45:00,17.432,17.432,17.432,17.432,509,0
2015-03-02,16:50:00,17.276,17.276,17.276,17.276,2340,0
2015-03-02,18:05:00,17.324,17.324,17.324,17.324,407,0
2015-03-02,18:10:00,17.276,17.276,17.276,17.276,1276,0
2015-03-02,18:15:00,17.276,17.276,17.276,17.276,1221,0
2015-03-02,18:20:00,17.246,17.256,17.226,17.226,16208,0
2015-03-02,19:00:00,17.284,17.284,17.284,17.284,102,0
2015-03-02,21:30:00,17.304,17.304,17.304,17.304,1639,0
2015-03-03,16:25:00,17.193,17.193,17.193,17.193,190,0
2015-03-03,17:00:00,17.157,17.157,17.157,17.157,509,0
2015-03-03,17:10:00,17.187,17.187,17.187,17.187,712,0
2015-03-03,18:55:00,17.197,17.197,17.197,17.197,610,0
2015-03-03,19:15:00,17.197,17.197,17.197,17.197,305,0
2015-03-03,20:50:00,17.165,17.165,17.165,17.165,284,0
2015-03-04,15:35:00,17.069,17.069,17.069,17.069,305,0
2015-03-04,16:10:00,16.917,16.917,16.917,16.917,203,0
2015-03-04,16:45:00,16.929,16.929,16.929,16.929,221,0
2015-03-04,17:20:00,17.01,17.01,17.01,17.01,670,0
2015-03-04,17:30:00,16.976,16.976,16.976,16.976,614,0
2015-03-04,18:40:00,16.987,16.987,16.987,16.987,509,0
2015-03-04,20:00:00,17.01,17.01,17.01,17.01,251,0
2015-03-04,21:30:00,17.02,17.02,17.02,17.02,251,0
2015-03-05,17:35:00,17.107,17.107,17.104,17.104,661,0
2015-03-05,18:10:00,17.117,17.117,17.084,17.084,610,0
2015-03-05,18:30:00,17.069,17.069,17.069,17.069,251,0
2015-03-05,18:35:00,17.069,17.069,17.069,17.069,509,0
2015-03-06,15:35:00,16.891,16.891,16.891,16.891,305,0
2015-03-06,15:55:00,16.862,16.862,16.862,16.862,127,0
2015-03-06,18:20:00,16.724,16.724,16.724,16.724,5039,0
2015-03-06,21:50:00,16.675,16.675,16.675,16.675,102,0
2015-03-09,14:35:00,16.646,16.646,16.646,16.646,372,0
2015-03-09,14:55:00,16.626,16.626,16.626,16.626,126,0
2015-03-09,16:00:00,16.646,16.646,16.646,16.646,407,0
2015-03-09,16:45:00,16.665,16.665,16.665,16.665,311,0
2015-03-09,17:55:00,16.626,16.626,16.626,16.626,305,0
2015-03-09,19:45:00,16.665,16.665,16.665,16.665,2407,0
2015-03-09,20:50:00,16.704,16.704,16.69,16.69,3001,0
2015-03-10,14:35:00,16.449,16.449,16.449,16.449,102,0
2015-03-10,15:20:00,16.42,16.42,16.42,16.42,610,0
2015-03-10,15:30:00,16.358,16.358,16.358,16.358,305,0
2015-03-10,16:30:00,16.415,16.415,16.415,16.415,203,0
2015-03-10,17:00:00,16.38,16.38,16.38,16.38,102,0
2015-03-10,17:55:00,16.341,16.341,16.302,16.302,7535,0
2015-03-10,18:10:00,16.349,16.349,16.315,16.315,203,0
2015-03-10,19:55:00,16.326,16.326,16.326,16.326,255,0
2015-03-10,20:15:00,16.311,16.341,16.311,16.341,305,0
2015-03-11,14:35:00,16.39,16.39,16.39,16.39,1134,0
2015-03-11,15:05:00,16.361,16.361,16.325,16.325,305,0
2015-03-11,15:35:00,16.321,16.321,16.321,16.321,305,0
2015-03-11,16:30:00,16.282,16.302,16.282,16.292,2720,0
2015-03-11,16:35:00,16.351,16.351,16.351,16.351,102,0
2015-03-11,16:45:00,16.341,16.341,16.341,16.341,131,0
2015-03-11,20:55:00,16.308,16.308,16.308,16.308,105,0
2015-03-11,21:00:00,16.321,16.321,16.321,16.321,407,0
2015-03-12,14:35:00,16.43,16.439,16.43,16.439,593,0
2015-03-12,15:30:00,16.371,16.371,16.371,16.371,102,0
2015-03-12,16:00:00,16.38,16.38,16.38,16.38,166,0
2015-03-12,16:10:00,16.41,16.41,16.41,16.41,841,0
2015-03-12,17:50:00,16.284,16.284,16.284,16.284,735,0
2015-03-12,18:45:00,16.322,16.322,16.322,16.322,292,0
2015-03-12,19:25:00,16.37,16.371,16.351,16.351,447,0
2015-03-12,20:40:00,16.361,16.361,16.361,16.361,315,0
2015-03-12,20:45:00,16.354,16.354,16.321,16.331,7427,0
2015-03-12,21:00:00,16.361,16.39,16.361,16.39,609,0
2015-03-13,14:35:00,16.311,16.311,16.243,16.243,1927,0
2015-03-13,14:45:00,16.252,16.252,16.227,16.227,203,0
2015-03-13,14:55:00,16.223,16.223,16.223,16.223,102,0
2015-03-13,15:00:00,16.213,16.213,16.213,16.213,508,0
2015-03-13,15:05:00,16.213,16.213,16.213,16.213,203,0
2015-03-13,15:35:00,16.183,16.183,16.174,16.174,414,0
2015-03-13,15:55:00,16.174,16.174,16.174,16.174,2472,0
2015-03-13,16:05:00,16.193,16.193,16.193,16.193,610,0
2015-03-13,16:55:00,16.144,16.144,16.144,16.144,102,0
2015-03-13,17:15:00,16.144,16.144,16.144,16.144,102,0
2015-03-13,19:40:00,16.159,16.159,16.159,16.159,165,0
2015-03-13,20:15:00,16.132,16.132,16.132,16.132,135,0
2015-03-13,20:25:00,16.174,16.174,16.16,16.16,508,0
2015-03-13,20:40:00,16.184,16.184,16.184,16.184,254,0
2015-03-13,21:00:00,16.193,16.193,16.193,16.193,203,0
2015-03-16,21:00:00,16.321,16.321,16.321,16.321,102,0
2015-03-17,16:25:00,16.331,16.331,16.331,16.331,102,0
2015-03-17,16:40:00,16.351,16.351,16.351,16.351,203,0
2015-03-17,16:45:00,16.339,16.339,16.296,16.296,406,0
2015-03-17,16:50:00,16.351,16.351,16.342,16.342,305,0
2015-03-17,17:00:00,16.312,16.312,16.312,16.312,509,0
2015-03-17,17:15:00,16.311,16.311,16.302,16.302,1179,0
2015-03-17,19:20:00,16.38,16.38,16.38,16.38,102,0
2015-03-17,20:10:00,16.4,16.403,16.4,16.403,406,0
2015-03-17,20:15:00,16.4,16.4,16.4,16.4,203,0
2015-03-17,20:25:00,16.4,16.4,16.4,16.4,203,0
2015-03-17,20:50:00,16.42,16.42,16.407,16.407,1119,0
2015-03-17,20:55:00,16.41,16.41,16.409,16.409,508,0
2015-03-18,15:40:00,16.38,16.38,16.38,16.38,175,0
2015-03-18,17:05:00,16.46,16.46,16.46,16.46,231,0
2015-03-18,19:40:00,16.763,16.763,16.744,16.754,3441,0
2015-03-18,19:45:00,16.744,16.754,16.744,16.754,914,0
2015-03-18,19:50:00,16.714,16.714,16.704,16.704,1405,0
2015-03-18,20:00:00,16.704,16.704,16.704,16.704,406,0
2015-03-18,20:05:00,16.704,16.763,16.704,16.763,5544,0
2015-03-18,20:15:00,16.773,16.823,16.773,16.823,610,0
2015-03-18,20:30:00,16.793,16.803,16.793,16.803,1117,0
2015-03-18,21:00:00,16.763,16.763,16.763,16.763,102,0
2015-03-19,14:50:00,16.541,16.541,16.541,16.541,2034,0
2015-03-19,15:35:00,16.632,16.632,16.632,16.632,326,0
2015-03-19,16:05:00,16.577,16.577,16.577,16.577,742,0
2015-03-19,16:20:00,16.558,16.597,16.558,16.597,1018,0
2015-03-19,18:15:00,16.587,16.597,16.587,16.597,508,0
2015-03-20,14:35:00,16.849,16.849,16.849,16.849,102,0
2015-03-20,17:05:00,16.951,16.951,16.951,16.951,787,0
2015-03-20,17:40:00,16.998,16.998,16.992,16.992,2031,0
2015-03-20,18:10:00,17.017,17.017,17.017,17.017,232,0
2015-03-20,19:10:00,17.026,17.036,17.026,17.036,1726,0
2015-03-20,19:15:00,17.026,17.026,17.026,17.026,203,0
2015-03-20,19:20:00,17.017,17.017,17.017,17.017,203,0
2015-03-20,19:25:00,17.007,17.007,16.997,16.997,3075,0
2015-03-20,20:00:00,16.992,16.992,16.987,16.987,203,0
2015-03-20,20:15:00,16.997,16.997,16.957,16.957,3149,0
2015-03-20,20:20:00,16.957,16.987,16.957,16.967,3757,0
2015-03-20,20:35:00,16.967,16.967,16.957,16.967,812,0
2015-03-20,20:45:00,16.967,17.007,16.967,16.997,3859,0
2015-03-20,20:50:00,16.997,16.997,16.977,16.977,1015,0
2015-03-20,20:55:00,16.977,16.977,16.957,16.957,508,0
2015-03-20,21:00:00,16.967,16.967,16.957,16.957,406,0
2015-03-23,15:35:00,17.076,17.076,17.056,17.056,455,0
2015-03-23,15:50:00,17.026,17.026,17.017,17.026,2749,0
2015-03-23,16:35:00,16.987,16.987,16.987,16.987,609,0
2015-03-23,18:30:00,17.041,17.041,17.041,17.041,276,0
2015-03-23,19:20:00,17.071,17.071,17.071,17.071,446,0
2015-03-23,19:45:00,17.076,17.076,17.071,17.071,1015,0
2015-03-23,19:55:00,17.071,17.071,17.071,17.071,609,0
2015-03-23,21:00:00,17.076,17.076,17.076,17.076,102,0
2015-03-24,16:00:00,17.123,17.125,17.114,17.125,1117,0
2015-03-24,17:20:00,17.107,17.107,17.107,17.107,355,0
2015-03-24,18:25:00,17.057,17.057,17.057,17.057,228,0
2015-03-24,20:00:00,17.077,17.077,17.077,17.077,534,0
2015-03-25,14:55:00,17.131,17.131,17.131,17.131,173,0
2015-03-25,15:10:00,17.101,17.101,17.101,17.101,2539,0
2015-03-25,15:20:00,17.164,17.164,17.164,17.164,102,0
2015-03-25,18:05:00,17.106,17.106,17.106,17.106,340,0
2015-03-25,20:05:00,17.112,17.112,17.112,17.112,406,0
2015-03-25,20:30:00,17.115,17.115,17.115,17.115,203,0
2015-03-26,14:35:00,17.036,17.036,17.036,17.036,107,0
2015-03-26,15:10:00,16.933,16.933,16.933,16.933,233,0
2015-03-26,15:55:00,16.927,16.928,16.927,16.928,609,0
2015-03-26,16:40:00,16.872,16.872,16.872,16.872,519,0
2015-03-26,17:30:00,16.913,16.913,16.913,16.913,105,0
2015-03-26,19:45:00,16.893,16.893,16.893,16.893,150,0
2015-03-26,19:55:00,16.879,16.879,16.879,16.879,166,0
2015-03-26,20:40:00,16.915,16.915,16.915,16.915,190,0
2015-03-27,15:40:00,16.953,16.953,16.953,16.953,203,0
2015-03-27,15:50:00,16.948,16.967,16.932,16.932,1134,0
2015-03-27,16:05:00,16.981,16.981,16.981,16.981,203,0
2015-03-27,18:20:00,16.948,16.967,16.938,16.967,1589,0
2015-03-27,18:50:00,16.967,16.967,16.967,16.967,85,0
2015-03-27,19:35:00,16.967,16.967,16.967,16.967,9,0
2015-03-27,20:50:00,16.967,17.007,16.967,17.007,1692,0
2015-03-27,20:55:00,17.007,17.007,16.977,16.997,1111,0
2015-03-30,15:35:00,16.957,16.957,16.957,16.957,102,0
2015-03-30,16:15:00,16.873,16.889,16.873,16.889,711,0
2015-03-30,17:05:00,16.898,16.9,16.898,16.9,1219,0
2015-03-30,18:05:00,16.901,16.901,16.901,16.901,477,0
2015-03-30,18:10:00,16.907,16.907,16.907,16.907,305,0
2015-03-30,18:15:00,16.901,16.908,16.901,16.908,276,0
2015-03-30,19:25:00,16.937,16.937,16.937,16.937,152,0
2015-03-30,21:20:00,16.925,16.925,16.925,16.925,508,0
2015-03-30,21:50:00,16.918,16.928,16.918,16.918,2685,0
2015-03-31,15:35:00,16.662,16.662,16.662,16.662,508,0
2015-03-31,15:40:00,16.662,16.662,16.662,16.662,203,0
2015-03-31,16:25:00,16.662,16.662,16.662,16.662,1,0
2015-03-31,17:05:00,16.751,16.751,16.751,16.751,203,0
2015-03-31,18:10:00,16.693,16.711,16.693,16.711,406,0
2015-03-31,18:25:00,16.688,16.688,16.688,16.688,305,0
2015-03-31,18:35:00,16.688,16.692,16.677,16.677,716,0
2015-03-31,19:45:00,16.726,16.726,16.726,16.726,203,0
2015-03-31,20:25:00,16.721,16.721,16.702,16.702,609,0
2015-03-31,20:30:00,16.702,16.702,16.702,16.702,305,0
2015-03-31,20:35:00,16.696,16.711,16.696,16.711,406,0
2015-03-31,20:40:00,16.711,16.721,16.711,16.721,362,0
2015-03-31,20:45:00,16.721,16.721,16.721,16.721,1,0
2015-03-31,20:55:00,16.708,16.708,16.708,16.708,812,0
2015-03-31,21:05:00,16.707,16.731,16.707,16.731,508,0
2015-03-31,21:45:00,16.726,16.726,16.726,16.726,1726,0
2015-03-31,21:55:00,16.716,16.716,16.707,16.707,1117,0
2015-03-31,22:00:00,16.721,16.721,16.721,16.721,914,0
2015-04-01,17:00:00,16.8,16.8,16.78,16.8,1320,0
2015-04-01,17:05:00,16.81,16.81,16.809,16.809,711,0
2015-04-01,17:10:00,16.796,16.796,16.796,16.796,305,0
2015-04-01,17:15:00,16.8,16.81,16.787,16.81,914,0
2015-04-01,17:25:00,16.801,16.82,16.8,16.8,914,0
2015-04-01,17:30:00,16.809,16.809,16.809,16.809,305,0
2015-04-01,17:55:00,16.826,16.826,16.826,16.826,406,0
2015-04-01,18:00:00,16.82,16.82,16.819,16.819,406,0
2015-04-01,18:10:00,16.81,16.81,16.799,16.799,914,0
2015-04-01,18:20:00,16.8,16.8,16.792,16.792,609,0
2015-04-01,18:30:00,16.8,16.8,16.798,16.798,609,0
2015-04-01,18:35:00,16.798,16.8,16.79,16.8,1015,0
2015-04-01,18:55:00,16.806,16.806,16.806,16.806,508,0
2015-04-01,20:10:00,16.81,16.81,16.81,16.81,102,0
2015-04-01,20:15:00,16.81,16.81,16.81,16.81,203,0
2015-04-01,20:20:00,16.81,16.81,16.81,16.81,203,0
2015-04-01,20:25:00,16.81,16.81,16.81,16.81,254,0
2015-04-01,20:30:00,16.81,16.81,16.81,16.81,305,0
2015-04-01,20:35:00,16.81,16.81,16.81,16.81,234,0
2015-04-01,21:05:00,16.81,16.81,16.81,16.81,609,0
2015-04-01,21:10:00,16.81,16.81,16.81,16.81,88,0
2015-04-01,21:20:00,16.81,16.82,16.81,16.82,535,0
2015-04-01,22:00:00,16.82,16.82,16.82,16.82,1015,0
2015-04-02,15:35:00,16.82,16.82,16.82,16.82,356,0
2015-04-02,15:45:00,16.82,16.82,16.82,16.82,1,0
2015-04-02,16:05:00,16.82,16.82,16.82,16.82,12,0
2015-04-02,17:10:00,16.82,16.82,16.82,16.82,8,0
2015-04-02,17:15:00,16.908,16.908,16.908,16.908,290,0
2015-04-02,18:15:00,16.908,16.908,16.908,16.908,13,0
2015-04-02,20:20:00,16.889,16.918,16.889,16.918,484,0
2015-04-02,20:45:00,16.918,16.918,16.918,16.918,1,0
2015-04-02,20:55:00,16.91,16.91,16.91,16.91,355,0
2015-04-02,21:50:00,16.91,16.91,16.91,16.91,102,0
2015-04-02,22:00:00,16.918,16.918,16.918,16.918,406,0
2015-04-06,15:35:00,16.81,16.81,16.81,16.81,1220,0
2015-04-06,15:40:00,16.861,16.861,16.849,16.849,406,0
2015-04-06,15:50:00,16.879,16.879,16.879,16.879,194,0
2015-04-06,16:05:00,16.879,16.879,16.879,16.879,1,0
2015-04-06,16:10:00,17.007,17.053,17.007,17.053,255,0
2015-04-06,16:30:00,17.053,17.105,17.053,17.105,1625,0
2015-04-06,16:45:00,17.105,17.105,17.105,17.105,86,0
2015-04-06,16:55:00,17.105,17.105,17.105,17.105,28,0
2015-04-06,17:05:00,17.095,17.14,17.095,17.14,1362,0
2015-04-06,17:10:00,17.125,17.128,17.125,17.128,812,0
2015-04-06,17:25:00,17.128,17.128,17.128,17.128,13,0
2015-04-06,17:45:00,17.135,17.135,17.135,17.135,203,0
2015-04-06,17:50:00,17.135,17.135,17.135,17.135,203,0
2015-04-06,19:25:00,17.1,17.1,17.1,17.1,102,0
2015-04-06,19:50:00,17.115,17.135,17.089,17.135,1173,0
2015-04-06,21:10:00,17.066,17.066,17.066,17.066,102,0
2015-04-07,15:35:00,17.164,17.164,17.164,17.164,680,0
2015-04-07,15:55:00,17.164,17.164,17.164,17.164,10,0
2015-04-07,16:35:00,17.164,17.164,17.164,17.164,70,0
2015-04-07,16:45:00,17.164,17.164,17.164,17.164,13,0
2015-04-07,17:00:00,17.164,17.164,17.164,17.164,23,0
2015-04-07,17:10:00,17.164,17.164,17.164,17.164,4,0
2015-04-07,17:20:00,17.164,17.164,17.164,17.164,90,0
2015-04-07,17:25:00,17.164,17.164,17.164,17.164,1,0
2015-04-07,17:30:00,17.191,17.191,17.191,17.191,238,0
2015-04-07,19:20:00,17.16,17.204,17.16,17.204,508,0
2015-04-07,19:25:00,17.204,17.204,17.204,17.204,17,0
2015-04-07,19:30:00,17.213,17.213,17.213,17.213,1117,0
2015-04-07,19:50:00,17.164,17.164,17.164,17.164,255,0
2015-04-07,20:25:00,17.164,17.164,17.164,17.164,57,0
2015-04-07,20:45:00,17.125,17.125,17.125,17.125,330,0
2015-04-07,21:30:00,17.159,17.159,17.159,17.159,145,0
2015-04-07,21:45:00,17.105,17.105,17.105,17.105,277,0
2015-04-07,21:50:00,17.174,17.174,17.174,17.174,120,0
2015-04-08,15:35:00,17.292,17.292,17.292,17.292,102,0
2015-04-08,16:15:00,17.145,17.145,17.145,17.145,1015,0
2015-04-08,16:40:00,17.164,17.164,17.164,17.164,102,0
2015-04-08,16:45:00,17.145,17.145,17.145,17.145,102,0
2015-04-08,16:50:00,17.145,17.145,17.115,17.145,1352,0
2015-04-08,18:05:00,17.145,17.145,17.145,17.145,71,0
2015-04-08,18:40:00,17.204,17.214,17.204,17.214,4773,0
2015-04-08,20:00:00,17.213,17.213,17.213,17.213,906,0
2015-04-08,20:05:00,17.174,17.174,17.174,17.174,1015,0
2015-04-08,20:30:00,17.174,17.174,17.174,17.174,4,0
2015-04-08,21:35:00,17.174,17.174,17.174,17.174,97,0
2015-04-08,21:40:00,17.174,17.184,17.165,17.184,2231,0
2015-04-09,17:35:00,17.174,17.184,17.076,17.076,609,0
2015-04-09,18:00:00,17.165,17.165,17.165,17.165,508,0
2015-04-09,19:35:00,17.165,17.165,17.165,17.165,40,0
2015-04-09,20:15:00,17.165,17.165,17.165,17.165,6,0
2015-04-09,21:30:00,17.165,17.165,17.165,17.165,42,0
2015-04-10,17:30:00,17.095,17.095,17.095,17.095,537,0
2015-04-10,18:15:00,17.145,17.164,17.145,17.149,5687,0
2015-04-10,18:25:00,17.149,17.149,17.129,17.129,648,0
2015-04-10,18:30:00,17.154,17.154,17.154,17.154,1219,0
2015-04-10,18:55:00,17.154,17.154,17.154,17.154,1015,0
2015-04-10,19:30:00,17.135,17.135,17.135,17.135,914,0
2015-04-10,19:40:00,17.125,17.135,17.119,17.125,1685,0
2015-04-10,20:15:00,17.125,17.125,17.125,17.125,6,0
2015-04-10,21:35:00,17.123,17.123,17.123,17.123,346,0
2015-04-10,21:50:00,17.162,17.162,17.162,17.162,254,0
2015-04-13,18:35:00,17.125,17.125,17.125,17.125,1117,0
2015-04-13,21:15:00,17.125,17.125,17.125,17.125,101,0
2015-04-14,15:35:00,17.154,17.154,17.154,17.154,102,0
2015-04-14,16:15:00,17.154,17.154,17.154,17.154,68,0
2015-04-14,16:20:00,17.154,17.154,17.154,17.154,5,0
2015-04-14,16:35:00,17.222,17.222,17.176,17.176,566,0
2015-04-14,17:05:00,17.176,17.176,17.176,17.176,1,0
2015-04-14,17:20:00,17.176,17.176,17.176,17.176,6,0
2015-04-14,19:45:00,17.243,17.243,17.243,17.243,609,0
2015-04-14,20:15:00,17.243,17.273,17.243,17.273,355,0
2015-04-14,20:20:00,17.273,17.273,17.273,17.273,51,0
2015-04-14,20:25:00,17.273,17.273,17.263,17.263,203,0
2015-04-14,20:30:00,17.263,17.263,17.263,17.263,203,0
2015-04-14,20:35:00,17.263,17.263,17.263,17.263,305,0
2015-04-14,20:40:00,17.263,17.263,17.263,17.263,332,0
2015-04-14,21:15:00,17.273,17.273,17.263,17.263,1744,0
2015-04-14,22:00:00,17.263,17.263,17.263,17.263,102,0
2015-04-15,17:00:00,17.239,17.239,17.239,17.239,286,0
2015-04-15,17:10:00,17.255,17.255,17.255,17.255,469,0
2015-04-15,17:20:00,17.273,17.273,17.272,17.272,615,0
2015-04-15,17:35:00,17.272,17.272,17.272,17.272,12,0
2015-04-15,18:10:00,17.247,17.247,17.247,17.247,203,0
2015-04-15,19:25:00,17.282,17.282,17.282,17.282,508,0
2015-04-15,19:30:00,17.282,17.282,17.282,17.282,58,0
2015-04-15,19:55:00,17.312,17.312,17.312,17.312,359,0
2015-04-15,20:00:00,17.337,17.353,17.337,17.353,1281,0
2015-04-15,20:15:00,17.351,17.361,17.351,17.361,1090,0
2015-04-15,20:20:00,17.332,17.332,17.332,17.332,343,0
2015-04-15,21:50:00,17.332,17.332,17.332,17.332,91,0
2015-04-15,22:00:00,17.342,17.342,17.342,17.342,102,0
2015-04-16,15:35:00,17.45,17.45,17.332,17.332,862,0
2015-04-16,15:40:00,17.391,17.391,17.391,17.391,203,0
2015-04-16,16:20:00,17.391,17.391,17.391,17.391,10,0
2015-04-16,17:10:00,17.391,17.391,17.391,17.391,75,0
2015-04-16,17:20:00,17.391,17.391,17.391,17.391,12,0
2015-04-16,18:00:00,17.342,17.342,17.342,17.342,163,0
2015-04-16,18:05:00,17.351,17.351,17.348,17.348,581,0
2015-04-16,18:10:00,17.348,17.351,17.342,17.342,508,0
2015-04-16,19:20:00,17.351,17.371,17.351,17.371,203,0
2015-04-16,20:40:00,17.45,17.45,17.44,17.44,203,0
2015-04-16,20:45:00,17.44,17.45,17.44,17.45,203,0
2015-04-16,20:50:00,17.45,17.46,17.45,17.46,203,0
2015-04-16,20:55:00,17.46,17.46,17.46,17.46,305,0
2015-04-16,21:00:00,17.45,17.45,17.445,17.445,206,0
2015-04-16,21:05:00,17.445,17.445,17.445,17.445,22,0
2015-04-16,21:20:00,17.445,17.445,17.43,17.43,211,0
2015-04-16,21:35:00,17.43,17.43,17.43,17.43,305,0
2015-04-16,22:00:00,17.43,17.43,17.43,17.43,102,0
2015-04-17,15:35:00,17.164,17.164,17.164,17.164,203,0
2015-04-17,16:00:00,17.285,17.285,17.285,17.285,4,0
2015-04-17,17:15:00,17.272,17.272,17.272,17.272,22,0
2015-04-17,17:35:00,17.214,17.214,17.214,17.214,169,0
2015-04-17,17:45:00,17.232,17.232,17.232,17.232,178,0
2015-04-17,18:00:00,17.253,17.253,17.253,17.253,6,0
2015-04-17,18:35:00,17.204,17.204,17.204,17.204,340,0
2015-04-17,20:55:00,17.205,17.205,17.205,17.205,1,0
2015-04-20,19:15:00,17.272,17.273,17.248,17.273,1422,0
2015-04-20,19:35:00,17.213,17.213,17.213,17.213,411,0
2015-04-20,19:40:00,17.233,17.233,17.209,17.209,657,0
2015-04-20,20:20:00,17.213,17.213,17.213,17.213,35,0
2015-04-20,20:30:00,17.233,17.243,17.233,17.243,1014,0
2015-04-20,21:05:00,17.243,17.243,17.238,17.238,134,0
2015-04-20,21:25:00,17.209,17.209,17.209,17.209,255,0
2015-04-21,16:30:00,17.32,17.32,17.32,17.32,305,0
2015-04-21,16:35:00,17.346,17.351,17.312,17.351,2250,0
2015-04-21,17:15:00,17.292,17.381,17.292,17.381,3053,0
2015-04-21,18:25:00,17.312,17.312,17.312,17.312,51,0
2015-04-21,19:35:00,17.332,17.332,17.332,17.332,594,0
2015-04-21,20:35:00,17.292,17.302,17.292,17.292,1219,0
2015-04-21,20:45:00,17.292,17.292,17.282,17.282,981,0
2015-04-21,20:50:00,17.292,17.292,17.292,17.292,609,0
2015-04-21,20:55:00,17.292,17.292,17.292,17.292,508,0
2015-04-21,21:05:00,17.292,17.292,17.292,17.292,406,0
2015-04-21,21:10:00,17.302,17.302,17.302,17.302,102,0
2015-04-21,21:45:00,17.292,17.292,17.292,17.292,644,0
2015-04-21,21:50:00,17.292,17.292,17.292,17.292,203,0
2015-04-22,16:15:00,17.223,17.223,17.208,17.208,305,0
2015-04-22,16:55:00,17.262,17.262,17.262,17.262,139,0
2015-04-22,19:25:00,17.224,17.224,17.224,17.224,237,0
2015-04-22,21:10:00,17.288,17.288,17.288,17.288,120,0
2015-04-22,21:25:00,17.312,17.312,17.292,17.292,812,0
2015-04-22,21:35:00,17.279,17.279,17.279,17.279,130,0
2015-04-22,21:40:00,17.292,17.322,17.292,17.312,1026,0
2015-04-23,17:20:00,17.322,17.322,17.322,17.322,493,0
2015-04-23,17:25:00,17.297,17.297,17.297,17.297,460,0
2015-04-23,18:35:00,17.341,17.341,17.341,17.341,166,0
2015-04-23,18:55:00,17.381,17.381,17.381,17.381,102,0
2015-04-23,19:55:00,17.42,17.42,17.42,17.42,530,0
2015-04-23,20:00:00,17.42,17.42,17.42,17.42,2061,0
2015-04-23,21:30:00,17.43,17.44,17.43,17.44,762,0
2015-04-23,21:45:00,17.429,17.429,17.429,17.429,203,0
2015-04-24,15:45:00,17.575,17.575,17.575,17.575,231,0
2015-04-24,16:35:00,17.578,17.578,17.578,17.578,609,0
2015-04-24,16:55:00,17.666,17.666,17.666,17.666,102,0
2015-04-24,17:05:00,17.676,17.676,17.676,17.676,102,0
2015-04-24,17:15:00,17.686,17.696,17.657,17.657,1015,0
2015-04-24,17:20:00,17.674,17.713,17.674,17.713,1134,0
2015-04-24,17:35:00,17.686,17.706,17.686,17.686,406,0
2015-04-24,17:45:00,17.684,17.684,17.684,17.684,355,0
2015-04-24,19:05:00,17.706,17.706,17.706,17.706,102,0
2015-04-24,19:35:00,17.706,17.706,17.706,17.706,102,0
2015-04-24,19:40:00,17.706,17.706,17.706,17.706,742,0
2015-04-24,20:15:00,17.706,17.706,17.706,17.706,102,0
2015-04-24,20:45:00,17.716,17.716,17.706,17.716,3148,0
2015-04-24,21:00:00,17.627,17.637,17.627,17.637,3046,0
2015-04-24,21:05:00,17.686,17.686,17.686,17.686,102,0
2015-04-24,21:40:00,17.627,17.627,17.627,17.627,508,0
2015-04-24,21:50:00,17.687,17.687,17.687,17.687,305,0
2015-04-24,22:00:00,17.627,17.627,17.627,17.627,102,0
2015-04-27,16:10:00,17.755,17.755,17.755,17.755,1015,0
2015-04-27,17:05:00,17.755,17.755,17.755,17.755,5341,0
2015-04-27,17:10:00,17.745,17.755,17.745,17.755,812,0
2015-04-27,17:15:00,17.765,17.765,17.765,17.765,4570,0
2015-04-27,17:40:00,17.814,17.814,17.78,17.78,1665,0
2015-04-27,17:55:00,17.804,17.804,17.785,17.785,5687,0
2015-04-27,18:00:00,17.785,17.809,17.785,17.804,11475,0
2015-04-27,19:25:00,17.819,17.824,17.785,17.795,2841,0
2015-04-27,20:55:00,17.795,17.795,17.745,17.745,559,0
2015-04-28,18:15:00,17.894,17.894,17.894,17.894,200,0
2015-04-28,21:10:00,17.913,17.923,17.913,17.923,2754,0
2015-04-29,20:10:00,17.775,17.775,17.775,17.775,102,0
2015-04-29,20:20:00,17.657,17.657,17.657,17.657,406,0
2015-04-29,20:25:00,17.657,17.657,17.657,17.657,812,0
2015-04-29,21:20:00,17.726,17.726,17.726,17.726,914,0
2015-04-29,22:00:00,17.728,17.728,17.728,17.728,1015,0
2015-04-30,16:50:00,17.558,17.558,17.558,17.558,609,0
2015-04-30,17:00:00,17.598,17.617,17.598,17.617,20721,0
2015-04-30,17:20:00,17.617,17.617,17.617,17.617,711,0
2015-04-30,17:35:00,17.607,17.617,17.607,17.607,812,0
2015-04-30,17:40:00,17.617,17.617,17.599,17.599,609,0
2015-04-30,17:50:00,17.598,17.598,17.598,17.598,102,0
2015-04-30,18:00:00,17.578,17.578,17.568,17.568,1117,0
2015-04-30,18:05:00,17.558,17.558,17.548,17.548,2945,0
2015-04-30,18:10:00,17.558,17.558,17.558,17.558,102,0
2015-04-30,18:15:00,17.558,17.568,17.558,17.568,1320,0
2015-04-30,18:20:00,17.578,17.578,17.578,17.578,198,0
2015-04-30,18:25:00,17.578,17.578,17.578,17.578,102,0
2015-04-30,18:30:00,17.578,17.578,17.578,17.578,102,0
2015-04-30,18:35:00,17.578,17.578,17.578,17.578,102,0
2015-04-30,19:00:00,17.578,17.578,17.578,17.578,508,0
2015-04-30,19:50:00,17.598,17.598,17.598,17.598,2945,0
2015-04-30,20:25:00,17.607,17.607,17.607,17.607,102,0
2015-04-30,20:45:00,17.617,17.617,17.607,17.617,1117,0
2015-04-30,21:05:00,17.588,17.588,17.588,17.588,102,0
2015-04-30,21:30:00,17.568,17.568,17.563,17.563,203,0
2015-04-30,21:50:00,17.607,17.607,17.606,17.606,1731,0
2015-04-30,21:55:00,17.563,17.568,17.529,17.529,2742,0
2015-04-30,22:00:00,17.543,17.548,17.52,17.543,2031,0
2015-05-01,15:35:00,17.548,17.548,17.548,17.548,107,0
2015-05-01,17:15:00,17.546,17.546,17.546,17.546,387,0
2015-05-01,18:20:00,17.541,17.541,17.541,17.541,740,0
2015-05-01,18:35:00,17.515,17.515,17.515,17.515,203,0
2015-05-01,18:40:00,17.588,17.588,17.588,17.588,203,0
2015-05-01,20:50:00,17.591,17.591,17.591,17.591,483,0
2015-05-01,20:55:00,17.627,17.627,17.588,17.588,482,0
2015-05-01,21:00:00,17.617,17.617,17.588,17.588,513,0
2015-05-01,21:35:00,17.607,17.607,17.607,17.607,305,0
2015-05-04,18:40:00,17.656,17.685,17.656,17.685,1219,0
2015-05-04,20:40:00,17.676,17.676,17.676,17.676,1043,0
2015-05-04,20:55:00,17.676,17.676,17.676,17.676,2262,0
2015-05-04,22:00:00,17.686,17.686,17.686,17.686,102,0
2015-05-05,15:50:00,17.529,17.529,17.529,17.529,102,0
2015-05-05,17:35:00,17.351,17.351,17.332,17.332,2234,0
2015-05-05,17:40:00,17.332,17.381,17.332,17.351,10155,0
2015-05-05,17:45:00,17.351,17.351,17.351,17.351,1015,0
2015-05-05,17:50:00,17.351,17.351,17.351,17.351,406,0
2015-05-05,17:55:00,17.351,17.351,17.351,17.351,1219,0
2015-05-05,18:05:00,17.351,17.371,17.342,17.371,2169,0
2015-05-05,19:20:00,17.342,17.342,17.342,17.342,102,0
2015-05-05,20:10:00,17.361,17.361,17.348,17.348,890,0
2015-05-05,21:35:00,17.361,17.361,17.361,17.361,305,0
2015-05-05,21:45:00,17.371,17.381,17.361,17.361,3001,0
2015-05-05,21:50:00,17.375,17.375,17.375,17.375,305,0
2015-05-05,21:55:00,17.371,17.371,17.371,17.371,178,0
2015-05-05,22:00:00,17.351,17.351,17.351,17.351,102,0
2015-05-06,16:20:00,17.401,17.401,17.401,17.401,914,0
2015-05-06,16:45:00,17.47,17.47,17.464,17.464,762,0
2015-05-06,17:10:00,17.479,17.479,17.479,17.479,609,0
2015-05-06,17:25:00,17.45,17.45,17.45,17.45,609,0
2015-05-06,18:00:00,17.46,17.46,17.46,17.46,1422,0
2015-05-06,18:10:00,17.43,17.43,17.42,17.42,432,0
2015-05-06,18:50:00,17.391,17.401,17.381,17.401,5687,0
2015-05-06,19:25:00,17.401,17.401,17.401,17.401,203,0
2015-05-06,20:00:00,17.381,17.381,17.377,17.377,1219,0
2015-05-06,20:10:00,17.381,17.381,17.381,17.381,4468,0
2015-05-06,21:55:00,17.382,17.382,17.382,17.382,203,0
2015-05-07,17:45:00,17.401,17.411,17.401,17.411,1269,0
2015-05-07,17:55:00,17.401,17.401,17.401,17.401,102,0
2015-05-07,18:20:00,17.443,17.443,17.443,17.443,113,0
2015-05-07,19:00:00,17.42,17.42,17.401,17.401,305,0
2015-05-08,15:35:00,17.814,17.814,17.814,17.814,711,0
2015-05-08,16:05:00,17.824,17.854,17.824,17.854,812,0
2015-05-08,16:10:00,17.843,17.843,17.843,17.843,305,0
2015-05-08,16:45:00,17.834,17.844,17.834,17.844,208,0
2015-05-08,17:40:00,17.928,17.928,17.928,17.928,102,0
2015-05-08,17:45:00,17.932,17.942,17.932,17.942,203,0
2015-05-08,18:00:00,17.962,17.962,17.962,17.962,102,0
2015-05-08,18:05:00,17.942,17.952,17.942,17.952,306,0
2015-05-08,19:35:00,17.942,17.942,17.932,17.942,1015,0
2015-05-08,19:50:00,17.942,17.942,17.942,17.942,203,0
2015-05-08,20:00:00,17.932,17.932,17.932,17.932,203,0
2015-05-08,20:05:00,17.932,17.932,17.932,17.932,102,0
2015-05-08,20:10:00,17.923,17.923,17.903,17.913,914,0
2015-05-08,20:20:00,17.913,17.913,17.913,17.913,406,0
2015-05-08,20:30:00,17.903,17.903,17.903,17.903,1015,0
2015-05-08,20:55:00,17.902,17.902,17.902,17.902,607,0
2015-05-11,15:35:00,17.804,17.804,17.804,17.804,2336,0
2015-05-11,16:10:00,17.863,17.863,17.863,17.863,1828,0
2015-05-11,18:20:00,17.844,17.844,17.844,17.844,203,0
2015-05-11,18:25:00,17.834,17.834,17.834,17.834,203,0
2015-05-11,18:35:00,17.873,17.873,17.873,17.873,1543,0
2015-05-11,19:30:00,17.848,17.862,17.848,17.862,620,0
2015-05-11,20:00:00,17.854,17.868,17.854,17.868,1230,0
2015-05-11,20:30:00,17.861,17.861,17.861,17.861,567,0
2015-05-11,20:40:00,17.863,17.863,17.863,17.863,119,0
2015-05-11,20:55:00,17.854,17.854,17.854,17.854,102,0
2015-05-11,21:00:00,17.854,17.854,17.854,17.854,152,0
2015-05-11,21:40:00,17.834,17.834,17.834,17.834,203,0
2015-05-11,21:50:00,17.834,17.834,17.834,17.834,406,0
2015-05-11,21:55:00,17.824,17.824,17.824,17.824,203,0
2015-05-11,22:00:00,17.834,17.834,17.824,17.825,1015,0
2015-05-12,15:35:00,17.745,17.745,17.745,17.745,407,0
2015-05-12,15:50:00,17.775,17.795,17.775,17.795,22022,0
2015-05-12,15:55:00,17.795,17.795,17.755,17.775,4773,0
2015-05-12,16:00:00,17.785,17.785,17.785,17.785,711,0
2015-05-12,20:15:00,17.834,17.834,17.834,17.834,165,0
2015-05-12,20:20:00,17.824,17.824,17.824,17.824,1625,0
2015-05-12,21:20:00,17.873,17.873,17.873,17.873,711,0
2015-05-12,21:25:00,17.903,17.913,17.893,17.913,2912,0
2015-05-13,21:20:00,17.939,17.939,17.939,17.939,292,0
2015-05-13,21:35:00,17.932,17.932,17.932,17.932,203,0
2015-05-13,22:00:00,17.952,17.952,17.932,17.952,1015,0
2015-05-14,17:00:00,18.09,18.09,18.09,18.09,203,0
2015-05-14,17:10:00,18.09,18.09,18.09,18.09,102,0
2015-05-14,17:15:00,18.09,18.09,18.09,18.09,102,0
2015-05-14,18:25:00,18.089,18.089,18.089,18.089,907,0
2015-05-14,19:25:00,18.1,18.1,18.1,18.1,203,0
2015-05-14,20:45:00,18.097,18.097,18.097,18.097,403,0
2015-05-15,15:35:00,18.001,18.001,18.001,18.001,112,0
2015-05-15,16:45:00,18.119,18.119,18.119,18.119,127,0
2015-05-15,17:45:00,18.139,18.139,18.139,18.139,1240,0
2015-05-15,17:55:00,18.155,18.155,18.155,18.155,728,0
2015-05-15,19:15:00,18.149,18.149,18.149,18.149,102,0
2015-05-15,19:40:00,18.159,18.159,18.159,18.159,102,0
2015-05-15,19:55:00,18.159,18.159,18.159,18.159,102,0
2015-05-15,20:05:00,18.149,18.149,18.149,18.149,102,0
2015-05-15,20:15:00,18.159,18.159,18.159,18.159,102,0
2015-05-15,20:25:00,18.169,18.169,18.169,18.169,102,0
2015-05-15,20:40:00,18.169,18.169,18.169,18.169,102,0
2015-05-15,20:50:00,18.169,18.169,18.169,18.169,102,0
2015-05-15,21:00:00,18.179,18.179,18.179,18.179,102,0
2015-05-15,21:10:00,18.169,18.169,18.169,18.169,102,0
2015-05-15,21:20:00,18.159,18.159,18.159,18.159,102,0
2015-05-15,21:25:00,18.159,18.159,18.159,18.159,102,0
2015-05-15,21:35:00,18.159,18.159,18.159,18.159,102,0
2015-05-15,21:45:00,18.159,18.159,18.159,18.159,102,0
2015-05-15,21:50:00,18.159,18.159,18.159,18.159,102,0
2015-05-15,21:55:00,18.159,18.159,18.159,18.159,102,0
2015-05-15,22:00:00,18.159,18.169,18.159,18.169,406,0
2015-05-18,16:10:00,18.11,18.11,18.11,18.11,559,0
2015-05-18,16:20:00,18.06,18.06,18.06,18.06,293,0
2015-05-18,18:45:00,18.051,18.051,18.051,18.051,1122,0
2015-05-19,15:40:00,18.021,18.021,18.021,18.021,508,0
2015-05-19,16:30:00,18.004,18.004,18.004,18.004,826,0
2015-05-19,17:00:00,18.05,18.05,18.05,18.05,408,0
2015-05-19,19:45:00,18.011,18.011,18.011,18.011,1143,0
2015-05-19,21:15:00,18.041,18.041,18.031,18.041,4113,0
2015-05-19,21:20:00,18.021,18.041,18.021,18.041,1117,0
2015-05-19,21:50:00,18.021,18.021,18.002,18.002,1015,0
2015-05-19,22:00:00,18.002,18.002,18.002,18.002,508,0
2015-05-20,18:00:00,18.105,18.105,18.105,18.105,566,0
2015-05-20,18:05:00,18.128,18.128,18.11,18.11,203,0
2015-05-20,20:20:00,18.153,18.153,18.153,18.153,305,0
2015-05-20,21:40:00,18.169,18.169,18.169,18.169,372,0
2015-05-20,22:00:00,18.169,18.169,18.169,18.169,102,0
2015-05-21,15:35:00,18.198,18.198,18.198,18.198,168,0
2015-05-21,20:10:00,18.208,18.208,18.208,18.208,163,0
2015-05-21,21:00:00,18.208,18.208,18.208,18.208,128,0
2015-05-22,15:35:00,18.011,18.031,18.011,18.011,10561,0
2015-05-22,15:40:00,18.031,18.031,18.031,18.031,305,0
2015-05-22,15:50:00,18.011,18.011,18.011,18.011,1015,0
2015-05-22,17:25:00,18.039,18.039,18.039,18.039,320,0
2015-05-22,17:35:00,18.06,18.07,18.06,18.07,812,0
2015-05-22,19:25:00,18.06,18.06,18.06,18.06,102,0
2015-05-22,19:30:00,18.06,18.06,18.06,18.06,406,0
2015-05-22,19:35:00,18.06,18.06,18.06,18.06,406,0
2015-05-22,19:40:00,18.06,18.06,18.06,18.06,102,0
2015-05-22,19:45:00,18.051,18.051,18.051,18.051,102,0
2015-05-22,19:50:00,18.041,18.041,18.041,18.041,102,0
2015-05-22,19:55:00,18.041,18.041,18.041,18.041,305,0
2015-05-22,20:00:00,18.041,18.041,18.041,18.041,102,0
2015-05-22,20:05:00,18.031,18.031,18.031,18.031,102,0
2015-05-22,20:10:00,18.021,18.021,18.021,18.021,102,0
2015-05-22,20:20:00,18.021,18.021,18.021,18.021,102,0
2015-05-22,20:25:00,18.031,18.09,18.031,18.07,5363,0
2015-05-22,20:30:00,18.031,18.031,18.031,18.031,102,0
2015-05-22,20:35:00,18.031,18.031,18.031,18.031,203,0
2015-05-22,20:45:00,18.031,18.031,18.031,18.031,102,0
2015-05-22,20:50:00,18.031,18.031,18.031,18.031,305,0
2015-05-22,20:55:00,18.031,18.031,18.031,18.031,203,0
2015-05-22,21:55:00,18.031,18.031,18.031,18.031,508,0
2015-05-26,15:35:00,17.883,17.883,17.883,17.883,1081,0
2015-05-26,16:05:00,17.824,17.824,17.824,17.824,102,0
2015-05-26,16:20:00,17.757,17.757,17.757,17.757,350,0
2015-05-26,19:45:00,17.676,17.676,17.676,17.676,887,0
2015-05-26,21:05:00,17.676,17.676,17.676,17.676,406,0
2015-05-27,17:50:00,17.913,17.913,17.913,17.913,131,0
2015-05-27,21:10:00,17.903,17.903,17.903,17.903,250,0
2015-05-27,21:15:00,17.873,17.883,17.873,17.873,2234,0
2015-05-27,21:20:00,17.854,17.873,17.844,17.854,9836,0
2015-05-27,21:40:00,17.903,17.903,17.903,17.903,157,0
2015-05-27,22:00:00,17.834,17.834,17.834,17.834,203,0
2015-05-28,18:15:00,17.746,17.746,17.746,17.746,124,0
2015-05-28,20:55:00,17.847,17.847,17.814,17.814,475,0
2015-05-28,21:15:00,17.845,17.845,17.845,17.845,358,0
2015-05-28,21:20:00,17.853,17.853,17.853,17.853,681,0
2015-05-28,21:30:00,17.893,17.893,17.893,17.893,609,0
2015-05-29,19:50:00,17.8,17.8,17.8,17.8,553,0
2015-05-29,19:55:00,17.844,17.844,17.844,17.844,305,0
2015-06-01,15:35:00,17.854,17.854,17.854,17.854,564,0
2015-06-01,16:50:00,17.706,17.706,17.706,17.706,102,0
2015-06-01,17:00:00,17.726,17.726,17.726,17.726,102,0
2015-06-01,20:50:00,17.755,17.785,17.726,17.726,2387,0
2015-06-01,21:05:00,17.736,17.736,17.736,17.736,1015,0
2015-06-01,21:10:00,17.736,17.736,17.736,17.736,130,0
2015-06-01,22:00:00,17.716,17.745,17.716,17.745,203,0
2015-06-02,17:40:00,17.883,17.883,17.883,17.883,449,0
2015-06-02,17:45:00,17.883,17.883,17.854,17.854,814,0
2015-06-02,19:45:00,17.942,17.942,17.942,17.942,770,0
2015-06-02,20:50:00,17.947,17.947,17.947,17.947,102,0
2015-06-02,21:45:00,17.899,17.899,17.899,17.899,152,0
2015-06-03,18:00:00,17.903,17.903,17.903,17.903,366,0
2015-06-03,20:55:00,17.947,17.947,17.947,17.947,375,0
2015-06-03,21:20:00,17.914,17.914,17.914,17.914,559,0
2015-06-03,21:40:00,17.942,17.942,17.942,17.942,284,0
2015-06-04,16:05:00,17.716,17.716,17.716,17.716,609,0
2015-06-04,17:55:00,17.598,17.598,17.598,17.598,1117,0
2015-06-04,19:45:00,17.569,17.569,17.569,17.569,253,0
2015-06-04,21:05:00,17.568,17.568,17.562,17.562,2422,0
2015-06-05,18:40:00,17.302,17.302,17.302,17.302,335,0
2015-06-05,18:55:00,17.313,17.313,17.313,17.313,457,0
2015-06-05,20:25:00,17.328,17.328,17.328,17.328,152,0
2015-06-05,21:40:00,17.332,17.332,17.332,17.332,144,0
2015-06-08,15:35:00,17.322,17.351,17.322,17.351,254,0
2015-06-08,15:55:00,17.243,17.243,17.243,17.243,559,0
2015-06-08,16:00:00,17.243,17.243,17.243,17.243,203,0
2015-06-08,20:55:00,17.291,17.291,17.291,17.291,348,0
2015-06-09,15:35:00,17.233,17.233,17.233,17.233,297,0
2015-06-09,16:00:00,17.233,17.233,17.233,17.233,508,0
2015-06-09,16:05:00,17.233,17.233,17.233,17.233,414,0
2015-06-09,16:15:00,17.185,17.185,17.185,17.185,1457,0
2015-06-09,18:50:00,17.204,17.204,17.204,17.204,323,0
2015-06-09,20:35:00,17.239,17.239,17.239,17.239,1060,0
2015-06-09,20:45:00,17.249,17.263,17.184,17.184,8048,0
2015-06-09,20:50:00,17.214,17.214,17.214,17.214,1320,0
2015-06-09,21:05:00,17.243,17.243,17.243,17.243,151,0
2015-06-09,21:35:00,17.213,17.213,17.213,17.213,1731,0
2015-06-10,15:35:00,17.45,17.45,17.45,17.45,179,0
2015-06-10,15:55:00,17.489,17.489,17.489,17.489,449,0
2015-06-10,17:40:00,17.514,17.514,17.514,17.514,467,0
2015-06-10,18:40:00,17.529,17.529,17.529,17.529,203,0
2015-06-10,20:30:00,17.557,17.557,17.557,17.557,348,0
2015-06-10,21:00:00,17.559,17.559,17.559,17.559,205,0
2015-06-10,21:50:00,17.568,17.568,17.568,17.568,452,0
2015-06-11,21:15:00,17.543,17.543,17.543,17.543,325,0
2015-06-11,21:40:00,17.568,17.568,17.568,17.568,411,0
2015-06-12,17:05:00,17.286,17.286,17.286,17.286,309,0
2015-06-12,19:00:00,17.342,17.342,17.332,17.332,597,0
2015-06-12,19:10:00,17.361,17.361,17.361,17.361,305,0
2015-06-12,19:20:00,17.361,17.361,17.361,17.361,609,0
2015-06-12,19:30:00,17.361,17.371,17.361,17.371,437,0
2015-06-12,19:35:00,17.361,17.371,17.361,17.371,508,0
2015-06-12,19:45:00,17.358,17.358,17.358,17.358,391,0
2015-06-12,20:10:00,17.381,17.391,17.381,17.391,880,0
2015-06-12,21:00:00,17.375,17.375,17.375,17.375,527,0
2015-06-12,21:05:00,17.371,17.371,17.371,17.371,102,0
2015-06-12,21:15:00,17.381,17.381,17.381,17.381,4020,0
2015-06-12,21:25:00,17.371,17.371,17.371,17.371,102,0
2015-06-12,21:40:00,17.381,17.381,17.376,17.376,203,0
2015-06-12,21:55:00,17.376,17.376,17.376,17.376,203,0
2015-06-12,22:00:00,17.381,17.391,17.381,17.391,1119,0
2015-06-15,17:00:00,17.184,17.194,17.184,17.194,1320,0
2015-06-15,17:35:00,17.194,17.194,17.174,17.183,2133,0
2015-06-15,21:00:00,17.197,17.197,17.174,17.174,246,0
2015-06-16,17:35:00,17.259,17.259,17.259,17.259,694,0
2015-06-16,19:50:00,17.287,17.287,17.287,17.287,508,0
2015-06-16,20:40:00,17.263,17.263,17.263,17.263,839,0
2015-06-17,19:25:00,17.184,17.184,17.184,17.184,102,0
2015-06-17,22:00:00,17.273,17.273,17.273,17.273,102,0
2015-06-18,16:30:00,17.529,17.548,17.499,17.529,6826,0
2015-06-18,16:55:00,17.558,17.558,17.558,17.558,180,0
2015-06-18,17:15:00,17.538,17.538,17.538,17.538,188,0
2015-06-18,17:40:00,17.55,17.55,17.55,17.55,978,0
2015-06-18,17:45:00,17.586,17.588,17.519,17.583,1711,0
2015-06-18,18:25:00,17.657,17.666,17.657,17.666,8932,0
2015-06-19,18:30:00,17.4995,17.5,17.43,17.43,672,0
2015-06-19,18:40:00,17.4615,17.4615,17.4615,17.4615,6000,0
2015-06-19,22:00:00,17.44,17.44,17.44,17.44,100,0
2015-06-22,15:35:00,17.73,17.73,17.73,17.73,100,0
2015-06-22,16:00:00,17.751,17.7541,17.75,17.7501,500,0
2015-06-22,16:15:00,17.83,17.83,17.83,17.83,100,0
2015-06-22,16:25:00,17.78,17.78,17.78,17.78,242862,0
2015-06-22,16:45:00,17.842,17.87,17.84,17.87,1200,0
2015-06-22,17:00:00,17.87,17.87,17.87,17.87,1700,0
2015-06-22,17:05:00,17.86,17.87,17.86,17.86,1324,0
2015-06-22,17:10:00,17.86,17.86,17.84,17.84,554,0
2015-06-22,17:15:00,17.84,17.84,17.83,17.84,500,0
2015-06-22,17:20:00,17.84,17.84,17.84,17.84,100,0
2015-06-22,17:25:00,17.845,17.87,17.845,17.87,700,0
2015-06-22,17:30:00,17.87,17.88,17.86,17.88,700,0
2015-06-22,17:35:00,17.88,17.88,17.86,17.86,300,0
2015-06-22,17:40:00,17.86,17.86,17.86,17.86,500,0
2015-06-22,17:45:00,17.86,17.86,17.86,17.86,200,0
2015-06-22,17:50:00,17.86,17.86,17.85,17.85,200,0
2015-06-22,17:55:00,17.85,17.85,17.85,17.85,400,0
2015-06-22,18:00:00,17.85,17.85,17.85,17.85,300,0
2015-06-22,18:05:00,17.85,17.85,17.845,17.845,300,0
2015-06-22,18:15:00,17.84,17.84,17.84,17.84,800,0
2015-06-22,18:20:00,17.84,17.84,17.84,17.84,400,0
2015-06-22,18:25:00,17.84,17.84,17.84,17.84,300,0
2015-06-22,19:05:00,17.83,17.83,17.83,17.83,100,0
2015-06-22,22:00:00,17.83,17.83,17.83,17.83,400,0
2015-06-23,15:35:00,17.85,17.85,17.85,17.85,573,0
2015-06-23,16:00:00,17.84,17.84,17.84,17.84,100,0
2015-06-23,17:00:00,17.7644,17.7644,17.7644,17.7644,215,0
2015-06-23,18:00:00,17.7501,17.7501,17.7501,17.7501,115,0
2015-06-23,20:05:00,17.81,17.81,17.81,17.81,200,0
2015-06-23,20:15:00,17.7745,17.7745,17.7745,17.7745,120,0
2015-06-23,20:25:00,17.7625,17.7625,17.7625,17.7625,145,0
2015-06-23,21:00:00,17.7631,17.7631,17.7631,17.7631,421,0
2015-06-23,22:00:00,17.79,17.79,17.79,17.79,100,0
2015-06-24,15:40:00,17.69,17.699,17.69,17.699,200,0
2015-06-24,17:40:00,17.6454,17.6454,17.6454,17.6454,424,0
2015-06-24,17:45:00,17.6612,17.6612,17.6612,17.6612,1472,0
2015-06-24,21:10:00,17.61,17.61,17.61,17.61,102,0
2015-06-24,21:20:00,17.6218,17.6218,17.6218,17.6218,567,0
2015-06-25,18:50:00,17.5899,17.5899,17.5899,17.5899,100,0
2015-06-25,20:25:00,17.5899,17.5899,17.5899,17.5899,100,0
2015-06-25,20:50:00,17.57,17.57,17.57,17.57,695,0
2015-06-25,21:35:00,17.5501,17.5501,17.5501,17.5501,630,0
2015-06-26,15:35:00,17.53,17.53,17.53,17.53,483,0
2015-06-26,17:10:00,17.48,17.48,17.48,17.48,100,0
2015-06-26,17:25:00,17.5,17.5,17.5,17.5,100,0
2015-06-26,18:00:00,17.51,17.51,17.51,17.51,100,0
2015-06-26,18:35:00,17.5,17.5,17.5,17.5,100,0
2015-06-26,18:55:00,17.49,17.49,17.49,17.49,100,0
2015-06-26,19:25:00,17.48,17.48,17.48,17.48,100,0
2015-06-26,20:15:00,17.4618,17.4618,17.4618,17.4618,300,0
2015-06-26,20:30:00,17.4878,17.4878,17.4878,17.4878,339,0
2015-06-29,15:35:00,17.14,17.14,17.14,17.14,977,0
2015-06-29,15:50:00,17.19,17.19,17.1801,17.1801,625,0
2015-06-29,16:20:00,17.2306,17.2306,17.2108,17.2108,385,0
2015-06-29,17:00:00,17.2,17.2,17.2,17.2,100,0
2015-06-29,18:15:00,17.127,17.127,17.127,17.127,1005,0
2015-06-29,18:25:00,17.117,17.117,17.117,17.117,1167,0
2015-06-29,20:25:00,17.09,17.09,17.09,17.09,300,0
2015-06-29,21:05:00,17.0848,17.0848,17.0848,17.0848,293,0
2015-06-29,21:50:00,17.06,17.06,17.06,17.06,1400,0
2015-06-30,15:35:00,17.13,17.13,17.13,17.13,200,0
2015-06-30,16:30:00,17.08,17.1,17.08,17.1,11227,0
2015-06-30,16:35:00,17.1,17.1,17.1,17.1,7718,0
2015-06-30,17:05:00,17.008,17.008,17,17.0001,1400,0
2015-06-30,21:25:00,16.947,16.947,16.947,16.947,592,0
2015-07-01,15:35:00,16.95,16.95,16.95,16.95,2672,0
2015-07-01,16:15:00,16.96,16.97,16.96,16.96,1300,0
2015-07-01,18:55:00,16.89,16.89,16.89,16.89,100,0
2015-07-01,19:05:00,16.8701,16.8701,16.87,16.8701,1000,0
2015-07-01,19:15:00,16.88,16.88,16.88,16.88,200,0
2015-07-01,20:25:00,16.85,16.85,16.85,16.85,841,0
2015-07-01,20:30:00,16.8501,16.8501,16.8501,16.8501,609,0
2015-07-01,20:40:00,16.8899,16.8899,16.8899,16.8899,250,0
2015-07-01,20:45:00,16.8401,16.8401,16.8401,16.8401,207,0
2015-07-01,22:00:00,16.88,16.88,16.88,16.88,500,0
2015-07-02,16:05:00,17.038,17.038,17.038,17.038,137,0
2015-07-02,17:45:00,17.095,17.095,17.095,17.095,617,0
2015-07-02,17:50:00,17.057,17.057,17.057,17.057,1181,0
2015-07-02,20:20:00,17.07,17.07,17.07,17.07,100,0
2015-07-02,20:25:00,17.07,17.07,17.07,17.07,200,0
2015-07-02,20:30:00,17.07,17.07,17.07,17.07,100,0
2015-07-02,21:55:00,17.05,17.05,17.05,17.05,350,0
2015-07-06,15:35:00,16.72,16.72,16.72,16.72,100,0
2015-07-06,16:50:00,16.794,16.794,16.794,16.794,404,0
2015-07-06,19:15:00,16.74,16.74,16.74,16.74,900,0
2015-07-07,16:25:00,16.55,16.55,16.55,16.55,100,0
2015-07-07,16:45:00,16.5,16.5,16.5,16.5,100,0
2015-07-07,21:45:00,16.78,16.78,16.78,16.78,400,0
2015-07-07,22:00:00,16.778,16.778,16.778,16.778,188,0
2015-07-08,18:35:00,16.5932,16.5932,16.5932,16.5932,500,0
2015-07-08,18:45:00,16.584,16.584,16.584,16.584,452,0
2015-07-08,20:50:00,16.505,16.505,16.505,16.505,100,0
2015-07-08,20:55:00,16.5199,16.5199,16.5199,16.5199,552,0
2015-07-08,21:00:00,16.5195,16.52,16.5195,16.5199,515,0
2015-07-09,15:40:00,16.96,16.96,16.96,16.96,1153,0
2015-07-09,15:45:00,16.915,16.92,16.915,16.918,1100,0
2015-07-09,21:15:00,16.7922,16.7922,16.7922,16.7922,200,0
2015-07-10,15:35:00,17.23,17.23,17.23,17.23,100,0
2015-07-10,15:50:00,17.22,17.22,17.22,17.22,100,0
2015-07-10,15:55:00,17.2047,17.2047,17.2047,17.2047,200,0
2015-07-10,17:00:00,17.22,17.22,17.22,17.22,100,0
2015-07-10,17:45:00,17.22,17.22,17.22,17.22,100,0
2015-07-10,18:10:00,17.25,17.26,17.25,17.26,200,0
2015-07-10,19:50:00,17.24,17.24,17.24,17.24,1096,0
2015-07-10,20:10:00,17.235,17.235,17.235,17.235,580,0
2015-07-10,20:50:00,17.25,17.25,17.2481,17.2481,2002,0
2015-07-10,21:00:00,17.26,17.26,17.26,17.26,1200,0
2015-07-10,21:30:00,17.2799,17.28,17.27,17.28,1400,0
2015-07-13,19:15:00,17.2901,17.2901,17.2901,17.2901,149,0
2015-07-13,19:45:00,17.2876,17.2876,17.2876,17.2876,1169,0
2015-07-13,19:50:00,17.2876,17.31,17.2876,17.31,1543,0
2015-07-14,17:00:00,17.3526,17.3526,17.3526,17.3526,755,0
2015-07-14,17:45:00,17.39,17.39,17.39,17.39,300,0
2015-07-14,18:15:00,17.3821,17.3821,17.3821,17.3821,175,0
2015-07-14,20:30:00,17.36,17.3899,17.36,17.3601,1123,0
2015-07-14,20:35:00,17.39,17.39,17.39,17.39,100,0
2015-07-14,21:15:00,17.4,17.4,17.4,17.4,100,0
2015-07-14,21:30:00,17.4155,17.4155,17.4155,17.4155,500,0
2015-07-15,15:35:00,17.44,17.44,17.44,17.44,151,0
2015-07-15,15:40:00,17.43,17.43,17.43,17.43,100,0
2015-07-15,17:50:00,17.43,17.43,17.4,17.41,33645,0
2015-07-15,19:15:00,17.44,17.44,17.44,17.44,300,0
2015-07-15,20:00:00,17.43,17.44,17.39,17.39,2803,0
2015-07-15,20:05:00,17.4122,17.4122,17.4122,17.4122,1371,0
2015-07-15,21:10:00,17.363,17.363,17.363,17.363,1500,0
2015-07-15,21:20:00,17.3807,17.3807,17.3807,17.3807,103,0
2015-07-16,16:10:00,17.5319,17.5319,17.5319,17.5319,415,0
2015-07-16,16:25:00,17.54,17.54,17.54,17.54,100,0
2015-07-16,16:40:00,17.5496,17.5496,17.5496,17.5496,283,0
2015-07-16,16:50:00,17.5401,17.5401,17.5401,17.5401,158,0
2015-07-17,16:40:00,17.4328,17.4328,17.4328,17.4328,167,0
2015-07-17,21:10:00,17.4442,17.4442,17.4301,17.4301,241,0
2015-07-20,18:05:00,17.53,17.53,17.53,17.53,176,0
2015-07-20,18:20:00,17.49,17.53,17.49,17.53,1246,0
2015-07-20,18:30:00,17.49,17.53,17.49,17.53,3581,0
2015-07-20,20:10:00,17.5099,17.51,17.5099,17.51,676,0
2015-07-20,21:40:00,17.49,17.49,17.49,17.49,250,0
2015-07-21,16:30:00,17.469,17.469,17.469,17.469,100,0
2015-07-22,17:05:00,17.38,17.38,17.38,17.38,325,0
2015-07-22,17:35:00,17.37,17.37,17.37,17.37,375,0
2015-07-22,19:55:00,17.39,17.39,17.39,17.39,922,0
2015-07-22,20:10:00,17.3401,17.39,17.3401,17.385,2321,0
2015-07-23,15:50:00,17.37,17.37,17.37,17.37,100,0
2015-07-23,16:05:00,17.33,17.33,17.33,17.33,300,0
2015-07-23,16:20:00,17.38,17.38,17.38,17.38,100,0
2015-07-23,16:40:00,17.36,17.36,17.36,17.36,100,0
2015-07-23,16:55:00,17.3201,17.3201,17.3201,17.3201,150,0
2015-07-23,17:00:00,17.3599,17.3599,17.3599,17.3599,187,0
2015-07-23,17:05:00,17.35,17.35,17.35,17.35,100,0
2015-07-23,17:30:00,17.35,17.35,17.35,17.35,100,0
2015-07-23,17:50:00,17.335,17.335,17.335,17.335,100,0
2015-07-23,17:55:00,17.3282,17.3282,17.3282,17.3282,1476,0
2015-07-23,18:30:00,17.33,17.33,17.33,17.33,288,0
2015-07-23,20:45:00,17.315,17.315,17.315,17.315,132,0
2015-07-23,20:50:00,17.3066,17.3066,17.3066,17.3066,255,0
2015-07-23,21:15:00,17.29,17.29,17.29,17.29,460,0
2015-07-23,21:30:00,17.2945,17.2945,17.2945,17.2945,153,0
2015-07-24,18:00:00,17.2541,17.279,17.2541,17.279,923,0
2015-07-24,18:10:00,17.278,17.28,17.2541,17.2541,1245,0
2015-07-24,22:00:00,17.21,17.21,17.21,17.21,102,0
2015-07-27,15:35:00,17.18,17.18,17.18,17.18,600,0
2015-07-27,19:45:00,17.15,17.15,17.15,17.15,823,0
2015-07-27,20:25:00,17.1101,17.1101,17.1101,17.1101,100,0
2015-07-27,20:50:00,17.15,17.15,17.15,17.15,200,0
2015-07-28,15:55:00,17.1701,17.2028,17.1701,17.2028,409,0
2015-07-28,16:55:00,17.21,17.21,17.21,17.21,500,0
2015-07-28,17:15:00,17.226,17.226,17.226,17.226,150,0
2015-07-28,17:45:00,17.22,17.22,17.22,17.22,458,0
2015-07-28,18:05:00,17.2699,17.2699,17.2699,17.2699,1115,0
2015-07-28,19:10:00,17.25,17.25,17.2401,17.2401,2500,0
2015-07-28,21:25:00,17.256,17.256,17.256,17.256,1405,0
2015-07-29,17:15:00,17.305,17.305,17.305,17.305,115,0
2015-07-29,21:50:00,17.3114,17.3114,17.3114,17.3114,600,0
2015-07-30,16:05:00,17.1787,17.1787,17.1787,17.1787,250,0
2015-07-30,17:15:00,17.18,17.18,17.18,17.18,200,0
2015-07-30,19:20:00,17.21,17.21,17.21,17.21,106,0
2015-07-30,19:50:00,17.2439,17.2439,17.2439,17.2439,715,0
2015-07-30,20:15:00,17.2699,17.2699,17.2699,17.2699,830,0
2015-07-30,20:20:00,17.2349,17.2349,17.2349,17.2349,724,0
2015-07-30,20:50:00,17.2379,17.2379,17.2379,17.2379,500,0
2015-07-31,18:30:00,17.53,17.53,17.53,17.53,100,0
2015-08-03,15:55:00,17.4101,17.4101,17.4101,17.4101,1200,0
2015-08-03,16:00:00,17.4436,17.4436,17.4436,17.4436,122,0
2015-08-03,16:20:00,17.47,17.47,17.47,17.47,1000,0
2015-08-04,18:55:00,17.504,17.504,17.504,17.504,1600,0
2015-08-04,19:45:00,17.51,17.51,17.51,17.51,300,0
2015-08-04,20:50:00,17.45,17.45,17.45,17.45,250,0
2015-08-05,15:35:00,17.53,17.53,17.53,17.53,525,0
2015-08-05,16:35:00,17.55,17.55,17.55,17.55,220,0
2015-08-05,16:40:00,17.59,17.59,17.5501,17.5706,500,0
2015-08-05,17:10:00,17.58,17.59,17.55,17.55,1789,0
2015-08-05,17:15:00,17.5654,17.5654,17.5654,17.5654,1229,0
2015-08-05,17:40:00,17.5636,17.5636,17.5636,17.5636,168,0
2015-08-05,18:20:00,17.583,17.583,17.583,17.583,383,0
2015-08-05,21:25:00,17.533,17.565,17.533,17.565,1148,0
2015-08-06,15:35:00,17.5,17.5,17.5,17.5,600,0
2015-08-06,19:10:00,17.443,17.443,17.443,17.443,480,0
2015-08-06,21:50:00,17.46,17.46,17.46,17.46,396,0
2015-08-07,20:00:00,17.433,17.433,17.432,17.432,1000,0
2015-08-07,21:40:00,17.499,17.499,17.499,17.499,195,0
