Date,Time,Open,High,Low,Close,Volume,OpenInt
2015-07-10,15:35:00,145.53,145.84,145.53,145.84,1227,0
2015-07-10,15:40:00,145.9,146.01,145.89,145.89,2050,0
2015-07-10,15:45:00,146.02,146.02,145.9,145.9,330,0
2015-07-10,15:50:00,146,146,145.91,145.9949,787,0
2015-07-10,16:05:00,145.71,145.71,145.7,145.7,230,0
2015-07-10,16:20:00,145.79,145.79,145.76,145.78,5800,0
2015-07-10,16:25:00,145.7382,145.7382,145.7382,145.7382,112,0
2015-07-10,16:40:00,145.81,145.81,145.81,145.81,100,0
2015-07-10,16:50:00,145.59,145.59,145.58,145.58,200,0
2015-07-10,17:05:00,145.865,145.92,145.865,145.92,1019,0
2015-07-10,17:10:00,145.9198,145.9198,145.91,145.91,500,0
2015-07-10,17:15:00,146,146.02,146,146.02,200,0
2015-07-10,17:20:00,146.01,146.01,146.01,146.01,100,0
2015-07-10,17:40:00,146.09,146.0901,146.08,146.0901,777,0
2015-07-10,17:45:00,146.1501,146.18,146.1501,146.18,222,0
2015-07-10,17:55:00,146.295,146.295,146.295,146.295,122,0
2015-07-10,18:10:00,146.264,146.264,146.264,146.264,250,0
2015-07-10,18:25:00,146.31,146.341,146.31,146.341,400,0
2015-07-10,18:40:00,146.23,146.23,146.23,146.23,100,0
2015-07-10,18:50:00,146.18,146.2252,146.18,146.2252,241,0
2015-07-10,18:55:00,146.239,146.239,146.239,146.239,138,0
2015-07-10,19:00:00,146.2714,146.2714,146.2714,146.2714,417,0
2015-07-10,19:05:00,146.2451,146.25,146.2451,146.25,366,0
2015-07-10,19:20:00,146.13,146.13,146.13,146.13,100,0
2015-07-10,19:25:00,146.14,146.14,146.14,146.14,100,0
2015-07-10,19:30:00,146.185,146.185,146.185,146.185,396,0
2015-07-10,19:45:00,146.1804,146.21,146.1804,146.2,674,0
2015-07-10,19:50:00,146.1538,146.1538,146.095,146.095,938,0
2015-07-10,20:00:00,146.115,146.115,146.115,146.115,164,0
2015-07-10,20:10:00,146.2713,146.2713,146.2713,146.2713,772,0
2015-07-10,20:15:00,146.33,146.34,146.32,146.32,1596,0
2015-07-10,20:20:00,146.36,146.39,146.36,146.3721,500,0
2015-07-10,20:30:00,146.3501,146.3501,146.3501,146.3501,542,0
2015-07-10,20:45:00,146.4799,146.58,146.4799,146.5578,496,0
2015-07-10,20:50:00,146.48,146.48,146.47,146.47,200,0
2015-07-10,21:05:00,146.52,146.53,146.5,146.525,815,0
2015-07-10,21:10:00,146.4645,146.4645,146.4645,146.4645,133,0
2015-07-10,21:15:00,146.48,146.5348,146.48,146.5348,508,0
2015-07-10,21:20:00,146.56,146.56,146.56,146.56,100,0
2015-07-10,21:25:00,146.6001,146.6001,146.6001,146.6001,100,0
2015-07-10,21:30:00,146.5521,146.5521,146.48,146.48,200,0
2015-07-10,21:35:00,146.4645,146.4645,146.4645,146.4645,164,0
2015-07-10,21:45:00,146.49,146.49,146.49,146.49,100,0
2015-07-10,21:55:00,146.4601,146.4601,146.4601,146.4601,100,0
2015-07-10,22:00:00,146.43,146.51,146.36,146.39,7075,0
2015-07-13,15:35:00,147.85,147.85,147.78,147.78,3818,0
2015-07-13,15:40:00,147.84,147.84,147.84,147.84,100,0
2015-07-13,15:50:00,148.1402,148.16,148.122,148.122,370,0
2015-07-13,15:55:00,148.188,148.188,148.15,148.15,868,0
2015-07-13,16:00:00,147.98,147.98,147.98,147.98,1475,0
2015-07-13,16:15:00,148.22,148.22,148.22,148.22,206,0
2015-07-13,16:20:00,148.23,148.31,148.23,148.31,300,0
2015-07-13,16:25:00,148.22,148.22,148.22,148.22,100,0
2015-07-13,16:40:00,148.2,148.23,148.17,148.17,3600,0
2015-07-13,16:45:00,148.199,148.2,148.1501,148.1501,360,0
2015-07-13,16:55:00,148.15,148.16,148.13,148.13,300,0
2015-07-13,17:00:00,148.21,148.22,148.1926,148.22,800,0
2015-07-13,17:05:00,148.2619,148.28,148.2619,148.28,560,0
2015-07-13,17:10:00,148.29,148.29,148.29,148.29,365,0
2015-07-13,17:15:00,148.28,148.28,148.1941,148.1941,980,0
2015-07-13,17:20:00,148.0998,148.0998,148.0998,148.0998,100,0
2015-07-13,17:25:00,148.15,148.15,148.15,148.15,100,0
2015-07-13,17:30:00,148.13,148.13,148.13,148.13,100,0
2015-07-13,17:35:00,148.21,148.23,148.178,148.23,435,0
2015-07-13,17:45:00,148.2,148.2,148.17,148.17,400,0
2015-07-13,17:55:00,148.18,148.23,148.18,148.23,500,0
2015-07-13,18:05:00,148.179,148.18,148.179,148.18,200,0
2015-07-13,18:30:00,148.15,148.15,148.1299,148.1299,400,0
2015-07-13,18:40:00,148.09,148.0902,148.09,148.09,606,0
2015-07-13,18:50:00,148.05,148.05,148.05,148.05,200,0
2015-07-13,18:55:00,148.09,148.09,148.0899,148.0899,250,0
2015-07-13,19:00:00,148.079,148.08,148.078,148.079,900,0
2015-07-13,19:20:00,148.16,148.17,148.15,148.15,600,0
2015-07-13,19:25:00,148.1532,148.17,148.1532,148.16,500,0
2015-07-13,19:30:00,148.19,148.19,148.1706,148.1706,250,0
2015-07-13,19:35:00,148.19,148.19,148.19,148.19,2902,0
2015-07-13,19:40:00,148.18,148.18,148.18,148.18,100,0
2015-07-13,19:50:00,148.0436,148.0436,148.0436,148.0436,222,0
2015-07-13,20:05:00,148.05,148.05,148.05,148.05,100,0
2015-07-13,20:10:00,148.0401,148.0401,148.0401,148.0401,106,0
2015-07-13,20:15:00,148.14,148.14,148.14,148.14,100,0
2015-07-13,20:25:00,148.1559,148.189,148.14,148.189,1073,0
2015-07-13,20:40:00,148.18,148.18,148.18,148.18,100,0
2015-07-13,20:45:00,148.18,148.23,148.16,148.1801,1737,0
2015-07-13,20:50:00,148.21,148.21,148.21,148.21,1317,0
2015-07-13,20:55:00,148.255,148.255,148.255,148.255,151,0
2015-07-13,21:00:00,148.33,148.33,148.33,148.33,100,0
2015-07-13,21:05:00,148.339,148.349,148.339,148.349,400,0
2015-07-13,21:10:00,148.3299,148.3299,148.302,148.302,550,0
2015-07-13,21:15:00,148.3089,148.3183,148.3089,148.3183,366,0
2015-07-13,21:25:00,148.2987,148.2987,148.2987,148.2987,300,0
2015-07-13,21:35:00,148.42,148.42,148.39,148.39,265,0
2015-07-13,21:45:00,148.339,148.3396,148.339,148.3396,250,0
2015-07-13,21:50:00,148.37,148.37,148.37,148.37,100,0
2015-07-13,21:55:00,148.39,148.4,148.37,148.4,300,0
2015-07-14,15:35:00,148.97,148.97,148.49,148.49,1030,0
2015-07-14,15:50:00,148.24,148.2799,148.24,148.2799,420,0
2015-07-14,16:15:00,148.2332,148.27,148.2332,148.27,900,0
2015-07-14,16:20:00,148.1646,148.1646,148.13,148.13,275,0
2015-07-14,16:25:00,148.19,148.19,148.19,148.19,100,0
2015-07-14,16:35:00,148.2264,148.24,148.21,148.23,714,0
2015-07-14,16:40:00,148.25,148.25,148.21,148.22,600,0
2015-07-14,16:50:00,148.15,148.15,148.15,148.15,100,0
2015-07-14,17:00:00,148.2,148.2,148.19,148.19,200,0
2015-07-14,17:05:00,148.25,148.25,148.215,148.222,400,0
2015-07-14,17:10:00,148.35,148.35,148.35,148.35,100,0
2015-07-14,17:15:00,148.34,148.34,148.34,148.34,100,0
2015-07-14,17:20:00,148.35,148.43,148.35,148.43,200,0
2015-07-14,17:25:00,148.41,148.42,148.4,148.42,10959,0
2015-07-14,17:30:00,148.4125,148.4125,148.4125,148.4125,220,0
2015-07-14,17:35:00,148.48,148.48,148.43,148.43,500,0
2015-07-14,17:40:00,148.405,148.405,148.405,148.405,146,0
2015-07-14,17:45:00,148.4,148.43,148.33,148.43,7609,0
2015-07-14,17:55:00,148.44,148.44,148.44,148.44,100,0
2015-07-14,18:00:00,148.53,148.53,148.52,148.52,600,0
2015-07-14,18:05:00,148.57,148.57,148.57,148.57,142,0
2015-07-14,18:35:00,148.47,148.48,148.47,148.48,1055,0
2015-07-14,18:40:00,148.43,148.43,148.43,148.43,100,0
2015-07-14,18:45:00,148.4222,148.46,148.405,148.43,8300,0
2015-07-14,18:50:00,148.371,148.371,148.37,148.37,341,0
2015-07-14,19:00:00,148.36,148.36,148.36,148.36,400,0
2015-07-14,19:05:00,148.366,148.366,148.366,148.366,420,0
2015-07-14,19:10:00,148.369,148.369,148.369,148.369,100,0
2015-07-14,19:30:00,148.46,148.46,148.4277,148.43,3535,0
2015-07-14,19:40:00,148.41,148.41,148.41,148.41,200,0
2015-07-14,19:55:00,148.3898,148.3898,148.3898,148.3898,105,0
2015-07-14,20:00:00,148.42,148.4247,148.39,148.39,742,0
2015-07-14,20:05:00,148.4,148.4,148.39,148.39,475,0
2015-07-14,20:10:00,148.382,148.382,148.382,148.382,100,0
2015-07-14,20:45:00,148.54,148.54,148.52,148.52,200,0
2015-07-14,20:50:00,148.4554,148.4554,148.4554,148.4554,240,0
2015-07-14,21:00:00,148.524,148.524,148.524,148.524,350,0
2015-07-14,21:10:00,148.67,148.67,148.63,148.63,242,0
2015-07-14,21:25:00,148.65,148.659,148.624,148.65,550,0
2015-07-14,21:30:00,148.66,148.66,148.6599,148.6599,221,0
2015-07-14,21:40:00,148.529,148.529,148.529,148.529,234,0
2015-07-14,21:45:00,148.57,148.57,148.55,148.55,500,0
2015-07-14,21:50:00,148.5365,148.5365,148.5365,148.5365,100,0
2015-07-14,22:00:00,148.4601,148.4601,148.4601,148.4601,115,0
2015-07-15,15:35:00,148.42,148.42,148.1,148.1,4002,0
2015-07-15,15:45:00,148.1,148.1,148.1,148.1,100,0
2015-07-15,15:50:00,148.09,148.09,148.04,148.04,852,0
2015-07-15,15:55:00,147.97,147.97,147.97,147.97,250,0
2015-07-15,16:10:00,148,148,148,148,300,0
2015-07-15,16:15:00,148,148,148,148,150,0
2015-07-15,16:25:00,148.0337,148.0337,148.0337,148.0337,135,0
2015-07-15,17:05:00,148.359,148.359,148.359,148.359,145,0
2015-07-15,17:15:00,148.43,148.43,148.43,148.43,217,0
2015-07-15,17:25:00,148.48,148.592,148.48,148.57,600,0
2015-07-15,17:30:00,148.56,148.56,148.56,148.56,100,0
2015-07-15,17:35:00,148.5699,148.5699,148.5699,148.5699,150,0
2015-07-15,18:00:00,148.479,148.5,148.479,148.5,717,0
2015-07-15,18:05:00,148.49,148.49,148.49,148.49,100,0
2015-07-15,18:10:00,148.56,148.56,148.56,148.56,100,0
2015-07-15,18:15:00,148.55,148.55,148.55,148.55,200,0
2015-07-15,18:20:00,148.4501,148.4501,148.4501,148.4501,106,0
2015-07-15,18:25:00,148.4101,148.4101,148.4101,148.4101,254,0
2015-07-15,18:35:00,148.6,148.61,148.5295,148.5295,718,0
2015-07-15,18:40:00,148.54,148.56,148.54,148.5462,414,0
2015-07-15,19:10:00,148.6601,148.6601,148.6601,148.6601,160,0
2015-07-15,19:15:00,148.67,148.67,148.67,148.67,100,0
2015-07-15,19:25:00,148.77,148.77,148.77,148.77,100,0
2015-07-15,19:35:00,148.79,148.79,148.7726,148.7726,278,0
2015-07-15,19:40:00,148.74,148.74,148.74,148.74,100,0
2015-07-15,19:45:00,148.7799,148.7799,148.7799,148.7799,151,0
2015-07-15,19:55:00,148.75,148.77,148.7422,148.77,3861,0
2015-07-15,20:00:00,148.73,148.73,148.72,148.72,287,0
2015-07-15,20:05:00,148.7479,148.7479,148.7479,148.7479,111,0
2015-07-15,20:15:00,148.779,148.779,148.779,148.779,100,0
2015-07-15,20:40:00,148.5899,148.5899,148.49,148.5,691,0
2015-07-15,20:45:00,148.49,148.49,148.49,148.49,100,0
2015-07-15,20:50:00,148.2371,148.2371,148.2371,148.2371,143,0
2015-07-15,21:00:00,148.3199,148.3199,148.3199,148.3199,100,0
2015-07-15,21:05:00,148.37,148.38,148.37,148.38,400,0
2015-07-15,21:10:00,148.29,148.29,148.29,148.29,200,0
2015-07-15,21:20:00,148.2601,148.2601,148.2601,148.2601,407,0
2015-07-15,21:25:00,148.3399,148.3399,148.3399,148.3399,105,0
2015-07-15,21:35:00,148.4599,148.4699,148.4599,148.4699,590,0
2015-07-15,21:40:00,148.53,148.53,148.53,148.53,100,0
2015-07-15,21:50:00,148.39,148.39,148.39,148.39,100,0
2015-07-15,21:55:00,148.4497,148.4497,148.4497,148.4497,100,0
2015-07-15,22:00:00,148.44,148.44,148.3541,148.3541,300,0
2015-07-16,15:35:00,149.47,149.47,149.371,149.371,883,0
2015-07-16,15:40:00,149.07,149.07,149.07,149.07,150,0
2015-07-16,15:50:00,149.26,149.27,149.2317,149.26,1100,0
2015-07-16,15:55:00,149.29,149.29,149.29,149.29,200,0
2015-07-16,16:00:00,149.269,149.27,149.265,149.265,1100,0
2015-07-16,16:05:00,149.31,149.31,149.25,149.25,300,0
2015-07-16,16:20:00,149.01,149.01,149.01,149.01,200,0
2015-07-16,16:30:00,149.09,149.16,149.09,149.15,800,0
2015-07-16,16:40:00,149.25,149.3,149.24,149.265,500,0
2015-07-16,16:45:00,149.2807,149.29,149.2302,149.2302,612,0
2015-07-16,16:55:00,149.34,149.3995,149.34,149.3995,329,0
2015-07-16,17:00:00,149.44,149.4499,149.44,149.44,300,0
2015-07-16,17:05:00,149.43,149.43,149.43,149.43,100,0
2015-07-16,17:10:00,149.56,149.58,149.56,149.58,300,0
2015-07-16,17:15:00,149.57,149.57,149.57,149.57,200,0
2015-07-16,17:20:00,149.58,149.58,149.58,149.58,100,0
2015-07-16,17:25:00,149.54,149.55,149.49,149.5,1450,0
2015-07-16,17:30:00,149.58,149.6299,149.58,149.6299,3402,0
2015-07-16,17:40:00,149.68,149.68,149.64,149.66,650,0
2015-07-16,17:45:00,149.74,149.74,149.73,149.73,700,0
2015-07-16,17:50:00,149.72,149.74,149.71,149.71,339,0
2015-07-16,17:55:00,149.75,149.75,149.664,149.664,1999,0
2015-07-16,18:00:00,149.695,149.73,149.686,149.73,3200,0
2015-07-16,18:25:00,149.82,149.8899,149.82,149.88,600,0
2015-07-16,18:30:00,149.86,149.86,149.86,149.86,100,0
2015-07-16,18:40:00,149.8703,149.8703,149.8616,149.8616,770,0
2015-07-16,18:50:00,149.94,149.94,149.9399,149.9399,425,0
2015-07-16,18:55:00,149.9,149.9,149.86,149.86,600,0
2015-07-16,19:00:00,149.85,149.85,149.8299,149.8299,698,0
2015-07-16,19:10:00,149.8552,149.8552,149.8552,149.8552,177,0
2015-07-16,19:15:00,149.842,149.87,149.842,149.8699,477,0
2015-07-16,19:20:00,149.866,149.866,149.81,149.8195,2636,0
2015-07-16,19:25:00,149.74,149.74,149.74,149.74,100,0
2015-07-16,19:40:00,149.7836,149.7836,149.7836,149.7836,772,0
2015-07-16,19:45:00,149.784,149.784,149.7601,149.7601,203,0
2015-07-16,19:50:00,149.83,149.83,149.83,149.83,100,0
2015-07-16,20:00:00,149.66,149.66,149.63,149.63,400,0
2015-07-16,20:05:00,149.6289,149.68,149.61,149.68,3777,0
2015-07-16,20:10:00,149.72,149.72,149.682,149.682,389,0
2015-07-16,20:15:00,149.69,149.7,149.69,149.7,200,0
2015-07-16,20:20:00,149.74,149.74,149.7,149.7,200,0
2015-07-16,20:25:00,149.72,149.72,149.71,149.71,200,0
2015-07-16,20:30:00,149.7004,149.74,149.68,149.74,3391,0
2015-07-16,20:35:00,149.8,149.8,149.8,149.8,200,0
2015-07-16,20:40:00,149.8,149.8,149.7894,149.7894,300,0
2015-07-16,20:45:00,149.78,149.83,149.78,149.83,300,0
2015-07-16,20:50:00,149.8,149.8,149.77,149.78,3782,0
2015-07-16,20:55:00,149.77,149.77,149.77,149.77,150,0
2015-07-16,21:00:00,149.76,149.76,149.72,149.72,200,0
2015-07-16,21:05:00,149.76,149.76,149.74,149.74,336,0
2015-07-16,21:15:00,149.81,149.84,149.7901,149.84,546,0
2015-07-16,21:20:00,149.7701,149.7701,149.7701,149.7701,164,0
2015-07-16,21:25:00,149.86,149.86,149.85,149.85,200,0
2015-07-16,21:30:00,149.83,149.83,149.83,149.83,100,0
2015-07-16,21:45:00,149.8,149.8,149.8,149.8,100,0
2015-07-16,22:00:00,149.847,149.847,149.847,149.847,100,0
2015-07-17,15:35:00,150.03,150.03,149.53,149.62,1618,0
2015-07-17,15:40:00,149.62,149.62,149.62,149.62,124,0
2015-07-17,15:45:00,149.66,149.66,149.66,149.66,116,0
2015-07-17,16:00:00,149.67,149.67,149.67,149.67,100,0
2015-07-17,16:25:00,149.35,149.4099,149.35,149.4099,478,0
2015-07-17,16:30:00,149.39,149.4099,149.39,149.4099,308,0
2015-07-17,16:35:00,149.3701,149.4293,149.3701,149.4074,330,0
2015-07-17,16:40:00,149.4,149.4142,149.4,149.4142,233,0
2015-07-17,16:55:00,149.46,149.46,149.46,149.46,100,0
2015-07-17,17:10:00,149.4699,149.4699,149.4499,149.4499,290,0
2015-07-17,17:25:00,149.434,149.434,149.434,149.434,111,0
2015-07-17,17:40:00,149.54,149.54,149.54,149.54,100,0
2015-07-17,17:45:00,149.5246,149.5246,149.5246,149.5246,133,0
2015-07-17,17:50:00,149.5199,149.52,149.5199,149.52,428,0
2015-07-17,18:00:00,149.42,149.42,149.41,149.41,200,0
2015-07-17,18:15:00,149.2801,149.2801,149.2801,149.2801,167,0
2015-07-17,18:30:00,149.26,149.26,149.26,149.26,100,0
2015-07-17,18:35:00,149.2699,149.2699,149.2699,149.2699,109,0
2015-07-17,18:40:00,149.24,149.24,149.21,149.21,2200,0
2015-07-17,18:50:00,149.21,149.25,149.21,149.25,3970,0
2015-07-17,19:25:00,149.252,149.252,149.252,149.252,100,0
2015-07-17,19:30:00,149.23,149.23,149.23,149.23,230,0
2015-07-17,19:40:00,149.214,149.214,149.214,149.214,155,0
2015-07-17,19:45:00,149.2547,149.2697,149.2547,149.2697,290,0
2015-07-17,20:05:00,149.21,149.2299,149.1915,149.2202,3392,0
2015-07-17,20:25:00,149.3999,149.3999,149.3999,149.3999,184,0
2015-07-17,20:30:00,149.39,149.39,149.39,149.39,100,0
2015-07-17,20:35:00,149.395,149.44,149.3828,149.43,848,0
2015-07-17,20:40:00,149.39,149.4098,149.39,149.4098,364,0
2015-07-17,20:45:00,149.38,149.38,149.37,149.37,400,0
2015-07-17,21:00:00,149.4,149.4,149.39,149.39,200,0
2015-07-17,21:05:00,149.385,149.39,149.33,149.33,7346,0
2015-07-17,21:10:00,149.28,149.29,149.28,149.29,211,0
2015-07-17,21:15:00,149.2796,149.2796,149.2796,149.2796,211,0
2015-07-17,21:20:00,149.2899,149.2899,149.2899,149.2899,112,0
2015-07-17,21:25:00,149.29,149.29,149.27,149.27,600,0
2015-07-17,21:40:00,149.49,149.49,149.49,149.49,100,0
2015-07-17,21:50:00,149.56,149.56,149.5499,149.5499,1527,0
2015-07-17,22:00:00,149.56,149.56,149.51,149.51,979,0
2015-07-20,15:35:00,149.69,149.69,149.5,149.61,1490,0
2015-07-20,15:50:00,149.48,149.48,149.48,149.48,100,0
2015-07-20,15:55:00,149.5299,149.5299,149.5,149.51,400,0
2015-07-20,16:15:00,149.45,149.45,149.45,149.45,350,0
2015-07-20,16:35:00,149.39,149.39,149.39,149.39,100,0
2015-07-20,16:45:00,149.5,149.5,149.5,149.5,706,0
2015-07-20,16:50:00,149.44,149.44,149.39,149.39,200,0
2015-07-20,17:15:00,149.66,149.66,149.66,149.66,118,0
2015-07-20,17:20:00,149.65,149.65,149.65,149.65,100,0
2015-07-20,17:25:00,149.59,149.59,149.59,149.59,451,0
2015-07-20,17:30:00,149.69,149.69,149.69,149.69,100,0
2015-07-20,17:55:00,149.64,149.64,149.6396,149.6396,220,0
2015-07-20,18:00:00,149.63,149.63,149.63,149.63,100,0
2015-07-20,18:05:00,149.6,149.6,149.6,149.6,150,0
2015-07-20,18:10:00,149.6499,149.65,149.6299,149.6299,801,0
2015-07-20,18:15:00,149.6899,149.7,149.6899,149.7,219,0
2015-07-20,18:20:00,149.69,149.69,149.69,149.69,200,0
2015-07-20,18:30:00,149.6,149.6,149.6,149.6,288,0
2015-07-20,18:35:00,149.6299,149.6299,149.6299,149.6299,100,0
2015-07-20,18:55:00,149.6848,149.6848,149.6848,149.6848,220,0
2015-07-20,19:10:00,149.68,149.68,149.68,149.68,100,0
2015-07-20,19:20:00,149.73,149.73,149.72,149.72,740,0
2015-07-20,19:25:00,149.7399,149.7399,149.7399,149.7399,366,0
2015-07-20,19:55:00,149.6599,149.6599,149.6599,149.6599,943,0
2015-07-20,20:00:00,149.68,149.69,149.6501,149.6799,5305,0
2015-07-20,20:05:00,149.6219,149.6219,149.6219,149.6219,112,0
2015-07-20,20:15:00,149.66,149.67,149.66,149.67,7300,0
2015-07-20,20:20:00,149.6813,149.6813,149.6813,149.6813,1087,0
2015-07-20,20:30:00,149.74,149.8,149.74,149.8,200,0
2015-07-20,20:40:00,149.8099,149.8099,149.7584,149.7899,1685,0
2015-07-20,20:45:00,149.7999,149.7999,149.7999,149.7999,126,0
2015-07-20,20:55:00,149.77,149.77,149.77,149.77,240,0
2015-07-20,21:10:00,149.73,149.73,149.73,149.73,100,0
2015-07-20,21:20:00,149.8,149.8,149.8,149.8,100,0
2015-07-20,21:25:00,149.7,149.72,149.6736,149.7,3355,0
2015-07-20,21:30:00,149.72,149.72,149.67,149.67,400,0
2015-07-20,21:40:00,149.66,149.66,149.66,149.66,100,0
2015-07-20,21:50:00,149.5299,149.5486,149.5299,149.5486,682,0
2015-07-20,21:55:00,149.54,149.54,149.54,149.54,300,0
2015-07-20,22:00:00,149.4699,149.53,149.4699,149.53,954,0
2015-07-21,15:35:00,149.96,149.96,149.4,149.4,1630,0
2015-07-21,15:45:00,149.4,149.4,149.4,149.4,325,0
2015-07-21,15:50:00,149.432,149.432,149.432,149.432,1000,0
2015-07-21,16:05:00,149.4799,149.4799,149.4799,149.4799,249,0
2015-07-21,16:25:00,149.18,149.18,149.18,149.18,100,0
2015-07-21,16:40:00,149.0499,149.0499,149.03,149.0301,540,0
2015-07-21,16:45:00,148.988,149.01,148.988,149.01,852,0
2015-07-21,16:50:00,148.8801,148.8801,148.8801,148.8801,250,0
2015-07-21,17:05:00,148.76,148.76,148.76,148.76,100,0
2015-07-21,17:10:00,148.81,148.81,148.69,148.698,400,0
2015-07-21,17:30:00,148.6801,148.7299,148.6801,148.7299,702,0
2015-07-21,17:35:00,148.664,148.664,148.664,148.664,100,0
2015-07-21,17:40:00,148.69,148.69,148.69,148.69,100,0
2015-07-21,17:50:00,148.77,148.77,148.77,148.77,100,0
2015-07-21,17:55:00,148.72,148.72,148.7099,148.7099,300,0
2015-07-21,18:05:00,148.7649,148.7649,148.7101,148.7101,397,0
2015-07-21,18:20:00,148.75,148.75,148.75,148.75,200,0
2015-07-21,18:30:00,148.7399,148.7399,148.7399,148.7399,147,0
2015-07-21,18:35:00,148.82,148.82,148.82,148.82,100,0
2015-07-21,18:40:00,148.77,148.77,148.77,148.77,100,0
2015-07-21,18:50:00,148.7255,148.7255,148.7255,148.7255,100,0
2015-07-21,19:15:00,148.609,148.609,148.609,148.609,100,0
2015-07-21,19:35:00,148.6999,148.7,148.6622,148.675,3749,0
2015-07-21,19:40:00,148.6999,148.7099,148.6999,148.7,857,0
2015-07-21,19:50:00,148.74,148.74,148.74,148.74,100,0
2015-07-21,20:05:00,148.707,148.707,148.707,148.707,100,0
2015-07-21,20:20:00,148.8099,148.8099,148.8099,148.8099,100,0
2015-07-21,20:25:00,148.84,148.84,148.84,148.84,100,0
2015-07-21,20:30:00,148.9299,148.9299,148.88,148.8801,400,0
2015-07-21,20:45:00,148.87,148.87,148.87,148.87,100,0
2015-07-21,20:55:00,148.82,148.82,148.7,148.7,200,0
2015-07-21,21:25:00,148.8799,148.8799,148.86,148.86,300,0
2015-07-21,21:30:00,148.8899,148.8899,148.8899,148.8899,281,0
2015-07-21,21:35:00,148.91,148.94,148.91,148.94,644,0
2015-07-21,21:40:00,148.94,148.94,148.94,148.94,324,0
2015-07-21,21:45:00,148.9699,148.9699,148.9699,148.9699,174,0
2015-07-21,21:55:00,149.06,149.06,149.06,149.06,100,0
2015-07-21,22:00:00,149.0499,149.0499,148.9399,148.95,755,0
2015-07-22,15:35:00,149.11,149.33,149.11,149.33,2598,0
2015-07-22,15:40:00,149.41,149.56,149.41,149.56,700,0
2015-07-22,15:50:00,149.421,149.421,149.421,149.421,101,0
2015-07-22,15:55:00,149.56,149.6299,149.56,149.6299,500,0
2015-07-22,16:00:00,149.71,149.71,149.71,149.71,100,0
2015-07-22,16:05:00,149.828,149.84,149.828,149.84,300,0
2015-07-22,16:15:00,149.7899,149.7899,149.77,149.77,782,0
2015-07-22,16:20:00,149.7801,149.7801,149.7801,149.7801,117,0
2015-07-22,16:35:00,149.72,149.72,149.69,149.69,200,0
2015-07-22,16:40:00,149.66,149.66,149.59,149.59,851,0
2015-07-22,16:45:00,149.56,149.56,149.56,149.56,100,0
2015-07-22,16:55:00,149.52,149.52,149.52,149.52,291,0
2015-07-22,17:10:00,149.49,149.49,149.46,149.46,200,0
2015-07-22,17:15:00,149.48,149.48,149.47,149.47,300,0
2015-07-22,17:20:00,149.41,149.41,149.41,149.41,200,0
2015-07-22,17:30:00,149.17,149.17,149.17,149.17,100,0
2015-07-22,17:35:00,149.22,149.22,149.22,149.22,200,0
2015-07-22,17:40:00,149.23,149.24,149.23,149.24,300,0
2015-07-22,17:45:00,149.23,149.23,149.23,149.23,200,0
2015-07-22,17:50:00,149.28,149.28,149.28,149.28,200,0
2015-07-22,17:55:00,149.25,149.25,149.25,149.25,100,0
2015-07-22,18:00:00,149.3,149.32,149.3,149.31,1700,0
2015-07-22,18:10:00,149.3,149.3,149.3,149.3,200,0
2015-07-22,18:15:00,149.31,149.31,149.275,149.289,300,0
2015-07-22,18:25:00,149.24,149.25,149.22,149.22,931,0
2015-07-22,18:30:00,149.2432,149.2432,149.2432,149.2432,124,0
2015-07-22,18:45:00,149.26,149.26,149.2599,149.2599,200,0
2015-07-22,18:50:00,149.27,149.27,149.27,149.27,121,0
2015-07-22,18:55:00,149.27,149.27,149.27,149.27,100,0
2015-07-22,19:00:00,149.3,149.3,149.29,149.29,400,0
2015-07-22,19:10:00,149.3497,149.3497,149.3497,149.3497,172,0
2015-07-22,19:15:00,149.36,149.36,149.3,149.31,6997,0
2015-07-22,19:20:00,149.31,149.31,149.2801,149.2801,281,0
2015-07-22,19:50:00,149.579,149.579,149.579,149.579,100,0
2015-07-22,20:10:00,149.41,149.41,149.41,149.41,100,0
2015-07-22,20:15:00,149.469,149.4803,149.467,149.4803,444,0
2015-07-22,20:20:00,149.58,149.58,149.58,149.58,100,0
2015-07-22,20:25:00,149.62,149.62,149.58,149.58,300,0
2015-07-22,20:30:00,149.68,149.68,149.6799,149.6799,300,0
2015-07-22,20:35:00,149.6694,149.6694,149.6694,149.6694,175,0
2015-07-22,20:50:00,149.738,149.738,149.732,149.732,418,0
2015-07-22,20:55:00,149.73,149.73,149.73,149.73,200,0
2015-07-22,21:10:00,149.8,149.8,149.8,149.8,100,0
2015-07-22,21:15:00,149.78,149.78,149.74,149.74,200,0
2015-07-22,21:20:00,149.66,149.67,149.62,149.67,3168,0
2015-07-22,21:30:00,149.6901,149.6901,149.6901,149.6901,100,0
2015-07-22,21:45:00,149.62,149.6299,149.62,149.6299,520,0
2015-07-22,21:50:00,149.6296,149.6296,149.6296,149.6296,220,0
2015-07-22,22:00:00,149.71,149.8,149.71,149.8,2572,0
2015-07-23,15:35:00,150.13,150.245,150.1,150.245,2664,0
2015-07-23,15:40:00,149.9,149.9,149.9,149.9,200,0
2015-07-23,15:50:00,149.67,149.67,149.67,149.67,3330,0
2015-07-23,16:10:00,149.46,149.46,149.46,149.46,100,0
2015-07-23,16:15:00,149.39,149.39,149.39,149.39,211,0
2015-07-23,16:20:00,149.4799,149.4799,149.4799,149.4799,208,0
2015-07-23,16:25:00,149.496,149.54,149.496,149.54,318,0
2015-07-23,16:30:00,149.4966,149.54,149.4966,149.53,1658,0
2015-07-23,16:40:00,149.6099,149.6099,149.6099,149.6099,100,0
2015-07-23,17:00:00,149.69,149.71,149.69,149.71,1370,0
2015-07-23,17:10:00,149.709,149.73,149.708,149.73,800,0
2015-07-23,17:15:00,149.71,149.71,149.71,149.71,100,0
2015-07-23,18:00:00,148.94,148.94,148.94,148.94,382,0
2015-07-23,18:05:00,148.9399,148.9399,148.9399,148.9399,100,0
2015-07-23,18:20:00,148.6,148.619,148.6,148.6,300,0
2015-07-23,18:25:00,148.61,148.61,148.61,148.61,200,0
2015-07-23,18:45:00,148.7401,148.7401,148.7401,148.7401,219,0
2015-07-23,18:50:00,148.715,148.715,148.715,148.715,111,0
2015-07-23,18:55:00,148.6912,148.6912,148.6912,148.6912,200,0
2015-07-23,19:25:00,148.8501,148.8501,148.8501,148.8501,100,0
2015-07-23,19:30:00,148.79,148.79,148.79,148.79,100,0
2015-07-23,19:35:00,148.84,148.84,148.7966,148.7966,609,0
2015-07-23,19:40:00,148.7707,148.8,148.7707,148.8,213,0
2015-07-23,19:50:00,148.8499,148.94,148.8499,148.94,1286,0
2015-07-23,19:55:00,148.96,148.97,148.9299,148.9301,3306,0
2015-07-23,20:15:00,148.82,148.82,148.82,148.82,317,0
2015-07-23,20:20:00,148.88,148.88,148.88,148.88,100,0
2015-07-23,20:25:00,148.8201,148.84,148.71,148.71,1879,0
2015-07-23,20:35:00,148.769,148.78,148.769,148.78,200,0
2015-07-23,20:45:00,148.83,148.83,148.83,148.83,100,0
2015-07-23,20:55:00,148.5095,148.5095,148.4724,148.4724,500,0
2015-07-23,21:00:00,148.53,148.53,148.53,148.53,100,0
2015-07-23,21:05:00,148.41,148.41,148.41,148.41,200,0
2015-07-23,21:10:00,148.38,148.39,148.375,148.3838,898,0
2015-07-23,21:15:00,148.249,148.249,148.249,148.249,100,0
2015-07-23,21:20:00,148.24,148.24,148.24,148.24,200,0
2015-07-23,21:30:00,148.27,148.27,148.27,148.27,100,0
2015-07-23,21:35:00,148.249,148.249,148.16,148.21,567,0
2015-07-23,21:40:00,148.21,148.31,148.21,148.31,500,0
2015-07-23,21:50:00,148.3199,148.47,148.3199,148.47,200,0
2015-07-23,22:00:00,148.36,148.52,148.36,148.52,249,0
2015-07-24,15:35:00,149.79,150.26,149.79,149.92,1969,0
2015-07-24,15:45:00,149.82,149.82,149.82,149.82,100,0
2015-07-24,15:50:00,149.91,149.91,149.91,149.91,300,0
2015-07-24,16:05:00,149.9201,149.9201,149.9201,149.9201,517,0
2015-07-24,16:10:00,149.92,149.92,149.92,149.92,100,0
2015-07-24,16:25:00,149.7,149.7,149.7,149.7,100,0
2015-07-24,16:30:00,149.5117,149.6,149.5117,149.6,200,0
2015-07-24,16:40:00,149.54,149.55,149.54,149.55,200,0
2015-07-24,16:45:00,149.48,149.48,149.48,149.48,100,0
2015-07-24,16:50:00,149.4799,149.4799,149.41,149.41,400,0
2015-07-24,17:00:00,149.39,149.39,149.39,149.39,100,0
2015-07-24,17:05:00,149.4,149.4,149.4,149.4,100,0
2015-07-24,17:15:00,149.24,149.24,149.24,149.24,100,0
2015-07-24,17:20:00,149.29,149.29,149.29,149.29,100,0
2015-07-24,17:25:00,149.38,149.38,149.3452,149.3452,246,0
2015-07-24,17:30:00,149.45,149.45,149.45,149.45,100,0
2015-07-24,17:35:00,149.5099,149.52,149.5099,149.52,300,0
2015-07-24,17:40:00,149.4624,149.4624,149.4624,149.4624,134,0
2015-07-24,17:55:00,149.4443,149.4443,149.3899,149.3899,300,0
2015-07-24,18:10:00,149.3699,149.3699,149.3699,149.3699,100,0
2015-07-24,18:20:00,149.31,149.31,149.31,149.31,100,0
2015-07-24,18:25:00,149.38,149.38,149.3799,149.38,400,0
2015-07-24,18:40:00,149.36,149.36,149.3599,149.3599,257,0
2015-07-24,18:50:00,149.21,149.21,149.21,149.21,100,0
2015-07-24,19:00:00,149.03,149.03,149.03,149.03,200,0
2015-07-24,19:05:00,149.03,149.16,149.02,149.1424,1899,0
2015-07-24,19:10:00,149.1106,149.15,149.09,149.09,2173,0
2015-07-24,19:15:00,149.12,149.12,149,149,500,0
2015-07-24,19:30:00,148.95,148.95,148.95,148.95,100,0
2015-07-24,19:45:00,148.75,148.75,148.75,148.75,100,0
2015-07-24,20:00:00,148.77,148.77,148.77,148.77,100,0
2015-07-24,20:05:00,148.68,148.7,148.64,148.64,1700,0
2015-07-24,20:20:00,148.42,148.42,148.42,148.42,200,0
2015-07-24,20:30:00,148.33,148.37,148.3199,148.37,600,0
2015-07-24,20:50:00,148.265,148.265,148.265,148.265,800,0
2015-07-24,20:55:00,148.074,148.074,148.074,148.074,100,0
2015-07-24,21:00:00,148.14,148.23,148.14,148.22,956,0
2015-07-24,21:10:00,148.34,148.34,148.34,148.34,100,0
2015-07-24,21:15:00,148.44,148.45,148.4099,148.4099,2000,0
2015-07-24,21:20:00,148.38,148.38,148.38,148.38,100,0
2015-07-24,21:25:00,148.3696,148.3696,148.349,148.349,316,0
2015-07-24,21:30:00,148.32,148.32,148.32,148.32,100,0
2015-07-24,21:40:00,148.0855,148.0855,148.0855,148.0855,101,0
2015-07-24,21:45:00,148.085,148.085,148.08,148.0825,1000,0
2015-07-24,21:50:00,148.336,148.336,148.3,148.3096,531,0
2015-07-24,21:55:00,148.247,148.2998,148.247,148.2998,513,0
2015-07-24,22:00:00,148.2925,148.295,148.1947,148.24,1712,0
2015-07-27,15:35:00,148.01,148.01,147.31,147.31,1583,0
2015-07-27,15:50:00,147.0801,147.0801,147.0801,147.0801,365,0
2015-07-27,15:55:00,147.24,147.3,147.24,147.3,250,0
2015-07-27,16:05:00,147.38,147.38,147.38,147.38,300,0
2015-07-27,16:20:00,147.5599,147.5599,147.5599,147.5599,100,0
2015-07-27,16:25:00,147.4299,147.4299,147.4299,147.4299,100,0
2015-07-27,16:30:00,147.42,147.42,147.42,147.42,100,0
2015-07-27,16:35:00,147.6,147.9,147.6,147.9,400,0
2015-07-27,16:40:00,147.86,147.86,147.86,147.86,100,0
2015-07-27,16:50:00,147.8495,147.85,147.81,147.83,670,0
2015-07-27,17:00:00,147.6299,147.6299,147.6299,147.6299,300,0
2015-07-27,17:05:00,147.63,147.63,147.62,147.62,300,0
2015-07-27,17:20:00,147.3276,147.3276,147.3276,147.3276,143,0
2015-07-27,17:25:00,147.3476,147.3476,147.3476,147.3476,166,0
2015-07-27,17:30:00,147.5,147.54,147.4999,147.4999,821,0
2015-07-27,17:40:00,147.269,147.269,147.269,147.269,180,0
2015-07-27,17:45:00,147.3661,147.3661,147.34,147.34,315,0
2015-07-27,17:50:00,147.3161,147.48,147.3161,147.48,348,0
2015-07-27,17:55:00,147.39,147.49,147.39,147.473,524,0
2015-07-27,18:00:00,147.5,147.6,147.4376,147.59,981,0
2015-07-27,18:05:00,147.57,147.57,147.5672,147.57,1107,0
2015-07-27,18:10:00,147.59,147.59,147.59,147.59,100,0
2015-07-27,18:15:00,147.4296,147.4296,147.4296,147.4296,146,0
2015-07-27,18:30:00,147.49,147.49,147.49,147.49,200,0
2015-07-27,18:40:00,147.44,147.44,147.44,147.44,100,0
2015-07-27,18:45:00,147.44,147.44,147.44,147.44,100,0
2015-07-27,18:50:00,147.41,147.42,147.41,147.42,400,0
2015-07-27,18:55:00,147.26,147.2724,147.26,147.2696,401,0
2015-07-27,19:05:00,147.2343,147.2343,147.2343,147.2343,177,0
2015-07-27,19:15:00,147.3,147.3,147.3,147.3,100,0
2015-07-27,19:20:00,147.15,147.15,147.15,147.15,200,0
2015-07-27,19:25:00,147.08,147.08,147.08,147.08,100,0
2015-07-27,19:55:00,147.29,147.2995,147.2704,147.2704,1300,0
2015-07-27,20:00:00,147.33,147.33,147.29,147.29,300,0
2015-07-27,20:15:00,147.28,147.34,147.2201,147.3061,3598,0
2015-07-27,20:20:00,147.2901,147.3843,147.2901,147.3843,9947,0
2015-07-27,20:25:00,147.48,147.48,147.4599,147.4599,400,0
2015-07-27,20:30:00,147.33,147.34,147.33,147.34,300,0
2015-07-27,20:35:00,147.36,147.38,147.36,147.38,300,0
2015-07-27,20:50:00,147.28,147.331,147.27,147.32,40000,0
2015-07-27,20:55:00,147.25,147.25,147.145,147.17,2850,0
2015-07-27,21:00:00,147.11,147.18,147.11,147.17,5349,0
2015-07-27,21:05:00,147.14,147.14,147.01,147.01,4411,0
2015-07-27,21:10:00,147,147.04,147,147.03,4219,0
2015-07-27,21:15:00,147.02,147.07,147.02,147.07,5600,0
2015-07-27,21:20:00,147.06,147.11,146.96,146.96,3283,0
2015-07-27,21:25:00,146.96,147.08,146.96,147.03,4934,0
2015-07-27,21:30:00,147.03,147.04,146.9,146.9,5537,0
2015-07-27,21:35:00,146.89,146.9,146.83,146.88,3300,0
2015-07-27,21:40:00,146.89,146.92,146.85,146.89,3700,0
2015-07-27,21:45:00,146.87,146.89,146.8,146.84,7267,0
2015-07-27,21:50:00,146.8599,146.8599,146.8599,146.8599,1317,0
2015-07-27,21:55:00,146.8536,146.962,146.81,146.8655,396139,0
2015-07-27,22:00:00,146.97,147.11,146.97,147.11,1014,0
2015-07-28,15:35:00,147.62,147.75,147.38,147.38,2243,0
2015-07-28,15:40:00,147.34,147.38,147.34,147.38,700,0
2015-07-28,15:50:00,147.12,147.12,147.12,147.12,100,0
2015-07-28,15:55:00,147,147,146.94,146.94,200,0
2015-07-28,16:05:00,147.23,147.2301,147.22,147.22,1100,0
2015-07-28,16:15:00,147.3104,147.3104,147.3104,147.3104,175,0
2015-07-28,16:30:00,146.9873,146.9873,146.939,146.939,800,0
2015-07-28,16:35:00,147.1,147.1,147.08,147.08,208,0
2015-07-28,16:45:00,147.19,147.19,147.19,147.19,100,0
2015-07-28,16:50:00,147.2201,147.2201,147.2201,147.2201,200,0
2015-07-28,16:55:00,147.2801,147.2801,147.2801,147.2801,120,0
2015-07-28,17:05:00,147.4262,147.4699,147.4262,147.4699,315,0
2015-07-28,17:10:00,147.4672,147.4672,147.4672,147.4672,135,0
2015-07-28,17:25:00,147.559,147.559,147.51,147.51,200,0
2015-07-28,17:30:00,147.5899,147.5899,147.5899,147.5899,170,0
2015-07-28,17:40:00,147.6906,147.6906,147.6906,147.6906,100,0
2015-07-28,17:50:00,147.756,147.83,147.756,147.7976,1985,0
2015-07-28,18:30:00,148.119,148.12,148.119,148.12,500,0
2015-07-28,18:35:00,148.1199,148.12,148.0431,148.0431,1541,0
2015-07-28,18:40:00,148.02,148.02,148.02,148.02,100,0
2015-07-28,18:45:00,148.0559,148.0559,148.0559,148.0559,137,0
2015-07-28,18:50:00,148.02,148.02,148.02,148.02,338,0
2015-07-28,19:00:00,148.119,148.119,148.119,148.119,100,0
2015-07-28,19:05:00,148.0399,148.0399,148.0399,148.0399,150,0
2015-07-28,19:15:00,148.2695,148.2695,148.2695,148.2695,150,0
2015-07-28,19:40:00,148.2,148.2,148.2,148.2,200,0
2015-07-28,19:50:00,148.24,148.2699,148.21,148.2699,1921,0
2015-07-28,19:55:00,148.255,148.255,148.255,148.255,150,0
2015-07-28,20:00:00,148.31,148.3687,148.282,148.3687,965,0
2015-07-28,20:25:00,148.5576,148.5576,148.5576,148.5576,108,0
2015-07-28,20:40:00,148.4299,148.4299,148.4299,148.4299,125,0
2015-07-28,20:50:00,148.35,148.35,148.35,148.35,200,0
2015-07-28,20:55:00,148.4249,148.4249,148.4249,148.4249,183,0
2015-07-28,21:00:00,148.4099,148.43,148.4099,148.43,630,0
2015-07-28,21:05:00,148.3899,148.3899,148.3899,148.3899,361,0
2015-07-28,21:20:00,148.27,148.27,148.23,148.2601,503,0
2015-07-28,21:45:00,148.2799,148.38,148.2799,148.38,1232,0
2015-07-28,21:50:00,148.3275,148.365,148.3236,148.34,988,0
2015-07-28,21:55:00,148.257,148.3379,148.257,148.28,1338,0
2015-07-28,22:00:00,148.27,148.43,148.26,148.43,13485,0
2015-07-29,15:35:00,148.49,148.49,148.49,148.49,596,0
2015-07-29,15:40:00,148.76,148.7665,148.76,148.7665,285,0
2015-07-29,16:30:00,149.18,149.2,149.18,149.19,1300,0
2015-07-29,16:35:00,149.23,149.23,149.23,149.23,100,0
2015-07-29,17:05:00,149.3045,149.3099,149.186,149.186,807,0
2015-07-29,17:15:00,149.22,149.22,149.165,149.165,394,0
2015-07-29,17:20:00,149.29,149.3,149.29,149.3,640,0
2015-07-29,17:25:00,149.28,149.28,149.28,149.28,100,0
2015-07-29,17:30:00,149.25,149.27,149.25,149.27,500,0
2015-07-29,17:50:00,149.3301,149.3301,149.3301,149.3301,145,0
2015-07-29,17:55:00,149.32,149.3499,149.3,149.3499,545,0
2015-07-29,18:00:00,149.3208,149.3208,149.3008,149.3008,500,0
2015-07-29,18:05:00,149.344,149.37,149.27,149.27,32815,0
2015-07-29,18:10:00,149.28,149.28,149.21,149.22,27900,0
2015-07-29,18:20:00,149.2234,149.2234,149.1806,149.1806,200,0
2015-07-29,18:25:00,149.19,149.19,149.148,149.148,1058,0
2015-07-29,18:45:00,149.1899,149.1899,149.1899,149.1899,125,0
2015-07-29,19:05:00,149.15,149.15,149.1001,149.1001,400,0
2015-07-29,19:25:00,149.14,149.14,149.14,149.14,100,0
2015-07-29,19:35:00,149.0613,149.0613,149.0099,149.0099,3754,0
2015-07-29,19:50:00,148.9946,148.9946,148.9946,148.9946,100,0
2015-07-29,20:00:00,148.96,148.96,148.96,148.96,100,0
2015-07-29,20:05:00,148.97,149.1691,148.68,148.7385,1200,0
2015-07-29,20:10:00,148.94,148.94,148.94,148.94,100,0
2015-07-29,20:15:00,148.918,148.9649,148.918,148.9649,270,0
2015-07-29,20:25:00,149.1101,149.1101,149.1101,149.1101,118,0
2015-07-29,20:40:00,149.2,149.2,149.2,149.2,100,0
2015-07-29,20:45:00,149.3949,149.42,149.3949,149.42,482,0
2015-07-29,20:50:00,149.4509,149.4509,149.4509,149.4509,132,0
2015-07-29,20:55:00,149.55,149.55,149.55,149.55,200,0
2015-07-29,21:00:00,149.5799,149.6099,149.5799,149.6099,1045,0
2015-07-29,21:05:00,149.5,149.5,149.46,149.46,308,0
2015-07-29,21:15:00,149.5,149.5,149.5,149.5,100,0
2015-07-29,21:25:00,149.4783,149.5199,149.4783,149.5199,1078,0
2015-07-29,21:30:00,149.5799,149.61,149.5799,149.61,200,0
2015-07-29,21:35:00,149.3583,149.3583,149.3583,149.3583,200,0
2015-07-29,21:40:00,149.35,149.4743,149.35,149.4383,562,0
2015-07-29,21:45:00,149.5399,149.5683,149.5399,149.5683,1480,0
2015-07-29,21:55:00,149.5133,149.5133,149.5133,149.5133,500,0
2015-07-29,22:00:00,149.5652,149.5652,149.51,149.52,666,0
2015-07-30,15:35:00,149.43,149.43,149.05,149.16,2745,0
2015-07-30,15:40:00,148.97,148.998,148.97,148.996,1826,0
2015-07-30,16:15:00,148.71,148.7592,148.71,148.7592,452,0
2015-07-30,16:40:00,148.93,148.93,148.8443,148.8443,368,0
2015-07-30,16:45:00,148.9799,148.9799,148.9799,148.9799,160,0
2015-07-30,17:00:00,148.9,148.9,148.8037,148.8048,381,0
2015-07-30,17:05:00,148.7354,148.8,148.7354,148.8,539,0
2015-07-30,17:10:00,148.8362,148.8362,148.8362,148.8362,300,0
2015-07-30,17:30:00,149.3,149.3,149.29,149.29,400,0
2015-07-30,17:40:00,149.4599,149.4599,149.4599,149.4599,127,0
2015-07-30,17:55:00,149.5799,149.5799,149.5799,149.5799,249,0
2015-07-30,18:10:00,149.5376,149.5376,149.5376,149.5376,123,0
2015-07-30,18:35:00,149.6476,149.6476,149.6476,149.6476,589,0
2015-07-30,18:50:00,149.6301,149.6301,149.6301,149.6301,153,0
2015-07-30,18:55:00,149.7198,149.7198,149.7198,149.7198,214,0
2015-07-30,19:00:00,149.735,149.735,149.7294,149.7294,240,0
2015-07-30,19:05:00,149.77,149.77,149.77,149.77,311,0
2015-07-30,19:25:00,149.7399,149.7399,149.7399,149.7399,100,0
2015-07-30,19:30:00,149.7494,149.7494,149.7448,149.7448,350,0
2015-07-30,19:40:00,149.7086,149.7086,149.7086,149.7086,130,0
2015-07-30,19:50:00,149.6307,149.6307,149.6307,149.6307,108,0
2015-07-30,19:55:00,149.7538,149.76,149.7261,149.7499,1803,0
2015-07-30,20:10:00,149.74,149.74,149.74,149.74,100,0
2015-07-30,20:20:00,149.68,149.68,149.68,149.68,100,0
2015-07-30,20:25:00,149.7099,149.72,149.7099,149.72,350,0
2015-07-30,20:35:00,149.6975,149.6975,149.6975,149.6975,200,0
2015-07-30,20:45:00,149.6324,149.6324,149.6324,149.6324,130,0
2015-07-30,20:50:00,149.699,149.699,149.664,149.666,948,0
2015-07-30,21:00:00,149.74,149.74,149.74,149.74,100,0
2015-07-30,21:10:00,149.78,149.78,149.78,149.78,250,0
2015-07-30,21:25:00,149.8348,149.8348,149.8348,149.8348,100,0
2015-07-30,21:30:00,149.88,149.88,149.88,149.88,293,0
2015-07-30,21:45:00,149.8188,149.8188,149.8188,149.8188,100,0
2015-07-30,21:50:00,149.809,149.809,149.809,149.809,100,0
2015-07-30,21:55:00,149.76,149.76,149.76,149.76,523,0
2015-07-30,22:00:00,149.79,149.79,149.68,149.75,801,0
2015-07-31,15:35:00,150.46,150.5,150.46,150.46,1739,0
2015-07-31,15:45:00,150.0097,150.1,150.0097,150.1,884,0
2015-07-31,16:00:00,150.033,150.033,150.033,150.033,166,0
2015-07-31,16:40:00,150.55,150.55,150.55,150.55,100,0
2015-07-31,16:55:00,150.6999,150.6999,150.6999,150.6999,100,0
2015-07-31,17:00:00,150.65,150.65,150.65,150.65,100,0
2015-07-31,17:05:00,150.56,150.56,150.56,150.56,100,0
2015-07-31,17:10:00,150.6104,150.6104,150.6104,150.6104,100,0
2015-07-31,17:50:00,150.7799,150.7799,150.77,150.77,364,0
2015-07-31,17:55:00,150.8399,150.8399,150.8399,150.8399,400,0
2015-07-31,18:00:00,150.7299,150.7299,150.7299,150.7299,298,0
2015-07-31,18:20:00,150.79,150.79,150.79,150.79,100,0
2015-07-31,18:25:00,150.73,150.73,150.73,150.73,100,0
2015-07-31,18:35:00,150.81,150.81,150.775,150.775,800,0
2015-07-31,18:45:00,150.7699,150.7699,150.7699,150.7699,100,0
2015-07-31,19:25:00,150.6899,150.6899,150.6899,150.6899,165,0
2015-07-31,19:30:00,150.61,150.61,150.59,150.59,400,0
2015-07-31,19:40:00,150.453,150.453,150.453,150.453,265,0
2015-07-31,19:55:00,150.46,150.46,150.46,150.46,332,0
2015-07-31,20:00:00,150.4759,150.4759,150.4759,150.4759,100,0
2015-07-31,20:05:00,150.5075,150.5199,150.5051,150.5199,3044,0
2015-07-31,20:10:00,150.5399,150.55,150.5314,150.55,1129,0
2015-07-31,20:25:00,150.4137,150.4137,150.2449,150.2501,1434,0
2015-07-31,20:30:00,150.2963,150.36,150.2963,150.36,356,0
2015-07-31,20:35:00,150.395,150.395,150.395,150.395,283,0
2015-07-31,20:40:00,150.35,150.37,150.29,150.29,2480,0
2015-07-31,20:50:00,150.35,150.35,150.33,150.33,927,0
2015-07-31,21:00:00,150.46,150.46,150.4,150.4,200,0
2015-07-31,21:15:00,150.38,150.38,150.38,150.38,120,0
2015-07-31,21:25:00,150.457,150.457,150.37,150.37,504,0
2015-07-31,21:35:00,150.26,150.26,150.26,150.26,100,0
2015-07-31,21:40:00,150.4,150.4,150.39,150.39,200,0
2015-07-31,21:45:00,150.3599,150.38,150.33,150.38,533,0
2015-07-31,21:50:00,150.33,150.33,150.33,150.33,100,0
2015-07-31,21:55:00,150.2599,150.26,150.2599,150.26,250,0
2015-07-31,22:00:00,150.32,150.42,150.32,150.42,2333,0
2015-08-03,15:35:00,151.16,151.16,150.57,150.57,2618,0
2015-08-03,15:40:00,150.62,150.62,150.5999,150.5999,605,0
2015-08-03,15:45:00,150.698,150.698,150.698,150.698,107,0
2015-08-03,15:50:00,150.52,150.5884,150.52,150.5884,421,0
2015-08-03,15:55:00,150.6899,150.6899,150.6899,150.6899,100,0
2015-08-03,16:00:00,150.6,150.7,150.6,150.7,2964,0
2015-08-03,16:05:00,150.6899,150.6899,150.56,150.56,200,0
2015-08-03,16:10:00,150.45,150.46,150.45,150.46,200,0
2015-08-03,16:25:00,150.2169,150.2169,150.1569,150.1569,627,0
2015-08-03,16:30:00,150.0969,150.0969,150.0969,150.0969,500,0
2015-08-03,16:35:00,150.1499,150.1499,150.121,150.121,200,0
2015-08-03,16:40:00,150.19,150.2499,150.1865,150.2499,5138,0
2015-08-03,16:50:00,150.27,150.27,150.2057,150.2669,1490,0
2015-08-03,16:55:00,150.37,150.37,150.3399,150.3399,505,0
2015-08-03,17:00:00,150.25,150.25,150.25,150.25,200,0
2015-08-03,17:05:00,150.31,150.32,150.23,150.27,400,0
2015-08-03,17:20:00,150.4773,150.4773,150.4773,150.4773,122,0
2015-08-03,17:25:00,150.5014,150.5014,150.5014,150.5014,330,0
2015-08-03,17:30:00,150.4601,150.4601,150.4601,150.4601,175,0
2015-08-03,17:35:00,150.5434,150.5434,150.5434,150.5434,133,0
2015-08-03,17:45:00,150.6699,150.6699,150.6201,150.6597,649,0
2015-08-03,17:55:00,150.59,150.59,150.59,150.59,200,0
2015-08-03,18:00:00,150.6239,150.64,150.62,150.624,665,0
2015-08-03,18:10:00,150.5,150.5001,150.5,150.5001,424,0
2015-08-03,18:15:00,150.5799,150.59,150.5618,150.59,1194,0
2015-08-03,18:20:00,150.485,150.49,150.46,150.46,19031,0
2015-08-03,18:30:00,150.3601,150.4248,150.3601,150.4248,232,0
2015-08-03,18:35:00,150.2948,150.2948,150.1848,150.1848,975,0
2015-08-03,18:40:00,150.18,150.18,150.0848,150.0848,403,0
2015-08-03,18:45:00,150.07,150.07,150.05,150.06,900,0
2015-08-03,18:50:00,150,150.0001,149.98,150,1280,0
2015-08-03,18:55:00,149.9,149.9,149.9,149.9,300,0
2015-08-03,19:00:00,149.81,149.81,149.81,149.81,200,0
2015-08-03,19:05:00,149.745,149.745,149.745,149.745,200,0
2015-08-03,19:10:00,149.73,149.73,149.73,149.73,100,0
2015-08-03,19:30:00,149.8399,149.8399,149.8399,149.8399,671,0
2015-08-03,19:35:00,149.78,149.788,149.78,149.788,379,0
2015-08-03,19:40:00,149.91,149.92,149.87,149.87,2137,0
2015-08-03,19:50:00,149.9199,149.94,149.9199,149.94,462,0
2015-08-03,20:15:00,149.7896,149.7896,149.7896,149.7896,183,0
2015-08-03,20:20:00,149.769,149.84,149.769,149.84,619,0
2015-08-03,20:25:00,149.8,149.8,149.8,149.8,550,0
2015-08-03,20:30:00,149.69,149.69,149.69,149.69,200,0
2015-08-03,20:35:00,149.73,149.73,149.7,149.7,200,0
2015-08-03,20:50:00,149.89,149.89,149.88,149.88,200,0
2015-08-03,20:55:00,149.7599,149.779,149.7599,149.779,450,0
2015-08-03,21:00:00,149.73,149.73,149.698,149.698,1000,0
2015-08-03,21:05:00,149.75,149.78,149.75,149.765,333,0
2015-08-03,21:10:00,149.7,149.7,149.7,149.7,100,0
2015-08-03,21:20:00,149.7394,149.7394,149.7394,149.7394,100,0
2015-08-03,21:25:00,149.829,149.829,149.824,149.824,1600,0
2015-08-03,21:40:00,149.96,149.96,149.96,149.96,100,0
2015-08-03,21:45:00,150.13,150.23,150.13,150.23,1400,0
2015-08-03,21:55:00,150.1799,150.18,150.1748,150.18,730,0
2015-08-03,22:00:00,150.18,150.39,150.16,150.39,1379,0
2015-08-04,15:35:00,150.2,150.4247,150.2,150.4247,405,0
2015-08-04,15:40:00,150.4,150.4,150.18,150.18,375,0
2015-08-04,15:45:00,150.16,150.24,150.16,150.24,200,0
2015-08-04,15:50:00,150.2,150.2,150.2,150.2,400,0
2015-08-04,15:55:00,150.37,150.37,150.37,150.37,300,0
2015-08-04,16:15:00,150.41,150.41,150.41,150.41,100,0
2015-08-04,16:35:00,150.9,150.9,150.9,150.9,100,0
2015-08-04,16:50:00,150.89,150.89,150.84,150.84,678,0
2015-08-04,17:10:00,150.54,150.56,150.54,150.56,295,0
2015-08-04,17:25:00,150.668,150.668,150.668,150.668,100,0
2015-08-04,17:30:00,150.64,150.64,150.64,150.64,100,0
2015-08-04,17:50:00,150.5804,150.6,150.5804,150.5872,800,0
2015-08-04,17:55:00,150.54,150.5408,150.54,150.5408,533,0
2015-08-04,18:00:00,150.5695,150.624,150.5695,150.624,200,0
2015-08-04,18:10:00,150.73,150.81,150.7,150.81,300,0
2015-08-04,18:15:00,150.794,150.794,150.794,150.794,100,0
2015-08-04,18:20:00,150.82,150.82,150.7472,150.7472,200,0
2015-08-04,18:25:00,150.7646,150.78,150.7595,150.78,498,0
2015-08-04,18:30:00,150.695,150.695,150.695,150.695,150,0
2015-08-04,18:35:00,150.62,150.62,150.62,150.62,100,0
2015-08-04,18:40:00,150.648,150.6499,150.647,150.6499,436,0
2015-08-04,19:00:00,150.44,150.44,150.44,150.44,100,0
2015-08-04,19:20:00,150.6,150.6,150.6,150.6,100,0
2015-08-04,19:25:00,150.549,150.6099,150.549,150.6099,391,0
2015-08-04,19:35:00,150.73,150.8099,150.73,150.8099,670,0
2015-08-04,19:40:00,150.77,150.77,150.72,150.75,3875,0
2015-08-04,19:45:00,150.76,150.77,150.699,150.699,1052,0
2015-08-04,19:50:00,150.681,150.6843,150.681,150.6843,633,0
2015-08-04,19:55:00,150.4799,150.4799,150.29,150.29,600,0
2015-08-04,20:05:00,150.3101,150.38,150.3101,150.38,650,0
2015-08-04,20:15:00,150.0715,150.0715,150.06,150.06,230,0
2015-08-04,20:20:00,150.1,150.2,150.1,150.2,1200,0
2015-08-04,20:30:00,150.165,150.165,150.165,150.165,348,0
2015-08-04,20:35:00,150.22,150.22,150.22,150.22,100,0
2015-08-04,21:05:00,150.64,150.64,150.55,150.55,2554,0
2015-08-04,21:10:00,150.61,150.68,150.55,150.68,300,0
2015-08-04,21:20:00,150.62,150.6289,150.55,150.55,600,0
2015-08-04,21:25:00,150.539,150.539,150.539,150.539,100,0
2015-08-04,21:30:00,150.5909,150.5909,150.5909,150.5909,702,0
2015-08-04,21:35:00,150.6446,150.6446,150.6446,150.6446,110,0
2015-08-04,21:40:00,150.6,150.6,150.6,150.6,100,0
2015-08-04,21:45:00,150.541,150.541,150.541,150.541,105,0
2015-08-04,21:50:00,150.52,150.55,150.52,150.55,309,0
2015-08-04,21:55:00,150.45,150.45,150.45,150.45,100,0
2015-08-04,22:00:00,150.48,150.7,150.48,150.7,1782,0
2015-08-05,15:35:00,151,151.06,150.59,150.7316,8086,0
2015-08-05,15:40:00,150.75,150.75,150.75,150.75,100,0
2015-08-05,15:45:00,150.58,150.58,150.3701,150.3701,600,0
2015-08-05,15:50:00,150.56,150.66,150.56,150.66,1405,0
2015-08-05,15:55:00,150.76,150.76,150.76,150.76,300,0
2015-08-05,16:00:00,150.77,150.77,150.53,150.53,900,0
2015-08-05,16:05:00,150.61,150.6799,150.5899,150.6799,670,0
2015-08-05,16:10:00,150.69,150.69,150.69,150.69,100,0
2015-08-05,16:15:00,150.77,150.8491,150.77,150.84,2582,0
2015-08-05,16:20:00,150.85,150.85,150.85,150.85,100,0
2015-08-05,16:30:00,150.98,150.98,150.89,150.89,2700,0
2015-08-05,16:35:00,150.94,150.94,150.92,150.92,700,0
2015-08-05,16:40:00,150.81,150.81,150.74,150.74,328,0
2015-08-05,16:45:00,150.77,150.77,150.67,150.67,1232,0
2015-08-05,16:50:00,150.641,150.641,150.641,150.641,100,0
2015-08-05,16:55:00,150.64,150.69,150.64,150.69,1400,0
2015-08-05,17:00:00,150.67,150.67,150.62,150.62,1000,0
2015-08-05,17:05:00,150.6961,150.6961,150.63,150.63,832,0
2015-08-05,17:10:00,150.6699,150.6699,150.4623,150.48,3057,0
2015-08-05,17:15:00,150.484,150.52,150.48,150.52,800,0
2015-08-05,17:20:00,150.54,150.56,150.54,150.55,600,0
2015-08-05,17:30:00,150.57,150.57,150.485,150.52,600,0
2015-08-05,17:35:00,150.53,150.53,150.53,150.53,697,0
2015-08-05,17:40:00,150.45,150.45,150.45,150.45,200,0
2015-08-05,17:45:00,150.4,150.4,150.33,150.375,900,0
2015-08-05,17:55:00,150.33,150.33,150.33,150.33,100,0
2015-08-05,18:00:00,150.33,150.33,150.157,150.157,1650,0
2015-08-05,18:10:00,150.22,150.25,150.22,150.22,1800,0
2015-08-05,18:15:00,150.18,150.19,150.18,150.19,300,0
2015-08-05,18:20:00,150.19,150.19,150.04,150.04,800,0
2015-08-05,18:25:00,149.99,149.99,149.99,149.99,100,0
2015-08-05,18:35:00,149.84,149.84,149.84,149.84,500,0
2015-08-05,18:40:00,149.721,149.76,149.721,149.76,1050,0
2015-08-05,18:45:00,149.73,149.73,149.61,149.64,950,0
2015-08-05,18:50:00,149.71,149.71,149.71,149.71,150,0
2015-08-05,18:55:00,149.74,149.74,149.678,149.678,850,0
2015-08-05,19:00:00,149.83,149.89,149.83,149.89,200,0
2015-08-05,19:05:00,149.85,149.85,149.85,149.85,817,0
2015-08-05,19:10:00,149.8683,149.8683,149.85,149.85,2301,0
2015-08-05,19:15:00,149.72,149.72,149.71,149.71,200,0
2015-08-05,19:20:00,149.6,149.65,149.6,149.65,350,0
2015-08-05,19:25:00,149.6277,149.6277,149.62,149.62,300,0
2015-08-05,19:30:00,149.6,149.6,149.6,149.6,100,0
2015-08-05,19:35:00,149.61,149.61,149.59,149.59,1000,0
2015-08-05,19:40:00,149.68,149.68,149.68,149.68,200,0
2015-08-05,19:45:00,149.72,149.81,149.72,149.81,300,0
2015-08-05,19:50:00,149.82,149.86,149.82,149.86,1145,0
2015-08-05,19:55:00,149.835,149.835,149.75,149.75,2400,0
2015-08-05,20:00:00,149.74,149.7699,149.74,149.7699,675,0
2015-08-05,20:05:00,149.75,149.75,149.68,149.72,3380,0
2015-08-05,20:10:00,149.78,149.7846,149.76,149.762,1269,0
2015-08-05,20:15:00,149.73,149.73,149.665,149.665,600,0
2015-08-05,20:20:00,149.7125,149.715,149.71,149.71,1892,0
2015-08-05,20:30:00,149.78,149.82,149.76,149.82,874,0
2015-08-05,20:35:00,149.85,149.91,149.85,149.91,200,0
2015-08-05,20:40:00,149.89,149.9,149.8528,149.8528,1809,0
2015-08-05,20:45:00,149.8,149.8,149.72,149.78,598,0
2015-08-05,20:50:00,149.74,149.8,149.74,149.8,427,0
2015-08-05,20:55:00,149.86,149.87,149.86,149.86,691,0
2015-08-05,21:00:00,149.81,149.81,149.73,149.74,1000,0
2015-08-05,21:05:00,149.7302,149.7302,149.72,149.72,327,0
2015-08-05,21:10:00,149.83,149.85,149.83,149.85,400,0
2015-08-05,21:15:00,149.96,149.96,149.89,149.89,4634,0
2015-08-05,21:20:00,149.89,149.89,149.792,149.8,958,0
2015-08-05,21:25:00,149.7616,149.84,149.7616,149.84,804,0
2015-08-05,21:30:00,149.86,149.86,149.8,149.8,1800,0
2015-08-05,21:35:00,149.76,149.76,149.74,149.74,700,0
2015-08-05,21:40:00,149.72,149.74,149.72,149.74,300,0
2015-08-05,21:45:00,149.73,149.78,149.71,149.72,1700,0
2015-08-05,21:50:00,149.7599,149.76,149.72,149.74,2977,0
2015-08-05,21:55:00,149.7199,149.75,149.69,149.7,4291,0
2015-08-05,22:00:00,149.69,149.87,149.69,149.78,55640,0
2015-08-06,15:35:00,149.77,149.77,149.48,149.48,1937,0
2015-08-06,15:45:00,148.6,148.6,148.56,148.56,720,0
2015-08-06,15:50:00,148.67,148.67,148.67,148.67,100,0
2015-08-06,15:55:00,148.5735,148.65,148.5735,148.65,250,0
2015-08-06,16:00:00,148.4209,148.4209,148.4209,148.4209,606,0
2015-08-06,16:05:00,148.25,148.379,148.22,148.379,969,0
2015-08-06,16:10:00,148.29,148.34,148.2865,148.3262,4728,0
2015-08-06,16:15:00,148.594,148.594,148.594,148.594,311,0
2015-08-06,16:20:00,148.34,148.34,148.34,148.34,100,0
2015-08-06,16:25:00,148,148,148,148,450,0
2015-08-06,16:30:00,148,148.04,148,148.04,290,0
2015-08-06,16:35:00,147.83,147.83,147.83,147.83,400,0
2015-08-06,16:40:00,147.82,147.82,147.82,147.82,100,0
2015-08-06,16:50:00,147.81,147.81,147.81,147.81,100,0
2015-08-06,17:00:00,147.67,147.69,147.67,147.69,334,0
2015-08-06,17:05:00,147.6799,147.6799,147.6799,147.6799,380,0
2015-08-06,17:10:00,147.488,147.488,147.488,147.488,107,0
2015-08-06,17:15:00,147,147,146.9236,146.9236,400,0
2015-08-06,17:20:00,146.924,146.924,146.924,146.924,100,0
2015-08-06,17:35:00,146.7,146.7,146.5752,146.5752,750,0
2015-08-06,17:40:00,146.477,146.477,146.42,146.42,221,0
2015-08-06,17:50:00,146.54,146.54,146.54,146.54,453,0
2015-08-06,17:55:00,146.65,146.65,146.65,146.65,100,0
2015-08-06,18:05:00,146.31,146.31,146.24,146.24,350,0
2015-08-06,18:10:00,146.41,146.41,146.3001,146.36,600,0
2015-08-06,18:15:00,146.3401,146.4,146.29,146.393,900,0
2015-08-06,18:20:00,146.42,146.42,146.35,146.35,300,0
2015-08-06,18:25:00,146.2801,146.3199,146.1301,146.3199,755,0
2015-08-06,18:30:00,146.29,146.41,146.29,146.41,404,0
2015-08-06,18:35:00,146.36,146.4,146.36,146.4,300,0
2015-08-06,18:40:00,146.1701,146.1701,146.11,146.11,700,0
2015-08-06,18:45:00,146.09,146.22,146.09,146.2,850,0
2015-08-06,18:50:00,146.1101,146.19,146.1101,146.19,310,0
2015-08-06,18:55:00,146.24,146.27,146.24,146.27,2312,0
2015-08-06,19:05:00,146.2,146.2746,146.2,146.2746,720,0
2015-08-06,19:15:00,146.2605,146.2605,146.2605,146.2605,841,0
2015-08-06,19:20:00,146.35,146.35,146.35,146.35,400,0
2015-08-06,19:25:00,146.56,146.56,146.56,146.56,100,0
2015-08-06,19:30:00,146.854,146.8701,146.8492,146.8701,1024,0
2015-08-06,19:40:00,147.02,147.07,147.02,147.04,2848,0
2015-08-06,19:45:00,147.09,147.1114,147.09,147.1114,304,0
2015-08-06,19:50:00,147.0999,147.2672,147.0999,147.2665,3753,0
2015-08-06,19:55:00,147.19,147.26,147.19,147.21,900,0
2015-08-06,20:05:00,147.0103,147.0103,147.0103,147.0103,695,0
2015-08-06,20:10:00,146.93,146.93,146.93,146.93,100,0
2015-08-06,20:20:00,147.06,147.06,146.96,146.96,900,0
2015-08-06,20:25:00,146.99,147.0999,146.99,147.094,736,0
2015-08-06,20:45:00,147.3277,147.3277,147.3277,147.3277,135,0
2015-08-06,20:50:00,147.4195,147.4195,147.4,147.4,350,0
2015-08-06,20:55:00,147.47,147.47,147.44,147.44,200,0
2015-08-06,21:00:00,147.31,147.32,147.31,147.32,1900,0
2015-08-06,21:15:00,147.24,147.24,147.24,147.24,200,0
2015-08-06,21:25:00,147.26,147.26,147.23,147.23,200,0
2015-08-06,21:30:00,147.1,147.1,147.1,147.1,100,0
2015-08-06,21:35:00,147.075,147.1004,147.075,147.1,922,0
2015-08-06,21:45:00,147.38,147.38,147.36,147.36,200,0
2015-08-06,21:50:00,147.471,147.471,147.471,147.471,376,0
2015-08-06,21:55:00,147.4899,147.4899,147.457,147.457,237,0
2015-08-06,22:00:00,147.41,147.415,147.29,147.32,16752,0
2015-08-07,15:35:00,147.5,147.5,147.04,147.04,307,0
2015-08-07,15:40:00,147.11,147.11,147.11,147.11,1000,0
2015-08-07,15:50:00,147.11,147.11,147.11,147.11,327,0
2015-08-07,16:05:00,147.0513,147.1301,147.0513,147.1301,209,0
2015-08-07,16:10:00,147.22,147.22,147.22,147.22,250,0
2015-08-07,16:15:00,147.33,147.33,147.33,147.33,100,0
2015-08-07,16:35:00,146.7354,146.7354,146.7354,146.7354,139,0
2015-08-07,17:00:00,146.65,146.6689,146.65,146.6689,1611,0
2015-08-07,17:05:00,146.68,146.7443,146.68,146.7443,319,0
2015-08-07,17:10:00,146.65,146.65,146.65,146.65,100,0
2015-08-07,17:15:00,146.4931,146.4931,146.4931,146.4931,120,0
2015-08-07,17:40:00,146.004,146.04,146.004,146.04,200,0
2015-08-07,17:45:00,145.988,145.988,145.98,145.98,250,0
2015-08-07,17:55:00,146.217,146.217,146.195,146.195,252,0
2015-08-07,18:10:00,146.44,146.44,146.44,146.44,425,0
2015-08-07,18:20:00,146.396,146.396,146.396,146.396,125,0
2015-08-07,18:25:00,146.29,146.29,146.29,146.29,100,0
2015-08-07,18:40:00,146.309,146.309,146.309,146.309,100,0
2015-08-07,18:50:00,146.41,146.41,146.41,146.41,100,0
2015-08-07,19:25:00,146.015,146.015,146.015,146.015,146,0
2015-08-07,19:30:00,146.005,146.005,145.9493,145.9493,332,0
2015-08-07,19:45:00,146.129,146.143,146.125,146.143,500,0
2015-08-07,19:50:00,146.17,146.17,146.17,146.17,250,0
2015-08-07,20:10:00,146.04,146.04,146.04,146.04,100,0
2015-08-07,20:15:00,146.1901,146.1901,146.1901,146.1901,260,0
2015-08-07,20:25:00,146.17,146.17,146.08,146.08,497,0
2015-08-07,20:30:00,146.223,146.223,146.223,146.223,355,0
2015-08-07,20:35:00,146.28,146.3057,146.21,146.3057,1226,0
2015-08-07,20:40:00,146.3708,146.3708,146.3708,146.3708,153,0
2015-08-07,21:15:00,146.5943,146.5943,146.5943,146.5943,350,0
2015-08-07,21:20:00,146.5601,146.5601,146.5601,146.5601,331,0
2015-08-07,21:30:00,146.8295,146.8295,146.8295,146.8295,204,0
2015-08-07,21:40:00,146.9899,146.9899,146.9899,146.9899,134,0
2015-08-07,21:45:00,146.99,146.99,146.99,146.99,200,0
2015-08-07,21:50:00,146.82,146.82,146.8,146.8,400,0
2015-08-07,21:55:00,146.78,146.86,146.78,146.86,700,0
2015-08-07,22:00:00,146.84,146.88,146.79,146.86,15717,0
