Date,Time,Open,High,Low,Close,Volume,OpenInt
2014-07-14,15:45:00,29.975,29.975,29.975,29.975,171,0
2014-07-14,16:20:00,30.015,30.015,30.015,30.015,226,0
2014-07-14,16:25:00,30.005,30.005,30.005,30.005,453,0
2014-07-14,17:20:00,30.054,30.054,30.054,30.054,101,0
2014-07-14,18:05:00,30.044,30.044,30.044,30.044,131,0
2014-07-14,22:00:00,30.044,30.044,30.044,30.044,131,0
2014-07-15,16:05:00,30.064,30.064,30.064,30.064,101,0
2014-07-15,22:00:00,29.975,29.975,29.975,29.975,201,0
2014-07-16,15:50:00,30.104,30.104,30.104,30.104,101,0
2014-07-16,18:20:00,30.064,30.064,30.064,30.064,800,0
2014-07-16,19:00:00,30.084,30.084,30.084,30.084,302,0
2014-07-16,19:05:00,29.995,29.995,29.995,29.995,123,0
2014-07-16,19:10:00,30.044,30.044,30.044,30.044,201,0
2014-07-16,22:00:00,30.044,30.044,30.044,30.044,201,0
2014-07-17,16:00:00,30.223,30.223,29.736,30.223,1257,0
2014-07-17,18:35:00,29.885,29.885,29.885,29.885,101,0
2014-07-17,22:00:00,29.885,29.885,29.885,29.885,101,0
2014-07-18,20:05:00,29.965,29.965,29.965,29.965,201,0
2014-07-18,21:10:00,30.025,30.025,29.995,30.005,302,0
2014-07-18,21:15:00,29.995,30.025,29.995,30.005,4526,0
2014-07-18,21:20:00,30.015,30.035,30.015,30.025,905,0
2014-07-18,21:25:00,30.005,30.025,30.005,30.005,1811,0
2014-07-18,21:30:00,30.025,30.025,30.015,30.015,805,0
2014-07-18,21:40:00,29.995,29.995,29.995,29.995,302,0
2014-07-18,21:50:00,29.975,29.975,29.975,29.975,101,0
2014-07-18,22:00:00,30.005,30.025,30.005,30.025,201,0
2014-07-21,15:40:00,29.885,29.885,29.856,29.856,503,0
2014-07-21,15:45:00,29.856,29.866,29.856,29.856,402,0
2014-07-21,16:20:00,29.895,29.935,29.866,29.935,2917,0
2014-07-21,16:25:00,29.856,29.895,29.856,29.895,1006,0
2014-07-21,16:35:00,29.885,29.885,29.875,29.875,402,0
2014-07-21,16:40:00,29.856,29.915,29.856,29.915,402,0
2014-07-21,16:50:00,29.826,29.915,29.826,29.885,10763,0
2014-07-21,16:55:00,29.885,29.895,29.866,29.895,3520,0
2014-07-21,17:00:00,29.875,30.064,29.875,30.064,3219,0
2014-07-21,17:05:00,29.905,30.124,29.866,30.104,5029,0
2014-07-21,17:10:00,29.885,29.905,29.875,29.905,1811,0
2014-07-21,17:15:00,29.915,29.965,29.915,29.965,2213,0
2014-07-21,17:20:00,29.875,29.885,29.875,29.885,302,0
2014-07-21,17:45:00,29.905,29.905,29.905,29.905,325,0
2014-07-21,18:10:00,29.875,29.885,29.875,29.885,302,0
2014-07-21,19:40:00,29.915,29.915,29.915,29.915,101,0
2014-07-21,19:45:00,29.915,29.985,29.915,29.985,201,0
2014-07-21,19:50:00,29.945,29.975,29.945,29.955,1710,0
2014-07-21,19:55:00,29.935,29.945,29.925,29.925,704,0
2014-07-21,21:50:00,29.965,29.965,29.965,29.965,523,0
2014-07-21,22:00:00,29.965,29.965,29.965,29.965,523,0
2014-07-22,18:10:00,30.164,30.164,30.164,30.164,101,0
2014-07-22,18:30:00,30.104,30.104,30.104,30.104,166,0
2014-07-22,19:15:00,30.154,30.154,30.154,30.154,246,0
2014-07-22,19:40:00,30.144,30.144,30.144,30.144,1006,0
2014-07-22,22:00:00,30.144,30.144,30.144,30.144,201,0
2014-07-23,15:35:00,30.124,30.124,30.124,30.124,101,0
2014-07-23,15:40:00,30.094,30.094,30.094,30.094,503,0
2014-07-23,20:35:00,30.174,30.174,30.134,30.134,830,0
2014-07-24,17:15:00,30.204,30.204,30.174,30.194,402,0
2014-07-24,17:40:00,30.233,30.233,30.233,30.233,101,0
2014-07-24,18:35:00,30.194,30.194,30.194,30.194,101,0
2014-07-24,20:50:00,30.154,30.154,30.144,30.144,1207,0
2014-07-24,22:00:00,30.144,30.144,30.144,30.144,201,0
2014-07-25,18:15:00,30.054,30.054,30.054,30.054,1811,0
2014-07-25,18:50:00,30.054,30.054,30.054,30.054,134,0
2014-07-25,19:00:00,30.064,30.064,30.064,30.064,251,0
2014-07-25,19:50:00,30.044,30.044,30.025,30.025,1106,0
2014-07-25,22:00:00,30.044,30.044,30.044,30.044,101,0
2014-07-28,16:05:00,29.995,29.995,29.995,29.995,302,0
2014-07-28,18:15:00,29.985,29.985,29.985,29.985,402,0
2014-07-28,18:30:00,29.985,29.985,29.985,29.985,604,0
2014-07-28,19:20:00,30.015,30.015,30.015,30.015,1006,0
2014-07-28,19:25:00,30.074,30.074,30.074,30.074,101,0
2014-07-28,19:30:00,30.035,30.035,30.035,30.035,1006,0
2014-07-28,19:35:00,30.035,30.054,30.035,30.044,5168,0
2014-07-28,21:10:00,30.124,30.124,30.124,30.124,302,0
2014-07-28,22:00:00,30.094,30.094,30.094,30.094,201,0
2014-07-29,17:00:00,30.134,30.134,30.134,30.134,302,0
2014-07-29,17:40:00,30.025,30.025,30.025,30.025,199,0
2014-07-29,19:25:00,30.084,30.084,30.084,30.084,2313,0
2014-07-30,22:00:00,29.915,29.925,29.905,29.925,1207,0
2014-07-31,22:00:00,29.438,29.438,29.438,29.438,101,0
2014-08-04,17:35:00,29.339,29.359,29.339,29.359,805,0
2014-08-04,18:05:00,29.339,29.359,29.339,29.359,201,0
2014-08-04,19:40:00,29.478,29.478,29.478,29.478,101,0
2014-08-04,20:00:00,29.488,29.488,29.448,29.448,503,0
2014-08-04,22:00:00,29.577,29.577,29.577,29.577,101,0
2014-08-05,17:55:00,29.408,29.408,29.408,29.408,4678,0
2014-08-07,20:35:00,29.209,29.209,29.209,29.209,684,0
2014-08-08,18:40:00,29.229,29.229,29.229,29.229,540,0
2014-08-08,20:15:00,29.259,29.259,29.259,29.259,170,0
2014-08-08,21:55:00,29.239,29.239,29.239,29.239,101,0
2014-08-08,22:00:00,29.259,29.259,29.259,29.259,101,0
2014-08-11,17:10:00,29.339,29.339,29.339,29.339,101,0
2014-08-11,19:45:00,29.339,29.339,29.339,29.339,135,0
2014-08-11,21:45:00,29.329,29.329,29.329,29.329,354,0
2014-08-11,22:00:00,29.349,29.349,29.349,29.349,101,0
2014-08-12,17:05:00,29.339,29.339,29.339,29.339,203,0
2014-08-12,18:55:00,29.339,29.349,29.339,29.349,3167,0
2014-08-12,19:30:00,29.319,29.319,29.319,29.319,101,0
2014-08-12,20:50:00,29.299,29.299,29.299,29.299,101,0
2014-08-12,21:45:00,29.349,29.349,29.349,29.349,101,0
2014-08-13,16:05:00,29.368,29.368,29.368,29.368,101,0
2014-08-13,18:25:00,29.438,29.438,29.438,29.438,763,0
2014-08-14,16:05:00,29.448,29.448,29.448,29.448,101,0
2014-08-14,19:30:00,29.428,29.428,29.428,29.428,347,0
2014-08-14,20:50:00,29.438,29.438,29.438,29.438,361,0
2014-08-14,21:15:00,29.438,29.438,29.438,29.438,151,0
2014-08-15,19:20:00,29.468,29.468,29.468,29.468,101,0
2014-08-15,20:10:00,29.428,29.428,29.428,29.428,462,0
2014-08-15,20:30:00,29.428,29.428,29.428,29.428,309,0
2014-08-18,17:20:00,29.528,29.528,29.528,29.528,101,0
2014-08-18,19:05:00,29.508,29.508,29.508,29.508,221,0
2014-08-18,20:50:00,29.488,29.488,29.488,29.488,101,0
2014-08-18,22:00:00,29.508,29.508,29.508,29.508,101,0
2014-08-19,15:55:00,29.528,29.567,29.528,29.567,1609,0
2014-08-19,20:25:00,29.587,29.587,29.587,29.587,281,0
2014-08-19,21:35:00,29.567,29.567,29.567,29.567,101,0
2014-08-19,22:00:00,29.587,29.587,29.587,29.587,101,0
2014-08-20,16:05:00,29.528,29.528,29.528,29.528,101,0
2014-08-20,21:35:00,29.607,29.607,29.528,29.528,201,0
2014-08-20,21:40:00,29.627,29.627,29.627,29.627,256,0
2014-08-21,16:10:00,29.607,29.607,29.607,29.607,101,0
2014-08-21,19:30:00,29.637,29.637,29.637,29.637,101,0
2014-08-22,15:55:00,29.587,29.587,29.587,29.587,101,0
2014-08-25,15:55:00,29.647,29.647,29.647,29.647,624,0
2014-08-26,18:25:00,29.726,29.726,29.726,29.726,287,0
2014-08-26,21:30:00,29.697,29.697,29.697,29.697,101,0
2014-08-26,22:00:00,29.697,29.697,29.697,29.697,186,0
2014-08-27,21:10:00,29.667,29.667,29.667,29.667,201,0
2014-08-28,17:30:00,29.587,29.587,29.587,29.587,169,0
2014-08-28,21:15:00,29.637,29.637,29.637,29.637,101,0
2014-08-28,21:50:00,29.657,29.657,29.657,29.657,101,0
2014-08-29,21:30:00,29.706,29.706,29.706,29.706,101,0
2014-08-29,22:00:00,29.726,29.726,29.726,29.726,101,0
2014-09-02,19:25:00,29.706,29.706,29.706,29.706,503,0
2014-09-02,20:20:00,29.726,29.726,29.726,29.726,268,0
2014-09-02,22:00:00,29.756,29.756,29.756,29.756,101,0
2014-09-03,22:00:00,29.786,29.786,29.786,29.786,201,0
2014-09-04,18:30:00,29.796,29.796,29.786,29.786,282,0
2014-09-04,20:55:00,29.746,29.746,29.746,29.746,472,0
2014-09-04,22:00:00,29.706,29.706,29.706,29.706,101,0
2014-09-05,18:55:00,29.796,29.796,29.796,29.796,101,0
2014-09-08,16:50:00,29.776,29.776,29.776,29.776,369,0
2014-09-08,17:35:00,29.786,29.786,29.786,29.786,302,0
2014-09-08,18:55:00,29.766,29.766,29.766,29.766,151,0
2014-09-08,19:00:00,29.766,29.766,29.766,29.766,201,0
2014-09-08,20:50:00,29.716,29.716,29.716,29.716,101,0
2014-09-08,21:30:00,29.726,29.726,29.726,29.726,1308,0
2014-09-08,21:45:00,29.786,29.786,29.786,29.786,101,0
2014-09-08,22:00:00,29.786,29.786,29.786,29.786,0,0
2014-09-09,17:45:00,29.657,29.657,29.647,29.647,1509,0
2014-09-09,19:25:00,29.587,29.587,29.587,29.587,1006,0
2014-09-09,19:30:00,29.587,29.607,29.587,29.607,3319,0
2014-09-09,20:05:00,29.677,29.677,29.667,29.667,2012,0
2014-09-09,20:50:00,29.597,29.597,29.597,29.597,302,0
2014-09-09,21:20:00,29.518,29.528,29.518,29.528,2515,0
2014-09-10,16:50:00,29.478,29.478,29.478,29.478,242,0
2014-09-10,17:55:00,29.498,29.498,29.498,29.498,2012,0
2014-09-10,18:50:00,29.537,29.537,29.537,29.537,302,0
2014-09-11,17:20:00,29.498,29.498,29.498,29.498,201,0
2014-09-11,22:00:00,29.547,29.547,29.547,29.547,101,0
2014-09-12,15:40:00,29.498,29.498,29.498,29.498,503,0
2014-09-12,21:10:00,29.428,29.428,29.428,29.428,164,0
2014-09-12,21:30:00,29.428,29.428,29.428,29.428,201,0
2014-09-12,21:40:00,29.448,29.448,29.448,29.448,101,0
2014-09-12,21:55:00,29.418,29.418,29.418,29.418,402,0
2014-09-12,22:00:00,29.438,29.438,29.438,29.438,101,0
2014-09-16,18:10:00,29.458,29.458,29.448,29.448,344,0
2014-09-16,18:30:00,29.488,29.488,29.488,29.488,3384,0
2014-09-16,20:45:00,29.537,29.537,29.537,29.537,101,0
2014-09-23,17:05:00,29.289,29.289,29.289,29.289,678,0
2014-09-23,17:10:00,29.279,29.289,29.279,29.279,866,0
2014-09-23,20:50:00,29.239,29.239,29.229,29.229,302,0
2014-09-23,22:00:00,29.249,29.249,29.249,29.249,101,0
2014-09-24,18:35:00,29.309,29.309,29.309,29.309,101,0
2014-09-24,21:55:00,29.349,29.349,29.349,29.349,101,0
2014-09-25,22:00:00,29.15,29.16,29.15,29.16,201,0
2014-09-26,17:45:00,29.16,29.16,29.16,29.16,101,0
2014-09-26,20:20:00,29.199,29.199,29.199,29.199,172,0
2014-09-26,20:50:00,29.239,29.239,29.239,29.239,101,0
2014-09-30,16:20:00,29.219,29.219,29.189,29.189,1058,0
2014-09-30,17:35:00,29.239,29.239,29.239,29.239,101,0
2014-09-30,17:40:00,29.209,29.209,29.209,29.209,553,0
2014-10-01,16:25:00,29.12,29.12,29.12,29.12,251,0
2014-10-01,17:30:00,29.15,29.15,29.15,29.15,1104,0
2014-10-01,21:55:00,29.12,29.12,29.12,29.12,312,0
2014-10-02,16:35:00,29.04,29.04,29.03,29.03,1037,0
2014-10-02,16:50:00,29.189,29.189,29.18,29.18,201,0
2014-10-02,17:05:00,29.04,29.04,29.04,29.04,201,0
2014-10-02,19:05:00,29.11,29.11,29.11,29.11,201,0
2014-10-03,20:30:00,29.1,29.12,29.1,29.12,1509,0
2014-10-03,21:20:00,29.11,29.11,29.11,29.11,101,0
2014-10-03,21:40:00,29.13,29.13,29.13,29.13,101,0
2014-10-06,17:25:00,29.12,29.12,29.12,29.12,137,0
2014-10-06,21:35:00,29.11,29.11,29.11,29.11,231,0
2014-10-06,21:40:00,29.11,29.11,29.1,29.1,1509,0
2014-10-08,16:40:00,29.06,29.209,29.05,29.05,1408,0
2014-10-08,20:10:00,29.15,29.15,29.15,29.15,101,0
2014-10-09,18:10:00,29.15,29.15,29.15,29.15,402,0
2014-10-09,21:55:00,29.15,29.15,29.15,29.15,201,0
2014-10-13,17:25:00,29.16,29.16,29.16,29.16,674,0
2014-10-13,17:45:00,29.16,29.16,29.16,29.16,905,0
2014-10-14,17:40:00,29.12,29.12,29.12,29.12,101,0
2014-10-14,19:50:00,29.16,29.16,29.16,29.16,1539,0
2014-10-14,20:45:00,29.16,29.16,29.16,29.16,3415,0
2014-10-16,21:05:00,29.15,29.15,29.15,29.15,178,0
2014-10-20,17:10:00,29.16,29.16,29.16,29.16,201,0
2014-10-20,19:15:00,29.15,29.15,29.15,29.15,246,0
2014-10-23,16:20:00,29.1,29.1,29.1,29.1,101,0
2014-10-23,17:40:00,29.15,29.15,29.15,29.15,402,0
2014-10-24,16:30:00,29.1,29.1,29.1,29.1,101,0
2014-10-24,19:20:00,29.15,29.15,29.15,29.15,214,0
2014-10-27,15:20:00,29.1,29.1,29.1,29.1,302,0
2014-10-27,20:55:00,29.15,29.15,29.15,29.15,101,0
2014-10-28,15:10:00,29.1,29.1,29.1,29.1,201,0
2014-10-29,16:50:00,29.13,29.13,29.13,29.13,357,0
2014-10-30,14:45:00,29.13,29.13,29.13,29.13,402,0
2014-10-30,14:50:00,29.13,29.13,29.13,29.13,1207,0
2014-10-30,18:20:00,29.239,29.239,29.239,29.239,101,0
2014-10-30,20:05:00,29.249,29.249,29.249,29.249,196,0
2014-10-31,16:00:00,29.428,29.428,29.428,29.428,101,0
2014-10-31,16:40:00,29.448,29.448,29.418,29.418,302,0
2014-10-31,18:55:00,29.359,29.359,29.359,29.359,298,0
2014-11-04,18:35:00,29.359,29.378,29.359,29.378,580,0
2014-11-04,18:50:00,29.359,29.359,29.359,29.359,101,0
2014-11-05,16:10:00,29.448,29.448,29.448,29.448,101,0
2014-11-05,16:30:00,29.478,29.478,29.478,29.478,101,0
2014-11-06,15:40:00,29.657,29.657,29.657,29.657,168,0
2014-11-06,16:05:00,29.418,29.418,29.418,29.418,853,0
2014-11-06,16:10:00,29.388,29.388,29.388,29.388,201,0
2014-11-06,18:05:00,29.508,29.508,29.508,29.508,101,0
2014-11-06,19:00:00,29.537,29.537,29.537,29.537,201,0
2014-11-06,20:10:00,29.478,29.478,29.468,29.468,662,0
2014-11-06,22:00:00,29.547,29.547,29.547,29.547,101,0
2014-11-07,16:25:00,29.428,29.428,29.428,29.428,101,0
2014-11-07,20:45:00,29.498,29.498,29.498,29.498,382,0
2014-11-07,22:00:00,29.537,29.537,29.528,29.528,382,0
2014-11-10,15:50:00,29.528,29.587,29.528,29.587,1710,0
2014-11-10,20:30:00,29.637,29.637,29.637,29.637,2615,0
2014-11-10,21:05:00,29.657,29.657,29.657,29.657,2100,0
2014-11-10,21:55:00,29.677,29.677,29.677,29.677,101,0
2014-11-11,15:50:00,29.607,29.607,29.607,29.607,201,0
2014-11-11,17:25:00,29.726,29.726,29.726,29.726,101,0
2014-11-11,17:35:00,29.667,29.667,29.667,29.667,201,0
2014-11-11,22:00:00,29.687,29.687,29.687,29.687,101,0
2014-11-12,15:35:00,29.806,29.806,29.806,29.806,322,0
2014-11-12,15:40:00,29.607,29.607,29.607,29.607,604,0
2014-11-12,20:10:00,29.706,29.706,29.706,29.706,101,0
2014-11-12,21:20:00,29.667,29.697,29.667,29.667,5802,0
2014-11-12,21:30:00,29.716,29.716,29.667,29.667,4946,0
2014-11-12,21:40:00,29.687,29.687,29.687,29.687,119,0
2014-11-13,17:05:00,29.776,29.776,29.776,29.776,835,0
2014-11-13,19:30:00,29.537,29.537,29.537,29.537,251,0
2014-11-13,20:10:00,29.607,29.607,29.607,29.607,101,0
2014-11-13,22:00:00,29.617,29.617,29.617,29.617,101,0
2014-11-14,18:45:00,29.607,29.607,29.607,29.607,844,0
2014-11-14,19:50:00,29.577,29.577,29.577,29.577,234,0
2014-11-14,21:15:00,29.567,29.567,29.567,29.567,654,0
2014-11-17,16:40:00,29.498,29.498,29.498,29.498,201,0
2014-11-17,21:55:00,29.537,29.537,29.537,29.537,101,0
2014-11-18,16:10:00,29.677,29.677,29.677,29.677,101,0
2014-11-18,16:30:00,29.597,29.597,29.597,29.597,101,0
2014-11-18,17:35:00,29.607,29.607,29.607,29.607,289,0
2014-11-18,18:35:00,29.687,29.687,29.687,29.687,201,0
2014-11-18,20:20:00,29.726,29.726,29.726,29.726,101,0
2014-11-18,20:30:00,29.716,29.716,29.716,29.716,101,0
2014-11-18,20:40:00,29.716,29.716,29.716,29.716,101,0
2014-11-18,20:45:00,29.726,29.726,29.726,29.726,101,0
2014-11-18,20:50:00,29.716,29.716,29.716,29.716,101,0
2014-11-18,21:00:00,29.706,29.706,29.706,29.706,147,0
2014-11-19,16:50:00,29.438,29.438,29.438,29.438,101,0
2014-11-19,20:35:00,29.567,29.567,29.567,29.567,270,0
2014-11-20,16:35:00,29.518,29.518,29.518,29.518,101,0
2014-11-20,17:15:00,29.647,29.647,29.647,29.647,101,0
2014-11-20,20:50:00,29.637,29.637,29.637,29.637,201,0
2014-11-20,21:00:00,29.637,29.637,29.637,29.637,533,0
2014-11-20,22:00:00,29.657,29.657,29.657,29.657,101,0
2014-11-21,16:25:00,29.836,29.836,29.836,29.836,402,0
2014-11-21,20:45:00,29.657,29.657,29.657,29.657,604,0
2014-11-21,21:20:00,29.726,29.726,29.726,29.726,604,0
2014-11-21,21:55:00,29.766,29.766,29.766,29.766,101,0
2014-11-24,16:35:00,29.846,29.846,29.846,29.846,101,0
2014-11-24,18:10:00,29.875,29.875,29.875,29.875,200,0
2014-11-24,18:35:00,29.836,29.836,29.836,29.836,1715,0
2014-11-24,19:25:00,29.826,29.826,29.826,29.826,1207,0
2014-11-24,19:30:00,29.875,29.875,29.875,29.875,201,0
2014-11-24,19:55:00,29.856,29.856,29.856,29.856,794,0
2014-11-24,20:35:00,29.905,29.905,29.905,29.905,835,0
2014-11-24,21:20:00,29.836,29.836,29.836,29.836,1373,0
2014-11-24,22:00:00,29.935,29.935,29.935,29.935,201,0
2014-11-25,16:30:00,29.895,29.895,29.895,29.895,302,0
2014-11-25,21:30:00,29.915,29.965,29.915,29.965,3723,0
2014-11-25,21:35:00,29.965,29.965,29.965,29.965,3118,0
2014-11-26,17:25:00,29.935,29.935,29.885,29.885,1564,0
2014-11-26,17:50:00,29.915,29.915,29.915,29.915,161,0
2014-11-26,18:55:00,29.985,29.985,29.985,29.985,101,0
2014-11-26,20:30:00,29.955,29.955,29.955,29.955,133,0
2014-11-26,22:00:00,30.025,30.025,30.025,30.025,101,0
2014-11-28,16:40:00,30.104,30.104,30.104,30.104,101,0
2014-11-28,19:00:00,29.895,29.895,29.895,29.895,201,0
2014-12-01,16:20:00,29.756,29.756,29.756,29.756,201,0
2014-12-01,18:40:00,29.667,29.667,29.667,29.667,402,0
2014-12-02,16:25:00,29.806,29.806,29.806,29.806,101,0
2014-12-02,17:20:00,29.866,29.866,29.866,29.866,302,0
2014-12-02,19:55:00,29.836,29.836,29.836,29.836,276,0
2014-12-02,20:05:00,29.846,29.846,29.846,29.846,805,0
2014-12-03,15:50:00,29.935,29.935,29.935,29.935,101,0
2014-12-03,16:10:00,29.816,29.816,29.816,29.816,101,0
2014-12-03,18:00:00,29.925,29.935,29.925,29.935,1670,0
2014-12-03,21:55:00,30.025,30.025,30.025,30.025,101,0
2014-12-04,18:30:00,29.915,29.915,29.915,29.915,142,0
2014-12-04,22:00:00,29.945,29.945,29.945,29.945,101,0
2014-12-05,16:35:00,29.975,29.975,29.975,29.975,190,0
2014-12-05,16:40:00,29.975,30.025,29.975,30.025,1627,0
2014-12-05,17:00:00,29.955,29.955,29.955,29.955,101,0
2014-12-05,21:50:00,29.985,29.985,29.985,29.985,101,0
2014-12-08,15:50:00,30.064,30.064,30.064,30.064,101,0
2014-12-08,16:35:00,30.084,30.084,30.084,30.084,101,0
2014-12-08,16:55:00,30.144,30.144,30.144,30.144,101,0
2014-12-08,22:00:00,29.866,29.866,29.866,29.866,101,0
2014-12-09,21:15:00,29.975,29.975,29.975,29.975,101,0
2014-12-09,22:00:00,30.025,30.025,30.025,30.025,101,0
2014-12-10,22:00:00,29.547,29.547,29.547,29.547,101,0
2014-12-11,15:35:00,29.518,29.657,29.518,29.657,613,0
2014-12-11,15:40:00,29.697,29.697,29.697,29.697,156,0
2014-12-11,16:35:00,29.806,29.806,29.806,29.806,255,0
2014-12-12,22:00:00,29.309,29.309,29.309,29.309,101,0
2014-12-15,15:40:00,29.388,29.388,29.388,29.388,101,0
2014-12-15,16:30:00,29.02,29.02,29.02,29.02,101,0
2014-12-15,17:05:00,29.17,29.17,29.17,29.17,905,0
2014-12-16,16:40:00,29.011,29.011,29.011,29.011,101,0
2014-12-16,18:05:00,29.249,29.249,29.249,29.249,304,0
2014-12-17,22:00:00,29.498,29.498,29.498,29.498,101,0
2014-12-18,16:30:00,29.826,29.826,29.826,29.826,101,0
2014-12-18,22:00:00,30.035,30.035,30.035,30.035,101,0
2014-12-22,21:10:00,30.233,30.233,30.233,30.233,101,0
2014-12-22,22:00:00,30.253,30.253,30.253,30.253,101,0
2014-12-24,18:15:00,30.422,30.422,30.422,30.422,101,0
2014-12-26,18:05:00,30.631,30.631,30.631,30.631,101,0
2014-12-29,21:55:00,30.59,30.59,30.59,30.59,471,0
2014-12-29,22:00:00,30.61,30.61,30.61,30.61,251,0
2014-12-30,20:15:00,30.45,30.45,30.45,30.45,304,0
2014-12-30,22:00:00,30.47,30.47,30.47,30.47,100,0
2014-12-31,17:10:00,30.56,30.56,30.56,30.56,100,0
2014-12-31,19:00:00,30.45,30.45,30.45,30.45,200,0
2015-01-02,16:35:00,30.14,30.14,30.14,30.14,694,0
2015-01-05,16:15:00,29.8,29.8,29.8,29.8,400,0
2015-01-06,16:05:00,29.61,29.61,29.61,29.61,1275,0
2015-01-06,16:20:00,29.6,29.6,29.6,29.6,300,0
2015-01-06,19:35:00,29.23,29.23,29.23,29.23,245,0
2015-01-07,15:40:00,29.5,29.5,29.5,29.5,100,0
2015-01-07,16:10:00,29.5,29.5,29.5,29.5,1000,0
2015-01-07,16:15:00,29.55,29.55,29.55,29.55,100,0
2015-01-07,17:00:00,29.5,29.5,29.5,29.5,200,0
2015-01-07,18:50:00,29.61,29.61,29.61,29.61,100,0
2015-01-07,21:50:00,29.62,29.62,29.62,29.62,200,0
2015-01-07,21:55:00,29.63,29.63,29.63,29.63,335,0
2015-01-08,15:35:00,29.6,29.6,29.6,29.6,200,0
2015-01-08,17:20:00,30.09,30.09,30.09,30.09,3544,0
2015-01-08,17:25:00,30.09,30.09,30.09,30.09,900,0
2015-01-08,19:05:00,30.03,30.03,30.03,30.03,100,0
2015-01-08,21:25:00,30.12,30.12,30.12,30.12,100,0
2015-01-09,16:45:00,29.85,29.85,29.85,29.85,100,0
2015-01-09,18:35:00,29.92,29.92,29.92,29.92,2434,0
2015-01-12,20:45:00,29.66,29.66,29.66,29.66,145,0
2015-01-12,21:00:00,29.67,29.68,29.67,29.68,6860,0
2015-01-12,22:00:00,29.74,29.74,29.74,29.74,100,0
2015-01-13,16:10:00,30.18,30.18,30.18,30.18,2310,0
2015-01-13,19:25:00,29.78,29.78,29.78,29.78,100,0
2015-01-13,21:45:00,29.7,29.7,29.7,29.7,622,0
2015-01-14,17:45:00,29.55,29.55,29.55,29.55,200,0
2015-01-14,20:00:00,29.34,29.34,29.34,29.34,187,0
2015-01-14,20:05:00,29.37,29.37,29.37,29.37,160,0
2015-01-14,21:50:00,29.68,29.68,29.68,29.68,100,0
2015-01-14,21:55:00,29.64,29.64,29.64,29.64,160,0
2015-01-15,16:10:00,29.43,29.48,29.43,29.48,300,0
2015-01-15,17:30:00,29.54,29.54,29.49,29.49,200,0
2015-01-15,20:20:00,29.44,29.44,29.44,29.44,300,0
2015-01-15,20:25:00,29.43,29.43,29.43,29.43,2183,0
2015-01-16,16:15:00,29.32,29.32,29.32,29.32,200,0
2015-01-16,17:25:00,29.54,29.54,29.54,29.54,300,0
2015-01-16,22:00:00,29.79,29.79,29.79,29.79,200,0
2015-01-20,17:10:00,29.52,29.52,29.52,29.52,200,0
2015-01-20,17:30:00,29.54,29.54,29.54,29.54,100,0
2015-01-20,21:55:00,29.7,29.7,29.7,29.7,100,0
2015-01-21,18:20:00,29.79,29.79,29.79,29.79,1910,0
2015-01-21,21:25:00,29.76,29.76,29.76,29.76,256,0
2015-01-21,21:30:00,29.77,29.77,29.76,29.76,1476,0
2015-01-21,21:35:00,29.76,29.76,29.76,29.76,672,0
2015-01-22,16:35:00,29.93,29.97,29.93,29.97,233,0
2015-01-22,17:30:00,30.0,30.0,30.0,30.0,112,0
2015-01-22,21:50:00,30.25,30.25,30.25,30.25,100,0
2015-01-23,16:15:00,30.18,30.18,30.18,30.18,100,0
2015-01-23,16:20:00,30.18,30.18,30.18,30.18,900,0
2015-01-23,19:20:00,30.24,30.24,30.23,30.23,2100,0
2015-01-23,21:00:00,30.14,30.14,30.14,30.14,1594,0
2015-01-26,18:00:00,30.26,30.26,30.26,30.26,100,0
2015-01-26,18:25:00,30.21,30.21,30.21,30.21,916,0
2015-01-27,21:10:00,30.19,30.19,30.19,30.19,116,0
2015-01-28,16:00:00,30.26,30.26,30.26,30.26,100,0
2015-01-30,15:40:00,29.89,29.89,29.87,29.87,300,0
2015-01-30,15:55:00,29.88,29.88,29.88,29.88,200,0
2015-01-30,19:55:00,29.85,29.85,29.85,29.85,200,0
2015-01-30,20:30:00,29.94,29.94,29.94,29.94,100,0
2015-02-03,22:00:00,30.33,30.33,30.33,30.33,100,0
2015-02-04,16:30:00,30.25,30.25,30.25,30.25,148,0
2015-02-04,16:35:00,30.26,30.26,30.26,30.26,2900,0
2015-02-04,16:40:00,30.24,30.24,30.24,30.24,700,0
2015-02-05,18:05:00,30.45,30.45,30.45,30.45,100,0
2015-02-05,20:40:00,30.46,30.46,30.46,30.46,197,0
2015-02-05,22:00:00,30.52,30.52,30.52,30.52,100,0
2015-02-06,22:00:00,30.3,30.3,30.3,30.3,381,0
2015-02-09,17:15:00,30.25,30.25,30.25,30.25,329,0
2015-02-09,17:30:00,30.23,30.23,30.22,30.22,297,0
2015-02-10,21:55:00,30.31,30.36,30.31,30.36,1300,0
2015-02-11,15:40:00,30.25,30.25,30.25,30.25,100,0
2015-02-11,16:55:00,30.21,30.21,30.21,30.21,400,0
2015-02-11,18:20:00,30.24,30.24,30.24,30.24,230,0
2015-02-11,18:25:00,30.29,30.29,30.29,30.29,1456,0
2015-02-11,18:45:00,30.28,30.28,30.28,30.28,200,0
2015-02-12,19:45:00,30.61,30.61,30.61,30.61,200,0
2015-02-12,20:45:00,30.61,30.61,30.61,30.61,600,0
2015-02-12,22:00:00,30.65,30.65,30.6,30.6,200,0
2015-02-13,19:25:00,30.72,30.72,30.72,30.72,100,0
2015-02-13,22:00:00,30.8,30.8,30.8,30.8,100,0
2015-02-18,16:05:00,30.73,30.73,30.73,30.73,200,0
2015-02-18,16:20:00,30.72,30.72,30.72,30.72,200,0
2015-02-18,16:30:00,30.7,30.7,30.7,30.7,100,0
2015-02-18,16:35:00,30.73,30.73,30.73,30.73,100,0
2015-02-18,16:40:00,30.74,30.74,30.74,30.74,300,0
2015-02-18,18:40:00,30.74,30.74,30.74,30.74,200,0
2015-02-18,20:30:00,30.86,30.86,30.86,30.86,100,0
2015-02-18,22:00:00,30.92,30.92,30.92,30.92,100,0
2015-02-20,21:50:00,31.06,31.06,31.06,31.06,100,0
2015-02-23,19:30:00,30.9,30.9,30.9,30.9,1090,0
2015-02-23,19:55:00,30.98,30.98,30.98,30.98,100,0
2015-02-24,17:15:00,31.13,31.13,31.13,31.13,100,0
2015-02-25,15:50:00,31.09,31.09,31.09,31.09,320,0
2015-02-25,16:55:00,31.15,31.15,31.15,31.15,500,0
2015-02-25,20:25:00,31.16,31.16,31.16,31.16,304,0
2015-02-27,22:00:00,31.03,31.03,31.03,31.03,100,0
2015-03-02,20:20:00,31.07,31.1,31.07,31.1,600,0
2015-03-02,21:55:00,31.12,31.12,31.12,31.12,1200,0
2015-03-02,22:00:00,31.18,31.18,31.18,31.18,100,0
2015-03-03,21:15:00,31.02,31.02,31.02,31.02,100,0
2015-03-03,21:20:00,31.0099,31.01,31.009,31.009,1616,0
2015-03-03,21:25:00,31.01,31.01,31.01,31.01,314,0
2015-03-03,22:00:00,31.03,31.03,31.03,31.03,100,0
2015-03-04,15:35:00,30.84,30.84,30.84,30.84,160,0
2015-03-04,20:20:00,30.8,30.8,30.8,30.8,160,0
2015-03-04,21:45:00,30.866,30.866,30.866,30.866,130,0
2015-03-05,15:45:00,30.8699,30.8699,30.869,30.869,200,0
2015-03-05,18:45:00,30.88,30.88,30.88,30.88,100,0
2015-03-05,18:50:00,30.88,30.88,30.88,30.88,100,0
2015-03-05,19:05:00,30.84,30.84,30.84,30.84,100,0
2015-03-05,22:00:00,30.94,30.94,30.94,30.94,100,0
2015-03-06,18:50:00,30.5899,30.59,30.589,30.59,1911,0
2015-03-06,18:55:00,30.5645,30.5645,30.5645,30.5645,422,0
2015-03-06,20:55:00,30.54,30.54,30.54,30.54,1000,0
2015-03-09,14:40:00,30.537,30.537,30.537,30.537,100,0
2015-03-09,19:15:00,30.65,30.65,30.65,30.65,100,0
2015-03-09,19:25:00,30.65,30.65,30.65,30.65,100,0
2015-03-09,19:30:00,30.64,30.64,30.64,30.64,100,0
2015-03-09,19:40:00,30.63,30.63,30.63,30.63,200,0
2015-03-10,15:40:00,30.202,30.202,30.202,30.202,232,0
2015-03-10,15:50:00,30.1981,30.1981,30.1981,30.1981,167,0
2015-03-10,16:20:00,30.309,30.31,30.309,30.31,1000,0
2015-03-10,21:00:00,30.16,30.16,30.16,30.16,100,0
2015-03-11,18:35:00,30.24,30.24,30.24,30.24,165,0
2015-03-11,19:40:00,30.2999,30.2999,30.2999,30.2999,563,0
2015-03-11,20:10:00,30.32,30.32,30.32,30.32,200,0
2015-03-12,17:10:00,30.589,30.589,30.589,30.589,100,0
2015-03-12,17:45:00,30.5101,30.5101,30.5101,30.5101,213,0
2015-03-12,20:15:00,30.5901,30.5901,30.5901,30.5901,300,0
2015-03-12,21:00:00,30.69,30.69,30.69,30.69,100,0
2015-03-13,19:35:00,30.4262,30.4262,30.4262,30.4262,175,0
2015-03-16,15:05:00,30.7599,30.7599,30.7599,30.7599,100,0
2015-03-16,16:30:00,30.786,30.786,30.786,30.786,195,0
2015-03-16,20:00:00,30.74,30.74,30.74,30.74,400,0
2015-03-16,21:00:00,30.789,30.789,30.789,30.789,100,0
2015-03-17,17:40:00,30.68,30.689,30.68,30.689,814,0
2015-03-17,21:00:00,30.78,30.78,30.78,30.78,100,0
2015-03-18,18:20:00,30.79,30.79,30.7617,30.7617,349,0
2015-03-18,18:50:00,30.749,30.749,30.748,30.748,900,0
2015-03-18,18:55:00,30.72,30.72,30.72,30.72,345,0
2015-03-18,21:00:00,31.1699,31.1699,31.1699,31.1699,100,0
2015-03-19,14:45:00,31.06,31.06,31.06,31.06,100,0
2015-03-19,18:05:00,31.0124,31.0124,31.0124,31.0124,157,0
2015-03-19,21:00:00,31.089,31.089,31.089,31.089,100,0
2015-03-20,17:10:00,31.48,31.48,31.48,31.48,100,0
2015-03-20,19:15:00,31.4601,31.519,31.4601,31.519,1200,0
2015-03-23,18:50:00,31.5999,31.5999,31.5999,31.5999,100,0
2015-03-24,14:40:00,31.487,31.487,31.487,31.487,191,0
2015-03-24,16:10:00,31.5739,31.5739,31.5739,31.5739,123,0
2015-03-24,16:45:00,31.579,31.58,31.562,31.58,933,0
2015-03-24,17:40:00,31.55,31.55,31.55,31.55,400,0
2015-03-24,18:45:00,31.52,31.52,31.52,31.52,214,0
2015-03-24,19:05:00,31.5399,31.5399,31.5399,31.5399,126,0
2015-03-24,19:25:00,31.4461,31.4461,31.4461,31.4461,200,0
2015-03-25,15:05:00,31.466,31.466,31.466,31.466,159,0
2015-03-25,16:35:00,31.31,31.31,31.31,31.31,200,0
2015-03-25,19:15:00,31.23,31.23,31.23,31.23,285,0
2015-03-25,19:20:00,31.2199,31.23,31.2199,31.23,719,0
2015-03-25,19:50:00,31.21,31.21,31.21,31.21,224,0
2015-03-25,20:05:00,31.17,31.17,31.17,31.17,200,0
2015-03-25,20:35:00,31.11,31.11,31.11,31.11,100,0
2015-03-25,21:00:00,31.08,31.08,31.08,31.08,267,0
2015-03-26,15:00:00,30.9,30.9,30.9,30.9,700,0
2015-03-26,18:55:00,31,31,31,31,500,0
2015-03-26,19:00:00,31.01,31.01,31.01,31.01,300,0
2015-03-26,19:05:00,31.01,31.01,31.01,31.01,200,0
2015-03-26,19:20:00,30.98,30.9827,30.98,30.98,500,0
2015-03-26,19:25:00,30.989,31,30.989,31,800,0
2015-03-26,19:30:00,30.9799,30.9799,30.9799,30.9799,500,0
2015-03-27,16:25:00,30.9513,30.9513,30.9513,30.9513,165,0
2015-03-27,19:30:00,30.9513,30.998,30.9513,30.998,125,0
2015-03-27,19:40:00,30.98,30.98,30.98,30.98,300,0
2015-03-27,20:15:00,31,31,31,31,201,0
2015-03-27,20:20:00,31,31,31,31,1949,0
2015-03-30,18:05:00,31.2599,31.2599,31.2599,31.2599,100,0
2015-03-30,18:35:00,31.278,31.278,31.278,31.278,145,0
2015-03-30,19:45:00,31.33,31.33,31.33,31.33,100,0
2015-03-31,16:15:00,31.13,31.13,31.13,31.13,100,0
2015-03-31,16:45:00,31.58,31.58,31.58,31.58,100,0
2015-03-31,17:25:00,31.59,31.59,31.59,31.59,100,0
2015-03-31,18:05:00,31.1,31.1,31.1,31.1,200,0
2015-03-31,19:30:00,31.22,31.22,31.22,31.22,281,0
2015-04-01,15:35:00,31.14,31.14,31.13,31.13,200,0
2015-04-01,15:40:00,31.08,31.08,31.08,31.08,100,0
2015-04-01,16:05:00,30.99,30.99,30.99,30.99,100,0
2015-04-01,16:30:00,31.09,31.095,31.09,31.095,200,0
2015-04-01,17:30:00,31.095,31.095,31.095,31.095,1,0
2015-04-01,19:55:00,31.1,31.1,31.1,31.1,160,0
2015-04-01,21:30:00,31.0499,31.0499,31.049,31.049,363,0
2015-04-01,21:35:00,31.05,31.05,31.0499,31.0499,684,0
2015-04-01,21:45:00,31.05,31.05,31.05,31.05,274,0
2015-04-01,22:00:00,31.12,31.12,31.12,31.12,100,0
2015-04-02,16:40:00,31.309,31.309,31.309,31.309,100,0
2015-04-02,17:30:00,31.309,31.309,31.309,31.309,1,0
2015-04-02,18:40:00,31.3,31.3,31.3,31.3,100,0
2015-04-02,18:55:00,31.3,31.3,31.3,31.3,100,0
2015-04-02,19:05:00,31.28,31.28,31.28,31.28,100,0
2015-04-02,19:15:00,31.28,31.28,31.28,31.28,100,0
2015-04-02,19:25:00,31.31,31.31,31.31,31.31,100,0
2015-04-02,19:30:00,31.31,31.31,31.31,31.31,100,0
2015-04-02,19:35:00,31.31,31.31,31.31,31.31,21,0
2015-04-02,19:40:00,31.3,31.3,31.3,31.3,100,0
2015-04-02,19:45:00,31.29,31.29,31.29,31.29,100,0
2015-04-02,19:50:00,31.3,31.3,31.3,31.3,100,0
2015-04-02,20:00:00,31.31,31.31,31.31,31.31,100,0
2015-04-02,20:05:00,31.3,31.3,31.3,31.3,100,0
2015-04-02,20:10:00,31.29,31.29,31.29,31.29,100,0
2015-04-02,20:15:00,31.3,31.3,31.3,31.3,200,0
2015-04-02,20:20:00,31.3,31.32,31.3,31.32,200,0
2015-04-02,20:25:00,31.32,31.32,31.31,31.31,200,0
2015-04-02,20:30:00,31.31,31.31,31.31,31.31,305,0
2015-04-02,20:40:00,31.3,31.3,31.3,31.3,200,0
2015-04-02,20:45:00,31.29,31.29,31.29,31.29,100,0
2015-04-02,20:50:00,31.27,31.28,31.27,31.28,200,0
2015-04-02,20:55:00,31.28,31.28,31.28,31.28,100,0
2015-04-02,21:00:00,31.28,31.28,31.28,31.28,100,0
2015-04-02,21:05:00,31.28,31.28,31.28,31.28,200,0
2015-04-02,21:10:00,31.29,31.29,31.29,31.29,100,0
2015-04-02,21:15:00,31.29,31.29,31.29,31.29,230,0
2015-04-02,22:00:00,31.309,31.309,31.309,31.309,100,0
2015-04-06,17:15:00,31.529,31.529,31.529,31.529,100,0
2015-04-06,17:25:00,31.529,31.529,31.529,31.529,4,0
2015-04-06,21:05:00,31.52,31.52,31.52,31.52,200,0
2015-04-06,21:25:00,31.52,31.52,31.52,31.52,77,0
2015-04-07,17:30:00,31.519,31.52,31.519,31.52,1890,0
2015-04-07,18:50:00,31.52,31.52,31.52,31.52,67,0
2015-04-07,20:00:00,31.48,31.48,31.48,31.48,173,0
2015-04-07,20:05:00,31.4899,31.49,31.489,31.49,430,0
2015-04-08,16:55:00,31.75,31.75,31.51,31.51,2440,0
2015-04-08,17:20:00,31.48,31.48,31.48,31.48,3000,0
2015-04-08,17:25:00,31.48,31.48,31.48,31.48,900,0
2015-04-08,18:05:00,31.57,31.57,31.57,31.57,1582,0
2015-04-08,18:10:00,31.56,31.57,31.56,31.57,200,0
2015-04-08,18:15:00,31.58,31.58,31.58,31.58,1082,0
2015-04-09,16:25:00,31.5246,31.5246,31.5246,31.5246,125,0
2015-04-09,19:25:00,31.52,31.52,31.52,31.52,129,0
2015-04-09,20:55:00,31.559,31.559,31.559,31.559,100,0
2015-04-10,16:40:00,31.66,31.66,31.6553,31.6553,258,0
2015-04-10,17:05:00,31.669,31.669,31.669,31.669,707,0
2015-04-10,18:15:00,31.6999,31.6999,31.6999,31.6999,100,0
2015-04-10,19:15:00,31.6999,31.6999,31.6999,31.6999,38,0
2015-04-10,20:25:00,31.6999,31.6999,31.6999,31.6999,58,0
2015-04-13,19:05:00,31.7,31.7,31.7,31.7,100,0
2015-04-13,19:15:00,31.6579,31.6579,31.6579,31.6579,344,0
2015-04-13,19:55:00,31.6579,31.6579,31.6579,31.6579,88,0
2015-04-13,20:25:00,31.65,31.65,31.65,31.65,100,0
2015-04-13,20:30:00,31.64,31.64,31.64,31.64,100,0
2015-04-13,20:35:00,31.64,31.64,31.64,31.64,100,0
2015-04-13,20:40:00,31.65,31.65,31.65,31.65,200,0
2015-04-13,20:45:00,31.66,31.66,31.66,31.66,104,0
2015-04-13,20:50:00,31.66,31.66,31.66,31.66,217,0
2015-04-13,20:55:00,31.66,31.66,31.66,31.66,33,0
2015-04-14,21:55:00,31.621,31.621,31.621,31.621,1100,0
2015-04-14,22:00:00,31.68,31.68,31.68,31.68,100,0
2015-04-15,15:55:00,31.8069,31.8069,31.8069,31.8069,100,0
2015-04-15,16:55:00,31.7899,31.7899,31.7899,31.7899,100,0
2015-04-15,19:55:00,31.8999,31.8999,31.8999,31.8999,100,0
2015-04-15,20:05:00,31.879,31.879,31.879,31.879,122,0
2015-04-15,21:20:00,31.879,31.879,31.879,31.879,150,0
2015-04-16,19:15:00,31.84,31.84,31.8399,31.8399,1095,0
2015-04-16,21:15:00,31.89,31.89,31.89,31.89,467,0
2015-04-16,21:30:00,31.8699,31.8699,31.869,31.869,402,0
2015-04-17,17:40:00,31.4,31.4,31.4,31.4,785,0
2015-04-17,18:00:00,31.376,31.376,31.376,31.376,955,0
2015-04-17,19:25:00,31.46,31.46,31.46,31.46,10,0
2015-04-17,22:00:00,31.44,31.44,31.44,31.44,100,0
2015-04-20,15:35:00,31.5,31.5,31.5,31.5,1249,0
2015-04-20,15:40:00,31.49,31.49,31.49,31.49,500,0
2015-04-20,19:00:00,31.64,31.64,31.6358,31.64,452,0
2015-04-20,19:05:00,31.6399,31.6399,31.6399,31.6399,202,0
2015-04-20,21:20:00,31.585,31.585,31.56,31.561,1080,0
2015-04-20,21:35:00,31.61,31.61,31.61,31.61,170,0
2015-04-21,17:45:00,31.7599,31.7599,31.7599,31.7599,100,0
2015-04-21,17:50:00,31.6721,31.6721,31.6721,31.6721,708,0
2015-04-21,19:50:00,31.67,31.67,31.67,31.67,21,0
2015-04-21,20:55:00,31.6796,31.6796,31.6796,31.6796,458,0
2015-04-21,22:00:00,31.719,31.719,31.719,31.719,100,0
2015-04-22,16:45:00,31.59,31.59,31.59,31.59,100,0
2015-04-22,18:25:00,31.719,31.7199,31.719,31.7199,236,0
2015-04-22,20:40:00,31.8,31.8,31.8,31.8,100,0
2015-04-22,20:45:00,31.79,31.79,31.79,31.79,200,0
2015-04-22,20:55:00,31.8,31.8,31.8,31.8,100,0
2015-04-22,21:00:00,31.8,31.8,31.8,31.8,200,0
2015-04-23,16:30:00,31.726,31.726,31.69,31.69,400,0
2015-04-23,16:55:00,31.7702,31.7702,31.7702,31.7702,157,0
2015-04-23,17:45:00,31.771,31.771,31.771,31.771,167,0
2015-04-23,19:25:00,31.9101,31.97,31.9101,31.97,597,0
2015-04-24,16:35:00,31.91,31.91,31.91,31.91,100,0
2015-04-24,19:15:00,31.959,31.959,31.959,31.959,732,0
2015-04-24,21:35:00,31.93,31.93,31.93,31.93,668,0
2015-04-24,22:00:00,31.95,31.95,31.95,31.95,100,0
2015-04-27,15:50:00,32.0464,32.0464,32.0464,32.0464,100,0
2015-04-27,16:55:00,32.08,32.08,32.08,32.08,100,0
2015-04-27,19:15:00,31.9,31.9,31.9,31.9,517,0
2015-04-27,19:20:00,31.8799,31.8799,31.8799,31.8799,523,0
2015-04-28,21:05:00,31.907,31.907,31.907,31.907,100,0
2015-04-28,22:00:00,31.9,31.95,31.9,31.95,200,0
2015-04-29,20:15:00,31.66,31.66,31.66,31.66,300,0
2015-04-29,21:10:00,31.68,31.68,31.68,31.68,284,0
2015-04-29,22:00:00,31.68,31.68,31.68,31.68,100,0
2015-04-30,15:45:00,31.5,31.5,31.5,31.5,300,0
2015-04-30,16:30:00,31.369,31.369,31.369,31.369,100,0
2015-04-30,18:40:00,31.42,31.42,31.42,31.42,100,0
2015-04-30,20:35:00,31.3499,31.3499,31.3499,31.3499,1000,0
2015-04-30,21:05:00,31.239,31.239,31.239,31.239,1000,0
2015-04-30,22:00:00,31.27,31.27,31.27,31.27,100,0
2015-05-01,17:55:00,31.31,31.31,31.31,31.31,300,0
2015-05-01,20:15:00,31.4201,31.469,31.4201,31.469,1200,0
2015-05-01,21:20:00,31.489,31.4899,31.48,31.489,965,0
2015-05-01,22:00:00,31.51,31.51,31.51,31.51,100,0
2015-05-04,18:15:00,31.61,31.61,31.61,31.61,100,0
2015-05-04,19:10:00,31.55,31.55,31.55,31.55,200,0
2015-05-04,22:00:00,31.5999,31.5999,31.5999,31.5999,100,0
2015-05-05,17:30:00,31.25,31.25,31.25,31.25,222,0
2015-05-05,21:25:00,31.169,31.17,31.168,31.17,1000,0
2015-05-05,22:00:00,31.2,31.2,31.2,31.2,100,0
2015-05-06,15:35:00,31.14,31.14,31.14,31.14,166,0
2015-05-06,22:00:00,31.17,31.17,31.17,31.17,100,0
2015-05-07,15:50:00,31.15,31.15,31.15,31.15,500,0
2015-05-07,18:20:00,31.1636,31.1636,31.1636,31.1636,300,0
2015-05-07,18:45:00,31.2,31.2101,31.2,31.2028,3067,0
2015-05-07,20:30:00,31.24,31.24,31.24,31.24,300,0
2015-05-07,21:55:00,31.1616,31.1616,31.1616,31.1616,769,0
2015-05-07,22:00:00,31.239,31.239,31.16,31.16,200,0
2015-05-08,16:10:00,31.6299,31.6299,31.6299,31.6299,125,0
2015-05-08,20:05:00,31.6,31.6,31.6,31.6,300,0
2015-05-08,20:55:00,31.6,31.6199,31.6,31.619,1042,0
2015-05-08,21:00:00,31.61,31.6199,31.6,31.6,600,0
2015-05-08,21:05:00,31.62,31.62,31.61,31.61,410,0
2015-05-08,21:10:00,31.6187,31.6187,31.6187,31.6187,158,0
2015-05-08,21:45:00,31.6299,31.6299,31.6299,31.6299,395,0
2015-05-11,17:05:00,31.6099,31.6099,31.6099,31.6099,189,0
2015-05-11,20:10:00,31.6,31.6,31.6,31.6,833,0
2015-05-11,21:20:00,31.5599,31.5599,31.558,31.558,554,0
2015-05-12,19:45:00,31.46,31.46,31.422,31.422,476,0
2015-05-12,22:00:00,31.4699,31.4699,31.4699,31.4699,100,0
2015-05-13,18:30:00,31.539,31.539,31.539,31.539,316,0
2015-05-13,19:50:00,31.5548,31.5548,31.5548,31.5548,400,0
2015-05-14,16:35:00,31.7599,31.7599,31.7599,31.7599,100,0
2015-05-14,17:35:00,31.739,31.739,31.739,31.739,190,0
2015-05-14,19:55:00,31.761,31.761,31.761,31.761,200,0
2015-05-14,22:00:00,31.85,31.85,31.85,31.85,100,0
2015-05-15,18:40:00,31.81,31.81,31.81,31.81,100,0
2015-05-15,18:50:00,31.82,31.825,31.82,31.825,1156,0
2015-05-15,19:45:00,31.81,31.81,31.81,31.81,100,0
2015-05-15,19:55:00,31.81,31.81,31.81,31.81,100,0
2015-05-15,20:05:00,31.82,31.82,31.82,31.82,100,0
2015-05-15,20:20:00,31.81,31.81,31.81,31.81,100,0
2015-05-15,20:25:00,31.82,31.82,31.82,31.82,100,0
2015-05-15,20:35:00,31.83,31.83,31.83,31.83,100,0
2015-05-15,20:45:00,31.84,31.84,31.84,31.84,100,0
2015-05-15,20:55:00,31.85,31.85,31.85,31.85,100,0
2015-05-15,21:05:00,31.85,31.85,31.85,31.85,100,0
2015-05-15,21:10:00,31.85,31.85,31.85,31.85,100,0
2015-05-15,22:00:00,31.869,31.869,31.869,31.869,100,0
2015-05-18,19:45:00,31.92,31.92,31.92,31.92,100,0
2015-05-18,20:45:00,31.93,31.93,31.93,31.93,100,0
2015-05-18,21:20:00,31.94,31.94,31.94,31.94,100,0
2015-05-18,21:30:00,31.9,31.9,31.8901,31.9,1531,0
2015-05-18,21:35:00,31.94,31.94,31.94,31.94,200,0
2015-05-19,15:40:00,31.91,31.91,31.88,31.8999,2059,0
2015-05-19,15:50:00,31.91,31.9177,31.91,31.91,1245,0
2015-05-19,16:05:00,31.9099,31.9099,31.9099,31.9099,156,0
2015-05-19,16:10:00,31.899,31.899,31.899,31.899,100,0
2015-05-19,16:20:00,31.899,31.899,31.899,31.899,156,0
2015-05-19,16:25:00,31.8999,31.8999,31.8999,31.8999,156,0
2015-05-19,16:30:00,31.89,31.89,31.89,31.89,156,0
2015-05-19,19:30:00,31.86,31.93,31.86,31.93,1200,0
2015-05-20,17:35:00,31.909,31.909,31.909,31.909,100,0
2015-05-20,17:45:00,31.8997,31.9,31.899,31.9,513,0
2015-05-20,18:20:00,31.9,31.9,31.9,31.9,100,0
2015-05-20,18:45:00,31.92,31.92,31.92,31.92,100,0
2015-05-20,19:05:00,31.93,31.93,31.93,31.93,100,0
2015-05-20,19:25:00,31.8988,31.8988,31.8988,31.8988,100,0
2015-05-20,20:35:00,32.03,32.03,32.03,32.03,313,0
2015-05-20,21:35:00,31.95,31.95,31.95,31.95,100,0
2015-05-20,21:40:00,31.95,31.95,31.95,31.95,100,0
2015-05-21,18:45:00,31.9401,31.99,31.9401,31.99,500,0
2015-05-21,20:35:00,31.9001,31.9001,31.9001,31.9001,125,0
2015-05-21,22:00:00,31.989,31.989,31.989,31.989,100,0
2015-05-22,15:35:00,32.08,32.08,31.97,31.97,200,0
2015-05-22,16:35:00,31.888,31.888,31.888,31.888,943,0
2015-05-22,20:10:00,31.8524,31.8524,31.8524,31.8524,177,0
2015-05-22,20:30:00,31.92,31.92,31.92,31.92,1600,0
2015-05-26,15:35:00,31.64,31.64,31.64,31.64,135,0
2015-05-26,15:45:00,31.71,31.71,31.7,31.7,504,0
2015-05-26,17:15:00,31.49,31.49,31.49,31.49,2063,0
2015-05-26,20:25:00,31.47,31.47,31.47,31.47,300,0
2015-05-26,20:40:00,31.475,31.48,31.475,31.48,1813,0
2015-05-26,20:55:00,31.47,31.47,31.47,31.47,700,0
2015-05-26,21:45:00,31.4624,31.5188,31.4624,31.5188,815,0
2015-05-27,18:20:00,31.66,31.66,31.66,31.66,100,0
2015-05-27,18:45:00,31.66,31.66,31.66,31.66,100,0
2015-05-27,18:55:00,31.659,31.66,31.65,31.66,2188,0
2015-05-27,19:35:00,31.65,31.65,31.65,31.65,800,0
2015-05-27,19:40:00,31.65,31.65,31.65,31.65,100,0
2015-05-27,19:45:00,31.65,31.66,31.65,31.66,1400,0
2015-05-27,19:50:00,31.73,31.73,31.73,31.73,626,0
2015-05-27,21:25:00,31.77,31.77,31.76,31.76,200,0
2015-05-27,22:00:00,31.78,31.78,31.78,31.78,100,0
2015-05-28,21:30:00,31.659,31.659,31.659,31.659,331,0
2015-05-29,17:35:00,31.38,31.38,31.38,31.38,2000,0
2015-05-29,18:20:00,31.4999,31.4999,31.4999,31.4999,205,0
2015-06-01,16:55:00,31.3799,31.3799,31.3799,31.3799,225,0
2015-06-01,17:05:00,31.41,31.4199,31.41,31.4199,488,0
2015-06-01,17:25:00,31.429,31.429,31.429,31.429,1231,0
2015-06-01,22:00:00,31.459,31.459,31.459,31.459,100,0
2015-06-02,17:50:00,31.5,31.5,31.5,31.5,574,0
2015-06-02,18:15:00,31.57,31.57,31.57,31.57,100,0
2015-06-02,18:55:00,31.6,31.6,31.6,31.6,100,0
2015-06-02,19:30:00,31.61,31.61,31.61,31.61,100,0
2015-06-02,19:55:00,31.62,31.62,31.62,31.62,100,0
2015-06-02,20:10:00,31.62,31.62,31.62,31.62,100,0
2015-06-02,20:20:00,31.5451,31.5451,31.5451,31.5451,400,0
2015-06-02,20:30:00,31.58,31.58,31.58,31.58,100,0
2015-06-02,20:45:00,31.55,31.55,31.55,31.55,100,0
2015-06-02,21:15:00,31.53,31.53,31.53,31.53,200,0
2015-06-03,15:35:00,31.5,31.5,31.5,31.5,185,0
2015-06-03,15:45:00,31.51,31.51,31.51,31.51,200,0
2015-06-03,16:30:00,31.7,31.709,31.7,31.709,900,0
2015-06-03,19:05:00,31.5801,31.5801,31.5801,31.5801,192,0
2015-06-03,20:45:00,31.6893,31.6893,31.6893,31.6893,100,0
2015-06-03,20:50:00,31.68,31.68,31.68,31.68,111,0
2015-06-04,19:20:00,31.3699,31.37,31.3699,31.3699,2000,0
2015-06-05,15:50:00,31.119,31.12,31.119,31.12,2000,0
2015-06-05,20:40:00,31.3,31.3,31.3,31.3,100,0
2015-06-08,16:10:00,31.26,31.26,31.26,31.26,100,0
2015-06-08,17:30:00,31.25,31.25,31.25,31.25,319,0
2015-06-08,17:45:00,31.19,31.19,31.19,31.19,100,0
2015-06-08,17:55:00,31.19,31.19,31.19,31.19,200,0
2015-06-08,18:35:00,31.22,31.22,31.2199,31.2199,5215,0
2015-06-08,18:55:00,31.17,31.17,31.17,31.17,100,0
2015-06-08,19:35:00,31.16,31.16,31.16,31.16,100,0
2015-06-08,20:15:00,31.16,31.16,31.16,31.16,100,0
2015-06-08,20:50:00,31.23,31.23,31.23,31.23,100,0
2015-06-08,21:25:00,31.18,31.18,31.18,31.18,100,0
2015-06-08,21:50:00,31.21,31.21,31.21,31.21,102,0
2015-06-08,21:55:00,31.199,31.199,31.199,31.199,125,0
2015-06-09,17:10:00,31.09,31.09,31.0881,31.0881,300,0
2015-06-09,18:35:00,31.1,31.1,31.1,31.1,500,0
2015-06-09,19:25:00,31.139,31.139,31.139,31.139,1000,0
2015-06-09,19:30:00,31.13,31.13,31.1299,31.1299,400,0
2015-06-10,16:45:00,31.4499,31.4499,31.4499,31.4499,100,0
2015-06-10,19:25:00,31.52,31.52,31.52,31.52,100,0
2015-06-10,19:55:00,31.52,31.52,31.52,31.52,100,0
2015-06-10,20:20:00,31.54,31.54,31.54,31.54,100,0
2015-06-10,20:40:00,31.55,31.55,31.55,31.55,100,0
2015-06-10,20:55:00,31.54,31.54,31.54,31.54,100,0
2015-06-10,21:15:00,31.53,31.53,31.53,31.53,100,0
2015-06-10,21:25:00,31.54,31.54,31.54,31.54,100,0
2015-06-10,21:40:00,31.52,31.52,31.52,31.52,100,0
2015-06-10,21:45:00,31.52,31.52,31.52,31.52,500,0
2015-06-11,15:45:00,31.55,31.55,31.55,31.55,200,0
2015-06-11,16:55:00,31.508,31.508,31.46,31.46,1875,0
2015-06-11,17:10:00,31.46,31.46,31.46,31.46,300,0
2015-06-11,21:50:00,31.5599,31.5599,31.5599,31.5599,100,0
2015-06-12,15:50:00,31.37,31.37,31.37,31.37,100,0
2015-06-12,16:00:00,31.41,31.41,31.41,31.41,100,0
2015-06-12,16:15:00,31.44,31.44,31.44,31.44,100,0
2015-06-12,16:35:00,31.4,31.4,31.4,31.4,100,0
2015-06-12,16:40:00,31.37,31.37,31.37,31.37,100,0
2015-06-12,17:15:00,31.4,31.4,31.4,31.4,100,0
2015-06-12,17:40:00,31.47,31.47,31.47,31.47,100,0
2015-06-12,18:00:00,31.45,31.45,31.45,31.45,100,0
2015-06-12,18:20:00,31.45,31.45,31.45,31.45,100,0
2015-06-12,18:35:00,31.45,31.45,31.45,31.45,100,0
2015-06-12,18:40:00,31.45,31.45,31.45,31.45,100,0
2015-06-12,19:00:00,31.43,31.43,31.43,31.43,100,0
2015-06-12,19:15:00,31.43,31.43,31.43,31.43,100,0
2015-06-12,19:30:00,31.44,31.44,31.44,31.44,242,0
2015-06-12,19:50:00,31.44,31.44,31.44,31.44,100,0
2015-06-12,20:15:00,31.44,31.44,31.44,31.44,100,0
2015-06-12,20:35:00,31.42,31.42,31.42,31.42,100,0
2015-06-12,20:55:00,31.42,31.42,31.42,31.42,100,0
2015-06-12,21:10:00,31.42,31.42,31.42,31.42,100,0
2015-06-12,21:30:00,31.43,31.43,31.43,31.43,100,0
2015-06-12,21:40:00,31.44,31.44,31.44,31.44,100,0
2015-06-12,21:50:00,31.44,31.44,31.44,31.44,100,0
2015-06-15,15:40:00,31.0899,31.0899,31.0899,31.0899,2000,0
2015-06-15,20:35:00,31.24,31.24,31.24,31.24,100,0
2015-06-15,21:20:00,31.188,31.188,31.188,31.188,200,0
2015-06-16,16:50:00,31.23,31.23,31.23,31.23,151,0
2015-06-17,16:15:00,31.37,31.37,31.37,31.37,100,0
2015-06-17,17:20:00,31.31,31.31,31.31,31.31,100,0
2015-06-17,18:25:00,31.235,31.235,31.235,31.235,100,0
2015-06-17,19:00:00,31.19,31.19,31.19,31.19,100,0
2015-06-17,19:55:00,31.22,31.22,31.22,31.22,100,0
2015-06-17,20:25:00,31.29,31.29,31.29,31.29,100,0
2015-06-17,20:55:00,31.41,31.41,31.41,31.41,100,0
2015-06-17,21:05:00,31.39,31.39,31.39,31.39,100,0
2015-06-17,21:45:00,31.37,31.37,31.37,31.37,125,0
2015-06-18,19:00:00,31.621,31.621,31.62,31.62,2000,0
2015-06-18,19:25:00,31.62,31.62,31.62,31.62,100,0
2015-06-19,21:30:00,31.553,31.553,31.553,31.553,100,0
2015-06-22,16:10:00,31.79,31.79,31.79,31.79,600,0
2015-06-22,16:45:00,31.79,31.79,31.79,31.79,1400,0
2015-06-22,18:50:00,31.7501,31.7501,31.7501,31.7501,220,0
2015-06-22,21:35:00,31.788,31.788,31.788,31.788,1000,0
2015-06-22,22:00:00,31.809,31.809,31.809,31.809,100,0
2015-06-23,17:20:00,31.85,31.85,31.85,31.85,200,0
2015-06-23,18:30:00,31.8399,31.8399,31.8399,31.8399,528,0
2015-06-25,20:10:00,31.64,31.64,31.64,31.64,1500,0
2015-06-25,20:45:00,31.6,31.6,31.6,31.6,500,0
2015-06-25,20:50:00,31.6,31.6,31.6,31.6,1100,0
2015-06-26,17:35:00,31.65,31.65,31.65,31.65,300,0
2015-06-29,15:35:00,31.51,31.51,31.51,31.51,114,0
2015-06-29,16:45:00,31.269,31.269,31.269,31.269,200,0
2015-06-29,21:55:00,30.8724,30.8724,30.8724,30.8724,341,0
2015-06-30,15:45:00,31.02,31.02,31.02,31.02,100,0
2015-06-30,17:15:00,30.94,30.94,30.94,30.94,100,0
2015-06-30,17:20:00,30.96,30.97,30.96,30.97,800,0
2015-06-30,18:25:00,30.86,30.86,30.86,30.86,229,0
2015-06-30,18:35:00,30.7848,30.7848,30.7848,30.7848,415,0
2015-06-30,19:40:00,30.922,30.922,30.922,30.922,375,0
2015-06-30,19:50:00,30.94,30.94,30.94,30.94,100,0
2015-06-30,20:05:00,30.94,30.94,30.94,30.94,300,0
2015-06-30,20:15:00,30.999,30.999,30.999,30.999,300,0
2015-06-30,20:20:00,31.03,31.03,31,31,700,0
2015-06-30,20:25:00,30.989,30.99,30.989,30.99,1200,0
2015-06-30,20:30:00,30.97,30.97,30.97,30.97,500,0
2015-06-30,20:50:00,30.95,30.95,30.95,30.95,100,0
2015-06-30,21:45:00,30.875,30.88,30.875,30.88,1500,0
2015-06-30,22:00:00,30.92,30.92,30.92,30.92,1100,0
2015-07-01,15:55:00,31.12,31.12,31.12,31.12,100,0
2015-07-01,16:25:00,31.15,31.15,31.15,31.15,100,0
2015-07-01,17:05:00,31.1,31.1,31.1,31.1,200,0
2015-07-01,17:40:00,31.09,31.09,31.09,31.09,100,0
2015-07-01,18:30:00,31.04,31.04,31.04,31.04,303,0
2015-07-01,21:45:00,30.99,30.99,30.99,30.99,400,0
2015-07-01,22:00:00,31.049,31.049,31.049,31.049,100,0
2015-07-02,16:20:00,31.058,31.058,31.058,31.058,150,0
2015-07-02,17:45:00,30.982,31,30.982,31,479,0
2015-07-02,18:00:00,30.97,30.97,30.97,30.97,100,0
2015-07-02,18:25:00,30.93,30.93,30.93,30.93,1000,0
2015-07-02,18:55:00,30.93,30.93,30.93,30.93,135,0
2015-07-02,19:05:00,30.93,30.93,30.93,30.93,200,0
2015-07-02,19:10:00,30.903,30.903,30.903,30.903,500,0
2015-07-02,19:15:00,30.9097,30.91,30.8997,30.8997,2100,0
2015-07-02,19:20:00,30.909,30.909,30.909,30.909,500,0
2015-07-02,20:05:00,30.92,30.92,30.92,30.92,135,0
2015-07-02,20:35:00,30.929,30.93,30.929,30.93,1028,0
2015-07-02,22:00:00,30.9999,30.9999,30.9999,30.9999,100,0
2015-07-06,16:00:00,30.68,30.68,30.68,30.68,1700,0
2015-07-06,16:10:00,30.69,30.69,30.685,30.685,250,0
2015-07-06,16:20:00,30.76,30.76,30.76,30.76,600,0
2015-07-06,16:25:00,30.76,30.76,30.76,30.76,200,0
2015-07-06,17:00:00,30.82,30.82,30.82,30.82,200,0
2015-07-06,18:10:00,30.76,30.76,30.76,30.76,200,0
2015-07-06,19:00:00,30.72,30.72,30.72,30.72,200,0
2015-07-06,19:25:00,30.68,30.68,30.68,30.68,100,0
2015-07-06,20:05:00,30.625,30.625,30.6,30.6,758,0
2015-07-06,20:10:00,30.607,30.607,30.607,30.607,948,0
2015-07-06,21:10:00,30.59,30.59,30.59,30.59,600,0
2015-07-06,21:25:00,30.65,30.65,30.65,30.65,100,0
2015-07-06,21:40:00,30.67,30.67,30.67,30.67,100,0
2015-07-06,21:50:00,30.69,30.69,30.69,30.69,140,0
2015-07-06,22:00:00,30.7,30.7,30.69,30.69,498,0
2015-07-07,18:50:00,30.45,30.45,30.45,30.45,595,0
2015-07-07,22:00:00,30.7499,30.7499,30.7499,30.7499,497,0
2015-07-08,15:50:00,30.52,30.52,30.52,30.52,100,0
2015-07-08,16:55:00,30.52,30.52,30.52,30.52,100,0
2015-07-08,17:50:00,30.43,30.43,30.43,30.43,100,0
2015-07-08,18:15:00,30.39,30.39,30.3899,30.3899,3800,0
2015-07-08,18:40:00,30.43,30.43,30.43,30.43,100,0
2015-07-08,20:00:00,30.49,30.49,30.49,30.49,195,0
2015-07-08,21:50:00,30.3696,30.3696,30.3696,30.3696,180,0
2015-07-09,16:05:00,30.44,30.44,30.44,30.44,100,0
2015-07-09,17:00:00,30.4,30.4,30.4,30.4,100,0
2015-07-09,17:55:00,30.39,30.39,30.39,30.39,100,0
2015-07-09,19:00:00,30.36,30.36,30.36,30.36,100,0
2015-07-09,19:45:00,30.34,30.34,30.34,30.34,100,0
2015-07-09,20:15:00,30.34,30.34,30.34,30.34,100,0
2015-07-09,20:25:00,30.31,30.31,30.31,30.31,100,0
2015-07-09,21:00:00,30.33,30.33,30.33,30.33,100,0
2015-07-09,21:20:00,30.35,30.35,30.35,30.35,100,0
2015-07-09,21:40:00,30.33,30.33,30.33,30.33,100,0
2015-07-10,16:30:00,30.53,30.53,30.53,30.53,100,0
2015-07-10,20:10:00,30.56,30.56,30.56,30.56,100,0
2015-07-10,21:55:00,30.62,30.62,30.62,30.62,100,0
2015-07-13,15:40:00,30.82,30.82,30.82,30.82,100,0
2015-07-13,15:50:00,30.75,30.75,30.75,30.75,100,0
2015-07-13,16:00:00,30.71,30.71,30.71,30.71,100,0
2015-07-13,16:05:00,30.73,30.73,30.72,30.72,200,0
2015-07-13,16:15:00,30.73,30.73,30.73,30.73,100,0
2015-07-13,16:30:00,30.75,30.75,30.75,30.75,100,0
2015-07-13,16:40:00,30.74,30.74,30.74,30.74,200,0
2015-07-13,16:55:00,30.74,30.74,30.74,30.74,100,0
2015-07-13,17:05:00,30.74,30.74,30.74,30.74,100,0
2015-07-13,17:20:00,30.73,30.73,30.73,30.73,100,0
2015-07-13,17:25:00,30.7299,30.74,30.7299,30.74,304,0
2015-07-13,17:35:00,30.74,30.74,30.74,30.74,100,0
2015-07-13,17:45:00,30.75,30.75,30.74,30.74,200,0
2015-07-13,17:55:00,30.74,30.74,30.74,30.74,200,0
2015-07-13,18:05:00,30.74,30.74,30.74,30.74,100,0
2015-07-13,18:10:00,30.74,30.74,30.74,30.74,100,0
2015-07-13,18:15:00,30.74,30.74,30.74,30.74,100,0
2015-07-13,18:25:00,30.73,30.73,30.73,30.73,100,0
2015-07-13,18:30:00,30.74,31,30.74,31,852,0
2015-07-13,18:35:00,30.98,30.98,30.98,30.98,200,0
2015-07-13,18:45:00,30.94,30.94,30.94,30.94,100,0
2015-07-13,19:30:00,30.89,30.89,30.73,30.73,1800,0
2015-07-13,20:30:00,30.75,30.75,30.75,30.75,2150,0
2015-07-14,16:00:00,30.74,30.74,30.74,30.74,100,0
2015-07-14,16:40:00,30.74,30.74,30.74,30.74,100,0
2015-07-14,17:25:00,30.83,30.83,30.83,30.83,100,0
2015-07-14,18:15:00,30.75,30.75,30.75,30.75,600,0
2015-07-14,18:30:00,30.82,30.82,30.82,30.82,300,0
2015-07-15,17:15:00,30.859,30.859,30.859,30.859,324,0
2015-07-15,17:20:00,30.85,30.8599,30.85,30.8599,648,0
2015-07-15,20:10:00,30.667,30.667,30.667,30.667,450,0
2015-07-16,21:45:00,30.93,30.93,30.93,30.93,100,0
2015-07-17,16:05:00,30.9,30.9,30.9,30.9,100,0
2015-07-17,18:00:00,30.87,30.87,30.87,30.87,100,0
2015-07-17,18:30:00,30.8458,30.8458,30.8458,30.8458,1165,0
2015-07-17,20:15:00,30.86,30.86,30.85,30.85,475,0
2015-07-17,20:55:00,30.835,30.835,30.7899,30.7899,1035,0
2015-07-17,21:05:00,30.7801,30.7801,30.78,30.78,1500,0
2015-07-17,22:00:00,30.9099,30.9099,30.9099,30.9099,100,0
2015-07-20,16:45:00,30.9,30.9,30.88,30.88,267,0
2015-07-21,17:00:00,30.829,30.829,30.829,30.829,719,0
2015-07-21,19:25:00,30.7799,30.7799,30.7799,30.7799,234,0
2015-07-21,20:20:00,30.68,30.68,30.68,30.68,341,0
2015-07-21,20:45:00,30.6301,30.6301,30.6301,30.6301,136,0
2015-07-21,20:50:00,30.8,30.8,30.8,30.8,400,0
2015-07-21,21:55:00,30.68,30.83,30.68,30.83,800,0
2015-07-22,21:30:00,30.72,30.72,30.72,30.72,100,0
2015-07-24,20:45:00,30.25,30.25,30.25,30.25,393,0
2015-07-27,19:45:00,29.9801,29.9801,29.98,29.98,1000,0
2015-07-27,20:00:00,30.04,30.04,30.04,30.04,200,0
2015-07-27,20:05:00,30.04,30.04,30.04,30.04,1500,0
2015-07-27,20:10:00,30.04,30.05,30.04,30.05,3000,0
2015-07-27,21:30:00,30.11,30.11,30.11,30.11,619,0
2015-07-27,21:40:00,30.02,30.02,30.02,30.02,38000,0
2015-07-27,21:45:00,30.02,30.02,30.02,30.02,553,0
2015-07-28,15:50:00,29.9,29.95,29.9,29.95,5100,0
2015-07-28,16:00:00,29.93,29.93,29.93,29.93,100,0
2015-07-28,16:10:00,29.91,29.91,29.89,29.89,5200,0
2015-07-28,16:15:00,29.91,30.1,29.91,30.1,2800,0
2015-07-28,19:05:00,30.0201,30.0201,30.0201,30.0201,1000,0
2015-07-28,21:25:00,30.238,30.25,30.238,30.25,200,0
2015-07-29,17:20:00,30.29,30.2999,30.29,30.2999,2142,0
2015-07-31,22:00:00,30.43,30.43,30.43,30.43,100,0
2015-08-03,17:50:00,30.44,30.44,30.4399,30.4399,200,0
2015-08-03,18:50:00,30.3,30.3,30.3,30.3,166,0
2015-08-04,18:40:00,30.39,30.39,30.39,30.39,200,0
2015-08-05,16:20:00,30.46,30.47,30.46,30.47,1350,0
2015-08-05,17:25:00,30.48,30.48,30.48,30.48,300,0
2015-08-06,15:40:00,30.4,30.4,30.4,30.4,325,0
2015-08-06,16:15:00,30.27,30.27,30.27,30.27,1450,0
2015-08-06,16:25:00,30.28,30.28,30.28,30.28,200,0
2015-08-07,20:40:00,30.2,30.2,30.2,30.2,175,0
2015-08-07,22:00:00,30.2499,30.2499,30.2499,30.2499,346,0
