Date,Time,Open,High,Low,Close,Volume,OpenInt
2015-04-17,15:55:00,87.187,87.187,87.187,87.187,2,0
2015-04-17,16:15:00,86.909,86.909,86.909,86.909,2,0
2015-04-17,16:20:00,86.888,86.888,86.888,86.888,152,0
2015-04-17,16:25:00,86.64,86.869,86.64,86.869,144,0
2015-04-17,16:35:00,86.869,86.869,86.859,86.869,12,0
2015-04-17,16:40:00,86.859,87.018,86.859,87.018,206,0
2015-04-17,16:50:00,86.999,86.999,86.999,86.999,100,0
2015-04-17,16:55:00,86.869,86.869,86.869,86.869,4,0
2015-04-17,17:00:00,86.919,86.919,86.888,86.888,12,0
2015-04-17,17:10:00,86.689,86.689,86.689,86.689,4,0
2015-04-17,17:50:00,86.919,86.919,86.919,86.919,57,0
2015-04-17,18:00:00,87.009,87.009,87.009,87.009,1,0
2015-04-17,18:20:00,86.989,86.989,86.989,86.989,63,0
2015-04-17,18:50:00,86.889,86.889,86.889,86.889,17,0
2015-04-17,19:05:00,86.908,86.908,86.899,86.899,345,0
2015-04-17,19:10:00,86.76,86.76,86.752,86.752,3933,0
2015-04-17,19:15:00,86.76,86.979,86.76,86.979,653,0
2015-04-17,19:20:00,86.77,86.77,86.76,86.76,301,0
2015-04-17,19:35:00,86.919,86.929,86.919,86.929,22,0
2015-04-17,20:00:00,86.435,86.62,86.435,86.62,180,0
2015-04-17,20:15:00,86.66,86.679,86.66,86.679,31,0
2015-04-17,20:20:00,86.401,86.67,86.401,86.421,3,0
2015-04-17,20:30:00,86.458,86.541,86.444,86.491,9267,0
2015-04-17,20:35:00,86.62,86.62,86.62,86.62,19,0
2015-04-17,20:40:00,86.611,86.611,86.611,86.611,49,0
2015-04-17,20:45:00,86.62,86.62,86.611,86.62,17,0
2015-04-17,21:00:00,86.611,86.611,86.611,86.611,27,0
2015-04-17,21:05:00,86.611,86.62,86.611,86.62,60,0
2015-04-17,21:10:00,86.402,86.402,86.402,86.402,45,0
2015-04-17,21:15:00,86.611,86.611,86.611,86.611,100,0
2015-04-17,21:20:00,86.72,86.73,86.72,86.73,32,0
2015-04-17,21:25:00,86.611,86.611,86.611,86.611,201,0
2015-04-17,21:30:00,86.68,86.68,86.68,86.68,125,0
2015-04-17,21:50:00,86.889,86.889,86.64,86.64,16,0
2015-04-17,21:55:00,86.848,86.848,86.591,86.83,144,0
2015-04-17,22:00:00,86.82,86.829,86.591,86.591,41,0
2015-04-20,15:35:00,87.138,87.138,87.138,87.138,366,0
2015-04-20,15:40:00,87.228,87.228,87.228,87.228,301,0
2015-04-20,15:50:00,87.467,87.477,87.467,87.477,201,0
2015-04-20,16:00:00,87.447,87.447,87.447,87.447,31,0
2015-04-20,16:15:00,87.298,87.298,87.298,87.298,30,0
2015-04-20,16:20:00,87.158,87.158,87.158,87.158,1,0
2015-04-20,16:35:00,87.229,87.229,87.229,87.229,6,0
2015-04-20,16:50:00,87.467,87.467,87.467,87.467,3,0
2015-04-20,16:55:00,87.457,87.457,87.457,87.457,1,0
2015-04-20,17:00:00,87.487,87.487,87.487,87.487,37,0
2015-04-20,17:05:00,87.487,87.656,87.477,87.656,635,0
2015-04-20,17:15:00,87.765,87.765,87.438,87.438,14,0
2015-04-20,17:25:00,87.706,87.706,87.437,87.437,4,0
2015-04-20,17:45:00,87.437,87.437,87.437,87.437,2,0
2015-04-20,18:05:00,87.646,87.646,87.438,87.438,9,0
2015-04-20,18:50:00,87.645,87.645,87.645,87.645,9,0
2015-04-20,19:05:00,87.646,87.646,87.646,87.646,9,0
2015-04-20,19:10:00,87.438,87.438,87.437,87.437,27,0
2015-04-20,19:15:00,87.645,87.645,87.645,87.645,20,0
2015-04-20,19:25:00,87.645,87.645,87.645,87.645,10,0
2015-04-20,19:40:00,87.397,87.397,87.397,87.397,83,0
2015-04-20,20:00:00,87.397,87.467,87.397,87.467,145,0
2015-04-20,20:10:00,87.586,87.586,87.586,87.586,2,0
2015-04-20,20:15:00,87.566,87.566,87.317,87.317,221,0
2015-04-20,20:20:00,87.565,87.565,87.565,87.565,81,0
2015-04-20,20:25:00,87.566,87.566,87.327,87.327,5,0
2015-04-20,20:30:00,87.338,87.566,87.338,87.338,4,0
2015-04-20,20:40:00,87.566,87.566,87.566,87.566,34,0
2015-04-20,21:00:00,87.347,87.347,87.347,87.347,212,0
2015-04-20,21:05:00,87.565,87.565,87.565,87.565,4,0
2015-04-20,21:10:00,87.367,87.367,87.367,87.367,1,0
2015-04-20,21:25:00,87.556,87.556,87.378,87.387,9,0
2015-04-20,21:30:00,87.388,87.388,87.388,87.388,1,0
2015-04-20,21:35:00,87.387,87.387,87.387,87.387,1,0
2015-04-20,21:40:00,87.556,87.556,87.556,87.556,11,0
2015-04-20,21:45:00,87.555,87.556,87.308,87.556,190,0
2015-04-20,21:50:00,87.138,87.138,87.138,87.138,1,0
2015-04-20,22:00:00,87.438,87.546,87.337,87.338,84,0
2015-04-21,15:35:00,87.965,87.965,87.606,87.606,289,0
2015-04-21,15:45:00,87.596,87.596,87.437,87.437,171,0
2015-04-21,15:55:00,87.327,87.327,87.327,87.327,258,0
2015-04-21,16:00:00,87.327,87.327,87.327,87.327,100,0
2015-04-21,16:10:00,87.317,87.317,87.317,87.317,201,0
2015-04-21,16:35:00,87.506,87.506,87.506,87.506,4,0
2015-04-21,17:00:00,87.437,87.437,87.437,87.437,1,0
2015-04-21,17:05:00,87.546,87.556,87.438,87.438,7,0
2015-04-21,17:10:00,87.447,87.447,87.447,87.447,1,0
2015-04-21,17:15:00,87.438,87.438,87.438,87.438,17,0
2015-04-21,17:20:00,87.447,87.447,87.447,87.447,1,0
2015-04-21,17:40:00,87.566,87.566,87.566,87.566,2,0
2015-04-21,17:50:00,87.496,87.496,87.357,87.437,7,0
2015-04-21,17:55:00,87.179,87.179,87.179,87.179,3,0
2015-04-21,18:05:00,87.366,87.366,87.366,87.366,13,0
2015-04-21,18:15:00,87.168,87.168,87.168,87.168,4,0
2015-04-21,18:45:00,87.178,87.178,87.178,87.178,2,0
2015-04-21,18:50:00,87.426,87.426,87.426,87.426,5,0
2015-04-21,18:55:00,87.343,87.407,87.307,87.407,641,0
2015-04-21,19:00:00,87.198,87.198,87.198,87.198,502,0
2015-04-21,19:20:00,87.199,87.328,87.199,87.328,92,0
2015-04-21,19:25:00,87.198,87.198,87.198,87.198,70,0
2015-04-21,19:35:00,87.293,87.293,87.293,87.293,43,0
2015-04-21,19:40:00,87.326,87.326,87.326,87.326,45,0
2015-04-21,19:45:00,87.317,87.317,87.317,87.317,55,0
2015-04-21,19:50:00,87.287,87.287,87.287,87.287,262,0
2015-04-21,20:00:00,87.128,87.128,87.128,87.128,30,0
2015-04-21,20:05:00,87.218,87.218,87.218,87.218,35,0
2015-04-21,20:15:00,87.228,87.228,87.019,87.019,16,0
2015-04-21,20:25:00,87.019,87.268,87.019,87.268,16,0
2015-04-21,20:45:00,87.108,87.366,87.108,87.366,15,0
2015-04-21,21:05:00,87.158,87.158,87.158,87.158,3,0
2015-04-21,21:30:00,87.336,87.336,87.336,87.336,60,0
2015-04-21,21:40:00,87.128,87.288,87.128,87.288,15,0
2015-04-21,21:55:00,87.288,87.288,87.288,87.288,12,0
2015-04-21,22:00:00,87.357,87.357,87.26,87.26,274,0
2015-04-22,19:35:00,87.228,87.268,87.228,87.268,201,0
2015-04-22,19:45:00,87.377,87.377,87.377,87.377,201,0
2015-04-22,20:50:00,87.412,87.412,87.412,87.412,342,0
2015-04-22,21:05:00,87.437,87.446,87.437,87.446,380,0
2015-04-22,21:25:00,87.417,87.417,87.417,87.417,201,0
2015-04-22,21:45:00,87.456,87.456,87.456,87.456,100,0
2015-04-22,21:50:00,87.457,87.457,87.457,87.457,226,0
2015-04-23,16:00:00,87.774,87.774,87.765,87.765,284,0
2015-04-23,16:10:00,87.726,87.775,87.726,87.775,683,0
2015-04-23,16:20:00,87.477,87.616,87.477,87.616,301,0
2015-04-23,16:40:00,87.58,87.58,87.58,87.58,100,0
2015-04-23,16:50:00,87.517,87.517,87.517,87.517,116,0
2015-04-23,17:30:00,87.586,87.586,87.586,87.586,171,0
2015-04-23,17:35:00,87.596,87.596,87.596,87.596,201,0
2015-04-23,17:50:00,87.725,87.725,87.725,87.725,100,0
2015-04-23,17:55:00,87.716,87.716,87.716,87.716,100,0
2015-04-23,18:10:00,87.925,87.925,87.925,87.925,100,0
2015-04-23,18:30:00,87.935,87.935,87.874,87.874,488,0
2015-04-23,19:40:00,88.006,88.006,88.006,88.006,228,0
2015-04-23,20:20:00,88.007,88.007,88.007,88.007,161,0
2015-04-23,20:25:00,88.101,88.101,88.101,88.101,147,0
2015-04-23,20:35:00,88.004,88.004,88.004,88.004,161,0
2015-04-23,21:10:00,88.118,88.118,87.905,87.905,1428,0
2015-04-23,21:20:00,88.152,88.152,88.152,88.152,227,0
2015-04-23,21:25:00,88.222,88.222,88.222,88.222,107,0
2015-04-23,21:40:00,88.164,88.164,88.153,88.153,201,0
2015-04-23,21:45:00,88.164,88.164,88.164,88.164,107,0
2015-04-23,21:50:00,88.103,88.103,88.103,88.103,138,0
2015-04-23,21:55:00,88.074,88.074,88.074,88.074,340,0
2015-04-24,15:35:00,87.915,87.935,87.915,87.925,403,0
2015-04-24,15:50:00,87.856,87.856,87.856,87.856,114,0
2015-04-24,15:55:00,87.616,87.616,87.616,87.616,201,0
2015-04-24,16:10:00,87.576,87.576,87.576,87.576,201,0
2015-04-24,16:25:00,87.804,87.804,87.804,87.804,121,0
2015-04-24,16:35:00,87.617,87.617,87.617,87.617,158,0
2015-04-24,17:55:00,87.646,87.716,87.646,87.716,201,0
2015-04-24,18:05:00,87.696,87.696,87.696,87.696,301,0
2015-04-24,18:50:00,87.636,87.636,87.636,87.636,100,0
2015-04-24,18:55:00,87.686,87.686,87.686,87.686,301,0
2015-04-24,19:10:00,87.457,87.457,87.457,87.457,100,0
2015-04-24,20:15:00,87.576,87.614,87.576,87.614,341,0
2015-04-24,20:30:00,87.616,87.616,87.616,87.616,301,0
2015-04-24,21:20:00,87.487,87.487,87.487,87.487,188,0
2015-04-24,21:25:00,87.576,87.576,87.566,87.566,279,0
2015-04-27,15:35:00,87.517,87.517,87.517,87.517,1423,0
2015-04-27,15:55:00,87.656,87.656,87.656,87.656,100,0
2015-04-27,16:20:00,87.876,87.876,87.876,87.876,116,0
2015-04-27,16:40:00,87.706,87.706,87.706,87.706,121,0
2015-04-27,18:35:00,87.019,87.019,87.019,87.019,110,0
2015-04-27,19:45:00,86.8,87.077,86.8,87.077,552,0
2015-04-27,20:00:00,86.82,86.82,86.82,86.82,517,0
2015-04-27,20:05:00,86.969,86.969,86.969,86.969,100,0
2015-04-27,21:00:00,86.909,86.909,86.899,86.899,207,0
2015-04-27,21:35:00,86.969,86.969,86.969,86.969,201,0
2015-04-27,21:40:00,86.969,86.969,86.969,86.969,100,0
2015-04-27,21:55:00,87.057,87.057,86.869,86.869,212,0
2015-04-28,17:00:00,87.218,87.247,87.218,87.247,502,0
2015-04-28,17:20:00,87.536,87.536,87.536,87.536,155,0
2015-04-28,17:35:00,87.477,87.477,87.477,87.477,251,0
2015-04-28,18:40:00,87.586,87.586,87.586,87.586,411,0
2015-04-28,18:55:00,87.311,87.311,87.311,87.311,141,0
2015-04-28,19:00:00,87.347,87.347,87.347,87.347,431,0
2015-04-28,19:25:00,87.531,87.531,87.531,87.531,145,0
2015-04-28,20:05:00,87.556,87.556,87.477,87.477,502,0
2015-04-28,20:25:00,87.566,87.566,87.566,87.566,110,0
2015-04-28,21:05:00,87.501,87.501,87.501,87.501,139,0
2015-04-28,21:25:00,87.616,87.616,87.616,87.616,100,0
2015-04-28,21:30:00,87.696,87.696,87.696,87.696,346,0
2015-04-28,21:40:00,87.635,87.635,87.635,87.635,201,0
2015-04-29,15:35:00,87.447,87.447,87.417,87.417,3284,0
2015-04-29,15:40:00,87.417,87.417,87.218,87.218,2411,0
2015-04-29,16:05:00,87.238,87.238,87.238,87.238,103,0
2015-04-29,16:25:00,87.157,87.157,87.157,87.157,603,0
2015-04-29,18:10:00,87.398,87.398,87.398,87.398,341,0
2015-04-29,19:00:00,87.148,87.219,87.148,87.219,601,0
2015-04-29,20:00:00,87.347,87.347,87.332,87.332,201,0
2015-04-29,20:10:00,87.407,87.407,87.407,87.407,100,0
2015-04-29,20:20:00,87.556,87.556,87.218,87.218,201,0
2015-04-29,20:45:00,87.606,87.606,87.606,87.606,188,0
2015-04-29,21:20:00,87.485,87.485,87.485,87.485,146,0
2015-04-29,21:30:00,87.459,87.459,87.459,87.459,105,0
2015-04-30,15:35:00,87.337,87.337,87.337,87.337,302,0
2015-04-30,15:50:00,87.043,87.043,87.043,87.043,308,0
2015-04-30,16:05:00,86.63,86.63,86.62,86.62,1024,0
2015-04-30,16:50:00,86.67,86.67,86.67,86.67,522,0
2015-04-30,17:00:00,86.534,86.534,86.534,86.534,112,0
2015-04-30,18:45:00,87.088,87.088,87.088,87.088,251,0
2015-04-30,18:50:00,86.849,87.078,86.849,87.078,781,0
2015-04-30,19:15:00,87.163,87.163,87.163,87.163,171,0
2015-04-30,19:30:00,86.945,86.945,86.945,86.945,251,0
2015-04-30,20:30:00,86.786,86.786,86.786,86.786,156,0
2015-04-30,20:45:00,86.81,86.81,86.81,86.81,160,0
2015-04-30,21:05:00,86.441,86.441,86.272,86.391,805,0
2015-04-30,21:40:00,86.62,86.62,86.497,86.497,897,0
2015-05-01,15:35:00,86.919,86.919,86.919,86.919,705,0
2015-05-01,15:45:00,87.118,87.118,87.104,87.104,286,0
2015-05-01,15:55:00,86.999,86.999,86.965,86.965,502,0
2015-05-01,16:05:00,86.969,86.969,86.969,86.969,480,0
2015-05-01,16:25:00,87.148,87.168,87.148,87.168,215,0
2015-05-01,16:35:00,87.118,87.118,87.118,87.118,100,0
2015-05-01,16:40:00,86.889,86.889,86.889,86.889,201,0
2015-05-01,16:55:00,86.939,86.939,86.939,86.939,100,0
2015-05-01,17:10:00,86.889,86.889,86.889,86.889,100,0
2015-05-01,17:15:00,86.65,86.748,86.63,86.748,101960,0
2015-05-01,17:20:00,86.64,86.64,86.63,86.63,1707,0
2015-05-01,17:25:00,86.63,86.64,86.63,86.64,301,0
2015-05-01,17:30:00,86.68,86.73,86.63,86.73,1306,0
2015-05-01,17:35:00,86.76,86.76,86.71,86.712,5223,0
2015-05-01,17:55:00,86.494,86.571,86.494,86.571,518,0
2015-05-01,18:05:00,86.7,86.7,86.7,86.7,100,0
2015-05-01,18:30:00,86.72,86.72,86.72,86.72,100,0
2015-05-01,18:40:00,86.79,86.79,86.79,86.79,100,0
2015-05-01,19:00:00,86.849,86.849,86.849,86.849,252,0
2015-05-01,19:05:00,86.72,86.72,86.72,86.72,252,0
2015-05-01,19:10:00,86.591,86.591,86.591,86.591,193,0
2015-05-01,19:40:00,86.877,86.877,86.877,86.877,129,0
2015-05-01,20:35:00,86.909,86.909,86.909,86.909,147,0
2015-05-01,20:45:00,87.208,87.208,87.088,87.088,232,0
2015-05-01,21:10:00,87.138,87.138,87.138,87.138,100,0
2015-05-04,15:35:00,86.979,86.979,86.979,86.979,503,0
2015-05-04,15:45:00,87.268,87.268,87.268,87.268,219,0
2015-05-04,16:30:00,87.517,87.517,87.517,87.517,100,0
2015-05-04,16:40:00,87.517,87.517,87.517,87.517,201,0
2015-05-04,16:50:00,87.347,87.347,87.347,87.347,219,0
2015-05-04,17:35:00,87.288,87.288,87.288,87.288,100,0
2015-05-04,18:00:00,87.447,87.447,87.447,87.447,100,0
2015-05-04,19:10:00,87.377,87.386,87.274,87.274,3721,0
2015-05-04,19:25:00,87.347,87.387,87.258,87.268,1531,0
2015-05-04,19:30:00,87.367,87.367,87.367,87.367,710,0
2015-05-04,21:00:00,87.527,87.527,87.527,87.527,188,0
2015-05-04,21:55:00,87.496,87.496,87.496,87.496,125,0
2015-05-04,22:00:00,87.479,87.479,87.479,87.479,100,0
2015-05-05,15:35:00,87.497,87.497,87.168,87.168,370,0
2015-05-05,15:55:00,87.489,87.489,87.457,87.467,1456,0
2015-05-05,16:00:00,87.168,87.178,87.168,87.168,655,0
2015-05-05,16:05:00,87.019,87.019,87.019,87.019,301,0
2015-05-05,16:50:00,87.158,87.158,87.158,87.158,100,0
2015-05-05,17:30:00,86.869,86.869,86.869,86.869,100,0
2015-05-05,17:35:00,86.601,86.601,86.601,86.601,703,0
2015-05-05,18:50:00,86.82,86.82,86.82,86.82,201,0
2015-05-05,19:30:00,86.481,86.481,86.481,86.481,264,0
2015-05-05,20:00:00,86.312,86.312,86.312,86.312,467,0
2015-05-05,20:20:00,86.302,86.302,86.302,86.302,327,0
2015-05-05,21:30:00,86.391,86.391,86.391,86.391,173,0
2015-05-05,21:55:00,86.291,86.291,86.291,86.291,164,0
2015-05-06,15:40:00,86.491,86.491,86.491,86.491,264,0
2015-05-06,15:45:00,86.312,86.336,86.312,86.312,301,0
2015-05-06,16:40:00,86.232,86.232,86.232,86.232,114,0
2015-05-06,17:55:00,86.182,86.182,86.182,86.182,184,0
2015-05-06,19:35:00,86.023,86.023,86.023,86.023,100,0
2015-05-06,19:50:00,86.142,86.142,86.142,86.142,373,0
2015-05-06,20:10:00,86.083,86.083,86.083,86.083,612,0
2015-05-06,20:25:00,86,86,86,86,629,0
2015-05-06,20:40:00,85.763,85.763,85.763,85.763,137,0
2015-05-06,21:35:00,86.142,86.142,86.142,86.142,136,0
2015-05-06,21:45:00,86.087,86.087,86.087,86.087,100,0
2015-05-06,21:50:00,86.103,86.103,86.103,86.103,100,0
2015-05-07,15:35:00,86.461,86.461,86.461,86.461,193,0
2015-05-07,15:55:00,86.063,86.063,86.063,86.063,100,0
2015-05-07,16:00:00,85.854,85.854,85.854,85.854,104,0
2015-05-07,20:00:00,86.192,86.192,86.192,86.192,502,0
2015-05-07,20:20:00,86.349,86.349,86.349,86.349,1023,0
2015-05-07,20:40:00,86.391,86.391,86.252,86.252,1356,0
2015-05-08,15:35:00,86.74,86.74,86.74,86.74,160,0
2015-05-08,15:40:00,87.138,87.138,87.138,87.138,378,0
2015-05-08,15:50:00,87.096,87.096,87.096,87.096,100,0
2015-05-08,15:55:00,87.078,87.078,87.078,87.078,100,0
2015-05-08,16:15:00,87.278,87.278,87.278,87.278,100,0
2015-05-08,16:45:00,87.039,87.039,87.039,87.039,100,0
2015-05-08,17:15:00,87.238,87.238,87.238,87.238,100,0
2015-05-08,17:50:00,87.258,87.258,87.258,87.258,100,0
2015-05-08,18:25:00,87.317,87.317,87.317,87.317,100,0
2015-05-08,18:50:00,87.178,87.178,87.178,87.178,100,0
2015-05-08,18:55:00,87.069,87.069,87.069,87.069,121,0
2015-05-08,19:30:00,87.258,87.258,87.258,87.258,201,0
2015-05-08,19:35:00,87.098,87.098,87.098,87.098,301,0
2015-05-08,21:15:00,87.103,87.103,87.103,87.103,194,0
2015-05-08,21:20:00,87.188,87.188,87.188,87.188,253,0
2015-05-11,15:35:00,87.228,87.228,87.228,87.228,345,0
2015-05-11,16:20:00,87.317,87.317,87.317,87.317,201,0
2015-05-11,16:40:00,87.198,87.208,87.198,87.208,560,0
2015-05-11,17:05:00,87.188,87.188,87.188,87.188,100,0
2015-05-11,17:45:00,87.231,87.231,87.231,87.231,375,0
2015-05-11,19:10:00,87.372,87.372,87.372,87.372,166,0
2015-05-11,19:15:00,87.288,87.288,87.288,87.288,249,0
2015-05-11,19:30:00,87.464,87.464,87.464,87.464,161,0
2015-05-11,19:35:00,87.306,87.306,87.198,87.198,797,0
2015-05-11,20:40:00,87.138,87.138,87.138,87.138,100,0
2015-05-11,20:45:00,87.268,87.367,87.268,87.367,603,0
2015-05-11,21:15:00,87.049,87.049,87.049,87.049,326,0
2015-05-11,22:00:00,87.138,87.307,87.138,87.307,399,0
2015-05-12,15:35:00,86.78,86.78,86.78,86.78,494,0
2015-05-12,16:05:00,86.441,86.441,86.421,86.421,347,0
2015-05-12,16:40:00,86.626,86.626,86.626,86.626,100,0
2015-05-12,16:45:00,86.592,86.592,86.592,86.592,153,0
2015-05-12,19:15:00,87.158,87.158,87.158,87.158,110,0
2015-05-12,19:50:00,87.049,87.049,87.049,87.049,171,0
2015-05-12,20:20:00,87.118,87.118,87.118,87.118,395,0
2015-05-12,20:35:00,87.248,87.277,87.248,87.277,288,0
2015-05-12,21:00:00,87.059,87.059,87.059,87.059,100,0
2015-05-12,21:05:00,87.071,87.071,87.071,87.071,178,0
2015-05-12,21:15:00,87.178,87.178,87.178,87.178,182,0
2015-05-12,22:00:00,87.078,87.078,87.078,87.078,124,0
2015-05-13,15:40:00,87.417,87.417,87.417,87.417,2411,0
2015-05-13,16:20:00,87.218,87.218,87.218,87.218,100,0
2015-05-13,17:20:00,86.959,86.959,86.959,86.959,281,0
2015-05-13,17:25:00,87.218,87.218,87.176,87.218,386,0
2015-05-13,17:40:00,87.188,87.188,87.188,87.188,100,0
2015-05-13,17:50:00,87.31,87.31,87.31,87.31,171,0
2015-05-13,18:30:00,87.228,87.228,87.218,87.218,201,0
2015-05-13,20:20:00,87.278,87.364,87.278,87.364,506,0
2015-05-13,21:25:00,87.128,87.128,87.128,87.128,201,0
2015-05-14,15:35:00,87.596,87.596,87.596,87.596,230,0
2015-05-14,18:05:00,87.82,87.875,87.82,87.875,1509,0
2015-05-14,18:10:00,87.7,87.7,87.7,87.7,346,0
2015-05-14,18:35:00,87.955,87.955,87.955,87.955,100,0
2015-05-14,19:10:00,87.945,87.945,87.945,87.945,179,0
2015-05-14,19:40:00,87.984,87.984,87.984,87.984,100,0
2015-05-14,20:00:00,87.925,87.925,87.925,87.925,106,0
2015-05-14,20:15:00,87.907,87.907,87.907,87.907,100,0
2015-05-14,20:30:00,87.865,87.865,87.865,87.865,185,0
2015-05-14,20:35:00,88.014,88.014,88.014,88.014,109,0
2015-05-14,21:00:00,87.896,87.896,87.896,87.896,189,0
2015-05-14,21:30:00,87.917,87.917,87.917,87.917,121,0
2015-05-15,15:35:00,88.134,88.134,88.134,88.134,593,0
2015-05-15,16:05:00,87.507,87.507,87.507,87.507,201,0
2015-05-15,16:55:00,87.895,87.905,87.895,87.905,502,0
2015-05-15,17:15:00,87.768,87.768,87.768,87.768,119,0
2015-05-15,19:15:00,87.855,87.855,87.845,87.845,582,0
2015-05-15,19:20:00,87.676,87.825,87.676,87.825,201,0
2015-05-15,19:50:00,87.721,87.721,87.721,87.721,103,0
2015-05-15,20:10:00,87.736,87.736,87.736,87.736,100,0
2015-05-15,21:15:00,87.919,87.919,87.919,87.919,354,0
2015-05-15,21:30:00,87.775,87.775,87.775,87.775,100,0
2015-05-15,21:50:00,87.887,87.887,87.887,87.887,1463,0
2015-05-15,21:55:00,87.736,87.736,87.736,87.736,155,0
2015-05-18,15:35:00,87.646,87.646,87.646,87.646,1966,0
2015-05-18,15:55:00,87.845,87.845,87.845,87.845,210,0
2015-05-18,16:20:00,87.71,87.71,87.71,87.71,454,0
2015-05-18,16:25:00,87.726,87.726,87.726,87.726,100,0
2015-05-18,16:30:00,87.785,87.785,87.775,87.775,211,0
2015-05-18,17:45:00,88.164,88.164,88.164,88.164,125,0
2015-05-18,18:10:00,88.164,88.164,88.164,88.164,904,0
2015-05-18,18:15:00,88.164,88.213,88.164,88.213,201,0
2015-05-18,19:05:00,88.101,88.101,88.101,88.101,199,0
2015-05-18,19:40:00,88.293,88.293,88.293,88.293,282,0
2015-05-18,21:50:00,88.473,88.473,88.473,88.473,381,0
2015-05-18,22:00:00,88.558,88.558,88.558,88.558,763,0
2015-05-19,15:35:00,88.263,88.263,88.263,88.263,201,0
2015-05-19,15:45:00,88.313,88.313,88.313,88.313,271,0
2015-05-19,15:55:00,88.16,88.16,88.16,88.16,240,0
2015-05-19,16:40:00,88.194,88.202,88.194,88.202,402,0
2015-05-19,16:50:00,88.213,88.213,88.079,88.079,681,0
2015-05-19,17:35:00,88.204,88.204,88.204,88.204,201,0
2015-05-19,19:35:00,88.213,88.213,88.213,88.213,352,0
2015-05-19,22:00:00,88.074,88.074,88.074,88.074,311,0
2015-05-20,15:35:00,88.602,88.602,88.602,88.602,226,0
2015-05-20,18:00:00,88.203,88.203,88.203,88.203,182,0
2015-05-20,18:05:00,88.274,88.274,88.274,88.274,131,0
2015-05-20,20:00:00,88.293,88.293,88.293,88.293,288,0
2015-05-20,20:05:00,88.377,88.377,88.377,88.377,221,0
2015-05-20,20:20:00,88.263,88.263,88.263,88.263,150,0
2015-05-20,20:35:00,88.418,88.418,88.418,88.418,100,0
2015-05-20,21:00:00,88.46,88.46,88.46,88.46,134,0
2015-05-20,21:35:00,88.254,88.254,88.254,88.254,100,0
2015-05-20,21:50:00,88.492,88.492,88.492,88.492,251,0
2015-05-20,21:55:00,88.355,88.355,88.355,88.355,103,0
2015-05-20,22:00:00,88.367,88.367,88.367,88.367,240,0
2015-05-21,15:35:00,88.442,88.442,88.442,88.442,356,0
2015-05-21,15:45:00,88.592,88.601,88.469,88.594,1589,0
2015-05-21,16:25:00,88.475,88.475,88.475,88.475,232,0
2015-05-21,16:30:00,88.532,88.532,88.532,88.532,110,0
2015-05-21,17:50:00,88.512,88.512,88.512,88.512,180,0
2015-05-21,18:30:00,88.568,88.568,88.568,88.568,159,0
2015-05-21,18:35:00,88.571,88.571,88.571,88.571,181,0
2015-05-21,18:40:00,88.482,88.482,88.482,88.482,100,0
2015-05-21,19:55:00,88.353,88.353,88.353,88.353,110,0
2015-05-21,20:25:00,88.317,88.317,88.317,88.317,178,0
2015-05-21,21:30:00,88.462,88.462,88.462,88.462,207,0
2015-05-21,21:50:00,88.555,88.555,88.555,88.555,368,0
2015-05-22,15:45:00,88.309,88.309,88.309,88.309,140,0
2015-05-22,15:50:00,88.433,88.433,88.433,88.433,1517,0
2015-05-22,16:00:00,88.343,88.343,88.343,88.343,100,0
2015-05-22,16:25:00,88.365,88.365,88.365,88.365,176,0
2015-05-22,19:40:00,88.339,88.339,88.339,88.339,176,0
2015-05-22,19:50:00,88.351,88.351,88.351,88.351,144,0
2015-05-22,20:30:00,88.346,88.346,88.346,88.346,100,0
2015-05-22,21:55:00,88.363,88.363,88.263,88.263,276,0
2015-05-26,17:10:00,87.061,87.061,87.061,87.061,135,0
2015-05-26,17:15:00,87.086,87.086,87.086,87.086,867,0
2015-05-26,18:55:00,87.327,87.327,87.327,87.327,103,0
2015-05-26,19:10:00,87.108,87.108,87.108,87.108,100,0
2015-05-26,21:10:00,87.188,87.188,87.188,87.188,153,0
2015-05-26,21:45:00,87.396,87.396,87.393,87.393,349,0
2015-05-27,15:35:00,87.606,87.606,87.606,87.606,145,0
2015-05-27,15:55:00,87.705,87.705,87.696,87.696,538,0
2015-05-27,16:25:00,87.367,87.367,87.367,87.367,301,0
2015-05-27,16:55:00,87.387,87.437,87.317,87.337,2754,0
2015-05-27,17:00:00,87.342,87.342,87.298,87.298,341,0
2015-05-27,17:10:00,87.307,87.307,87.307,87.307,1055,0
2015-05-27,17:25:00,87.507,87.507,87.507,87.507,100,0
2015-05-27,19:05:00,87.745,87.745,87.745,87.745,210,0
2015-05-27,21:35:00,87.834,87.834,87.834,87.834,176,0
2015-05-27,21:55:00,88.024,88.024,88.024,88.024,183,0
2015-05-27,22:00:00,88.014,88.014,88.014,88.014,124,0
2015-05-28,15:55:00,87.726,87.726,87.626,87.626,703,0
2015-05-28,16:35:00,87.596,87.596,87.397,87.397,804,0
2015-05-28,17:45:00,87.576,87.576,87.576,87.576,153,0
2015-05-28,18:05:00,87.526,87.526,87.526,87.526,100,0
2015-05-28,20:05:00,87.477,87.477,87.477,87.477,100,0
2015-05-28,20:10:00,87.516,87.516,87.512,87.516,456,0
2015-05-28,20:50:00,87.636,87.636,87.636,87.636,100,0
2015-05-29,17:45:00,87.088,87.088,87.088,87.088,402,0
2015-05-29,19:35:00,87.546,87.546,87.546,87.546,100,0
2015-05-29,20:00:00,87.526,87.546,87.526,87.546,317,0
2015-05-29,20:05:00,87.546,87.546,87.507,87.507,271,0
2015-05-29,20:25:00,87.487,87.487,87.487,87.487,109,0
2015-05-29,20:45:00,87.417,87.417,87.417,87.417,226,0
2015-05-29,21:10:00,87.367,87.367,87.367,87.367,100,0
2015-05-29,21:35:00,87.223,87.223,87.223,87.223,127,0
2015-05-29,22:00:00,87.218,87.218,87.218,87.218,212,0
2015-06-01,15:35:00,87.775,87.775,87.775,87.775,840,0
2015-06-01,16:20:00,87.048,87.048,87.048,87.048,114,0
2015-06-01,16:55:00,86.869,86.869,86.869,86.869,502,0
2015-06-01,17:15:00,86.969,86.969,86.969,86.969,100,0
2015-06-01,18:40:00,87.615,87.615,87.615,87.615,136,0
2015-06-01,19:10:00,87.47,87.676,87.47,87.572,407,0
2015-06-01,19:15:00,87.646,87.666,87.646,87.666,703,0
2015-06-01,19:20:00,87.656,87.656,87.656,87.656,904,0
2015-06-01,19:25:00,87.636,87.636,87.636,87.636,1105,0
2015-06-01,19:30:00,87.646,87.646,87.616,87.616,1105,0
2015-06-01,20:00:00,87.556,87.556,87.556,87.556,100,0
2015-06-01,20:30:00,87.685,87.685,87.685,87.685,101,0
2015-06-01,20:55:00,87.238,87.467,87.238,87.258,1507,0
2015-06-01,21:35:00,87.359,87.359,87.359,87.359,175,0
2015-06-01,22:00:00,87.317,87.317,87.317,87.317,147,0
2015-06-02,15:35:00,87.238,87.238,87.238,87.238,372,0
2015-06-02,15:40:00,87.138,87.138,87.106,87.106,402,0
2015-06-02,16:00:00,87.078,87.078,87.078,87.078,100,0
2015-06-02,16:20:00,87.288,87.288,87.288,87.288,134,0
2015-06-02,16:25:00,87.307,87.307,87.307,87.307,100,0
2015-06-02,17:00:00,87.487,87.487,87.487,87.487,100,0
2015-06-02,17:05:00,87.383,87.383,87.383,87.383,113,0
2015-06-02,17:40:00,87.507,87.507,87.507,87.507,100,0
2015-06-02,18:20:00,87.716,87.716,87.716,87.716,100,0
2015-06-02,18:50:00,87.517,87.517,87.517,87.517,247,0
2015-06-02,18:55:00,87.854,87.854,87.854,87.854,171,0
2015-06-02,19:30:00,87.825,87.825,87.825,87.825,261,0
2015-06-02,20:10:00,87.546,87.546,87.546,87.546,755,0
2015-06-02,21:25:00,87.566,87.566,87.566,87.566,236,0
2015-06-02,21:30:00,87.566,87.566,87.566,87.566,100,0
2015-06-02,22:00:00,87.507,87.507,87.507,87.507,301,0
2015-06-03,15:35:00,87.885,87.885,87.885,87.885,124,0
2015-06-03,15:50:00,87.775,87.775,87.775,87.775,100,0
2015-06-03,16:10:00,87.925,87.925,87.925,87.925,100,0
2015-06-03,16:40:00,88.208,88.283,88.208,88.283,487,0
2015-06-03,17:00:00,88.373,88.373,88.373,88.373,100,0
2015-06-03,17:10:00,88.154,88.323,88.154,88.303,2519,0
2015-06-03,17:20:00,88.383,88.383,88.383,88.383,100,0
2015-06-03,17:45:00,88.134,88.134,88.134,88.134,100,0
2015-06-03,18:00:00,88.174,88.174,88.174,88.174,100,0
2015-06-03,19:30:00,88.032,88.034,87.867,88.034,990,0
2015-06-03,20:10:00,88.134,88.144,88.104,88.104,804,0
2015-06-03,21:10:00,88.01,88.054,88.01,88.054,450,0
2015-06-03,22:00:00,88.102,88.103,88.102,88.103,201,0
2015-06-04,15:35:00,87.726,87.726,87.726,87.726,458,0
2015-06-04,16:30:00,87.586,87.586,87.497,87.497,772,0
2015-06-04,16:55:00,87.546,87.555,87.546,87.555,1089,0
2015-06-04,17:10:00,87.367,87.367,87.357,87.357,201,0
2015-06-04,18:00:00,87.396,87.396,87.387,87.387,352,0
2015-06-04,19:05:00,87.347,87.347,87.347,87.347,1004,0
2015-06-04,19:45:00,87.108,87.118,87.108,87.118,201,0
2015-06-04,20:55:00,87.138,87.138,87.138,87.138,218,0
2015-06-04,21:05:00,87.168,87.168,87.168,87.168,100,0
2015-06-04,21:35:00,87.095,87.095,87.095,87.095,782,0
2015-06-04,21:45:00,87.117,87.117,87.117,87.117,156,0
2015-06-04,21:55:00,87.088,87.088,87.078,87.078,627,0
2015-06-04,22:00:00,87.078,87.078,87.078,87.078,201,0
2015-06-05,16:05:00,87.288,87.298,87.284,87.284,2737,0
2015-06-05,17:10:00,87.158,87.168,87.158,87.168,10222,0
2015-06-05,17:20:00,87.118,87.118,87.118,87.118,100,0
2015-06-05,17:40:00,87.098,87.108,87.098,87.103,6439,0
2015-06-05,18:20:00,87.198,87.198,87.198,87.198,118,0
2015-06-05,18:30:00,87.118,87.118,87.118,87.118,100,0
2015-06-05,18:35:00,87.108,87.108,87.108,87.108,100,0
2015-06-05,18:40:00,87.078,87.078,87.078,87.078,331,0
2015-06-05,19:35:00,87.327,87.327,87.327,87.327,462,0
2015-06-05,19:40:00,87.258,87.258,87.258,87.258,116,0
2015-06-05,20:35:00,87.364,87.364,87.364,87.364,283,0
2015-06-05,21:10:00,87.487,87.487,87.487,87.487,154,0
2015-06-05,21:25:00,87.447,87.447,87.381,87.381,327,0
2015-06-05,21:55:00,87.436,87.437,87.436,87.437,205,0
2015-06-08,15:35:00,87.586,87.586,87.586,87.586,375,0
2015-06-08,16:10:00,87.417,87.417,87.417,87.417,100,0
2015-06-08,16:50:00,87.337,87.337,87.337,87.337,201,0
2015-06-08,18:50:00,87.088,87.088,87.088,87.088,100,0
2015-06-08,18:55:00,87.029,87.029,87.029,87.029,173,0
2015-06-08,19:00:00,87.029,87.029,87.029,87.029,186,0
2015-06-08,19:05:00,87.009,87.009,87.009,87.009,100,0
2015-06-08,19:25:00,86.951,86.951,86.951,86.951,301,0
2015-06-08,19:30:00,86.979,86.979,86.979,86.979,124,0
2015-06-08,20:25:00,86.929,86.929,86.929,86.929,201,0
2015-06-08,20:35:00,86.958,86.958,86.958,86.958,502,0
2015-06-08,20:40:00,87.168,87.168,87.168,87.168,151,0
2015-06-08,20:50:00,87.148,87.148,87.148,87.148,189,0
2015-06-08,21:30:00,87.069,87.069,87.069,87.069,1511,0
2015-06-08,22:00:00,87.039,87.039,87.039,87.039,227,0
2015-06-09,15:35:00,86.909,86.959,86.909,86.959,789,0
2015-06-09,15:45:00,87.029,87.029,87.029,87.029,301,0
2015-06-09,16:20:00,86.849,86.849,86.849,86.849,100,0
2015-06-09,16:50:00,86.82,86.82,86.82,86.82,215,0
2015-06-09,16:55:00,86.843,86.843,86.843,86.843,146,0
2015-06-09,17:00:00,86.949,86.949,86.949,86.949,201,0
2015-06-09,17:20:00,87.039,87.039,87.039,87.039,201,0
2015-06-09,17:45:00,87.198,87.198,87.198,87.198,273,0
2015-06-09,17:55:00,87.173,87.173,87.168,87.168,301,0
2015-06-09,18:50:00,87.056,87.078,87.056,87.078,201,0
2015-06-09,19:10:00,87.118,87.118,87.118,87.118,100,0
2015-06-09,19:20:00,87.107,87.118,87.039,87.108,17524,0
2015-06-09,19:25:00,87.127,87.138,87.074,87.138,1265,0
2015-06-09,19:35:00,87.093,87.093,87.088,87.088,1205,0
2015-06-09,19:40:00,87.088,87.088,87.049,87.049,301,0
2015-06-09,19:45:00,87.049,87.049,87.049,87.049,502,0
2015-06-09,21:10:00,86.947,86.947,86.947,86.947,212,0
2015-06-09,21:30:00,86.89,86.89,86.859,86.859,393,0
2015-06-09,22:00:00,86.899,86.899,86.899,86.899,109,0
2015-06-10,15:35:00,87.288,87.288,87.288,87.288,244,0
2015-06-10,15:40:00,87.616,87.616,87.616,87.616,100,0
2015-06-10,17:30:00,88.174,88.174,88.174,88.174,201,0
2015-06-10,17:40:00,88.19,88.19,88.19,88.19,116,0
2015-06-10,18:50:00,88.134,88.134,88.124,88.124,283,0
2015-06-10,18:55:00,88.095,88.095,88.095,88.095,433,0
2015-06-10,19:10:00,88.099,88.099,88.094,88.094,402,0
2015-06-10,19:20:00,88.094,88.094,88.094,88.094,1830,0
2015-06-10,20:10:00,88.114,88.114,88.024,88.114,781,0
2015-06-10,21:10:00,88.044,88.044,88.044,88.044,102,0
2015-06-10,21:20:00,88.084,88.084,88.084,88.084,100,0
2015-06-10,21:40:00,88.066,88.066,88.066,88.066,529,0
2015-06-11,16:40:00,88.184,88.184,88.184,88.184,100,0
2015-06-11,18:30:00,88.164,88.164,88.164,88.164,158,0
2015-06-11,19:30:00,88.223,88.223,88.223,88.223,100,0
2015-06-11,19:35:00,88.256,88.263,88.256,88.263,739,0
2015-06-11,19:45:00,88.245,88.245,88.245,88.245,111,0
2015-06-11,20:20:00,88.303,88.303,88.249,88.249,2356,0
2015-06-11,20:40:00,88.293,88.293,88.283,88.283,228,0
2015-06-11,21:10:00,88.273,88.273,88.273,88.273,100,0
2015-06-11,21:20:00,88.293,88.303,88.255,88.303,12016,0
2015-06-11,21:30:00,88.243,88.243,88.243,88.243,100,0
2015-06-11,21:35:00,88.184,88.253,88.184,88.253,211,0
2015-06-11,21:55:00,88.204,88.204,88.204,88.204,100,0
2015-06-11,22:00:00,88.266,88.351,88.233,88.313,7638,0
2015-06-12,15:50:00,88.053,88.053,88.053,88.053,100,0
2015-06-12,16:10:00,87.994,87.994,87.994,87.994,707,0
2015-06-12,16:15:00,87.955,87.955,87.955,87.955,100,0
2015-06-12,16:20:00,87.994,87.994,87.994,87.994,100,0
2015-06-12,17:00:00,87.884,87.884,87.884,87.884,145,0
2015-06-12,17:50:00,87.976,87.976,87.976,87.976,108,0
2015-06-12,18:30:00,87.947,87.947,87.947,87.947,108,0
2015-06-12,18:45:00,87.925,87.925,87.925,87.925,124,0
2015-06-12,21:40:00,87.902,87.902,87.902,87.902,100,0
2015-06-15,15:35:00,86.8,86.8,86.79,86.79,201,0
2015-06-15,16:05:00,86.67,86.67,86.66,86.66,3726,0
2015-06-15,16:15:00,86.959,86.959,86.959,86.959,100,0
2015-06-15,17:35:00,87.347,87.347,87.347,87.347,349,0
2015-06-15,17:40:00,87.337,87.347,87.337,87.337,487,0
2015-06-15,18:00:00,87.467,87.467,87.467,87.467,102,0
2015-06-15,18:25:00,87.377,87.377,87.377,87.377,200,0
2015-06-15,18:30:00,87.347,87.347,87.268,87.268,1471,0
2015-06-15,20:10:00,87.307,87.307,87.307,87.307,229,0
2015-06-16,15:35:00,87.128,87.128,87.128,87.128,744,0
2015-06-16,16:20:00,87.516,87.517,87.516,87.517,402,0
2015-06-16,17:05:00,87.527,87.527,87.527,87.527,100,0
2015-06-16,17:25:00,87.805,87.805,87.805,87.805,151,0
2015-06-16,17:55:00,87.726,87.726,87.726,87.726,402,0
2015-06-16,19:35:00,87.895,87.895,87.881,87.881,201,0
2015-06-16,20:05:00,87.965,87.965,87.965,87.965,227,0
2015-06-16,21:50:00,88.014,88.014,87.915,87.915,904,0
2015-06-16,22:00:00,87.93,87.93,87.93,87.93,301,0
2015-06-17,15:35:00,88.313,88.363,88.313,88.363,488,0
2015-06-17,15:40:00,88.383,88.383,88.383,88.383,100,0
2015-06-17,15:45:00,88.333,88.333,88.333,88.333,100,0
2015-06-17,15:50:00,88.343,88.343,88.343,88.343,100,0
2015-06-17,15:55:00,88.353,88.353,88.353,88.353,100,0
2015-06-17,16:00:00,88.164,88.164,88.164,88.164,100,0
2015-06-17,16:05:00,88.333,88.333,88.323,88.323,201,0
2015-06-17,16:10:00,88.174,88.174,88.174,88.174,201,0
2015-06-17,16:20:00,88.184,88.184,88.184,88.184,100,0
2015-06-17,16:25:00,88.164,88.164,88.164,88.164,100,0
2015-06-17,16:35:00,88.194,88.194,88.194,88.194,100,0
2015-06-17,16:40:00,88.144,88.144,88.144,88.144,100,0
2015-06-17,16:45:00,88.114,88.114,88.114,88.114,100,0
2015-06-17,16:50:00,88.064,88.064,88.064,88.064,100,0
2015-06-17,17:00:00,88.064,88.064,88.064,88.064,100,0
2015-06-17,17:05:00,88.064,88.064,88.064,88.064,100,0
2015-06-17,17:10:00,88.054,88.054,88.054,88.054,100,0
2015-06-17,17:15:00,88.044,88.044,88.044,88.044,100,0
2015-06-17,17:25:00,88.014,88.014,88.014,88.014,100,0
2015-06-17,17:30:00,88.004,88.004,88.004,88.004,100,0
2015-06-17,17:35:00,87.984,87.984,87.984,87.984,100,0
2015-06-17,17:40:00,87.975,87.975,87.975,87.975,100,0
2015-06-17,17:45:00,87.845,87.845,87.845,87.845,603,0
2015-06-17,18:00:00,88.004,88.004,88.004,88.004,100,0
2015-06-17,18:05:00,87.984,87.984,87.859,87.965,1051,0
2015-06-17,18:10:00,87.805,87.815,87.805,87.805,402,0
2015-06-17,18:20:00,87.785,87.785,87.785,87.785,422,0
2015-06-17,18:30:00,87.845,87.855,87.845,87.855,202,0
2015-06-17,19:00:00,87.576,87.576,87.576,87.576,201,0
2015-06-17,19:20:00,87.533,87.533,87.533,87.533,629,0
2015-06-17,19:35:00,87.589,87.589,87.589,87.589,114,0
2015-06-17,20:15:00,87.726,87.726,87.716,87.716,365,0
2015-06-17,21:45:00,87.885,87.885,87.885,87.885,1081,0
2015-06-17,21:55:00,87.829,87.829,87.829,87.829,101,0
2015-06-18,15:35:00,87.765,87.765,87.765,87.765,2111,0
2015-06-18,16:10:00,88.094,88.094,88.094,88.094,100,0
2015-06-18,17:05:00,88.124,88.154,88.124,88.154,200,0
2015-06-18,17:20:00,88.283,88.283,88.253,88.253,200,0
2015-06-18,17:25:00,88.233,88.233,88.233,88.233,200,0
2015-06-18,17:30:00,88.213,88.213,88.213,88.213,100,0
2015-06-18,17:45:00,88.323,88.323,88.323,88.323,100,0
2015-06-18,18:25:00,88.452,88.452,88.452,88.452,158,0
2015-06-18,19:10:00,88.333,88.333,88.333,88.333,603,0
2015-06-18,19:25:00,88.291,88.291,88.291,88.291,402,0
2015-06-18,19:45:00,88.328,88.328,88.328,88.328,100,0
2015-06-18,20:20:00,88.323,88.353,88.323,88.353,5154,0
2015-06-18,21:30:00,88.343,88.343,88.343,88.343,100,0
2015-06-18,21:50:00,88.332,88.332,88.332,88.332,171,0
2015-06-18,21:55:00,88.255,88.255,88.233,88.233,558,0
2015-06-18,22:00:00,88.213,88.233,88.213,88.233,549,0
2015-06-19,15:35:00,88.5,88.5,88.5,88.5,732,0
2015-06-19,15:40:00,88.175,88.175,88.175,88.175,100,0
2015-06-19,15:45:00,88.175,88.175,88.175,88.175,100,0
2015-06-19,16:00:00,88.18,88.18,88.18,88.18,713,0
2015-06-19,16:15:00,88.463,88.463,88.4316,88.4316,248,0
2015-06-19,16:25:00,88.4,88.4,88.4,88.4,200,0
2015-06-19,16:45:00,88.4354,88.4354,88.4354,88.4354,600,0
2015-06-19,16:55:00,88.49,88.49,88.49,88.49,200,0
2015-06-19,17:30:00,88.3568,88.46,88.3568,88.41,576,0
2015-06-19,17:35:00,88.335,88.335,88.335,88.335,100,0
2015-06-19,18:30:00,88.245,88.245,88.245,88.245,200,0
2015-06-19,19:25:00,88.29,88.29,88.29,88.29,117,0
2015-06-19,19:35:00,88.275,88.275,88.275,88.275,200,0
2015-06-19,20:05:00,88.26,88.26,88.26,88.26,451,0
2015-06-19,20:25:00,88.21,88.21,88.2,88.2,200,0
2015-06-19,20:55:00,88.24,88.24,88.135,88.135,1565,0
2015-06-19,21:20:00,88.055,88.055,88.055,88.055,400,0
2015-06-19,21:30:00,88.06,88.06,88.06,88.06,300,0
2015-06-19,21:45:00,88.19,88.19,88.19,88.19,164,0
2015-06-19,21:55:00,88.19,88.19,88.19,88.19,100,0
2015-06-19,22:00:00,88.19,88.19,88.091,88.091,255,0
2015-06-22,16:55:00,88.38,88.38,88.38,88.38,100,0
2015-06-22,17:10:00,88.37,88.37,88.37,88.37,100,0
2015-06-22,17:15:00,88.3501,88.3501,88.35,88.35,200,0
2015-06-22,17:40:00,88.4661,88.4661,88.452,88.452,1000,0
2015-06-22,18:15:00,88.3437,88.3437,88.3437,88.3437,176,0
2015-06-22,19:05:00,88.344,88.36,88.344,88.36,800,0
2015-06-22,19:45:00,88.35,88.35,88.35,88.35,100,0
2015-06-22,21:05:00,88.442,88.45,88.442,88.45,458,0
2015-06-22,21:10:00,88.44,88.44,88.44,88.44,400,0
2015-06-22,21:20:00,88.4135,88.4135,88.4135,88.4135,325,0
2015-06-23,15:35:00,88.78,88.7899,88.78,88.7899,206,0
2015-06-23,15:45:00,88.715,88.715,88.715,88.715,108,0
2015-06-23,18:05:00,88.48,88.48,88.48,88.48,100,0
2015-06-23,19:00:00,88.6699,88.6699,88.6699,88.6699,102,0
2015-06-23,20:30:00,88.73,88.73,88.73,88.73,100,0
2015-06-23,20:40:00,88.65,88.65,88.65,88.65,100,0
2015-06-23,21:10:00,88.8199,88.8199,88.8199,88.8199,184,0
2015-06-23,21:35:00,88.75,88.75,88.75,88.75,450,0
2015-06-23,21:40:00,88.795,88.795,88.795,88.795,119,0
2015-06-23,21:55:00,88.7806,88.7806,88.7806,88.7806,503,0
2015-06-24,16:10:00,88.5,88.5,88.5,88.5,365,0
2015-06-24,16:30:00,88.4,88.4,88.4,88.4,130,0
2015-06-24,17:10:00,88.349,88.349,88.347,88.347,589,0
2015-06-24,18:35:00,88.2399,88.2399,88.2399,88.2399,120,0
2015-06-24,19:20:00,88.0565,88.0565,88.0565,88.0565,146,0
2015-06-24,19:25:00,88.055,88.055,88.05,88.05,200,0
2015-06-24,20:15:00,87.98,87.98,87.96,87.96,2000,0
2015-06-24,20:50:00,87.9201,88.055,87.9201,88.055,462,0
2015-06-24,21:20:00,87.95,87.95,87.95,87.95,100,0
2015-06-24,21:45:00,87.9921,88.01,87.9921,88.01,202,0
2015-06-24,21:50:00,87.95,87.95,87.95,87.95,125,0
2015-06-24,22:00:00,87.9,87.97,87.9,87.97,490,0
2015-06-25,15:35:00,88.4,88.4,88.4,88.4,184,0
2015-06-25,16:35:00,87.86,87.86,87.86,87.86,150,0
2015-06-25,16:45:00,87.82,87.82,87.82,87.82,359,0
2015-06-25,17:15:00,87.96,87.96,87.96,87.96,200,0
2015-06-25,20:05:00,87.661,87.661,87.6505,87.6505,508,0
2015-06-25,20:15:00,87.56,87.56,87.56,87.56,100,0
2015-06-25,21:00:00,87.4773,87.4773,87.4773,87.4773,200,0
2015-06-25,21:30:00,87.53,87.5517,87.53,87.5517,234,0
2015-06-25,21:35:00,87.5396,87.5396,87.5396,87.5396,352,0
2015-06-25,21:40:00,87.516,87.516,87.516,87.516,361,0
2015-06-25,21:45:00,87.509,87.509,87.509,87.509,141,0
2015-06-25,21:50:00,87.55,87.55,87.55,87.55,200,0
2015-06-25,22:00:00,87.526,87.56,87.526,87.56,901,0
2015-06-26,17:35:00,87.803,87.803,87.7139,87.7139,511,0
2015-06-26,17:50:00,87.7296,87.7296,87.7296,87.7296,452,0
2015-06-26,18:20:00,87.7,87.7,87.7,87.7,200,0
2015-06-26,21:10:00,87.65,87.65,87.65,87.65,100,0
2015-06-26,21:40:00,87.69,87.69,87.69,87.69,100,0
2015-06-29,15:35:00,86.7,87.2,86.7,87.195,2694,0
2015-06-29,17:45:00,86.729,86.729,86.729,86.729,100,0
2015-06-29,18:10:00,86.78,86.78,86.7799,86.7799,200,0
2015-06-29,18:25:00,86.55,86.55,86.55,86.55,300,0
2015-06-29,20:15:00,86.39,86.39,86.39,86.39,100,0
2015-06-29,20:55:00,86.29,86.29,86.24,86.24,1749,0
2015-06-29,21:00:00,86.1301,86.1301,86.13,86.13,242,0
2015-06-29,22:00:00,85.84,85.84,85.84,85.84,100,0
2015-06-30,15:35:00,86.48,86.48,86.48,86.48,134,0
2015-06-30,15:45:00,85.924,85.924,85.924,85.924,210,0
2015-06-30,15:50:00,86.22,86.22,86.22,86.22,100,0
2015-06-30,15:55:00,86.15,86.15,86.15,86.15,160,0
2015-06-30,16:05:00,85.98,86.0199,85.973,86.0199,1377,0
2015-06-30,17:35:00,85.98,85.98,85.98,85.98,200,0
2015-06-30,18:40:00,85.71,85.71,85.71,85.71,203,0
2015-06-30,20:30:00,85.97,85.97,85.97,85.97,100,0
2015-06-30,21:00:00,86,86,86,86,100,0
2015-07-01,15:50:00,86.18,86.18,86.18,86.18,300,0
2015-07-01,16:15:00,86.425,86.425,86.425,86.425,110,0
2015-07-01,16:35:00,86.12,86.12,86.11,86.11,416,0
2015-07-01,16:55:00,86.01,86.02,86.01,86.01,409,0
2015-07-01,17:00:00,85.84,85.84,85.84,85.84,140,0
2015-07-01,17:05:00,85.868,85.868,85.868,85.868,140,0
2015-07-01,17:30:00,86.3099,86.3099,86.3099,86.3099,100,0
2015-07-01,17:55:00,86.194,86.194,86.194,86.194,250,0
2015-07-01,18:30:00,85.99,85.99,85.99,85.99,141,0
2015-07-01,18:50:00,85.712,85.712,85.712,85.712,116,0
2015-07-01,19:50:00,85.6701,85.6701,85.6701,85.6701,350,0
2015-07-01,20:55:00,85.58,85.58,85.58,85.58,402,0
2015-07-01,21:20:00,85.93,85.93,85.89,85.89,250,0
2015-07-01,21:30:00,86,86,86,86,100,0
2015-07-01,21:35:00,86,86,86,86,100,0
2015-07-01,22:00:00,85.982,85.982,85.982,85.982,100,0
2015-07-02,16:25:00,86.069,86.069,86.056,86.056,712,0
2015-07-02,16:35:00,86.025,86.025,86.02,86.02,200,0
2015-07-02,16:40:00,86.02,86.02,86.02,86.02,100,0
2015-07-02,16:55:00,85.85,85.85,85.85,85.85,122,0
2015-07-02,18:05:00,85.58,85.58,85.58,85.58,215,0
2015-07-02,18:30:00,85.55,85.62,85.55,85.62,488,0
2015-07-02,19:00:00,85.5359,85.5359,85.5359,85.5359,194,0
2015-07-02,20:10:00,85.61,85.61,85.61,85.61,116,0
2015-07-02,21:05:00,85.541,85.541,85.541,85.541,347,0
2015-07-02,21:35:00,85.7488,85.7488,85.7488,85.7488,179,0
2015-07-06,15:40:00,84.8685,84.8685,84.8685,84.8685,195,0
2015-07-06,15:50:00,85.26,85.26,85.26,85.26,100,0
2015-07-06,15:55:00,85.28,85.28,85.28,85.28,100,0
2015-07-06,16:45:00,85.5,85.5,85.5,85.5,100,0
2015-07-06,18:05:00,85.25,85.25,85.25,85.25,599,0
2015-07-06,18:25:00,85.381,85.381,85.381,85.381,115,0
2015-07-06,19:05:00,85.3358,85.3358,85.3358,85.3358,130,0
2015-07-06,19:10:00,85.269,85.269,85.269,85.269,447,0
2015-07-06,19:20:00,85.18,85.18,85.17,85.17,300,0
2015-07-06,20:00:00,84.99,85.0052,84.99,85.0052,993,0
2015-07-06,21:00:00,85.04,85.04,85.04,85.04,1500,0
2015-07-06,21:10:00,85.03,85.04,85.03,85.04,2300,0
2015-07-06,22:00:00,85.115,85.115,85.115,85.115,135,0
2015-07-07,15:35:00,85.28,85.28,85.28,85.28,504,0
2015-07-07,16:00:00,84.772,84.772,84.772,84.772,152,0
2015-07-07,16:05:00,84.616,84.616,84.616,84.616,135,0
2015-07-07,16:15:00,84.5,84.5,84.5,84.5,200,0
2015-07-07,16:20:00,84.52,84.52,84.52,84.52,300,0
2015-07-07,17:25:00,84.205,84.205,84.16,84.16,574,0
2015-07-07,19:35:00,85.022,85.022,85.022,85.022,174,0
2015-07-07,21:35:00,85.6,85.6,85.6,85.6,302,0
2015-07-07,21:55:00,85.448,85.448,85.448,85.448,360,0
2015-07-08,15:35:00,85.28,85.28,85.28,85.28,145,0
2015-07-08,16:05:00,84.772,84.772,84.772,84.772,401,0
2015-07-08,16:10:00,84.56,84.56,84.56,84.56,100,0
2015-07-08,17:15:00,84.826,84.826,84.826,84.826,147,0
2015-07-08,17:25:00,84.7999,84.7999,84.7999,84.7999,115,0
2015-07-08,17:30:00,84.49,84.49,84.49,84.49,516,0
2015-07-08,17:50:00,84.5536,84.5536,84.5536,84.5536,160,0
2015-07-08,18:05:00,84.28,84.28,84.28,84.28,130,0
2015-07-08,20:40:00,84.226,84.226,84.226,84.226,340,0
2015-07-08,21:00:00,84.01,84.01,84.01,84.01,113,0
2015-07-08,21:10:00,84.03,84.03,84.03,84.03,262,0
2015-07-08,21:30:00,84.16,84.16,84.16,84.16,100,0
2015-07-08,21:45:00,84.24,84.25,84.24,84.25,580,0
2015-07-09,15:35:00,85.092,85.092,85.092,85.092,456,0
2015-07-09,15:40:00,85.12,85.12,85.12,85.12,158,0
2015-07-09,15:45:00,85.11,85.11,85.11,85.11,161,0
2015-07-09,15:50:00,84.96,84.96,84.96,84.96,300,0
2015-07-09,16:05:00,84.7601,84.7601,84.7601,84.7601,117,0
2015-07-09,16:10:00,84.869,84.869,84.869,84.869,100,0
2015-07-09,16:30:00,84.53,84.53,84.53,84.53,400,0
2015-07-09,18:10:00,84.59,84.59,84.59,84.59,1060,0
2015-07-09,19:30:00,84.3789,84.3789,84.3789,84.3789,545,0
2015-07-09,19:45:00,84.53,84.53,84.53,84.53,127,0
2015-07-09,20:10:00,84.49,84.49,84.49,84.49,138,0
2015-07-09,20:25:00,84.389,84.389,84.389,84.389,100,0
2015-07-09,20:30:00,84.317,84.317,84.317,84.317,300,0
2015-07-09,21:25:00,84.62,84.62,84.62,84.62,283,0
2015-07-09,21:50:00,84.544,84.544,84.4117,84.4117,318,0
2015-07-09,22:00:00,84.45,84.45,84.45,84.45,100,0
2015-07-10,15:35:00,85.54,85.54,85.54,85.54,615,0
2015-07-10,15:40:00,85.081,85.081,85.081,85.081,300,0
2015-07-10,15:55:00,85.13,85.13,85.13,85.13,128,0
2015-07-10,16:25:00,85.05,85.05,85.05,85.05,100,0
2015-07-10,16:30:00,85.041,85.041,85.041,85.041,132,0
2015-07-10,16:55:00,85.01,85.03,85.01,85.03,9600,0
2015-07-10,17:45:00,85.09,85.09,85.09,85.09,100,0
2015-07-10,17:50:00,85.09,85.09,85.09,85.09,100,0
2015-07-10,18:30:00,85.01,85.01,85.01,85.01,100,0
2015-07-10,18:35:00,85.11,85.11,85.1093,85.11,1538,0
2015-07-10,19:05:00,85.026,85.026,85.026,85.026,101,0
2015-07-10,20:40:00,84.973,84.973,84.973,84.973,120,0
2015-07-10,20:45:00,85.0414,85.0414,85.0414,85.0414,150,0
2015-07-10,21:15:00,85.14,85.14,85.14,85.14,114,0
2015-07-10,21:45:00,85.12,85.12,85.1198,85.1198,480,0
2015-07-13,15:40:00,85.705,85.705,85.705,85.705,100,0
2015-07-13,16:05:00,85.5745,85.5745,85.5745,85.5745,227,0
2015-07-13,18:20:00,85.72,85.72,85.72,85.72,288,0
2015-07-13,18:40:00,85.7076,85.7076,85.7076,85.7076,181,0
2015-07-13,21:10:00,85.764,85.764,85.764,85.764,152,0
2015-07-13,21:25:00,85.73,85.73,85.68,85.69,1201,0
2015-07-14,18:30:00,86.062,86.0638,86.0562,86.0562,692,0
2015-07-14,19:00:00,85.95,85.95,85.95,85.95,100,0
2015-07-14,20:05:00,86.0582,86.0582,86.0582,86.0582,150,0
2015-07-14,22:00:00,86.2702,86.2835,86.2702,86.2835,253,0
2015-07-15,15:35:00,86.47,86.47,86.47,86.47,558,0
2015-07-15,15:55:00,85.8,85.8,85.8,85.8,200,0
2015-07-15,16:15:00,85.8875,85.8875,85.8875,85.8875,135,0
2015-07-15,17:15:00,85.95,85.95,85.95,85.95,516,0
2015-07-15,17:20:00,85.98,85.98,85.98,85.98,300,0
2015-07-15,19:10:00,85.6209,85.69,85.6209,85.69,396,0
2015-07-15,20:50:00,85.5,85.5,85.5,85.5,200,0
2015-07-15,21:30:00,85.45,85.45,85.45,85.45,226,0
2015-07-15,21:35:00,85.415,85.415,85.41,85.41,239,0
2015-07-15,21:40:00,85.548,85.548,85.548,85.548,100,0
2015-07-15,22:00:00,85.4727,85.4727,85.4727,85.4727,468,0
2015-07-16,17:15:00,85.83,85.83,85.83,85.83,200,0
2015-07-16,17:20:00,85.7999,85.8,85.7999,85.8,272,0
2015-07-16,17:45:00,85.8599,85.86,85.8599,85.8599,1000,0
2015-07-16,19:05:00,85.58,85.58,85.58,85.58,100,0
2015-07-16,19:15:00,85.6,85.6,85.6,85.6,169,0
2015-07-16,20:35:00,85.6,85.6,85.6,85.6,200,0
2015-07-17,15:35:00,85.7,85.7,85.7,85.7,251,0
2015-07-17,16:15:00,85.1,85.1,85.1,85.1,145,0
2015-07-17,16:35:00,85.099,85.099,85.099,85.099,100,0
2015-07-17,16:40:00,85.05,85.05,85.05,85.05,100,0
2015-07-17,17:00:00,85.1199,85.1199,85.1199,85.1199,100,0
2015-07-17,17:25:00,85.11,85.11,85.048,85.048,300,0
2015-07-17,17:30:00,85.056,85.056,85.056,85.056,179,0
2015-07-17,17:45:00,85.0999,85.0999,85.0999,85.0999,100,0
2015-07-17,18:05:00,85.0199,85.0199,85,85.0014,1150,0
2015-07-17,18:10:00,85.02,85.02,85.02,85.02,699,0
2015-07-17,19:50:00,84.95,84.95,84.95,84.95,100,0
2015-07-17,20:05:00,84.8699,84.8699,84.8699,84.8699,100,0
2015-07-17,20:15:00,84.8557,84.8557,84.8557,84.8557,116,0
2015-07-17,20:20:00,84.92,84.92,84.92,84.92,100,0
2015-07-17,20:35:00,85,85,85,85,300,0
2015-07-17,21:15:00,84.8799,84.8799,84.8799,84.8799,100,0
2015-07-17,21:20:00,84.92,84.92,84.92,84.92,100,0
2015-07-17,22:00:00,84.98,84.98,84.98,84.98,199,0
2015-07-20,15:50:00,84.79,84.79,84.68,84.68,435,0
2015-07-20,17:25:00,84.7501,84.81,84.7501,84.81,303,0
2015-07-20,20:00:00,84.7762,84.7762,84.7762,84.7762,209,0
2015-07-20,20:05:00,84.79,84.79,84.79,84.79,100,0
2015-07-20,20:45:00,84.859,84.859,84.859,84.859,100,0
2015-07-20,21:10:00,84.65,84.65,84.65,84.65,661,0
2015-07-20,21:15:00,84.74,84.82,84.74,84.82,200,0
2015-07-20,21:20:00,84.69,84.69,84.69,84.69,224,0
2015-07-20,22:00:00,84.6899,84.6899,84.6899,84.6899,139,0
2015-07-21,15:35:00,84.54,84.54,84.54,84.54,980,0
2015-07-21,15:40:00,84.801,84.801,84.801,84.801,1168,0
2015-07-21,16:10:00,84.7401,84.7401,84.7401,84.7401,100,0
2015-07-21,17:10:00,84.5,84.5,84.5,84.5,100,0
2015-07-21,20:55:00,83.9532,83.9532,83.92,83.92,1271,0
2015-07-21,21:05:00,83.955,83.955,83.955,83.955,300,0
2015-07-21,21:35:00,84.04,84.04,84.03,84.03,800,0
2015-07-21,21:40:00,84.03,84.04,84.03,84.04,200,0
2015-07-21,22:00:00,84.0334,84.0799,84.0334,84.0799,494,0
2015-07-22,19:15:00,83.93,83.93,83.93,83.93,147,0
2015-07-22,19:50:00,84.06,84.06,84.06,84.06,285,0
2015-07-22,20:05:00,84.05,84.05,84.05,84.05,197,0
2015-07-22,21:45:00,84,84,83.8501,83.8501,579,0
2015-07-23,15:55:00,84.0001,84.0001,84.0001,84.0001,254,0
2015-07-23,16:20:00,84.0301,84.0301,84.0301,84.0301,362,0
2015-07-23,20:15:00,83.72,83.72,83.72,83.72,179,0
2015-07-23,20:40:00,83.722,83.722,83.722,83.722,571,0
2015-07-23,20:50:00,83.76,83.76,83.76,83.76,257,0
2015-07-23,21:20:00,83.45,83.45,83.45,83.45,240,0
2015-07-23,21:30:00,83.5,83.5,83.5,83.5,200,0
2015-07-23,21:35:00,83.55,83.55,83.55,83.55,335,0
2015-07-23,21:50:00,83.5699,83.58,83.5699,83.58,213,0
2015-07-23,21:55:00,83.5899,83.5899,83.5899,83.5899,100,0
2015-07-24,15:35:00,83.8,83.8,83.8,83.8,138,0
2015-07-24,17:00:00,83.3,83.3,83.3,83.3,100,0
2015-07-24,18:00:00,83.07,83.0701,83.07,83.07,500,0
2015-07-24,18:25:00,83.0899,83.0899,83.0899,83.0899,535,0
2015-07-24,18:40:00,83.0432,83.0432,83.03,83.03,942,0
2015-07-24,19:55:00,82.667,82.667,82.667,82.667,185,0
2015-07-27,15:35:00,82.923,82.923,81.91,81.91,895,0
2015-07-27,16:05:00,82.0831,82.0831,82.0831,82.0831,198,0
2015-07-27,16:10:00,81.98,81.98,81.98,81.98,200,0
2015-07-27,16:15:00,82.024,82.024,82.024,82.024,200,0
2015-07-27,16:40:00,82.23,82.23,82.23,82.23,192,0
2015-07-27,17:00:00,82.1299,82.1699,82.1299,82.1699,424,0
2015-07-27,17:05:00,82.22,82.22,82.22,82.22,100,0
2015-07-27,17:20:00,81.98,81.98,81.98,81.98,100,0
2015-07-27,18:10:00,82.03,82.03,82.03,82.03,1140,0
2015-07-27,18:55:00,82,82,82,82,101,0
2015-07-27,19:25:00,81.93,81.93,81.93,81.93,106,0
2015-07-27,21:30:00,81.838,81.838,81.838,81.838,120,0
2015-07-27,21:35:00,81.815,81.815,81.815,81.815,281,0
2015-07-27,21:55:00,81.81,81.81,81.69,81.81,1043,0
2015-07-28,15:40:00,82.012,82.012,82.012,82.012,133,0
2015-07-28,15:45:00,82.06,82.06,82.06,82.06,100,0
2015-07-28,16:15:00,81.8222,81.8222,81.8222,81.8222,100,0
2015-07-28,17:10:00,82.2848,82.2848,82.2848,82.2848,275,0
2015-07-28,17:45:00,82.3601,82.3601,82.3601,82.3601,104,0
2015-07-28,18:05:00,82.5038,82.5038,82.5038,82.5038,426,0
2015-07-28,18:25:00,82.63,82.69,82.63,82.69,700,0
2015-07-28,19:25:00,82.61,82.61,82.61,82.61,350,0
2015-07-28,20:10:00,82.829,82.829,82.78,82.78,336,0
2015-07-28,20:35:00,82.859,82.859,82.859,82.859,100,0
2015-07-28,20:45:00,82.6945,82.6945,82.6945,82.6945,130,0
2015-07-28,20:55:00,82.64,82.64,82.64,82.64,188,0
2015-07-28,21:15:00,82.78,82.78,82.78,82.78,100,0
2015-07-29,16:40:00,83.21,83.21,83.01,83.01,200,0
2015-07-29,19:05:00,83.461,83.461,83.461,83.461,100,0
2015-07-29,19:10:00,83.5033,83.5033,83.5033,83.5033,200,0
2015-07-29,19:20:00,83.5,83.5,83.5,83.5,100,0
2015-07-29,19:25:00,83.51,83.51,83.5099,83.5099,200,0
2015-07-29,19:50:00,83.53,83.53,83.47,83.47,400,0
2015-07-29,20:05:00,83.58,83.58,83.58,83.58,455,0
2015-07-29,20:45:00,83.65,83.65,83.65,83.65,125,0
2015-07-29,21:15:00,83.63,83.7799,83.63,83.7799,240,0
2015-07-29,21:40:00,83.82,83.82,83.82,83.82,276,0
2015-07-30,15:35:00,83.73,83.73,83.73,83.73,100,0
2015-07-30,15:50:00,83.39,83.39,83.39,83.39,120,0
2015-07-30,16:30:00,83.5797,83.5797,83.5797,83.5797,100,0
2015-07-30,16:40:00,83.62,83.62,83.62,83.62,100,0
2015-07-30,17:15:00,83.63,83.63,83.63,83.63,540,0
2015-07-30,19:50:00,83.538,83.538,83.538,83.538,100,0
2015-07-30,21:30:00,83.822,83.822,83.822,83.822,375,0
2015-07-31,15:35:00,84.08,84.08,84.08,84.08,107,0
2015-07-31,17:55:00,84.1399,84.1399,84.1399,84.1399,100,0
2015-07-31,18:30:00,84.11,84.11,84.11,84.11,200,0
2015-07-31,18:45:00,84.06,84.06,84.06,84.06,300,0
2015-07-31,19:00:00,84.05,84.05,84.0499,84.0499,800,0
2015-07-31,19:25:00,84.05,84.05,84.05,84.05,324,0
2015-07-31,19:30:00,83.99,83.99,83.99,83.99,100,0
2015-07-31,20:40:00,83.9032,83.9032,83.9032,83.9032,160,0
2015-07-31,20:45:00,83.8809,83.92,83.8809,83.92,412,0
2015-08-03,16:25:00,83.4442,83.4442,83.4442,83.4442,415,0
2015-08-03,16:35:00,83.428,83.428,83.325,83.325,528,0
2015-08-03,18:05:00,83.57,83.57,83.388,83.388,977,0
2015-08-03,18:20:00,83.484,83.484,83.484,83.484,128,0
2015-08-03,19:30:00,83.04,83.0876,83.04,83.0876,300,0
2015-08-03,20:35:00,83.1035,83.1035,83.1035,83.1035,105,0
2015-08-03,20:45:00,83.0957,83.0957,83.0957,83.0957,100,0
2015-08-03,21:10:00,83.086,83.086,83.086,83.086,250,0
2015-08-04,15:35:00,83.74,83.752,83.74,83.752,466,0
2015-08-04,15:45:00,83.616,83.73,83.616,83.73,278,0
2015-08-04,16:25:00,83.6793,83.6793,83.6793,83.6793,100,0
2015-08-04,17:05:00,83.79,83.79,83.784,83.784,386,0
2015-08-04,17:35:00,83.7438,83.7438,83.7438,83.7438,120,0
2015-08-04,17:55:00,83.6835,83.6835,83.6835,83.6835,100,0
2015-08-04,18:45:00,83.6,83.6,83.6,83.6,200,0
2015-08-04,19:20:00,83.493,83.493,83.493,83.493,100,0
2015-08-04,20:20:00,83.1,83.1,83.1,83.1,21205,0
2015-08-04,21:00:00,83.3137,83.3137,83.3137,83.3137,100,0
2015-08-04,21:10:00,83.34,83.34,83.34,83.34,100,0
2015-08-04,21:15:00,83.34,83.34,83.34,83.34,200,0
2015-08-04,21:30:00,83.35,83.35,83.35,83.35,181,0
2015-08-05,15:50:00,84.14,84.14,84.14,84.14,172,0
2015-08-05,17:55:00,83.886,83.886,83.886,83.886,374,0
2015-08-05,18:05:00,83.8118,83.8118,83.8118,83.8118,210,0
2015-08-05,18:15:00,83.8254,83.8254,83.8254,83.8254,265,0
2015-08-05,18:20:00,83.81,83.81,83.81,83.81,100,0
2015-08-06,17:05:00,83.538,83.538,83.538,83.538,120,0
2015-08-06,18:35:00,83.064,83.064,83.064,83.064,200,0
2015-08-06,18:40:00,82.918,82.918,82.918,82.918,600,0
2015-08-06,19:20:00,83.068,83.072,83.068,83.072,288,0
2015-08-06,19:30:00,83.27,83.27,83.27,83.27,100,0
2015-08-06,20:05:00,83.23,83.23,83.23,83.23,100,0
2015-08-06,21:35:00,83.353,83.353,83.353,83.353,122,0
2015-08-07,15:35:00,83.17,83.17,83.17,83.17,100,0
2015-08-07,15:40:00,83.35,83.35,83.35,83.35,100,0
2015-08-07,16:45:00,83.3171,83.3171,83.3171,83.3171,420,0
2015-08-07,17:50:00,83.2699,83.27,83.16,83.16,716,0
2015-08-07,20:40:00,82.8201,82.8201,82.8201,82.8201,100,0
