Date,Time,Open,High,Low,Close,Volume,OpenInt
2014-12-02,15:35:00,35.418,35.418,35.418,35.418,355,0
2014-12-02,15:40:00,34.651,34.651,34.651,34.651,313,0
2014-12-02,15:45:00,34.794,34.794,34.794,34.794,501,0
2014-12-02,15:50:00,34.709,34.709,34.709,34.709,103,0
2014-12-02,17:20:00,35.647,35.647,35.647,35.647,103,0
2014-12-02,17:35:00,35.724,35.724,35.724,35.724,939,0
2014-12-03,16:40:00,36.05,36.05,36.05,36.05,1566,0
2014-12-03,18:05:00,36.126,36.126,36.126,36.126,103,0
2014-12-03,18:45:00,36.079,36.079,36.079,36.079,313,0
2014-12-03,19:15:00,36.079,36.079,36.079,36.079,418,0
2014-12-03,20:00:00,36.041,36.041,36.041,36.041,103,0
2014-12-03,20:30:00,35.897,35.897,35.897,35.897,103,0
2014-12-03,20:40:00,35.964,35.964,35.964,35.964,103,0
2014-12-03,20:55:00,36.041,36.041,36.031,36.031,313,0
2014-12-03,21:05:00,36.069,36.079,36.059,36.059,313,0
2014-12-03,21:10:00,36.059,36.079,36.059,36.069,731,0
2014-12-03,21:15:00,36.069,36.069,36.069,36.069,103,0
2014-12-03,21:20:00,36.079,36.079,36.069,36.069,209,0
2014-12-03,21:25:00,36.088,36.098,36.088,36.098,209,0
2014-12-03,21:30:00,36.108,36.108,36.108,36.108,103,0
2014-12-03,21:50:00,36.194,36.194,36.194,36.194,418,0
2014-12-03,21:55:00,36.175,36.175,36.136,36.136,313,0
2014-12-03,22:00:00,36.126,36.126,36.126,36.126,103,0
2014-12-04,19:10:00,36.414,36.414,36.414,36.414,209,0
2014-12-04,19:25:00,36.424,36.424,36.424,36.424,103,0
2014-12-04,19:45:00,36.414,36.414,36.414,36.414,103,0
2014-12-04,19:55:00,36.319,36.319,36.319,36.319,103,0
2014-12-04,20:00:00,36.309,36.309,36.309,36.309,103,0
2014-12-04,20:05:00,36.29,36.29,36.29,36.29,103,0
2014-12-04,20:10:00,36.29,36.29,36.29,36.29,418,0
2014-12-04,20:15:00,36.28,36.28,36.28,36.28,209,0
2014-12-04,20:20:00,36.261,36.27,36.261,36.27,209,0
2014-12-04,20:30:00,36.242,36.242,36.242,36.242,103,0
2014-12-04,20:35:00,36.223,36.242,36.223,36.232,418,0
2014-12-04,20:40:00,36.27,36.27,36.252,36.252,209,0
2014-12-04,20:45:00,36.27,36.27,36.232,36.232,418,0
2014-12-04,20:50:00,36.252,36.252,36.252,36.252,103,0
2014-12-04,20:55:00,36.223,36.223,36.223,36.223,103,0
2014-12-04,21:05:00,36.223,36.223,36.223,36.223,103,0
2014-12-04,21:15:00,36.28,36.28,36.27,36.28,313,0
2014-12-04,21:20:00,36.27,36.27,36.261,36.261,626,0
2014-12-04,21:25:00,36.223,36.223,36.213,36.213,209,0
2014-12-04,21:30:00,36.203,36.203,36.184,36.194,626,0
2014-12-04,21:35:00,36.213,36.223,36.213,36.213,313,0
2014-12-04,21:40:00,36.223,36.223,36.194,36.194,313,0
2014-12-04,21:45:00,36.194,36.223,36.194,36.223,313,0
2014-12-04,21:50:00,36.252,36.252,36.232,36.242,418,0
2014-12-04,21:55:00,36.232,36.261,36.232,36.252,418,0
2014-12-04,22:00:00,36.242,36.252,36.242,36.242,1253,0
2014-12-05,15:40:00,36.376,36.376,36.376,36.376,103,0
2014-12-05,15:45:00,36.366,36.366,36.366,36.366,1044,0
2014-12-05,16:05:00,36.213,36.376,36.213,36.376,363,0
2014-12-05,17:00:00,36.203,36.203,36.184,36.203,1172,0
2014-12-05,17:20:00,36.146,36.146,36.146,36.146,209,0
2014-12-05,17:45:00,36.088,36.088,36.088,36.088,418,0
2014-12-05,19:05:00,36.232,36.232,36.232,36.232,209,0
2014-12-05,19:10:00,36.232,36.232,36.232,36.232,103,0
2014-12-05,19:20:00,36.252,36.252,36.252,36.252,103,0
2014-12-05,19:25:00,36.27,36.27,36.27,36.27,418,0
2014-12-05,19:40:00,36.242,36.252,36.242,36.252,209,0
2014-12-05,19:45:00,36.261,36.261,36.261,36.261,103,0
2014-12-05,19:50:00,36.27,36.27,36.261,36.27,418,0
2014-12-05,19:55:00,36.27,36.27,36.261,36.261,313,0
2014-12-05,20:00:00,36.261,36.261,36.242,36.242,209,0
2014-12-05,20:05:00,36.261,36.261,36.252,36.261,313,0
2014-12-05,20:15:00,36.203,36.203,36.203,36.203,103,0
2014-12-05,20:35:00,36.175,36.175,36.175,36.175,103,0
2014-12-05,20:50:00,36.126,36.126,36.126,36.126,313,0
2014-12-05,20:55:00,36.117,36.126,36.117,36.126,209,0
2014-12-05,21:00:00,36.117,36.117,36.012,36.012,418,0
2014-12-05,21:05:00,36.002,36.012,36.002,36.012,313,0
2014-12-05,21:10:00,36.021,36.041,36.021,36.041,313,0
2014-12-05,21:15:00,36.041,36.041,36.031,36.031,209,0
2014-12-05,21:20:00,36.031,36.031,36.031,36.031,209,0
2014-12-05,21:25:00,36.041,36.041,36.031,36.041,418,0
2014-12-05,21:50:00,35.964,35.964,35.954,35.954,209,0
2014-12-05,21:55:00,35.945,35.964,35.945,35.945,418,0
2014-12-05,22:00:00,35.935,35.983,35.925,35.983,1775,0
2014-12-08,15:45:00,35.533,35.533,35.533,35.533,209,0
2014-12-08,16:00:00,35.36,35.36,35.36,35.36,103,0
2014-12-08,16:05:00,35.36,35.36,35.36,35.36,103,0
2014-12-08,16:25:00,35.015,35.015,35.015,35.015,626,0
2014-12-08,16:35:00,34.957,34.957,34.957,34.957,239,0
2014-12-08,16:40:00,34.938,34.938,34.929,34.929,835,0
2014-12-08,17:20:00,34.593,34.593,34.593,34.593,103,0
2014-12-08,17:25:00,34.498,34.498,34.498,34.498,290,0
2014-12-08,18:15:00,33.971,33.971,33.971,33.971,103,0
2014-12-08,18:35:00,33.856,33.875,33.856,33.875,1044,0
2014-12-08,18:40:00,33.961,33.961,33.961,33.961,201,0
2014-12-08,18:55:00,33.98,33.98,33.98,33.98,1878,0
2014-12-08,19:15:00,33.99,33.99,33.971,33.971,482,0
2014-12-08,19:40:00,33.846,33.846,33.846,33.846,103,0
2014-12-08,20:00:00,33.865,33.865,33.865,33.865,313,0
2014-12-08,20:20:00,33.76,33.76,33.76,33.76,156,0
2014-12-08,21:15:00,33.76,33.798,33.76,33.798,313,0
2014-12-08,21:50:00,33.884,33.884,33.884,33.884,313,0
2014-12-09,15:40:00,33.539,33.539,33.539,33.539,1566,0
2014-12-09,16:35:00,33.539,33.539,33.539,33.539,418,0
2014-12-09,17:15:00,33.606,33.606,33.606,33.606,522,0
2014-12-09,18:30:00,33.539,33.539,33.539,33.539,103,0
2014-12-09,18:45:00,33.559,33.559,33.559,33.559,313,0
2014-12-09,18:50:00,33.568,33.568,33.568,33.568,1566,0
2014-12-09,20:10:00,33.626,33.635,33.626,33.635,283,0
2014-12-09,20:20:00,33.635,33.635,33.635,33.635,313,0
2014-12-09,20:35:00,33.76,33.76,33.76,33.76,103,0
2014-12-09,20:40:00,33.74,33.779,33.74,33.779,209,0
2014-12-09,21:05:00,33.951,33.951,33.951,33.951,103,0
2014-12-09,21:20:00,33.903,33.903,33.903,33.903,103,0
2014-12-09,21:30:00,33.923,33.951,33.923,33.951,209,0
2014-12-09,21:35:00,33.951,33.961,33.951,33.951,626,0
2014-12-09,21:40:00,33.933,33.933,33.933,33.933,209,0
2014-12-09,21:45:00,33.913,33.942,33.913,33.933,835,0
2014-12-09,21:50:00,33.933,33.933,33.894,33.894,209,0
2014-12-09,21:55:00,33.903,33.942,33.903,33.942,418,0
2014-12-09,22:00:00,33.942,33.961,33.923,33.923,2192,0
2014-12-10,15:45:00,33.405,33.405,33.395,33.395,313,0
2014-12-10,16:10:00,33.127,33.127,33.127,33.127,626,0
2014-12-10,17:15:00,32.677,32.677,32.677,32.677,626,0
2014-12-10,18:30:00,32.447,32.447,32.447,32.447,626,0
2014-12-10,18:40:00,32.303,32.332,32.303,32.303,474,0
2014-12-10,18:55:00,32.361,32.38,32.284,32.38,10853,0
2014-12-10,19:15:00,32.341,32.341,32.341,32.341,209,0
2014-12-10,19:50:00,32.341,32.341,32.341,32.341,470,0
2014-12-10,20:30:00,32.035,32.035,32.035,32.035,209,0
2014-12-10,21:25:00,32.045,32.045,32.045,32.045,103,0
2014-12-10,21:35:00,32.16,32.16,32.16,32.16,103,0
2014-12-10,21:45:00,32.14,32.14,32.112,32.122,626,0
2014-12-10,21:50:00,32.102,32.122,32.083,32.122,835,0
2014-12-10,21:55:00,32.13,32.14,32.122,32.122,1357,0
2014-12-10,22:00:00,32.122,32.169,32.122,32.16,1148,0
2014-12-11,16:20:00,32.428,32.428,32.428,32.428,103,0
2014-12-11,16:55:00,32.84,32.849,32.84,32.849,418,0
2014-12-11,17:00:00,32.821,32.821,32.821,32.821,209,0
2014-12-11,18:05:00,33.156,33.156,33.156,33.156,103,0
2014-12-11,18:20:00,33.328,33.328,33.328,33.328,470,0
2014-12-11,20:35:00,32.581,32.581,32.581,32.581,313,0
2014-12-11,21:00:00,32.207,32.207,32.207,32.207,313,0
2014-12-11,21:15:00,32.264,32.264,32.264,32.264,1878,0
2014-12-11,21:40:00,32.294,32.313,32.294,32.313,313,0
2014-12-11,21:45:00,32.313,32.313,32.313,32.313,209,0
2014-12-11,21:50:00,32.294,32.294,32.294,32.294,313,0
2014-12-11,21:55:00,32.294,32.294,32.236,32.236,522,0
2014-12-11,22:00:00,32.264,32.284,32.264,32.284,835,0
2014-12-12,16:00:00,31.508,31.508,31.508,31.508,1044,0
2014-12-12,16:15:00,31.623,31.623,31.623,31.623,103,0
2014-12-12,16:20:00,31.623,31.632,31.623,31.632,1548,0
2014-12-12,17:10:00,31.718,31.718,31.718,31.718,2087,0
2014-12-12,17:40:00,31.843,31.843,31.718,31.718,313,0
2014-12-12,18:30:00,31.7,31.7,31.7,31.7,1357,0
2014-12-12,19:00:00,31.958,31.958,31.958,31.958,522,0
2014-12-12,19:10:00,32.006,32.006,32.006,32.006,377,0
2014-12-12,19:35:00,32.112,32.112,32.112,32.112,103,0
2014-12-12,20:05:00,32.227,32.227,32.227,32.227,209,0
2014-12-12,20:30:00,32.246,32.246,32.246,32.246,1044,0
2014-12-12,20:45:00,32.14,32.14,32.13,32.13,209,0
2014-12-12,20:50:00,32.169,32.169,32.169,32.169,103,0
2014-12-12,21:00:00,32.207,32.207,32.207,32.207,522,0
2014-12-12,21:05:00,32.169,32.179,32.169,32.179,209,0
2014-12-12,21:10:00,32.13,32.13,32.112,32.122,313,0
2014-12-12,21:15:00,32.102,32.112,32.102,32.102,313,0
2014-12-12,21:20:00,32.122,32.122,32.092,32.102,626,0
2014-12-12,21:25:00,32.063,32.063,32.054,32.054,209,0
2014-12-12,21:30:00,32.016,32.035,32.016,32.016,551,0
2014-12-12,21:35:00,32.025,32.025,31.987,31.987,522,0
2014-12-12,21:40:00,31.978,32.063,31.958,31.958,1597,0
2014-12-12,21:45:00,32.006,32.006,32.006,32.006,103,0
2014-12-12,21:50:00,31.978,32.016,31.968,32.016,418,0
2014-12-12,21:55:00,31.996,32.092,31.958,32.092,2087,0
2014-12-12,22:00:00,32.092,32.092,32.025,32.025,1566,0
2014-12-15,15:35:00,31.911,32.073,31.911,32.073,485,0
2014-12-15,15:40:00,32.313,32.313,32.313,32.313,313,0
2014-12-15,16:25:00,31.968,32.045,31.968,32.045,626,0
2014-12-15,16:35:00,31.815,31.815,31.815,31.815,103,0
2014-12-15,16:40:00,31.69,31.69,31.69,31.69,470,0
2014-12-15,17:05:00,31.614,31.614,31.614,31.614,209,0
2014-12-15,17:30:00,31.192,31.614,31.192,31.614,313,0
2014-12-15,18:50:00,31.709,31.709,31.709,31.709,313,0
2014-12-15,19:15:00,31.795,31.795,31.795,31.795,293,0
2014-12-15,20:20:00,31.546,31.556,31.546,31.556,213,0
2014-12-15,21:40:00,31.249,31.249,31.249,31.249,103,0
2014-12-16,16:05:00,31.048,31.048,31.048,31.048,209,0
2014-12-16,16:15:00,30.865,30.865,30.865,30.865,313,0
2014-12-16,16:40:00,31.604,31.604,31.604,31.604,835,0
2014-12-16,17:00:00,31.891,31.891,30.865,30.865,741,0
2014-12-16,17:55:00,32.485,32.485,32.475,32.475,652,0
2014-12-16,18:15:00,32.112,32.112,32.112,32.112,261,0
2014-12-16,18:20:00,32.112,32.112,32.112,32.112,103,0
2014-12-16,19:25:00,31.958,31.958,31.958,31.958,782,0
2014-12-16,20:30:00,32.179,32.179,32.179,32.179,103,0
2014-12-16,21:35:00,32.13,32.13,32.13,32.13,209,0
2014-12-16,21:45:00,32.073,32.073,32.073,32.073,116,0
2014-12-16,21:55:00,32.025,32.025,32.025,32.025,418,0
2014-12-16,22:00:00,32.006,32.006,32.006,32.006,103,0
2014-12-17,16:00:00,32.543,32.543,32.543,32.543,209,0
2014-12-17,16:20:00,32.543,32.543,32.534,32.534,256,0
2014-12-17,17:20:00,32.965,32.965,32.965,32.965,835,0
2014-12-17,18:35:00,33.175,33.175,33.175,33.175,414,0
2014-12-17,18:40:00,33.099,33.099,33.099,33.099,754,0
2014-12-17,18:50:00,33.127,33.127,33.127,33.127,3131,0
2014-12-17,19:15:00,33.127,33.127,33.127,33.127,383,0
2014-12-17,19:35:00,33.243,33.31,33.243,33.31,866,0
2014-12-17,19:40:00,33.261,33.261,33.261,33.261,690,0
2014-12-17,20:00:00,33.348,33.348,33.348,33.348,1253,0
2014-12-17,20:50:00,33.194,33.194,33.194,33.194,846,0
2014-12-17,20:55:00,33.127,33.127,33.127,33.127,288,0
2014-12-17,21:20:00,33.386,33.386,33.386,33.386,1044,0
2014-12-17,21:45:00,33.588,33.596,33.578,33.578,1053,0
2014-12-17,21:50:00,33.578,33.616,33.578,33.588,1631,0
2014-12-17,21:55:00,33.588,33.596,33.501,33.501,1132,0
2014-12-17,22:00:00,33.501,33.578,33.492,33.578,1983,0
2014-12-18,15:35:00,33.971,34.067,33.971,34.067,1983,0
2014-12-18,15:40:00,34.114,34.229,34.114,34.229,418,0
2014-12-18,15:45:00,34.248,34.277,34.248,34.277,731,0
2014-12-18,16:10:00,34.21,34.21,34.21,34.21,522,0
2014-12-18,16:30:00,33.913,33.98,33.913,33.98,304,0
2014-12-18,17:30:00,33.549,33.549,33.549,33.549,2087,0
2014-12-18,18:40:00,33.865,33.865,33.865,33.865,418,0
2014-12-18,18:55:00,33.903,33.903,33.903,33.903,1012,0
2014-12-18,21:20:00,33.807,33.807,33.798,33.798,209,0
2014-12-18,21:25:00,33.807,33.807,33.76,33.76,516,0
2014-12-18,21:30:00,33.779,33.817,33.779,33.817,462,0
2014-12-18,21:50:00,33.865,33.894,33.865,33.894,522,0
2014-12-18,21:55:00,33.894,33.933,33.894,33.903,522,0
2014-12-18,22:00:00,33.913,33.98,33.913,33.98,1775,0
2014-12-19,17:15:00,33.702,33.702,33.702,33.702,1669,0
2014-12-19,18:15:00,33.635,33.635,33.635,33.635,418,0
2014-12-19,18:25:00,33.664,33.664,33.664,33.664,209,0
2014-12-19,21:10:00,33.865,33.865,33.865,33.865,213,0
2014-12-19,21:25:00,33.894,33.894,33.894,33.894,209,0
2014-12-19,21:30:00,33.903,33.903,33.903,33.903,103,0
2014-12-19,21:35:00,33.913,33.933,33.903,33.933,313,0
2014-12-19,21:40:00,33.951,33.961,33.951,33.961,209,0
2014-12-19,21:45:00,33.99,33.99,33.99,33.99,418,0
2014-12-19,21:50:00,33.933,33.942,33.923,33.923,626,0
2014-12-19,21:55:00,33.903,33.903,33.789,33.789,313,0
2014-12-19,22:00:00,33.769,33.789,33.76,33.789,626,0
2014-12-22,15:35:00,35.446,35.446,35.446,35.446,6838,0
2014-12-22,16:25:00,33.271,33.271,33.271,33.271,418,0
2014-12-22,16:45:00,33.194,33.194,33.194,33.194,1878,0
2014-12-22,16:50:00,33.194,33.194,33.194,33.194,993,0
2014-12-22,18:15:00,33.156,33.156,33.156,33.156,313,0
2014-12-22,18:40:00,33.194,33.194,33.194,33.194,103,0
2014-12-22,18:45:00,33.147,33.147,33.147,33.147,161,0
2014-12-22,18:50:00,33.127,33.137,33.127,33.137,1249,0
2014-12-22,21:15:00,33.462,33.462,33.462,33.462,313,0
2014-12-22,21:45:00,33.539,33.539,33.539,33.539,103,0
2014-12-22,21:50:00,33.578,33.616,33.578,33.616,313,0
2014-12-22,21:55:00,33.596,33.596,33.588,33.588,939,0
2014-12-22,22:00:00,33.645,33.645,33.645,33.645,103,0
2014-12-23,19:50:00,33.933,33.961,33.933,33.961,343,0
2014-12-23,20:20:00,34,34,34,34,313,0
2014-12-23,20:25:00,34,34,34,34,103,0
2014-12-23,20:30:00,34.028,34.028,34.028,34.028,103,0
2014-12-23,20:45:00,34.105,34.114,34.105,34.114,209,0
2014-12-23,21:05:00,34.095,34.105,34.095,34.105,522,0
2014-12-23,21:10:00,34.095,34.124,34.095,34.114,626,0
2014-12-23,21:15:00,34.124,34.124,34.124,34.124,1253,0
2014-12-23,21:25:00,34.076,34.076,34.009,34.076,1044,0
2014-12-23,21:30:00,34.057,34.057,34.057,34.057,103,0
2014-12-23,21:35:00,34.047,34.047,34.047,34.047,103,0
2014-12-23,21:45:00,34.038,34.047,34.038,34.038,313,0
2014-12-23,21:55:00,34.057,34.057,34.047,34.047,522,0
2014-12-23,22:00:00,34.038,34.047,34.018,34.028,1044,0
2014-12-26,19:00:00,34,34.009,34,34.009,887,0
2014-12-26,19:05:00,34.009,34.009,34.009,34.009,103,0
2014-12-26,19:35:00,33.875,33.903,33.875,33.903,412,0
2014-12-26,19:50:00,33.884,33.884,33.865,33.865,4487,0
2014-12-26,21:15:00,33.903,33.923,33.903,33.923,939,0
2014-12-26,21:20:00,33.913,33.923,33.913,33.923,209,0
2014-12-26,21:25:00,33.933,33.951,33.933,33.951,731,0
2014-12-26,21:35:00,33.942,33.942,33.942,33.942,313,0
2014-12-26,21:40:00,33.933,33.933,33.933,33.933,209,0
2014-12-26,21:45:00,33.933,33.933,33.933,33.933,209,0
2014-12-26,21:50:00,33.933,33.942,33.923,33.942,626,0
2014-12-26,21:55:00,33.942,33.951,33.933,33.951,522,0
2014-12-26,22:00:00,33.942,34,33.942,34,835,0
2014-12-29,16:40:00,34.038,34.086,34.038,34.086,2693,0
2014-12-29,17:30:00,34.459,34.459,34.459,34.459,835,0
2014-12-29,17:35:00,34.392,34.392,34.392,34.392,413,0
2014-12-29,19:35:00,33.961,33.961,33.961,33.961,1519,0
2014-12-29,19:50:00,33.817,33.817,33.817,33.817,147,0
2014-12-29,20:05:00,33.789,33.789,33.789,33.789,103,0
2014-12-29,20:10:00,33.865,33.865,33.865,33.865,103,0
2014-12-29,20:15:00,33.875,33.875,33.875,33.875,103,0
2014-12-29,20:25:00,33.903,33.903,33.903,33.903,209,0
2014-12-29,21:45:00,34.22,34.22,34.22,34.22,103,0
2014-12-29,21:55:00,34.239,34.239,34.22,34.22,626,0
2014-12-29,22:00:00,34.22,34.258,34.21,34.258,2192,0
2014-12-30,17:15:00,34.057,34.057,33.961,33.961,737,0
2014-12-30,18:25:00,34.21,34.21,34.21,34.21,103,0
2014-12-30,18:40:00,34.21,34.21,34.21,34.21,209,0
2014-12-30,19:10:00,34.277,34.277,34.277,34.277,103,0
2014-12-30,19:35:00,34.297,34.297,34.297,34.297,572,0
2014-12-30,20:15:00,34.421,34.421,34.421,34.421,626,0
2014-12-30,20:35:00,34.354,34.354,34.354,34.354,313,0
2014-12-30,21:45:00,34.44,34.44,34.373,34.373,626,0
2014-12-30,21:50:00,34.354,34.354,34.344,34.344,522,0
2014-12-30,21:55:00,34.354,34.364,34.354,34.364,939,0
2014-12-30,22:00:00,34.392,34.392,34.364,34.373,1044,0
2014-12-31,15:35:00,34.018,34.018,34.018,34.018,1253,0
2014-12-31,15:40:00,34.038,34.038,34.018,34.018,731,0
2014-12-31,15:45:00,34.028,34.028,34.028,34.028,418,0
2014-12-31,15:50:00,34.076,34.076,34.067,34.067,1044,0
2014-12-31,15:55:00,34.114,34.268,34.114,34.268,626,0
2014-12-31,16:20:00,34.392,34.392,34.392,34.392,103,0
2014-12-31,16:30:00,34.498,34.498,34.498,34.498,547,0
2014-12-31,18:30:00,34.459,34.469,34.459,34.469,1044,0
2014-12-31,18:35:00,34.479,34.479,34.479,34.479,1357,0
2014-12-31,18:45:00,34.508,34.526,34.508,34.526,522,0
2014-12-31,18:50:00,34.555,34.555,34.555,34.555,103,0
2014-12-31,19:00:00,34.488,34.488,34.488,34.488,261,0
2014-12-31,19:25:00,34.479,34.488,34.479,34.488,2660,0
2014-12-31,20:05:00,34.421,34.421,34.421,34.421,1460,0
2014-12-31,20:25:00,34.382,34.392,34.382,34.392,1044,0
2014-12-31,20:30:00,34.392,34.392,34.392,34.392,1519,0
2014-12-31,21:00:00,34.411,34.411,34.411,34.411,209,0
2014-12-31,21:45:00,34.268,34.268,34.258,34.258,209,0
2014-12-31,21:50:00,34.201,34.201,34.201,34.201,103,0
2014-12-31,21:55:00,34.201,34.201,34.201,34.201,103,0
2015-01-02,16:35:00,34.469,34.469,34.469,34.469,313,0
2015-01-02,16:55:00,34.449,34.449,34.449,34.449,209,0
2015-01-02,21:25:00,34.68,34.68,34.68,34.68,1044,0
2015-01-05,15:40:00,34.315,34.315,34.315,34.315,103,0
2015-01-05,16:00:00,34.191,34.191,34.191,34.191,313,0
2015-01-05,17:05:00,34.143,34.143,34.143,34.143,209,0
2015-01-05,18:30:00,33.588,33.588,33.588,33.588,1044,0
2015-01-05,19:40:00,33.521,33.521,33.521,33.521,418,0
2015-01-05,21:45:00,33.539,33.539,33.462,33.462,991,0
2015-01-05,21:55:00,33.395,33.434,33.395,33.434,1775,0
2015-01-06,16:15:00,33.529,33.529,33.529,33.529,470,0
2015-01-06,17:10:00,33.013,33.013,33.013,33.013,1044,0
2015-01-06,18:30:00,32.562,32.619,32.562,32.619,1856,0
2015-01-06,22:00:00,32.61,32.61,32.61,32.61,939,0
2015-01-07,17:25:00,32.361,32.361,32.361,32.361,312,0
2015-01-07,19:30:00,32.514,32.514,32.514,32.514,103,0
2015-01-07,20:05:00,32.274,32.274,32.274,32.274,103,0
2015-01-07,21:15:00,32.437,32.437,32.437,32.437,199,0
2015-01-07,21:35:00,32.351,32.351,32.351,32.351,277,0
2015-01-07,21:40:00,32.495,32.495,32.495,32.495,103,0
2015-01-08,15:40:00,32.467,32.495,32.467,32.495,1190,0
2015-01-08,18:50:00,32.946,32.946,32.946,32.946,209,0
2015-01-08,20:00:00,32.83,32.83,32.83,32.83,417,0
2015-01-09,20:40:00,33.032,33.032,33.032,33.032,102,0
2015-01-09,21:55:00,33.09,33.09,33.09,33.09,3088,0
2015-01-09,22:00:00,33.081,33.09,33.032,33.09,7617,0
2015-01-12,15:40:00,32.595,32.595,32.449,32.449,434,0
2015-01-12,20:40:00,31.672,31.672,31.672,31.672,258,0
2015-01-12,21:20:00,31.711,31.711,31.711,31.711,102,0
2015-01-12,21:40:00,31.827,31.827,31.827,31.827,360,0
2015-01-13,20:20:00,31.157,31.157,31.157,31.157,102,0
2015-01-13,20:30:00,31.235,31.235,31.235,31.235,102,0
2015-01-13,20:50:00,31.283,31.283,31.283,31.283,150,0
2015-01-13,20:55:00,31.341,31.341,31.341,31.341,164,0
2015-01-13,21:15:00,31.06,31.06,31.06,31.06,570,0
2015-01-13,21:35:00,31.235,31.235,31.235,31.235,206,0
2015-01-13,21:55:00,31.429,31.429,31.429,31.429,206,0
2015-01-14,16:20:00,30.933,30.933,30.749,30.749,1853,0
2015-01-14,16:30:00,30.933,30.933,30.933,30.933,206,0
2015-01-14,19:20:00,30.506,30.506,30.506,30.506,315,0
2015-01-14,21:20:00,31.089,31.128,31.089,31.128,308,0
2015-01-14,21:25:00,31.235,31.312,31.137,31.137,13792,0
2015-01-14,21:30:00,31.137,31.186,31.118,31.186,4734,0
2015-01-14,21:35:00,31.186,31.186,31.186,31.186,412,0
2015-01-14,21:45:00,31.167,31.167,31.167,31.167,926,0
2015-01-15,15:45:00,31.205,31.526,31.205,31.526,618,0
2015-01-15,15:50:00,31.283,31.283,31.283,31.283,206,0
2015-01-15,15:55:00,31.283,31.283,31.283,31.283,824,0
2015-01-15,16:00:00,31.283,31.283,31.283,31.283,1029,0
2015-01-15,16:05:00,31.283,31.322,31.283,31.283,13381,0
2015-01-15,16:10:00,31.293,31.293,31.283,31.283,8234,0
2015-01-15,16:15:00,31.283,31.283,31.273,31.273,2161,0
2015-01-15,16:20:00,31.283,31.361,31.273,31.283,25939,0
2015-01-15,16:30:00,29.593,30.982,29.593,30.982,1441,0
2015-01-15,16:35:00,31.283,31.283,31.283,31.283,412,0
2015-01-15,17:30:00,31.312,31.312,31.312,31.312,206,0
2015-01-16,15:45:00,31.788,31.788,31.788,31.788,1132,0
2015-01-20,15:35:00,32.09,32.391,31.516,31.516,2097,0
2015-01-20,16:10:00,32.051,32.235,31.934,32.051,11920,0
2015-01-20,16:30:00,32.235,32.41,32.158,32.158,15173,0
2015-01-20,16:45:00,32.41,32.41,32.41,32.41,3242,0
2015-01-20,17:30:00,32.76,32.906,32.682,32.789,20336,0
2015-01-20,17:35:00,32.789,32.906,32.721,32.828,14313,0
2015-01-20,17:40:00,32.906,32.906,32.906,32.906,102,0
2015-01-20,17:45:00,32.896,32.906,32.896,32.906,256,0
2015-01-20,18:00:00,32.779,32.935,32.673,32.828,14779,0
2015-01-20,18:35:00,32.692,32.692,32.692,32.692,206,0
2015-01-20,18:55:00,32.595,32.595,32.595,32.595,206,0
2015-01-20,19:25:00,32.575,32.575,32.575,32.575,308,0
2015-01-20,19:35:00,32.459,32.575,32.352,32.459,26669,0
2015-01-20,20:15:00,32.459,32.478,32.459,32.469,3937,0
2015-01-20,20:25:00,32.478,32.478,32.478,32.478,692,0
2015-01-20,22:00:00,32.517,32.517,32.517,32.517,144,0
2015-01-21,17:50:00,33.081,33.149,33.081,33.149,1081,0
2015-01-21,19:55:00,33.071,33.129,32.915,33.1,2972,0
2015-01-21,20:45:00,33.158,33.275,33.158,33.275,824,0
2015-01-22,15:35:00,34.645,34.645,34.645,34.645,824,0
2015-01-22,17:15:00,33.285,33.285,33.285,33.285,308,0
2015-01-22,17:30:00,33.323,33.372,33.323,33.372,1486,0
2015-01-22,18:10:00,33.217,33.217,33.217,33.217,340,0
2015-01-22,18:50:00,33.255,33.255,33.255,33.255,514,0
2015-01-22,19:25:00,33.051,33.051,33.051,33.051,355,0
2015-01-22,19:55:00,33.013,33.013,33.013,33.013,666,0
2015-01-22,20:00:00,33.013,33.081,33.013,33.081,487,0
2015-01-22,20:10:00,33.013,33.013,33.013,33.013,561,0
2015-01-22,20:50:00,33.061,33.09,33.061,33.061,2706,0
2015-01-22,20:55:00,33.09,33.09,33.09,33.09,102,0
2015-01-22,21:10:00,33.217,33.217,33.217,33.217,1132,0
2015-01-22,21:25:00,33.149,33.178,33.149,33.178,646,0
2015-01-22,21:30:00,33.129,33.129,33.129,33.129,524,0
2015-01-22,21:35:00,33.139,33.139,33.139,33.139,343,0
2015-01-22,22:00:00,33.139,33.187,33.139,33.187,319,0
2015-01-23,15:55:00,32.983,32.993,32.867,32.867,15690,0
2015-01-23,16:05:00,33.042,33.042,33.042,33.042,156,0
2015-01-23,16:10:00,33.139,33.158,33.139,33.158,4015,0
2015-01-23,16:20:00,33.119,33.119,33.119,33.119,1095,0
2015-01-23,17:30:00,33.401,33.401,33.401,33.401,2211,0
2015-01-23,19:15:00,33.586,33.595,33.586,33.595,297,0
2015-01-23,19:55:00,33.469,33.518,33.469,33.518,1321,0
2015-01-23,21:05:00,33.508,33.508,33.489,33.489,618,0
2015-01-23,21:40:00,33.343,33.343,33.343,33.343,1087,0
2015-01-26,16:15:00,33.343,33.343,33.343,33.343,2265,0
2015-01-26,16:35:00,33.566,33.566,33.566,33.566,102,0
2015-01-26,16:40:00,33.557,33.557,33.557,33.557,565,0
2015-01-26,17:05:00,33.44,33.44,33.44,33.44,556,0
2015-01-26,18:10:00,33.489,33.489,33.489,33.489,1235,0
2015-01-26,18:15:00,33.518,33.518,33.518,33.518,267,0
2015-01-26,19:05:00,33.489,33.537,33.489,33.537,360,0
2015-01-26,19:55:00,33.595,33.595,33.595,33.595,412,0
2015-01-26,20:00:00,33.566,33.566,33.566,33.566,591,0
2015-01-27,15:40:00,33.518,33.518,33.518,33.518,102,0
2015-01-27,16:50:00,33.119,33.285,33.119,33.119,455,0
2015-01-27,17:10:00,33.217,33.217,33.217,33.217,1338,0
2015-01-27,17:45:00,33.255,33.255,33.255,33.255,824,0
2015-01-27,18:05:00,33.294,33.294,33.294,33.294,448,0
2015-01-27,19:30:00,33.576,33.576,33.576,33.576,246,0
2015-01-27,20:20:00,33.382,33.479,33.382,33.479,741,0
2015-01-27,20:55:00,33.498,33.498,33.498,33.498,102,0
2015-01-28,16:30:00,33.1,33.1,33.1,33.1,681,0
2015-01-28,16:35:00,33.168,33.168,33.168,33.168,308,0
2015-01-28,17:35:00,33.042,33.042,33.042,33.042,614,0
2015-01-28,18:10:00,33.139,33.139,33.139,33.139,102,0
2015-01-28,18:15:00,33.158,33.158,33.158,33.158,824,0
2015-01-28,18:20:00,33.158,33.158,33.158,33.158,206,0
2015-01-28,19:15:00,33.187,33.236,33.187,33.236,1229,0
2015-01-28,19:20:00,33.236,33.236,33.236,33.236,206,0
2015-01-28,19:30:00,33.275,33.275,33.275,33.275,365,0
2015-01-28,19:35:00,33.255,33.343,33.255,33.343,916,0
2015-01-28,20:00:00,33.255,33.255,33.255,33.255,212,0
2015-01-28,20:10:00,33.139,33.265,33.139,33.265,434,0
2015-01-28,20:25:00,33.1,33.1,33.1,33.1,1089,0
2015-01-28,20:30:00,33.071,33.071,33.071,33.071,1635,0
2015-01-28,21:50:00,32.838,32.838,32.838,32.838,102,0
2015-01-29,15:35:00,34.139,34.139,34.139,34.139,416,0
2015-01-29,15:50:00,32.993,32.993,32.993,32.993,206,0
2015-01-29,17:00:00,32.148,32.148,32.148,32.148,1678,0
2015-01-29,17:05:00,32.255,32.255,32.255,32.255,102,0
2015-01-29,17:55:00,32.226,32.342,32.226,32.342,650,0
2015-01-29,18:10:00,32.362,32.362,32.362,32.362,102,0
2015-01-29,18:15:00,32.332,32.332,32.332,32.332,514,0
2015-01-29,19:15:00,32.488,32.488,32.488,32.488,331,0
2015-01-29,19:40:00,32.77,32.77,32.77,32.77,926,0
2015-01-29,19:45:00,32.77,32.818,32.77,32.818,873,0
2015-01-29,20:30:00,32.731,32.731,32.731,32.731,573,0
2015-01-29,21:15:00,32.605,32.653,32.605,32.605,550,0
2015-01-29,21:20:00,32.595,32.643,32.595,32.643,506,0
2015-01-29,21:40:00,32.75,32.76,32.75,32.76,3514,0
2015-01-29,21:45:00,32.76,32.76,32.75,32.75,1441,0
2015-01-29,21:50:00,32.76,32.76,32.75,32.76,1132,0
2015-01-29,22:00:00,32.741,32.76,32.741,32.75,514,0
2015-01-30,15:45:00,32.556,32.673,32.556,32.673,2226,0
2015-01-30,17:25:00,32.546,32.546,32.546,32.546,412,0
2015-01-30,19:00:00,32.867,33.003,32.857,33.003,641,0
2015-01-30,19:40:00,33.032,33.032,33.032,33.032,308,0
2015-01-30,20:35:00,33.44,33.489,33.44,33.489,491,0
2015-01-30,20:50:00,33.343,33.343,33.343,33.343,510,0
2015-01-30,21:00:00,33.187,33.236,33.187,33.236,965,0
2015-01-30,21:10:00,33.236,33.236,33.236,33.236,1225,0
2015-01-30,21:20:00,33.314,33.314,33.314,33.314,206,0
2015-01-30,21:35:00,33.323,33.323,33.323,33.323,824,0
2015-01-30,21:55:00,33.158,33.158,33.051,33.051,206,0
2015-02-02,15:35:00,33.887,33.887,33.887,33.887,455,0
2015-02-02,15:45:00,33.595,33.595,33.595,33.595,206,0
2015-02-02,15:50:00,33.479,33.479,33.479,33.479,206,0
2015-02-02,15:55:00,33.527,33.537,33.518,33.518,1441,0
2015-02-02,16:00:00,33.518,33.537,33.489,33.489,4838,0
2015-02-02,16:05:00,33.479,33.479,33.411,33.421,1853,0
2015-02-02,16:10:00,33.382,33.382,33.382,33.382,206,0
2015-02-02,16:15:00,33.391,33.391,33.226,33.226,2882,0
2015-02-02,16:20:00,33.149,33.168,33.149,33.158,412,0
2015-02-02,16:40:00,33.265,33.479,32.974,33.479,4536,0
2015-02-02,16:45:00,33.382,33.382,33.382,33.382,102,0
2015-02-02,16:50:00,33.353,33.353,33.285,33.285,3397,0
2015-02-02,16:55:00,33.265,33.333,33.265,33.323,4117,0
2015-02-02,17:40:00,33.44,33.44,33.44,33.44,824,0
2015-02-02,18:25:00,33.537,33.537,33.537,33.537,797,0
2015-02-02,18:55:00,33.537,33.537,33.537,33.537,1338,0
2015-02-02,19:45:00,33.557,33.557,33.557,33.557,288,0
2015-02-02,20:25:00,33.421,33.421,33.411,33.411,1336,0
2015-02-02,21:15:00,33.557,33.557,33.557,33.557,412,0
2015-02-02,21:20:00,33.654,33.654,33.615,33.615,484,0
2015-02-02,21:25:00,33.527,33.527,33.527,33.527,412,0
2015-02-02,21:30:00,33.663,33.663,33.654,33.654,1726,0
2015-02-03,15:45:00,34.081,34.198,34.033,34.198,1947,0
2015-02-03,18:55:00,33.819,33.819,33.819,33.819,601,0
2015-02-03,19:00:00,33.955,33.955,33.955,33.955,135,0
2015-02-03,19:20:00,33.916,33.916,33.867,33.916,412,0
2015-02-03,19:40:00,34.003,34.003,34.003,34.003,206,0
2015-02-03,20:15:00,34.091,34.188,34.091,34.188,226,0
2015-02-03,20:50:00,33.877,33.877,33.877,33.877,735,0
2015-02-03,21:15:00,33.906,33.906,33.906,33.906,570,0
2015-02-04,15:45:00,33.547,33.829,33.43,33.829,1853,0
2015-02-04,17:20:00,33.469,33.469,33.469,33.469,412,0
2015-02-04,17:50:00,33.625,33.673,33.469,33.469,1029,0
2015-02-04,19:10:00,33.537,33.634,33.527,33.634,1076,0
2015-02-04,19:50:00,33.498,33.498,33.459,33.469,1194,0
2015-02-04,19:55:00,33.479,33.479,33.479,33.479,720,0
2015-02-04,20:30:00,33.459,33.557,33.391,33.391,1217,0
2015-02-04,20:35:00,33.527,33.527,33.479,33.479,401,0
2015-02-04,21:10:00,33.518,33.576,33.391,33.518,3912,0
2015-02-05,15:55:00,33.731,33.731,33.731,33.731,2066,0
2015-02-05,16:15:00,33.634,33.673,33.508,33.615,782,0
2015-02-05,17:05:00,33.761,33.926,33.644,33.926,483,0
2015-02-05,18:05:00,33.955,33.955,33.955,33.955,206,0
2015-02-05,18:30:00,33.974,33.974,33.955,33.955,782,0
2015-02-05,18:45:00,33.994,33.994,33.994,33.994,202,0
2015-02-05,19:15:00,34.052,34.052,34.052,34.052,412,0
2015-02-05,19:40:00,34.101,34.101,34.101,34.101,370,0
2015-02-05,19:50:00,34.052,34.052,34.052,34.052,412,0
2015-02-05,20:20:00,34.033,34.139,34.033,34.139,1149,0
2015-02-06,16:05:00,33.887,33.887,33.887,33.887,206,0
2015-02-06,16:15:00,33.926,33.926,33.809,33.809,824,0
2015-02-06,17:20:00,33.809,33.809,33.809,33.809,1029,0
2015-02-06,17:30:00,33.683,33.693,33.625,33.625,3713,0
2015-02-06,19:50:00,33.78,33.887,33.78,33.887,1544,0
2015-02-06,20:10:00,33.829,33.829,33.829,33.829,308,0
2015-02-06,21:05:00,33.877,33.877,33.858,33.877,1564,0
2015-02-06,22:00:00,33.897,33.906,33.897,33.897,1647,0
2015-02-09,15:55:00,33.858,33.858,33.79,33.848,1338,0
2015-02-09,16:45:00,33.848,34.042,33.799,33.799,900,0
2015-02-09,16:55:00,33.809,33.809,33.741,33.809,1132,0
2015-02-09,17:00:00,33.809,33.809,33.809,33.809,412,0
2015-02-09,17:45:00,33.702,33.809,33.634,33.634,1969,0
2015-02-09,19:00:00,33.731,33.731,33.731,33.731,680,0
2015-02-09,19:30:00,33.673,33.673,33.673,33.673,926,0
2015-02-09,21:05:00,33.44,33.44,33.44,33.44,308,0
2015-02-09,21:20:00,33.411,33.411,33.411,33.411,206,0
2015-02-10,19:45:00,33.285,33.285,33.217,33.226,1750,0
2015-02-10,20:50:00,33.139,33.139,33.139,33.139,206,0
2015-02-10,21:00:00,33.187,33.187,33.187,33.187,206,0
2015-02-11,15:35:00,32.799,32.799,32.653,32.663,1338,0
2015-02-11,15:40:00,33.226,33.226,33.071,33.071,412,0
2015-02-11,16:45:00,33.003,33.003,32.983,33.003,2633,0
2015-02-11,19:50:00,32.915,32.915,32.915,32.915,618,0
2015-02-11,20:25:00,32.983,32.983,32.983,32.983,138,0
2015-02-11,21:25:00,32.925,32.935,32.925,32.935,400,0
2015-02-12,19:00:00,33.421,33.421,33.421,33.421,258,0
2015-02-12,19:45:00,33.362,33.372,33.304,33.323,1657,0
2015-02-12,21:20:00,33.421,33.421,33.333,33.421,926,0
2015-02-13,19:00:00,34.062,34.062,34.052,34.052,308,0
2015-02-13,19:05:00,34.033,34.033,34.033,34.033,102,0
2015-02-13,19:10:00,34.023,34.033,34.023,34.033,206,0
2015-02-13,20:35:00,33.858,33.858,33.79,33.79,3808,0
2015-02-17,15:35:00,34.198,34.198,34.12,34.12,517,0
2015-02-17,15:45:00,33.887,33.887,33.887,33.887,102,0
2015-02-17,16:50:00,33.741,33.741,33.731,33.731,2061,0
2015-02-17,17:30:00,33.741,33.741,33.683,33.683,2877,0
2015-02-17,18:25:00,33.984,33.984,33.984,33.984,102,0
2015-02-17,18:50:00,33.974,34.003,33.897,34.003,1274,0
2015-02-17,19:00:00,34.003,34.003,34.003,34.003,1029,0
2015-02-17,20:15:00,34.11,34.11,34.11,34.11,268,0
2015-02-17,20:30:00,34.091,34.091,34.091,34.091,412,0
2015-02-18,16:25:00,33.683,33.683,33.683,33.683,308,0
2015-02-18,19:45:00,33.644,33.644,33.644,33.644,412,0
2015-02-19,17:50:00,33.294,33.294,33.294,33.294,206,0
2015-02-19,17:55:00,33.285,33.285,33.285,33.285,514,0
2015-02-19,18:15:00,33.217,33.217,33.149,33.149,1338,0
2015-02-19,19:45:00,33.323,33.323,33.207,33.323,1338,0
2015-02-23,20:55:00,33.421,33.43,33.421,33.43,2882,0
2015-02-23,21:00:00,33.479,33.479,33.479,33.479,1091,0
2015-02-23,21:15:00,33.411,33.411,33.411,33.411,618,0
2015-02-23,21:25:00,33.459,33.459,33.459,33.459,618,0
2015-02-23,21:50:00,33.557,33.557,33.557,33.557,308,0
2015-02-23,22:00:00,33.45,33.45,33.45,33.45,824,0
2015-02-24,16:00:00,33.323,33.323,33.323,33.323,1235,0
2015-02-24,18:10:00,33.168,33.178,33.1,33.119,799,0
2015-02-24,21:35:00,33.197,33.236,33.081,33.09,566,0
2015-02-24,21:55:00,33.236,33.236,33.226,33.226,514,0
2015-02-24,22:00:00,33.226,33.246,33.217,33.236,1029,0
2015-02-25,21:00:00,33.547,33.547,33.547,33.547,206,0
2015-02-25,21:10:00,33.459,33.459,33.459,33.459,308,0
2015-02-26,15:40:00,33.479,33.479,33.479,33.479,206,0
2015-02-26,20:20:00,32.915,32.915,32.915,32.915,206,0
2015-02-26,20:25:00,32.915,32.915,32.915,32.915,206,0
2015-02-27,15:50:00,33.022,33.022,33.022,33.022,210,0
2015-02-27,22:00:00,33.178,33.178,33.178,33.178,514,0
2015-03-03,19:30:00,33.11,33.111,33.11,33.111,206,0
2015-03-03,21:25:00,33.158,33.233,33.09,33.233,308,0
2015-03-04,17:10:00,32.838,32.964,32.779,32.779,618,0
2015-03-04,19:15:00,32.978,32.978,32.978,32.978,149,0
2015-03-05,21:50:00,33.213,33.213,33.213,33.213,262,0
2015-03-06,15:35:00,33.731,33.731,33.731,33.731,247,0
2015-03-06,15:40:00,33.139,33.139,33.139,33.139,102,0
2015-03-09,15:45:00,32.779,32.779,32.779,32.779,102,0
2015-03-09,17:00:00,32.663,32.663,32.605,32.663,618,0
2015-03-09,18:20:00,32.556,32.556,32.498,32.556,457,0
2015-03-09,19:00:00,32.488,32.488,32.488,32.488,308,0
2015-03-09,20:05:00,32.362,32.478,32.303,32.478,1338,0
2015-03-09,20:55:00,32.216,32.216,32.216,32.216,102,0
2015-03-10,17:00:00,32.08,32.08,32.012,32.012,824,0
2015-03-11,19:05:00,31.808,31.808,31.808,31.808,313,0
2015-03-11,20:20:00,31.74,31.74,31.74,31.74,102,0
2015-03-11,20:45:00,31.759,31.861,31.721,31.721,308,0
2015-03-12,14:55:00,31.963,31.963,31.963,31.963,102,0
2015-03-12,15:45:00,31.575,31.663,31.497,31.663,360,0
2015-03-12,17:15:00,31.546,31.546,31.484,31.484,525,0
2015-03-12,18:10:00,31.526,31.526,31.526,31.526,720,0
2015-03-12,18:15:00,31.526,31.526,31.516,31.526,1338,0
2015-03-12,18:20:00,31.526,31.526,31.526,31.526,1235,0
2015-03-12,20:50:00,31.545,31.545,31.545,31.545,206,0
2015-03-13,16:35:00,31.213,31.253,31.213,31.253,774,0
2015-03-13,18:05:00,31.294,31.294,31.294,31.294,206,0
2015-03-13,18:25:00,31.293,31.369,31.244,31.244,308,0
2015-03-13,19:20:00,31.351,31.351,31.351,31.351,102,0
2015-03-13,19:25:00,31.361,31.361,31.303,31.361,308,0
2015-03-13,20:45:00,31.41,31.41,31.41,31.41,206,0
2015-03-16,16:55:00,31.118,31.118,31.011,31.011,219,0
2015-03-16,18:25:00,31.167,31.167,31.167,31.167,206,0
2015-03-16,18:30:00,31.167,31.167,31.167,31.167,102,0
2015-03-16,19:20:00,31.225,31.277,31.225,31.277,206,0
2015-03-16,20:30:00,31.235,31.235,31.147,31.147,556,0
2015-03-17,14:35:00,30.953,30.953,30.768,30.768,978,0
2015-03-17,16:25:00,31.157,31.157,31.157,31.157,236,0
2015-03-17,16:40:00,31.215,31.215,31.215,31.215,206,0
2015-03-17,18:00:00,31.361,31.361,31.361,31.361,214,0
2015-03-18,15:10:00,31.128,31.128,31.069,31.069,1029,0
2015-03-18,15:25:00,31.205,31.205,31.186,31.186,1029,0
2015-03-18,15:50:00,31.235,31.235,31.235,31.235,911,0
2015-03-18,15:55:00,31.312,31.312,31.283,31.283,1853,0
2015-03-18,16:00:00,31.283,31.283,31.283,31.283,412,0
2015-03-18,18:15:00,31.448,31.448,31.395,31.448,423,0
2015-03-18,19:45:00,31.866,31.866,31.866,31.866,102,0
2015-03-18,19:50:00,31.866,31.866,31.866,31.866,206,0
2015-03-19,21:00:00,31.711,31.711,31.711,31.711,673,0
2015-03-20,15:00:00,31.961,32.041,31.949,31.949,617,0
2015-03-20,15:15:00,31.856,31.856,31.856,31.856,102,0
2015-03-20,17:30:00,31.847,31.847,31.759,31.759,1025,0
2015-03-20,17:40:00,31.818,31.818,31.818,31.818,102,0
2015-03-20,18:55:00,31.915,31.915,31.915,31.915,102,0
2015-03-20,19:30:00,31.934,31.934,31.934,31.934,103,0
2015-03-20,20:00:00,31.86,31.86,31.86,31.86,206,0
2015-03-23,15:10:00,31.905,31.905,31.905,31.905,102,0
2015-03-23,15:25:00,32.06,32.07,32.06,32.07,205,0
2015-03-23,18:05:00,32.391,32.391,32.371,32.381,1025,0
2015-03-23,18:15:00,32.401,32.401,32.381,32.381,1845,0
2015-03-23,18:20:00,32.381,32.42,32.352,32.41,5967,0
2015-03-23,19:50:00,32.449,32.449,32.332,32.449,820,0
2015-03-24,14:45:00,32.41,32.482,32.303,32.482,822,0
2015-03-24,14:55:00,32.41,32.41,32.41,32.41,205,0
2015-03-24,18:15:00,32.187,32.187,32.187,32.187,192,0
2015-03-24,19:55:00,32.158,32.158,32.158,32.158,117,0
2015-03-25,19:15:00,32.177,32.177,32.177,32.177,600,0
2015-03-25,20:00:00,32.06,32.06,32.012,32.012,225,0
2015-03-26,15:55:00,31.963,31.963,31.954,31.954,575,0
2015-03-26,16:20:00,31.895,31.895,31.876,31.876,406,0
2015-03-26,19:25:00,32.118,32.118,32.118,32.118,221,0
2015-03-27,16:00:00,31.954,31.954,31.954,31.954,139,0
2015-03-27,19:30:00,31.954,31.954,31.954,31.954,32,0
2015-03-27,19:50:00,31.954,31.954,31.954,31.954,17,0
2015-03-27,20:40:00,31.954,31.954,31.954,31.954,103,0
2015-03-30,17:45:00,31.847,31.897,31.847,31.897,710,0
2015-03-30,18:05:00,31.876,31.876,31.876,31.876,144,0
2015-03-30,18:35:00,31.876,31.876,31.876,31.876,10,0
2015-03-30,18:40:00,31.866,31.866,31.856,31.856,205,0
2015-03-30,19:25:00,31.856,31.856,31.856,31.856,37,0
2015-03-30,20:10:00,31.856,31.856,31.856,31.856,29,0
2015-03-30,20:45:00,31.856,31.856,31.856,31.856,22,0
2015-03-30,21:45:00,31.856,31.856,31.856,31.856,1,0
2015-03-31,16:10:00,31.915,31.915,31.915,31.915,102,0
2015-03-31,16:25:00,31.876,31.876,31.876,31.876,205,0
2015-03-31,20:00:00,31.876,31.876,31.876,31.876,42,0
2015-03-31,20:15:00,31.876,31.876,31.876,31.876,19,0
2015-03-31,20:30:00,31.876,31.876,31.876,31.876,20,0
2015-03-31,21:45:00,31.984,31.984,31.984,31.984,114,0
2015-04-01,16:40:00,32.138,32.138,32.138,32.138,251,0
2015-04-01,16:45:00,32.138,32.148,32.138,32.148,206,0
2015-04-01,16:50:00,32.177,32.177,32.167,32.167,352,0
2015-04-01,16:55:00,32.148,32.158,32.148,32.158,205,0
2015-04-01,21:10:00,32.158,32.158,32.158,32.158,34,0
2015-04-01,21:50:00,32.158,32.158,32.158,32.158,37,0
2015-04-01,21:55:00,32.031,32.031,32.031,32.031,102,0
2015-04-02,16:10:00,31.983,31.983,31.983,31.983,102,0
2015-04-02,20:45:00,31.983,31.983,31.983,31.983,51,0
2015-04-02,20:50:00,32.06,32.06,32.06,32.06,222,0
2015-04-02,20:55:00,32.06,32.06,32.06,32.06,61,0
2015-04-02,21:10:00,32.06,32.06,32.06,32.06,128,0
2015-04-06,16:05:00,32.244,32.244,32.244,32.244,514,0
2015-04-06,17:35:00,32.244,32.244,32.244,32.244,20,0
2015-04-06,17:45:00,32.244,32.244,32.244,32.244,62,0
2015-04-06,20:30:00,32.244,32.244,32.244,32.244,44,0
2015-04-06,20:40:00,32.244,32.244,32.244,32.244,212,0
2015-04-06,20:45:00,32.244,32.244,32.244,32.244,56,0
2015-04-06,21:35:00,32.35,32.35,32.35,32.35,1029,0
2015-04-07,17:40:00,32.459,32.459,32.42,32.42,292,0
2015-04-07,20:15:00,32.42,32.42,32.42,32.42,232,0
2015-04-08,16:00:00,32.56,32.56,32.56,32.56,190,0
2015-04-08,17:15:00,32.56,32.56,32.56,32.56,25,0
2015-04-08,17:50:00,32.43,32.43,32.43,32.43,102,0
2015-04-08,18:00:00,32.43,32.43,32.43,32.43,102,0
2015-04-08,20:55:00,32.43,32.43,32.43,32.43,41,0
2015-04-08,21:05:00,32.43,32.43,32.43,32.43,83,0
2015-04-08,21:20:00,32.333,32.333,32.333,32.333,110,0
2015-04-09,15:35:00,32.484,32.484,32.484,32.484,114,0
2015-04-09,19:00:00,32.415,32.415,32.415,32.415,114,0
2015-04-09,21:45:00,32.415,32.415,32.415,32.415,101,0
2015-04-10,18:40:00,32.395,32.395,32.395,32.395,116,0
2015-04-13,16:40:00,32.691,32.691,32.691,32.691,203,0
2015-04-13,17:40:00,32.691,32.691,32.691,32.691,101,0
2015-04-13,18:00:00,32.681,32.681,32.681,32.681,246,0
2015-04-13,20:50:00,32.681,32.681,32.681,32.681,75,0
2015-04-13,21:05:00,32.641,32.677,32.524,32.677,1421,0
2015-04-14,16:45:00,32.967,32.967,32.967,32.967,2029,0
2015-04-14,19:15:00,33.134,33.134,33.085,33.085,1106,0
2015-04-14,21:30:00,33.085,33.085,33.085,33.085,28,0
2015-04-14,21:50:00,33.085,33.085,33.085,33.085,1,0
2015-04-15,15:55:00,33.144,33.144,33.144,33.144,406,0
2015-04-15,16:25:00,33.193,33.193,33.193,33.193,609,0
2015-04-15,16:50:00,33.331,33.331,33.252,33.331,558,0
2015-04-15,18:45:00,33.331,33.331,33.331,33.331,59,0
2015-04-15,21:00:00,33.331,33.331,33.331,33.331,51,0
2015-04-16,15:35:00,33.854,33.854,33.381,33.381,419,0
2015-04-16,15:40:00,33.617,33.627,33.588,33.588,318,0
2015-04-16,16:10:00,33.489,33.489,33.489,33.489,101,0
2015-04-16,17:45:00,33.489,33.489,33.489,33.489,5,0
2015-04-16,18:10:00,33.41,33.42,33.384,33.42,812,0
2015-04-16,19:05:00,33.548,33.548,33.548,33.548,187,0
2015-04-16,19:35:00,33.44,33.44,33.44,33.44,101,0
2015-04-16,20:40:00,33.44,33.44,33.44,33.44,55,0
2015-04-16,21:55:00,33.45,33.45,33.44,33.44,254,0
2015-04-17,15:35:00,33.39,33.39,33.302,33.302,1623,0
2015-04-17,15:55:00,33.361,33.361,33.351,33.351,980,0
2015-04-17,16:20:00,33.262,33.262,33.262,33.262,101,0
2015-04-17,16:25:00,33.213,33.213,33.213,33.213,58,0
2015-04-17,16:50:00,33.262,33.262,33.262,33.262,101,0
2015-04-17,21:15:00,33.144,33.144,33.144,33.144,304,0
2015-04-17,21:20:00,33.116,33.116,33.116,33.116,240,0
2015-04-17,21:35:00,33.134,33.172,33.134,33.172,609,0
2015-04-17,21:50:00,33.164,33.164,33.154,33.154,406,0
2015-04-17,22:00:00,33.164,33.164,33.154,33.154,203,0
2015-04-20,15:35:00,33.124,33.203,33.124,33.194,3205,0
2015-04-20,16:05:00,33.459,33.459,33.459,33.459,86,0
2015-04-20,17:30:00,33.499,33.538,33.479,33.499,1089,0
2015-04-20,18:00:00,33.489,33.489,33.489,33.489,101,0
2015-04-21,15:35:00,34.573,34.573,33.696,33.696,167,0
2015-04-21,17:05:00,33.489,33.489,33.489,33.489,507,0
2015-04-21,20:10:00,33.243,33.243,33.243,33.243,101,0
2015-04-21,20:15:00,33.243,33.243,33.243,33.243,101,0
2015-04-21,20:40:00,33.258,33.258,33.258,33.258,118,0
2015-04-21,20:55:00,33.252,33.252,33.252,33.252,304,0
2015-04-21,21:05:00,33.213,33.213,33.213,33.213,203,0
2015-04-21,21:55:00,33.233,33.233,33.233,33.233,100,0
2015-04-21,22:00:00,33.203,33.203,33.203,33.203,102,0
2015-04-22,16:10:00,33.203,33.203,33.203,33.203,101,0
2015-04-22,16:20:00,33.282,33.282,33.282,33.282,101,0
2015-04-23,20:20:00,33.41,33.499,33.41,33.499,203,0
2015-04-27,15:35:00,33.814,33.814,33.814,33.814,119,0
2015-04-27,18:20:00,33.775,33.775,33.755,33.775,304,0
2015-04-27,21:35:00,33.588,33.696,33.548,33.696,503,0
2015-04-28,16:00:00,33.509,33.509,33.509,33.509,304,0
2015-04-29,16:55:00,33.647,33.647,33.617,33.617,507,0
2015-04-29,17:50:00,33.706,33.706,33.706,33.706,101,0
2015-04-29,18:20:00,33.873,33.982,33.795,33.982,836,0
2015-04-29,19:45:00,34.132,34.132,34.132,34.132,203,0
2015-04-29,20:30:00,34.1,34.12,34.1,34.12,1660,0
2015-04-29,21:25:00,34.189,34.189,34.149,34.149,559,0
2015-04-30,16:50:00,33.962,33.962,33.962,33.962,22328,0
2015-04-30,16:55:00,33.814,33.893,33.814,33.893,1970,0
2015-04-30,21:00:00,34.07,34.139,34.061,34.139,710,0
2015-04-30,21:40:00,34.071,34.071,34.071,34.071,101,0
2015-05-01,16:25:00,34.149,34.356,34.13,34.179,4275,0
2015-05-01,16:35:00,34.101,34.201,34.101,34.201,710,0
2015-05-01,17:35:00,34.11,34.11,34.11,34.11,401,0
2015-05-04,15:35:00,35.036,35.036,35.036,35.036,1522,0
2015-05-04,19:50:00,33.894,33.952,33.894,33.952,1044,0
2015-05-04,21:45:00,33.898,33.898,33.898,33.898,163,0
2015-05-04,21:55:00,33.923,33.923,33.923,33.923,153,0
2015-05-05,17:10:00,33.952,33.952,33.933,33.933,223,0
2015-05-05,18:25:00,33.913,33.913,33.913,33.913,101,0
2015-05-05,21:05:00,33.952,33.952,33.952,33.952,203,0
2015-05-06,16:10:00,33.864,33.864,33.864,33.864,101,0
2015-05-06,17:50:00,33.828,33.828,33.828,33.828,155,0
2015-05-06,20:50:00,33.519,33.519,33.519,33.519,543,0
2015-05-07,20:00:00,32.996,33.061,32.908,32.927,1139,0
2015-05-08,20:50:00,33.075,33.075,33.075,33.075,126,0
2015-05-08,20:55:00,33.036,33.036,33.036,33.036,101,0
2015-05-08,21:45:00,32.986,32.986,32.986,32.986,101,0
2015-05-11,16:10:00,32.927,32.927,32.927,32.927,101,0
2015-05-11,19:55:00,33.016,33.016,33.016,33.016,221,0
2015-05-11,20:15:00,33.016,33.016,33.016,33.016,396,0
2015-05-12,17:00:00,32.894,32.894,32.878,32.878,751,0
2015-05-12,19:40:00,33.006,33.006,33.006,33.006,203,0
2015-05-13,15:40:00,33.735,33.735,33.726,33.726,203,0
2015-05-14,20:20:00,33.78,33.78,33.78,33.78,223,0
2015-05-15,17:05:00,33.726,33.726,33.726,33.726,203,0
2015-05-15,17:20:00,33.676,33.676,33.676,33.676,103,0
2015-05-18,16:25:00,33.883,33.883,33.883,33.883,115,0
2015-05-19,15:35:00,33.509,33.509,33.509,33.509,342,0
2015-05-19,19:05:00,33.509,33.509,33.509,33.509,101,0
2015-05-19,20:35:00,33.637,33.66,33.637,33.66,203,0
2015-05-19,20:40:00,33.607,33.607,33.607,33.607,203,0
2015-05-19,20:55:00,33.588,33.619,33.558,33.619,507,0
2015-05-19,22:00:00,33.617,33.617,33.578,33.578,304,0
2015-05-20,16:45:00,33.656,33.656,33.656,33.656,203,0
2015-05-21,15:35:00,35.086,35.086,35.086,35.086,154,0
2015-05-21,19:55:00,33.558,33.568,33.558,33.568,225,0
2015-05-21,20:40:00,33.691,33.691,33.691,33.691,122,0
2015-05-26,15:55:00,33.351,33.351,33.115,33.115,203,0
2015-05-26,16:05:00,33.361,33.361,33.361,33.361,101,0
2015-05-27,16:25:00,33.312,33.489,33.312,33.489,1015,0
2015-05-27,21:20:00,33.341,33.341,33.304,33.304,507,0
2015-05-29,17:15:00,32.908,32.99,32.908,32.99,203,0
2015-05-29,20:45:00,33.203,33.203,33.203,33.203,335,0
2015-06-02,18:35:00,33.016,33.016,33.016,33.016,101,0
2015-06-02,21:05:00,33.026,33.026,32.963,33.016,304,0
2015-06-03,15:35:00,33.351,33.351,33.351,33.351,388,0
2015-06-03,15:45:00,33.115,33.115,33.115,33.115,203,0
2015-06-03,17:05:00,32.73,32.73,32.73,32.73,101,0
2015-06-04,16:35:00,32.375,32.375,32.375,32.375,102,0
2015-06-04,17:30:00,32.159,32.168,32.121,32.124,406,0
2015-06-04,21:20:00,31.912,31.912,31.912,31.912,101,0
2015-06-05,15:45:00,31.777,31.777,31.777,31.777,101,0
2015-06-05,17:55:00,31.981,31.981,31.981,31.981,101,0
2015-06-05,18:05:00,31.971,31.971,31.942,31.942,2334,0
2015-06-05,18:10:00,31.991,31.991,31.942,31.942,1015,0
2015-06-05,18:15:00,32.021,32.021,32.021,32.021,101,0
2015-06-05,18:20:00,32.03,32.03,32.021,32.021,203,0
2015-06-05,20:30:00,32.06,32.139,31.991,31.991,562,0
2015-06-08,17:55:00,31.863,31.863,31.863,31.863,1015,0
2015-06-08,19:35:00,31.676,31.676,31.676,31.676,304,0
2015-06-08,19:40:00,31.666,31.676,31.666,31.676,203,0
2015-06-08,19:45:00,31.656,31.676,31.656,31.676,304,0
2015-06-08,20:45:00,31.626,31.626,31.565,31.626,710,0
2015-06-09,17:55:00,31.725,31.725,31.725,31.725,131,0
2015-06-09,22:00:00,31.695,31.695,31.695,31.695,203,0
2015-06-10,16:40:00,31.794,31.942,31.775,31.942,1015,0
2015-06-10,19:40:00,31.557,31.557,31.538,31.538,1319,0
2015-06-10,20:50:00,31.577,31.577,31.577,31.577,101,0
2015-06-10,21:05:00,31.577,31.589,31.543,31.589,507,0
2015-06-11,17:50:00,31.35,31.35,31.094,31.35,968,0
2015-06-11,20:55:00,31.386,31.436,31.386,31.436,335,0
2015-06-12,21:40:00,31.429,31.498,31.306,31.498,574,0
2015-06-15,15:35:00,31.074,31.074,31.074,31.074,406,0
2015-06-15,15:40:00,31.212,31.212,31.212,31.212,101,0
2015-06-15,16:40:00,31.4,31.4,31.242,31.341,2115,0
2015-06-15,18:55:00,31.636,31.636,31.636,31.636,913,0
2015-06-15,20:15:00,31.794,31.794,31.794,31.794,101,0
2015-06-16,16:50:00,31.725,31.912,31.672,31.672,674,0
2015-06-17,17:30:00,31.735,31.735,31.695,31.695,203,0
2015-06-17,18:10:00,31.636,31.636,31.591,31.591,264,0
2015-06-17,18:20:00,31.597,31.745,31.557,31.557,544,0
2015-06-17,21:05:00,31.705,31.705,31.705,31.705,101,0
2015-06-17,21:50:00,31.843,31.843,31.754,31.754,203,0
2015-06-18,15:35:00,31.459,31.676,31.459,31.676,597,0
2015-06-18,15:40:00,31.646,31.646,31.646,31.646,101,0
2015-06-18,15:45:00,31.646,31.646,31.646,31.646,101,0
2015-06-18,16:30:00,31.646,31.741,31.621,31.621,406,0
2015-06-18,16:50:00,31.616,31.764,31.581,31.764,710,0
2015-06-18,17:05:00,31.616,31.616,31.587,31.587,1009,0
2015-06-18,17:25:00,31.784,31.784,31.784,31.784,238,0
2015-06-18,21:10:00,31.636,31.636,31.577,31.577,478,0
2015-06-19,16:10:00,31.557,31.557,31.557,31.557,101,0
2015-06-22,16:10:00,31.114,31.114,31.114,31.114,101,0
2015-06-22,19:45:00,31.193,31.193,31.193,31.193,101,0
2015-06-23,16:10:00,31.045,31.045,31.045,31.045,101,0
2015-06-23,18:15:00,31.265,31.265,31.265,31.265,152,0
2015-06-23,18:25:00,31.242,31.256,31.094,31.256,406,0
2015-06-23,19:40:00,31.294,31.381,31.153,31.381,406,0
2015-06-23,21:55:00,31.242,31.331,31.163,31.242,406,0
2015-06-24,15:35:00,31.015,31.439,31.015,31.439,668,0
2015-06-24,15:40:00,31.124,31.134,31.124,31.134,304,0
2015-06-24,16:10:00,31.173,31.173,31.173,31.173,101,0
2015-06-24,16:25:00,31.38,31.38,31.38,31.38,203,0
2015-06-24,21:45:00,31.104,31.104,31.104,31.104,129,0
2015-06-25,21:00:00,30.858,30.858,30.858,30.858,101,0
2015-06-25,21:15:00,30.877,30.877,30.789,30.877,406,0
2015-06-25,21:25:00,30.953,30.979,30.953,30.979,345,0
2015-06-26,15:35:00,30.651,30.71,30.651,30.71,790,0
2015-06-26,15:40:00,30.68,30.68,30.68,30.68,101,0
2015-06-26,18:35:00,30.72,30.727,30.72,30.727,203,0
2015-06-26,19:05:00,30.71,30.71,30.71,30.71,426,0
2015-06-26,19:20:00,30.71,30.718,30.71,30.718,203,0
2015-06-29,15:35:00,30.483,30.483,29.99,29.99,684,0
2015-06-29,15:55:00,30.375,30.375,30.375,30.375,101,0
2015-06-30,17:35:00,29.872,29.872,29.872,29.872,101,0
2015-07-01,16:30:00,29.586,29.606,29.586,29.606,675,0
2015-07-01,16:45:00,29.596,29.677,29.596,29.677,380,0
2015-07-01,16:50:00,29.596,29.596,29.596,29.596,138,0
2015-07-01,17:05:00,29.576,29.576,29.576,29.576,101,0
2015-07-01,17:10:00,29.576,29.576,29.419,29.527,1218,0
2015-07-01,17:50:00,29.618,29.618,29.618,29.618,1705,0
2015-07-01,20:10:00,29.409,29.409,29.379,29.379,304,0
2015-07-01,21:30:00,29.379,29.379,29.33,29.35,1702,0
2015-07-06,15:45:00,29.32,29.32,29.32,29.32,304,0
2015-07-06,16:55:00,29.448,29.448,29.429,29.429,355,0
2015-07-06,17:15:00,29.399,29.438,29.389,29.438,810,0
2015-07-06,17:35:00,29.389,29.399,29.31,29.399,656,0
2015-07-06,17:40:00,29.389,29.389,29.251,29.251,1637,0
2015-07-06,17:55:00,29.369,29.369,29.36,29.36,304,0
2015-07-06,18:15:00,29.399,29.399,29.281,29.281,203,0
2015-07-06,19:35:00,29.389,29.389,29.389,29.389,211,0
2015-07-06,20:10:00,29.35,29.35,29.35,29.35,101,0
2015-07-06,20:15:00,29.435,29.435,29.435,29.435,380,0
2015-07-06,20:20:00,29.35,29.35,29.222,29.222,328,0
2015-07-06,20:40:00,29.291,29.291,29.291,29.291,101,0
2015-07-06,21:10:00,29.251,29.251,29.222,29.251,1327,0
2015-07-07,15:35:00,29.074,29.074,29.074,29.074,134,0
2015-07-07,15:45:00,29.222,29.222,29.143,29.143,439,0
2015-07-09,16:55:00,29.596,29.596,29.596,29.596,101,0
2015-07-09,17:50:00,29.527,29.527,29.527,29.527,101,0
2015-07-09,18:30:00,29.527,29.527,29.527,29.527,101,0
2015-07-09,19:20:00,29.527,29.527,29.527,29.527,142,0
2015-07-10,21:00:00,29.84,29.9399,29.84,29.9399,370,0
2015-07-13,17:05:00,30.02,30.02,30.02,30.02,1600,0
2015-07-14,16:20:00,30.49,30.609,30.49,30.609,200,0
2015-07-14,21:00:00,30.3901,30.3901,30.3901,30.3901,100,0
2015-07-15,15:35:00,30.23,30.23,30.23,30.23,3922,0
2015-07-15,15:40:00,30.4426,30.4426,30.31,30.31,385,0
2015-07-15,15:45:00,30.31,30.31,30.3,30.3,700,0
2015-07-15,16:40:00,30.35,30.3501,30.35,30.35,1900,0
2015-07-15,17:25:00,30.41,30.41,30.41,30.41,1100,0
2015-07-15,17:30:00,30.4,30.4,30.4,30.4,600,0
2015-07-15,18:00:00,30.28,30.28,30.28,30.28,100,0
2015-07-15,18:10:00,30.3899,30.3899,30.3899,30.3899,200,0
2015-07-15,20:55:00,30.05,30.05,30.05,30.05,300,0
2015-07-16,15:35:00,29.7436,29.7436,29.7436,29.7436,812,0
2015-07-16,16:05:00,29.742,29.743,29.742,29.743,200,0
2015-07-16,16:20:00,29.67,29.67,29.67,29.67,100,0
2015-07-16,16:30:00,29.78,29.78,29.78,29.78,100,0
2015-07-16,16:35:00,29.79,29.79,29.72,29.79,800,0
2015-07-16,17:55:00,29.66,29.66,29.53,29.53,200,0
2015-07-16,19:45:00,29.38,29.38,29.38,29.38,100,0
2015-07-16,21:10:00,29.71,29.759,29.71,29.72,357,0
2015-07-16,22:00:00,29.68,29.68,29.63,29.63,212,0
2015-07-17,17:05:00,29.1,29.1,29.1,29.1,1500,0
2015-07-17,20:05:00,29.12,29.12,29.12,29.12,100,0
2015-07-20,15:40:00,29.08,29.12,29.08,29.12,200,0
2015-07-20,15:45:00,29,29,29,29,2000,0
2015-07-20,15:50:00,28.76,28.76,28.76,28.76,100,0
2015-07-20,18:30:00,28.77,28.7701,28.77,28.7701,200,0
2015-07-20,20:20:00,28.74,28.77,28.74,28.77,400,0
2015-07-21,15:35:00,28.42,28.42,28.42,28.42,100,0
2015-07-21,15:45:00,28.85,28.85,28.85,28.85,100,0
2015-07-21,21:30:00,28.57,28.57,28.57,28.57,100,0
2015-07-22,15:35:00,29.034,29.034,29.034,29.034,158,0
2015-07-22,18:55:00,27.96,27.96,27.94,27.94,300,0
2015-07-22,19:00:00,27.96,27.96,27.96,27.96,100,0
2015-07-22,22:00:00,27.81,27.81,27.81,27.81,100,0
2015-07-23,16:55:00,28.11,28.11,28.11,28.11,100,0
2015-07-23,17:05:00,28.02,28.02,27.95,27.95,982,0
2015-07-23,21:50:00,27.78,27.78,27.78,27.78,200,0
2015-07-23,21:55:00,27.8093,27.8093,27.8093,27.8093,500,0
2015-07-24,16:00:00,27.83,28.01,27.7,27.7,450,0
2015-07-24,18:20:00,27.79,27.888,27.79,27.888,200,0
2015-07-24,20:20:00,27.81,27.81,27.8035,27.8035,600,0
2015-07-24,20:25:00,27.82,27.82,27.82,27.82,500,0
2015-07-27,16:05:00,27.512,27.512,27.512,27.512,100,0
2015-07-27,18:25:00,27.87,27.9121,27.83,27.83,1200,0
2015-07-27,21:15:00,28.132,28.132,28.132,28.132,300,0
2015-07-28,17:45:00,28.45,28.541,28.45,28.541,400,0
2015-07-28,19:00:00,28.59,28.71,28.57,28.71,494,0
2015-07-28,19:10:00,28.71,28.71,28.71,28.71,100,0
2015-07-28,19:55:00,28.69,28.69,28.63,28.63,1900,0
2015-07-28,20:45:00,28.67,28.6701,28.67,28.6701,200,0
2015-07-29,18:35:00,29.07,29.168,29.07,29.168,200,0
2015-07-30,16:15:00,29.1662,29.1662,29.1662,29.1662,115,0
2015-07-30,17:25:00,29.14,29.14,29.14,29.14,200,0
2015-07-30,20:45:00,29.08,29.08,29.08,29.08,100,0
2015-07-30,21:10:00,29.08,29.08,29.08,29.08,110,0
2015-07-31,15:35:00,28.7,28.7,28.7,28.7,153,0
2015-07-31,15:45:00,29,29,29,29,100,0
2015-07-31,20:25:00,29.07,29.07,29.07,29.07,100,0
2015-08-03,16:55:00,28.5,28.5,28.5,28.5,155,0
2015-08-03,22:00:00,28.26,28.26,28.26,28.26,100,0
2015-08-04,17:00:00,28.25,28.25,28.25,28.25,150,0
2015-08-04,20:40:00,28,28,28,28,400,0
2015-08-05,16:25:00,28.3,28.3,28.3,28.3,345,0
2015-08-05,21:35:00,27,27,27,27,100,0
2015-08-06,15:40:00,26.5,26.5,26.5,26.5,100,0
2015-08-06,16:55:00,26.5,26.608,26.5,26.608,325,0
2015-08-06,20:25:00,26.78,26.92,26.73,26.73,700,0
2015-08-06,21:05:00,26.73,26.73,26.73,26.73,1000,0
2015-08-07,15:35:00,26.78,26.78,26.48,26.48,300,0
2015-08-07,18:25:00,26.82,26.82,26.73,26.73,3300,0
