Date,Time,Open,High,Low,Close,Volume,OpenInt
2015-07-23,15:35:00,3.89,3.93,3.81,3.859,1913505,0
2015-07-23,15:40:00,3.8599,3.88,3.78,3.8601,1086183,0
2015-07-23,15:45:00,3.86,3.87,3.77,3.774,1393213,0
2015-07-23,15:50:00,3.7701,3.8179,3.75,3.7648,952622,0
2015-07-23,15:55:00,3.7646,3.83,3.7201,3.8299,939528,0
2015-07-23,16:00:00,3.8299,3.84,3.75,3.7599,804798,0
2015-07-23,16:05:00,3.76,3.77,3.73,3.7326,752933,0
2015-07-23,16:10:00,3.74,3.779,3.7246,3.7445,592273,0
2015-07-23,16:15:00,3.7499,3.76,3.71,3.72,775029,0
2015-07-23,16:20:00,3.7155,3.73,3.67,3.7146,823924,0
2015-07-23,16:25:00,3.7168,3.76,3.71,3.72,678230,0
2015-07-23,16:30:00,3.71,3.72,3.67,3.679,686371,0
2015-07-23,16:35:00,3.68,3.7,3.67,3.6755,481946,0
2015-07-23,16:40:00,3.6746,3.68,3.65,3.6799,913615,0
2015-07-23,16:45:00,3.6799,3.68,3.61,3.6271,1027026,0
2015-07-23,16:50:00,3.62,3.64,3.6,3.63,708636,0
2015-07-23,16:55:00,3.64,3.64,3.6,3.6026,446877,0
2015-07-23,17:00:00,3.61,3.62,3.56,3.5621,1225655,0
2015-07-23,17:05:00,3.565,3.61,3.5601,3.61,654850,0
2015-07-23,17:10:00,3.6,3.63,3.594,3.63,468881,0
2015-07-23,17:15:00,3.6351,3.64,3.57,3.5899,749245,0
2015-07-23,17:20:00,3.5899,3.5899,3.55,3.5599,457395,0
2015-07-23,17:25:00,3.55,3.58,3.55,3.5501,365304,0
2015-07-23,17:30:00,3.56,3.57,3.52,3.522,847672,0
2015-07-23,17:35:00,3.52,3.57,3.51,3.55,646897,0
2015-07-23,17:40:00,3.55,3.58,3.5,3.5046,727452,0
2015-07-23,17:45:00,3.5,3.53,3.5,3.5083,654646,0
2015-07-23,17:50:00,3.5,3.5094,3.4601,3.48,1162220,0
2015-07-23,17:55:00,3.48,3.5,3.47,3.4836,332309,0
2015-07-23,18:00:00,3.4871,3.49,3.4601,3.48,487222,0
2015-07-23,18:05:00,3.48,3.48,3.45,3.4579,398187,0
2015-07-23,18:10:00,3.4599,3.48,3.43,3.48,862659,0
2015-07-23,18:15:00,3.48,3.51,3.46,3.5002,536676,0
2015-07-23,18:20:00,3.504,3.51,3.48,3.4974,309676,0
2015-07-23,18:25:00,3.499,3.54,3.48,3.54,884366,0
2015-07-23,18:30:00,3.54,3.5774,3.52,3.549,792374,0
2015-07-23,18:35:00,3.54,3.6,3.54,3.5799,631900,0
2015-07-23,18:40:00,3.5701,3.61,3.56,3.565,418960,0
2015-07-23,18:45:00,3.5601,3.57,3.5045,3.5188,383014,0
2015-07-23,18:50:00,3.51,3.51,3.47,3.49,282732,0
2015-07-23,18:55:00,3.49,3.52,3.49,3.504,349585,0
2015-07-23,19:00:00,3.5,3.52,3.49,3.491,441157,0
2015-07-23,19:05:00,3.49,3.5,3.465,3.465,272736,0
2015-07-23,19:10:00,3.4695,3.5,3.46,3.4901,236144,0
2015-07-23,19:15:00,3.5,3.52,3.48,3.4999,428363,0
2015-07-23,19:20:00,3.5,3.5,3.4679,3.4699,203301,0
2015-07-23,19:25:00,3.4697,3.51,3.46,3.51,372556,0
2015-07-23,19:30:00,3.5,3.5,3.46,3.46,290694,0
2015-07-23,19:35:00,3.4699,3.4699,3.45,3.45,444542,0
2015-07-23,19:40:00,3.45,3.46,3.43,3.4399,424663,0
2015-07-23,19:45:00,3.4379,3.44,3.42,3.4242,375125,0
2015-07-23,19:50:00,3.4299,3.469,3.41,3.469,631952,0
2015-07-23,19:55:00,3.46,3.48,3.44,3.454,409196,0
2015-07-23,20:00:00,3.46,3.46,3.43,3.435,179285,0
2015-07-23,20:05:00,3.43,3.43,3.4,3.4,810122,0
2015-07-23,20:10:00,3.41,3.41,3.37,3.3859,1379521,0
2015-07-23,20:15:00,3.3825,3.4,3.35,3.37,492780,0
2015-07-23,20:20:00,3.3601,3.39,3.36,3.3699,190622,0
2015-07-23,20:25:00,3.3665,3.37,3.35,3.36,348732,0
2015-07-23,20:30:00,3.3689,3.369,3.34,3.3499,436671,0
2015-07-23,20:35:00,3.3401,3.37,3.33,3.365,323673,0
2015-07-23,20:40:00,3.3652,3.42,3.3601,3.41,468229,0
2015-07-23,20:45:00,3.4,3.41,3.36,3.36,182208,0
2015-07-23,20:50:00,3.365,3.38,3.35,3.35,255177,0
2015-07-23,20:55:00,3.35,3.3599,3.32,3.3299,388517,0
2015-07-23,21:00:00,3.325,3.349,3.32,3.34,420048,0
2015-07-23,21:05:00,3.3399,3.34,3.32,3.3301,351735,0
2015-07-23,21:10:00,3.335,3.37,3.32,3.37,328032,0
2015-07-23,21:15:00,3.37,3.39,3.35,3.3505,291115,0
2015-07-23,21:20:00,3.3501,3.37,3.35,3.3501,248394,0
2015-07-23,21:25:00,3.3501,3.36,3.33,3.3399,250781,0
2015-07-23,21:30:00,3.34,3.38,3.3341,3.3601,472778,0
2015-07-23,21:35:00,3.36,3.3601,3.33,3.33,277335,0
2015-07-23,21:40:00,3.33,3.349,3.31,3.32,472447,0
2015-07-23,21:45:00,3.315,3.34,3.31,3.3399,574847,0
2015-07-23,21:50:00,3.335,3.34,3.32,3.33,269631,0
2015-07-23,21:55:00,3.32,3.35,3.32,3.3301,670562,0
2015-07-23,22:00:00,3.335,3.4,3.33,3.4,1189784,0
2015-07-24,15:35:00,3.22,3.26,3.18,3.26,1144426,0
2015-07-24,15:40:00,3.26,3.29,3.22,3.23,921798,0
2015-07-24,15:45:00,3.2254,3.23,3.2,3.21,701680,0
2015-07-24,15:50:00,3.2101,3.22,3.2,3.21,478952,0
2015-07-24,15:55:00,3.2,3.21,3.12,3.13,1219845,0
2015-07-24,16:00:00,3.12,3.14,3.12,3.136,849085,0
2015-07-24,16:05:00,3.14,3.25,3.14,3.2499,1366921,0
2015-07-24,16:10:00,3.25,3.27,3.2,3.205,862634,0
2015-07-24,16:15:00,3.2,3.22,3.16,3.17,585686,0
2015-07-24,16:20:00,3.17,3.18,3.1499,3.1499,371334,0
2015-07-24,16:25:00,3.144,3.15,3.12,3.1301,471101,0
2015-07-24,16:30:00,3.1399,3.14,3.1,3.106,884871,0
2015-07-24,16:35:00,3.109,3.11,3.07,3.076,948217,0
2015-07-24,16:40:00,3.08,3.12,3.06,3.0965,944568,0
2015-07-24,16:45:00,3.09,3.13,3.09,3.115,1087573,0
2015-07-24,16:50:00,3.111,3.111,3.06,3.0901,817457,0
2015-07-24,16:55:00,3.0995,3.1,3.08,3.08,325492,0
2015-07-24,17:00:00,3.085,3.09,3.06,3.07,358413,0
2015-07-24,17:05:00,3.06,3.15,3.06,3.12,1121810,0
2015-07-24,17:10:00,3.115,3.13,3.11,3.119,437016,0
2015-07-24,17:15:00,3.12,3.18,3.1,3.18,686018,0
2015-07-24,17:20:00,3.1799,3.19,3.15,3.1701,1014344,0
2015-07-24,17:25:00,3.1701,3.27,3.1701,3.2605,1176888,0
2015-07-24,17:30:00,3.2665,3.27,3.19,3.2,813593,0
2015-07-24,17:35:00,3.2,3.21,3.17,3.17,492715,0
2015-07-24,17:40:00,3.1701,3.21,3.16,3.2,760524,0
2015-07-24,17:45:00,3.195,3.2,3.16,3.17,235893,0
2015-07-24,17:50:00,3.1601,3.17,3.1345,3.1345,258109,0
2015-07-24,17:55:00,3.13,3.15,3.11,3.1299,527174,0
2015-07-24,18:00:00,3.13,3.18,3.12,3.159,365725,0
2015-07-24,18:05:00,3.16,3.1794,3.15,3.16,262982,0
2015-07-24,18:10:00,3.169,3.169,3.14,3.1564,262257,0
2015-07-24,18:15:00,3.15,3.16,3.11,3.1299,411117,0
2015-07-24,18:20:00,3.1297,3.13,3.1051,3.11,290659,0
2015-07-24,18:25:00,3.11,3.13,3.1099,3.1101,263399,0
2015-07-24,18:30:00,3.1121,3.12,3.11,3.11,126078,0
2015-07-24,18:35:00,3.12,3.12,3.09,3.098,313798,0
2015-07-24,18:40:00,3.094,3.15,3.094,3.15,387699,0
2015-07-24,18:45:00,3.1596,3.16,3.14,3.155,220803,0
2015-07-24,18:50:00,3.15,3.2,3.15,3.1797,674595,0
2015-07-24,18:55:00,3.175,3.19,3.14,3.1492,275737,0
2015-07-24,19:00:00,3.1433,3.15,3.13,3.13,332548,0
2015-07-24,19:05:00,3.14,3.15,3.13,3.14,164682,0
2015-07-24,19:10:00,3.14,3.14,3.09,3.0953,242641,0
2015-07-24,19:15:00,3.0901,3.12,3.09,3.093,482110,0
2015-07-24,19:20:00,3.099,3.12,3.09,3.1151,524784,0
2015-07-24,19:25:00,3.11,3.14,3.1,3.1376,355386,0
2015-07-24,19:30:00,3.131,3.14,3.1,3.1,280423,0
2015-07-24,19:35:00,3.1,3.14,3.08,3.125,498914,0
2015-07-24,19:40:00,3.1201,3.15,3.115,3.1299,308806,0
2015-07-24,19:45:00,3.129,3.15,3.12,3.133,98115,0
2015-07-24,19:50:00,3.1386,3.14,3.1001,3.11,159771,0
2015-07-24,19:55:00,3.11,3.16,3.1,3.151,275732,0
2015-07-24,20:00:00,3.158,3.23,3.15,3.202,1253250,0
2015-07-24,20:05:00,3.2,3.29,3.2,3.285,918863,0
2015-07-24,20:10:00,3.29,3.32,3.2501,3.26,958140,0
2015-07-24,20:15:00,3.26,3.2799,3.23,3.2528,676040,0
2015-07-24,20:20:00,3.255,3.38,3.25,3.37,1591173,0
2015-07-24,20:25:00,3.367,3.49,3.36,3.4879,2298696,0
2015-07-24,20:30:00,3.49,3.59,3.48,3.579,2817613,0
2015-07-24,20:35:00,3.58,3.62,3.5,3.51,2953289,0
2015-07-24,20:40:00,3.5,3.56,3.5,3.53,1610070,0
2015-07-24,20:45:00,3.53,3.535,3.47,3.4936,1498289,0
2015-07-24,20:50:00,3.49,3.54,3.49,3.54,1484555,0
2015-07-24,20:55:00,3.54,3.6,3.539,3.58,2327117,0
2015-07-24,21:00:00,3.57,3.59,3.51,3.52,1007327,0
2015-07-24,21:05:00,3.515,3.53,3.49,3.5299,733911,0
2015-07-24,21:10:00,3.53,3.63,3.53,3.6,2208753,0
2015-07-24,21:15:00,3.59,3.6699,3.59,3.655,1886778,0
2015-07-24,21:20:00,3.6501,3.71,3.64,3.6899,1770900,0
2015-07-24,21:25:00,3.6899,3.75,3.68,3.741,1882322,0
2015-07-24,21:30:00,3.7414,3.76,3.68,3.6865,1752319,0
2015-07-24,21:35:00,3.685,3.7,3.64,3.6849,1216730,0
2015-07-24,21:40:00,3.6899,3.71,3.64,3.707,677111,0
2015-07-24,21:45:00,3.7179,3.75,3.7,3.74,787248,0
2015-07-24,21:50:00,3.7496,3.75,3.7,3.7099,914535,0
2015-07-24,21:55:00,3.7098,3.7099,3.67,3.6762,904821,0
2015-07-24,22:00:00,3.6799,3.74,3.6701,3.74,1402751,0
2015-07-27,15:35:00,3.6,3.6199,3.5219,3.6154,1879883,0
2015-07-27,15:40:00,3.615,3.8199,3.61,3.81,2857464,0
2015-07-27,15:45:00,3.8046,3.82,3.67,3.71,1699486,0
2015-07-27,15:50:00,3.71,3.76,3.6601,3.7596,1317586,0
2015-07-27,15:55:00,3.76,3.81,3.76,3.8001,1006880,0
2015-07-27,16:00:00,3.801,3.89,3.79,3.8501,1633849,0
2015-07-27,16:05:00,3.8599,3.94,3.85,3.9399,1720862,0
2015-07-27,16:10:00,3.9379,3.96,3.88,3.8899,1549014,0
2015-07-27,16:15:00,3.89,3.93,3.87,3.9201,903435,0
2015-07-27,16:20:00,3.9101,3.95,3.9101,3.935,838497,0
2015-07-27,16:25:00,3.931,3.94,3.84,3.8465,926873,0
2015-07-27,16:30:00,3.844,3.85,3.76,3.7637,939917,0
2015-07-27,16:35:00,3.7668,3.84,3.75,3.8097,1161568,0
2015-07-27,16:40:00,3.81,3.8199,3.76,3.7799,669245,0
2015-07-27,16:45:00,3.77,3.78,3.7,3.73,774257,0
2015-07-27,16:50:00,3.7299,3.81,3.71,3.7655,732894,0
2015-07-27,16:55:00,3.761,3.78,3.7,3.71,999865,0
2015-07-27,17:00:00,3.71,3.74,3.69,3.721,723390,0
2015-07-27,17:05:00,3.72,3.7748,3.67,3.75,683584,0
2015-07-27,17:10:00,3.75,3.76,3.71,3.72,551041,0
2015-07-27,17:15:00,3.729,3.75,3.7,3.7207,503102,0
2015-07-27,17:20:00,3.72,3.73,3.63,3.69,880720,0
2015-07-27,17:25:00,3.6851,3.69,3.62,3.64,726850,0
2015-07-27,17:30:00,3.63,3.72,3.62,3.678,419808,0
2015-07-27,17:35:00,3.6762,3.73,3.674,3.6916,408284,0
2015-07-27,17:40:00,3.6905,3.8086,3.6905,3.7999,902347,0
2015-07-27,17:45:00,3.791,3.791,3.73,3.7368,498209,0
2015-07-27,17:50:00,3.73,3.74,3.6916,3.7201,278255,0
2015-07-27,17:55:00,3.721,3.75,3.72,3.73,233404,0
2015-07-27,18:00:00,3.721,3.76,3.7206,3.7401,66692,0
2015-07-27,18:05:00,3.74,3.75,3.68,3.7,356043,0
2015-07-27,18:10:00,3.6813,3.71,3.67,3.68,564072,0
2015-07-27,18:15:00,3.68,3.69,3.65,3.6879,457947,0
2015-07-27,18:20:00,3.69,3.71,3.67,3.68,235794,0
2015-07-27,18:25:00,3.67,3.67,3.655,3.67,336682,0
2015-07-27,18:30:00,3.67,3.68,3.66,3.675,255075,0
2015-07-27,18:35:00,3.67,3.68,3.65,3.66,233942,0
2015-07-27,18:40:00,3.65,3.65,3.585,3.6016,539785,0
2015-07-27,18:45:00,3.6001,3.63,3.58,3.6001,349129,0
2015-07-27,18:50:00,3.61,3.64,3.6051,3.6101,239777,0
2015-07-27,18:55:00,3.6186,3.64,3.61,3.63,208144,0
2015-07-27,19:00:00,3.6268,3.63,3.6,3.6199,180852,0
2015-07-27,19:05:00,3.6199,3.6199,3.5832,3.5999,149677,0
2015-07-27,19:10:00,3.591,3.61,3.59,3.5984,177461,0
2015-07-27,19:15:00,3.6,3.6,3.59,3.6,40450,0
2015-07-27,19:20:00,3.59,3.5999,3.55,3.5596,318840,0
2015-07-27,19:25:00,3.55,3.56,3.52,3.53,343336,0
2015-07-27,19:30:00,3.5378,3.55,3.52,3.52,228480,0
2015-07-27,19:35:00,3.5296,3.53,3.5,3.5101,494972,0
2015-07-27,19:40:00,3.5105,3.52,3.48,3.49,445372,0
2015-07-27,19:45:00,3.4901,3.4999,3.48,3.4901,311068,0
2015-07-27,19:50:00,3.5,3.52,3.5,3.5,341921,0
2015-07-27,19:55:00,3.5,3.5,3.47,3.4865,343757,0
2015-07-27,20:00:00,3.4899,3.5,3.45,3.455,461065,0
2015-07-27,20:05:00,3.455,3.46,3.42,3.42,652224,0
2015-07-27,20:10:00,3.424,3.43,3.4,3.405,438028,0
2015-07-27,20:15:00,3.4,3.41,3.35,3.3701,795651,0
2015-07-27,20:20:00,3.3768,3.38,3.35,3.3567,442764,0
2015-07-27,20:25:00,3.36,3.38,3.35,3.36,475582,0
2015-07-27,20:30:00,3.3516,3.36,3.3,3.3301,1003924,0
2015-07-27,20:35:00,3.334,3.36,3.3201,3.3399,646614,0
2015-07-27,20:40:00,3.3399,3.38,3.3399,3.365,641277,0
2015-07-27,20:45:00,3.3601,3.39,3.35,3.3501,371956,0
2015-07-27,20:50:00,3.36,3.39,3.34,3.38,881500,0
2015-07-27,20:55:00,3.39,3.42,3.385,3.3901,812777,0
2015-07-27,21:00:00,3.399,3.41,3.38,3.385,403595,0
2015-07-27,21:05:00,3.38,3.39,3.34,3.34,322924,0
2015-07-27,21:10:00,3.34,3.35,3.32,3.33,414141,0
2015-07-27,21:15:00,3.33,3.34,3.3,3.31,532931,0
2015-07-27,21:20:00,3.3,3.31,3.25,3.2599,1176107,0
2015-07-27,21:25:00,3.2599,3.32,3.25,3.306,911278,0
2015-07-27,21:30:00,3.31,3.31,3.26,3.2799,715367,0
2015-07-27,21:35:00,3.27,3.28,3.26,3.2601,548152,0
2015-07-27,21:40:00,3.265,3.27,3.25,3.255,504410,0
2015-07-27,21:45:00,3.2501,3.26,3.23,3.24,572675,0
2015-07-27,21:50:00,3.24,3.28,3.23,3.27,649915,0
2015-07-27,21:55:00,3.275,3.28,3.25,3.263,653783,0
2015-07-27,22:00:00,3.264,3.33,3.26,3.321,1160649,0
2015-07-28,15:35:00,3.44,3.5099,3.4,3.405,1682798,0
2015-07-28,15:40:00,3.41,3.48,3.4,3.45,842330,0
2015-07-28,15:45:00,3.44,3.48,3.42,3.42,772817,0
2015-07-28,15:50:00,3.42,3.438,3.36,3.39,853344,0
2015-07-28,15:55:00,3.3801,3.46,3.3701,3.449,825539,0
2015-07-28,16:00:00,3.4401,3.4401,3.4,3.41,497419,0
2015-07-28,16:05:00,3.405,3.47,3.38,3.39,730374,0
2015-07-28,16:10:00,3.39,3.43,3.39,3.397,735304,0
2015-07-28,16:15:00,3.39,3.393,3.35,3.3601,601862,0
2015-07-28,16:20:00,3.361,3.38,3.33,3.33,640625,0
2015-07-28,16:25:00,3.33,3.34,3.29,3.3301,866350,0
2015-07-28,16:30:00,3.3301,3.36,3.33,3.334,444701,0
2015-07-28,16:35:00,3.335,3.36,3.32,3.35,373947,0
2015-07-28,16:40:00,3.3501,3.37,3.35,3.35,214967,0
2015-07-28,16:45:00,3.37,3.4,3.3601,3.3899,309172,0
2015-07-28,16:50:00,3.39,3.4,3.34,3.36,296612,0
2015-07-28,16:55:00,3.3555,3.39,3.35,3.385,248693,0
2015-07-28,17:00:00,3.3801,3.46,3.375,3.46,810514,0
2015-07-28,17:05:00,3.457,3.4897,3.445,3.47,758117,0
2015-07-28,17:10:00,3.4646,3.48,3.45,3.45,560082,0
2015-07-28,17:15:00,3.459,3.48,3.44,3.445,392295,0
2015-07-28,17:20:00,3.4466,3.46,3.42,3.44,253110,0
2015-07-28,17:25:00,3.44,3.44,3.38,3.4064,472546,0
2015-07-28,17:30:00,3.405,3.44,3.381,3.434,185517,0
2015-07-28,17:35:00,3.4324,3.45,3.3955,3.4,362901,0
2015-07-28,17:40:00,3.407,3.41,3.38,3.407,272940,0
2015-07-28,17:45:00,3.4,3.43,3.3901,3.405,197167,0
2015-07-28,17:50:00,3.4,3.41,3.4,3.405,297661,0
2015-07-28,17:55:00,3.4001,3.43,3.4,3.41,67639,0
2015-07-28,18:00:00,3.41,3.45,3.405,3.4434,88760,0
2015-07-28,18:05:00,3.44,3.4995,3.4301,3.495,895515,0
2015-07-28,18:10:00,3.4999,3.5,3.45,3.4864,401494,0
2015-07-28,18:15:00,3.48,3.49,3.46,3.47,356400,0
2015-07-28,18:20:00,3.471,3.5,3.4701,3.49,290207,0
2015-07-28,18:25:00,3.4901,3.51,3.4801,3.49,312331,0
2015-07-28,18:30:00,3.49,3.509,3.485,3.4999,197482,0
2015-07-28,18:35:00,3.5,3.51,3.465,3.465,395787,0
2015-07-28,18:40:00,3.47,3.48,3.45,3.4606,218039,0
2015-07-28,18:45:00,3.461,3.475,3.44,3.44,337387,0
2015-07-28,18:50:00,3.4401,3.46,3.44,3.4502,284408,0
2015-07-28,18:55:00,3.4598,3.46,3.42,3.46,376506,0
2015-07-28,19:00:00,3.46,3.49,3.4501,3.475,146436,0
2015-07-28,19:05:00,3.48,3.49,3.47,3.475,308168,0
2015-07-28,19:10:00,3.4805,3.4997,3.47,3.4801,105411,0
2015-07-28,19:15:00,3.487,3.49,3.46,3.475,160858,0
2015-07-28,19:20:00,3.4764,3.51,3.4764,3.4936,274490,0
2015-07-28,19:25:00,3.49,3.5099,3.48,3.4999,100706,0
2015-07-28,19:30:00,3.5,3.51,3.49,3.5084,199653,0
2015-07-28,19:35:00,3.51,3.51,3.5,3.51,161931,0
2015-07-28,19:40:00,3.5001,3.51,3.49,3.4999,136652,0
2015-07-28,19:45:00,3.5,3.51,3.49,3.5,157449,0
2015-07-28,19:50:00,3.4999,3.5,3.48,3.4899,182300,0
2015-07-28,19:55:00,3.4865,3.51,3.4801,3.4998,200360,0
2015-07-28,20:00:00,3.5,3.505,3.48,3.4835,292811,0
2015-07-28,20:05:00,3.48,3.49,3.46,3.4868,411384,0
2015-07-28,20:10:00,3.49,3.5036,3.48,3.49,187331,0
2015-07-28,20:15:00,3.49,3.4908,3.48,3.4901,49545,0
2015-07-28,20:20:00,3.49,3.5,3.485,3.5,118269,0
2015-07-28,20:25:00,3.5,3.5095,3.49,3.4901,97631,0
2015-07-28,20:30:00,3.49,3.5,3.47,3.475,135824,0
2015-07-28,20:35:00,3.4899,3.4899,3.46,3.4621,113058,0
2015-07-28,20:40:00,3.47,3.47,3.43,3.4361,532513,0
2015-07-28,20:45:00,3.4397,3.44,3.42,3.42,317856,0
2015-07-28,20:50:00,3.42,3.44,3.42,3.42,182886,0
2015-07-28,20:55:00,3.4201,3.4399,3.42,3.43,336942,0
2015-07-28,21:00:00,3.42,3.44,3.42,3.44,219689,0
2015-07-28,21:05:00,3.4385,3.45,3.43,3.4436,28135,0
2015-07-28,21:10:00,3.45,3.47,3.45,3.47,207777,0
2015-07-28,21:15:00,3.47,3.47,3.455,3.46,181552,0
2015-07-28,21:20:00,3.455,3.46,3.45,3.4551,49337,0
2015-07-28,21:25:00,3.4569,3.46,3.45,3.4567,38343,0
2015-07-28,21:30:00,3.455,3.46,3.45,3.4501,49949,0
2015-07-28,21:35:00,3.45,3.46,3.43,3.4367,210176,0
2015-07-28,21:40:00,3.43,3.4599,3.43,3.45,83413,0
2015-07-28,21:45:00,3.44,3.46,3.44,3.455,110709,0
2015-07-28,21:50:00,3.45,3.46,3.44,3.4401,246897,0
2015-07-28,21:55:00,3.44,3.44,3.43,3.4399,177652,0
2015-07-28,22:00:00,3.4327,3.44,3.42,3.44,556004,0
2015-07-29,15:35:00,3.425,3.44,3.33,3.37,1592203,0
2015-07-29,15:40:00,3.38,3.4166,3.36,3.4166,637971,0
2015-07-29,15:45:00,3.4101,3.48,3.36,3.435,1148934,0
2015-07-29,15:50:00,3.44,3.4599,3.41,3.41,501770,0
2015-07-29,15:55:00,3.3699,3.39,3.36,3.3781,305046,0
2015-07-29,16:00:00,3.38,3.39,3.33,3.35,403480,0
2015-07-29,16:05:00,3.3499,3.36,3.3,3.315,831711,0
2015-07-29,16:10:00,3.329,3.36,3.32,3.34,596135,0
2015-07-29,16:15:00,3.35,3.36,3.33,3.35,687040,0
2015-07-29,16:20:00,3.35,3.35,3.3116,3.33,509003,0
2015-07-29,16:25:00,3.33,3.3684,3.32,3.3401,290911,0
2015-07-29,16:30:00,3.34,3.35,3.33,3.3401,231180,0
2015-07-29,16:35:00,3.35,3.4,3.34,3.387,489782,0
2015-07-29,16:40:00,3.39,3.41,3.375,3.4096,317104,0
2015-07-29,16:45:00,3.405,3.43,3.39,3.41,324467,0
2015-07-29,16:50:00,3.4101,3.48,3.4,3.47,776768,0
2015-07-29,16:55:00,3.47,3.48,3.44,3.4554,861209,0
2015-07-29,17:00:00,3.45,3.45,3.4,3.41,577917,0
2015-07-29,17:05:00,3.41,3.43,3.37,3.4216,674517,0
2015-07-29,17:10:00,3.42,3.45,3.4001,3.4199,600620,0
2015-07-29,17:15:00,3.42,3.44,3.41,3.42,320386,0
2015-07-29,17:20:00,3.4199,3.465,3.415,3.455,417561,0
2015-07-29,17:25:00,3.46,3.48,3.45,3.47,477335,0
2015-07-29,17:30:00,3.47,3.48,3.46,3.4704,301007,0
2015-07-29,17:35:00,3.48,3.53,3.48,3.5,1144591,0
2015-07-29,17:40:00,3.5,3.5899,3.49,3.58,1317432,0
2015-07-29,17:45:00,3.5801,3.64,3.55,3.63,928070,0
2015-07-29,17:50:00,3.62,3.67,3.61,3.633,1416937,0
2015-07-29,17:55:00,3.631,3.6699,3.61,3.62,919485,0
2015-07-29,18:00:00,3.62,3.6488,3.6,3.6202,549401,0
2015-07-29,18:05:00,3.6221,3.63,3.57,3.5899,396760,0
2015-07-29,18:10:00,3.58,3.58,3.51,3.55,668398,0
2015-07-29,18:15:00,3.545,3.559,3.52,3.5399,414792,0
2015-07-29,18:20:00,3.54,3.565,3.5,3.51,625705,0
2015-07-29,18:25:00,3.5,3.5,3.45,3.478,805891,0
2015-07-29,18:30:00,3.4799,3.5296,3.47,3.5296,376570,0
2015-07-29,18:35:00,3.52,3.5499,3.48,3.53,494378,0
2015-07-29,18:40:00,3.5299,3.54,3.5,3.52,304464,0
2015-07-29,18:45:00,3.52,3.53,3.46,3.4899,391899,0
2015-07-29,18:50:00,3.48,3.5,3.47,3.48,257193,0
2015-07-29,18:55:00,3.49,3.515,3.47,3.51,362781,0
2015-07-29,19:00:00,3.51,3.53,3.5,3.52,264308,0
2015-07-29,19:05:00,3.5134,3.53,3.4901,3.5,224567,0
2015-07-29,19:10:00,3.5,3.54,3.5,3.5199,318921,0
2015-07-29,19:15:00,3.515,3.559,3.5,3.54,887030,0
2015-07-29,19:20:00,3.535,3.56,3.52,3.5499,323486,0
2015-07-29,19:25:00,3.5499,3.56,3.53,3.53,299349,0
2015-07-29,19:30:00,3.535,3.55,3.51,3.5195,351363,0
2015-07-29,19:35:00,3.51,3.54,3.51,3.525,233482,0
2015-07-29,19:40:00,3.52,3.5428,3.515,3.53,230400,0
2015-07-29,19:45:00,3.5301,3.58,3.53,3.563,468587,0
2015-07-29,19:50:00,3.57,3.58,3.54,3.55,547249,0
2015-07-29,19:55:00,3.5599,3.56,3.52,3.5301,421016,0
2015-07-29,20:00:00,3.535,3.56,3.53,3.54,425442,0
2015-07-29,20:05:00,3.54,3.69,3.53,3.53,3123970,0
2015-07-29,20:10:00,3.54,3.629,3.47,3.5099,1262478,0
2015-07-29,20:15:00,3.51,3.64,3.51,3.5864,1031128,0
2015-07-29,20:20:00,3.5801,3.67,3.5736,3.6599,939282,0
2015-07-29,20:25:00,3.66,3.68,3.57,3.59,837977,0
2015-07-29,20:30:00,3.585,3.61,3.57,3.5901,490461,0
2015-07-29,20:35:00,3.6,3.62,3.585,3.5999,374322,0
2015-07-29,20:40:00,3.6,3.605,3.56,3.56,318406,0
2015-07-29,20:45:00,3.56,3.56,3.48,3.501,937620,0
2015-07-29,20:50:00,3.5,3.56,3.5,3.5485,398499,0
2015-07-29,20:55:00,3.5497,3.55,3.52,3.53,146850,0
2015-07-29,21:00:00,3.5201,3.605,3.52,3.57,315170,0
2015-07-29,21:05:00,3.575,3.61,3.56,3.563,380030,0
2015-07-29,21:10:00,3.57,3.6,3.54,3.5464,250945,0
2015-07-29,21:15:00,3.545,3.5797,3.54,3.56,133448,0
2015-07-29,21:20:00,3.57,3.58,3.54,3.56,279963,0
2015-07-29,21:25:00,3.56,3.56,3.53,3.55,284953,0
2015-07-29,21:30:00,3.545,3.58,3.545,3.565,234710,0
2015-07-29,21:35:00,3.56,3.6,3.56,3.5699,450169,0
2015-07-29,21:40:00,3.57,3.61,3.564,3.6,397539,0
2015-07-29,21:45:00,3.61,3.64,3.6001,3.64,557604,0
2015-07-29,21:50:00,3.639,3.65,3.6201,3.631,459707,0
2015-07-29,21:55:00,3.6301,3.635,3.6,3.6,487426,0
2015-07-29,22:00:00,3.6,3.63,3.58,3.6,536651,0
2015-07-30,15:35:00,3.38,3.4,3.3,3.3273,2192721,0
2015-07-30,15:40:00,3.32,3.32,3.26,3.2745,1713632,0
2015-07-30,15:45:00,3.2701,3.271,3.21,3.23,1741791,0
2015-07-30,15:50:00,3.22,3.25,3.2,3.2399,1007923,0
2015-07-30,15:55:00,3.2368,3.28,3.2,3.26,959847,0
2015-07-30,16:00:00,3.2585,3.32,3.24,3.288,840197,0
2015-07-30,16:05:00,3.285,3.35,3.2601,3.3431,862867,0
2015-07-30,16:10:00,3.34,3.35,3.31,3.32,712080,0
2015-07-30,16:15:00,3.3199,3.344,3.3148,3.3348,319982,0
2015-07-30,16:20:00,3.34,3.4,3.3301,3.3948,997827,0
2015-07-30,16:25:00,3.3948,3.45,3.39,3.4001,1333344,0
2015-07-30,16:30:00,3.4099,3.47,3.394,3.468,708599,0
2015-07-30,16:35:00,3.465,3.5,3.43,3.43,754055,0
2015-07-30,16:40:00,3.43,3.46,3.42,3.4301,590070,0
2015-07-30,16:45:00,3.4301,3.45,3.41,3.416,306681,0
2015-07-30,16:50:00,3.4148,3.42,3.41,3.41,65223,0
2015-07-30,16:55:00,3.42,3.42,3.39,3.405,164608,0
2015-07-30,17:00:00,3.41,3.47,3.4,3.45,761113,0
2015-07-30,17:05:00,3.449,3.47,3.4248,3.44,286999,0
2015-07-30,17:10:00,3.4499,3.45,3.42,3.4314,242462,0
2015-07-30,17:15:00,3.4399,3.45,3.43,3.45,118000,0
2015-07-30,17:20:00,3.444,3.45,3.43,3.43,140927,0
2015-07-30,17:25:00,3.44,3.44,3.43,3.44,77119,0
2015-07-30,17:30:00,3.4335,3.46,3.4301,3.4565,218568,0
2015-07-30,17:35:00,3.46,3.46,3.4,3.405,212453,0
2015-07-30,17:40:00,3.405,3.41,3.4,3.405,91131,0
2015-07-30,17:45:00,3.4,3.41,3.38,3.385,230492,0
2015-07-30,17:50:00,3.38,3.39,3.35,3.355,365293,0
2015-07-30,17:55:00,3.3568,3.36,3.35,3.36,317327,0
2015-07-30,18:00:00,3.3599,3.379,3.35,3.379,138171,0
2015-07-30,18:05:00,3.38,3.38,3.36,3.3635,340225,0
2015-07-30,18:10:00,3.364,3.364,3.3,3.3,525836,0
2015-07-30,18:15:00,3.305,3.33,3.3,3.3199,209205,0
2015-07-30,18:20:00,3.31,3.33,3.31,3.33,265840,0
2015-07-30,18:25:00,3.33,3.33,3.31,3.31,184339,0
2015-07-30,18:30:00,3.31,3.31,3.27,3.2765,500539,0
2015-07-30,18:35:00,3.2701,3.29,3.27,3.28,174411,0
2015-07-30,18:40:00,3.28,3.28,3.25,3.2659,290473,0
2015-07-30,18:45:00,3.27,3.29,3.26,3.28,90686,0
2015-07-30,18:50:00,3.2738,3.28,3.26,3.2799,287963,0
2015-07-30,18:55:00,3.279,3.28,3.26,3.2695,135045,0
2015-07-30,19:00:00,3.27,3.28,3.26,3.2799,158294,0
2015-07-30,19:05:00,3.28,3.32,3.275,3.32,418468,0
2015-07-30,19:10:00,3.3199,3.33,3.3,3.3157,262960,0
2015-07-30,19:15:00,3.32,3.32,3.2821,3.2821,241506,0
2015-07-30,19:20:00,3.2803,3.3,3.2701,3.2965,185720,0
2015-07-30,19:25:00,3.3,3.3,3.25,3.26,223811,0
2015-07-30,19:30:00,3.26,3.27,3.2505,3.2565,149418,0
2015-07-30,19:35:00,3.26,3.26,3.25,3.25,124703,0
2015-07-30,19:40:00,3.26,3.26,3.22,3.2401,653183,0
2015-07-30,19:45:00,3.241,3.29,3.2401,3.26,618848,0
2015-07-30,19:50:00,3.26,3.26,3.25,3.26,231532,0
2015-07-30,19:55:00,3.2699,3.28,3.25,3.25,109812,0
2015-07-30,20:00:00,3.25,3.26,3.22,3.25,418689,0
2015-07-30,20:05:00,3.24,3.25,3.22,3.231,244436,0
2015-07-30,20:10:00,3.2359,3.24,3.23,3.2357,335052,0
2015-07-30,20:15:00,3.2301,3.26,3.23,3.2501,123345,0
2015-07-30,20:20:00,3.26,3.26,3.24,3.24,250927,0
2015-07-30,20:25:00,3.24,3.25,3.23,3.2351,267773,0
2015-07-30,20:30:00,3.2365,3.24,3.22,3.2299,145771,0
2015-07-30,20:35:00,3.23,3.23,3.22,3.2255,63490,0
2015-07-30,20:40:00,3.225,3.23,3.2,3.201,577454,0
2015-07-30,20:45:00,3.2,3.21,3.2,3.2001,378035,0
2015-07-30,20:50:00,3.2099,3.21,3.2,3.2088,172194,0
2015-07-30,20:55:00,3.2,3.23,3.2,3.22,242036,0
2015-07-30,21:00:00,3.22,3.22,3.2,3.2,288039,0
2015-07-30,21:05:00,3.2035,3.21,3.2,3.2,269629,0
2015-07-30,21:10:00,3.2001,3.22,3.2,3.21,311806,0
2015-07-30,21:15:00,3.21,3.22,3.21,3.22,253130,0
2015-07-30,21:20:00,3.21,3.22,3.21,3.22,181876,0
2015-07-30,21:25:00,3.22,3.22,3.2,3.21,173207,0
2015-07-30,21:30:00,3.2001,3.22,3.2,3.21,176608,0
2015-07-30,21:35:00,3.22,3.23,3.21,3.225,210876,0
2015-07-30,21:40:00,3.2201,3.2201,3.2,3.21,285079,0
2015-07-30,21:45:00,3.22,3.22,3.21,3.215,156665,0
2015-07-30,21:50:00,3.22,3.24,3.215,3.23,382110,0
2015-07-30,21:55:00,3.2301,3.25,3.23,3.2435,304849,0
2015-07-30,22:00:00,3.241,3.28,3.23,3.25,876888,0
2015-07-31,15:35:00,3.5,3.5899,3.46,3.4901,2502821,0
2015-07-31,15:40:00,3.49,3.5,3.41,3.45,1510164,0
2015-07-31,15:45:00,3.44,3.46,3.41,3.458,1068726,0
2015-07-31,15:50:00,3.4545,3.5,3.4399,3.44,1021679,0
2015-07-31,15:55:00,3.4399,3.49,3.43,3.4835,365634,0
2015-07-31,16:00:00,3.4899,3.51,3.4501,3.461,810830,0
2015-07-31,16:05:00,3.46,3.5,3.45,3.4701,551535,0
2015-07-31,16:10:00,3.47,3.5,3.44,3.44,489566,0
2015-07-31,16:15:00,3.4499,3.4499,3.355,3.3599,1098029,0
2015-07-31,16:20:00,3.35,3.38,3.34,3.37,744090,0
2015-07-31,16:25:00,3.368,3.3901,3.36,3.3901,325082,0
2015-07-31,16:30:00,3.395,3.42,3.38,3.3952,586424,0
2015-07-31,16:35:00,3.391,3.4,3.36,3.3601,474677,0
2015-07-31,16:40:00,3.37,3.37,3.31,3.34,815170,0
2015-07-31,16:45:00,3.34,3.3504,3.3245,3.35,486698,0
2015-07-31,16:50:00,3.35,3.41,3.35,3.4,538653,0
2015-07-31,16:55:00,3.399,3.41,3.38,3.39,216277,0
2015-07-31,17:00:00,3.389,3.4,3.3701,3.39,154063,0
2015-07-31,17:05:00,3.39,3.4024,3.3601,3.37,243632,0
2015-07-31,17:10:00,3.37,3.4,3.3699,3.395,153768,0
2015-07-31,17:15:00,3.3999,3.4201,3.3999,3.42,598060,0
2015-07-31,17:20:00,3.42,3.43,3.4,3.43,138449,0
2015-07-31,17:25:00,3.43,3.4324,3.41,3.4299,243833,0
2015-07-31,17:30:00,3.43,3.45,3.42,3.4403,348158,0
2015-07-31,17:35:00,3.441,3.45,3.4,3.4299,394752,0
2015-07-31,17:40:00,3.4221,3.43,3.4062,3.4101,185579,0
2015-07-31,17:45:00,3.41,3.43,3.41,3.411,226253,0
2015-07-31,17:50:00,3.4151,3.43,3.41,3.43,66369,0
2015-07-31,17:55:00,3.43,3.47,3.42,3.46,565020,0
2015-07-31,18:00:00,3.45,3.4607,3.44,3.45,62350,0
2015-07-31,18:05:00,3.4475,3.4479,3.43,3.4401,57299,0
2015-07-31,18:10:00,3.45,3.45,3.4101,3.4101,69393,0
2015-07-31,18:15:00,3.42,3.44,3.41,3.42,129145,0
2015-07-31,18:20:00,3.4204,3.44,3.42,3.4237,42662,0
2015-07-31,18:25:00,3.43,3.451,3.4201,3.4499,183255,0
2015-07-31,18:30:00,3.4499,3.45,3.44,3.45,288074,0
2015-07-31,18:35:00,3.4415,3.46,3.44,3.452,111811,0
2015-07-31,18:40:00,3.4401,3.46,3.44,3.46,100242,0
2015-07-31,18:45:00,3.4501,3.46,3.45,3.4501,89661,0
2015-07-31,18:50:00,3.4562,3.46,3.4,3.4,257376,0
2015-07-31,18:55:00,3.4045,3.42,3.39,3.418,217640,0
2015-07-31,19:00:00,3.4101,3.42,3.38,3.3999,183886,0
2015-07-31,19:05:00,3.39,3.41,3.39,3.4005,109242,0
2015-07-31,19:10:00,3.4,3.4,3.39,3.3935,52163,0
2015-07-31,19:15:00,3.3901,3.4,3.38,3.38,54400,0
2015-07-31,19:20:00,3.381,3.4,3.38,3.4,37737,0
2015-07-31,19:25:00,3.3901,3.41,3.3901,3.4012,34285,0
2015-07-31,19:30:00,3.4051,3.42,3.4,3.42,114440,0
2015-07-31,19:35:00,3.4199,3.43,3.4199,3.4201,151700,0
2015-07-31,19:40:00,3.4201,3.43,3.42,3.43,105983,0
2015-07-31,19:45:00,3.43,3.44,3.421,3.4299,153335,0
2015-07-31,19:50:00,3.428,3.43,3.42,3.43,85600,0
2015-07-31,19:55:00,3.43,3.46,3.4294,3.441,394835,0
2015-07-31,20:00:00,3.45,3.46,3.44,3.45,149149,0
2015-07-31,20:05:00,3.4599,3.49,3.4501,3.4801,465540,0
2015-07-31,20:10:00,3.4874,3.5,3.48,3.485,349727,0
2015-07-31,20:15:00,3.4812,3.5,3.48,3.5,350799,0
2015-07-31,20:20:00,3.4901,3.5,3.4501,3.4701,412338,0
2015-07-31,20:25:00,3.47,3.48,3.44,3.4501,316064,0
2015-07-31,20:30:00,3.46,3.47,3.45,3.46,132970,0
2015-07-31,20:35:00,3.46,3.47,3.4538,3.4635,72875,0
2015-07-31,20:40:00,3.468,3.47,3.45,3.46,114504,0
2015-07-31,20:45:00,3.45,3.47,3.45,3.4699,101920,0
2015-07-31,20:50:00,3.47,3.49,3.4651,3.4703,283920,0
2015-07-31,20:55:00,3.48,3.49,3.47,3.4801,201035,0
2015-07-31,21:00:00,3.4801,3.49,3.47,3.47,246564,0
2015-07-31,21:05:00,3.4705,3.49,3.47,3.4801,285089,0
2015-07-31,21:10:00,3.4801,3.49,3.47,3.4701,65913,0
2015-07-31,21:15:00,3.48,3.48,3.44,3.4501,494083,0
2015-07-31,21:20:00,3.46,3.46,3.44,3.445,127420,0
2015-07-31,21:25:00,3.4439,3.46,3.42,3.4446,340983,0
2015-07-31,21:30:00,3.4432,3.46,3.43,3.44,132389,0
2015-07-31,21:35:00,3.441,3.45,3.42,3.43,226350,0
2015-07-31,21:40:00,3.44,3.4561,3.4301,3.4404,171701,0
2015-07-31,21:45:00,3.445,3.46,3.445,3.4599,179678,0
2015-07-31,21:50:00,3.46,3.47,3.45,3.47,271880,0
2015-07-31,21:55:00,3.469,3.47,3.46,3.468,340785,0
2015-07-31,22:00:00,3.4601,3.48,3.43,3.43,985119,0
2015-08-03,15:35:00,3.36,3.3768,3.32,3.3548,986357,0
2015-08-03,15:40:00,3.3599,3.3599,3.3,3.31,1253321,0
2015-08-03,15:45:00,3.3,3.31,3.27,3.31,949900,0
2015-08-03,15:50:00,3.3099,3.32,3.27,3.27,486180,0
2015-08-03,15:55:00,3.2748,3.29,3.25,3.2699,839746,0
2015-08-03,16:00:00,3.2652,3.31,3.2652,3.2795,329136,0
2015-08-03,16:05:00,3.2795,3.31,3.2699,3.2899,389936,0
2015-08-03,16:10:00,3.29,3.32,3.29,3.305,999434,0
2015-08-03,16:15:00,3.3001,3.32,3.3,3.305,379689,0
2015-08-03,16:20:00,3.31,3.32,3.28,3.29,487460,0
2015-08-03,16:25:00,3.29,3.29,3.26,3.27,223484,0
2015-08-03,16:30:00,3.265,3.27,3.23,3.23,977695,0
2015-08-03,16:35:00,3.2345,3.26,3.23,3.25,544038,0
2015-08-03,16:40:00,3.2551,3.28,3.25,3.27,483411,0
2015-08-03,16:45:00,3.27,3.28,3.26,3.2699,216039,0
2015-08-03,16:50:00,3.2699,3.27,3.25,3.27,203181,0
2015-08-03,16:55:00,3.27,3.27,3.25,3.2666,177707,0
2015-08-03,17:00:00,3.27,3.289,3.2699,3.28,194267,0
2015-08-03,17:05:00,3.28,3.29,3.25,3.2579,232764,0
2015-08-03,17:10:00,3.255,3.26,3.24,3.2479,199651,0
2015-08-03,17:15:00,3.24,3.26,3.23,3.2499,384369,0
2015-08-03,17:20:00,3.24,3.25,3.23,3.25,281762,0
2015-08-03,17:25:00,3.24,3.25,3.23,3.24,139379,0
2015-08-03,17:30:00,3.25,3.25,3.21,3.2165,300296,0
2015-08-03,17:35:00,3.2101,3.24,3.21,3.231,329218,0
2015-08-03,17:40:00,3.23,3.25,3.2229,3.2496,201807,0
2015-08-03,17:45:00,3.2499,3.2499,3.22,3.2201,123638,0
2015-08-03,17:50:00,3.22,3.2295,3.2,3.2021,554882,0
2015-08-03,17:55:00,3.2,3.21,3.18,3.18,526294,0
2015-08-03,18:00:00,3.1855,3.19,3.16,3.1807,398314,0
2015-08-03,18:05:00,3.19,3.19,3.18,3.1887,159530,0
2015-08-03,18:10:00,3.1899,3.19,3.15,3.16,380744,0
2015-08-03,18:15:00,3.17,3.17,3.1335,3.147,355551,0
2015-08-03,18:20:00,3.1415,3.15,3.12,3.13,296392,0
2015-08-03,18:25:00,3.127,3.13,3.1,3.1062,426043,0
2015-08-03,18:30:00,3.1099,3.14,3.1,3.12,642588,0
2015-08-03,18:35:00,3.13,3.13,3.1,3.12,539561,0
2015-08-03,18:40:00,3.129,3.13,3.11,3.1258,253886,0
2015-08-03,18:45:00,3.12,3.14,3.115,3.139,298823,0
2015-08-03,18:50:00,3.13,3.14,3.12,3.14,166707,0
2015-08-03,18:55:00,3.1355,3.14,3.12,3.13,249364,0
2015-08-03,19:00:00,3.1298,3.15,3.12,3.15,152369,0
2015-08-03,19:05:00,3.15,3.18,3.14,3.1798,313005,0
2015-08-03,19:10:00,3.179,3.18,3.16,3.18,339090,0
2015-08-03,19:15:00,3.18,3.18,3.15,3.1662,208425,0
2015-08-03,19:20:00,3.17,3.17,3.15,3.15,128066,0
2015-08-03,19:25:00,3.15,3.16,3.14,3.15,127259,0
2015-08-03,19:30:00,3.1513,3.1555,3.13,3.1362,188827,0
2015-08-03,19:35:00,3.14,3.16,3.135,3.157,130470,0
2015-08-03,19:40:00,3.155,3.18,3.15,3.17,153414,0
2015-08-03,19:45:00,3.17,3.1799,3.16,3.17,96450,0
2015-08-03,19:50:00,3.1695,3.17,3.15,3.17,166085,0
2015-08-03,19:55:00,3.17,3.18,3.16,3.16,115300,0
2015-08-03,20:00:00,3.16,3.17,3.14,3.15,196983,0
2015-08-03,20:05:00,3.1572,3.17,3.15,3.165,105018,0
2015-08-03,20:10:00,3.1699,3.17,3.13,3.13,247768,0
2015-08-03,20:15:00,3.13,3.1365,3.1,3.1,472091,0
2015-08-03,20:20:00,3.1,3.11,3.05,3.05,1169835,0
2015-08-03,20:25:00,3.0538,3.06,3.03,3.03,470790,0
2015-08-03,20:30:00,3.03,3.04,3.02,3.0265,434468,0
2015-08-03,20:35:00,3.0202,3.05,3.02,3.0401,298232,0
2015-08-03,20:40:00,3.0465,3.07,3.045,3.0699,314409,0
2015-08-03,20:45:00,3.0601,3.07,3.05,3.05,292234,0
2015-08-03,20:50:00,3.055,3.06,3.04,3.045,200116,0
2015-08-03,20:55:00,3.04,3.05,3.03,3.04,395624,0
2015-08-03,21:00:00,3.04,3.05,3.04,3.04,412194,0
2015-08-03,21:05:00,3.05,3.08,3.05,3.07,497430,0
2015-08-03,21:10:00,3.0701,3.08,3.06,3.0663,183011,0
2015-08-03,21:15:00,3.0664,3.07,3.05,3.055,153719,0
2015-08-03,21:20:00,3.05,3.07,3.05,3.06,437825,0
2015-08-03,21:25:00,3.07,3.08,3.06,3.069,162955,0
2015-08-03,21:30:00,3.0665,3.09,3.06,3.0655,313246,0
2015-08-03,21:35:00,3.06,3.079,3.06,3.07,484917,0
2015-08-03,21:40:00,3.0764,3.08,3.06,3.0601,243870,0
2015-08-03,21:45:00,3.065,3.08,3.06,3.08,224464,0
2015-08-03,21:50:00,3.0739,3.0765,3.06,3.0601,394271,0
2015-08-03,21:55:00,3.0601,3.07,3.06,3.0668,294221,0
2015-08-03,22:00:00,3.065,3.1,3.05,3.1,1085839,0
2015-08-04,15:35:00,3.21,3.25,3.2078,3.23,744999,0
2015-08-04,15:40:00,3.23,3.2599,3.2,3.22,556834,0
2015-08-04,15:45:00,3.22,3.23,3.2,3.2201,163180,0
2015-08-04,15:50:00,3.2201,3.26,3.22,3.25,424302,0
2015-08-04,15:55:00,3.25,3.26,3.225,3.225,406861,0
2015-08-04,16:00:00,3.2399,3.24,3.2,3.22,412622,0
2015-08-04,16:05:00,3.22,3.22,3.16,3.1892,615637,0
2015-08-04,16:10:00,3.18,3.21,3.165,3.2,412783,0
2015-08-04,16:15:00,3.2055,3.22,3.19,3.19,408268,0
2015-08-04,16:20:00,3.193,3.2,3.18,3.1801,90223,0
2015-08-04,16:25:00,3.18,3.18,3.15,3.17,438905,0
2015-08-04,16:30:00,3.171,3.18,3.1406,3.1406,411669,0
2015-08-04,16:35:00,3.14,3.16,3.13,3.1595,466892,0
2015-08-04,16:40:00,3.1501,3.1501,3.11,3.11,268527,0
2015-08-04,16:45:00,3.111,3.13,3.1,3.1299,264809,0
2015-08-04,16:50:00,3.12,3.13,3.11,3.1201,111414,0
2015-08-04,16:55:00,3.1299,3.16,3.1101,3.1535,220137,0
2015-08-04,17:00:00,3.156,3.17,3.15,3.17,276777,0
2015-08-04,17:05:00,3.17,3.19,3.1612,3.19,501340,0
2015-08-04,17:10:00,3.19,3.2,3.18,3.1913,61721,0
2015-08-04,17:15:00,3.19,3.2,3.19,3.1958,197919,0
2015-08-04,17:20:00,3.191,3.21,3.19,3.2,170636,0
2015-08-04,17:25:00,3.2,3.2,3.18,3.19,71570,0
2015-08-04,17:30:00,3.1901,3.21,3.19,3.2001,187333,0
2015-08-04,17:35:00,3.205,3.21,3.19,3.2,156430,0
2015-08-04,17:40:00,3.2,3.21,3.1971,3.2,210753,0
2015-08-04,17:45:00,3.2001,3.2099,3.2,3.2099,39130,0
2015-08-04,17:50:00,3.21,3.21,3.2,3.21,150249,0
2015-08-04,17:55:00,3.2,3.21,3.2,3.205,144533,0
2015-08-04,18:00:00,3.21,3.21,3.19,3.2,104786,0
2015-08-04,18:05:00,3.19,3.2,3.19,3.19,47670,0
2015-08-04,18:10:00,3.1936,3.1965,3.19,3.1915,38265,0
2015-08-04,18:15:00,3.19,3.2,3.19,3.2,76112,0
2015-08-04,18:20:00,3.19,3.2,3.19,3.199,121390,0
2015-08-04,18:25:00,3.19,3.2,3.18,3.18,247897,0
2015-08-04,18:30:00,3.17,3.18,3.16,3.1622,158268,0
2015-08-04,18:35:00,3.16,3.19,3.16,3.19,152717,0
2015-08-04,18:40:00,3.1901,3.2,3.19,3.1984,172866,0
2015-08-04,18:45:00,3.1901,3.1901,3.18,3.185,107680,0
2015-08-04,18:50:00,3.19,3.19,3.18,3.19,157350,0
2015-08-04,18:55:00,3.18,3.19,3.18,3.18,4000,0
2015-08-04,19:00:00,3.18,3.19,3.18,3.18,38538,0
2015-08-04,19:05:00,3.1859,3.1899,3.1801,3.185,12788,0
2015-08-04,19:10:00,3.18,3.1801,3.17,3.1701,57900,0
2015-08-04,19:15:00,3.1659,3.1659,3.16,3.1648,15103,0
2015-08-04,19:20:00,3.1655,3.1676,3.1655,3.1676,1300,0
2015-08-04,19:25:00,3.1699,3.17,3.14,3.14,123812,0
2015-08-04,19:30:00,3.1484,3.1484,3.12,3.129,288927,0
2015-08-04,19:35:00,3.13,3.135,3.11,3.118,409070,0
2015-08-04,19:40:00,3.11,3.12,3.0935,3.1007,378896,0
2015-08-04,19:45:00,3.1038,3.1038,3.05,3.05,545287,0
2015-08-04,19:50:00,3.055,3.06,3.02,3.03,454623,0
2015-08-04,19:55:00,3.0255,3.04,3.02,3.03,585825,0
2015-08-04,20:00:00,3.0361,3.08,3.03,3.0739,482144,0
2015-08-04,20:05:00,3.075,3.08,3.03,3.05,521472,0
2015-08-04,20:10:00,3.0474,3.065,3.04,3.065,361529,0
2015-08-04,20:15:00,3.0601,3.07,3.05,3.06,298371,0
2015-08-04,20:20:00,3.0601,3.07,3.03,3.04,246029,0
2015-08-04,20:25:00,3.04,3.06,3.03,3.0565,249349,0
2015-08-04,20:30:00,3.06,3.07,3.05,3.0699,256413,0
2015-08-04,20:35:00,3.065,3.07,3.06,3.06,104009,0
2015-08-04,20:40:00,3.051,3.06,3.05,3.055,57385,0
2015-08-04,20:45:00,3.06,3.06,3.05,3.056,61600,0
2015-08-04,20:50:00,3.05,3.06,3.05,3.055,35298,0
2015-08-04,20:55:00,3.055,3.07,3.0507,3.0636,130100,0
2015-08-04,21:00:00,3.0675,3.07,3.05,3.0584,105025,0
2015-08-04,21:05:00,3.055,3.06,3.05,3.06,56947,0
2015-08-04,21:10:00,3.055,3.07,3.05,3.069,83096,0
2015-08-04,21:15:00,3.0665,3.0665,3.05,3.06,81329,0
2015-08-04,21:20:00,3.055,3.06,3.05,3.0501,24539,0
2015-08-04,21:25:00,3.05,3.06,3.05,3.0578,68759,0
2015-08-04,21:30:00,3.0599,3.06,3.05,3.06,47835,0
2015-08-04,21:35:00,3.055,3.06,3.05,3.06,27575,0
2015-08-04,21:40:00,3.0512,3.06,3.05,3.0501,45190,0
2015-08-04,21:45:00,3.0599,3.06,3.04,3.0401,213657,0
2015-08-04,21:50:00,3.045,3.05,3.04,3.049,238267,0
2015-08-04,21:55:00,3.041,3.05,3.04,3.0499,208694,0
2015-08-04,22:00:00,3.045,3.09,3.04,3.09,813158,0
2015-08-05,15:35:00,3.19,3.25,3.17,3.215,1610734,0
2015-08-05,15:40:00,3.22,3.24,3.19,3.22,581243,0
2015-08-05,15:45:00,3.23,3.24,3.22,3.231,573614,0
2015-08-05,15:50:00,3.2349,3.25,3.21,3.223,1114574,0
2015-08-05,15:55:00,3.23,3.239,3.17,3.22,543195,0
2015-08-05,16:00:00,3.2199,3.22,3.19,3.21,302361,0
2015-08-05,16:05:00,3.2,3.205,3.1,3.1024,1093633,0
2015-08-05,16:10:00,3.11,3.133,3.08,3.1,813609,0
2015-08-05,16:15:00,3.0999,3.15,3.08,3.1401,588715,0
2015-08-05,16:20:00,3.1401,3.1451,3.1,3.11,514480,0
2015-08-05,16:25:00,3.115,3.16,3.11,3.16,292709,0
2015-08-05,16:30:00,3.16,3.17,3.14,3.1499,395390,0
2015-08-05,16:35:00,3.15,3.1701,3.15,3.17,402172,0
2015-08-05,16:40:00,3.17,3.19,3.1424,3.1424,401965,0
2015-08-05,16:45:00,3.14,3.15,3.12,3.14,250926,0
2015-08-05,16:50:00,3.138,3.14,3.11,3.12,189596,0
2015-08-05,16:55:00,3.12,3.13,3.11,3.12,141580,0
2015-08-05,17:00:00,3.12,3.13,3.07,3.09,694331,0
2015-08-05,17:05:00,3.09,3.095,3.06,3.07,508410,0
2015-08-05,17:10:00,3.07,3.09,3.06,3.08,268470,0
2015-08-05,17:15:00,3.08,3.081,3.06,3.065,324071,0
2015-08-05,17:20:00,3.065,3.07,3.05,3.07,239057,0
2015-08-05,17:25:00,3.0665,3.1,3.06,3.0999,198633,0
2015-08-05,17:30:00,3.09,3.1,3.06,3.06,95941,0
2015-08-05,17:35:00,3.07,3.0799,3.06,3.07,134813,0
2015-08-05,17:40:00,3.0655,3.07,3.05,3.055,614300,0
2015-08-05,17:45:00,3.0599,3.0599,3.03,3.04,843435,0
2015-08-05,17:50:00,3.0459,3.05,3.02,3.045,823001,0
2015-08-05,17:55:00,3.05,3.05,3.02,3.03,340497,0
2015-08-05,18:00:00,3.035,3.05,3.02,3.04,211460,0
2015-08-05,18:05:00,3.04,3.06,3.03,3.0484,220643,0
2015-08-05,18:10:00,3.05,3.065,3.04,3.0465,210967,0
2015-08-05,18:15:00,3.049,3.07,3.04,3.07,264730,0
2015-08-05,18:20:00,3.0699,3.08,3.06,3.0701,158047,0
2015-08-05,18:25:00,3.08,3.08,3.06,3.06,217333,0
2015-08-05,18:30:00,3.06,3.07,3.06,3.0699,96763,0
2015-08-05,18:35:00,3.06,3.065,3.05,3.06,87628,0
2015-08-05,18:40:00,3.055,3.06,3.05,3.06,46455,0
2015-08-05,18:45:00,3.055,3.06,3.05,3.06,266260,0
2015-08-05,18:50:00,3.05,3.08,3.05,3.065,205348,0
2015-08-05,18:55:00,3.0699,3.07,3.05,3.0583,145168,0
2015-08-05,19:00:00,3.05,3.06,3.05,3.06,110726,0
2015-08-05,19:05:00,3.05,3.06,3.04,3.04,162297,0
2015-08-05,19:10:00,3.049,3.0599,3.04,3.0439,93462,0
2015-08-05,19:15:00,3.045,3.05,3.03,3.04,173047,0
2015-08-05,19:20:00,3.04,3.04,3.03,3.035,83003,0
2015-08-05,19:25:00,3.038,3.04,3.03,3.038,183193,0
2015-08-05,19:30:00,3.03,3.04,3.02,3.0299,503195,0
2015-08-05,19:35:00,3.03,3.03,3.02,3.02,171093,0
2015-08-05,19:40:00,3.025,3.03,3.02,3.0259,338178,0
2015-08-05,19:45:00,3.03,3.04,3.02,3.03,242891,0
2015-08-05,19:50:00,3.04,3.04,3.03,3.0361,114146,0
2015-08-05,19:55:00,3.03,3.0386,3.02,3.02,86080,0
2015-08-05,20:00:00,3.0265,3.03,3.02,3.02,356665,0
2015-08-05,20:05:00,3.025,3.03,3.02,3.025,146979,0
2015-08-05,20:10:00,3.025,3.04,3.02,3.03,233157,0
2015-08-05,20:15:00,3.03,3.04,3.02,3.03,137316,0
2015-08-05,20:20:00,3.03,3.04,3.02,3.0301,153881,0
2015-08-05,20:25:00,3.0368,3.05,3.03,3.04,145932,0
2015-08-05,20:30:00,3.04,3.04,3.03,3.04,56049,0
2015-08-05,20:35:00,3.05,3.05,3.04,3.04,51390,0
2015-08-05,20:40:00,3.04,3.05,3.04,3.0401,65236,0
2015-08-05,20:45:00,3.05,3.05,3.03,3.035,160369,0
2015-08-05,20:50:00,3.03,3.04,3.02,3.0299,932921,0
2015-08-05,20:55:00,3.02,3.03,3.01,3.0105,423779,0
2015-08-05,21:00:00,3.0131,3.02,3,3,645309,0
2015-08-05,21:05:00,3,3.01,2.97,2.97,1598736,0
2015-08-05,21:10:00,2.98,2.98,2.97,2.9768,319233,0
2015-08-05,21:15:00,2.98,2.98,2.96,2.97,407797,0
2015-08-05,21:20:00,2.96,2.97,2.93,2.93,845483,0
2015-08-05,21:25:00,2.94,2.94,2.93,2.9399,513865,0
2015-08-05,21:30:00,2.9365,2.94,2.91,2.91,627404,0
2015-08-05,21:35:00,2.9199,2.92,2.9,2.904,790524,0
2015-08-05,21:40:00,2.901,2.91,2.9,2.9,495377,0
2015-08-05,21:45:00,2.905,2.91,2.89,2.9052,908609,0
2015-08-05,21:50:00,2.9,2.91,2.89,2.8939,379072,0
2015-08-05,21:55:00,2.8921,2.92,2.89,2.91,481881,0
2015-08-05,22:00:00,2.92,2.95,2.91,2.93,1189371,0
2015-08-06,15:35:00,3.02,3.06,2.99,2.99,1048662,0
2015-08-06,15:40:00,2.99,3.01,2.96,3.009,699015,0
2015-08-06,15:45:00,3,3.04,2.97,2.9799,457276,0
2015-08-06,15:50:00,2.98,3.04,2.97,3.04,473448,0
2015-08-06,15:55:00,3.04,3.05,2.9982,3.01,723057,0
2015-08-06,16:00:00,3.0149,3.08,3.0149,3.08,1415496,0
2015-08-06,16:05:00,3.08,3.1,3.031,3.04,1336391,0
2015-08-06,16:10:00,3.0401,3.06,3.02,3.025,666211,0
2015-08-06,16:15:00,3.0203,3.05,3.02,3.04,517539,0
2015-08-06,16:20:00,3.0349,3.075,3.0349,3.0621,648230,0
2015-08-06,16:25:00,3.0699,3.08,3.06,3.06,728963,0
2015-08-06,16:30:00,3.06,3.12,3.06,3.0915,1287205,0
2015-08-06,16:35:00,3.1,3.15,3.0901,3.15,1460481,0
2015-08-06,16:40:00,3.15,3.19,3.1499,3.1701,1127933,0
2015-08-06,16:45:00,3.18,3.18,3.14,3.1635,783268,0
2015-08-06,16:50:00,3.16,3.2,3.145,3.18,1049063,0
2015-08-06,16:55:00,3.1899,3.2,3.16,3.16,931003,0
2015-08-06,17:00:00,3.16,3.16,3.11,3.1224,1063943,0
2015-08-06,17:05:00,3.12,3.13,3.09,3.1,891316,0
2015-08-06,17:10:00,3.1001,3.12,3.09,3.1199,467130,0
2015-08-06,17:15:00,3.115,3.12,3.1,3.1,552328,0
2015-08-06,17:20:00,3.11,3.12,3.0901,3.12,466164,0
2015-08-06,17:25:00,3.12,3.12,3.07,3.0964,900993,0
2015-08-06,17:30:00,3.09,3.1,3.07,3.0739,294060,0
2015-08-06,17:35:00,3.07,3.1,3.0699,3.1,387685,0
2015-08-06,17:40:00,3.1,3.13,3.0979,3.125,384056,0
2015-08-06,17:45:00,3.1268,3.15,3.12,3.1499,520355,0
2015-08-06,17:50:00,3.14,3.16,3.13,3.15,528514,0
2015-08-06,17:55:00,3.15,3.19,3.145,3.1851,624602,0
2015-08-06,18:00:00,3.18,3.2,3.17,3.195,607611,0
2015-08-06,18:05:00,3.2,3.21,3.1701,3.21,674249,0
2015-08-06,18:10:00,3.21,3.23,3.2001,3.23,654373,0
2015-08-06,18:15:00,3.2299,3.25,3.22,3.2401,1060558,0
2015-08-06,18:20:00,3.249,3.34,3.24,3.3271,1025903,0
2015-08-06,18:25:00,3.3221,3.325,3.27,3.3,1090737,0
2015-08-06,18:30:00,3.3,3.31,3.285,3.3001,663307,0
2015-08-06,18:35:00,3.3035,3.3199,3.27,3.27,434142,0
2015-08-06,18:40:00,3.271,3.29,3.27,3.29,386991,0
2015-08-06,18:45:00,3.28,3.32,3.2701,3.3,445417,0
2015-08-06,18:50:00,3.3099,3.31,3.29,3.295,595258,0
2015-08-06,18:55:00,3.3,3.3,3.25,3.2599,367675,0
2015-08-06,19:00:00,3.25,3.26,3.1913,3.2,806004,0
2015-08-06,19:05:00,3.21,3.22,3.18,3.2,315665,0
2015-08-06,19:10:00,3.1999,3.21,3.19,3.199,214984,0
2015-08-06,19:15:00,3.1988,3.1999,3.15,3.1797,407170,0
2015-08-06,19:20:00,3.1799,3.18,3.11,3.1299,805898,0
2015-08-06,19:25:00,3.13,3.17,3.12,3.1599,213808,0
2015-08-06,19:30:00,3.155,3.1699,3.145,3.165,282698,0
2015-08-06,19:35:00,3.16,3.17,3.15,3.1699,88489,0
2015-08-06,19:40:00,3.165,3.18,3.16,3.1601,201484,0
2015-08-06,19:45:00,3.161,3.17,3.141,3.16,221195,0
2015-08-06,19:50:00,3.1573,3.19,3.155,3.179,169960,0
2015-08-06,19:55:00,3.175,3.22,3.17,3.21,403720,0
2015-08-06,20:00:00,3.22,3.25,3.2106,3.25,559732,0
2015-08-06,20:05:00,3.25,3.25,3.23,3.24,552664,0
2015-08-06,20:10:00,3.2361,3.24,3.205,3.205,275122,0
2015-08-06,20:15:00,3.21,3.21,3.19,3.19,175564,0
2015-08-06,20:20:00,3.2,3.2201,3.19,3.22,450083,0
2015-08-06,20:25:00,3.22,3.24,3.21,3.2399,190542,0
2015-08-06,20:30:00,3.23,3.26,3.2239,3.2599,239151,0
2015-08-06,20:35:00,3.2521,3.2601,3.24,3.2499,270382,0
2015-08-06,20:40:00,3.25,3.25,3.2335,3.24,179020,0
2015-08-06,20:45:00,3.231,3.25,3.23,3.247,89719,0
2015-08-06,20:50:00,3.25,3.25,3.24,3.25,262250,0
2015-08-06,20:55:00,3.25,3.25,3.23,3.2311,118145,0
2015-08-06,21:00:00,3.23,3.24,3.21,3.2301,262786,0
2015-08-06,21:05:00,3.235,3.235,3.22,3.23,171890,0
2015-08-06,21:10:00,3.23,3.23,3.193,3.193,476703,0
2015-08-06,21:15:00,3.1901,3.21,3.18,3.2,227773,0
2015-08-06,21:20:00,3.2,3.22,3.19,3.2199,183102,0
2015-08-06,21:25:00,3.22,3.22,3.17,3.179,448702,0
2015-08-06,21:30:00,3.17,3.18,3.16,3.1601,269813,0
2015-08-06,21:35:00,3.16,3.17,3.13,3.15,283553,0
2015-08-06,21:40:00,3.145,3.15,3.12,3.125,156199,0
2015-08-06,21:45:00,3.13,3.1665,3.12,3.1601,407443,0
2015-08-06,21:50:00,3.1601,3.17,3.15,3.1579,278623,0
2015-08-06,21:55:00,3.15,3.16,3.14,3.16,264711,0
2015-08-06,22:00:00,3.15,3.16,3.13,3.14,928107,0
2015-08-07,15:35:00,3.15,3.24,3.13,3.22,1505285,0
2015-08-07,15:40:00,3.2301,3.3,3.21,3.2999,2065252,0
2015-08-07,15:45:00,3.2901,3.34,3.28,3.3051,1397895,0
2015-08-07,15:50:00,3.3,3.38,3.3,3.3645,1666445,0
2015-08-07,15:55:00,3.365,3.43,3.34,3.34,1807450,0
2015-08-07,16:00:00,3.34,3.36,3.33,3.33,1076633,0
2015-08-07,16:05:00,3.3238,3.33,3.28,3.301,810325,0
2015-08-07,16:10:00,3.3099,3.31,3.25,3.2799,633532,0
2015-08-07,16:15:00,3.27,3.31,3.26,3.3035,642464,0
2015-08-07,16:20:00,3.3,3.33,3.28,3.32,694728,0
2015-08-07,16:25:00,3.32,3.36,3.31,3.36,818694,0
2015-08-07,16:30:00,3.35,3.36,3.31,3.35,492617,0
2015-08-07,16:35:00,3.345,3.4,3.341,3.35,1131880,0
2015-08-07,16:40:00,3.349,3.39,3.33,3.3818,470184,0
2015-08-07,16:45:00,3.38,3.42,3.38,3.4001,1072396,0
2015-08-07,16:50:00,3.41,3.47,3.4,3.45,1259535,0
2015-08-07,16:55:00,3.44,3.47,3.41,3.4115,957528,0
2015-08-07,17:00:00,3.41,3.4164,3.38,3.4001,624898,0
2015-08-07,17:05:00,3.4,3.44,3.4,3.405,684891,0
2015-08-07,17:10:00,3.4,3.42,3.3515,3.37,508921,0
2015-08-07,17:15:00,3.375,3.38,3.32,3.3505,662744,0
2015-08-07,17:20:00,3.355,3.36,3.33,3.33,706752,0
2015-08-07,17:25:00,3.33,3.36,3.32,3.3299,433835,0
2015-08-07,17:30:00,3.325,3.34,3.28,3.2862,596489,0
2015-08-07,17:35:00,3.29,3.32,3.27,3.28,615176,0
2015-08-07,17:40:00,3.2765,3.29,3.2709,3.2839,390914,0
2015-08-07,17:45:00,3.29,3.34,3.29,3.34,371488,0
2015-08-07,17:50:00,3.33,3.38,3.33,3.335,440776,0
2015-08-07,17:55:00,3.331,3.35,3.31,3.3199,304886,0
2015-08-07,18:00:00,3.32,3.32,3.28,3.3,446829,0
2015-08-07,18:05:00,3.305,3.33,3.305,3.32,221188,0
2015-08-07,18:10:00,3.31,3.33,3.31,3.3141,110209,0
2015-08-07,18:15:00,3.31,3.31,3.29,3.3065,135197,0
2015-08-07,18:20:00,3.31,3.34,3.31,3.328,265089,0
2015-08-07,18:25:00,3.32,3.333,3.31,3.31,99832,0
2015-08-07,18:30:00,3.31,3.32,3.281,3.29,74053,0
2015-08-07,18:35:00,3.29,3.29,3.26,3.281,289965,0
2015-08-07,18:40:00,3.29,3.29,3.27,3.27,111882,0
2015-08-07,18:45:00,3.28,3.29,3.27,3.272,102731,0
2015-08-07,18:50:00,3.2799,3.3,3.27,3.285,110130,0
2015-08-07,18:55:00,3.28,3.3,3.28,3.293,95430,0
2015-08-07,19:00:00,3.2932,3.31,3.25,3.2588,647541,0
2015-08-07,19:05:00,3.26,3.27,3.24,3.24,509174,0
2015-08-07,19:10:00,3.2401,3.2651,3.24,3.25,280615,0
2015-08-07,19:15:00,3.25,3.27,3.235,3.2699,251719,0
2015-08-07,19:20:00,3.2678,3.3,3.26,3.3,393076,0
2015-08-07,19:25:00,3.2903,3.32,3.28,3.3193,384964,0
2015-08-07,19:30:00,3.32,3.33,3.31,3.3176,149777,0
2015-08-07,19:35:00,3.32,3.34,3.3114,3.33,148154,0
2015-08-07,19:40:00,3.33,3.35,3.3295,3.3335,149531,0
2015-08-07,19:45:00,3.33,3.35,3.33,3.3384,551534,0
2015-08-07,19:50:00,3.33,3.36,3.32,3.35,336856,0
2015-08-07,19:55:00,3.35,3.36,3.34,3.345,160265,0
2015-08-07,20:00:00,3.35,3.35,3.3,3.3,299867,0
2015-08-07,20:05:00,3.3,3.31,3.28,3.29,255191,0
2015-08-07,20:10:00,3.29,3.31,3.28,3.3,125866,0
2015-08-07,20:15:00,3.29,3.3099,3.29,3.2999,45537,0
2015-08-07,20:20:00,3.29,3.3,3.28,3.2801,121902,0
2015-08-07,20:25:00,3.2851,3.29,3.26,3.28,198287,0
2015-08-07,20:30:00,3.27,3.28,3.27,3.28,196366,0
2015-08-07,20:35:00,3.29,3.295,3.25,3.2501,221279,0
2015-08-07,20:40:00,3.2599,3.2599,3.22,3.23,282744,0
2015-08-07,20:45:00,3.23,3.23,3.19,3.2001,438629,0
2015-08-07,20:50:00,3.21,3.23,3.2,3.2,124758,0
2015-08-07,20:55:00,3.21,3.215,3.2,3.2,336024,0
2015-08-07,21:00:00,3.2001,3.21,3.18,3.2,421206,0
2015-08-07,21:05:00,3.1905,3.2,3.18,3.1859,280036,0
2015-08-07,21:10:00,3.185,3.19,3.13,3.14,668651,0
2015-08-07,21:15:00,3.1301,3.14,3.1,3.115,410872,0
2015-08-07,21:20:00,3.115,3.13,3.11,3.1239,159250,0
2015-08-07,21:25:00,3.1261,3.14,3.11,3.1199,242134,0
2015-08-07,21:30:00,3.12,3.13,3.1,3.12,284407,0
2015-08-07,21:35:00,3.1266,3.1399,3.12,3.134,237416,0
2015-08-07,21:40:00,3.1385,3.14,3.1139,3.13,221313,0
2015-08-07,21:45:00,3.125,3.14,3.12,3.129,157641,0
2015-08-07,21:50:00,3.13,3.14,3.1239,3.1388,177485,0
2015-08-07,21:55:00,3.135,3.15,3.13,3.15,363271,0
2015-08-07,22:00:00,3.15,3.17,3.13,3.15,1041109,0
