Date,Time,Open,High,Low,Close,Volume,OpenInt
2015-01-21,15:50:00,94.299,94.299,94.299,94.299,38133,0
2015-01-21,19:30:00,94.546,94.546,94.546,94.546,198,0
2015-01-21,21:30:00,94.685,94.685,94.685,94.685,152,0
2015-01-22,16:40:00,95.101,95.101,95.101,95.101,404,0
2015-01-22,19:00:00,95.289,95.289,95.289,95.289,492,0
2015-01-22,20:40:00,95.864,95.864,95.864,95.864,1408,0
2015-01-22,20:50:00,95.815,95.815,95.805,95.805,515,0
2015-01-23,18:10:00,96.023,96.023,96.023,96.023,2716,0
2015-01-23,18:45:00,96.212,96.212,96.202,96.202,781,0
2015-01-23,19:10:00,96.072,96.072,96.072,96.072,404,0
2015-01-23,20:05:00,96.152,96.152,96.152,96.152,605,0
2015-01-23,21:15:00,95.736,95.736,95.736,95.736,202,0
2015-01-26,17:50:00,95.746,95.746,95.746,95.746,1311,0
2015-01-26,17:55:00,95.815,95.815,95.815,95.815,202,0
2015-01-26,18:00:00,95.854,95.854,95.854,95.854,100,0
2015-01-26,18:05:00,95.825,95.825,95.825,95.825,100,0
2015-01-26,18:10:00,95.854,95.854,95.854,95.854,100,0
2015-01-26,18:15:00,95.924,95.924,95.924,95.924,100,0
2015-01-26,18:20:00,95.884,95.884,95.884,95.884,202,0
2015-01-26,18:25:00,95.864,95.864,95.864,95.864,100,0
2015-01-26,18:30:00,95.864,95.864,95.864,95.864,100,0
2015-01-26,18:35:00,95.864,95.864,95.785,95.785,908,0
2015-01-26,18:40:00,95.756,95.756,95.756,95.756,504,0
2015-01-26,19:25:00,95.844,95.844,95.844,95.844,202,0
2015-01-26,19:30:00,95.834,95.834,95.834,95.834,100,0
2015-01-26,19:35:00,95.844,95.904,95.844,95.904,202,0
2015-01-26,19:40:00,95.904,95.904,95.894,95.894,202,0
2015-01-26,19:45:00,95.904,95.914,95.904,95.914,202,0
2015-01-26,19:50:00,95.914,95.944,95.914,95.944,202,0
2015-01-26,19:55:00,96.033,96.033,96.033,96.033,202,0
2015-01-26,20:00:00,96.023,96.023,96.013,96.013,202,0
2015-01-26,20:05:00,96.013,96.013,96.004,96.013,302,0
2015-01-26,20:10:00,96.004,96.004,95.974,95.974,302,0
2015-01-26,20:15:00,95.954,95.954,95.874,95.874,807,0
2015-01-26,20:25:00,95.904,95.904,95.904,95.904,100,0
2015-01-26,20:30:00,95.904,95.904,95.904,95.904,605,0
2015-01-26,20:45:00,95.924,95.924,95.924,95.924,1110,0
2015-01-27,21:20:00,95.151,95.151,95.151,95.151,208,0
2015-01-28,18:45:00,95.002,95.002,95.002,95.002,908,0
2015-01-28,19:30:00,94.764,94.764,94.764,94.764,2169,0
2015-01-28,21:10:00,94.764,94.764,94.764,94.764,890,0
2015-01-29,19:05:00,93.535,93.535,93.535,93.535,351,0
2015-01-29,20:55:00,94.021,94.021,94.001,94.001,3026,0
2015-01-30,16:45:00,93.664,93.664,93.664,93.664,100,0
2015-01-30,17:05:00,93.842,93.842,93.842,93.842,100,0
2015-01-30,17:35:00,93.753,93.753,93.753,93.753,100,0
2015-01-30,17:45:00,93.505,93.505,93.505,93.505,2380,0
2015-01-30,18:10:00,93.931,93.931,93.931,93.931,100,0
2015-01-30,18:35:00,94.08,94.08,94.071,94.071,1089,0
2015-01-30,18:40:00,93.981,93.981,93.981,93.981,100,0
2015-01-30,19:30:00,93.842,93.842,93.833,93.833,230,0
2015-01-30,20:40:00,94.289,94.289,94.289,94.289,606,0
2015-01-30,21:55:00,93.297,93.297,93.287,93.287,504,0
2015-02-02,20:05:00,93.069,93.069,93.069,93.069,191,0
2015-02-02,21:10:00,93.406,93.406,93.406,93.406,100,0
2015-02-03,16:00:00,95.26,95.26,95.26,95.26,539,0
2015-02-03,17:20:00,95.012,95.012,95.012,95.012,371,0
2015-02-03,17:55:00,94.883,94.883,94.883,94.883,504,0
2015-02-03,22:00:00,95.567,95.696,95.567,95.696,2629,0
2015-02-04,18:00:00,95.756,95.756,95.756,95.756,103,0
2015-02-04,19:20:00,95.567,95.567,95.567,95.567,394,0
2015-02-05,16:35:00,96.132,96.132,96.122,96.122,404,0
2015-02-05,17:20:00,96.132,96.132,96.102,96.102,605,0
2015-02-05,19:00:00,96.052,96.052,96.052,96.052,504,0
2015-02-05,20:15:00,96.251,96.251,96.251,96.251,152,0
2015-02-05,20:45:00,96.212,96.212,96.212,96.212,302,0
2015-02-06,20:10:00,96.35,96.35,96.35,96.35,195,0
2015-02-06,20:30:00,96.31,96.31,96.31,96.31,460,0
2015-02-06,21:05:00,96.112,96.112,96.112,96.112,161,0
2015-02-09,18:15:00,95.954,95.954,95.954,95.954,540,0
2015-02-09,20:25:00,95.656,95.656,95.656,95.656,312,0
2015-02-09,20:30:00,95.746,95.746,95.746,95.746,100,0
2015-02-09,20:55:00,95.756,95.756,95.756,95.756,376,0
2015-02-10,19:50:00,96.29,96.29,96.242,96.26,3582,0
2015-02-10,19:55:00,96.3,96.3,96.3,96.3,1097,0
2015-02-10,20:25:00,96.212,96.212,96.212,96.212,605,0
2015-02-11,17:10:00,96.618,96.618,96.618,96.618,172,0
2015-02-11,22:00:00,96.658,96.658,96.658,96.658,144,0
2015-02-12,17:05:00,97.292,97.292,97.242,97.272,1671,0
2015-02-12,18:20:00,97.46,97.46,97.45,97.45,2912,0
2015-02-12,18:25:00,97.46,97.46,97.46,97.46,165,0
2015-02-12,18:35:00,97.53,97.53,97.53,97.53,1819,0
2015-02-13,16:10:00,97.897,97.897,97.897,97.897,3295,0
2015-02-13,16:55:00,97.897,97.897,97.897,97.897,100,0
2015-02-13,18:15:00,97.867,97.867,97.867,97.867,152,0
2015-02-13,18:50:00,97.867,97.867,97.867,97.867,150,0
2015-02-13,19:05:00,97.867,97.867,97.867,97.867,127,0
2015-02-13,19:20:00,97.847,97.917,97.847,97.917,605,0
2015-02-13,20:50:00,97.897,97.897,97.897,97.897,3030,0
2015-02-17,16:05:00,97.995,97.995,97.995,97.995,100,0
2015-02-17,16:10:00,98.025,98.025,98.025,98.025,100,0
2015-02-17,16:15:00,98.035,98.035,98.035,98.035,100,0
2015-02-17,16:25:00,97.985,97.985,97.985,97.985,100,0
2015-02-17,16:30:00,97.847,97.975,97.847,97.975,353,0
2015-02-17,16:35:00,98.015,98.015,98.015,98.015,100,0
2015-02-17,16:45:00,98.035,98.035,98.035,98.035,100,0
2015-02-17,16:55:00,98.015,98.015,98.015,98.015,100,0
2015-02-17,17:00:00,97.917,97.917,97.917,97.917,100,0
2015-02-17,17:10:00,97.927,97.927,97.927,97.927,100,0
2015-02-17,17:20:00,97.956,97.956,97.956,97.956,202,0
2015-02-17,17:35:00,98.045,98.045,98.045,98.045,100,0
2015-02-17,17:45:00,98.055,98.055,98.055,98.055,202,0
2015-02-17,17:55:00,98.055,98.055,98.055,98.055,100,0
2015-02-17,18:05:00,98.105,98.105,98.105,98.105,100,0
2015-02-17,18:15:00,98.105,98.105,98.105,98.105,100,0
2015-02-17,18:25:00,98.105,98.105,98.105,98.105,100,0
2015-02-17,18:35:00,98.174,98.174,98.174,98.174,100,0
2015-02-17,18:45:00,98.174,98.174,98.174,98.174,100,0
2015-02-17,18:50:00,98.174,98.174,98.174,98.174,100,0
2015-02-17,19:00:00,98.174,98.174,98.174,98.174,100,0
2015-02-17,19:05:00,98.263,98.263,98.263,98.263,100,0
2015-02-17,19:15:00,98.263,98.263,98.253,98.253,202,0
2015-02-17,19:20:00,98.293,98.323,98.293,98.323,202,0
2015-02-17,19:30:00,98.323,98.333,98.323,98.323,335,0
2015-02-17,19:35:00,98.323,98.323,98.323,98.323,100,0
2015-02-17,19:40:00,98.313,98.313,98.313,98.313,100,0
2015-02-17,19:45:00,98.303,98.303,98.303,98.303,100,0
2015-02-17,19:50:00,98.303,98.303,98.303,98.303,100,0
2015-02-17,19:55:00,98.303,98.303,98.303,98.303,100,0
2015-02-17,20:00:00,98.303,98.303,98.253,98.253,302,0
2015-02-17,20:05:00,98.253,98.253,98.233,98.233,302,0
2015-02-17,20:15:00,98.233,98.233,98.233,98.233,202,0
2015-02-17,20:25:00,98.233,98.253,98.233,98.253,302,0
2015-02-17,20:30:00,98.253,98.253,98.233,98.233,504,0
2015-02-17,20:40:00,98.243,98.243,98.243,98.243,504,0
2015-02-18,17:25:00,98.085,98.105,98.085,98.105,261,0
2015-02-18,18:00:00,98.135,98.135,98.135,98.135,2059,0
2015-02-18,18:10:00,98.165,98.165,98.125,98.125,7813,0
2015-02-18,18:20:00,98.165,98.165,98.145,98.165,7015,0
2015-02-19,20:25:00,98.165,98.165,98.165,98.165,468,0
2015-02-19,20:35:00,98.273,98.273,98.273,98.273,471,0
2015-02-19,21:20:00,98.283,98.283,98.283,98.283,284,0
2015-02-20,16:50:00,97.966,97.966,97.966,97.966,465,0
2015-02-20,17:15:00,98.165,98.165,98.165,98.165,204,0
2015-02-20,17:25:00,98.165,98.165,98.165,98.165,357,0
2015-02-20,19:20:00,98.393,98.393,98.393,98.393,807,0
2015-02-20,21:05:00,98.799,98.799,98.799,98.799,504,0
2015-02-20,21:55:00,98.809,98.809,98.809,98.809,454,0
2015-02-23,18:40:00,98.63,98.63,98.63,98.63,302,0
2015-02-23,19:45:00,98.749,98.749,98.749,98.749,856,0
2015-02-23,20:25:00,98.779,98.779,98.779,98.779,2514,0
2015-02-23,21:40:00,98.521,98.521,98.521,98.521,137,0
2015-02-24,15:45:00,98.659,98.659,98.659,98.659,282,0
2015-02-24,16:05:00,98.679,98.679,98.679,98.679,118,0
2015-02-24,18:10:00,98.997,98.997,98.997,98.997,302,0
2015-02-24,19:20:00,98.779,98.779,98.779,98.779,100,0
2015-02-24,19:45:00,98.947,98.947,98.947,98.947,404,0
2015-02-24,20:35:00,98.858,98.858,98.858,98.858,100,0
2015-02-24,20:40:00,98.907,98.937,98.907,98.937,302,0
2015-02-24,20:55:00,98.967,98.967,98.967,98.967,202,0
2015-02-24,21:25:00,99.067,99.067,99.067,99.067,202,0
2015-02-24,21:35:00,99.127,99.137,99.127,99.127,1483,0
2015-02-24,21:45:00,98.997,98.997,98.997,98.997,404,0
2015-02-24,21:50:00,99.047,99.047,99.047,99.047,302,0
2015-02-25,15:55:00,98.967,98.967,98.967,98.967,100,0
2015-02-25,16:00:00,98.967,98.967,98.967,98.967,100,0
2015-02-25,16:05:00,99.047,99.047,99.047,99.047,100,0
2015-02-25,16:10:00,98.977,98.977,98.977,98.977,100,0
2015-02-25,16:15:00,99.037,99.037,99.037,99.037,100,0
2015-02-25,16:20:00,99.037,99.037,99.037,99.037,100,0
2015-02-25,16:25:00,99.037,99.037,99.037,99.037,100,0
2015-02-25,16:30:00,99.037,99.037,99.037,99.037,100,0
2015-02-25,16:35:00,99.037,99.037,99.037,99.037,100,0
2015-02-25,16:40:00,99.037,99.037,99.037,99.037,100,0
2015-02-25,16:45:00,99.037,99.037,99.037,99.037,100,0
2015-02-25,16:50:00,99.097,99.097,99.097,99.097,100,0
2015-02-25,17:00:00,99.097,99.097,99.097,99.097,100,0
2015-02-25,17:05:00,99.047,99.047,99.047,99.047,302,0
2015-02-25,17:15:00,99.027,99.027,99.027,99.027,100,0
2015-02-25,17:20:00,99.027,99.027,99.027,99.027,100,0
2015-02-25,17:30:00,99.087,99.087,99.087,99.087,202,0
2015-02-25,17:35:00,99.117,99.127,99.107,99.107,605,0
2015-02-25,17:45:00,99.117,99.117,99.117,99.117,100,0
2015-02-25,17:50:00,99.137,99.137,99.137,99.137,100,0
2015-02-25,18:00:00,99.197,99.197,99.007,99.117,908,0
2015-02-25,18:05:00,99.137,99.137,99.107,99.107,202,0
2015-02-25,18:10:00,99.117,99.117,99.117,99.117,100,0
2015-02-25,18:15:00,99.117,99.117,99.097,99.117,908,0
2015-02-25,18:20:00,99.127,99.127,99.127,99.127,100,0
2015-02-25,18:25:00,99.107,99.107,99.107,99.107,100,0
2015-02-25,18:30:00,99.127,99.127,99.127,99.127,100,0
2015-02-25,18:35:00,99.127,99.127,99.127,99.127,100,0
2015-02-25,18:40:00,99.127,99.127,99.127,99.127,100,0
2015-02-25,18:45:00,99.117,99.117,99.117,99.117,605,0
2015-02-25,18:50:00,99.147,99.147,99.147,99.147,100,0
2015-02-25,18:55:00,99.167,99.167,99.167,99.167,100,0
2015-02-25,19:00:00,99.187,99.187,99.187,99.187,100,0
2015-02-25,19:05:00,99.187,99.187,99.187,99.187,100,0
2015-02-25,19:10:00,99.187,99.187,99.187,99.187,100,0
2015-02-25,19:15:00,99.147,99.147,99.147,99.147,202,0
2015-02-25,19:20:00,99.187,99.187,99.157,99.157,302,0
2015-02-25,19:30:00,99.207,99.207,99.207,99.207,370,0
2015-02-25,19:40:00,99.316,99.316,99.316,99.316,100,0
2015-02-25,19:50:00,99.306,99.306,99.306,99.306,100,0
2015-02-25,19:55:00,99.306,99.306,99.306,99.306,100,0
2015-02-25,20:00:00,99.306,99.306,99.306,99.306,100,0
2015-02-25,20:05:00,99.316,99.316,99.316,99.316,100,0
2015-02-25,20:10:00,99.247,99.247,99.247,99.247,100,0
2015-02-25,20:20:00,99.247,99.247,99.197,99.237,1413,0
2015-02-25,20:40:00,99.107,99.107,99.107,99.107,100,0
2015-02-25,20:55:00,98.947,98.947,98.947,98.947,202,0
2015-02-25,21:10:00,98.888,98.888,98.888,98.888,100,0
2015-02-25,21:15:00,98.927,98.927,98.927,98.927,302,0
2015-02-26,15:35:00,99.087,99.087,99.087,99.087,484,0
2015-02-26,15:55:00,98.858,98.858,98.858,98.858,100,0
2015-02-26,16:45:00,98.927,98.937,98.917,98.917,2851,0
2015-02-26,17:30:00,99.017,99.017,99.017,99.017,100,0
2015-02-26,18:05:00,98.947,98.947,98.947,98.947,100,0
2015-02-26,18:20:00,98.888,98.888,98.888,98.888,100,0
2015-02-26,19:45:00,98.947,98.947,98.947,98.947,100,0
2015-02-26,20:05:00,98.878,98.947,98.878,98.947,872,0
2015-02-26,20:10:00,98.888,98.888,98.888,98.888,100,0
2015-02-26,20:40:00,98.659,98.659,98.659,98.659,100,0
2015-02-26,21:05:00,98.571,98.571,98.571,98.571,202,0
2015-02-26,21:30:00,98.63,98.63,98.63,98.63,828,0
2015-02-26,21:50:00,98.897,98.897,98.897,98.897,160,0
2015-02-26,21:55:00,98.897,98.897,98.897,98.897,1917,0
2015-02-27,16:00:00,98.699,98.699,98.699,98.699,331,0
2015-02-27,19:05:00,98.947,98.947,98.947,98.947,100,0
2015-02-27,19:15:00,98.937,98.937,98.937,98.937,100,0
2015-02-27,19:30:00,98.819,98.819,98.769,98.769,586,0
2015-02-27,20:00:00,98.809,98.809,98.809,98.809,100,0
2015-02-27,20:05:00,98.848,98.848,98.848,98.848,100,0
2015-02-27,20:10:00,98.838,98.838,98.838,98.838,100,0
2015-02-27,20:15:00,98.828,98.828,98.828,98.828,100,0
2015-02-27,20:20:00,98.828,98.828,98.828,98.828,100,0
2015-02-27,20:25:00,98.828,98.828,98.828,98.828,100,0
2015-02-27,20:30:00,98.828,98.828,98.828,98.828,100,0
2015-02-27,20:35:00,98.828,98.828,98.828,98.828,100,0
2015-02-27,20:40:00,98.828,98.828,98.689,98.689,404,0
2015-02-27,20:55:00,98.679,98.679,98.679,98.679,202,0
2015-03-02,15:35:00,98.729,98.729,98.729,98.729,203,0
2015-03-02,15:40:00,98.481,98.481,98.481,98.481,157,0
2015-03-02,17:50:00,99.027,99.027,99.027,99.027,2958,0
2015-03-02,17:55:00,99.067,99.067,99.067,99.067,96,0
2015-03-02,20:35:00,99.007,99.007,99.007,99.007,725,0
2015-03-02,20:40:00,98.809,98.848,98.809,98.848,670,0
2015-03-02,20:50:00,98.858,98.858,98.858,98.858,39,0
2015-03-03,15:35:00,99.097,99.097,98.927,98.927,478,0
2015-03-03,15:55:00,98.729,98.729,98.729,98.729,504,0
2015-03-03,18:35:00,98.243,98.243,98.243,98.243,100,0
2015-03-04,17:30:00,98.293,98.293,98.293,98.293,590,0
2015-03-04,20:25:00,98.085,98.085,98.085,98.085,153,0
2015-03-04,21:25:00,98.233,98.233,98.233,98.233,100,0
2015-03-05,20:25:00,98.561,98.571,98.561,98.571,5503,0
2015-03-05,21:50:00,98.586,98.586,98.586,98.586,435,0
2015-03-06,16:10:00,98.045,98.045,98.045,98.045,202,0
2015-03-06,17:35:00,97.639,97.639,97.639,97.639,100,0
2015-03-06,18:10:00,97.619,97.639,97.619,97.639,2017,0
2015-03-06,18:15:00,97.669,97.669,97.669,97.669,792,0
2015-03-06,20:50:00,97.104,97.114,97.104,97.114,3430,0
2015-03-06,21:20:00,97.094,97.094,97.094,97.094,528,0
2015-03-06,21:25:00,97.143,97.143,97.143,97.143,435,0
2015-03-06,22:00:00,97.114,97.114,97.114,97.114,302,0
2015-03-09,16:00:00,97.263,97.263,97.263,97.263,128,0
2015-03-09,17:50:00,97.47,97.47,97.47,97.47,205,0
2015-03-09,19:20:00,97.589,97.589,97.549,97.549,202,0
2015-03-09,20:00:00,97.431,97.431,97.431,97.431,100,0
2015-03-09,20:30:00,97.46,97.46,97.451,97.451,424,0
2015-03-10,14:35:00,96.707,96.707,96.548,96.548,2593,0
2015-03-10,14:50:00,96.39,96.39,96.39,96.39,100,0
2015-03-10,16:20:00,96.509,96.509,96.509,96.509,522,0
2015-03-10,17:05:00,96.082,96.082,96.082,96.082,100,0
2015-03-10,17:30:00,96.112,96.112,96.112,96.112,100,0
2015-03-10,18:00:00,96.265,96.265,96.265,96.265,100,0
2015-03-10,18:10:00,96.27,96.27,96.27,96.27,524,0
2015-03-10,18:20:00,96.27,96.27,96.255,96.255,2003,0
2015-03-10,19:20:00,96.152,96.152,96.152,96.152,2219,0
2015-03-10,20:20:00,96.182,96.182,96.182,96.182,100,0
2015-03-11,14:40:00,95.998,95.998,95.998,95.998,235,0
2015-03-11,15:25:00,96.043,96.043,96.043,96.043,183,0
2015-03-11,15:30:00,95.944,95.944,95.944,95.944,146,0
2015-03-11,17:35:00,95.894,95.914,95.884,95.894,3505,0
2015-03-11,19:00:00,95.894,95.894,95.894,95.894,160,0
2015-03-11,20:15:00,96.043,96.052,96.043,96.052,6283,0
2015-03-12,16:00:00,96.638,96.638,96.638,96.638,100,0
2015-03-12,16:15:00,96.653,96.653,96.653,96.653,301,0
2015-03-12,16:20:00,96.697,96.697,96.697,96.697,403,0
2015-03-12,17:55:00,96.736,96.736,96.736,96.736,1870,0
2015-03-12,20:00:00,96.826,96.826,96.826,96.826,182,0
2015-03-12,20:05:00,96.915,96.915,96.915,96.915,145,0
2015-03-12,20:45:00,97.04,97.054,97.04,97.054,301,0
2015-03-12,20:50:00,97.054,97.054,97.054,97.054,603,0
2015-03-12,20:55:00,97.054,97.094,97.054,97.074,1209,0
2015-03-12,21:00:00,97.034,97.044,97.034,97.044,301,0
2015-03-13,16:05:00,95.984,95.984,95.984,95.984,194,0
2015-03-13,17:00:00,95.897,95.897,95.897,95.897,497,0
2015-03-13,18:25:00,96.008,96.008,96.008,96.008,121,0
2015-03-13,19:35:00,96.078,96.078,96.078,96.078,174,0
2015-03-13,20:20:00,96.162,96.162,96.162,96.162,159,0
2015-03-13,20:40:00,96.122,96.122,96.122,96.122,132,0
2015-03-13,20:45:00,96.31,96.31,96.31,96.31,100,0
2015-03-16,14:35:00,97.004,97.004,97.004,97.004,102,0
2015-03-16,15:15:00,97.242,97.242,97.242,97.242,353,0
2015-03-16,17:05:00,97.499,97.499,97.499,97.499,302,0
2015-03-17,15:40:00,97.304,97.304,97.304,97.304,130,0
2015-03-17,16:05:00,97.35,97.401,97.35,97.401,605,0
2015-03-17,16:30:00,97.104,97.104,97.104,97.104,202,0
2015-03-17,16:40:00,97.222,97.222,97.222,97.222,246,0
2015-03-17,17:10:00,97.232,97.232,97.232,97.232,1382,0
2015-03-17,17:15:00,97.149,97.149,97.149,97.149,104,0
2015-03-17,18:40:00,97.341,97.341,97.341,97.341,214,0
2015-03-17,18:55:00,97.511,97.53,97.511,97.52,2597,0
2015-03-17,19:00:00,97.449,97.449,97.449,97.449,154,0
2015-03-17,20:05:00,97.579,97.579,97.578,97.578,508,0
2015-03-17,21:00:00,97.642,97.659,97.642,97.659,630,0
2015-03-18,15:00:00,97.094,97.094,97.094,97.094,343,0
2015-03-18,15:15:00,97.074,97.074,97.074,97.074,202,0
2015-03-18,19:05:00,97.738,97.738,97.738,97.738,116,0
2015-03-18,20:25:00,99.027,99.027,99.027,99.027,100,0
2015-03-19,14:35:00,98.591,98.591,98.591,98.591,1110,0
2015-03-19,14:50:00,98.303,98.303,98.303,98.303,254,0
2015-03-19,15:05:00,98.481,98.481,98.481,98.481,110,0
2015-03-19,18:05:00,98.105,98.105,98.105,98.105,133,0
2015-03-19,18:30:00,98.343,98.343,98.343,98.343,155,0
2015-03-19,19:50:00,98.253,98.307,98.253,98.307,384,0
2015-03-20,16:55:00,99.217,99.217,99.182,99.182,1507,0
2015-03-20,19:40:00,99.197,99.197,99.197,99.197,201,0
2015-03-20,20:40:00,99.097,99.097,99.097,99.097,100,0
2015-03-23,14:45:00,99.237,99.237,99.237,99.237,301,0
2015-03-23,15:25:00,99.388,99.388,99.256,99.256,201,0
2015-03-23,17:20:00,99.182,99.182,99.178,99.178,201,0
2015-03-23,17:45:00,99.286,99.286,99.286,99.286,100,0
2015-03-23,17:50:00,99.276,99.276,99.276,99.276,100,0
2015-03-23,17:55:00,99.217,99.276,99.217,99.276,502,0
2015-03-23,18:00:00,99.237,99.237,99.237,99.237,301,0
2015-03-23,18:05:00,99.237,99.237,99.237,99.237,201,0
2015-03-23,18:25:00,99.237,99.237,99.237,99.237,100,0
2015-03-23,18:30:00,99.217,99.217,99.217,99.217,100,0
2015-03-23,18:35:00,99.197,99.237,99.197,99.237,539,0
2015-03-23,19:10:00,99.32,99.32,99.32,99.32,100,0
2015-03-23,19:15:00,99.324,99.324,99.324,99.324,100,0
2015-03-23,19:20:00,99.356,99.356,99.356,99.356,100,0
2015-03-23,19:25:00,99.35,99.35,99.35,99.35,100,0
2015-03-23,19:30:00,99.35,99.354,99.35,99.354,201,0
2015-03-23,19:35:00,99.348,99.348,99.348,99.348,100,0
2015-03-23,19:40:00,99.346,99.348,99.346,99.348,201,0
2015-03-23,19:45:00,99.348,99.348,99.348,99.348,100,0
2015-03-23,19:50:00,99.348,99.348,99.277,99.277,301,0
2015-03-23,20:00:00,99.247,99.247,99.247,99.247,100,0
2015-03-23,20:55:00,99.097,99.097,99.097,99.097,201,0
2015-03-24,15:25:00,98.938,98.938,98.938,98.938,100,0
2015-03-24,15:35:00,98.948,98.948,98.948,98.948,100,0
2015-03-24,16:25:00,99.067,99.067,99.067,99.067,100,0
2015-03-24,18:30:00,98.619,98.619,98.61,98.61,279,0
2015-03-24,19:40:00,98.489,98.542,98.489,98.542,335,0
2015-03-24,20:10:00,98.44,98.504,98.44,98.504,463,0
2015-03-24,20:35:00,98.54,98.54,98.47,98.47,3132,0
2015-03-24,20:45:00,98.54,98.54,98.515,98.515,703,0
2015-03-25,14:55:00,98.012,98.012,98.012,98.012,100,0
2015-03-25,15:40:00,98.32,98.32,98.32,98.32,239,0
2015-03-25,19:15:00,97.475,97.475,97.475,97.475,100,0
2015-03-25,19:20:00,97.385,97.385,97.385,97.385,103,0
2015-03-26,17:10:00,96.888,96.888,96.888,96.888,100,0
2015-03-26,20:15:00,96.76,96.76,96.76,96.76,516,0
2015-03-26,20:35:00,96.798,96.798,96.798,96.798,2523,0
2015-03-26,20:55:00,96.698,96.698,96.698,96.698,332,0
2015-03-27,16:05:00,96.927,96.927,96.927,96.927,261,0
2015-03-27,16:55:00,96.862,96.862,96.862,96.862,369,0
2015-03-27,17:45:00,96.858,96.858,96.858,96.858,1527,0
2015-03-27,18:10:00,96.858,96.858,96.858,96.858,11128,0
2015-03-27,18:40:00,96.858,96.858,96.838,96.848,18617,0
2015-03-27,18:55:00,96.808,96.808,96.808,96.808,1477,0
2015-03-27,20:00:00,96.708,96.708,96.699,96.699,342,0
2015-03-31,16:55:00,97.893,97.893,97.893,97.893,248,0
2015-03-31,17:25:00,97.915,97.915,97.915,97.915,997,0
2015-03-31,17:40:00,97.915,97.915,97.915,97.915,22,0
2015-03-31,18:20:00,97.746,97.746,97.746,97.746,100,0
2015-03-31,18:25:00,97.754,97.754,97.754,97.754,100,0
2015-03-31,18:30:00,97.752,97.752,97.752,97.752,100,0
2015-03-31,18:35:00,97.748,97.748,97.748,97.748,100,0
2015-03-31,18:40:00,97.823,97.823,97.817,97.817,553,0
2015-03-31,18:45:00,97.823,97.823,97.823,97.823,100,0
2015-03-31,18:50:00,97.815,97.815,97.815,97.815,100,0
2015-03-31,18:55:00,97.815,97.815,97.815,97.815,100,0
2015-03-31,19:00:00,97.749,97.749,97.749,97.749,100,0
2015-03-31,19:05:00,97.821,97.821,97.674,97.674,302,0
2015-03-31,19:10:00,97.885,97.885,97.885,97.885,100,0
2015-03-31,19:15:00,97.881,97.881,97.881,97.881,100,0
2015-03-31,19:20:00,97.889,97.889,97.889,97.889,100,0
2015-03-31,19:25:00,97.891,97.891,97.891,97.891,201,0
2015-03-31,19:30:00,97.883,97.893,97.873,97.893,1608,0
2015-03-31,19:50:00,97.918,97.918,97.873,97.873,502,0
2015-03-31,19:55:00,97.878,97.878,97.823,97.823,1306,0
2015-03-31,20:05:00,97.823,97.823,97.823,97.823,26,0
2015-03-31,20:25:00,97.798,97.798,97.798,97.798,100,0
2015-03-31,20:30:00,97.798,97.798,97.798,97.798,904,0
2015-03-31,20:35:00,97.724,97.724,97.724,97.724,502,0
2015-03-31,21:00:00,97.833,97.833,97.833,97.833,100,0
2015-03-31,21:05:00,97.859,97.859,97.674,97.698,1005,0
2015-04-01,16:00:00,96.39,96.39,96.39,96.39,104,0
2015-04-01,16:25:00,96.639,96.639,96.639,96.639,100,0
2015-04-01,17:30:00,96.947,96.947,96.947,96.947,260,0
2015-04-01,18:00:00,96.858,96.858,96.858,96.858,156,0
2015-04-01,18:10:00,96.858,96.858,96.858,96.858,27,0
2015-04-01,18:20:00,96.778,96.788,96.599,96.599,703,0
2015-04-01,18:40:00,96.688,96.688,96.688,96.688,102,0
2015-04-01,19:25:00,96.748,96.748,96.748,96.748,100,0
2015-04-01,20:15:00,96.848,96.848,96.848,96.848,445,0
2015-04-01,21:55:00,96.87,96.87,96.87,96.87,111,0
2015-04-01,22:00:00,96.87,96.87,96.87,96.87,54,0
2015-04-02,16:30:00,97.455,97.455,97.455,97.455,179,0
2015-04-02,17:30:00,97.455,97.455,97.455,97.455,11,0
2015-04-02,17:35:00,97.455,97.455,97.455,97.455,4,0
2015-04-02,17:55:00,97.296,97.296,97.296,97.296,502,0
2015-04-02,18:00:00,97.296,97.296,97.296,97.296,25,0
2015-04-02,20:15:00,97.296,97.296,97.296,97.296,1,0
2015-04-02,20:25:00,97.449,97.449,97.449,97.449,102,0
2015-04-02,20:35:00,97.449,97.449,97.449,97.449,18,0
2015-04-02,21:30:00,97.449,97.449,97.449,97.449,19,0
2015-04-02,21:45:00,97.371,97.371,97.371,97.371,204,0
2015-04-02,21:50:00,97.455,97.455,97.455,97.455,176,0
2015-04-06,15:45:00,97.286,97.286,97.286,97.286,512,0
2015-04-06,16:20:00,97.614,97.614,97.614,97.614,100,0
2015-04-06,16:35:00,97.614,97.614,97.614,97.614,19,0
2015-04-06,16:55:00,97.868,97.868,97.868,97.868,100,0
2015-04-06,17:25:00,97.868,97.868,97.868,97.868,4,0
2015-04-06,17:40:00,97.958,97.958,97.958,97.958,100,0
2015-04-06,18:25:00,98.122,98.122,98.122,98.122,100,0
2015-04-06,18:30:00,98.122,98.122,98.122,98.122,84,0
2015-04-06,19:30:00,98.281,98.281,98.281,98.281,223,0
2015-04-06,20:00:00,98.281,98.281,98.281,98.281,147,0
2015-04-06,20:40:00,98.281,98.281,98.281,98.281,73,0
2015-04-06,20:50:00,98.291,98.291,98.291,98.291,307,0
2015-04-06,21:00:00,98.291,98.291,98.291,98.291,69,0
2015-04-07,21:50:00,97.905,97.905,97.905,97.905,133,0
2015-04-08,15:35:00,97.624,97.624,97.624,97.624,100,0
2015-04-08,16:15:00,97.624,98.132,97.624,98.132,146,0
2015-04-08,17:25:00,98.132,98.132,98.132,98.132,21,0
2015-04-08,19:05:00,98.132,98.132,97.953,98.032,411,0
2015-04-08,19:25:00,97.975,97.975,97.975,97.975,204,0
2015-04-08,19:35:00,97.975,97.975,97.975,97.975,11,0
2015-04-08,20:55:00,97.975,97.975,97.975,97.975,38,0
2015-04-08,21:40:00,97.975,97.975,97.975,97.975,5,0
2015-04-08,21:45:00,97.975,97.975,97.975,97.975,64,0
2015-04-08,21:55:00,97.975,97.975,97.975,97.975,21,0
2015-04-09,16:15:00,97.96,98.062,97.96,98.062,542,0
2015-04-09,17:10:00,98.062,98.062,98.062,98.062,91,0
2015-04-09,17:20:00,97.773,97.773,97.773,97.773,804,0
2015-04-09,17:25:00,97.773,97.773,97.773,97.773,1,0
2015-04-09,17:30:00,97.773,97.773,97.773,97.773,80,0
2015-04-09,17:55:00,97.773,97.773,97.773,97.773,20,0
2015-04-09,19:40:00,98.136,98.136,98.136,98.136,342,0
2015-04-09,20:30:00,98.152,98.152,98.152,98.152,234,0
2015-04-09,20:40:00,98.152,98.162,98.152,98.162,376,0
2015-04-09,20:45:00,98.251,98.251,98.251,98.251,100,0
2015-04-09,21:00:00,98.251,98.251,98.251,98.251,148,0
2015-04-09,21:30:00,98.52,98.52,98.52,98.52,121,0
2015-04-09,21:50:00,98.44,98.44,98.44,98.44,1240,0
2015-04-10,15:50:00,98.381,98.381,98.371,98.371,267,0
2015-04-10,16:20:00,98.689,98.689,98.689,98.689,106,0
2015-04-10,16:30:00,98.689,98.689,98.689,98.689,35,0
2015-04-10,16:35:00,98.689,98.689,98.689,98.689,79,0
2015-04-10,16:45:00,98.689,98.689,98.689,98.689,22,0
2015-04-10,19:00:00,98.689,98.689,98.689,98.689,66,0
2015-04-10,20:15:00,98.689,98.689,98.689,98.689,24,0
2015-04-10,20:25:00,98.932,98.932,98.932,98.932,347,0
2015-04-10,21:15:00,98.931,98.931,98.931,98.931,291,0
2015-04-10,21:50:00,98.931,98.931,98.931,98.931,17,0
2015-04-13,18:10:00,99.087,99.087,99.087,99.087,1914,0
2015-04-13,18:30:00,99.087,99.087,99.087,99.087,5,0
2015-04-13,19:15:00,99.087,99.087,99.087,99.087,37,0
2015-04-13,19:50:00,98.769,98.769,98.769,98.769,151,0
2015-04-13,20:05:00,98.769,98.769,98.769,98.769,53,0
2015-04-13,20:55:00,98.769,98.769,98.769,98.769,41,0
2015-04-14,20:25:00,98.578,98.578,98.578,98.578,258,0
2015-04-14,21:15:00,98.578,98.578,98.578,98.578,90,0
2015-04-14,21:55:00,98.578,98.578,98.578,98.578,42,0
2015-04-15,15:35:00,99.097,99.097,99.097,99.097,121,0
2015-04-15,16:05:00,99.097,99.097,99.097,99.097,52,0
2015-04-15,17:05:00,99.237,99.237,99.237,99.237,100,0
2015-04-15,18:45:00,99.237,99.237,99.237,99.237,21,0
2015-04-15,20:10:00,99.237,99.237,99.237,99.237,26,0
2015-04-15,20:35:00,99.32,99.32,99.32,99.32,214,0
2015-04-15,20:55:00,99.406,99.406,99.406,99.406,3237,0
2015-04-16,17:55:00,99.002,99.002,99.002,99.002,112,0
2015-04-16,19:10:00,99.002,99.002,99.002,99.002,10,0
2015-04-16,20:15:00,99.002,99.002,99.002,99.002,1,0
2015-04-16,20:45:00,99.002,99.002,99.002,99.002,26,0
2015-04-16,21:15:00,99.247,99.247,99.175,99.175,2179,0
2015-04-17,15:35:00,98.709,98.709,98.709,98.709,402,0
2015-04-17,16:25:00,98.022,98.022,98.017,98.017,868,0
2015-04-17,16:35:00,98.042,98.042,98.042,98.042,201,0
2015-04-17,16:40:00,98.132,98.132,98.112,98.112,247,0
2015-04-17,17:35:00,98.102,98.102,97.923,97.923,945,0
2015-04-17,19:25:00,98.11,98.112,98.079,98.079,566,0
2015-04-17,20:05:00,97.763,97.763,97.763,97.763,299,0
2015-04-17,20:10:00,97.722,97.722,97.722,97.722,902,0
2015-04-17,21:05:00,97.724,97.724,97.724,97.724,306,0
2015-04-17,21:10:00,97.684,97.724,97.684,97.724,40,0
2015-04-17,21:35:00,97.943,97.943,97.943,97.943,40,0
2015-04-17,21:55:00,97.833,97.833,97.803,97.803,402,0
2015-04-20,16:10:00,98.819,98.819,98.819,98.819,100,0
2015-04-20,16:35:00,98.779,98.779,98.779,98.779,100,0
2015-04-20,17:10:00,99.018,99.018,99.018,99.018,197,0
2015-04-20,17:35:00,98.968,98.968,98.968,98.968,353,0
2015-04-20,17:40:00,98.968,98.968,98.968,98.968,2164,0
2015-04-20,17:45:00,98.988,98.988,98.963,98.963,404,0
2015-04-20,18:05:00,98.799,98.799,98.799,98.799,72,0
2015-04-20,18:25:00,98.988,98.988,98.988,98.988,100,0
2015-04-20,19:10:00,98.934,98.938,98.934,98.938,217,0
2015-04-20,19:15:00,98.936,98.936,98.936,98.936,100,0
2015-04-20,19:20:00,98.893,98.893,98.893,98.893,100,0
2015-04-20,19:30:00,98.898,98.898,98.898,98.898,277,0
2015-04-20,19:35:00,98.888,98.898,98.888,98.888,479,0
2015-04-20,19:40:00,98.898,98.898,98.898,98.898,80,0
2015-04-20,19:55:00,98.868,98.868,98.868,98.868,100,0
2015-04-20,20:15:00,98.8,98.8,98.8,98.8,201,0
2015-04-20,20:40:00,98.868,98.868,98.868,98.868,68,0
2015-04-20,20:50:00,98.864,98.864,98.864,98.864,100,0
2015-04-20,20:55:00,98.819,98.819,98.819,98.819,100,0
2015-04-20,21:10:00,98.938,98.938,98.938,98.938,91,0
2015-04-20,22:00:00,98.858,98.858,98.858,98.858,18,0
2015-04-21,17:10:00,98.968,98.968,98.968,98.968,269,0
2015-04-21,17:25:00,98.905,98.988,98.905,98.988,102,0
2015-04-21,17:40:00,98.908,98.908,98.908,98.908,100,0
2015-04-21,18:00:00,98.749,98.749,98.749,98.749,100,0
2015-04-21,18:15:00,98.819,98.819,98.819,98.819,100,0
2015-04-21,18:30:00,98.819,98.819,98.819,98.819,100,0
2015-04-21,18:45:00,98.809,98.809,98.809,98.809,100,0
2015-04-21,19:00:00,98.809,98.809,98.809,98.809,100,0
2015-04-21,19:15:00,98.878,98.878,98.878,98.878,100,0
2015-04-21,19:25:00,98.938,98.938,98.938,98.938,100,0
2015-04-21,19:30:00,98.749,98.848,98.749,98.764,505,0
2015-04-21,19:40:00,98.848,98.848,98.749,98.749,603,0
2015-04-21,20:05:00,98.669,98.669,98.669,98.669,201,0
2015-04-21,20:45:00,98.789,98.789,98.789,98.789,201,0
2015-04-21,21:00:00,98.789,98.789,98.789,98.789,100,0
2015-04-21,21:05:00,98.789,98.789,98.789,98.789,100,0
2015-04-21,21:10:00,98.844,98.844,98.775,98.775,1407,0
2015-04-21,21:20:00,98.789,98.848,98.789,98.848,289,0
2015-04-21,21:30:00,98.669,98.669,98.669,98.669,110,0
2015-04-21,21:50:00,98.799,98.799,98.799,98.799,97,0
2015-04-21,22:00:00,98.659,98.659,98.659,98.659,15,0
2015-04-22,20:35:00,99.233,99.237,99.214,99.227,642,0
2015-04-23,16:45:00,99.191,99.191,99.191,99.191,100,0
2015-04-23,17:50:00,99.296,99.296,99.296,99.296,100,0
2015-04-23,18:30:00,99.58,99.58,99.58,99.58,100,0
2015-04-23,19:05:00,99.74,99.74,99.74,99.74,100,0
2015-04-23,19:30:00,99.72,99.72,99.72,99.72,100,0
2015-04-23,19:55:00,99.72,99.72,99.72,99.72,100,0
2015-04-23,20:15:00,99.74,99.74,99.74,99.74,100,0
2015-04-23,20:30:00,99.75,99.75,99.75,99.75,2624,0
2015-04-23,20:35:00,99.74,99.74,99.74,99.74,100,0
2015-04-23,20:50:00,99.66,99.66,99.66,99.66,100,0
2015-04-23,21:05:00,99.69,99.69,99.69,99.69,100,0
2015-04-23,21:15:00,99.64,99.64,99.64,99.64,125,0
2015-04-23,21:20:00,99.8,99.8,99.8,99.8,100,0
2015-04-23,22:00:00,99.57,99.57,99.57,99.57,100,0
2015-04-24,19:10:00,99.68,99.69,99.68,99.69,2328,0
2015-04-24,20:35:00,99.59,99.59,99.59,99.59,121,0
2015-04-27,21:00:00,99.353,99.353,99.353,99.353,321,0
2015-04-27,21:20:00,99.221,99.221,99.221,99.221,301,0
2015-04-27,21:35:00,99.276,99.276,99.268,99.268,1513,0
2015-04-28,15:35:00,99.296,99.296,99.296,99.296,100,0
2015-04-29,15:35:00,98.888,98.888,98.888,98.888,141,0
2015-04-29,20:10:00,98.958,98.958,98.958,98.958,113,0
2015-04-30,17:10:00,98.642,98.642,98.642,98.642,100,0
2015-04-30,17:15:00,98.719,98.719,98.719,98.719,202,0
2015-04-30,17:20:00,98.779,98.779,98.779,98.779,132,0
2015-04-30,19:05:00,98.52,98.52,98.52,98.52,283,0
2015-04-30,19:30:00,98.5,98.5,98.5,98.5,100,0
2015-04-30,21:00:00,97.863,97.863,97.863,97.863,141,0
2015-04-30,21:55:00,97.972,97.972,97.959,97.959,669,0
2015-05-01,17:50:00,98.565,98.565,98.47,98.47,1407,0
2015-05-01,20:50:00,99.051,99.051,99.051,99.051,100,0
2015-05-01,20:55:00,98.968,98.968,98.968,98.968,301,0
2015-05-01,21:35:00,98.918,98.918,98.918,98.918,100,0
2015-05-04,15:35:00,99.107,99.107,99.107,99.107,301,0
2015-05-04,17:35:00,99.451,99.451,99.451,99.451,100,0
2015-05-04,17:55:00,99.431,99.431,99.431,99.431,100,0
2015-05-04,18:15:00,99.466,99.466,99.466,99.466,100,0
2015-05-04,19:05:00,99.376,99.376,99.376,99.376,100,0
2015-05-04,19:30:00,99.371,99.371,99.371,99.371,256,0
2015-05-04,20:30:00,99.475,99.475,99.475,99.475,100,0
2015-05-04,20:55:00,99.51,99.51,99.51,99.51,100,0
2015-05-04,21:00:00,99.436,99.436,99.436,99.436,100,0
2015-05-05,19:10:00,98.44,98.44,98.391,98.391,301,0
2015-05-05,19:20:00,98.251,98.251,98.251,98.251,100,0
2015-05-05,19:25:00,98.261,98.261,98.261,98.261,477,0
2015-05-05,19:35:00,98.251,98.251,98.251,98.251,100,0
2015-05-05,19:40:00,98.356,98.41,98.356,98.41,1507,0
2015-05-05,20:05:00,98.261,98.261,98.261,98.261,100,0
2015-05-05,20:25:00,98.281,98.281,98.281,98.281,100,0
2015-05-05,20:40:00,98.221,98.221,98.221,98.221,100,0
2015-05-05,20:55:00,98.142,98.142,98.142,98.142,100,0
2015-05-06,16:15:00,97.64,97.64,97.64,97.64,121,0
2015-05-06,16:40:00,97.883,97.883,97.878,97.878,648,0
2015-05-06,19:50:00,97.544,97.544,97.544,97.544,126,0
2015-05-06,20:00:00,97.564,97.564,97.564,97.564,159,0
2015-05-07,15:35:00,97.873,97.873,97.594,97.594,4576,0
2015-05-07,16:35:00,97.772,97.772,97.714,97.724,2982,0
2015-05-07,17:25:00,98.092,98.092,98.092,98.092,301,0
2015-05-07,18:15:00,98.226,98.226,98.226,98.226,201,0
2015-05-07,18:20:00,98.231,98.231,98.231,98.231,101,0
2015-05-07,20:25:00,98.311,98.311,98.311,98.311,201,0
2015-05-07,21:20:00,98.335,98.335,98.335,98.335,402,0
2015-05-08,15:55:00,99.349,99.349,99.349,99.349,100,0
2015-05-08,16:05:00,99.396,99.396,99.396,99.396,100,0
2015-05-08,16:45:00,99.416,99.416,99.416,99.416,100,0
2015-05-08,17:40:00,99.56,99.56,99.56,99.56,100,0
2015-05-08,18:40:00,99.386,99.386,99.386,99.386,100,0
2015-05-08,19:10:00,99.426,99.426,99.426,99.426,301,0
2015-05-08,19:30:00,99.53,99.53,99.53,99.53,283,0
2015-05-08,20:15:00,99.41,99.41,99.41,99.41,100,0
2015-05-08,20:20:00,99.266,99.266,99.266,99.266,100,0
2015-05-08,20:50:00,99.286,99.286,99.286,99.286,100,0
2015-05-11,16:00:00,99.396,99.396,99.396,99.396,100,0
2015-05-11,16:45:00,99.356,99.356,99.356,99.356,100,0
2015-05-11,17:00:00,99.315,99.315,99.315,99.315,174,0
2015-05-11,17:10:00,99.296,99.296,99.296,99.296,100,0
2015-05-11,17:20:00,99.326,99.326,99.326,99.326,249,0
2015-05-11,17:40:00,99.396,99.396,99.326,99.326,403,0
2015-05-11,19:30:00,99.376,99.386,99.376,99.386,283,0
2015-05-12,21:25:00,98.91,98.91,98.91,98.91,165,0
2015-05-12,21:30:00,98.91,98.91,98.844,98.844,433,0
2015-05-12,21:35:00,98.908,98.908,98.908,98.908,339,0
2015-05-12,21:40:00,98.868,98.868,98.837,98.837,301,0
2015-05-12,21:45:00,98.828,98.828,98.828,98.828,151,0
2015-05-13,17:45:00,98.898,98.908,98.898,98.908,201,0
2015-05-13,17:55:00,98.948,98.948,98.948,98.948,100,0
2015-05-13,18:10:00,98.918,98.928,98.918,98.918,703,0
2015-05-13,18:30:00,98.868,98.868,98.769,98.769,402,0
2015-05-13,19:05:00,98.898,98.898,98.898,98.898,100,0
2015-05-13,19:25:00,98.943,98.943,98.929,98.929,402,0
2015-05-13,19:45:00,99.008,99.018,99.008,99.008,703,0
2015-05-13,19:55:00,98.919,98.919,98.919,98.919,301,0
2015-05-13,20:00:00,98.98,98.98,98.98,98.98,201,0
2015-05-13,20:10:00,98.919,98.919,98.848,98.848,804,0
2015-05-13,20:15:00,98.721,98.764,98.619,98.721,1921,0
2015-05-13,20:25:00,98.786,98.786,98.786,98.786,153,0
2015-05-13,20:50:00,98.828,98.828,98.828,98.828,100,0
2015-05-13,20:55:00,98.781,98.781,98.781,98.781,100,0
2015-05-13,21:00:00,98.669,98.669,98.669,98.669,105,0
2015-05-13,21:05:00,98.771,98.771,98.689,98.689,402,0
2015-05-13,21:15:00,98.789,98.789,98.789,98.789,201,0
2015-05-13,21:45:00,98.644,98.697,98.644,98.697,357,0
2015-05-13,22:00:00,98.58,98.58,98.58,98.58,196,0
2015-05-14,15:35:00,99.127,99.127,99.127,99.127,233,0
2015-05-14,15:55:00,99.191,99.191,99.191,99.191,201,0
2015-05-14,17:10:00,99.306,99.306,99.306,99.306,437,0
2015-05-14,18:05:00,99.485,99.485,99.485,99.485,100,0
2015-05-14,18:45:00,99.56,99.56,99.56,99.56,201,0
2015-05-14,20:50:00,99.75,99.75,99.75,99.75,100,0
2015-05-14,21:00:00,99.63,99.63,99.63,99.63,101,0
2015-05-18,16:25:00,100.12,100.12,100.12,100.12,481,0
2015-05-18,17:10:00,99.93,99.93,99.93,99.93,201,0
2015-05-18,17:15:00,99.95,99.95,99.95,99.95,2110,0
2015-05-18,20:35:00,100.28,100.28,100.28,100.28,100,0
2015-05-19,15:55:00,100.07,100.07,100.07,100.07,100,0
2015-05-19,18:50:00,100.15,100.16,100.15,100.16,290,0
2015-05-19,19:45:00,100.25,100.25,100.25,100.25,100,0
2015-05-20,16:10:00,100.07,100.07,100.07,100.07,100,0
2015-05-20,16:50:00,100.27,100.27,100.27,100.27,100,0
2015-05-20,16:55:00,100.18,100.18,100.18,100.18,111,0
2015-05-20,17:45:00,100.17,100.17,100.17,100.17,100,0
2015-05-20,19:30:00,100.14,100.15,100.14,100.15,201,0
2015-05-20,19:50:00,100.09,100.09,100.09,100.09,1708,0
2015-05-20,21:30:00,100.18,100.18,100.18,100.18,263,0
2015-05-21,17:50:00,100.37,100.37,100.37,100.37,151,0
2015-05-22,15:35:00,100.31,100.31,100.31,100.31,169,0
2015-05-22,19:00:00,100.3,100.3,100.27,100.27,402,0
2015-05-22,21:50:00,100.32,100.32,100.32,100.32,1005,0
2015-05-22,21:55:00,100.24,100.24,100.23,100.23,301,0
2015-05-22,22:00:00,100.25,100.25,100.25,100.25,196,0
2015-05-26,16:15:00,99.455,99.455,99.455,99.455,1001,0
2015-05-26,16:20:00,99.366,99.376,99.366,99.376,522,0
2015-05-26,16:25:00,99.256,99.276,99.256,99.276,1206,0
2015-05-26,17:40:00,99.271,99.271,99.271,99.271,100,0
2015-05-26,17:50:00,99.271,99.271,99.271,99.271,201,0
2015-05-26,17:55:00,99.207,99.207,99.207,99.207,100,0
2015-05-26,18:00:00,99.135,99.135,99.135,99.135,101,0
2015-05-26,18:05:00,99.207,99.207,99.207,99.207,100,0
2015-05-26,18:35:00,99.197,99.197,99.197,99.197,201,0
2015-05-26,18:40:00,99.197,99.197,99.197,99.197,100,0
2015-05-26,18:45:00,99.197,99.197,99.197,99.197,100,0
2015-05-26,18:55:00,99.107,99.107,99.107,99.107,301,0
2015-05-26,19:10:00,99.028,99.028,99.028,99.028,301,0
2015-05-26,19:45:00,99.018,99.018,99.018,99.018,201,0
2015-05-26,19:50:00,99.033,99.033,99.033,99.033,100,0
2015-05-26,19:55:00,98.978,98.978,98.978,98.978,201,0
2015-05-26,20:30:00,99.013,99.013,99.009,99.009,201,0
2015-05-26,20:35:00,99.008,99.018,99.008,99.008,402,0
2015-05-26,20:40:00,98.973,98.973,98.973,98.973,100,0
2015-05-26,20:50:00,99.008,99.008,99.008,99.008,100,0
2015-05-26,21:00:00,98.929,98.929,98.929,98.929,100,0
2015-05-26,21:15:00,99.006,99.006,99.006,99.006,100,0
2015-05-26,21:25:00,99.059,99.059,99.008,99.008,201,0
2015-05-27,16:35:00,99.62,99.62,99.62,99.62,1004,0
2015-05-27,18:10:00,99.88,99.88,99.88,99.88,100,0
2015-05-27,18:35:00,99.87,99.87,99.87,99.87,100,0
2015-05-27,18:50:00,99.81,99.81,99.81,99.81,100,0
2015-05-27,20:25:00,99.82,99.82,99.82,99.82,100,0
2015-05-27,21:50:00,99.92,99.92,99.92,99.92,100,0
2015-05-28,17:50:00,99.66,99.66,99.66,99.66,404,0
2015-05-28,19:35:00,99.54,99.54,99.54,99.54,100,0
2015-05-28,21:40:00,99.75,99.75,99.75,99.75,100,0
2015-05-29,16:45:00,99.484,99.484,99.484,99.484,148,0
2015-05-29,18:00:00,99.286,99.51,99.286,99.495,21661,0
2015-05-29,18:05:00,99.51,99.51,99.51,99.51,100,0
2015-05-29,19:30:00,99.75,99.75,99.75,99.75,249,0
2015-05-29,19:35:00,99.68,99.68,99.67,99.67,402,0
2015-05-29,20:55:00,99.316,99.316,99.283,99.283,603,0
2015-06-01,17:00:00,99.266,99.266,99.266,99.266,1000,0
2015-06-01,17:10:00,99.53,99.53,99.5,99.5,201,0
2015-06-01,17:45:00,99.359,99.359,99.359,99.359,123,0
2015-06-01,19:10:00,99.75,99.75,99.75,99.75,100,0
2015-06-01,19:35:00,99.76,99.76,99.76,99.76,100,0
2015-06-01,19:55:00,99.76,99.76,99.68,99.68,201,0
2015-06-01,20:00:00,99.59,99.59,99.59,99.59,502,0
2015-06-01,20:20:00,99.76,99.76,99.76,99.76,100,0
2015-06-01,20:30:00,99.83,99.83,99.83,99.83,100,0
2015-06-01,20:40:00,99.78,99.78,99.78,99.78,301,0
2015-06-01,21:10:00,99.81,99.81,99.81,99.81,100,0
2015-06-01,21:20:00,99.81,99.81,99.81,99.81,100,0
2015-06-01,21:25:00,99.81,99.81,99.81,99.81,100,0
2015-06-02,21:30:00,99.481,99.481,99.481,99.481,308,0
2015-06-03,16:55:00,99.94,99.94,99.94,99.94,476,0
2015-06-03,17:30:00,99.92,99.92,99.92,99.92,245,0
2015-06-04,16:00:00,99.495,99.495,99.495,99.495,100,0
2015-06-04,19:15:00,98.948,98.948,98.948,98.948,251,0
2015-06-04,20:05:00,98.729,98.729,98.729,98.729,367,0
2015-06-04,20:25:00,98.879,98.879,98.879,98.879,223,0
2015-06-05,16:15:00,98.878,98.878,98.864,98.864,1011,0
2015-06-05,16:35:00,99.008,99.008,99.008,99.008,100,0
2015-06-05,18:10:00,98.691,98.691,98.691,98.691,301,0
2015-06-05,18:20:00,98.818,98.818,98.818,98.818,1306,0
2015-06-05,18:45:00,98.489,98.739,98.489,98.739,201,0
2015-06-08,16:00:00,98.599,98.6,98.599,98.6,502,0
2015-06-08,17:20:00,98.434,98.434,98.434,98.434,143,0
2015-06-08,21:00:00,98.362,98.362,98.311,98.311,405,0
2015-06-08,21:45:00,98.291,98.291,98.281,98.281,211,0
2015-06-09,18:35:00,98.102,98.102,98.102,98.102,315,0
2015-06-09,20:50:00,98.281,98.281,98.281,98.281,101,0
2015-06-10,17:00:00,99.104,99.104,99.104,99.104,952,0
2015-06-10,17:10:00,99.028,99.028,99.027,99.027,751,0
2015-06-10,19:30:00,99.346,99.346,99.346,99.346,126,0
2015-06-11,15:35:00,99.54,99.54,99.54,99.54,100,0
2015-06-11,16:35:00,99.54,99.54,99.54,99.54,100,0
2015-06-11,16:40:00,99.406,99.406,99.406,99.406,100,0
2015-06-11,16:55:00,99.53,99.54,99.53,99.54,1704,0
2015-06-11,17:50:00,99.54,99.54,99.54,99.54,100,0
2015-06-11,19:30:00,99.58,99.58,99.58,99.58,100,0
2015-06-11,19:45:00,99.62,99.62,99.62,99.62,100,0
2015-06-11,20:45:00,99.69,99.69,99.69,99.69,100,0
2015-06-12,17:00:00,98.888,98.888,98.789,98.789,402,0
2015-06-12,17:35:00,99.033,99.033,99.033,99.033,100,0
2015-06-12,17:45:00,98.988,98.988,98.988,98.988,100,0
2015-06-12,17:50:00,98.958,98.958,98.918,98.938,402,0
2015-06-12,18:45:00,98.873,98.873,98.873,98.873,100,0
2015-06-12,18:55:00,98.848,98.848,98.848,98.848,100,0
2015-06-12,19:40:00,98.988,98.988,98.988,98.988,100,0
2015-06-12,19:45:00,98.872,98.908,98.872,98.908,203,0
2015-06-12,19:50:00,98.908,98.908,98.908,98.908,201,0
2015-06-12,20:10:00,98.908,98.908,98.908,98.908,201,0
2015-06-12,20:35:00,98.819,98.819,98.819,98.819,201,0
2015-06-12,21:05:00,98.749,98.749,98.749,98.749,201,0
2015-06-12,21:30:00,98.868,98.868,98.868,98.868,100,0
2015-06-15,16:10:00,97.93,97.93,97.93,97.93,200,0
2015-06-15,17:05:00,98.38,98.38,98.38,98.38,102,0
2015-06-15,21:00:00,98.444,98.45,98.444,98.45,605,0
2015-06-16,19:35:00,98.888,98.888,98.888,98.888,259,0
2015-06-17,15:35:00,99.057,99.057,99.057,99.057,151,0
2015-06-17,21:00:00,99.334,99.334,99.334,99.334,201,0
2015-06-17,21:30:00,99.384,99.384,99.384,99.384,409,0
2015-06-18,16:10:00,99.66,99.66,99.66,99.66,100,0
2015-06-18,21:45:00,100.22,100.22,100.22,100.22,100,0
2015-06-19,15:55:00,99.98,99.98,99.98,99.98,100,0
2015-06-19,16:10:00,99.96,99.96,99.96,99.96,100,0
2015-06-19,16:15:00,100.04,100.04,100.04,100.04,100,0
2015-06-19,17:20:00,100.06,100.06,100.06,100.06,100,0
2015-06-19,17:50:00,99.89,99.89,99.89,99.89,200,0
2015-06-19,19:00:00,99.9,99.9,99.9,99.9,200,0
2015-06-19,21:50:00,99.73,99.73,99.73,99.73,100,0
2015-06-22,16:25:00,100.2101,100.2101,100.2101,100.2101,142,0
2015-06-22,21:05:00,100.2094,100.2094,100.2094,100.2094,212,0
2015-06-23,15:40:00,100.22,100.22,100.2101,100.2101,413,0
2015-06-23,19:35:00,100.172,100.172,100.172,100.172,161,0
2015-06-23,20:25:00,100.082,100.082,100.082,100.082,195,0
2015-06-23,20:40:00,100.1469,100.1469,100.1469,100.1469,100,0
2015-06-24,17:15:00,99.9701,99.9701,99.9701,99.9701,266,0
2015-06-24,20:50:00,99.735,99.735,99.735,99.735,121,0
2015-06-24,21:05:00,99.7299,99.73,99.705,99.73,3894,0
2015-06-24,21:25:00,99.65,99.65,99.65,99.65,800,0
2015-06-24,21:45:00,99.65,99.65,99.65,99.65,500,0
2015-06-25,15:40:00,99.7,99.7,99.7,99.7,125,0
2015-06-26,15:40:00,99.05,99.05,99.05,99.05,166,0
2015-06-26,15:45:00,99.051,99.051,99.051,99.051,200,0
2015-06-26,17:30:00,99.34,99.34,99.34,99.34,400,0
2015-06-26,18:10:00,99.332,99.332,99.332,99.332,100,0
2015-06-26,18:30:00,99.17,99.17,99.17,99.17,575,0
2015-06-26,18:55:00,99,99,99,99,100,0
2015-06-26,19:20:00,99.0068,99.0068,99.0068,99.0068,630,0
2015-06-26,19:30:00,98.97,98.97,98.97,98.97,142,0
2015-06-26,19:50:00,99.1904,99.1904,99.1904,99.1904,122,0
2015-06-26,20:20:00,99.1,99.1,99.08,99.09,4822,0
2015-06-26,21:00:00,99.14,99.14,99.14,99.14,20170,0
2015-06-26,21:05:00,99.13,99.13,99.115,99.13,11300,0
2015-06-26,21:15:00,99.22,99.22,99.22,99.22,100,0
2015-06-26,21:40:00,99.16,99.16,99.16,99.16,100,0
2015-06-26,21:50:00,99.17,99.17,99.17,99.17,100,0
2015-06-29,15:35:00,98.43,98.45,98.425,98.425,9000,0
2015-06-29,19:00:00,97.949,97.949,97.949,97.949,500,0
2015-06-29,20:15:00,97.65,97.65,97.65,97.65,100,0
2015-06-29,20:25:00,97.53,97.53,97.53,97.53,2000,0
2015-06-29,20:45:00,97.55,97.55,97.55,97.55,100,0
2015-06-29,21:25:00,97.45,97.45,97.45,97.45,157,0
2015-06-29,21:55:00,97.3406,97.3406,97.34,97.34,785,0
2015-06-29,22:00:00,97.2506,97.2506,97.2506,97.2506,400,0
2015-06-30,21:45:00,97.505,97.505,97.505,97.505,100,0
2015-07-01,19:05:00,97.8,97.8,97.67,97.67,800,0
2015-07-01,19:10:00,97.745,97.8,97.745,97.745,1600,0
2015-07-01,19:20:00,97.81,97.81,97.81,97.81,100,0
2015-07-01,19:35:00,97.94,97.94,97.94,97.94,100,0
2015-07-01,19:40:00,97.94,97.94,97.94,97.94,100,0
2015-07-01,19:50:00,97.94,97.94,97.94,97.94,200,0
2015-07-01,20:00:00,97.83,97.83,97.83,97.83,500,0
2015-07-01,20:05:00,97.68,97.68,97.68,97.68,100,0
2015-07-01,20:40:00,97.74,97.74,97.74,97.74,500,0
2015-07-01,21:00:00,97.87,97.87,97.87,97.87,100,0
2015-07-01,21:10:00,97.9,97.97,97.9,97.97,200,0
2015-07-01,21:15:00,97.93,97.97,97.93,97.97,200,0
2015-07-01,21:20:00,97.97,97.97,97.97,97.97,200,0
2015-07-01,21:25:00,97.97,97.97,97.97,97.97,100,0
2015-07-01,21:30:00,98.04,98.04,98.04,98.04,200,0
2015-07-02,17:40:00,97.9101,97.9101,97.9101,97.9101,100,0
2015-07-02,18:35:00,97.92,97.92,97.8814,97.9,300,0
2015-07-06,15:50:00,97.5881,97.5881,97.5881,97.5881,112,0
2015-07-06,16:45:00,97.82,97.82,97.82,97.82,145,0
2015-07-06,17:55:00,97.64,97.64,97.64,97.64,100,0
2015-07-06,19:05:00,97.79,97.79,97.79,97.79,100,0
2015-07-06,19:20:00,97.72,97.72,97.63,97.63,500,0
2015-07-06,20:05:00,97.39,97.39,97.33,97.33,300,0
2015-07-06,20:35:00,97.19,97.19,97.19,97.19,100,0
2015-07-06,20:40:00,97.33,97.33,97.33,97.33,100,0
2015-07-06,20:45:00,97.285,97.285,97.285,97.285,200,0
2015-07-06,21:05:00,97.44,97.44,97.44,97.44,100,0
2015-07-06,21:10:00,97.44,97.44,97.44,97.44,100,0
2015-07-06,21:15:00,97.44,97.44,97.44,97.44,100,0
2015-07-06,21:20:00,97.51,97.51,97.51,97.51,100,0
2015-07-06,21:45:00,97.575,97.575,97.575,97.575,100,0
2015-07-07,15:35:00,97.65,97.65,97.65,97.65,300,0
2015-07-07,15:50:00,97.56,97.56,97.56,97.56,100,0
2015-07-07,16:00:00,97.54,97.54,97.44,97.44,200,0
2015-07-07,16:20:00,97.12,97.12,97.07,97.07,1100,0
2015-07-07,16:30:00,96.94,97.03,96.94,97.03,1100,0
2015-07-07,16:40:00,96.91,96.91,96.7,96.7,200,0
2015-07-07,16:50:00,96.85,96.85,96.85,96.85,100,0
2015-07-07,17:00:00,96.9,96.9,96.9,96.9,100,0
2015-07-07,17:15:00,96.76,96.76,96.76,96.76,100,0
2015-07-07,17:20:00,96.9199,96.9199,96.9199,96.9199,100,0
2015-07-07,17:25:00,96.91,96.91,96.91,96.91,100,0
2015-07-07,17:35:00,96.69,96.69,96.69,96.69,100,0
2015-07-07,17:45:00,96.75,96.75,96.75,96.75,100,0
2015-07-07,17:50:00,96.95,96.95,96.95,96.95,100,0
2015-07-07,18:00:00,97.21,97.21,97.21,97.21,100,0
2015-07-07,18:10:00,97.17,97.17,97.17,97.17,100,0
2015-07-07,18:15:00,97.09,97.09,97.09,97.09,100,0
2015-07-07,18:20:00,97.09,97.09,97.09,97.09,100,0
2015-07-07,18:30:00,97.09,97.09,97.09,97.09,223,0
2015-07-07,21:10:00,98.095,98.095,98.095,98.095,1000,0
2015-07-08,16:20:00,97.232,97.232,97.232,97.232,138,0
2015-07-08,21:50:00,96.8036,96.8036,96.8036,96.8036,177,0
2015-07-09,16:05:00,97.8099,97.8099,97.8099,97.8099,644,0
2015-07-09,16:25:00,97.5,97.5,97.5,97.5,100,0
2015-07-09,18:10:00,97.34,97.35,97.34,97.345,990,0
2015-07-10,15:40:00,97.885,97.885,97.885,97.885,224,0
2015-07-10,17:25:00,97.8518,97.8518,97.8518,97.8518,395,0
2015-07-10,20:05:00,97.81,97.81,97.81,97.81,100,0
2015-07-10,20:25:00,98.098,98.098,98.098,98.098,180,0
2015-07-13,16:55:00,98.8599,98.8599,98.8599,98.8599,283,0
2015-07-13,21:35:00,99.1999,99.1999,99.1999,99.1999,300,0
2015-07-13,21:40:00,99.09,99.09,99.09,99.09,1100,0
2015-07-13,22:00:00,99.08,99.08,99.08,99.08,800,0
2015-07-14,16:50:00,99.46,99.46,99.46,99.46,100,0
2015-07-14,17:00:00,99.46,99.46,99.46,99.46,100,0
2015-07-14,17:10:00,99.5,99.5,99.5,99.5,100,0
2015-07-14,17:20:00,99.54,99.54,99.54,99.54,100,0
2015-07-14,17:30:00,99.54,99.54,99.54,99.54,100,0
2015-07-14,17:35:00,99.55,99.55,99.55,99.55,100,0
2015-07-14,17:50:00,99.55,99.55,99.55,99.55,100,0
2015-07-14,17:55:00,99.6,99.6,99.6,99.6,100,0
2015-07-14,18:05:00,99.6,99.6,99.6,99.6,100,0
2015-07-14,18:15:00,99.555,99.555,99.555,99.555,100,0
2015-07-14,18:20:00,99.57,99.585,99.56,99.585,700,0
2015-07-14,18:45:00,99.56,99.58,99.5201,99.5201,700,0
2015-07-14,18:50:00,99.48,99.48,99.48,99.48,233,0
2015-07-14,19:55:00,99.55,99.55,99.55,99.55,100,0
2015-07-14,20:05:00,99.55,99.55,99.55,99.55,100,0
2015-07-14,20:10:00,99.55,99.55,99.55,99.55,100,0
2015-07-14,20:15:00,99.58,99.58,99.58,99.58,100,0
2015-07-14,20:20:00,99.58,99.58,99.58,99.58,100,0
2015-07-14,20:25:00,99.59,99.59,99.59,99.59,100,0
2015-07-14,20:30:00,99.58,99.5999,99.58,99.5999,200,0
2015-07-14,20:35:00,99.66,99.66,99.66,99.66,100,0
2015-07-14,20:40:00,99.66,99.66,99.66,99.66,100,0
2015-07-14,20:45:00,99.66,99.66,99.66,99.66,100,0
2015-07-14,20:50:00,99.66,99.66,99.66,99.66,100,0
2015-07-14,20:55:00,99.66,99.66,99.66,99.66,100,0
2015-07-14,21:00:00,99.66,99.66,99.66,99.66,100,0
2015-07-14,21:05:00,99.69,99.69,99.69,99.69,100,0
2015-07-14,21:10:00,99.71,99.71,99.71,99.71,100,0
2015-07-14,21:15:00,99.72,99.72,99.72,99.72,100,0
2015-07-14,21:20:00,99.72,99.72,99.72,99.72,100,0
2015-07-14,21:25:00,99.73,99.73,99.73,99.73,300,0
2015-07-15,19:10:00,99.565,99.565,99.565,99.565,1100,0
2015-07-15,20:40:00,99.5,99.5,99.5,99.5,400,0
2015-07-15,21:15:00,99.365,99.365,99.365,99.365,419,0
2015-07-15,21:30:00,99.27,99.27,99.27,99.27,1100,0
2015-07-15,21:40:00,99.42,99.42,99.42,99.42,1100,0
2015-07-16,15:35:00,99.89,99.9,99.89,99.9,1400,0
2015-07-16,19:00:00,100.02,100.02,100.02,100.02,400,0
2015-07-16,21:25:00,100.142,100.142,100.142,100.142,277,0
2015-07-17,17:40:00,100.1399,100.1399,100.1399,100.1399,135,0
2015-07-17,17:45:00,100.095,100.095,100.095,100.095,180,0
2015-07-17,18:10:00,99.94,99.94,99.94,99.94,462,0
2015-07-17,20:05:00,100.018,100.018,100.018,100.018,443,0
2015-07-17,20:30:00,100.07,100.07,100.07,100.07,125,0
2015-07-20,15:55:00,100.0801,100.0801,100.0801,100.0801,1,0
2015-07-20,17:05:00,100.38,100.38,100.38,100.38,100,0
2015-07-20,17:25:00,100.45,100.45,100.45,100.45,100,0
2015-07-20,17:35:00,100.35,100.35,100.35,100.35,200,0
2015-07-20,17:50:00,100.38,100.38,100.38,100.38,194,0
2015-07-20,18:15:00,100.42,100.42,100.42,100.42,100,0
2015-07-20,18:35:00,100.42,100.42,100.42,100.42,100,0
2015-07-20,18:50:00,100.45,100.45,100.45,100.45,100,0
2015-07-20,19:05:00,100.45,100.45,100.45,100.45,100,0
2015-07-20,19:20:00,100.45,100.45,100.45,100.45,100,0
2015-07-20,19:30:00,100.3073,100.3073,100.3073,100.3073,125,0
2015-07-20,19:35:00,100.5,100.5,100.5,100.5,100,0
2015-07-20,19:50:00,100.5,100.5,100.5,100.5,100,0
2015-07-20,20:00:00,100.4,100.4,100.4,100.4,200,0
2015-07-20,20:30:00,100.55,100.55,100.55,100.55,100,0
2015-07-20,20:40:00,100.55,100.55,100.55,100.55,100,0
2015-07-20,20:50:00,100.55,100.55,100.55,100.55,100,0
2015-07-20,21:00:00,100.51,100.51,100.51,100.51,100,0
2015-07-20,21:10:00,100.51,100.51,100.51,100.51,100,0
2015-07-20,21:20:00,100.5,100.5,100.5,100.5,100,0
2015-07-20,21:25:00,100.5,100.5,100.5,100.5,167,0
2015-07-21,15:35:00,100.34,100.34,100.34,100.34,191,0
2015-07-21,16:40:00,100.15,100.15,100.15,100.15,100,0
2015-07-21,19:25:00,99.8499,99.8499,99.8292,99.8292,750,0
2015-07-21,20:25:00,99.77,99.77,99.77,99.77,100,0
2015-07-21,21:20:00,99.82,99.82,99.805,99.805,1634,0
2015-07-22,16:40:00,99.64,99.64,99.64,99.64,480,0
2015-07-22,21:40:00,99.65,99.65,99.56,99.56,900,0
2015-07-22,21:45:00,99.52,99.52,99.52,99.52,1200,0
2015-07-22,21:50:00,99.57,99.57,99.57,99.57,900,0
2015-07-23,17:15:00,99.76,99.76,99.76,99.76,100,0
2015-07-23,17:45:00,99.44,99.44,99.44,99.44,200,0
2015-07-23,18:25:00,99.18,99.2,99.18,99.2,250,0
2015-07-23,18:30:00,99.25,99.25,99.242,99.242,1355,0
2015-07-23,19:40:00,99.145,99.145,99.09,99.101,1000,0
2015-07-23,20:25:00,99.33,99.33,99.33,99.33,100,0
2015-07-23,20:50:00,99.36,99.36,99.36,99.36,120,0
2015-07-23,20:55:00,99.19,99.19,99.19,99.19,100,0
2015-07-23,21:25:00,98.9543,98.9543,98.9543,98.9543,110,0
2015-07-23,21:30:00,98.976,98.976,98.976,98.976,111,0
2015-07-23,22:00:00,99.068,99.068,99.068,99.068,108,0
2015-07-24,15:35:00,99.34,99.34,99.34,99.34,222,0
2015-07-24,17:45:00,98.8001,98.8001,98.8001,98.8001,109,0
2015-07-27,15:45:00,97.4281,97.4281,97.4281,97.4281,134,0
2015-07-27,20:50:00,97.5861,97.5861,97.5861,97.5861,250,0
2015-07-27,21:40:00,97.3018,97.3999,97.2768,97.309,1181,0
2015-07-28,16:10:00,97.73,97.73,97.73,97.73,204,0
2015-07-28,17:35:00,98.16,98.16,98.16,98.16,100,0
2015-07-28,17:45:00,98.1594,98.1594,98.1594,98.1594,212,0
2015-07-28,18:10:00,98.2913,98.2913,98.2913,98.2913,213,0
2015-07-28,18:15:00,98.2903,98.2903,98.2903,98.2903,291,0
2015-07-28,18:20:00,98.33,98.33,98.32,98.32,3705,0
2015-07-28,18:25:00,98.368,98.368,98.368,98.368,756,0
2015-07-28,20:20:00,98.7463,98.8,98.7462,98.8,670,0
2015-07-29,16:45:00,99,99,99,99,1000,0
2015-07-30,21:10:00,99.5,99.5,99.5,99.5,1000,0
2015-07-30,21:25:00,99.569,99.57,99.569,99.57,200,0
2015-07-31,20:50:00,99.44,99.44,99.44,99.44,174,0
2015-08-03,15:35:00,99.53,99.53,99.53,99.53,1230,0
2015-08-03,16:25:00,99.2,99.2,99.1746,99.1746,650,0
2015-08-03,16:35:00,99.0026,99.0026,99.0026,99.0026,900,0
2015-08-03,20:15:00,98.52,98.52,98.52,98.52,100,0
2015-08-04,15:35:00,99.13,99.13,99.13,99.13,193,0
2015-08-04,16:20:00,99.15,99.15,99.15,99.15,100,0
2015-08-04,20:40:00,98.73,98.73,98.73,98.73,323,0
2015-08-05,17:10:00,99.5301,99.5301,99.5301,99.5301,706,0
2015-08-05,21:00:00,99.285,99.285,99.285,99.285,104,0
2015-08-06,18:50:00,97.943,97.943,97.943,97.943,113,0
2015-08-06,19:05:00,98.0852,98.0852,98.0852,98.0852,461,0
2015-08-06,19:10:00,98.1105,98.1105,98.1105,98.1105,294,0
2015-08-06,19:20:00,98.16,98.16,98.16,98.16,4185,0
2015-08-06,20:50:00,98.336,98.336,98.336,98.336,245,0
2015-08-06,20:55:00,98.2701,98.4,98.2701,98.4,806,0
2015-08-07,21:05:00,97.766,97.766,97.766,97.766,107,0
2015-08-07,21:25:00,97.88,97.88,97.88,97.88,200,0
