Date,Time,Open,High,Low,Close,Volume,OpenInt
2015-07-21,15:35:00,52.76,52.8298,52.76,52.8298,3878,0
2015-07-21,15:40:00,52.8499,52.89,52.8499,52.89,2000,0
2015-07-21,15:45:00,52.88,52.88,52.8,52.8,1800,0
2015-07-21,15:50:00,52.79,52.81,52.77,52.77,700,0
2015-07-21,15:55:00,52.78,52.78,52.78,52.78,200,0
2015-07-21,16:00:00,52.78,52.78,52.75,52.75,400,0
2015-07-21,16:05:00,52.71,52.72,52.71,52.71,1750,0
2015-07-21,16:10:00,52.7217,52.77,52.72,52.77,2150,0
2015-07-21,16:15:00,52.78,52.8052,52.7799,52.78,1050,0
2015-07-21,16:25:00,52.788,52.81,52.788,52.81,1143,0
2015-07-21,16:30:00,52.82,52.85,52.82,52.85,700,0
2015-07-21,16:35:00,52.855,52.87,52.85,52.86,1100,0
2015-07-21,16:40:00,52.85,52.85,52.83,52.83,200,0
2015-07-21,16:45:00,52.84,52.9,52.8368,52.9,6250,0
2015-07-21,16:50:00,52.9,52.91,52.88,52.91,1200,0
2015-07-21,16:55:00,52.91,52.9675,52.91,52.93,4214,0
2015-07-21,17:00:00,52.91,52.91,52.9,52.909,2655,0
2015-07-21,17:05:00,52.9,52.94,52.89,52.93,1000,0
2015-07-21,17:10:00,52.91,52.95,52.91,52.95,18338,0
2015-07-21,17:15:00,52.93,52.95,52.93,52.93,8313,0
2015-07-21,17:20:00,52.915,52.9438,52.915,52.94,900,0
2015-07-21,17:25:00,52.96,52.96,52.96,52.96,100,0
2015-07-21,17:30:00,52.92,52.92,52.88,52.88,1900,0
2015-07-21,17:35:00,52.88,52.89,52.85,52.85,2550,0
2015-07-21,17:40:00,52.85,52.87,52.85,52.87,200,0
2015-07-21,17:45:00,52.83,52.83,52.83,52.83,200,0
2015-07-21,17:50:00,52.82,52.82,52.82,52.82,400,0
2015-07-21,17:55:00,52.85,52.86,52.85,52.85,517,0
2015-07-21,18:00:00,52.86,52.87,52.859,52.863,500,0
2015-07-21,18:05:00,52.84,52.84,52.81,52.81,300,0
2015-07-21,18:10:00,52.82,52.82,52.82,52.82,100,0
2015-07-21,18:15:00,52.81,52.819,52.8099,52.8099,900,0
2015-07-21,18:20:00,52.79,52.812,52.79,52.812,300,0
2015-07-21,18:25:00,52.815,52.819,52.81,52.81,1100,0
2015-07-21,18:30:00,52.82,52.82,52.79,52.79,3650,0
2015-07-21,18:35:00,52.78,52.78,52.77,52.77,200,0
2015-07-21,18:40:00,52.8,52.81,52.8,52.81,650,0
2015-07-21,18:45:00,52.82,52.82,52.82,52.82,200,0
2015-07-21,18:50:00,52.84,52.84,52.84,52.84,200,0
2015-07-21,18:55:00,52.85,52.8686,52.85,52.86,8234,0
2015-07-21,19:00:00,52.86,52.869,52.85,52.85,600,0
2015-07-21,19:05:00,52.85,52.86,52.85,52.86,1150,0
2015-07-21,19:10:00,52.91,52.91,52.9,52.9,500,0
2015-07-21,19:15:00,52.922,52.922,52.922,52.922,600,0
2015-07-21,19:20:00,52.89,52.89,52.8701,52.8701,4150,0
2015-07-21,19:25:00,52.88,52.91,52.865,52.91,3347,0
2015-07-21,19:30:00,52.88,52.88,52.8501,52.86,600,0
2015-07-21,19:35:00,52.87,52.88,52.87,52.88,1300,0
2015-07-21,19:40:00,52.87,52.88,52.87,52.87,1974,0
2015-07-21,19:45:00,52.86,52.86,52.85,52.85,200,0
2015-07-21,19:50:00,52.85,52.85,52.85,52.85,600,0
2015-07-21,19:55:00,52.85,52.85,52.85,52.85,300,0
2015-07-21,20:00:00,52.83,52.84,52.83,52.84,700,0
2015-07-21,20:05:00,52.88,52.88,52.88,52.88,100,0
2015-07-21,20:10:00,52.89,52.89,52.89,52.89,100,0
2015-07-21,20:15:00,52.9135,52.92,52.9135,52.92,1100,0
2015-07-21,20:20:00,52.9,52.9,52.9,52.9,100,0
2015-07-21,20:25:00,52.81,52.81,52.81,52.81,1300,0
2015-07-21,20:30:00,52.8088,52.8088,52.79,52.8,2400,0
2015-07-21,20:35:00,52.79,52.82,52.79,52.82,1100,0
2015-07-21,20:40:00,52.83,52.84,52.83,52.84,400,0
2015-07-21,20:45:00,52.82,52.83,52.82,52.83,450,0
2015-07-21,20:50:00,52.83,52.83,52.82,52.83,1700,0
2015-07-21,20:55:00,52.86,52.88,52.86,52.88,1800,0
2015-07-21,21:00:00,52.83,52.84,52.83,52.84,700,0
2015-07-21,21:05:00,52.8301,52.86,52.82,52.85,4900,0
2015-07-21,21:10:00,52.87,52.87,52.8635,52.8635,1015,0
2015-07-21,21:15:00,52.85,52.85,52.83,52.84,4000,0
2015-07-21,21:20:00,52.8341,52.85,52.827,52.827,1679,0
2015-07-21,21:25:00,52.83,52.84,52.83,52.84,1288,0
2015-07-21,21:30:00,52.86,52.86,52.8351,52.8351,1504,0
2015-07-21,21:35:00,52.85,52.86,52.82,52.82,2861,0
2015-07-21,21:40:00,52.83,52.83,52.81,52.81,1919,0
2015-07-21,21:50:00,52.8,52.8,52.78,52.78,2364,0
2015-07-21,21:55:00,52.78,52.7832,52.76,52.78,14543,0
2015-07-21,22:00:00,52.77,52.83,52.77,52.82,2777,0
2015-07-22,15:35:00,53.64,53.64,53.37,53.37,126130,0
2015-07-22,15:40:00,53.38,53.3999,53.28,53.3431,6600,0
2015-07-22,15:45:00,53.3699,53.3699,53.33,53.3454,2304,0
2015-07-22,15:50:00,53.35,53.44,53.3412,53.44,8148,0
2015-07-22,15:55:00,53.44,53.44,53.32,53.32,2461,0
2015-07-22,16:00:00,53.2901,53.2925,53.2102,53.2102,4670,0
2015-07-22,16:05:00,53.23,53.24,53.22,53.22,816,0
2015-07-22,16:10:00,53.19,53.24,53.19,53.24,700,0
2015-07-22,16:15:00,53.265,53.27,53.228,53.27,12100,0
2015-07-22,16:20:00,53.25,53.25,53.2,53.217,1453,0
2015-07-22,16:25:00,53.1656,53.2401,53.16,53.2401,1866,0
2015-07-22,16:30:00,53.25,53.25,53.25,53.25,150,0
2015-07-22,16:35:00,53.27,53.317,53.27,53.317,5200,0
2015-07-22,16:40:00,53.339,53.37,53.33,53.37,7331,0
2015-07-22,16:45:00,53.36,53.36,53.36,53.36,100,0
2015-07-22,16:50:00,53.4,53.4,53.38,53.38,1350,0
2015-07-22,16:55:00,53.36,53.38,53.355,53.38,700,0
2015-07-22,17:00:00,53.35,53.35,53.3,53.3,1097,0
2015-07-22,17:05:00,53.28,53.3296,53.28,53.32,6819,0
2015-07-22,17:10:00,53.2938,53.2938,53.2938,53.2938,600,0
2015-07-22,17:15:00,53.322,53.33,53.322,53.33,4300,0
2015-07-22,17:20:00,53.33,53.33,53.33,53.33,400,0
2015-07-22,17:25:00,53.38,53.38,53.37,53.37,200,0
2015-07-22,17:30:00,53.39,53.39,53.39,53.39,100,0
2015-07-22,17:35:00,53.39,53.41,53.39,53.39,1676,0
2015-07-22,17:45:00,53.4199,53.4199,53.3708,53.3836,5190,0
2015-07-22,17:50:00,53.39,53.39,53.3799,53.3799,500,0
2015-07-22,17:55:00,53.4051,53.41,53.4051,53.41,1200,0
2015-07-22,18:00:00,53.4399,53.4399,53.4351,53.4351,1187,0
2015-07-22,18:05:00,53.39,53.4,53.37,53.4,450,0
2015-07-22,18:10:00,53.43,53.43,53.43,53.43,100,0
2015-07-22,18:15:00,53.439,53.439,53.43,53.43,500,0
2015-07-22,18:20:00,53.47,53.47,53.47,53.47,100,0
2015-07-22,18:25:00,53.4599,53.4599,53.4599,53.4599,200,0
2015-07-22,18:30:00,53.445,53.445,53.445,53.445,100,0
2015-07-22,18:35:00,53.45,53.47,53.45,53.47,250,0
2015-07-22,18:40:00,53.46,53.4601,53.46,53.4601,820,0
2015-07-22,18:45:00,53.5,53.51,53.49,53.49,1200,0
2015-07-22,18:50:00,53.47,53.47,53.4484,53.4484,900,0
2015-07-22,19:00:00,53.428,53.428,53.42,53.42,200,0
2015-07-22,19:05:00,53.39,53.39,53.39,53.39,1497,0
2015-07-22,19:10:00,53.37,53.37,53.37,53.37,800,0
2015-07-22,19:15:00,53.4,53.4,53.4,53.4,400,0
2015-07-22,19:20:00,53.36,53.36,53.36,53.36,600,0
2015-07-22,19:30:00,53.37,53.37,53.37,53.37,100,0
2015-07-22,19:35:00,53.38,53.38,53.38,53.38,200,0
2015-07-22,19:45:00,53.365,53.365,53.365,53.365,500,0
2015-07-22,19:55:00,53.4,53.4,53.4,53.4,500,0
2015-07-22,20:00:00,53.4,53.4,53.371,53.371,20678,0
2015-07-22,20:05:00,53.39,53.41,53.38,53.41,1062,0
2015-07-22,20:10:00,53.408,53.42,53.408,53.42,700,0
2015-07-22,20:20:00,53.39,53.39,53.38,53.38,2154,0
2015-07-22,20:25:00,53.32,53.335,53.32,53.335,350,0
2015-07-22,20:30:00,53.35,53.36,53.34,53.36,13217,0
2015-07-22,20:35:00,53.35,53.36,53.35,53.36,974,0
2015-07-22,20:40:00,53.35,53.35,53.34,53.35,750,0
2015-07-22,20:45:00,53.3361,53.346,53.3361,53.346,10100,0
2015-07-22,20:50:00,53.36,53.36,53.36,53.36,1204,0
2015-07-22,20:55:00,53.37,53.38,53.36,53.38,11494,0
2015-07-22,21:00:00,53.3299,53.3299,53.3,53.3,400,0
2015-07-22,21:05:00,53.33,53.338,53.32,53.338,3288,0
2015-07-22,21:10:00,53.34,53.341,53.34,53.341,348,0
2015-07-22,21:15:00,53.396,53.396,53.396,53.396,170,0
2015-07-22,21:20:00,53.45,53.45,53.44,53.44,1104,0
2015-07-22,21:25:00,53.4168,53.42,53.4168,53.42,824,0
2015-07-22,21:30:00,53.43,53.46,53.43,53.46,650,0
2015-07-22,21:35:00,53.444,53.47,53.444,53.47,590,0
2015-07-22,21:40:00,53.45,53.46,53.45,53.4544,400,0
2015-07-22,21:45:00,53.47,53.5,53.46,53.5,17500,0
2015-07-22,21:50:00,53.48,53.48,53.47,53.47,1405,0
2015-07-22,21:55:00,53.45,53.45,53.43,53.445,500,0
2015-07-22,22:00:00,53.43,53.43,53.4,53.41,15548,0
2015-07-23,15:35:00,53.34,53.39,53.3,53.31,3900,0
2015-07-23,15:40:00,53.28,53.37,53.28,53.36,1500,0
2015-07-23,15:45:00,53.37,53.44,53.37,53.44,3318,0
2015-07-23,15:50:00,53.43,53.43,53.37,53.37,800,0
2015-07-23,15:55:00,53.4,53.4,53.36,53.36,1400,0
2015-07-23,16:00:00,53.41,53.43,53.4075,53.43,2035,0
2015-07-23,16:05:00,53.38,53.38,53.38,53.38,100,0
2015-07-23,16:10:00,53.4,53.4,53.3648,53.3648,1155,0
2015-07-23,16:15:00,53.34,53.34,53.29,53.3,3150,0
2015-07-23,16:25:00,53.2899,53.2899,53.2419,53.25,2300,0
2015-07-23,16:30:00,53.2454,53.2454,53.2,53.2,1280,0
2015-07-23,16:35:00,53.22,53.24,53.22,53.24,668,0
2015-07-23,16:45:00,53.22,53.22,53.2001,53.2001,1100,0
2015-07-23,16:55:00,53.275,53.275,53.275,53.275,150,0
2015-07-23,17:05:00,53.22,53.22,53.19,53.19,2379,0
2015-07-23,17:10:00,53.2,53.2,53.197,53.2,750,0
2015-07-23,17:20:00,53.2671,53.2671,53.2671,53.2671,300,0
2015-07-23,17:30:00,53.29,53.29,53.29,53.29,300,0
2015-07-23,17:35:00,53.31,53.3336,53.31,53.33,850,0
2015-07-23,17:40:00,53.36,53.36,53.355,53.355,400,0
2015-07-23,17:45:00,53.37,53.4,53.36,53.36,1894,0
2015-07-23,17:55:00,53.4,53.4,53.4,53.4,100,0
2015-07-23,18:00:00,53.47,53.48,53.47,53.48,2300,0
2015-07-23,18:05:00,53.46,53.52,53.46,53.5,5500,0
2015-07-23,18:10:00,53.51,53.52,53.5,53.5,900,0
2015-07-23,18:15:00,53.51,53.51,53.4999,53.5,1600,0
2015-07-23,18:20:00,53.53,53.57,53.53,53.55,5600,0
2015-07-23,18:25:00,53.5601,53.5601,53.56,53.56,1200,0
2015-07-23,18:30:00,53.5471,53.5471,53.525,53.53,1450,0
2015-07-23,18:35:00,53.54,53.54,53.54,53.54,200,0
2015-07-23,18:40:00,53.51,53.51,53.51,53.51,100,0
2015-07-23,18:45:00,53.5,53.5,53.5,53.5,100,0
2015-07-23,18:50:00,53.55,53.55,53.55,53.55,1000,0
2015-07-23,18:55:00,53.58,53.58,53.5432,53.5432,2592,0
2015-07-23,19:00:00,53.5031,53.5031,53.5031,53.5031,212,0
2015-07-23,19:05:00,53.53,53.54,53.53,53.54,200,0
2015-07-23,19:10:00,53.521,53.521,53.52,53.52,1100,0
2015-07-23,19:20:00,53.54,53.54,53.54,53.54,1875,0
2015-07-23,19:25:00,53.54,53.54,53.54,53.54,100,0
2015-07-23,19:30:00,53.58,53.58,53.53,53.53,1585,0
2015-07-23,19:35:00,53.54,53.54,53.54,53.54,100,0
2015-07-23,19:40:00,53.6,53.6,53.6,53.6,100,0
2015-07-23,19:45:00,53.5762,53.58,53.56,53.58,973,0
2015-07-23,19:50:00,53.54,53.54,53.5,53.5,1284,0
2015-07-23,20:00:00,53.4298,53.4298,53.4298,53.4298,3000,0
2015-07-23,20:05:00,53.45,53.46,53.444,53.46,1100,0
2015-07-23,20:10:00,53.47,53.47,53.46,53.46,200,0
2015-07-23,20:15:00,53.47,53.49,53.47,53.49,300,0
2015-07-23,20:30:00,53.53,53.54,53.53,53.54,400,0
2015-07-23,20:35:00,53.5,53.5,53.5,53.5,300,0
2015-07-23,20:40:00,53.49,53.49,53.49,53.49,190,0
2015-07-23,20:50:00,53.5,53.5,53.5,53.5,200,0
2015-07-23,21:00:00,53.62,53.62,53.59,53.6,1250,0
2015-07-23,21:05:00,53.62,53.66,53.62,53.65,10300,0
2015-07-23,21:10:00,53.657,53.67,53.6401,53.67,8605,0
2015-07-23,21:15:00,53.7,53.75,53.7,53.73,3860,0
2015-07-23,21:20:00,53.73,53.73,53.7,53.7,200,0
2015-07-23,21:25:00,53.709,53.709,53.6745,53.6745,9864,0
2015-07-23,21:30:00,53.71,53.72,53.71,53.72,350,0
2015-07-23,21:35:00,53.74,53.74,53.7296,53.74,4862,0
2015-07-23,21:40:00,53.71,53.71,53.7,53.7,300,0
2015-07-23,21:45:00,53.66,53.66,53.6399,53.659,5070,0
2015-07-23,21:50:00,53.67,53.67,53.61,53.61,4425,0
2015-07-23,21:55:00,53.64,53.675,53.64,53.675,2200,0
2015-07-23,22:00:00,53.6503,53.66,53.61,53.61,8764,0
2015-07-24,15:35:00,53.3525,53.4736,53.3525,53.47,2100,0
2015-07-24,15:40:00,53.54,53.54,53.4691,53.49,5700,0
2015-07-24,15:45:00,53.5,53.5,53.47,53.48,698,0
2015-07-24,15:50:00,53.48,53.49,53.48,53.49,800,0
2015-07-24,15:55:00,53.4032,53.44,53.4032,53.41,2600,0
2015-07-24,16:00:00,53.4191,53.44,53.4191,53.44,1500,0
2015-07-24,16:05:00,53.455,53.48,53.44,53.48,13809,0
2015-07-24,16:10:00,53.451,53.46,53.3915,53.3915,9200,0
2015-07-24,16:15:00,53.4454,53.51,53.4454,53.51,22800,0
2015-07-24,16:20:00,53.505,53.579,53.505,53.579,3459,0
2015-07-24,16:25:00,53.63,53.63,53.63,53.63,1000,0
2015-07-24,16:30:00,53.63,53.63,53.63,53.63,400,0
2015-07-24,16:35:00,53.67,53.67,53.65,53.66,2300,0
2015-07-24,16:40:00,53.64,53.64,53.61,53.61,4914,0
2015-07-24,16:45:00,53.63,53.63,53.61,53.61,1050,0
2015-07-24,16:50:00,53.62,53.62,53.6185,53.6185,2265,0
2015-07-24,16:55:00,53.61,53.62,53.61,53.62,23100,0
2015-07-24,17:00:00,53.616,53.616,53.58,53.58,6052,0
2015-07-24,17:05:00,53.64,53.644,53.6394,53.6394,2900,0
2015-07-24,17:10:00,53.56,53.56,53.56,53.56,100,0
2015-07-24,17:15:00,53.59,53.66,53.59,53.656,5282,0
2015-07-24,17:20:00,53.66,53.66,53.6499,53.6499,395,0
2015-07-24,17:25:00,53.625,53.625,53.62,53.62,1700,0
2015-07-24,17:35:00,53.5801,53.61,53.5801,53.6099,12200,0
2015-07-24,17:40:00,53.5964,53.5964,53.5907,53.5907,8000,0
2015-07-24,17:45:00,53.61,53.61,53.61,53.61,300,0
2015-07-24,17:50:00,53.62,53.62,53.6102,53.6102,3300,0
2015-07-24,18:00:00,53.6399,53.679,53.6399,53.679,5800,0
2015-07-24,18:05:00,53.64,53.64,53.64,53.64,1000,0
2015-07-24,18:10:00,53.668,53.67,53.668,53.67,8000,0
2015-07-24,18:15:00,53.68,53.68,53.65,53.655,1500,0
2015-07-24,18:20:00,53.6701,53.68,53.6701,53.68,750,0
2015-07-24,18:30:00,53.71,53.72,53.71,53.72,1599,0
2015-07-24,18:40:00,53.72,53.72,53.72,53.72,100,0
2015-07-24,18:45:00,53.73,53.76,53.73,53.76,900,0
2015-07-24,19:00:00,53.8,53.8399,53.8,53.831,6010,0
2015-07-24,19:05:00,53.84,53.85,53.8201,53.8201,1100,0
2015-07-24,19:10:00,53.8086,53.82,53.7999,53.8199,5725,0
2015-07-24,19:15:00,53.83,53.88,53.83,53.87,10942,0
2015-07-24,19:20:00,53.8828,53.9101,53.8828,53.89,3300,0
2015-07-24,19:25:00,53.9001,53.9001,53.9001,53.9001,200,0
2015-07-24,19:30:00,53.871,53.871,53.8659,53.8659,2190,0
2015-07-24,19:35:00,53.92,53.95,53.92,53.9359,1900,0
2015-07-24,19:40:00,53.96,53.96,53.95,53.95,300,0
2015-07-24,19:45:00,54.01,54.03,54.01,54.03,2841,0
2015-07-24,19:50:00,54.04,54.07,53.97,53.971,6560,0
2015-07-24,19:55:00,53.9529,53.9529,53.9529,53.9529,1000,0
2015-07-24,20:00:00,53.951,53.98,53.9,53.9,12500,0
2015-07-24,20:05:00,53.92,53.92,53.92,53.92,313,0
2015-07-24,20:15:00,54,54.0101,53.98,54.0101,6400,0
2015-07-24,20:20:00,54.06,54.06,54.06,54.06,350,0
2015-07-24,20:25:00,54.12,54.13,54.1002,54.13,3000,0
2015-07-24,20:30:00,54.1079,54.1079,54.08,54.09,2166,0
2015-07-24,20:35:00,54.08,54.08,54.0799,54.0799,250,0
2015-07-24,20:40:00,54.1014,54.16,54.1014,54.11,2969,0
2015-07-24,20:45:00,54.1,54.13,54.0959,54.1,1844,0
2015-07-24,20:50:00,54.09,54.12,54.09,54.12,1000,0
2015-07-24,20:55:00,54.1226,54.1727,54.1226,54.1727,600,0
2015-07-24,21:00:00,54.16,54.16,54.12,54.12,1983,0
2015-07-24,21:05:00,54.145,54.145,54.145,54.145,400,0
2015-07-24,21:10:00,54.09,54.09,54.06,54.07,2947,0
2015-07-24,21:15:00,54.06,54.065,54.05,54.0556,6600,0
2015-07-24,21:20:00,54.09,54.09,54.09,54.09,200,0
2015-07-24,21:25:00,54.08,54.09,54.06,54.09,2400,0
2015-07-24,21:30:00,54.1,54.17,54.1,54.17,1825,0
2015-07-24,21:35:00,54.17,54.18,54.1301,54.1568,3137,0
2015-07-24,21:40:00,54.1568,54.18,54.1568,54.18,2600,0
2015-07-24,21:45:00,54.2,54.21,54.2,54.2,7132,0
2015-07-24,21:50:00,54.071,54.0914,54.071,54.0914,720,0
2015-07-24,21:55:00,54.105,54.12,54.1,54.11,19710,0
2015-07-24,22:00:00,54.12,54.15,54.12,54.14,8463,0
2015-07-27,15:35:00,54.47,54.5499,54.43,54.52,70900,0
2015-07-27,15:40:00,54.55,54.65,54.55,54.62,19063,0
2015-07-27,15:45:00,54.61,54.62,54.53,54.53,27139,0
2015-07-27,15:50:00,54.54,54.6,54.51,54.51,18135,0
2015-07-27,15:55:00,54.5,54.53,54.35,54.35,45899,0
2015-07-27,16:00:00,54.36,54.41,54.35,54.38,10769,0
2015-07-27,16:05:00,54.39,54.5,54.39,54.5,2763,0
2015-07-27,16:10:00,54.5299,54.56,54.51,54.54,41721,0
2015-07-27,16:15:00,54.52,54.53,54.45,54.45,11838,0
2015-07-27,16:20:00,54.45,54.45,54.35,54.36,36531,0
2015-07-27,16:25:00,54.42,54.47,54.42,54.47,29799,0
2015-07-27,16:30:00,54.5,54.5,54.4,54.4,32150,0
2015-07-27,16:35:00,54.42,54.42,54.2757,54.3,1290,0
2015-07-27,16:40:00,54.31,54.31,54.22,54.22,16750,0
2015-07-27,16:45:00,54.23,54.26,54.23,54.257,2100,0
2015-07-27,16:50:00,54.25,54.315,54.23,54.315,4900,0
2015-07-27,16:55:00,54.32,54.345,54.32,54.3312,39919,0
2015-07-27,17:00:00,54.35,54.3699,54.34,54.34,2750,0
2015-07-27,17:05:00,54.34,54.36,54.3,54.3,1585,0
2015-07-27,17:10:00,54.29,54.29,54.26,54.2833,37445,0
2015-07-27,17:15:00,54.31,54.38,54.31,54.38,3959,0
2015-07-27,17:20:00,54.41,54.45,54.41,54.45,39203,0
2015-07-27,17:25:00,54.43,54.49,54.42,54.42,4300,0
2015-07-27,17:30:00,54.39,54.41,54.39,54.41,550,0
2015-07-27,17:35:00,54.46,54.46,54.4516,54.4516,1200,0
2015-07-27,17:40:00,54.5,54.52,54.4984,54.52,2166,0
2015-07-27,17:45:00,54.5,54.5,54.45,54.46,22173,0
2015-07-27,17:50:00,54.5,54.5316,54.48,54.51,23687,0
2015-07-27,17:55:00,54.52,54.53,54.49,54.49,84999,0
2015-07-27,18:00:00,54.47,54.47,54.44,54.44,1755,0
2015-07-27,18:05:00,54.45,54.47,54.45,54.47,37777,0
2015-07-27,18:10:00,54.48,54.51,54.4716,54.51,300,0
2015-07-27,18:15:00,54.513,54.54,54.513,54.54,2420,0
2015-07-27,18:20:00,54.54,54.55,54.51,54.51,40396,0
2015-07-27,18:25:00,54.51,54.51,54.4684,54.4684,16100,0
2015-07-27,18:30:00,54.47,54.489,54.46,54.489,900,0
2015-07-27,18:35:00,54.47,54.4912,54.46,54.4912,4400,0
2015-07-27,18:40:00,54.49,54.49,54.49,54.49,100,0
2015-07-27,18:45:00,54.49,54.49,54.49,54.49,100,0
2015-07-27,18:50:00,54.5192,54.5501,54.5192,54.5501,1600,0
2015-07-27,18:55:00,54.57,54.57,54.5682,54.5682,700,0
2015-07-27,19:00:00,54.5734,54.58,54.5734,54.58,300,0
2015-07-27,19:05:00,54.5592,54.5592,54.55,54.55,200,0
2015-07-27,19:10:00,54.54,54.54,54.52,54.52,2126,0
2015-07-27,19:15:00,54.52,54.55,54.52,54.55,710,0
2015-07-27,19:20:00,54.5565,54.5892,54.5565,54.5892,1100,0
2015-07-27,19:25:00,54.6099,54.64,54.6099,54.63,7600,0
2015-07-27,19:30:00,54.6,54.6016,54.6,54.6016,380,0
2015-07-27,19:35:00,54.6,54.64,54.6,54.63,1000,0
2015-07-27,19:40:00,54.63,54.6498,54.63,54.63,1647,0
2015-07-27,19:45:00,54.615,54.65,54.615,54.63,8966,0
2015-07-27,19:50:00,54.62,54.62,54.58,54.586,2511,0
2015-07-27,19:55:00,54.5516,54.56,54.54,54.56,1362,0
2015-07-27,20:00:00,54.54,54.54,54.54,54.54,250,0
2015-07-27,20:05:00,54.57,54.57,54.53,54.541,2025,0
2015-07-27,20:10:00,54.52,54.55,54.52,54.55,900,0
2015-07-27,20:15:00,54.5599,54.57,54.54,54.54,1148,0
2015-07-27,20:20:00,54.52,54.52,54.48,54.5001,893,0
2015-07-27,20:25:00,54.49,54.53,54.48,54.53,9350,0
2015-07-27,20:30:00,54.54,54.54,54.52,54.5215,8450,0
2015-07-27,20:35:00,54.53,54.59,54.53,54.59,9950,0
2015-07-27,20:40:00,54.57,54.58,54.51,54.53,11773,0
2015-07-27,20:45:00,54.53,54.56,54.5,54.56,1527,0
2015-07-27,20:50:00,54.539,54.57,54.53,54.55,1080,0
2015-07-27,20:55:00,54.56,54.58,54.54,54.58,1900,0
2015-07-27,21:00:00,54.58,54.58,54.56,54.57,1153,0
2015-07-27,21:05:00,54.5916,54.62,54.59,54.62,10839,0
2015-07-27,21:10:00,54.62,54.62,54.61,54.62,500,0
2015-07-27,21:15:00,54.59,54.59,54.57,54.57,520,0
2015-07-27,21:20:00,54.55,54.59,54.55,54.59,1250,0
2015-07-27,21:25:00,54.61,54.61,54.5673,54.5673,850,0
2015-07-27,21:30:00,54.59,54.63,54.59,54.62,1050,0
2015-07-27,21:35:00,54.62,54.64,54.61,54.64,4250,0
2015-07-27,21:40:00,54.63,54.65,54.63,54.64,4750,0
2015-07-27,21:45:00,54.66,54.686,54.65,54.68,1957,0
2015-07-27,21:50:00,54.6866,54.69,54.64,54.64,3714,0
2015-07-27,21:55:00,54.64,54.69,54.64,54.68,111940,0
2015-07-27,22:00:00,54.67,54.67,54.58,54.58,15357,0
2015-07-28,15:35:00,54.36,54.53,54.36,54.53,10600,0
2015-07-28,15:40:00,54.54,54.58,54.4801,54.56,4517,0
2015-07-28,15:45:00,54.55,54.5528,54.55,54.5528,1640,0
2015-07-28,15:50:00,54.61,54.66,54.608,54.642,1110,0
2015-07-28,15:55:00,54.6302,54.72,54.6302,54.64,1624,0
2015-07-28,16:00:00,54.5525,54.5525,54.51,54.5346,3225,0
2015-07-28,16:05:00,54.5,54.55,54.492,54.54,1600,0
2015-07-28,16:10:00,54.5875,54.6629,54.58,54.6629,1400,0
2015-07-28,16:15:00,54.57,54.6399,54.57,54.6399,3500,0
2015-07-28,16:20:00,54.61,54.7,54.61,54.7,800,0
2015-07-28,16:25:00,54.72,54.72,54.68,54.69,726,0
2015-07-28,16:30:00,54.72,54.77,54.72,54.72,1781,0
2015-07-28,16:35:00,54.75,54.75,54.69,54.72,2475,0
2015-07-28,16:40:00,54.685,54.685,54.685,54.685,100,0
2015-07-28,16:45:00,54.6301,54.6646,54.63,54.6646,4960,0
2015-07-28,16:50:00,54.61,54.64,54.6046,54.62,6450,0
2015-07-28,16:55:00,54.65,54.65,54.62,54.62,1950,0
2015-07-28,17:00:00,54.54,54.54,54.52,54.52,700,0
2015-07-28,17:05:00,54.5,54.52,54.5,54.52,1500,0
2015-07-28,17:10:00,54.5101,54.514,54.5101,54.514,1200,0
2015-07-28,17:15:00,54.5,54.5,54.48,54.49,4337,0
2015-07-28,17:20:00,54.49,54.49,54.49,54.49,100,0
2015-07-28,17:25:00,54.52,54.53,54.52,54.53,1138,0
2015-07-28,17:30:00,54.47,54.47,54.45,54.45,1400,0
2015-07-28,17:35:00,54.45,54.45,54.4,54.447,2100,0
2015-07-28,17:40:00,54.45,54.45,54.4101,54.4101,1300,0
2015-07-28,17:45:00,54.42,54.42,54.4,54.4001,1847,0
2015-07-28,17:50:00,54.4051,54.4051,54.3801,54.391,9393,0
2015-07-28,17:55:00,54.38,54.4,54.37,54.3901,15309,0
2015-07-28,18:00:00,54.395,54.395,54.3819,54.3819,460,0
2015-07-28,18:05:00,54.37,54.37,54.35,54.35,1000,0
2015-07-28,18:15:00,54.36,54.36,54.36,54.36,300,0
2015-07-28,18:20:00,54.349,54.349,54.27,54.27,6675,0
2015-07-28,18:35:00,54.24,54.28,54.24,54.28,600,0
2015-07-28,18:40:00,54.28,54.3,54.28,54.295,500,0
2015-07-28,18:45:00,54.29,54.29,54.29,54.29,500,0
2015-07-28,18:50:00,54.3,54.3,54.3,54.3,300,0
2015-07-28,19:05:00,54.3001,54.3001,54.3,54.3001,11675,0
2015-07-28,19:10:00,54.23,54.23,54.205,54.21,600,0
2015-07-28,19:15:00,54.201,54.201,54.2,54.2,500,0
2015-07-28,19:20:00,54.1719,54.1719,54.16,54.16,600,0
2015-07-28,19:25:00,54.1364,54.151,54.1364,54.1419,1700,0
2015-07-28,19:30:00,54.15,54.15,54.14,54.14,200,0
2015-07-28,19:35:00,54.1585,54.18,54.1585,54.18,900,0
2015-07-28,19:40:00,54.2036,54.2332,54.2,54.2,1300,0
2015-07-28,19:45:00,54.17,54.17,54.16,54.16,1500,0
2015-07-28,19:50:00,54.15,54.15,54.15,54.15,100,0
2015-07-28,19:55:00,54.154,54.154,54.154,54.154,4500,0
2015-07-28,20:00:00,54.14,54.14,54.13,54.13,943,0
2015-07-28,20:05:00,54.11,54.11,54.1,54.1,800,0
2015-07-28,20:10:00,54.08,54.09,54.04,54.04,1001,0
2015-07-28,20:15:00,54.0299,54.03,54.0299,54.03,350,0
2015-07-28,20:20:00,54.02,54.02,54.02,54.02,100,0
2015-07-28,20:25:00,54.02,54.02,54.01,54.01,500,0
2015-07-28,20:30:00,54,54.03,54,54.03,10250,0
2015-07-28,20:35:00,54.03,54.05,54.03,54.05,700,0
2015-07-28,20:40:00,54.07,54.09,54.07,54.09,850,0
2015-07-28,20:45:00,54.09,54.1,54.08,54.09,8600,0
2015-07-28,20:50:00,54.1,54.11,54.09,54.09,1500,0
2015-07-28,20:55:00,54.09,54.09,54.09,54.09,970,0
2015-07-28,21:05:00,54.1,54.1,54.09,54.09,400,0
2015-07-28,21:10:00,54.11,54.11,54.1,54.1,2780,0
2015-07-28,21:15:00,54.1,54.12,54.1,54.12,763,0
2015-07-28,21:20:00,54.13,54.13,54.1,54.1,550,0
2015-07-28,21:25:00,54.0739,54.11,54.0701,54.11,1001,0
2015-07-28,21:30:00,54.13,54.17,54.12,54.17,1400,0
2015-07-28,21:35:00,54.15,54.15,54.15,54.15,300,0
2015-07-28,21:40:00,54.13,54.14,54.13,54.14,350,0
2015-07-28,21:45:00,54.158,54.158,54.117,54.117,675,0
2015-07-28,21:50:00,54.1099,54.1099,54.1099,54.1099,100,0
2015-07-28,21:55:00,54.13,54.14,54.13,54.13,2720,0
2015-07-28,22:00:00,54.1272,54.14,54.11,54.12,6787,0
2015-07-29,15:35:00,53.97,54.02,53.92,53.92,17283,0
2015-07-29,15:40:00,53.94,53.97,53.94,53.97,4552,0
2015-07-29,15:45:00,53.93,54.02,53.93,53.99,1925,0
2015-07-29,15:50:00,54.01,54.02,54,54.02,1200,0
2015-07-29,16:00:00,54.07,54.11,54.06,54.08,14437,0
2015-07-29,16:05:00,54.08,54.15,54.08,54.15,43135,0
2015-07-29,16:10:00,54.09,54.09,54.09,54.09,200,0
2015-07-29,16:15:00,54.1046,54.1046,54.1046,54.1046,8000,0
2015-07-29,16:20:00,54.112,54.112,54.0651,54.0701,8900,0
2015-07-29,16:25:00,54.01,54.03,54.01,54.03,500,0
2015-07-29,16:30:00,54.05,54.05,54.039,54.039,700,0
2015-07-29,16:35:00,54.05,54.05,54.0404,54.0404,561,0
2015-07-29,16:45:00,53.9725,53.9725,53.97,53.97,1158,0
2015-07-29,16:50:00,53.99,53.99,53.99,53.99,400,0
2015-07-29,17:00:00,53.97,54.009,53.97,54.009,1200,0
2015-07-29,17:05:00,54.04,54.04,54.04,54.04,1500,0
2015-07-29,17:10:00,54.015,54.03,54.015,54.03,400,0
2015-07-29,17:15:00,54.01,54.01,54.01,54.01,650,0
2015-07-29,17:20:00,54,54,54,54,100,0
2015-07-29,17:25:00,53.97,53.98,53.97,53.9774,1000,0
2015-07-29,17:40:00,53.98,53.98,53.98,53.98,500,0
2015-07-29,17:45:00,53.952,53.952,53.93,53.935,1850,0
2015-07-29,17:50:00,53.95,53.95,53.95,53.95,500,0
2015-07-29,18:00:00,53.96,53.96,53.96,53.96,100,0
2015-07-29,18:05:00,53.96,53.96,53.96,53.96,211,0
2015-07-29,18:20:00,54.024,54.024,54.024,54.024,1000,0
2015-07-29,18:35:00,53.9999,53.9999,53.99,53.99,300,0
2015-07-29,18:40:00,54.02,54.02,54.01,54.01,400,0
2015-07-29,18:45:00,54.01,54.03,54.01,54.03,1200,0
2015-07-29,18:50:00,54.01,54.01,53.996,53.996,200,0
2015-07-29,19:00:00,54,54.02,53.99,53.99,499,0
2015-07-29,19:20:00,53.98,53.98,53.98,53.98,100,0
2015-07-29,19:50:00,54.03,54.0599,54.03,54.0599,4100,0
2015-07-29,19:55:00,54.06,54.06,54.06,54.06,685,0
2015-07-29,20:00:00,54.0301,54.0301,54.0301,54.0301,460,0
2015-07-29,20:05:00,54.01,54.08,53.94,54.08,1158,0
2015-07-29,20:10:00,54.11,54.11,54.03,54.09,1850,0
2015-07-29,20:20:00,54,54,53.997,53.997,926,0
2015-07-29,20:25:00,53.9817,53.9817,53.9817,53.9817,4000,0
2015-07-29,20:30:00,54.0383,54.0383,53.99,53.99,1500,0
2015-07-29,20:35:00,53.96,53.96,53.9513,53.9513,3400,0
2015-07-29,20:40:00,53.95,53.95,53.95,53.95,100,0
2015-07-29,20:45:00,53.9,53.91,53.85,53.86,4300,0
2015-07-29,20:50:00,53.81,53.81,53.81,53.81,200,0
2015-07-29,20:55:00,53.81,53.83,53.81,53.82,2106,0
2015-07-29,21:00:00,53.82,53.82,53.81,53.81,200,0
2015-07-29,21:05:00,53.84,53.85,53.84,53.85,400,0
2015-07-29,21:10:00,53.86,53.88,53.86,53.88,200,0
2015-07-29,21:15:00,53.9,53.9,53.86,53.86,7945,0
2015-07-29,21:20:00,53.86,53.88,53.86,53.88,400,0
2015-07-29,21:25:00,53.85,53.851,53.84,53.84,1050,0
2015-07-29,21:30:00,53.819,53.83,53.8,53.83,4150,0
2015-07-29,21:35:00,53.83,53.91,53.82,53.89,4000,0
2015-07-29,21:40:00,53.88,53.88,53.86,53.86,500,0
2015-07-29,21:45:00,53.84,53.84,53.81,53.81,2700,0
2015-07-29,21:50:00,53.8,53.84,53.8,53.84,2000,0
2015-07-29,21:55:00,53.83,53.83,53.8,53.82,1100,0
2015-07-29,22:00:00,53.85,53.86,53.84,53.86,1708,0
2015-07-30,15:35:00,54.01,54.01,53.95,54,1827,0
2015-07-30,15:40:00,54.0051,54.12,53.98,54.0861,2498,0
2015-07-30,15:45:00,54.13,54.17,54.1148,54.1148,3477,0
2015-07-30,15:50:00,54.13,54.234,54.09,54.234,6250,0
2015-07-30,15:55:00,54.24,54.26,54.21,54.22,1950,0
2015-07-30,16:00:00,54.22,54.3,54.22,54.3,550,0
2015-07-30,16:05:00,54.32,54.34,54.26,54.26,1897,0
2015-07-30,16:15:00,54.2048,54.21,54.14,54.14,17534,0
2015-07-30,16:20:00,54.11,54.11,54.1,54.1,200,0
2015-07-30,16:25:00,54.1,54.11,54.09,54.11,3609,0
2015-07-30,16:35:00,54.04,54.09,54.04,54.09,1860,0
2015-07-30,16:40:00,54.1199,54.1199,54.1199,54.1199,8000,0
2015-07-30,16:45:00,54.11,54.11,54.07,54.08,8500,0
2015-07-30,16:50:00,54.05,54.08,54.05,54.08,200,0
2015-07-30,17:00:00,54.09,54.16,54.09,54.15,14300,0
2015-07-30,17:05:00,54.15,54.1775,54.13,54.1345,8400,0
2015-07-30,17:10:00,54.13,54.1999,54.13,54.19,9250,0
2015-07-30,17:15:00,54.13,54.13,54.11,54.11,2100,0
2015-07-30,17:20:00,54.012,54.02,54,54.02,3200,0
2015-07-30,17:25:00,53.98,53.98,53.97,53.97,1000,0
2015-07-30,17:30:00,53.93,53.93,53.93,53.93,400,0
2015-07-30,17:35:00,53.92,53.92,53.92,53.92,100,0
2015-07-30,17:40:00,53.88,53.89,53.88,53.89,950,0
2015-07-30,17:50:00,53.87,53.87,53.81,53.81,3310,0
2015-07-30,17:55:00,53.83,53.83,53.82,53.82,600,0
2015-07-30,18:00:00,53.81,53.81,53.79,53.79,400,0
2015-07-30,18:10:00,53.79,53.82,53.79,53.82,800,0
2015-07-30,18:15:00,53.8,53.8,53.8,53.8,250,0
2015-07-30,18:20:00,53.75,53.75,53.74,53.75,1600,0
2015-07-30,18:25:00,53.76,53.76,53.76,53.76,600,0
2015-07-30,18:30:00,53.72,53.72,53.7099,53.7179,1670,0
2015-07-30,18:35:00,53.73,53.73,53.73,53.73,550,0
2015-07-30,18:40:00,53.75,53.75,53.7379,53.7379,1100,0
2015-07-30,18:45:00,53.72,53.72,53.72,53.72,100,0
2015-07-30,18:50:00,53.7,53.7,53.68,53.68,1353,0
2015-07-30,19:00:00,53.66,53.66,53.66,53.66,100,0
2015-07-30,19:05:00,53.64,53.64,53.6,53.62,1899,0
2015-07-30,19:10:00,53.6349,53.67,53.6349,53.64,3550,0
2015-07-30,19:15:00,53.6492,53.6492,53.63,53.63,1835,0
2015-07-30,19:20:00,53.61,53.61,53.59,53.59,1100,0
2015-07-30,19:25:00,53.576,53.576,53.576,53.576,600,0
2015-07-30,19:30:00,53.61,53.61,53.6,53.6,500,0
2015-07-30,19:35:00,53.59,53.6,53.59,53.6,800,0
2015-07-30,19:40:00,53.6499,53.65,53.62,53.64,1679,0
2015-07-30,19:45:00,53.66,53.66,53.64,53.65,1450,0
2015-07-30,19:50:00,53.66,53.68,53.65,53.65,2100,0
2015-07-30,19:55:00,53.64,53.642,53.6199,53.6199,8400,0
2015-07-30,20:00:00,53.65,53.67,53.65,53.66,680,0
2015-07-30,20:10:00,53.64,53.66,53.64,53.66,1129,0
2015-07-30,20:15:00,53.64,53.64,53.64,53.64,500,0
2015-07-30,20:20:00,53.66,53.66,53.65,53.65,200,0
2015-07-30,20:25:00,53.65,53.65,53.64,53.65,500,0
2015-07-30,20:30:00,53.63,53.63,53.63,53.63,300,0
2015-07-30,20:35:00,53.63,53.63,53.63,53.63,300,0
2015-07-30,20:40:00,53.66,53.66,53.66,53.66,100,0
2015-07-30,20:45:00,53.66,53.66,53.65,53.65,900,0
2015-07-30,20:50:00,53.63,53.63,53.6,53.605,2800,0
2015-07-30,20:55:00,53.6,53.602,53.6,53.6,800,0
2015-07-30,21:00:00,53.61,53.61,53.61,53.61,300,0
2015-07-30,21:05:00,53.59,53.59,53.58,53.58,300,0
2015-07-30,21:10:00,53.57,53.57,53.56,53.56,1190,0
2015-07-30,21:15:00,53.6,53.61,53.593,53.6,1953,0
2015-07-30,21:20:00,53.6,53.629,53.6,53.61,2150,0
2015-07-30,21:25:00,53.6,53.6,53.5962,53.5962,500,0
2015-07-30,21:30:00,53.6,53.6,53.56,53.57,1525,0
2015-07-30,21:35:00,53.57,53.57,53.57,53.57,200,0
2015-07-30,21:40:00,53.58,53.62,53.58,53.6,1955,0
2015-07-30,21:45:00,53.59,53.59,53.58,53.59,780,0
2015-07-30,21:50:00,53.5999,53.5999,53.57,53.58,1400,0
2015-07-30,21:55:00,53.6,53.61,53.5901,53.6,1100,0
2015-07-30,22:00:00,53.608,53.64,53.608,53.62,3531,0
2015-07-31,15:35:00,53.5,53.5725,53.46,53.52,25356,0
2015-07-31,15:40:00,53.56,53.62,53.56,53.6138,18379,0
2015-07-31,15:45:00,53.62,53.67,53.62,53.6499,14485,0
2015-07-31,15:50:00,53.637,53.689,53.57,53.6801,5756,0
2015-07-31,15:55:00,53.66,53.699,53.65,53.65,10787,0
2015-07-31,16:00:00,53.65,53.72,53.62,53.72,3961,0
2015-07-31,16:05:00,53.6948,53.6948,53.63,53.6548,2154,0
2015-07-31,16:10:00,53.72,53.72,53.68,53.68,2966,0
2015-07-31,16:15:00,53.6051,53.6199,53.6051,53.6199,600,0
2015-07-31,16:20:00,53.59,53.663,53.5875,53.663,3609,0
2015-07-31,16:25:00,53.639,53.639,53.554,53.554,537,0
2015-07-31,16:30:00,53.54,53.56,53.5375,53.557,2535,0
2015-07-31,16:35:00,53.565,53.6,53.565,53.57,1662,0
2015-07-31,16:40:00,53.57,53.58,53.5185,53.5748,2533,0
2015-07-31,16:45:00,53.57,53.58,53.54,53.54,1600,0
2015-07-31,16:50:00,53.55,53.56,53.505,53.51,2700,0
2015-07-31,16:55:00,53.505,53.505,53.4799,53.49,2670,0
2015-07-31,17:00:00,53.5,53.5,53.48,53.4925,3006,0
2015-07-31,17:05:00,53.51,53.55,53.505,53.55,3845,0
2015-07-31,17:10:00,53.55,53.58,53.53,53.57,1850,0
2015-07-31,17:15:00,53.57,53.6,53.57,53.6,1870,0
2015-07-31,17:20:00,53.6,53.6,53.575,53.575,2134,0
2015-07-31,17:25:00,53.57,53.62,53.57,53.62,2975,0
2015-07-31,17:30:00,53.61,53.61,53.5799,53.5799,1423,0
2015-07-31,17:35:00,53.5701,53.5838,53.5701,53.5838,686,0
2015-07-31,17:40:00,53.58,53.58,53.5601,53.5601,3437,0
2015-07-31,17:45:00,53.56,53.56,53.54,53.54,1246,0
2015-07-31,17:50:00,53.54,53.54,53.54,53.54,185,0
2015-07-31,17:55:00,53.5338,53.5353,53.5338,53.5353,500,0
2015-07-31,18:00:00,53.56,53.58,53.56,53.5671,2786,0
2015-07-31,18:05:00,53.57,53.58,53.57,53.5799,4681,0
2015-07-31,18:10:00,53.559,53.559,53.559,53.559,100,0
2015-07-31,18:15:00,53.543,53.5499,53.5374,53.54,2759,0
2015-07-31,18:20:00,53.536,53.536,53.51,53.52,1006,0
2015-07-31,18:25:00,53.54,53.54,53.53,53.5399,2350,0
2015-07-31,18:30:00,53.527,53.5276,53.5101,53.5176,5150,0
2015-07-31,18:35:00,53.52,53.551,53.5199,53.551,675,0
2015-07-31,18:40:00,53.5374,53.5374,53.5374,53.5374,100,0
2015-07-31,18:45:00,53.554,53.554,53.554,53.554,373,0
2015-07-31,18:50:00,53.5698,53.5699,53.55,53.5699,1012,0
2015-07-31,19:05:00,53.61,53.61,53.61,53.61,180,0
2015-07-31,19:25:00,53.62,53.63,53.62,53.63,2221,0
2015-07-31,19:30:00,53.68,53.68,53.68,53.68,100,0
2015-07-31,19:35:00,53.7098,53.7098,53.7098,53.7098,100,0
2015-07-31,19:40:00,53.689,53.718,53.6875,53.718,2426,0
2015-07-31,19:50:00,53.709,53.709,53.69,53.69,1550,0
2015-07-31,20:00:00,53.7,53.7,53.6937,53.6937,565,0
2015-07-31,20:05:00,53.68,53.68,53.665,53.665,3732,0
2015-07-31,20:10:00,53.66,53.68,53.6576,53.68,1280,0
2015-07-31,20:15:00,53.684,53.71,53.684,53.71,475,0
2015-07-31,20:20:00,53.7175,53.73,53.7024,53.7024,2500,0
2015-07-31,20:25:00,53.74,53.77,53.74,53.77,2500,0
2015-07-31,20:30:00,53.76,53.76,53.74,53.74,272,0
2015-07-31,20:35:00,53.74,53.74,53.7,53.7,2220,0
2015-07-31,20:40:00,53.72,53.7848,53.72,53.7848,999,0
2015-07-31,20:45:00,53.76,53.765,53.76,53.76,1295,0
2015-07-31,20:50:00,53.74,53.79,53.74,53.74,5034,0
2015-07-31,20:55:00,53.725,53.73,53.7238,53.7238,1185,0
2015-07-31,21:00:00,53.7252,53.7271,53.7252,53.7271,400,0
2015-07-31,21:05:00,53.75,53.75,53.72,53.73,14150,0
2015-07-31,21:10:00,53.749,53.75,53.749,53.75,2260,0
2015-07-31,21:15:00,53.76,53.77,53.7471,53.7471,3800,0
2015-07-31,21:20:00,53.75,53.75,53.73,53.73,375,0
2015-07-31,21:25:00,53.73,53.7763,53.73,53.77,1630,0
2015-07-31,21:30:00,53.7695,53.81,53.7571,53.81,3700,0
2015-07-31,21:35:00,53.7999,53.8,53.76,53.76,14146,0
2015-07-31,21:40:00,53.7353,53.7439,53.734,53.734,780,0
2015-07-31,21:45:00,53.75,53.75,53.7299,53.739,1086,0
2015-07-31,21:50:00,53.75,53.75,53.7337,53.7337,2589,0
2015-07-31,21:55:00,53.77,53.8,53.77,53.78,3010,0
2015-07-31,22:00:00,53.75,53.758,53.7099,53.71,10014,0
2015-08-03,15:35:00,53.71,53.71,53.64,53.67,7596,0
2015-08-03,15:40:00,53.62,53.62,53.62,53.62,100,0
2015-08-03,15:45:00,53.64,53.72,53.64,53.72,1577,0
2015-08-03,15:50:00,53.72,53.75,53.66,53.66,3819,0
2015-08-03,15:55:00,53.65,53.655,53.58,53.61,2654,0
2015-08-03,16:00:00,53.55,53.6,53.55,53.6,1880,0
2015-08-03,16:05:00,53.5999,53.63,53.58,53.63,2892,0
2015-08-03,16:10:00,53.67,53.67,53.67,53.67,200,0
2015-08-03,16:15:00,53.73,53.73,53.65,53.6693,3278,0
2015-08-03,16:20:00,53.69,53.71,53.69,53.71,400,0
2015-08-03,16:25:00,53.76,53.7966,53.74,53.7966,4219,0
2015-08-03,16:30:00,53.81,53.85,53.8,53.8,1500,0
2015-08-03,16:35:00,53.81,53.87,53.81,53.82,1670,0
2015-08-03,16:40:00,53.825,53.8448,53.79,53.7999,1491,0
2015-08-03,16:45:00,53.79,53.8,53.79,53.8,600,0
2015-08-03,16:50:00,53.81,53.82,53.76,53.77,1800,0
2015-08-03,16:55:00,53.77,53.8,53.77,53.8,1115,0
2015-08-03,17:00:00,53.76,53.7897,53.76,53.7897,756,0
2015-08-03,17:05:00,53.76,53.78,53.745,53.745,1550,0
2015-08-03,17:10:00,53.7375,53.7375,53.72,53.72,222,0
2015-08-03,17:15:00,53.69,53.7,53.67,53.67,1000,0
2015-08-03,17:20:00,53.67,53.67,53.648,53.648,2250,0
2015-08-03,17:25:00,53.64,53.64,53.64,53.64,100,0
2015-08-03,17:40:00,53.64,53.64,53.63,53.63,1090,0
2015-08-03,18:00:00,53.66,53.66,53.66,53.66,350,0
2015-08-03,18:10:00,53.698,53.698,53.68,53.69,1450,0
2015-08-03,18:15:00,53.66,53.66,53.66,53.66,600,0
2015-08-03,18:20:00,53.715,53.74,53.715,53.74,1550,0
2015-08-03,18:25:00,53.74,53.74,53.74,53.74,400,0
2015-08-03,18:30:00,53.74,53.75,53.74,53.7499,600,0
2015-08-03,18:35:00,53.779,53.83,53.779,53.83,1500,0
2015-08-03,18:40:00,53.8398,53.87,53.8398,53.86,3800,0
2015-08-03,18:45:00,53.88,53.88,53.8799,53.8799,200,0
2015-08-03,18:50:00,53.95,54.01,53.936,54.01,9723,0
2015-08-03,18:55:00,54.01,54.1,54.01,54.1,1000,0
2015-08-03,19:00:00,54.1031,54.13,54.1031,54.1299,2400,0
2015-08-03,19:05:00,54.139,54.1499,54.1031,54.1101,15745,0
2015-08-03,19:10:00,54.13,54.197,54.12,54.197,2800,0
2015-08-03,19:15:00,54.21,54.21,54.1499,54.1499,6115,0
2015-08-03,19:20:00,54.155,54.21,54.155,54.2,2200,0
2015-08-03,19:25:00,54.2,54.2,54.14,54.142,5300,0
2015-08-03,19:30:00,54.14,54.15,54.1091,54.11,5872,0
2015-08-03,19:35:00,54.11,54.115,54.11,54.115,1700,0
2015-08-03,19:40:00,54.0739,54.0739,54.06,54.06,1400,0
2015-08-03,19:45:00,54.07,54.07,54.0301,54.0301,1475,0
2015-08-03,19:50:00,54.05,54.07,54.03,54.03,3535,0
2015-08-03,19:55:00,53.99,54.018,53.99,54.018,2047,0
2015-08-03,20:00:00,54.02,54.05,54.02,54.02,3021,0
2015-08-03,20:05:00,54.0838,54.0838,54.0401,54.0401,6100,0
2015-08-03,20:10:00,54.05,54.1,54.05,54.08,2407,0
2015-08-03,20:15:00,54.08,54.11,54.0741,54.1099,506,0
2015-08-03,20:20:00,54.052,54.0951,54.052,54.0951,1650,0
2015-08-03,20:25:00,54.12,54.12,54.12,54.12,1000,0
2015-08-03,20:30:00,54.11,54.13,54.09,54.1,2201,0
2015-08-03,20:35:00,54.0701,54.0962,54.0701,54.0962,3516,0
2015-08-03,20:40:00,54.0673,54.0673,54,54,1735,0
2015-08-03,20:45:00,53.99,54,53.99,54,2000,0
2015-08-03,20:50:00,54.01,54.05,54.01,54.04,1150,0
2015-08-03,20:55:00,54.06,54.06,54.05,54.05,400,0
2015-08-03,21:00:00,54.1,54.1,54.07,54.07,300,0
2015-08-03,21:05:00,54.06,54.07,54.06,54.07,1600,0
2015-08-03,21:10:00,54.03,54.03,54.02,54.02,788,0
2015-08-03,21:15:00,54.03,54.05,54.03,54.05,2000,0
2015-08-03,21:20:00,54.0692,54.1,54.06,54.1,3350,0
2015-08-03,21:25:00,54.0372,54.06,54.0372,54.0562,785,0
2015-08-03,21:30:00,54.06,54.09,54.0478,54.0478,1200,0
2015-08-03,21:35:00,54.04,54.06,54.03,54.06,2900,0
2015-08-03,21:40:00,54.04,54.04,53.96,53.96,6143,0
2015-08-03,21:45:00,53.95,53.96,53.92,53.92,1700,0
2015-08-03,21:50:00,53.94,53.97,53.94,53.945,5149,0
2015-08-03,21:55:00,53.955,53.96,53.95,53.96,2048,0
2015-08-03,22:00:00,53.94,53.95,53.85,53.85,7415,0
2015-08-04,15:35:00,53.92,53.95,53.878,53.95,2044,0
2015-08-04,15:40:00,53.96,54.01,53.9,54.01,3200,0
2015-08-04,15:45:00,54.07,54.08,53.9199,53.9199,8250,0
2015-08-04,15:50:00,53.915,53.915,53.88,53.88,800,0
2015-08-04,15:55:00,53.86,53.87,53.86,53.87,1400,0
2015-08-04,16:00:00,53.91,53.91,53.8701,53.8701,200,0
2015-08-04,16:05:00,53.95,53.98,53.94,53.98,1525,0
2015-08-04,16:15:00,53.91,53.95,53.88,53.88,1900,0
2015-08-04,16:20:00,53.96,53.96,53.8901,53.8901,1685,0
2015-08-04,16:25:00,53.85,53.89,53.85,53.88,1300,0
2015-08-04,16:30:00,53.82,53.82,53.82,53.82,800,0
2015-08-04,16:35:00,53.85,53.89,53.85,53.89,1005,0
2015-08-04,16:40:00,53.89,53.93,53.875,53.93,358,0
2015-08-04,16:45:00,53.97,53.97,53.969,53.969,3000,0
2015-08-04,16:50:00,53.97,54.02,53.96,54.02,1500,0
2015-08-04,16:55:00,54.04,54.09,54.03,54.09,500,0
2015-08-04,17:00:00,54.1,54.19,54.1,54.18,2250,0
2015-08-04,17:05:00,54.12,54.12,54.105,54.105,400,0
2015-08-04,17:10:00,54.1,54.1,54.07,54.1,2750,0
2015-08-04,17:25:00,54.06,54.06,54.06,54.06,3500,0
2015-08-04,17:30:00,54.06,54.06,54.06,54.06,100,0
2015-08-04,17:35:00,54.0139,54.0139,54.01,54.01,820,0
2015-08-04,17:40:00,54.043,54.043,54.03,54.03,2350,0
2015-08-04,17:45:00,54,54.01,54,54.01,300,0
2015-08-04,17:50:00,54.03,54.03,54.03,54.03,2678,0
2015-08-04,17:55:00,54.07,54.07,54.07,54.07,300,0
2015-08-04,18:00:00,54.0585,54.0585,54.02,54.02,900,0
2015-08-04,18:05:00,53.99,53.99,53.97,53.97,750,0
2015-08-04,18:10:00,53.96,53.96,53.93,53.93,1086,0
2015-08-04,18:15:00,53.922,53.922,53.922,53.922,1775,0
2015-08-04,18:20:00,53.92,53.92,53.92,53.92,600,0
2015-08-04,18:25:00,53.95,53.96,53.95,53.96,1200,0
2015-08-04,18:30:00,53.9678,53.97,53.9678,53.97,1000,0
2015-08-04,18:40:00,53.996,53.996,53.98,53.98,800,0
2015-08-04,18:50:00,54.04,54.04,54.0381,54.0381,400,0
2015-08-04,19:00:00,54.08,54.08,54.08,54.08,500,0
2015-08-04,19:05:00,54.08,54.08,54.06,54.06,400,0
2015-08-04,19:15:00,54.03,54.03,54.03,54.03,200,0
2015-08-04,19:20:00,54,54,53.9501,53.9501,530,0
2015-08-04,19:40:00,53.855,53.858,53.854,53.854,400,0
2015-08-04,19:45:00,53.87,53.93,53.87,53.93,729,0
2015-08-04,19:50:00,53.93,53.93,53.93,53.93,400,0
2015-08-04,19:55:00,53.9636,54.06,53.9636,54.06,587,0
2015-08-04,20:00:00,54.095,54.1,54.095,54.1,400,0
2015-08-04,20:10:00,54.069,54.1042,54.0459,54.1,1965,0
2015-08-04,20:15:00,54.11,54.15,54.11,54.15,26205,0
2015-08-04,20:20:00,54.13,54.13,54.09,54.09,1700,0
2015-08-04,20:25:00,54.06,54.09,54.06,54.085,4956,0
2015-08-04,20:30:00,54.075,54.08,54.05,54.05,7262,0
2015-08-04,20:35:00,54.049,54.049,54.049,54.049,100,0
2015-08-04,20:40:00,54,54,54,54,100,0
2015-08-04,20:45:00,53.9839,53.9839,53.95,53.95,900,0
2015-08-04,20:50:00,53.94,53.94,53.9,53.9,900,0
2015-08-04,20:55:00,53.88,53.89,53.88,53.89,1800,0
2015-08-04,21:05:00,53.88,53.89,53.88,53.89,600,0
2015-08-04,21:10:00,53.88,53.9199,53.88,53.89,4080,0
2015-08-04,21:15:00,53.93,53.945,53.93,53.945,1570,0
2015-08-04,21:20:00,53.92,53.98,53.92,53.97,1200,0
2015-08-04,21:25:00,53.95,53.99,53.95,53.985,2600,0
2015-08-04,21:30:00,53.96,53.96,53.95,53.95,1100,0
2015-08-04,21:35:00,53.97,53.97,53.91,53.93,1321,0
2015-08-04,21:40:00,53.95,53.97,53.95,53.97,1683,0
2015-08-04,21:45:00,53.99,54.01,53.99,54.01,1000,0
2015-08-04,21:50:00,54.01,54.03,54.01,54.03,900,0
2015-08-04,21:55:00,54.05,54.05,54.02,54.02,1200,0
2015-08-04,22:00:00,54.01,54.03,53.98,53.99,11653,0
2015-08-05,15:35:00,53.65,53.71,53.65,53.6525,2705,0
2015-08-05,15:40:00,53.67,53.67,53.501,53.501,4946,0
2015-08-05,15:45:00,53.52,53.6001,53.51,53.6001,6917,0
2015-08-05,15:50:00,53.58,53.58,53.43,53.43,27167,0
2015-08-05,15:55:00,53.43,53.43,53.33,53.33,18795,0
2015-08-05,16:00:00,53.3725,53.4,53.3551,53.4,8995,0
2015-08-05,16:05:00,53.34,53.43,53.34,53.35,19902,0
2015-08-05,16:10:00,53.36,53.3625,53.33,53.35,26283,0
2015-08-05,16:15:00,53.35,53.365,53.3238,53.365,9072,0
2015-08-05,16:20:00,53.36,53.37,53.36,53.37,5707,0
2015-08-05,16:25:00,53.38,53.38,53.33,53.33,6923,0
2015-08-05,16:30:00,53.32,53.32,53.281,53.3,6527,0
2015-08-05,16:35:00,53.28,53.3,53.28,53.294,2600,0
2015-08-05,16:40:00,53.28,53.29,53.25,53.29,3000,0
2015-08-05,16:45:00,53.29,53.3241,53.29,53.3241,2975,0
2015-08-05,16:50:00,53.32,53.32,53.32,53.32,2400,0
2015-08-05,16:55:00,53.3234,53.3234,53.3234,53.3234,100,0
2015-08-05,17:00:00,53.29,53.29,53.26,53.27,2000,0
2015-08-05,17:05:00,53.23,53.24,53.23,53.24,366,0
2015-08-05,17:10:00,53.27,53.27,53.27,53.27,900,0
2015-08-05,17:15:00,53.2899,53.29,53.26,53.26,4660,0
2015-08-05,17:20:00,53.2499,53.25,53.22,53.221,5711,0
2015-08-05,17:25:00,53.23,53.23,53.2,53.2,9150,0
2015-08-05,17:30:00,53.23,53.23,53.23,53.23,8900,0
2015-08-05,17:35:00,53.2001,53.215,53.2,53.215,12000,0
2015-08-05,17:40:00,53.22,53.2501,53.22,53.2501,5050,0
2015-08-05,17:55:00,53.27,53.2739,53.27,53.2739,800,0
2015-08-05,18:00:00,53.31,53.33,53.31,53.3239,3550,0
2015-08-05,18:05:00,53.33,53.3699,53.33,53.3699,800,0
2015-08-05,18:10:00,53.349,53.3705,53.349,53.3705,1104,0
2015-08-05,18:20:00,53.36,53.39,53.36,53.39,676,0
2015-08-05,18:25:00,53.42,53.42,53.41,53.41,1103,0
2015-08-05,18:30:00,53.45,53.47,53.44,53.44,1050,0
2015-08-05,18:35:00,53.47,53.51,53.4601,53.51,8781,0
2015-08-05,18:40:00,53.4939,53.4939,53.484,53.484,8200,0
2015-08-05,18:45:00,53.5,53.525,53.5,53.525,3100,0
2015-08-05,18:50:00,53.46,53.46,53.46,53.46,2000,0
2015-08-05,19:00:00,53.44,53.44,53.42,53.425,2050,0
2015-08-05,19:05:00,53.41,53.41,53.41,53.41,400,0
2015-08-05,19:10:00,53.46,53.46,53.44,53.44,1593,0
2015-08-05,19:15:00,53.47,53.5099,53.47,53.5099,950,0
2015-08-05,19:20:00,53.54,53.59,53.54,53.57,1726,0
2015-08-05,19:25:00,53.57,53.57,53.54,53.54,400,0
2015-08-05,19:30:00,53.5595,53.5595,53.5595,53.5595,1000,0
2015-08-05,19:35:00,53.5365,53.5699,53.5365,53.5699,1300,0
2015-08-05,19:45:00,53.5301,53.56,53.53,53.53,2700,0
2015-08-05,19:50:00,53.545,53.545,53.545,53.545,266,0
2015-08-05,19:55:00,53.6,53.6399,53.6,53.6265,1900,0
2015-08-05,20:00:00,53.5601,53.5601,53.5601,53.5601,400,0
2015-08-05,20:05:00,53.57,53.57,53.549,53.549,695,0
2015-08-05,20:10:00,53.54,53.57,53.54,53.567,815,0
2015-08-05,20:15:00,53.5801,53.5901,53.5801,53.5901,365,0
2015-08-05,20:30:00,53.53,53.53,53.52,53.52,536,0
2015-08-05,20:35:00,53.52,53.52,53.52,53.52,100,0
2015-08-05,20:40:00,53.47,53.47,53.47,53.47,1400,0
2015-08-05,20:45:00,53.45,53.51,53.45,53.51,1365,0
2015-08-05,20:50:00,53.4699,53.4699,53.41,53.42,4674,0
2015-08-05,20:55:00,53.47,53.47,53.47,53.47,400,0
2015-08-05,21:00:00,53.5,53.5,53.5,53.5,1300,0
2015-08-05,21:05:00,53.4801,53.51,53.48,53.51,2663,0
2015-08-05,21:10:00,53.48,53.48,53.48,53.48,600,0
2015-08-05,21:15:00,53.45,53.45,53.43,53.45,2800,0
2015-08-05,21:20:00,53.46,53.48,53.46,53.48,3492,0
2015-08-05,21:25:00,53.47,53.47,53.47,53.47,600,0
2015-08-05,21:30:00,53.47,53.48,53.47,53.48,600,0
2015-08-05,21:35:00,53.51,53.53,53.51,53.51,3610,0
2015-08-05,21:40:00,53.55,53.55,53.541,53.55,1819,0
2015-08-05,21:45:00,53.5899,53.5899,53.5561,53.57,1400,0
2015-08-05,21:50:00,53.5561,53.5561,53.55,53.55,700,0
2015-08-05,21:55:00,53.57,53.575,53.57,53.57,3193,0
2015-08-05,22:00:00,53.56,53.57,53.55,53.57,4510,0
2015-08-06,15:35:00,53.52,53.56,53.4525,53.56,17953,0
2015-08-06,15:40:00,53.5665,53.75,53.5665,53.72,26000,0
2015-08-06,15:45:00,53.72,53.77,53.72,53.73,4496,0
2015-08-06,15:50:00,53.73,53.75,53.71,53.75,2364,0
2015-08-06,15:55:00,53.79,53.85,53.75,53.85,3905,0
2015-08-06,16:00:00,53.87,53.91,53.8502,53.86,2642,0
2015-08-06,16:05:00,53.9,53.92,53.9,53.9,2020,0
2015-08-06,16:10:00,53.88,53.88,53.86,53.87,51424,0
2015-08-06,16:15:00,53.79,53.82,53.79,53.8149,856,0
2015-08-06,16:20:00,53.84,53.95,53.84,53.95,450,0
2015-08-06,16:25:00,53.97,54.03,53.97,54.03,817,0
2015-08-06,16:30:00,54.01,54.04,54.01,54.04,1200,0
2015-08-06,16:35:00,54.06,54.09,54.06,54.07,1300,0
2015-08-06,16:40:00,54.07,54.07,54.03,54.05,5041,0
2015-08-06,16:45:00,54.04,54.04,54.02,54.04,5450,0
2015-08-06,16:50:00,54.02,54.04,54.012,54.04,400,0
2015-08-06,17:00:00,54.06,54.14,54.06,54.14,3701,0
2015-08-06,17:05:00,54.15,54.17,54.137,54.17,3100,0
2015-08-06,17:10:00,54.19,54.21,54.19,54.21,1077,0
2015-08-06,17:15:00,54.28,54.371,54.28,54.37,1750,0
2015-08-06,17:20:00,54.37,54.38,54.34,54.34,3360,0
2015-08-06,17:25:00,54.3139,54.3151,54.3,54.3151,4730,0
2015-08-06,17:30:00,54.35,54.43,54.35,54.415,4200,0
2015-08-06,17:35:00,54.41,54.47,54.41,54.46,1150,0
2015-08-06,17:40:00,54.5,54.52,54.5,54.51,1350,0
2015-08-06,17:45:00,54.52,54.52,54.465,54.465,7845,0
2015-08-06,17:50:00,54.47,54.4701,54.43,54.43,850,0
2015-08-06,17:55:00,54.43,54.49,54.43,54.4599,7945,0
2015-08-06,18:00:00,54.5,54.57,54.4901,54.57,5031,0
2015-08-06,18:05:00,54.569,54.57,54.5399,54.5399,2500,0
2015-08-06,18:10:00,54.52,54.5351,54.498,54.5277,6766,0
2015-08-06,18:15:00,54.51,54.51,54.5,54.5099,8566,0
2015-08-06,18:20:00,54.51,54.56,54.51,54.56,550,0
2015-08-06,18:25:00,54.58,54.61,54.58,54.61,2600,0
2015-08-06,18:30:00,54.54,54.54,54.53,54.53,200,0
2015-08-06,18:35:00,54.521,54.55,54.521,54.55,600,0
2015-08-06,18:40:00,54.57,54.6195,54.57,54.6195,2989,0
2015-08-06,18:45:00,54.6498,54.65,54.5661,54.585,5740,0
2015-08-06,18:50:00,54.6,54.6,54.6,54.6,100,0
2015-08-06,18:55:00,54.557,54.557,54.53,54.53,5933,0
2015-08-06,19:00:00,54.5301,54.5589,54.5104,54.5404,10185,0
2015-08-06,19:05:00,54.5401,54.56,54.54,54.55,2700,0
2015-08-06,19:10:00,54.55,54.55,54.53,54.53,200,0
2015-08-06,19:15:00,54.54,54.5401,54.4939,54.4939,5469,0
2015-08-06,19:20:00,54.5,54.5,54.452,54.452,2100,0
2015-08-06,19:25:00,54.4451,54.48,54.43,54.43,11147,0
2015-08-06,19:30:00,54.38,54.38,54.38,54.38,200,0
2015-08-06,19:35:00,54.4,54.4,54.37,54.3935,3000,0
2015-08-06,19:40:00,54.39,54.4,54.39,54.4,1000,0
2015-08-06,19:45:00,54.418,54.418,54.418,54.418,100,0
2015-08-06,19:50:00,54.41,54.41,54.347,54.347,2300,0
2015-08-06,19:55:00,54.3501,54.3501,54.3501,54.3501,400,0
2015-08-06,20:00:00,54.44,54.45,54.44,54.45,1018,0
2015-08-06,20:05:00,54.47,54.4852,54.46,54.4852,600,0
2015-08-06,20:10:00,54.49,54.49,54.47,54.48,6936,0
2015-08-06,20:15:00,54.46,54.47,54.453,54.453,2000,0
2015-08-06,20:20:00,54.48,54.49,54.4798,54.4798,1873,0
2015-08-06,20:25:00,54.479,54.479,54.4,54.4,2800,0
2015-08-06,20:30:00,54.42,54.42,54.36,54.36,2687,0
2015-08-06,20:35:00,54.35,54.382,54.33,54.382,1800,0
2015-08-06,20:40:00,54.38,54.3999,54.36,54.3999,1312,0
2015-08-06,20:45:00,54.36,54.38,54.36,54.38,3023,0
2015-08-06,20:50:00,54.36,54.36,54.3499,54.3501,2085,0
2015-08-06,20:55:00,54.365,54.41,54.36,54.41,1412,0
2015-08-06,21:00:00,54.4139,54.4139,54.41,54.41,200,0
2015-08-06,21:05:00,54.42,54.42,54.4091,54.4199,600,0
2015-08-06,21:10:00,54.42,54.453,54.419,54.4499,3339,0
2015-08-06,21:15:00,54.444,54.47,54.429,54.46,1921,0
2015-08-06,21:20:00,54.5,54.5,54.44,54.44,2684,0
2015-08-06,21:25:00,54.4499,54.47,54.44,54.47,450,0
2015-08-06,21:30:00,54.49,54.52,54.49,54.52,1850,0
2015-08-06,21:35:00,54.5271,54.54,54.5,54.51,6421,0
2015-08-06,21:40:00,54.4986,54.4986,54.47,54.47,1200,0
2015-08-06,21:45:00,54.4599,54.46,54.42,54.4377,3250,0
2015-08-06,21:50:00,54.42,54.42,54.34,54.34,7439,0
2015-08-06,21:55:00,54.3699,54.37,54.3679,54.3699,3500,0
2015-08-06,22:00:00,54.37,54.41,54.34,54.39,19834,0
2015-08-07,15:35:00,54.55,54.66,54.5,54.64,10756,0
2015-08-07,15:40:00,54.6899,54.7,54.6,54.63,6575,0
2015-08-07,15:45:00,54.57,54.57,54.4999,54.55,3520,0
2015-08-07,15:50:00,54.56,54.7,54.55,54.6495,4271,0
2015-08-07,15:55:00,54.63,54.63,54.45,54.4555,3699,0
2015-08-07,16:00:00,54.4584,54.4584,54.36,54.37,1975,0
2015-08-07,16:05:00,54.41,54.46,54.41,54.46,400,0
2015-08-07,16:10:00,54.47,54.47,54.43,54.44,700,0
2015-08-07,16:15:00,54.43,54.43,54.43,54.43,245,0
2015-08-07,16:20:00,54.47,54.54,54.47,54.54,1000,0
2015-08-07,16:25:00,54.6,54.65,54.58,54.6401,6355,0
2015-08-07,16:30:00,54.659,54.74,54.62,54.73,1400,0
2015-08-07,16:35:00,54.7,54.71,54.6366,54.6366,800,0
2015-08-07,16:40:00,54.63,54.63,54.59,54.61,1400,0
2015-08-07,16:45:00,54.62,54.63,54.6199,54.6199,2032,0
2015-08-07,16:50:00,54.61,54.66,54.57,54.57,400,0
2015-08-07,16:55:00,54.6332,54.6332,54.6332,54.6332,200,0
2015-08-07,17:05:00,54.69,54.708,54.62,54.62,2670,0
2015-08-07,17:10:00,54.67,54.71,54.65,54.6843,4403,0
2015-08-07,17:15:00,54.71,54.73,54.69,54.73,4430,0
2015-08-07,17:20:00,54.7457,54.811,54.74,54.811,2500,0
2015-08-07,17:25:00,54.8473,54.85,54.82,54.84,22908,0
2015-08-07,17:30:00,54.84,54.84,54.79,54.79,2121,0
2015-08-07,17:35:00,54.83,54.8899,54.83,54.8675,2671,0
2015-08-07,17:40:00,54.88,54.93,54.8775,54.93,4787,0
2015-08-07,17:45:00,54.91,54.91,54.86,54.86,1350,0
2015-08-07,17:50:00,54.84,54.84,54.81,54.81,1450,0
2015-08-07,17:55:00,54.8,54.83,54.78,54.83,6488,0
2015-08-07,18:00:00,54.8,54.81,54.775,54.775,3274,0
2015-08-07,18:05:00,54.78,54.78,54.75,54.75,663,0
2015-08-07,18:10:00,54.72,54.72,54.72,54.72,500,0
2015-08-07,18:15:00,54.6939,54.72,54.6939,54.72,685,0
2015-08-07,18:20:00,54.74,54.74,54.73,54.73,200,0
2015-08-07,18:25:00,54.76,54.76,54.76,54.76,300,0
2015-08-07,18:35:00,54.77,54.7791,54.76,54.7791,915,0
2015-08-07,18:40:00,54.81,54.83,54.81,54.83,800,0
2015-08-07,18:45:00,54.76,54.76,54.76,54.76,901,0
2015-08-07,18:50:00,54.76,54.77,54.76,54.77,595,0
2015-08-07,18:55:00,54.775,54.779,54.7533,54.76,1800,0
2015-08-07,19:00:00,54.805,54.805,54.805,54.805,800,0
2015-08-07,19:05:00,54.81,54.82,54.81,54.82,993,0
2015-08-07,19:10:00,54.83,54.831,54.83,54.831,843,0
2015-08-07,19:20:00,54.85,54.875,54.85,54.875,200,0
2015-08-07,19:25:00,54.87,54.871,54.87,54.871,300,0
2015-08-07,19:30:00,54.9,54.91,54.8899,54.8899,985,0
2015-08-07,19:35:00,54.8599,54.8599,54.84,54.85,2165,0
2015-08-07,19:40:00,54.8,54.83,54.8,54.8239,4600,0
2015-08-07,19:45:00,54.7943,54.81,54.7943,54.81,3165,0
2015-08-07,19:50:00,54.81,54.81,54.79,54.79,1165,0
2015-08-07,20:00:00,54.86,54.86,54.85,54.85,1549,0
2015-08-07,20:05:00,54.86,54.86,54.85,54.85,700,0
2015-08-07,20:10:00,54.8507,54.86,54.8507,54.86,4299,0
2015-08-07,20:20:00,54.81,54.83,54.79,54.8201,33424,0
2015-08-07,20:25:00,54.84,54.86,54.84,54.85,1100,0
2015-08-07,20:30:00,54.82,54.83,54.81,54.83,1250,0
2015-08-07,20:35:00,54.8,54.8,54.77,54.77,1500,0
2015-08-07,20:40:00,54.7501,54.77,54.739,54.74,1913,0
2015-08-07,20:45:00,54.75,54.78,54.75,54.78,800,0
2015-08-07,20:50:00,54.77,54.795,54.75,54.75,400,0
2015-08-07,20:55:00,54.74,54.75,54.7019,54.71,1850,0
2015-08-07,21:00:00,54.7266,54.73,54.7033,54.7033,2100,0
2015-08-07,21:05:00,54.69,54.69,54.672,54.69,3250,0
2015-08-07,21:10:00,54.7,54.7,54.671,54.671,300,0
2015-08-07,21:15:00,54.695,54.72,54.69,54.71,1800,0
2015-08-07,21:20:00,54.7,54.73,54.7,54.73,800,0
2015-08-07,21:25:00,54.66,54.66,54.58,54.58,2150,0
2015-08-07,21:30:00,54.58,54.58,54.53,54.53,2062,0
2015-08-07,21:35:00,54.54,54.54,54.46,54.48,11261,0
2015-08-07,21:40:00,54.48,54.51,54.48,54.51,550,0
2015-08-07,21:45:00,54.505,54.54,54.505,54.54,1350,0
2015-08-07,21:50:00,54.55,54.57,54.55,54.57,4100,0
2015-08-07,21:55:00,54.59,54.59,54.51,54.51,3450,0
2015-08-07,22:00:00,54.54,54.54,54.47,54.47,5920,0
