Date,Time,Open,High,Low,Close,Volume,OpenInt
2014-11-10,16:00:00,28.839,28.839,28.839,28.839,343,0
2014-11-10,17:00:00,28.719,28.719,28.719,28.719,673,0
2014-11-11,21:35:00,28.394,28.394,28.394,28.394,1172,0
2014-11-12,18:35:00,28.433,28.482,28.433,28.482,708,0
2014-11-13,18:35:00,28.097,28.097,28.097,28.097,706,0
2014-11-13,19:10:00,27.978,27.978,27.978,27.978,506,0
2014-11-14,15:35:00,27.889,27.889,27.681,27.741,1820,0
2014-11-14,15:45:00,27.799,27.799,27.78,27.78,202,0
2014-11-14,15:50:00,27.761,27.761,27.761,27.761,2154,0
2014-11-14,17:50:00,27.731,27.731,27.731,27.731,252,0
2014-11-14,18:05:00,27.799,27.799,27.789,27.789,1011,0
2014-11-14,20:15:00,27.879,27.879,27.879,27.879,405,0
2014-11-14,20:45:00,27.889,27.919,27.889,27.919,405,0
2014-11-14,21:10:00,27.919,27.919,27.919,27.919,343,0
2014-11-14,21:40:00,27.929,27.929,27.929,27.929,101,0
2014-11-14,21:45:00,27.909,27.909,27.909,27.909,101,0
2014-11-17,16:00:00,27.909,27.909,27.909,27.909,101,0
2014-11-17,16:45:00,27.869,27.869,27.869,27.869,506,0
2014-11-17,20:40:00,27.988,27.988,27.988,27.988,2842,0
2014-11-17,21:55:00,27.919,27.919,27.919,27.919,101,0
2014-11-18,15:35:00,27.889,27.889,27.889,27.889,388,0
2014-11-18,19:50:00,28.156,28.206,28.156,28.206,204,0
2014-11-18,19:55:00,28.196,28.196,28.196,28.196,101,0
2014-11-19,16:40:00,27.899,27.899,27.899,27.899,202,0
2014-11-19,16:50:00,27.859,27.859,27.859,27.859,202,0
2014-11-19,17:25:00,27.919,27.919,27.919,27.919,506,0
2014-11-19,17:45:00,27.949,27.949,27.949,27.949,202,0
2014-11-19,18:30:00,28.017,28.017,28.008,28.008,328,0
2014-11-20,16:20:00,28.107,28.107,28.107,28.107,303,0
2014-11-20,19:45:00,28.226,28.226,28.226,28.226,455,0
2014-11-20,20:05:00,28.236,28.236,28.236,28.236,101,0
2014-11-20,21:10:00,28.196,28.196,28.176,28.196,1112,0
2014-11-21,16:25:00,28.809,28.809,28.809,28.809,202,0
2014-11-21,17:40:00,28.681,28.681,28.681,28.681,658,0
2014-11-21,18:40:00,28.591,28.591,28.591,28.591,101,0
2014-11-21,21:15:00,28.551,28.551,28.551,28.551,664,0
2014-11-21,21:35:00,28.591,28.591,28.591,28.591,708,0
2014-11-24,15:35:00,28.611,28.611,28.611,28.611,678,0
2014-11-24,15:45:00,28.521,28.521,28.453,28.453,506,0
2014-11-24,16:10:00,28.463,28.463,28.463,28.463,303,0
2014-11-24,16:55:00,28.423,28.423,28.423,28.423,154,0
2014-11-24,17:20:00,28.463,28.463,28.463,28.463,516,0
2014-11-24,19:00:00,28.404,28.404,28.404,28.404,126,0
2014-11-24,21:10:00,28.492,28.492,28.482,28.482,607,0
2014-11-24,21:40:00,28.511,28.581,28.511,28.511,980,0
2014-11-25,16:00:00,28.709,28.709,28.709,28.709,1517,0
2014-11-25,17:45:00,28.551,28.551,28.551,28.551,101,0
2014-11-25,18:00:00,28.591,28.591,28.591,28.591,171,0
2014-11-25,20:15:00,28.651,28.651,28.651,28.651,405,0
2014-11-25,20:20:00,28.651,28.651,28.651,28.651,274,0
2014-11-25,20:50:00,28.621,28.621,28.621,28.621,101,0
2014-11-26,15:35:00,28.681,28.681,28.482,28.482,808,0
2014-11-26,15:45:00,28.453,28.453,28.453,28.453,718,0
2014-11-26,15:55:00,28.384,28.384,28.384,28.384,112,0
2014-11-26,16:00:00,28.453,28.453,28.453,28.453,130,0
2014-11-26,16:30:00,28.541,28.541,28.541,28.541,704,0
2014-11-26,20:20:00,28.384,28.384,28.384,28.384,315,0
2014-11-28,15:35:00,28.156,28.156,28.156,28.156,808,0
2014-11-28,15:40:00,27.691,27.691,27.691,27.691,101,0
2014-11-28,15:55:00,27.602,27.602,27.602,27.602,445,0
2014-11-28,16:10:00,27.563,27.563,27.563,27.563,303,0
2014-11-28,17:40:00,27.544,27.544,27.544,27.544,262,0
2014-11-28,18:05:00,27.474,27.474,27.474,27.474,101,0
2014-11-28,18:10:00,27.474,27.504,27.454,27.454,708,0
2014-12-01,15:35:00,27.058,27.058,27.058,27.058,451,0
2014-12-01,15:40:00,26.979,27.058,26.979,27.058,202,0
2014-12-01,16:30:00,26.772,26.851,26.772,26.851,202,0
2014-12-01,16:45:00,26.702,26.702,26.702,26.702,506,0
2014-12-01,17:55:00,26.514,26.534,26.514,26.534,10415,0
2014-12-01,18:50:00,26.505,26.505,26.505,26.505,3034,0
2014-12-01,18:55:00,26.505,26.505,26.505,26.505,7381,0
2014-12-01,19:00:00,26.574,26.574,26.574,26.574,202,0
2014-12-01,19:20:00,26.574,26.574,26.574,26.574,5056,0
2014-12-01,20:30:00,26.475,26.524,26.475,26.524,303,0
2014-12-01,20:50:00,26.544,26.544,26.544,26.544,3959,0
2014-12-01,21:25:00,26.633,26.633,26.624,26.624,2225,0
2014-12-01,21:30:00,26.624,26.624,26.624,26.624,3034,0
2014-12-01,21:50:00,26.574,26.574,26.574,26.574,5056,0
2014-12-01,21:55:00,26.574,26.574,26.574,26.574,292,0
2014-12-02,15:35:00,26.514,26.514,26.514,26.514,379,0
2014-12-02,15:45:00,26.633,26.633,26.633,26.633,101,0
2014-12-02,16:10:00,26.712,26.712,26.712,26.712,202,0
2014-12-02,16:40:00,26.762,26.762,26.762,26.762,101,0
2014-12-02,17:10:00,26.909,26.929,26.909,26.929,707,0
2014-12-02,18:50:00,26.702,26.702,26.683,26.693,845,0
2014-12-02,18:55:00,26.772,26.772,26.683,26.683,582,0
2014-12-02,19:30:00,26.712,26.712,26.712,26.712,202,0
2014-12-02,20:00:00,26.673,26.673,26.673,26.673,394,0
2014-12-03,15:35:00,26.584,26.584,26.584,26.584,288,0
2014-12-03,15:40:00,26.702,26.702,26.614,26.614,1518,0
2014-12-03,16:05:00,26.999,26.999,26.999,26.999,101,0
2014-12-03,16:35:00,27.167,27.167,27.167,27.167,1112,0
2014-12-03,16:40:00,27.137,27.137,27.137,27.137,303,0
2014-12-03,17:10:00,27.187,27.187,27.187,27.187,4554,0
2014-12-03,21:55:00,27.058,27.058,27.058,27.058,202,0
2014-12-04,15:45:00,26.889,26.889,26.889,26.889,192,0
2014-12-04,16:05:00,26.87,26.87,26.87,26.87,136,0
2014-12-04,16:45:00,26.732,26.732,26.732,26.732,697,0
2014-12-04,21:25:00,26.732,26.732,26.732,26.732,372,0
2014-12-04,21:55:00,26.732,26.732,26.732,26.732,202,0
2014-12-05,15:35:00,26.544,26.544,26.544,26.544,2687,0
2014-12-05,17:25:00,26.653,26.732,26.653,26.653,2934,0
2014-12-05,19:05:00,26.772,26.772,26.772,26.772,1031,0
2014-12-05,20:05:00,26.722,26.722,26.722,26.722,172,0
2014-12-05,21:10:00,26.673,26.673,26.673,26.673,787,0
2014-12-05,22:00:00,26.653,26.663,26.653,26.663,916,0
2014-12-08,16:30:00,26.425,26.425,26.425,26.425,303,0
2014-12-08,18:10:00,26.177,26.177,26.177,26.177,303,0
2014-12-08,18:35:00,26.05,26.05,26.05,26.05,202,0
2014-12-08,19:00:00,26.119,26.119,26.119,26.119,891,0
2014-12-08,21:20:00,25.783,25.783,25.783,25.783,2157,0
2014-12-09,15:35:00,25.456,25.456,25.456,25.456,202,0
2014-12-09,16:00:00,25.664,25.664,25.664,25.664,355,0
2014-12-09,16:15:00,25.743,25.743,25.743,25.743,1112,0
2014-12-09,16:30:00,25.704,25.704,25.605,25.605,933,0
2014-12-09,17:20:00,25.733,25.733,25.605,25.605,465,0
2014-12-09,18:00:00,25.783,25.783,25.783,25.783,122,0
2014-12-09,18:30:00,25.733,25.733,25.704,25.704,3401,0
2014-12-09,18:55:00,25.802,25.802,25.802,25.802,1517,0
2014-12-09,19:25:00,25.892,25.892,25.892,25.892,606,0
2014-12-09,19:40:00,25.99,25.99,25.99,25.99,2472,0
2014-12-09,20:40:00,26.04,26.04,26.04,26.04,202,0
2014-12-09,21:10:00,26.069,26.069,26.069,26.069,158,0
2014-12-09,21:25:00,26.089,26.089,26.089,26.089,520,0
2014-12-09,21:30:00,26.089,26.089,26.089,26.089,202,0
2014-12-09,21:55:00,26.099,26.099,26.099,26.099,202,0
2014-12-09,22:00:00,26.158,26.168,26.158,26.168,359,0
2014-12-10,15:45:00,25.872,25.872,25.872,25.872,1790,0
2014-12-10,16:15:00,25.733,25.733,25.733,25.733,202,0
2014-12-10,16:20:00,25.753,25.763,25.753,25.763,239,0
2014-12-10,17:10:00,25.704,25.704,25.704,25.704,202,0
2014-12-10,19:10:00,25.535,25.535,25.535,25.535,406,0
2014-12-10,20:55:00,25.258,25.258,25.258,25.258,239,0
2014-12-10,21:10:00,25.248,25.248,25.248,25.248,152,0
2014-12-10,22:00:00,25.24,25.24,25.24,25.24,101,0
2014-12-11,15:35:00,25.21,25.21,25.21,25.21,404,0
2014-12-11,15:40:00,25.367,25.367,25.367,25.367,101,0
2014-12-11,16:20:00,25.495,25.505,25.495,25.505,424,0
2014-12-11,18:00:00,25.535,25.605,25.535,25.605,606,0
2014-12-11,18:55:00,25.565,25.565,25.555,25.555,707,0
2014-12-11,19:30:00,25.505,25.505,25.505,25.505,101,0
2014-12-11,20:15:00,25.436,25.436,25.436,25.436,177,0
2014-12-11,20:20:00,25.417,25.417,25.417,25.417,101,0
2014-12-11,20:25:00,25.446,25.446,25.446,25.446,405,0
2014-12-11,20:45:00,25.387,25.387,25.387,25.387,303,0
2014-12-11,21:15:00,25.327,25.327,25.327,25.327,152,0
2014-12-11,21:30:00,25.327,25.327,25.317,25.317,470,0
2014-12-11,21:45:00,25.258,25.258,25.258,25.258,174,0
2014-12-11,22:00:00,25.2,25.22,25.2,25.22,707,0
2014-12-12,15:35:00,24.853,24.853,24.853,24.853,883,0
2014-12-12,15:40:00,25.051,25.051,25.051,25.051,404,0
2014-12-12,16:20:00,24.853,24.853,24.813,24.813,340,0
2014-12-12,16:55:00,24.823,24.823,24.823,24.823,101,0
2014-12-12,19:05:00,24.764,24.764,24.744,24.744,1743,0
2014-12-12,19:10:00,24.754,24.843,24.744,24.764,2731,0
2014-12-12,19:25:00,24.823,24.823,24.823,24.823,509,0
2014-12-12,19:50:00,24.813,24.833,24.813,24.833,5684,0
2014-12-12,19:55:00,24.833,24.843,24.833,24.833,2330,0
2014-12-12,20:00:00,24.853,24.863,24.843,24.843,909,0
2014-12-12,20:05:00,24.843,24.843,24.843,24.843,606,0
2014-12-12,21:05:00,24.744,24.744,24.744,24.744,202,0
2014-12-15,15:35:00,25.041,25.041,24.764,24.902,606,0
2014-12-15,15:40:00,24.833,24.833,24.774,24.774,404,0
2014-12-15,15:45:00,24.833,24.833,24.833,24.833,647,0
2014-12-15,16:05:00,24.704,24.704,24.695,24.695,444,0
2014-12-15,16:35:00,24.595,24.595,24.595,24.595,763,0
2014-12-15,16:45:00,24.595,24.595,24.595,24.595,606,0
2014-12-15,17:30:00,24.32,24.32,24.32,24.32,707,0
2014-12-15,18:05:00,24.31,24.31,24.31,24.31,202,0
2014-12-15,18:10:00,24.368,24.368,24.368,24.368,202,0
2014-12-15,19:05:00,24.478,24.478,24.478,24.478,101,0
2014-12-15,19:40:00,24.378,24.378,24.378,24.378,404,0
2014-12-15,19:55:00,24.398,24.398,24.398,24.398,681,0
2014-12-15,20:50:00,24.378,24.378,24.378,24.378,1215,0
2014-12-15,21:25:00,24.329,24.329,24.329,24.329,146,0
2014-12-16,15:50:00,24.151,24.151,24.151,24.151,101,0
2014-12-16,16:45:00,24.32,24.329,24.29,24.31,2528,0
2014-12-16,16:50:00,24.448,24.448,24.428,24.428,2239,0
2014-12-16,17:10:00,24.478,24.478,24.468,24.468,606,0
2014-12-16,19:55:00,24.536,24.536,24.536,24.536,985,0
2014-12-16,20:30:00,24.546,24.546,24.546,24.546,210,0
2014-12-16,21:15:00,24.428,24.428,24.428,24.428,808,0
2014-12-16,21:40:00,24.29,24.29,24.29,24.29,227,0
2014-12-16,21:55:00,24.398,24.408,24.398,24.408,404,0
2014-12-17,15:40:00,24.329,24.329,24.32,24.329,404,0
2014-12-17,16:00:00,24.478,24.478,24.478,24.478,354,0
2014-12-17,16:30:00,24.498,24.498,24.488,24.488,480,0
2014-12-17,16:50:00,24.556,24.556,24.546,24.546,1057,0
2014-12-17,17:05:00,24.615,24.635,24.615,24.635,586,0
2014-12-17,17:55:00,24.873,24.873,24.873,24.873,251,0
2014-12-17,18:10:00,24.833,24.833,24.823,24.823,232,0
2014-12-17,18:35:00,24.863,24.863,24.863,24.863,101,0
2014-12-17,18:40:00,24.813,24.823,24.813,24.823,506,0
2014-12-17,18:45:00,24.774,24.774,24.754,24.764,3942,0
2014-12-17,18:50:00,24.764,24.764,24.744,24.744,2070,0
2014-12-17,18:55:00,24.853,24.853,24.853,24.853,202,0
2014-12-17,19:25:00,24.833,24.833,24.833,24.833,101,0
2014-12-17,19:55:00,24.764,24.793,24.764,24.793,960,0
2014-12-17,20:05:00,24.942,24.942,24.942,24.942,303,0
2014-12-17,20:35:00,24.962,24.962,24.962,24.962,101,0
2014-12-17,21:00:00,24.952,24.952,24.952,24.952,101,0
2014-12-17,21:15:00,24.813,24.952,24.813,24.952,202,0
2014-12-17,21:35:00,25.07,25.07,24.952,24.952,444,0
2014-12-18,16:20:00,25.515,25.515,25.515,25.515,965,0
2014-12-18,16:45:00,25.407,25.407,25.407,25.407,1113,0
2014-12-18,17:50:00,25.278,25.278,25.278,25.278,255,0
2014-12-18,17:55:00,25.387,25.456,25.387,25.456,7369,0
2014-12-18,18:05:00,25.377,25.436,25.317,25.317,4287,0
2014-12-18,18:35:00,25.407,25.515,25.367,25.495,3881,0
2014-12-18,18:40:00,25.436,25.485,25.436,25.485,851,0
2014-12-18,18:45:00,25.446,25.446,25.446,25.446,101,0
2014-12-18,19:05:00,25.456,25.525,25.456,25.505,2628,0
2014-12-18,19:30:00,25.555,25.555,25.555,25.555,101,0
2014-12-18,19:35:00,25.545,25.545,25.535,25.535,202,0
2014-12-18,19:40:00,25.515,25.515,25.505,25.505,708,0
2014-12-18,19:45:00,25.466,25.525,25.466,25.525,207,0
2014-12-18,20:00:00,25.485,25.485,25.485,25.485,708,0
2014-12-18,20:10:00,25.485,25.485,25.427,25.427,2225,0
2014-12-18,20:15:00,25.446,25.446,25.446,25.446,101,0
2014-12-18,20:25:00,25.397,25.397,25.397,25.397,1618,0
2014-12-18,20:35:00,25.387,25.387,25.387,25.387,101,0
2014-12-18,20:45:00,25.387,25.387,25.387,25.387,101,0
2014-12-18,21:05:00,25.466,25.466,25.466,25.466,101,0
2014-12-18,21:15:00,25.495,25.495,25.495,25.495,101,0
2014-12-18,21:30:00,25.495,25.495,25.495,25.495,202,0
2014-12-18,22:00:00,25.535,25.595,25.525,25.595,606,0
2014-12-19,15:35:00,25.459,25.548,25.459,25.548,303,0
2014-12-19,15:45:00,25.548,25.548,25.548,25.548,101,0
2014-12-19,16:20:00,25.687,25.687,25.687,25.687,303,0
2014-12-19,16:30:00,25.588,25.598,25.588,25.588,3093,0
2014-12-19,16:35:00,25.568,25.568,25.568,25.568,505,0
2014-12-19,17:45:00,25.716,25.716,25.716,25.716,424,0
2014-12-19,18:55:00,25.677,25.677,25.677,25.677,467,0
2014-12-19,20:20:00,25.707,25.707,25.707,25.707,857,0
2014-12-19,20:35:00,25.776,25.776,25.776,25.776,404,0
2014-12-19,21:20:00,25.726,25.726,25.716,25.716,1515,0
2014-12-22,15:50:00,25.716,25.716,25.716,25.716,303,0
2014-12-22,16:20:00,25.647,25.647,25.637,25.647,649,0
2014-12-22,17:55:00,25.617,25.617,25.617,25.617,177,0
2014-12-22,18:45:00,25.697,25.697,25.697,25.697,300,0
2014-12-23,15:35:00,25.875,25.875,25.875,25.875,101,0
2014-12-23,15:40:00,25.875,25.875,25.875,25.875,2927,0
2014-12-23,16:25:00,26.033,26.033,26.033,26.033,303,0
2014-12-23,16:50:00,26.033,26.053,26.033,26.053,2631,0
2014-12-23,17:40:00,26.113,26.113,26.113,26.113,454,0
2014-12-23,17:55:00,25.983,25.983,25.983,25.983,1515,0
2014-12-23,18:20:00,26.103,26.103,26.103,26.103,101,0
2014-12-23,19:45:00,25.944,25.944,25.944,25.944,434,0
2014-12-23,21:35:00,26.103,26.103,26.103,26.103,917,0
2014-12-24,15:50:00,25.885,25.885,25.885,25.885,2222,0
2014-12-24,15:55:00,26.073,26.083,26.073,26.083,909,0
2014-12-24,18:05:00,26.123,26.133,26.123,26.133,303,0
2014-12-26,18:05:00,26.38,26.38,26.38,26.38,101,0
2014-12-26,18:10:00,26.261,26.261,26.261,26.261,404,0
2014-12-26,18:30:00,26.311,26.311,26.311,26.311,101,0
2014-12-26,18:40:00,26.311,26.311,26.311,26.311,101,0
2014-12-26,19:00:00,26.301,26.301,26.301,26.301,101,0
2014-12-26,19:10:00,26.261,26.261,26.251,26.251,327,0
2014-12-26,19:15:00,26.261,26.261,26.251,26.251,428,0
2014-12-26,20:05:00,26.311,26.321,26.301,26.301,1515,0
2014-12-26,20:15:00,26.311,26.311,26.311,26.311,202,0
2014-12-26,20:35:00,26.241,26.331,26.241,26.331,206,0
2014-12-26,20:40:00,26.34,26.34,26.34,26.34,202,0
2014-12-26,20:45:00,26.241,26.241,26.241,26.241,2705,0
2014-12-26,21:15:00,26.331,26.331,26.331,26.331,303,0
2014-12-26,21:55:00,26.261,26.261,26.261,26.261,202,0
2014-12-26,22:00:00,26.191,26.191,26.191,26.191,101,0
2014-12-29,16:35:00,26.499,26.499,26.499,26.499,308,0
2014-12-29,16:40:00,26.558,26.558,26.558,26.558,202,0
2014-12-29,17:40:00,26.409,26.409,26.409,26.409,242,0
2014-12-29,18:00:00,26.409,26.409,26.409,26.409,964,0
2014-12-29,20:25:00,26.281,26.281,26.281,26.281,1626,0
2014-12-30,15:45:00,26.37,26.38,26.37,26.38,202,0
2014-12-30,15:50:00,26.37,26.37,26.34,26.34,404,0
2014-12-30,16:55:00,26.261,26.261,26.261,26.261,719,0
2014-12-30,18:05:00,26.251,26.251,26.251,26.251,303,0
2014-12-30,19:15:00,26.36,26.36,26.36,26.36,812,0
2014-12-30,19:20:00,26.301,26.409,26.301,26.409,1111,0
2014-12-30,20:25:00,26.271,26.271,26.271,26.271,416,0
2014-12-30,21:00:00,26.271,26.271,26.271,26.271,303,0
2014-12-30,21:15:00,26.449,26.449,26.449,26.449,505,0
2014-12-30,21:30:00,26.331,26.331,26.331,26.331,303,0
2014-12-31,15:40:00,26.241,26.241,26.093,26.093,1111,0
2014-12-31,16:00:00,26.103,26.103,26.043,26.043,303,0
2014-12-31,16:20:00,26.171,26.171,26.171,26.171,303,0
2014-12-31,16:45:00,26.211,26.211,26.211,26.211,101,0
2014-12-31,16:50:00,26.241,26.241,26.241,26.241,1889,0
2014-12-31,17:25:00,26.36,26.37,26.36,26.37,1212,0
2014-12-31,17:55:00,26.301,26.301,26.301,26.301,303,0
2014-12-31,18:10:00,26.301,26.301,26.301,26.301,101,0
2014-12-31,18:15:00,26.331,26.331,26.331,26.331,101,0
2014-12-31,18:20:00,26.331,26.331,26.331,26.331,202,0
2014-12-31,19:05:00,26.311,26.311,26.311,26.311,101,0
2014-12-31,19:30:00,26.37,26.37,26.301,26.301,5050,0
2014-12-31,21:05:00,26.261,26.311,26.261,26.311,753,0
2014-12-31,21:10:00,26.291,26.291,26.291,26.291,152,0
2014-12-31,21:30:00,26.231,26.231,26.231,26.231,170,0
2014-12-31,21:45:00,26.181,26.181,26.181,26.181,101,0
2015-01-02,16:00:00,26.152,26.152,26.152,26.152,606,0
2015-01-02,16:50:00,25.835,25.835,25.835,25.835,101,0
2015-01-02,17:00:00,25.865,25.915,25.865,25.915,393,0
2015-01-02,17:20:00,25.865,25.865,25.865,25.865,101,0
2015-01-02,17:30:00,25.935,26.013,25.935,26.013,1149,0
2015-01-02,18:05:00,25.944,25.944,25.944,25.944,101,0
2015-01-02,19:00:00,26.063,26.063,26.063,26.063,193,0
2015-01-02,20:50:00,26.033,26.033,26.033,26.033,194,0
2015-01-02,21:20:00,25.973,26.003,25.973,26.003,636,0
2015-01-02,21:45:00,26.073,26.083,26.073,26.083,404,0
2015-01-05,15:35:00,25.548,25.548,25.548,25.548,606,0
2015-01-05,15:40:00,25.578,25.578,25.578,25.578,642,0
2015-01-05,16:10:00,25.41,25.41,25.41,25.41,101,0
2015-01-05,16:15:00,25.449,25.449,25.449,25.449,606,0
2015-01-05,16:25:00,25.41,25.41,25.41,25.41,101,0
2015-01-05,17:10:00,25.38,25.38,25.38,25.38,202,0
2015-01-05,17:55:00,25.469,25.469,25.469,25.469,425,0
2015-01-05,18:00:00,25.41,25.41,25.41,25.41,141,0
2015-01-05,18:20:00,25.31,25.31,25.31,25.31,202,0
2015-01-05,19:25:00,25.202,25.202,25.202,25.202,606,0
2015-01-05,19:45:00,25.212,25.212,25.212,25.212,404,0
2015-01-05,20:40:00,25.212,25.212,25.212,25.212,232,0
2015-01-05,20:45:00,25.112,25.112,25.112,25.112,101,0
2015-01-06,15:45:00,25.202,25.202,25.202,25.202,101,0
2015-01-06,16:10:00,25.152,25.152,25.152,25.152,202,0
2015-01-06,17:55:00,24.756,24.756,24.756,24.756,101,0
2015-01-06,18:15:00,24.587,24.587,24.587,24.587,303,0
2015-01-06,18:50:00,24.597,24.597,24.597,24.597,1363,0
2015-01-06,20:05:00,24.657,24.657,24.657,24.657,772,0
2015-01-06,20:50:00,24.786,24.786,24.786,24.786,101,0
2015-01-06,20:55:00,24.726,24.726,24.726,24.726,202,0
2015-01-06,21:30:00,24.756,24.756,24.756,24.756,202,0
2015-01-07,15:45:00,24.954,24.954,24.954,24.954,177,0
2015-01-07,15:50:00,24.875,24.934,24.875,24.934,404,0
2015-01-07,15:55:00,24.904,24.904,24.904,24.904,202,0
2015-01-07,16:00:00,24.904,24.904,24.904,24.904,356,0
2015-01-07,16:10:00,24.964,24.964,24.964,24.964,101,0
2015-01-07,16:20:00,24.914,24.914,24.914,24.914,101,0
2015-01-07,16:25:00,24.914,24.914,24.914,24.914,1212,0
2015-01-07,16:35:00,24.954,24.954,24.954,24.954,807,0
2015-01-07,19:50:00,24.984,24.984,24.984,24.984,202,0
2015-01-07,20:20:00,24.964,24.964,24.865,24.865,1447,0
2015-01-07,20:55:00,24.914,24.914,24.914,24.914,202,0
2015-01-07,21:20:00,24.934,24.934,24.934,24.934,101,0
2015-01-07,22:00:00,24.974,24.984,24.974,24.974,303,0
2015-01-08,17:05:00,25.33,25.33,25.33,25.33,404,0
2015-01-08,17:10:00,25.429,25.429,25.429,25.429,303,0
2015-01-08,21:55:00,25.429,25.429,25.429,25.429,606,0
2015-01-08,22:00:00,25.34,25.34,25.34,25.34,202,0
2015-01-09,15:40:00,25.32,25.32,25.32,25.32,707,0
2015-01-09,17:05:00,25.162,25.162,25.162,25.162,303,0
2015-01-09,20:50:00,25.202,25.202,25.202,25.202,252,0
2015-01-09,21:10:00,25.182,25.182,25.182,25.182,294,0
2015-01-09,21:25:00,25.34,25.34,25.34,25.34,240,0
2015-01-12,16:00:00,24.756,24.756,24.756,24.756,505,0
2015-01-12,20:35:00,24.845,24.845,24.845,24.845,202,0
2015-01-13,15:40:00,25.014,25.162,25.014,25.162,707,0
2015-01-13,21:05:00,24.597,24.597,24.597,24.597,471,0
2015-01-13,21:35:00,24.617,24.617,24.617,24.617,505,0
2015-01-13,22:00:00,24.786,24.845,24.786,24.845,404,0
2015-01-14,15:55:00,24.449,24.449,24.449,24.449,144,0
2015-01-14,16:10:00,24.548,24.548,24.548,24.548,202,0
2015-01-14,16:35:00,24.509,24.538,24.509,24.509,9392,0
2015-01-14,18:35:00,24.321,24.321,24.321,24.321,202,0
2015-01-14,22:00:00,24.597,24.597,24.597,24.597,414,0
2015-01-15,19:25:00,24.291,24.291,24.291,24.291,152,0
2015-01-15,19:30:00,24.271,24.271,24.271,24.271,202,0
2015-01-15,19:35:00,24.311,24.311,24.311,24.311,167,0
2015-01-15,20:00:00,24.201,24.201,24.191,24.191,707,0
2015-01-15,21:10:00,24.349,24.349,24.349,24.349,412,0
2015-01-15,21:15:00,24.33,24.33,24.33,24.33,616,0
2015-01-15,21:20:00,24.241,24.311,24.241,24.311,1323,0
2015-01-16,18:50:00,24.607,24.617,24.607,24.617,431,0
2015-01-16,18:55:00,24.597,24.597,24.597,24.597,303,0
2015-01-20,15:35:00,24.567,24.567,24.567,24.567,136,0
2015-01-20,17:15:00,24.211,24.211,24.211,24.211,202,0
2015-01-20,17:20:00,24.221,24.221,24.221,24.221,133,0
2015-01-20,17:25:00,24.359,24.359,24.359,24.359,303,0
2015-01-20,18:15:00,24.271,24.271,24.271,24.271,718,0
2015-01-21,17:25:00,24.677,24.677,24.677,24.677,202,0
2015-01-21,17:40:00,24.657,24.657,24.657,24.657,101,0
2015-01-21,17:50:00,24.716,24.716,24.716,24.716,303,0
2015-01-22,16:10:00,24.687,24.687,24.687,24.687,101,0
2015-01-22,16:15:00,24.776,24.776,24.776,24.776,303,0
2015-01-22,16:45:00,24.815,24.815,24.815,24.815,101,0
2015-01-22,17:25:00,24.786,24.786,24.786,24.786,1341,0
2015-01-22,18:50:00,24.884,24.884,24.884,24.884,509,0
2015-01-22,21:25:00,25.014,25.014,25.014,25.014,1056,0
2015-01-22,21:30:00,24.984,24.984,24.984,24.984,303,0
2015-01-22,21:45:00,25.014,25.014,25.014,25.014,283,0
2015-01-22,21:55:00,25.033,25.033,25.033,25.033,202,0
2015-01-23,17:30:00,24.974,24.974,24.974,24.974,364,0
2015-01-23,18:40:00,25.112,25.112,25.112,25.112,303,0
2015-01-23,19:40:00,25.092,25.092,25.092,25.092,237,0
2015-01-23,20:20:00,25.004,25.004,25.004,25.004,202,0
2015-01-23,21:00:00,24.954,24.954,24.954,24.954,1994,0
2015-01-23,21:10:00,24.964,24.964,24.964,24.964,101,0
2015-01-23,22:00:00,24.974,24.974,24.974,24.974,607,0
2015-01-26,16:10:00,25.152,25.152,25.152,25.152,101,0
2015-01-26,16:15:00,25.162,25.162,25.162,25.162,202,0
2015-01-26,16:50:00,25.26,25.26,25.26,25.26,101,0
2015-01-26,17:15:00,25.232,25.232,25.232,25.232,202,0
2015-01-26,17:25:00,25.29,25.29,25.29,25.29,959,0
2015-01-26,17:55:00,25.28,25.28,25.28,25.28,101,0
2015-01-26,18:55:00,25.38,25.38,25.38,25.38,404,0
2015-01-26,22:00:00,25.33,25.33,25.33,25.33,328,0
2015-01-27,16:30:00,24.994,25.053,24.994,25.053,606,0
2015-01-27,16:40:00,24.964,24.964,24.954,24.954,1716,0
2015-01-27,21:55:00,25.222,25.3,25.222,25.3,575,0
2015-01-28,16:35:00,25.043,25.043,25.043,25.043,303,0
2015-01-28,18:50:00,24.954,24.954,24.954,24.954,1218,0
2015-01-29,17:10:00,24.449,24.449,24.449,24.449,404,0
2015-01-29,21:55:00,24.706,24.706,24.706,24.706,306,0
2015-01-29,22:00:00,24.805,24.805,24.805,24.805,309,0
2015-01-30,15:40:00,24.221,24.221,24.221,24.221,303,0
2015-01-30,16:10:00,24.349,24.349,24.349,24.349,303,0
2015-01-30,16:45:00,24.221,24.221,24.221,24.221,358,0
2015-01-30,17:15:00,24.211,24.211,24.211,24.211,1111,0
2015-01-30,21:55:00,24.221,24.221,24.221,24.221,413,0
2015-01-30,22:00:00,24.161,24.161,24.161,24.161,207,0
2015-02-02,16:25:00,24.34,24.34,24.34,24.34,419,0
2015-02-02,16:30:00,24.399,24.399,24.399,24.399,505,0
2015-02-02,20:15:00,24.519,24.519,24.519,24.519,379,0
2015-02-03,15:45:00,25.498,25.518,25.498,25.518,404,0
2015-02-03,16:40:00,25.588,25.588,25.508,25.588,1716,0
2015-02-03,17:40:00,25.498,25.498,25.498,25.498,101,0
2015-02-03,18:20:00,25.538,25.538,25.538,25.538,232,0
2015-02-04,15:35:00,25.479,25.479,25.479,25.479,364,0
2015-02-04,20:05:00,25.092,25.092,25.092,25.092,368,0
2015-02-05,20:05:00,25.578,25.578,25.578,25.578,202,0
2015-02-05,20:15:00,25.538,25.538,25.538,25.538,303,0
2015-02-05,21:30:00,25.548,25.548,25.548,25.548,1515,0
2015-02-06,16:45:00,25.598,25.598,25.598,25.598,11613,0
2015-02-06,19:05:00,25.637,25.637,25.637,25.637,404,0
2015-02-06,19:55:00,25.439,25.449,25.439,25.449,404,0
2015-02-06,21:20:00,25.488,25.488,25.488,25.488,208,0
2015-02-09,16:50:00,25.756,25.756,25.756,25.756,192,0
2015-02-09,19:25:00,25.726,25.726,25.726,25.726,1576,0
2015-02-09,19:55:00,25.805,25.805,25.805,25.805,202,0
2015-02-09,22:00:00,25.726,25.726,25.726,25.726,101,0
2015-02-10,18:10:00,25.617,25.617,25.608,25.608,4039,0
2015-02-10,18:20:00,25.578,25.578,25.578,25.578,167,0
2015-02-10,18:50:00,25.647,25.647,25.647,25.647,202,0
2015-02-10,19:25:00,25.608,25.608,25.608,25.608,404,0
2015-02-10,21:15:00,25.608,25.608,25.608,25.608,112,0
2015-02-10,21:30:00,25.637,25.637,25.637,25.637,307,0
2015-02-11,20:00:00,25.449,25.449,25.449,25.449,303,0
2015-02-11,20:35:00,25.518,25.518,25.518,25.518,303,0
2015-02-11,20:50:00,25.578,25.578,25.578,25.578,152,0
2015-02-12,16:05:00,25.795,25.795,25.795,25.795,202,0
2015-02-12,17:25:00,25.845,25.845,25.845,25.845,404,0
2015-02-12,20:00:00,25.885,25.885,25.885,25.885,707,0
2015-02-12,21:50:00,25.805,25.805,25.805,25.805,835,0
2015-02-12,22:00:00,25.875,25.875,25.875,25.875,202,0
2015-02-13,19:10:00,26.143,26.143,26.143,26.143,183,0
2015-02-13,19:35:00,26.093,26.093,26.093,26.093,303,0
2015-02-17,16:25:00,26.201,26.201,26.201,26.201,247,0
2015-02-17,16:40:00,26.281,26.281,26.281,26.281,606,0
2015-02-17,18:45:00,26.291,26.291,26.291,26.291,140,0
2015-02-17,22:00:00,26.331,26.331,26.331,26.331,186,0
2015-02-18,16:45:00,26.4,26.4,26.4,26.4,1010,0
2015-02-18,17:05:00,26.479,26.479,26.479,26.479,505,0
2015-02-18,19:20:00,26.331,26.331,26.331,26.331,101,0
2015-02-18,19:55:00,26.35,26.35,26.35,26.35,101,0
2015-02-18,20:00:00,26.331,26.331,26.331,26.331,1113,0
2015-02-18,20:35:00,26.39,26.39,26.39,26.39,384,0
2015-02-19,16:10:00,26.093,26.093,26.093,26.093,303,0
2015-02-19,18:35:00,26.35,26.35,26.35,26.35,202,0
2015-02-19,19:20:00,26.37,26.37,26.37,26.37,101,0
2015-02-19,20:00:00,26.35,26.35,26.34,26.34,454,0
2015-02-19,20:40:00,26.34,26.34,26.34,26.34,404,0
2015-02-20,15:35:00,26.043,26.271,26.043,26.271,804,0
2015-02-20,19:20:00,26.231,26.231,26.231,26.231,354,0
2015-02-20,20:15:00,26.281,26.281,26.281,26.281,606,0
2015-02-20,20:20:00,26.311,26.311,26.311,26.311,101,0
2015-02-20,21:50:00,26.331,26.331,26.331,26.331,352,0
2015-02-20,21:55:00,26.4,26.4,26.4,26.4,101,0
2015-02-20,22:00:00,26.36,26.36,26.36,26.36,132,0
2015-02-23,18:15:00,26.123,26.123,26.123,26.123,374,0
2015-02-23,18:55:00,26.171,26.171,26.171,26.171,101,0
2015-02-23,19:35:00,26.241,26.241,26.241,26.241,101,0
2015-02-23,19:45:00,26.301,26.301,26.301,26.301,101,0
2015-02-23,21:15:00,26.113,26.113,26.113,26.113,636,0
2015-02-23,21:50:00,26.191,26.191,26.191,26.191,101,0
2015-02-24,16:50:00,26.499,26.499,26.499,26.499,1109,0
2015-02-24,21:30:00,26.518,26.518,26.518,26.518,384,0
2015-02-25,15:35:00,26.509,26.509,26.509,26.509,540,0
2015-02-25,15:40:00,26.4,26.4,26.4,26.4,101,0
2015-02-25,15:50:00,26.39,26.39,26.39,26.39,101,0
2015-02-25,16:10:00,26.37,26.37,26.37,26.37,303,0
2015-02-25,21:50:00,26.409,26.409,26.409,26.409,159,0
2015-02-25,21:55:00,26.489,26.489,26.489,26.489,272,0
2015-02-26,18:50:00,26.439,26.439,26.439,26.439,101,0
2015-02-26,19:40:00,26.419,26.469,26.38,26.469,783,0
2015-02-26,21:05:00,26.331,26.331,26.331,26.331,303,0
2015-02-27,15:35:00,26.598,26.598,26.598,26.598,165,0
2015-02-27,15:40:00,26.568,26.568,26.568,26.568,202,0
2015-02-27,16:00:00,26.588,26.588,26.588,26.588,303,0
2015-02-27,16:25:00,26.479,26.479,26.479,26.479,202,0
2015-02-27,16:35:00,26.568,26.568,26.568,26.568,202,0
2015-02-27,17:35:00,26.548,26.548,26.509,26.509,606,0
2015-02-27,17:45:00,26.618,26.618,26.618,26.618,101,0
2015-02-27,18:10:00,26.538,26.538,26.538,26.538,202,0
2015-02-27,18:40:00,26.528,26.528,26.528,26.528,196,0
2015-02-27,19:15:00,26.618,26.618,26.548,26.548,2293,0
2015-02-27,19:35:00,26.588,26.598,26.588,26.598,606,0
2015-02-27,19:50:00,26.588,26.588,26.588,26.588,202,0
2015-02-27,21:10:00,26.528,26.528,26.528,26.528,202,0
2015-02-27,21:35:00,26.558,26.558,26.558,26.558,101,0
2015-02-27,22:00:00,26.528,26.528,26.528,26.528,303,0
2015-03-02,15:35:00,26.608,26.608,26.608,26.608,101,0
2015-03-02,16:20:00,26.558,26.558,26.558,26.558,101,0
2015-03-02,17:35:00,26.409,26.409,26.409,26.409,101,0
2015-03-02,18:35:00,26.429,26.469,26.429,26.469,3020,0
2015-03-02,18:45:00,26.419,26.419,26.419,26.419,101,0
2015-03-02,20:10:00,26.588,26.598,26.588,26.588,1025,0
2015-03-02,20:30:00,26.509,26.509,26.509,26.509,101,0
2015-03-02,20:55:00,26.439,26.439,26.439,26.439,219,0
2015-03-02,21:05:00,26.509,26.509,26.509,26.509,192,0
2015-03-02,21:10:00,26.439,26.439,26.439,26.439,101,0
2015-03-02,21:20:00,26.568,26.568,26.568,26.568,101,0
2015-03-02,21:55:00,26.588,26.588,26.588,26.588,122,0
2015-03-03,17:40:00,26.687,26.687,26.687,26.687,1414,0
2015-03-03,18:30:00,26.677,26.677,26.677,26.677,101,0
2015-03-03,19:45:00,26.637,26.637,26.637,26.637,101,0
2015-03-03,20:10:00,26.588,26.588,26.588,26.588,266,0
2015-03-03,20:15:00,26.551,26.551,26.551,26.551,166,0
2015-03-03,20:25:00,26.558,26.576,26.558,26.576,1025,0
2015-03-03,20:50:00,26.568,26.568,26.568,26.568,101,0
2015-03-03,21:35:00,26.528,26.528,26.528,26.528,821,0
2015-03-04,15:35:00,26.509,26.509,26.509,26.509,188,0
2015-03-04,16:00:00,26.251,26.251,26.251,26.251,101,0
2015-03-05,17:45:00,26.588,26.588,26.588,26.588,1010,0
2015-03-05,18:00:00,26.657,26.657,26.657,26.657,101,0
2015-03-06,16:40:00,26.527,26.527,26.527,26.527,237,0
2015-03-06,16:55:00,26.439,26.439,26.439,26.439,101,0
2015-03-06,17:35:00,26.39,26.39,26.39,26.39,202,0
2015-03-06,20:40:00,26.251,26.251,26.251,26.251,152,0
2015-03-06,21:40:00,26.251,26.251,26.251,26.251,101,0
2015-03-06,21:45:00,26.241,26.241,26.241,26.241,101,0
2015-03-09,14:35:00,26.291,26.439,26.291,26.439,615,0
2015-03-09,17:10:00,26.153,26.153,26.153,26.153,320,0
2015-03-09,20:25:00,26.171,26.171,26.171,26.171,505,0
2015-03-09,20:40:00,26.152,26.152,26.152,26.152,202,0
2015-03-10,14:35:00,25.845,25.845,25.845,25.845,163,0
2015-03-10,14:45:00,25.746,25.746,25.746,25.746,101,0
2015-03-10,14:50:00,25.746,25.746,25.746,25.746,101,0
2015-03-10,15:05:00,25.746,25.746,25.746,25.746,103,0
2015-03-10,15:10:00,25.756,25.756,25.756,25.756,101,0
2015-03-10,17:00:00,25.697,25.697,25.697,25.697,202,0
2015-03-10,18:45:00,25.726,25.726,25.726,25.726,153,0
2015-03-10,19:25:00,25.617,25.639,25.558,25.558,1818,0
2015-03-10,19:45:00,25.627,25.627,25.627,25.627,252,0
2015-03-10,19:50:00,25.667,25.667,25.667,25.667,101,0
2015-03-10,19:55:00,25.667,25.667,25.667,25.667,268,0
2015-03-11,20:00:00,25.647,25.647,25.647,25.647,101,0
2015-03-11,20:20:00,25.627,25.627,25.627,25.627,422,0
2015-03-11,20:45:00,25.627,25.627,25.627,25.627,101,0
2015-03-11,21:00:00,25.647,25.647,25.647,25.647,101,0
2015-03-13,15:05:00,25.558,25.558,25.558,25.558,101,0
2015-03-13,16:05:00,25.499,25.499,25.499,25.499,1161,0
2015-03-13,16:10:00,25.508,25.508,25.508,25.508,101,0
2015-03-13,16:20:00,25.449,25.449,25.449,25.449,192,0
2015-03-13,18:10:00,25.425,25.488,25.425,25.488,455,0
2015-03-16,14:35:00,25.617,25.617,25.617,25.617,289,0
2015-03-16,14:40:00,25.667,25.667,25.667,25.667,101,0
2015-03-16,16:00:00,25.594,25.594,25.594,25.594,202,0
2015-03-16,16:25:00,25.578,25.608,25.578,25.608,630,0
2015-03-16,17:40:00,25.697,25.697,25.697,25.697,101,0
2015-03-16,20:05:00,25.736,25.736,25.736,25.736,101,0
2015-03-16,20:35:00,25.697,25.697,25.697,25.697,129,0
2015-03-17,15:10:00,25.627,25.627,25.627,25.627,101,0
2015-03-17,16:45:00,25.617,25.666,25.617,25.666,962,0
2015-03-17,16:50:00,25.726,25.726,25.726,25.726,101,0
2015-03-17,17:30:00,25.677,25.677,25.677,25.677,167,0
2015-03-17,18:20:00,25.795,25.795,25.795,25.795,202,0
2015-03-17,21:00:00,25.954,25.954,25.954,25.954,101,0
2015-03-18,16:30:00,25.935,25.944,25.935,25.944,607,0
2015-03-18,16:40:00,25.828,25.828,25.828,25.828,742,0
2015-03-18,16:50:00,25.865,25.867,25.865,25.867,945,0
2015-03-18,17:00:00,26.003,26.003,26.003,26.003,101,0
2015-03-18,18:55:00,25.852,25.852,25.852,25.852,101,0
2015-03-18,19:05:00,25.964,25.964,25.964,25.964,101,0
2015-03-18,20:15:00,26.499,26.499,26.499,26.499,351,0
2015-03-18,20:35:00,26.419,26.419,26.419,26.419,101,0
2015-03-19,14:35:00,26.152,26.152,26.152,26.152,232,0
2015-03-19,14:40:00,26.113,26.113,26.113,26.113,101,0
2015-03-19,16:30:00,26.123,26.123,26.123,26.123,112,0
2015-03-19,17:20:00,25.927,25.94,25.927,25.94,909,0
2015-03-19,18:15:00,25.983,25.983,25.983,25.983,101,0
2015-03-19,18:20:00,25.983,25.983,25.983,25.983,101,0
2015-03-19,19:20:00,26.027,26.027,26.027,26.027,510,0
2015-03-19,20:40:00,26.063,26.063,26.063,26.063,113,0
2015-03-19,20:50:00,26.053,26.053,26.053,26.053,317,0
2015-03-20,18:30:00,26.475,26.475,26.475,26.475,738,0
2015-03-20,19:35:00,26.414,26.414,26.414,26.414,254,0
2015-03-23,14:35:00,26.485,26.485,26.485,26.485,706,0
2015-03-23,15:35:00,26.615,26.615,26.615,26.615,100,0
2015-03-23,15:50:00,26.675,26.675,26.675,26.675,301,0
2015-03-23,17:00:00,26.634,26.634,26.634,26.634,100,0
2015-03-23,17:40:00,26.642,26.642,26.642,26.642,301,0
2015-03-23,18:50:00,26.638,26.638,26.638,26.638,352,0
2015-03-23,20:30:00,26.644,26.644,26.644,26.644,146,0
2015-03-25,19:15:00,26.535,26.535,26.535,26.535,360,0
2015-03-26,18:20:00,26.157,26.157,26.157,26.157,983,0
2015-03-26,18:50:00,26.316,26.316,26.316,26.316,100,0
2015-03-26,19:15:00,26.351,26.351,26.351,26.351,1099,0
2015-03-26,19:40:00,26.326,26.386,26.326,26.386,243,0
2015-03-27,19:40:00,26.189,26.189,26.189,26.189,272,0
2015-03-27,20:05:00,26.24,26.24,26.24,26.24,141,0
2015-03-27,21:00:00,26.186,26.186,26.176,26.176,298,0
2015-03-30,15:35:00,26.286,26.286,26.286,26.286,1004,0
2015-03-30,16:15:00,26.434,26.434,26.434,26.434,100,0
2015-03-30,16:35:00,26.434,26.434,26.434,26.434,20,0
2015-03-30,17:50:00,26.434,26.434,26.434,26.434,11,0
2015-03-30,19:55:00,26.481,26.481,26.481,26.481,100,0
2015-03-30,20:55:00,26.625,26.625,26.565,26.565,319,0
2015-03-31,15:35:00,26.525,26.525,26.525,26.525,126,0
2015-03-31,15:55:00,26.525,26.525,26.525,26.525,40,0
2015-03-31,16:10:00,26.525,26.525,26.525,26.525,5,0
2015-03-31,16:25:00,26.525,26.525,26.525,26.525,41,0
2015-03-31,17:30:00,26.525,26.525,26.525,26.525,1,0
2015-03-31,21:45:00,26.615,26.615,26.615,26.615,207,0
2015-03-31,22:00:00,26.686,26.686,26.686,26.686,854,0
2015-04-01,16:05:00,26.617,26.617,26.617,26.617,166,0
2015-04-01,18:40:00,26.617,26.617,26.617,26.617,1,0
2015-04-01,20:10:00,26.617,26.617,26.617,26.617,8,0
2015-04-01,21:45:00,26.617,26.617,26.617,26.617,1,0
2015-04-02,19:25:00,27.086,27.086,27.086,27.086,105,0
2015-04-06,15:35:00,26.834,26.834,26.834,26.834,556,0
2015-04-06,15:40:00,26.834,27.093,26.834,27.093,142,0
2015-04-06,15:55:00,27.292,27.292,27.292,27.292,251,0
2015-04-06,16:40:00,27.33,27.33,27.33,27.33,577,0
2015-04-06,18:45:00,27.33,27.33,27.33,27.33,60,0
2015-04-06,19:35:00,27.33,27.33,27.33,27.33,44,0
2015-04-06,22:00:00,27.33,27.33,27.33,27.33,11,0
2015-04-07,15:35:00,27.331,27.331,27.331,27.331,201,0
2015-04-07,16:10:00,27.361,27.361,27.361,27.361,502,0
2015-04-07,16:45:00,27.361,27.361,27.361,27.361,26,0
2015-04-07,17:05:00,27.521,27.521,27.521,27.521,246,0
2015-04-07,17:20:00,27.521,27.521,27.521,27.521,8,0
2015-04-07,18:55:00,27.67,27.67,27.67,27.67,119,0
2015-04-07,19:20:00,27.59,27.59,27.59,27.59,201,0
2015-04-07,19:40:00,27.59,27.59,27.59,27.59,51,0
2015-04-07,20:40:00,27.59,27.59,27.59,27.59,1,0
2015-04-08,16:50:00,27.262,27.262,27.262,27.262,301,0
2015-04-08,17:05:00,27.262,27.262,27.262,27.262,73,0
2015-04-08,17:10:00,27.371,27.371,27.371,27.371,100,0
2015-04-08,17:15:00,27.371,27.371,27.351,27.351,170,0
2015-04-08,18:35:00,27.302,27.302,27.302,27.302,301,0
2015-04-08,19:10:00,27.293,27.294,27.293,27.294,1406,0
2015-04-08,19:35:00,27.294,27.294,27.294,27.294,3,0
2015-04-08,20:35:00,27.399,27.399,27.361,27.361,374,0
2015-04-09,15:35:00,27.381,27.381,27.381,27.381,1205,0
2015-04-09,15:50:00,27.381,27.381,27.381,27.381,154,0
2015-04-09,16:50:00,27.381,27.381,27.371,27.371,201,0
2015-04-09,16:55:00,27.371,27.371,27.282,27.282,382,0
2015-04-09,17:15:00,27.302,27.302,27.302,27.302,201,0
2015-04-09,17:20:00,27.302,27.302,27.262,27.262,502,0
2015-04-09,17:25:00,27.252,27.252,27.252,27.252,201,0
2015-04-09,18:50:00,27.252,27.252,27.252,27.252,126,0
2015-04-09,21:00:00,27.252,27.252,27.252,27.252,1,0
2015-04-10,15:35:00,27.481,27.481,27.481,27.481,703,0
2015-04-10,17:10:00,27.481,27.481,27.481,27.481,100,0
2015-04-10,17:40:00,27.481,27.481,27.481,27.481,95,0
2015-04-10,20:15:00,27.481,27.481,27.481,27.481,16,0
2015-04-10,22:00:00,27.58,27.63,27.58,27.63,3917,0
2015-04-13,15:35:00,27.501,27.501,27.501,27.501,341,0
2015-04-13,15:40:00,27.501,27.501,27.501,27.501,17,0
2015-04-13,15:50:00,27.66,27.66,27.66,27.66,100,0
2015-04-13,18:30:00,27.66,27.66,27.66,27.66,40,0
2015-04-13,20:00:00,27.66,27.66,27.66,27.66,95,0
2015-04-13,20:05:00,27.59,27.59,27.59,27.59,367,0
2015-04-13,21:05:00,27.557,27.557,27.557,27.557,460,0
2015-04-13,21:10:00,27.62,27.62,27.62,27.62,402,0
2015-04-14,15:35:00,27.61,27.61,27.61,27.61,183,0
2015-04-14,15:40:00,27.6,27.6,27.6,27.6,402,0
2015-04-14,16:15:00,27.67,27.67,27.67,27.67,100,0
2015-04-14,16:45:00,27.67,27.67,27.67,27.67,92,0
2015-04-14,16:55:00,27.67,27.67,27.67,27.67,18,0
2015-04-14,17:10:00,27.67,27.67,27.67,27.67,16,0
2015-04-14,17:15:00,27.67,27.67,27.67,27.67,18,0
2015-04-14,21:05:00,27.849,27.849,27.849,27.849,135,0
2015-04-15,17:20:00,28.248,28.248,28.248,28.248,271,0
2015-04-15,17:35:00,28.248,28.248,28.248,28.248,3,0
2015-04-15,19:40:00,28.566,28.566,28.566,28.566,263,0
2015-04-15,20:00:00,28.496,28.496,28.496,28.496,100,0
2015-04-15,21:10:00,28.496,28.496,28.496,28.496,1,0
2015-04-16,16:05:00,28.347,28.357,28.347,28.347,3554,0
2015-04-16,16:20:00,28.347,28.347,28.347,28.347,31,0
2015-04-16,16:40:00,28.307,28.307,28.307,28.307,402,0
2015-04-16,16:45:00,28.327,28.327,28.327,28.327,487,0
2015-04-16,17:35:00,28.388,28.388,28.388,28.388,234,0
2015-04-16,20:20:00,28.388,28.388,28.388,28.388,20,0
2015-04-16,21:00:00,28.388,28.388,28.388,28.388,50,0
2015-04-16,21:30:00,28.388,28.388,28.388,28.388,48,0
2015-04-16,21:35:00,28.388,28.388,28.388,28.388,4,0
2015-04-17,16:20:00,27.909,27.909,27.909,27.909,216,0
2015-04-17,16:35:00,27.979,28.041,27.979,28.041,960,0
2015-04-17,17:05:00,27.959,27.959,27.959,27.959,34,0
2015-04-17,18:00:00,27.999,27.999,27.999,27.999,5,0
2015-04-17,18:40:00,27.979,27.979,27.979,27.979,105,0
2015-04-17,19:15:00,28.028,28.028,28.028,28.028,22,0
2015-04-17,20:00:00,27.989,27.989,27.989,27.989,5,0
2015-04-17,20:15:00,27.969,27.969,27.969,27.969,15,0
2015-04-20,15:35:00,28.228,28.228,28.228,28.228,758,0
2015-04-20,15:40:00,28.118,28.118,28.118,28.118,52,0
2015-04-20,17:10:00,28.317,28.317,28.317,28.317,139,0
2015-04-20,18:00:00,28.287,28.287,28.287,28.287,201,0
2015-04-20,18:25:00,28.228,28.228,28.228,28.228,37,0
2015-04-20,19:05:00,28.317,28.317,28.317,28.317,87,0
2015-04-20,19:30:00,28.246,28.246,28.229,28.229,100,0
2015-04-20,20:05:00,28.188,28.188,28.188,28.188,264,0
2015-04-20,20:25:00,28.198,28.198,28.198,28.198,256,0
2015-04-20,21:55:00,28.228,28.228,28.228,28.228,1,0
2015-04-21,17:10:00,28.107,28.107,28.107,28.107,301,0
2015-04-21,17:20:00,28.058,28.058,28.058,28.058,1,0
2015-04-21,17:35:00,27.999,27.999,27.999,27.999,1,0
2015-04-21,17:45:00,28.064,28.068,28.064,28.064,2310,0
2015-04-21,18:05:00,27.999,27.999,27.999,27.999,1,0
2015-04-21,18:20:00,27.919,27.919,27.919,27.919,1,0
2015-04-21,18:25:00,27.929,27.929,27.929,27.929,92,0
2015-04-21,20:20:00,27.875,27.875,27.875,27.875,62,0
2015-04-22,15:35:00,27.929,28.138,27.929,28.138,236,0
2015-04-22,17:50:00,28.001,28.001,28.001,28.001,201,0
2015-04-22,19:30:00,28.038,28.038,28.038,28.038,224,0
2015-04-22,19:35:00,27.989,27.989,27.989,27.989,121,0
2015-04-22,20:05:00,28.058,28.058,28.058,28.058,100,0
2015-04-22,21:35:00,28.088,28.088,28.088,28.088,100,0
2015-04-22,21:40:00,28.006,28.006,28.006,28.006,110,0
2015-04-23,19:35:00,28.198,28.198,28.198,28.198,101,0
2015-04-23,19:50:00,28.228,28.228,28.228,28.228,201,0
2015-04-23,20:05:00,28.277,28.277,28.277,28.277,176,0
2015-04-23,20:10:00,28.277,28.277,28.277,28.277,126,0
2015-04-23,20:25:00,28.316,28.317,28.316,28.317,3717,0
2015-04-23,21:05:00,28.257,28.257,28.257,28.257,100,0
2015-04-23,21:30:00,28.267,28.267,28.267,28.267,301,0
2015-04-23,21:45:00,28.29,28.29,28.29,28.29,129,0
2015-04-23,22:00:00,28.218,28.226,28.218,28.226,1771,0
2015-04-24,18:10:00,28.24,28.24,28.24,28.24,310,0
2015-04-24,20:40:00,28.266,28.267,28.257,28.267,5103,0
2015-04-24,20:55:00,28.198,28.198,28.198,28.198,201,0
2015-04-24,22:00:00,28.267,28.267,28.267,28.267,100,0
2015-04-27,15:35:00,28.407,28.407,28.407,28.407,103,0
2015-04-27,16:10:00,28.477,28.477,28.477,28.477,100,0
2015-04-27,17:30:00,28.467,28.467,28.467,28.467,502,0
2015-04-27,19:45:00,28.317,28.318,28.317,28.318,810,0
2015-04-27,21:05:00,28.416,28.416,28.41,28.41,1205,0
2015-04-27,21:40:00,28.317,28.317,28.317,28.317,100,0
2015-04-29,17:10:00,28.765,28.765,28.726,28.726,819,0
2015-04-29,18:35:00,28.557,28.564,28.557,28.564,767,0
2015-04-29,19:30:00,28.637,28.644,28.637,28.644,301,0
2015-04-29,20:15:00,28.586,28.586,28.586,28.586,100,0
2015-04-29,20:45:00,28.656,28.656,28.656,28.656,107,0
2015-04-29,21:40:00,28.646,28.646,28.646,28.646,301,0
2015-04-30,15:35:00,28.457,28.586,28.457,28.586,286,0
2015-04-30,16:40:00,28.337,28.337,28.337,28.337,100,0
2015-04-30,17:15:00,28.277,28.277,28.277,28.277,176,0
2015-04-30,17:50:00,28.338,28.345,28.338,28.345,1858,0
2015-04-30,20:10:00,28.397,28.397,28.397,28.397,121,0
2015-04-30,21:10:00,28.215,28.215,28.215,28.215,407,0
2015-04-30,21:50:00,28.317,28.317,28.317,28.317,848,0
2015-04-30,21:55:00,28.317,28.337,28.317,28.337,502,0
2015-05-04,15:35:00,28.496,28.496,28.496,28.496,102,0
2015-05-04,15:40:00,28.676,28.676,28.676,28.676,301,0
2015-05-04,18:00:00,28.689,28.689,28.689,28.689,151,0
2015-05-04,19:05:00,28.536,28.536,28.536,28.536,908,0
2015-05-04,20:00:00,28.596,28.596,28.596,28.596,100,0
2015-05-04,20:30:00,28.577,28.618,28.577,28.618,325,0
2015-05-04,21:10:00,28.569,28.569,28.569,28.569,392,0
2015-05-05,15:35:00,28.765,28.875,28.765,28.875,201,0
2015-05-05,15:40:00,28.875,28.875,28.875,28.875,212,0
2015-05-05,16:50:00,28.889,28.889,28.889,28.889,100,0
2015-05-05,18:30:00,28.835,28.88,28.835,28.88,451,0
2015-05-05,18:45:00,28.8,28.8,28.8,28.8,100,0
2015-05-05,19:10:00,28.78,28.78,28.78,28.78,201,0
2015-05-05,19:15:00,28.765,28.775,28.696,28.696,1306,0
2015-05-05,19:25:00,28.686,28.686,28.686,28.686,114,0
2015-05-05,19:30:00,28.656,28.656,28.656,28.656,201,0
2015-05-05,20:30:00,28.546,28.546,28.546,28.546,313,0
2015-05-05,20:50:00,28.606,28.606,28.606,28.606,100,0
2015-05-05,21:05:00,28.504,28.504,28.504,28.504,2009,0
2015-05-06,16:10:00,28.427,28.427,28.427,28.427,100,0
2015-05-06,16:45:00,28.606,28.606,28.606,28.606,100,0
2015-05-06,16:50:00,28.616,28.616,28.616,28.616,452,0
2015-05-07,15:35:00,28.238,28.238,28.238,28.238,100,0
2015-05-07,17:45:00,28.208,28.244,28.208,28.208,603,0
2015-05-07,18:05:00,28.178,28.178,28.178,28.178,603,0
2015-05-07,18:20:00,28.247,28.247,28.247,28.247,100,0
2015-05-07,18:25:00,28.257,28.257,28.257,28.257,100,0
2015-05-07,18:35:00,28.273,28.273,28.273,28.273,100,0
2015-05-07,21:15:00,28.325,28.325,28.325,28.325,122,0
2015-05-07,21:45:00,28.258,28.258,28.258,28.258,502,0
2015-05-08,21:40:00,28.697,28.697,28.697,28.697,100,0
2015-05-11,15:35:00,28.526,28.526,28.526,28.526,201,0
2015-05-11,16:00:00,28.745,28.745,28.745,28.745,603,0
2015-05-11,17:00:00,28.686,28.686,28.686,28.686,119,0
2015-05-11,20:50:00,28.626,28.626,28.626,28.626,301,0
2015-05-12,21:35:00,28.504,28.504,28.504,28.504,100,0
2015-05-13,15:35:00,28.556,28.556,28.307,28.307,1507,0
2015-05-13,15:45:00,28.646,28.646,28.646,28.646,100,0
2015-05-13,19:00:00,28.496,28.496,28.496,28.496,100,0
2015-05-13,20:30:00,28.486,28.486,28.486,28.486,100,0
2015-05-13,20:40:00,28.486,28.486,28.486,28.486,100,0
2015-05-13,21:25:00,28.496,28.496,28.486,28.486,958,0
2015-05-14,17:05:00,28.566,28.566,28.566,28.566,266,0
2015-05-14,20:30:00,28.586,28.586,28.586,28.586,100,0
2015-05-15,20:45:00,28.723,28.723,28.723,28.723,141,0
2015-05-18,15:35:00,28.636,28.636,28.636,28.636,100,0
2015-05-18,20:30:00,28.618,28.618,28.618,28.618,296,0
2015-05-18,20:50:00,28.636,28.636,28.636,28.636,100,0
2015-05-18,21:20:00,28.636,28.636,28.636,28.636,171,0
2015-05-18,21:40:00,28.636,28.636,28.636,28.636,156,0
2015-05-18,21:50:00,28.668,28.668,28.668,28.668,121,0
2015-05-19,15:35:00,28.367,28.516,28.367,28.516,301,0
2015-05-20,18:55:00,28.198,28.198,28.198,28.198,1055,0
2015-05-20,19:40:00,28.208,28.208,28.208,28.208,201,0
2015-05-20,20:50:00,28.317,28.369,28.317,28.317,15142,0
2015-05-20,20:55:00,28.327,28.327,28.297,28.297,14823,0
2015-05-20,21:00:00,28.387,28.387,28.387,28.387,100,0
2015-05-20,21:20:00,28.318,28.318,28.318,28.318,2109,0
2015-05-22,21:25:00,28.367,28.367,28.367,28.367,753,0
2015-05-26,19:30:00,27.989,27.989,27.989,27.989,502,0
2015-05-26,19:40:00,27.879,27.879,27.879,27.879,100,0
2015-05-26,20:30:00,27.96,27.96,27.96,27.96,201,0
2015-05-27,19:50:00,28.175,28.175,28.175,28.175,151,0
2015-05-27,21:15:00,28.208,28.208,28.208,28.208,201,0
2015-05-27,21:20:00,28.238,28.238,28.238,28.238,402,0
2015-05-28,20:40:00,28.097,28.097,28.097,28.097,201,0
2015-05-28,20:45:00,28.068,28.068,28.068,28.068,387,0
2015-05-28,20:50:00,28.079,28.079,28.079,28.079,197,0
2015-05-29,17:00:00,27.899,27.899,27.879,27.879,557,0
2015-05-29,17:40:00,27.859,27.859,27.859,27.859,100,0
2015-05-29,18:50:00,28.034,28.034,28.034,28.034,251,0
2015-05-29,19:35:00,27.999,27.999,27.999,27.999,179,0
2015-05-29,21:25:00,27.919,27.919,27.919,27.919,100,0
2015-05-29,21:45:00,27.969,27.969,27.969,27.969,100,0
2015-05-29,22:00:00,27.899,27.899,27.899,27.899,100,0
2015-06-01,15:40:00,27.899,27.899,27.899,27.899,502,0
2015-06-01,16:15:00,27.75,27.75,27.75,27.75,100,0
2015-06-01,17:25:00,27.77,27.77,27.77,27.77,201,0
2015-06-02,15:35:00,27.949,27.949,27.949,27.949,502,0
2015-06-02,16:10:00,28.038,28.038,28.038,28.038,100,0
2015-06-02,16:35:00,28.038,28.038,28.038,28.038,100,0
2015-06-02,16:40:00,28.088,28.088,28.088,28.088,100,0
2015-06-02,18:10:00,28.168,28.168,28.168,28.168,100,0
2015-06-02,18:50:00,28.267,28.267,28.267,28.267,237,0
2015-06-02,19:20:00,28.239,28.239,28.239,28.239,100,0
2015-06-02,20:10:00,28.163,28.185,28.163,28.168,1647,0
2015-06-02,20:30:00,28.078,28.078,28.078,28.078,135,0
2015-06-02,20:50:00,28.068,28.068,28.068,28.068,417,0
2015-06-02,21:25:00,28.078,28.078,28.068,28.068,2804,0
2015-06-03,20:10:00,28.138,28.166,28.138,28.166,301,0
2015-06-03,20:35:00,28.173,28.173,28.173,28.173,501,0
2015-06-03,21:05:00,28.148,28.148,28.148,28.148,100,0
2015-06-03,22:00:00,28.118,28.118,28.118,28.118,501,0
2015-06-04,17:40:00,27.819,27.819,27.819,27.819,166,0
2015-06-04,18:05:00,27.899,27.899,27.899,27.899,552,0
2015-06-05,21:20:00,27.923,27.923,27.923,27.923,301,0
2015-06-05,22:00:00,27.939,27.939,27.939,27.939,298,0
2015-06-08,20:20:00,27.609,27.609,27.609,27.609,226,0
2015-06-08,21:00:00,27.716,27.716,27.716,27.716,713,0
2015-06-08,21:15:00,27.675,27.675,27.675,27.675,301,0
2015-06-09,16:40:00,27.671,27.671,27.67,27.67,868,0
2015-06-10,21:35:00,28.068,28.068,28.068,28.068,395,0
2015-06-11,15:40:00,28.028,28.028,28.028,28.028,201,0
2015-06-11,18:15:00,27.939,27.939,27.939,27.939,100,0
2015-06-11,19:35:00,27.919,27.919,27.919,27.919,362,0
2015-06-11,21:20:00,28.019,28.019,28.019,28.019,138,0
2015-06-12,19:50:00,27.89,27.89,27.889,27.889,221,0
2015-06-12,20:50:00,27.879,27.879,27.879,27.879,100,0
2015-06-15,18:25:00,27.76,27.76,27.76,27.76,502,0
2015-06-15,19:40:00,27.679,27.679,27.679,27.679,201,0
2015-06-15,20:25:00,27.664,27.664,27.664,27.664,502,0
2015-06-15,20:55:00,27.646,27.646,27.646,27.646,100,0
2015-06-16,19:30:00,27.789,27.789,27.789,27.789,100,0
2015-06-16,19:50:00,27.789,27.789,27.789,27.789,100,0
2015-06-19,16:00:00,28.07,28.07,28.07,28.07,400,0
2015-06-19,20:25:00,27.9808,27.9808,27.9808,27.9808,115,0
2015-06-19,20:30:00,27.921,27.929,27.92,27.929,700,0
2015-06-22,15:35:00,27.94,27.94,27.94,27.94,901,0
2015-06-22,16:45:00,28.07,28.07,28.07,28.07,100,0
2015-06-22,17:45:00,28.01,28.01,28.01,28.01,196,0
2015-06-22,18:35:00,27.94,27.94,27.94,27.94,500,0
2015-06-23,15:35:00,28.1,28.1,28.1,28.1,162,0
2015-06-23,16:25:00,27.9384,27.9384,27.9384,27.9384,133,0
2015-06-23,16:35:00,27.856,27.856,27.856,27.856,100,0
2015-06-23,18:10:00,27.84,27.8748,27.84,27.8748,400,0
2015-06-23,21:05:00,27.95,27.95,27.95,27.95,286,0
2015-06-24,18:15:00,27.821,27.821,27.821,27.821,100,0
2015-06-24,20:30:00,27.68,27.68,27.68,27.68,130,0
2015-06-24,21:40:00,27.749,27.749,27.749,27.749,204,0
2015-06-25,21:15:00,27.4365,27.4365,27.4365,27.4365,106,0
2015-06-29,17:55:00,26.76,26.76,26.76,26.76,500,0
2015-06-29,20:15:00,26.6301,26.6301,26.63,26.6301,500,0
2015-06-29,21:55:00,26.5304,26.5304,26.5304,26.5304,221,0
2015-06-29,22:00:00,26.476,26.476,26.476,26.476,1182,0
2015-06-30,19:50:00,26.6136,26.6136,26.6136,26.6136,150,0
2015-06-30,21:25:00,26.5905,26.5905,26.59,26.59,200,0
2015-06-30,21:50:00,26.6,26.6,26.6,26.6,294,0
2015-07-01,16:05:00,26.909,26.909,26.909,26.909,133,0
2015-07-01,16:15:00,26.81,26.81,26.81,26.81,100,0
2015-07-01,19:50:00,26.483,26.483,26.483,26.483,636,0
2015-07-01,20:00:00,26.41,26.41,26.41,26.41,100,0
2015-07-01,21:30:00,26.44,26.45,26.44,26.45,3785,0
2015-07-02,15:50:00,26.55,26.55,26.55,26.55,435,0
2015-07-06,19:50:00,25.96,25.974,25.96,25.974,1600,0
2015-07-07,15:45:00,25.716,25.716,25.716,25.716,100,0
2015-07-07,15:50:00,25.595,25.595,25.595,25.595,100,0
2015-07-07,18:05:00,25.5092,25.5092,25.5092,25.5092,225,0
2015-07-07,19:55:00,25.7564,25.7564,25.7564,25.7564,980,0
2015-07-07,21:25:00,25.9335,25.9335,25.93,25.93,283,0
2015-07-07,22:00:00,25.9801,25.9801,25.9801,25.9801,120,0
2015-07-08,17:50:00,25.3998,25.44,25.3998,25.44,2011,0
2015-07-08,21:05:00,25.1601,25.1601,25.1601,25.1601,1137,0
2015-07-09,16:00:00,25.648,25.648,25.648,25.648,325,0
2015-07-09,17:25:00,25.6501,25.6501,25.6501,25.6501,211,0
2015-07-09,18:35:00,25.6303,25.6303,25.6303,25.6303,155,0
2015-07-09,21:20:00,25.5657,25.5657,25.5657,25.5657,101,0
2015-07-10,20:35:00,25.74,25.75,25.74,25.75,2345,0
2015-07-13,16:30:00,26.06,26.06,26.06,26.06,400,0
2015-07-14,16:45:00,26.34,26.34,26.34,26.34,400,0
2015-07-14,17:15:00,26.39,26.39,26.39,26.39,375,0
2015-07-14,20:05:00,26.41,26.41,26.41,26.41,200,0
2015-07-14,20:50:00,26.4428,26.4428,26.4428,26.4428,100,0
2015-07-14,21:40:00,26.44,26.44,26.44,26.44,186,0
2015-07-14,21:45:00,26.44,26.44,26.44,26.44,282,0
2015-07-15,17:20:00,26.1901,26.2,26.1901,26.2,537,0
2015-07-16,16:55:00,26.147,26.147,26.147,26.147,300,0
2015-07-16,19:20:00,25.971,25.971,25.97,25.97,500,0
2015-07-16,20:55:00,25.981,25.981,25.98,25.98,385,0
2015-07-16,21:30:00,25.9701,26,25.9701,26,232,0
2015-07-17,15:35:00,25.77,25.89,25.77,25.89,531,0
2015-07-17,15:40:00,25.86,25.86,25.86,25.86,100,0
2015-07-17,20:40:00,25.6401,25.6401,25.6401,25.6401,105,0
2015-07-17,20:55:00,25.6396,25.6396,25.6396,25.6396,275,0
2015-07-17,21:35:00,25.63,25.63,25.63,25.63,200,0
2015-07-20,17:20:00,25.46,25.4859,25.46,25.4859,738,0
2015-07-20,17:35:00,25.4,25.4,25.4,25.4,102,0
2015-07-20,18:20:00,25.4,25.4,25.4,25.4,100,0
2015-07-21,15:35:00,24.91,25.15,24.91,25.15,822,0
2015-07-21,17:35:00,25.2196,25.2196,25.2196,25.2196,168,0
2015-07-21,20:35:00,25.2,25.2,25.19,25.19,430,0
2015-07-22,15:35:00,24.9726,24.9731,24.9726,24.9731,885,0
2015-07-22,15:40:00,25.03,25.03,25.03,25.03,100,0
2015-07-22,16:05:00,25.045,25.045,25.045,25.045,100,0
2015-07-22,16:50:00,24.994,24.994,24.994,24.994,103,0
2015-07-22,17:25:00,25.01,25.01,25.01,25.01,200,0
2015-07-22,18:20:00,25.02,25.03,25.02,25.03,3100,0
2015-07-22,18:25:00,25.02,25.02,25.02,25.02,100,0
2015-07-22,19:30:00,25.0099,25.0099,25.0099,25.0099,400,0
2015-07-22,20:25:00,25.01,25.01,25.01,25.01,100,0
2015-07-22,22:00:00,25.02,25.02,25.02,25.02,296,0
2015-07-23,16:10:00,24.96,24.96,24.94,24.94,6400,0
2015-07-23,16:50:00,24.98,24.9901,24.98,24.9901,400,0
2015-07-23,17:25:00,24.8892,24.8892,24.8892,24.8892,480,0
2015-07-23,21:10:00,24.695,24.695,24.695,24.695,350,0
2015-07-24,18:20:00,24.2001,24.2001,24.2001,24.2001,165,0
2015-07-24,19:30:00,24.12,24.12,24.12,24.12,100,0
2015-07-24,20:00:00,24.01,24.01,24.01,24.01,100,0
2015-07-24,20:10:00,24.06,24.06,24.06,24.06,100,0
2015-07-24,21:30:00,24.0701,24.0701,24.0701,24.0701,137,0
2015-07-27,15:35:00,23.67,23.67,23.67,23.67,100,0
2015-07-27,15:40:00,23.82,23.82,23.82,23.82,400,0
2015-07-27,16:30:00,23.9101,23.9101,23.9101,23.9101,100,0
2015-07-27,16:50:00,23.94,23.9492,23.94,23.9492,400,0
2015-07-27,18:05:00,24.0178,24.0178,24.0178,24.0178,189,0
2015-07-27,19:50:00,23.8801,23.8801,23.8801,23.8801,280,0
2015-07-27,21:45:00,23.83,23.84,23.83,23.84,3010,0
2015-07-28,17:50:00,24.17,24.17,24.156,24.156,1060,0
2015-07-28,20:05:00,24.25,24.26,24.25,24.26,1200,0
2015-07-28,20:15:00,24.32,24.32,24.32,24.32,100,0
2015-07-29,17:35:00,24.5101,24.5101,24.5101,24.5101,180,0
2015-07-29,20:30:00,24.4501,24.4501,24.4501,24.4501,144,0
2015-07-29,21:00:00,24.49,24.49,24.49,24.49,1547,0
2015-07-30,15:35:00,24.29,24.29,24.29,24.29,100,0
2015-07-30,16:25:00,24.4601,24.4601,24.4601,24.4601,250,0
2015-07-30,17:20:00,24.4358,24.4358,24.4358,24.4358,148,0
2015-07-30,17:30:00,24.4401,24.4401,24.4401,24.4401,285,0
2015-07-30,21:20:00,24.4,24.4,24.4,24.4,184,0
2015-07-31,15:55:00,24.5192,24.5192,24.5192,24.5192,125,0
2015-08-03,15:35:00,24.33,24.33,24.33,24.33,700,0
2015-08-03,16:40:00,24.0516,24.0516,24.0516,24.0516,168,0
2015-08-03,18:25:00,24,24,24,24,100,0
2015-08-03,19:50:00,23.9451,23.9451,23.9451,23.9451,409,0
2015-08-03,20:35:00,23.9,23.9,23.9,23.9,594,0
2015-08-03,20:45:00,23.9301,23.9301,23.9301,23.9301,100,0
2015-08-04,16:00:00,24.0204,24.0204,24.0168,24.0168,626,0
2015-08-04,18:50:00,23.7069,23.7069,23.7069,23.7069,298,0
2015-08-04,21:50:00,23.56,23.575,23.56,23.575,200,0
2015-08-05,17:30:00,23.7407,23.7407,23.7407,23.7407,401,0
2015-08-05,17:35:00,23.7808,23.7808,23.7808,23.7808,102,0
2015-08-06,17:35:00,23.3101,23.3101,23.3101,23.3101,613,0
2015-08-06,18:10:00,23.26,23.2601,23.26,23.2601,400,0
2015-08-06,18:45:00,23.298,23.298,23.298,23.298,102,0
2015-08-06,21:00:00,23.38,23.43,23.376,23.376,334,0
2015-08-06,21:05:00,23.39,23.39,23.39,23.39,148,0
2015-08-07,16:45:00,23.3246,23.3246,23.3246,23.3246,440,0
2015-08-07,19:40:00,23.1808,23.1808,23.1808,23.1808,100,0
2015-08-07,20:40:00,23.1799,23.1799,23.1799,23.1799,300,0
