Date,Time,Open,High,Low,Close,Volume,OpenInt
2015-06-24,15:50:00,31.3,31.3,31.3,31.3,600,0
2015-06-24,16:55:00,31.34,31.34,31.34,31.34,1000,0
2015-06-24,17:00:00,31.3432,31.3432,31.3432,31.3432,124,0
2015-06-24,17:20:00,31.2956,31.2956,31.2956,31.2956,2130,0
2015-06-24,17:30:00,31.28,31.3173,31.28,31.3173,509,0
2015-06-24,17:40:00,31.3024,31.3024,31.3024,31.3024,200,0
2015-06-24,17:45:00,31.29,31.29,31.29,31.29,100,0
2015-06-24,18:20:00,31.25,31.252,31.25,31.252,925,0
2015-06-24,18:45:00,31.21,31.21,31.21,31.21,100,0
2015-06-24,19:00:00,31.1964,31.1964,31.1964,31.1964,107,0
2015-06-24,19:15:00,31.201,31.201,31.2,31.2,500,0
2015-06-24,19:20:00,31.19,31.19,31.19,31.19,100,0
2015-06-24,19:35:00,31.1448,31.1448,31.1448,31.1448,125,0
2015-06-24,19:45:00,31.13,31.13,31.13,31.13,305,0
2015-06-24,19:55:00,31.1434,31.1464,31.1434,31.1464,355,0
2015-06-24,20:15:00,31.1501,31.1501,31.1501,31.1501,800,0
2015-06-24,20:20:00,31.1556,31.1556,31.1556,31.1556,1000,0
2015-06-24,20:25:00,31.12,31.12,31.12,31.12,1889,0
2015-06-24,20:30:00,31.1345,31.1345,31.12,31.1316,2072,0
2015-06-24,20:35:00,31.13,31.14,31.13,31.14,200,0
2015-06-24,20:40:00,31.15,31.18,31.15,31.18,1282,0
2015-06-24,20:45:00,31.1647,31.1647,31.1647,31.1647,300,0
2015-06-24,20:50:00,31.1664,31.1664,31.1664,31.1664,155,0
2015-06-24,20:55:00,31.18,31.18,31.18,31.18,111,0
2015-06-24,21:00:00,31.1899,31.1899,31.1899,31.1899,450,0
2015-06-24,21:15:00,31.12,31.12,31.12,31.12,123,0
2015-06-24,21:40:00,31.158,31.158,31.158,31.158,523,0
2015-06-24,21:45:00,31.16,31.16,31.1551,31.1551,400,0
2015-06-25,15:35:00,31.24,31.24,31.2,31.2,2217,0
2015-06-25,16:00:00,31.1899,31.1899,31.1899,31.1899,286,0
2015-06-25,16:10:00,31.23,31.23,31.23,31.23,100,0
2015-06-25,16:15:00,31.2816,31.2816,31.2816,31.2816,105,0
2015-06-25,16:20:00,31.25,31.25,31.25,31.25,2345,0
2015-06-25,16:45:00,31.25,31.25,31.25,31.25,200,0
2015-06-25,17:05:00,31.29,31.29,31.29,31.29,100,0
2015-06-25,17:30:00,31.32,31.32,31.32,31.32,100,0
2015-06-25,17:40:00,31.32,31.32,31.32,31.32,100,0
2015-06-25,18:05:00,31.3202,31.3202,31.315,31.315,585,0
2015-06-25,18:15:00,31.3,31.3,31.3,31.3,100,0
2015-06-25,18:20:00,31.2753,31.2753,31.2753,31.2753,268,0
2015-06-25,18:45:00,31.2751,31.2751,31.2751,31.2751,153,0
2015-06-25,19:00:00,31.2847,31.2847,31.2847,31.2847,156,0
2015-06-25,19:10:00,31.28,31.28,31.28,31.28,200,0
2015-06-25,19:35:00,31.27,31.27,31.27,31.27,100,0
2015-06-25,19:45:00,31.27,31.27,31.27,31.27,400,0
2015-06-25,20:05:00,31.276,31.276,31.25,31.25,900,0
2015-06-25,20:10:00,31.2416,31.2416,31.2416,31.2416,500,0
2015-06-25,20:40:00,31.16,31.18,31.16,31.18,900,0
2015-06-25,20:45:00,31.188,31.19,31.1836,31.1836,5262,0
2015-06-25,20:50:00,31.1901,31.1901,31.1901,31.1901,100,0
2015-06-25,20:55:00,31.19,31.19,31.19,31.19,800,0
2015-06-25,21:00:00,31.19,31.2,31.1883,31.1883,25355,0
2015-06-25,21:05:00,31.2001,31.2001,31.2001,31.2001,2496,0
2015-06-25,21:10:00,31.24,31.24,31.24,31.24,200,0
2015-06-25,21:35:00,31.2221,31.2221,31.2221,31.2221,104,0
2015-06-25,21:45:00,31.19,31.19,31.19,31.19,500,0
2015-06-25,21:50:00,31.21,31.21,31.21,31.21,400,0
2015-06-25,21:55:00,31.184,31.184,31.184,31.184,801,0
2015-06-26,15:35:00,31.29,31.3096,31.29,31.3096,2795,0
2015-06-26,15:45:00,31.3,31.3,31.3,31.3,9100,0
2015-06-26,16:10:00,31.3151,31.3151,31.3151,31.3151,165,0
2015-06-26,16:15:00,31.28,31.28,31.28,31.28,763,0
2015-06-26,16:35:00,31.3,31.3,31.3,31.3,100,0
2015-06-26,16:40:00,31.34,31.34,31.3399,31.3399,1980,0
2015-06-26,16:45:00,31.3248,31.3248,31.3,31.3,500,0
2015-06-26,16:50:00,31.28,31.28,31.28,31.28,100,0
2015-06-26,16:55:00,31.26,31.261,31.26,31.261,200,0
2015-06-26,17:00:00,31.26,31.26,31.26,31.26,300,0
2015-06-26,17:30:00,31.3,31.3,31.3,31.3,100,0
2015-06-26,17:35:00,31.3,31.3,31.3,31.3,100,0
2015-06-26,17:55:00,31.27,31.27,31.26,31.26,269,0
2015-06-26,18:10:00,31.2666,31.2666,31.2666,31.2666,450,0
2015-06-26,18:50:00,31.2,31.2,31.2,31.2,100,0
2015-06-26,19:30:00,31.13,31.14,31.1245,31.14,2607,0
2015-06-26,19:35:00,31.16,31.16,31.159,31.159,412,0
2015-06-26,19:50:00,31.23,31.23,31.23,31.23,100,0
2015-06-26,20:00:00,31.2136,31.2136,31.2136,31.2136,213,0
2015-06-26,20:50:00,31.1681,31.1881,31.1681,31.18,2068,0
2015-06-26,20:55:00,31.208,31.21,31.208,31.21,2964,0
2015-06-26,21:00:00,31.21,31.21,31.2004,31.2004,224,0
2015-06-26,21:05:00,31.21,31.21,31.1975,31.21,2400,0
2015-06-26,21:10:00,31.22,31.22,31.22,31.22,165,0
2015-06-26,21:35:00,31.2799,31.2799,31.278,31.278,363,0
2015-06-26,21:40:00,31.23,31.23,31.23,31.23,200,0
2015-06-26,21:45:00,31.2299,31.2299,31.2299,31.2299,200,0
2015-06-26,21:50:00,31.22,31.22,31.22,31.22,800,0
2015-06-26,21:55:00,31.2242,31.2242,31.2242,31.2242,100,0
2015-06-29,15:35:00,30.92,30.92,30.8779,30.8779,4400,0
2015-06-29,15:40:00,30.97,30.97,30.97,30.97,200,0
2015-06-29,16:00:00,30.96,30.96,30.96,30.96,100,0
2015-06-29,16:35:00,30.98,30.98,30.98,30.98,100,0
2015-06-29,16:55:00,30.92,30.92,30.92,30.92,738,0
2015-06-29,17:00:00,30.91,30.91,30.91,30.91,800,0
2015-06-29,17:15:00,30.86,30.86,30.86,30.86,100,0
2015-06-29,17:25:00,30.83,30.87,30.83,30.8482,1354,0
2015-06-29,18:00:00,30.85,30.85,30.85,30.85,187,0
2015-06-29,18:10:00,30.8501,30.8501,30.8501,30.8501,203,0
2015-06-29,18:20:00,30.861,30.861,30.861,30.861,210,0
2015-06-29,18:45:00,30.8105,30.8105,30.8063,30.8063,1991,0
2015-06-29,19:00:00,30.81,30.81,30.81,30.81,146,0
2015-06-29,19:15:00,30.76,30.77,30.76,30.77,900,0
2015-06-29,19:30:00,30.7904,30.7904,30.7904,30.7904,357,0
2015-06-29,19:35:00,30.79,30.79,30.79,30.79,149,0
2015-06-29,19:40:00,30.81,30.81,30.7904,30.7904,475,0
2015-06-29,19:50:00,30.77,30.79,30.77,30.79,1087,0
2015-06-29,20:00:00,30.75,30.7532,30.75,30.7532,344,0
2015-06-29,20:05:00,30.746,30.761,30.746,30.761,1949,0
2015-06-29,20:10:00,30.75,30.76,30.75,30.7599,3743,0
2015-06-29,20:15:00,30.7599,30.7599,30.7599,30.7599,152,0
2015-06-29,20:25:00,30.7199,30.7199,30.7199,30.7199,117,0
2015-06-29,20:35:00,30.63,30.63,30.63,30.63,100,0
2015-06-29,20:40:00,30.65,30.65,30.65,30.65,1600,0
2015-06-29,21:10:00,30.601,30.601,30.6,30.6001,310,0
2015-06-29,21:25:00,30.603,30.66,30.603,30.66,2214,0
2015-06-29,21:45:00,30.5899,30.5899,30.554,30.554,308,0
2015-06-29,22:00:00,30.52,30.52,30.52,30.52,100,0
2015-06-30,15:35:00,30.79,30.79,30.6701,30.6701,575,0
2015-06-30,15:40:00,30.7245,30.7245,30.7245,30.7245,364,0
2015-06-30,15:45:00,30.68,30.68,30.6779,30.6779,300,0
2015-06-30,16:25:00,30.6399,30.6399,30.6399,30.6399,400,0
2015-06-30,16:30:00,30.632,30.632,30.632,30.632,250,0
2015-06-30,16:50:00,30.59,30.59,30.59,30.59,100,0
2015-06-30,16:55:00,30.58,30.58,30.58,30.58,100,0
2015-06-30,17:50:00,30.6721,30.6721,30.6721,30.6721,176,0
2015-06-30,18:00:00,30.65,30.65,30.65,30.65,365,0
2015-06-30,18:05:00,30.6401,30.648,30.6401,30.648,491,0
2015-06-30,18:10:00,30.65,30.6504,30.65,30.6504,1210,0
2015-06-30,19:00:00,30.61,30.61,30.61,30.61,100,0
2015-06-30,19:05:00,30.639,30.64,30.6264,30.6264,1936,0
2015-06-30,19:10:00,30.6499,30.6499,30.6499,30.6499,830,0
2015-06-30,19:30:00,30.66,30.67,30.66,30.67,1476,0
2015-06-30,19:35:00,30.6747,30.6899,30.6747,30.6899,490,0
2015-06-30,20:35:00,30.74,30.7648,30.73,30.7648,695,0
2015-06-30,21:10:00,30.68,30.68,30.68,30.68,200,0
2015-06-30,21:15:00,30.6801,30.6801,30.6801,30.6801,500,0
2015-06-30,21:30:00,30.64,30.64,30.64,30.64,100,0
2015-06-30,21:40:00,30.7,30.7099,30.7,30.7099,786,0
2015-06-30,21:50:00,30.699,30.71,30.699,30.71,298,0
2015-06-30,22:00:00,30.69,30.69,30.69,30.69,300,0
2015-07-01,15:35:00,30.93,30.96,30.93,30.96,3100,0
2015-07-01,15:40:00,30.9925,30.9925,30.9925,30.9925,201,0
2015-07-01,16:05:00,30.976,30.976,30.976,30.976,380,0
2015-07-01,16:10:00,30.95,30.95,30.95,30.95,100,0
2015-07-01,16:50:00,30.88,30.88,30.88,30.88,200,0
2015-07-01,17:15:00,30.9239,30.9239,30.9239,30.9239,1000,0
2015-07-01,17:25:00,30.9,30.9,30.9,30.9,550,0
2015-07-01,18:20:00,30.9099,30.9099,30.9099,30.9099,680,0
2015-07-01,19:15:00,30.83,30.83,30.83,30.83,330,0
2015-07-01,19:40:00,30.8857,30.8857,30.8857,30.8857,296,0
2015-07-01,19:50:00,30.89,30.89,30.89,30.89,100,0
2015-07-01,19:55:00,30.901,30.901,30.901,30.901,1850,0
2015-07-01,20:00:00,30.9,30.9,30.86,30.86,5200,0
2015-07-01,20:20:00,30.79,30.805,30.79,30.805,743,0
2015-07-01,20:25:00,30.81,30.81,30.81,30.81,309,0
2015-07-01,20:30:00,30.79,30.79,30.79,30.79,100,0
2015-07-01,20:35:00,30.7802,30.7802,30.7802,30.7802,540,0
2015-07-01,21:10:00,30.85,30.8655,30.85,30.8655,494,0
2015-07-01,21:15:00,30.875,30.88,30.86,30.8799,21594,0
2015-07-01,21:20:00,30.85,30.89,30.85,30.89,3484,0
2015-07-01,21:35:00,30.872,30.872,30.872,30.872,160,0
2015-07-01,21:45:00,30.855,30.855,30.83,30.83,544,0
2015-07-01,22:00:00,30.89,30.89,30.89,30.89,200,0
2015-07-02,15:35:00,31,31,31,31,317,0
2015-07-02,16:05:00,30.9055,30.9055,30.9055,30.9055,100,0
2015-07-02,16:25:00,30.888,30.888,30.888,30.888,970,0
2015-07-02,16:45:00,30.8447,30.8799,30.8447,30.8799,460,0
2015-07-02,17:00:00,30.88,30.88,30.88,30.88,225,0
2015-07-02,17:15:00,30.81,30.81,30.81,30.81,100,0
2015-07-02,17:55:00,30.8037,30.8037,30.8037,30.8037,175,0
2015-07-02,19:45:00,30.78,30.78,30.78,30.78,82563,0
2015-07-02,20:00:00,30.78,30.78,30.78,30.78,200,0
2015-07-02,20:05:00,30.7704,30.79,30.7704,30.7875,1984,0
2015-07-02,20:10:00,30.7766,30.7766,30.7766,30.7766,3174,0
2015-07-02,20:25:00,30.81,30.81,30.81,30.81,200,0
2015-07-02,20:55:00,30.82,30.82,30.82,30.82,22400,0
2015-07-02,21:00:00,30.8101,30.8358,30.8101,30.8358,593,0
2015-07-02,21:40:00,30.86,30.86,30.86,30.86,100,0
2015-07-02,21:55:00,30.89,30.89,30.89,30.89,113,0
2015-07-06,15:35:00,30.65,30.71,30.65,30.67,16534,0
2015-07-06,15:40:00,30.785,30.785,30.785,30.785,600,0
2015-07-06,15:45:00,30.76,30.76,30.76,30.76,200,0
2015-07-06,16:05:00,30.8399,30.8399,30.8399,30.8399,500,0
2015-07-06,16:10:00,30.85,30.87,30.85,30.87,5500,0
2015-07-06,16:15:00,30.8699,30.8995,30.8699,30.8995,2943,0
2015-07-06,16:20:00,30.93,30.93,30.88,30.88,500,0
2015-07-06,16:30:00,30.94,30.94,30.91,30.94,400,0
2015-07-06,16:40:00,30.99,30.99,30.982,30.982,205,0
2015-07-06,16:45:00,31,31,31,31,100,0
2015-07-06,16:55:00,31.06,31.06,31.06,31.06,100,0
2015-07-06,17:10:00,31.02,31.02,31.02,31.02,100,0
2015-07-06,17:15:00,31,31,31,31,100,0
2015-07-06,17:30:00,30.97,30.97,30.92,30.92,2042,0
2015-07-06,17:35:00,30.91,30.91,30.91,30.91,200,0
2015-07-06,17:45:00,30.95,30.95,30.95,30.95,100,0
2015-07-06,17:50:00,30.93,30.9536,30.93,30.9536,748,0
2015-07-06,18:00:00,30.96,30.96,30.96,30.96,100,0
2015-07-06,18:10:00,30.93,30.93,30.93,30.93,108,0
2015-07-06,18:15:00,30.96,30.96,30.96,30.96,100,0
2015-07-06,18:20:00,30.93,30.952,30.93,30.952,730,0
2015-07-06,18:30:00,30.94,30.94,30.94,30.94,200,0
2015-07-06,18:35:00,30.95,30.95,30.93,30.93,3900,0
2015-07-06,18:50:00,30.92,30.92,30.92,30.92,100,0
2015-07-06,19:05:00,30.92,30.92,30.92,30.92,100,0
2015-07-06,19:25:00,30.84,30.84,30.823,30.823,500,0
2015-07-06,19:30:00,30.821,30.823,30.81,30.81,1300,0
2015-07-06,19:35:00,30.8047,30.8047,30.8047,30.8047,400,0
2015-07-06,19:40:00,30.82,30.82,30.82,30.82,100,0
2015-07-06,19:55:00,30.8,30.8,30.8,30.8,100,0
2015-07-06,20:00:00,30.8099,30.8099,30.8099,30.8099,649,0
2015-07-06,20:15:00,30.78,30.79,30.78,30.79,600,0
2015-07-06,20:25:00,30.7855,30.7855,30.7855,30.7855,202,0
2015-07-06,20:30:00,30.77,30.77,30.77,30.77,100,0
2015-07-06,20:35:00,30.7502,30.7502,30.7502,30.7502,169,0
2015-07-06,20:40:00,30.76,30.76,30.76,30.76,1100,0
2015-07-06,20:45:00,30.75,30.76,30.75,30.76,200,0
2015-07-06,20:55:00,30.78,30.78,30.762,30.762,837,0
2015-07-06,21:20:00,30.82,30.82,30.82,30.82,300,0
2015-07-06,21:45:00,30.86,30.86,30.86,30.86,200,0
2015-07-06,21:50:00,30.8601,30.8601,30.8601,30.8601,1200,0
2015-07-06,22:00:00,30.91,30.91,30.91,30.91,200,0
2015-07-07,15:35:00,31.01,31.12,31,31,10805,0
2015-07-07,15:50:00,30.94,30.94,30.94,30.94,200,0
2015-07-07,15:55:00,30.92,30.92,30.92,30.92,4900,0
2015-07-07,16:15:00,30.85,30.85,30.85,30.85,100,0
2015-07-07,16:20:00,30.8,30.8,30.8,30.8,100,0
2015-07-07,16:35:00,30.74,30.74,30.74,30.74,100,0
2015-07-07,16:40:00,30.678,30.678,30.678,30.678,100,0
2015-07-07,16:50:00,30.67,30.67,30.67,30.67,100,0
2015-07-07,17:10:00,30.62,30.64,30.62,30.64,200,0
2015-07-07,17:15:00,30.6649,30.6649,30.6649,30.6649,154,0
2015-07-07,17:25:00,30.61,30.61,30.61,30.61,100,0
2015-07-07,17:40:00,30.6,30.6177,30.6,30.6177,520,0
2015-07-07,17:45:00,30.68,30.68,30.68,30.68,154,0
2015-07-07,17:50:00,30.6799,30.6799,30.6799,30.6799,200,0
2015-07-07,18:00:00,30.67,30.726,30.67,30.7256,677,0
2015-07-07,18:05:00,30.7153,30.7153,30.7153,30.7153,175,0
2015-07-07,18:15:00,30.7,30.7,30.7,30.7,100,0
2015-07-07,18:20:00,30.686,30.686,30.686,30.686,143,0
2015-07-07,18:30:00,30.75,30.75,30.75,30.75,100,0
2015-07-07,18:45:00,30.8,30.8,30.8,30.8,200,0
2015-07-07,18:55:00,30.824,30.84,30.824,30.84,1695,0
2015-07-07,19:05:00,30.89,30.89,30.89,30.89,100,0
2015-07-07,19:20:00,30.91,30.91,30.91,30.91,100,0
2015-07-07,19:35:00,30.9199,30.92,30.9199,30.92,400,0
2015-07-07,19:55:00,30.94,30.94,30.94,30.94,100,0
2015-07-07,20:10:00,30.92,30.92,30.92,30.92,100,0
2015-07-07,20:15:00,30.9153,30.93,30.9145,30.9186,4222,0
2015-07-07,20:25:00,30.85,30.85,30.85,30.85,100,0
2015-07-07,20:45:00,30.97,30.97,30.97,30.97,100,0
2015-07-07,21:00:00,31.06,31.07,31.06,31.0616,1100,0
2015-07-07,21:15:00,31.09,31.09,31.09,31.09,100,0
2015-07-07,21:30:00,31.15,31.15,31.1499,31.1499,300,0
2015-07-07,21:35:00,31.14,31.14,31.14,31.14,100,0
2015-07-07,21:40:00,31.14,31.14,31.108,31.108,645,0
2015-07-07,22:00:00,31.121,31.14,31.121,31.14,1030,0
2015-07-08,15:35:00,30.94,30.95,30.94,30.9499,1227,0
2015-07-08,15:45:00,30.8903,30.8903,30.8903,30.8903,486,0
2015-07-08,16:05:00,30.777,30.777,30.777,30.777,197,0
2015-07-08,16:10:00,30.7599,30.7599,30.7436,30.75,1312,0
2015-07-08,16:15:00,30.74,30.74,30.74,30.74,100,0
2015-07-08,16:45:00,30.778,30.778,30.778,30.778,500,0
2015-07-08,16:50:00,30.77,30.81,30.77,30.81,4750,0
2015-07-08,16:55:00,30.84,30.8423,30.84,30.8423,487,0
2015-07-08,17:30:00,30.7372,30.7372,30.7372,30.7372,330,0
2015-07-08,17:40:00,30.8152,30.8152,30.7914,30.7914,889,0
2015-07-08,18:00:00,30.7,30.7,30.66,30.66,274,0
2015-07-08,18:05:00,30.71,30.7336,30.71,30.7336,1485,0
2015-07-08,18:10:00,30.7399,30.7399,30.73,30.73,672,0
2015-07-08,18:25:00,30.72,30.72,30.72,30.72,1000,0
2015-07-08,18:30:00,30.73,30.73,30.73,30.73,189,0
2015-07-08,18:35:00,30.7599,30.7599,30.7599,30.7599,650,0
2015-07-08,18:40:00,30.7304,30.7304,30.7304,30.7304,300,0
2015-07-08,19:40:00,30.7755,30.7755,30.7755,30.7755,340,0
2015-07-08,20:10:00,30.75,30.75,30.75,30.75,326,0
2015-07-08,20:40:00,30.72,30.72,30.72,30.72,200,0
2015-07-08,20:45:00,30.6901,30.6901,30.69,30.69,850,0
2015-07-08,20:50:00,30.66,30.66,30.66,30.66,482,0
2015-07-08,21:05:00,30.6253,30.6304,30.6182,30.63,2699,0
2015-07-08,21:20:00,30.7197,30.7197,30.7197,30.7197,126,0
2015-07-08,21:25:00,30.6603,30.6603,30.66,30.66,835,0
2015-07-08,21:30:00,30.6099,30.61,30.5999,30.61,7249,0
2015-07-08,21:40:00,30.61,30.61,30.61,30.61,1000,0
2015-07-08,21:45:00,30.6702,30.6702,30.6702,30.6702,101,0
2015-07-08,21:50:00,30.6467,30.6467,30.6467,30.6467,325,0
2015-07-08,21:55:00,30.64,30.64,30.64,30.64,100,0
2015-07-08,22:00:00,30.6398,30.64,30.63,30.64,715,0
2015-07-09,15:35:00,30.99,31.025,30.99,31,3200,0
2015-07-09,15:40:00,31,31.005,31,31.005,200,0
2015-07-09,15:45:00,31,31,31,31,400,0
2015-07-09,15:55:00,30.985,30.985,30.98,30.98,2500,0
2015-07-09,16:35:00,30.8828,30.8828,30.8828,30.8828,200,0
2015-07-09,16:50:00,30.9092,30.9092,30.9092,30.9092,121,0
2015-07-09,17:00:00,30.962,30.962,30.962,30.962,200,0
2015-07-09,17:20:00,31,31,31,31,395,0
2015-07-09,17:35:00,30.93,30.93,30.93,30.93,100,0
2015-07-09,19:05:00,30.889,30.889,30.889,30.889,410,0
2015-07-09,19:40:00,30.8236,30.8236,30.8236,30.8236,300,0
2015-07-09,19:45:00,30.8071,30.8071,30.8071,30.8071,250,0
2015-07-09,19:50:00,30.82,30.82,30.82,30.82,100,0
2015-07-09,20:00:00,30.8291,30.8291,30.8249,30.8249,741,0
2015-07-09,20:35:00,30.724,30.724,30.69,30.71,8534,0
2015-07-09,20:50:00,30.7332,30.7332,30.7332,30.7332,121,0
2015-07-09,21:00:00,30.79,30.79,30.79,30.79,100,0
2015-07-09,21:05:00,30.78,30.81,30.78,30.81,14100,0
2015-07-09,21:10:00,30.8,30.8,30.8,30.8,2900,0
2015-07-09,22:00:00,30.79,30.79,30.79,30.79,100,0
2015-07-10,15:35:00,31.06,31.06,31.06,31.06,286,0
2015-07-10,15:40:00,31.1,31.14,31.1,31.14,1700,0
2015-07-10,15:45:00,31.1252,31.1252,31.1252,31.1252,156,0
2015-07-10,16:00:00,31.0936,31.0936,31.0936,31.0936,300,0
2015-07-10,16:05:00,31.09,31.09,31.09,31.09,100,0
2015-07-10,16:10:00,31.101,31.101,31.101,31.101,500,0
2015-07-10,16:55:00,31.0599,31.0599,31.0599,31.0599,215,0
2015-07-10,17:05:00,31.1019,31.1019,31.1019,31.1019,116,0
2015-07-10,17:25:00,31.15,31.15,31.15,31.15,500,0
2015-07-10,17:35:00,31.14,31.14,31.14,31.14,100,0
2015-07-10,17:40:00,31.1499,31.1499,31.1499,31.1499,100,0
2015-07-10,18:00:00,31.1801,31.1801,31.1801,31.1801,725,0
2015-07-10,18:10:00,31.1899,31.1899,31.1899,31.1899,100,0
2015-07-10,18:20:00,31.21,31.21,31.21,31.21,400,0
2015-07-10,18:35:00,31.1899,31.1899,31.17,31.17,4728,0
2015-07-10,18:40:00,31.161,31.161,31.161,31.161,200,0
2015-07-10,18:55:00,31.1899,31.19,31.1899,31.19,1400,0
2015-07-10,19:05:00,31.18,31.18,31.18,31.18,300,0
2015-07-10,19:40:00,31.19,31.19,31.1774,31.1774,1400,0
2015-07-10,19:50:00,31.1702,31.1702,31.1702,31.1702,423,0
2015-07-10,19:55:00,31.1699,31.1699,31.1699,31.1699,200,0
2015-07-10,20:15:00,31.2,31.2,31.2,31.2,200,0
2015-07-10,20:40:00,31.24,31.24,31.24,31.24,100,0
2015-07-10,21:40:00,31.248,31.248,31.2478,31.2478,578,0
2015-07-10,21:55:00,31.2601,31.2601,31.2601,31.2601,100,0
2015-07-13,15:35:00,31.49,31.54,31.49,31.54,941,0
2015-07-13,15:40:00,31.52,31.52,31.52,31.52,100,0
2015-07-13,15:55:00,31.57,31.57,31.52,31.52,200,0
2015-07-13,16:00:00,31.51,31.51,31.51,31.51,4800,0
2015-07-13,16:05:00,31.54,31.54,31.54,31.54,400,0
2015-07-13,16:50:00,31.55,31.55,31.55,31.55,200,0
2015-07-13,17:00:00,31.572,31.572,31.572,31.572,159,0
2015-07-13,17:05:00,31.582,31.582,31.582,31.582,750,0
2015-07-13,17:10:00,31.6,31.6,31.6,31.6,200,0
2015-07-13,17:15:00,31.5799,31.5799,31.5799,31.5799,100,0
2015-07-13,17:20:00,31.54,31.54,31.53,31.53,2088,0
2015-07-13,17:30:00,31.54,31.55,31.54,31.54,3300,0
2015-07-13,17:40:00,31.56,31.56,31.56,31.56,1300,0
2015-07-13,17:45:00,31.56,31.56,31.56,31.56,1200,0
2015-07-13,17:50:00,31.54,31.55,31.5301,31.5301,6042,0
2015-07-13,18:00:00,31.5547,31.5549,31.5547,31.5549,622,0
2015-07-13,18:05:00,31.5449,31.5449,31.54,31.54,2877,0
2015-07-13,18:10:00,31.54,31.544,31.54,31.544,1430,0
2015-07-13,18:15:00,31.55,31.55,31.55,31.55,962,0
2015-07-13,18:20:00,31.5202,31.5202,31.5202,31.5202,164,0
2015-07-13,18:25:00,31.52,31.529,31.51,31.51,522,0
2015-07-13,18:40:00,31.5151,31.52,31.5151,31.52,2151,0
2015-07-13,19:05:00,31.5194,31.5194,31.508,31.508,439,0
2015-07-13,19:15:00,31.517,31.517,31.517,31.517,333,0
2015-07-13,19:40:00,31.53,31.53,31.53,31.53,250,0
2015-07-13,19:50:00,31.5053,31.518,31.5053,31.518,1612,0
2015-07-13,20:10:00,31.49,31.508,31.49,31.508,700,0
2015-07-13,20:20:00,31.526,31.526,31.526,31.526,215,0
2015-07-13,20:35:00,31.5123,31.5123,31.5123,31.5123,1078,0
2015-07-13,20:40:00,31.5299,31.5299,31.5299,31.5299,135,0
2015-07-13,20:55:00,31.538,31.538,31.538,31.538,793,0
2015-07-13,21:00:00,31.57,31.5736,31.57,31.5736,698,0
2015-07-13,21:05:00,31.5697,31.5697,31.5697,31.5697,325,0
2015-07-13,21:25:00,31.568,31.568,31.568,31.568,1583,0
2015-07-13,21:30:00,31.594,31.594,31.594,31.594,500,0
2015-07-13,21:35:00,31.6,31.6,31.5899,31.5899,600,0
2015-07-13,21:40:00,31.6,31.6,31.5839,31.5839,1300,0
2015-07-13,21:45:00,31.6,31.6,31.6,31.6,100,0
2015-07-13,21:55:00,31.607,31.607,31.607,31.607,900,0
2015-07-13,22:00:00,31.6055,31.6055,31.5955,31.5955,750,0
2015-07-14,15:35:00,31.65,31.65,31.58,31.58,47465,0
2015-07-14,15:40:00,31.62,31.62,31.62,31.62,1500,0
2015-07-14,15:45:00,31.615,31.615,31.61,31.61,2400,0
2015-07-14,15:50:00,31.6096,31.6096,31.6096,31.6096,171,0
2015-07-14,16:00:00,31.598,31.598,31.598,31.598,790,0
2015-07-14,16:20:00,31.61,31.61,31.61,31.61,100,0
2015-07-14,16:25:00,31.602,31.602,31.602,31.602,100,0
2015-07-14,16:30:00,31.61,31.62,31.61,31.6199,1100,0
2015-07-14,16:35:00,31.62,31.63,31.62,31.625,1473,0
2015-07-14,16:45:00,31.625,31.625,31.625,31.625,2600,0
2015-07-14,16:50:00,31.63,31.63,31.625,31.625,200,0
2015-07-14,17:00:00,31.63,31.63,31.63,31.63,100,0
2015-07-14,17:10:00,31.66,31.66,31.66,31.66,600,0
2015-07-14,17:15:00,31.659,31.661,31.659,31.661,600,0
2015-07-14,17:20:00,31.6749,31.685,31.6749,31.685,369,0
2015-07-14,17:25:00,31.685,31.69,31.68,31.685,1900,0
2015-07-14,17:30:00,31.68,31.685,31.68,31.685,800,0
2015-07-14,17:35:00,31.6987,31.71,31.6987,31.7,1520,0
2015-07-14,17:40:00,31.7,31.7,31.695,31.695,700,0
2015-07-14,18:00:00,31.72,31.72,31.7,31.7,700,0
2015-07-14,18:05:00,31.7035,31.7035,31.7035,31.7035,263,0
2015-07-14,18:15:00,31.71,31.715,31.71,31.715,200,0
2015-07-14,18:20:00,31.71,31.71,31.708,31.708,700,0
2015-07-14,18:30:00,31.72,31.72,31.71,31.71,606,0
2015-07-14,18:45:00,31.705,31.705,31.705,31.705,510,0
2015-07-14,18:50:00,31.7,31.7,31.7,31.7,100,0
2015-07-14,19:05:00,31.69,31.69,31.685,31.685,652,0
2015-07-14,19:20:00,31.71,31.71,31.71,31.71,100,0
2015-07-14,19:30:00,31.705,31.705,31.705,31.705,500,0
2015-07-14,19:40:00,31.71,31.71,31.7093,31.7093,821,0
2015-07-14,19:45:00,31.69,31.69,31.69,31.69,300,0
2015-07-14,19:50:00,31.6764,31.6764,31.6764,31.6764,104,0
2015-07-14,19:55:00,31.7,31.7,31.695,31.698,1100,0
2015-07-14,20:00:00,31.695,31.695,31.69,31.69,1000,0
2015-07-14,20:05:00,31.6999,31.7,31.69,31.6999,3379,0
2015-07-14,20:10:00,31.685,31.685,31.6801,31.685,626,0
2015-07-14,20:15:00,31.705,31.71,31.6964,31.7,691,0
2015-07-14,20:20:00,31.7,31.705,31.7,31.7001,3145,0
2015-07-14,20:25:00,31.715,31.72,31.7068,31.72,1677,0
2015-07-14,20:35:00,31.7285,31.7285,31.7285,31.7285,733,0
2015-07-14,20:40:00,31.74,31.74,31.7395,31.7399,300,0
2015-07-14,20:45:00,31.7275,31.7275,31.7275,31.7275,372,0
2015-07-14,20:50:00,31.7295,31.73,31.7199,31.7199,6437,0
2015-07-14,20:55:00,31.7198,31.73,31.71,31.71,1550,0
2015-07-14,21:00:00,31.74,31.74,31.74,31.74,100,0
2015-07-14,21:05:00,31.749,31.749,31.738,31.738,500,0
2015-07-14,21:20:00,31.758,31.7597,31.758,31.7597,787,0
2015-07-14,21:25:00,31.7595,31.7595,31.7595,31.7595,650,0
2015-07-14,21:30:00,31.76,31.76,31.76,31.76,200,0
2015-07-14,21:35:00,31.7595,31.7595,31.7595,31.7595,150,0
2015-07-14,21:40:00,31.724,31.724,31.724,31.724,104,0
2015-07-14,21:45:00,31.75,31.75,31.75,31.75,177,0
2015-07-14,21:55:00,31.7,31.7299,31.7,31.718,900,0
2015-07-15,15:35:00,31.71,31.71,31.71,31.71,2677,0
2015-07-15,15:45:00,31.66,31.66,31.66,31.66,100,0
2015-07-15,15:55:00,31.7,31.7,31.7,31.7,400,0
2015-07-15,16:00:00,31.7091,31.7091,31.7091,31.7091,200,0
2015-07-15,16:10:00,31.73,31.73,31.73,31.73,100,0
2015-07-15,16:20:00,31.74,31.74,31.74,31.74,100,0
2015-07-15,16:30:00,31.73,31.73,31.73,31.73,500,0
2015-07-15,16:35:00,31.72,31.73,31.72,31.73,400,0
2015-07-15,16:50:00,31.72,31.72,31.72,31.72,100,0
2015-07-15,16:55:00,31.735,31.7395,31.735,31.7369,300,0
2015-07-15,17:00:00,31.74,31.74,31.735,31.735,600,0
2015-07-15,17:05:00,31.75,31.75,31.7399,31.7399,631,0
2015-07-15,17:10:00,31.73,31.73,31.73,31.73,1000,0
2015-07-15,17:20:00,31.75,31.75,31.7387,31.7387,215,0
2015-07-15,17:30:00,31.74,31.74,31.74,31.74,300,0
2015-07-15,17:35:00,31.7373,31.74,31.7373,31.74,3175,0
2015-07-15,17:45:00,31.739,31.739,31.737,31.737,200,0
2015-07-15,17:50:00,31.72,31.72,31.72,31.72,100,0
2015-07-15,18:00:00,31.6901,31.7122,31.6901,31.7122,310,0
2015-07-15,18:10:00,31.73,31.73,31.73,31.73,300,0
2015-07-15,18:30:00,31.73,31.73,31.73,31.73,150,0
2015-07-15,18:40:00,31.72,31.72,31.72,31.72,500,0
2015-07-15,19:05:00,31.7372,31.7372,31.7188,31.7188,1669,0
2015-07-15,19:10:00,31.75,31.75,31.75,31.75,300,0
2015-07-15,19:15:00,31.7401,31.76,31.7401,31.76,2981,0
2015-07-15,19:35:00,31.747,31.747,31.747,31.747,690,0
2015-07-15,19:40:00,31.75,31.75,31.75,31.75,300,0
2015-07-15,20:15:00,31.73,31.73,31.725,31.725,450,0
2015-07-15,20:20:00,31.74,31.74,31.74,31.74,300,0
2015-07-15,20:30:00,31.725,31.7299,31.725,31.7299,225,0
2015-07-15,20:35:00,31.725,31.725,31.6953,31.6953,785,0
2015-07-15,20:45:00,31.68,31.68,31.68,31.68,200,0
2015-07-15,20:55:00,31.6,31.6,31.6,31.6,130,0
2015-07-15,21:00:00,31.61,31.61,31.6099,31.6099,1047,0
2015-07-15,21:10:00,31.64,31.64,31.628,31.628,500,0
2015-07-15,21:25:00,31.6232,31.6232,31.6232,31.6232,214,0
2015-07-15,21:35:00,31.6314,31.65,31.6314,31.6439,958,0
2015-07-15,21:40:00,31.64,31.64,31.64,31.64,100,0
2015-07-15,21:45:00,31.62,31.62,31.62,31.62,100,0
2015-07-15,21:50:00,31.63,31.63,31.63,31.63,100,0
2015-07-15,21:55:00,31.64,31.67,31.64,31.67,300,0
2015-07-15,22:00:00,31.66,31.66,31.64,31.64,300,0
2015-07-16,15:35:00,31.87,31.87,31.87,31.87,185,0
2015-07-16,15:55:00,31.77,31.77,31.7582,31.7582,2057,0
2015-07-16,16:05:00,31.76,31.76,31.76,31.76,400,0
2015-07-16,16:20:00,31.71,31.71,31.71,31.71,100,0
2015-07-16,16:40:00,31.74,31.74,31.74,31.74,244,0
2015-07-16,16:50:00,31.7205,31.722,31.72,31.72,1000,0
2015-07-16,17:10:00,31.77,31.77,31.7699,31.77,4103,0
2015-07-16,17:15:00,31.77,31.779,31.77,31.778,600,0
2015-07-16,17:20:00,31.7799,31.7799,31.7584,31.7626,3478,0
2015-07-16,17:30:00,31.78,31.7999,31.78,31.7999,415,0
2015-07-16,17:40:00,31.81,31.81,31.81,31.81,156,0
2015-07-16,17:45:00,31.83,31.83,31.816,31.82,1871,0
2015-07-16,17:50:00,31.82,31.8232,31.8064,31.8232,1736,0
2015-07-16,17:55:00,31.8064,31.8064,31.8064,31.8064,300,0
2015-07-16,18:00:00,31.81,31.81,31.81,31.81,100,0
2015-07-16,18:05:00,31.82,31.82,31.82,31.82,106,0
2015-07-16,18:15:00,31.84,31.84,31.84,31.84,100,0
2015-07-16,18:35:00,31.85,31.85,31.85,31.85,100,0
2015-07-16,18:40:00,31.8464,31.8464,31.8464,31.8464,282,0
2015-07-16,18:45:00,31.8401,31.8401,31.8401,31.8401,100,0
2015-07-16,18:50:00,31.87,31.87,31.87,31.87,100,0
2015-07-16,19:05:00,31.84,31.84,31.84,31.84,100,0
2015-07-16,19:10:00,31.8301,31.8301,31.8301,31.8301,653,0
2015-07-16,19:15:00,31.84,31.84,31.84,31.84,200,0
2015-07-16,19:20:00,31.834,31.834,31.834,31.834,180,0
2015-07-16,19:25:00,31.84,31.84,31.83,31.83,230,0
2015-07-16,19:40:00,31.8359,31.85,31.8359,31.84,435,0
2015-07-16,19:45:00,31.8313,31.8399,31.8313,31.839,1750,0
2015-07-16,19:55:00,31.83,31.83,31.83,31.83,100,0
2015-07-16,20:20:00,31.81,31.81,31.8064,31.8099,512,0
2015-07-16,20:35:00,31.83,31.84,31.8205,31.84,2400,0
2015-07-16,20:45:00,31.84,31.84,31.84,31.84,100,0
2015-07-16,21:15:00,31.8155,31.82,31.8155,31.819,1094,0
2015-07-16,21:20:00,31.81,31.82,31.81,31.82,2661,0
2015-07-16,21:25:00,31.824,31.83,31.824,31.83,1200,0
2015-07-16,21:40:00,31.8298,31.8298,31.8298,31.8298,205,0
2015-07-16,21:55:00,31.8062,31.8062,31.8062,31.8062,140,0
2015-07-17,15:35:00,31.81,31.81,31.76,31.76,13130,0
2015-07-17,15:40:00,31.75,31.7899,31.75,31.7595,1952,0
2015-07-17,15:50:00,31.78,31.78,31.78,31.78,2400,0
2015-07-17,15:55:00,31.79,31.79,31.79,31.79,900,0
2015-07-17,16:05:00,31.8,31.8,31.8,31.8,400,0
2015-07-17,16:15:00,31.7991,31.7991,31.7991,31.7991,100,0
2015-07-17,16:45:00,31.8,31.8,31.7968,31.7968,415,0
2015-07-17,16:50:00,31.8099,31.8099,31.8099,31.8099,500,0
2015-07-17,17:10:00,31.8099,31.8099,31.8099,31.8099,367,0
2015-07-17,17:15:00,31.782,31.782,31.782,31.782,2715,0
2015-07-17,17:30:00,31.79,31.79,31.79,31.79,382,0
2015-07-17,17:35:00,31.81,31.81,31.81,31.81,900,0
2015-07-17,17:50:00,31.8,31.8,31.8,31.8,100,0
2015-07-17,18:25:00,31.77,31.77,31.77,31.77,100,0
2015-07-17,19:05:00,31.8,31.8,31.8,31.8,200,0
2015-07-17,19:10:00,31.8,31.8,31.8,31.8,200,0
2015-07-17,19:15:00,31.8,31.8,31.8,31.8,400,0
2015-07-17,19:20:00,31.8,31.8,31.8,31.8,400,0
2015-07-17,19:25:00,31.81,31.8102,31.81,31.8102,881,0
2015-07-17,19:30:00,31.8,31.8,31.8,31.8,400,0
2015-07-17,19:35:00,31.8,31.8,31.8,31.8,200,0
2015-07-17,19:40:00,31.8,31.8,31.8,31.8,200,0
2015-07-17,19:45:00,31.8,31.8,31.8,31.8,100,0
2015-07-17,19:50:00,31.8,31.8,31.8,31.8,393,0
2015-07-17,20:00:00,31.799,31.799,31.799,31.799,300,0
2015-07-17,20:05:00,31.8,31.8,31.8,31.8,100,0
2015-07-17,20:10:00,31.7802,31.8,31.7802,31.8,211,0
2015-07-17,20:15:00,31.8002,31.8002,31.8002,31.8002,126,0
2015-07-17,20:25:00,31.82,31.82,31.82,31.82,1700,0
2015-07-17,20:30:00,31.8336,31.84,31.8336,31.84,588,0
2015-07-17,20:35:00,31.84,31.85,31.84,31.85,1800,0
2015-07-17,20:40:00,31.86,31.86,31.8552,31.8552,528,0
2015-07-17,20:55:00,31.85,31.85,31.85,31.85,100,0
2015-07-17,21:05:00,31.825,31.825,31.825,31.825,531,0
2015-07-17,21:10:00,31.828,31.83,31.828,31.83,8885,0
2015-07-17,21:15:00,31.81,31.82,31.81,31.82,600,0
2015-07-17,21:20:00,31.83,31.83,31.82,31.82,1390,0
2015-07-17,21:30:00,31.84,31.84,31.8399,31.84,772,0
2015-07-17,21:40:00,31.878,31.878,31.878,31.878,1640,0
2015-07-17,21:45:00,31.88,31.8822,31.87,31.8822,1539,0
2015-07-17,21:55:00,31.9099,31.9099,31.909,31.909,201,0
2015-07-17,22:00:00,31.89,31.89,31.87,31.8778,1668,0
2015-07-20,15:35:00,31.9,31.9,31.9,31.9,100,0
2015-07-20,15:45:00,31.92,31.9799,31.92,31.9799,1663,0
2015-07-20,15:50:00,31.99,31.99,31.99,31.99,100,0
2015-07-20,16:20:00,31.9853,31.9853,31.9853,31.9853,600,0
2015-07-20,16:30:00,31.98,31.98,31.98,31.98,100,0
2015-07-20,16:55:00,32.01,32.01,32.01,32.01,300,0
2015-07-20,17:05:00,32.0375,32.0375,32.0375,32.0375,149,0
2015-07-20,17:20:00,32.05,32.08,32.04,32.04,1000,0
2015-07-20,17:30:00,32.0899,32.0899,32.0899,32.0899,100,0
2015-07-20,17:35:00,32.03,32.03,32.03,32.03,400,0
2015-07-20,17:40:00,32.06,32.06,32.06,32.06,425,0
2015-07-20,18:00:00,32.07,32.0768,32.07,32.0768,727,0
2015-07-20,18:15:00,32.1,32.1,32.09,32.09,705,0
2015-07-20,18:20:00,32.0867,32.0867,32.0867,32.0867,117,0
2015-07-20,18:35:00,32.09,32.09,32.09,32.09,1000,0
2015-07-20,18:45:00,32.1,32.11,32.1,32.11,624,0
2015-07-20,19:10:00,32.12,32.12,32.12,32.12,200,0
2015-07-20,19:25:00,32.13,32.13,32.13,32.13,100,0
2015-07-20,19:40:00,32.14,32.14,32.12,32.12,1700,0
2015-07-20,19:45:00,32.12,32.12,32.12,32.12,600,0
2015-07-20,19:50:00,32.13,32.13,32.12,32.13,413,0
2015-07-20,19:55:00,32.09,32.11,32.09,32.11,9459,0
2015-07-20,20:00:00,32.09,32.09,32.09,32.09,1000,0
2015-07-20,20:05:00,32.0999,32.0999,32.0999,32.0999,2000,0
2015-07-20,20:10:00,32.0944,32.1,32.0944,32.1,900,0
2015-07-20,20:20:00,32.1199,32.1199,32.0999,32.0999,1400,0
2015-07-20,20:30:00,32.1055,32.1055,32.1055,32.1055,1109,0
2015-07-20,21:10:00,32.1101,32.1101,32.1101,32.1101,275,0
2015-07-20,21:20:00,32.1447,32.1447,32.1447,32.1447,148,0
2015-07-20,21:25:00,32.12,32.12,32.12,32.12,400,0
2015-07-20,21:30:00,32.11,32.11,32.11,32.11,500,0
2015-07-20,21:55:00,32.06,32.06,32.06,32.06,100,0
2015-07-20,22:00:00,32.06,32.06,32.06,32.06,1400,0
2015-07-21,15:35:00,32.05,32.05,32.05,32.05,353,0
2015-07-21,15:50:00,32.0599,32.06,32.0599,32.06,766,0
2015-07-21,16:00:00,32.0599,32.0599,32.0599,32.0599,119,0
2015-07-21,16:15:00,32.0199,32.0199,32.0199,32.0199,450,0
2015-07-21,16:20:00,32.0138,32.0138,32.0138,32.0138,1870,0
2015-07-21,16:25:00,31.9873,31.9873,31.9873,31.9873,111,0
2015-07-21,16:40:00,31.98,31.98,31.9759,31.9759,1475,0
2015-07-21,16:45:00,31.932,31.932,31.932,31.932,460,0
2015-07-21,16:50:00,31.9399,31.94,31.9399,31.94,727,0
2015-07-21,17:05:00,31.9273,31.9329,31.9273,31.9329,417,0
2015-07-21,17:25:00,31.8899,31.8899,31.8899,31.8899,150,0
2015-07-21,17:30:00,31.8701,31.8701,31.8701,31.8701,1600,0
2015-07-21,17:35:00,31.88,31.88,31.88,31.88,300,0
2015-07-21,17:45:00,31.9053,31.9053,31.9053,31.9053,560,0
2015-07-21,17:55:00,31.9049,31.906,31.9,31.906,426,0
2015-07-21,19:45:00,31.9199,31.9199,31.9053,31.91,726,0
2015-07-21,19:50:00,31.92,31.92,31.92,31.92,270,0
2015-07-21,19:55:00,31.91,31.91,31.91,31.91,300,0
2015-07-21,20:00:00,31.9136,31.9136,31.91,31.9101,1230,0
2015-07-21,20:15:00,31.8975,31.91,31.8975,31.9002,921,0
2015-07-21,20:55:00,31.926,31.926,31.922,31.922,1218,0
2015-07-21,21:00:00,31.933,31.933,31.933,31.933,150,0
2015-07-21,21:05:00,31.93,31.9549,31.93,31.9549,313,0
2015-07-21,21:10:00,31.9504,31.9504,31.9504,31.9504,388,0
2015-07-21,21:15:00,31.96,31.96,31.96,31.96,300,0
2015-07-21,21:20:00,31.967,31.967,31.967,31.967,157,0
2015-07-21,21:30:00,31.9632,31.9632,31.9632,31.9632,140,0
2015-07-21,22:00:00,31.992,32,31.992,31.999,713,0
2015-07-22,15:35:00,31.81,31.83,31.81,31.83,1400,0
2015-07-22,15:45:00,31.89,31.89,31.89,31.89,600,0
2015-07-22,15:55:00,31.918,31.918,31.918,31.918,200,0
2015-07-22,16:15:00,31.93,31.93,31.93,31.93,1400,0
2015-07-22,16:30:00,31.93,31.93,31.93,31.93,1081,0
2015-07-22,16:40:00,31.91,31.91,31.91,31.91,285,0
2015-07-22,16:45:00,31.902,31.902,31.88,31.88,3368,0
2015-07-22,16:55:00,31.9,31.9,31.9,31.9,250,0
2015-07-22,17:05:00,31.93,31.93,31.89,31.9,2351,0
2015-07-22,17:10:00,31.89,31.89,31.89,31.89,1100,0
2015-07-22,17:15:00,31.89,31.89,31.89,31.89,3200,0
2015-07-22,17:30:00,31.84,31.84,31.83,31.83,1600,0
2015-07-22,17:35:00,31.836,31.86,31.836,31.85,1712,0
2015-07-22,17:40:00,31.85,31.85,31.85,31.85,800,0
2015-07-22,18:25:00,31.8809,31.8809,31.8809,31.8809,157,0
2015-07-22,18:35:00,31.9024,31.9024,31.891,31.892,4893,0
2015-07-22,18:40:00,31.887,31.887,31.887,31.887,160,0
2015-07-22,18:55:00,31.8868,31.8868,31.8868,31.8868,540,0
2015-07-22,19:25:00,31.94,31.94,31.94,31.94,38900,0
2015-07-22,19:30:00,31.945,31.95,31.945,31.95,12473,0
2015-07-22,19:45:00,31.955,31.97,31.955,31.97,406,0
2015-07-22,19:50:00,31.967,31.967,31.967,31.967,225,0
2015-07-22,20:15:00,31.9397,31.9397,31.9397,31.9397,276,0
2015-07-22,20:20:00,31.9564,31.9695,31.9564,31.9647,1629,0
2015-07-22,20:25:00,31.9764,31.9764,31.9764,31.9764,113,0
2015-07-22,20:45:00,31.9897,31.9897,31.9897,31.9897,250,0
2015-07-22,20:50:00,31.9801,31.9801,31.9801,31.9801,1532,0
2015-07-22,21:10:00,32.02,32.02,32.0199,32.0199,1370,0
2015-07-23,15:35:00,32.2,32.2,32.11,32.11,412,0
2015-07-23,15:50:00,32.041,32.043,32.041,32.043,200,0
2015-07-23,16:05:00,32.04,32.04,32.04,32.04,500,0
2015-07-23,16:10:00,32.0399,32.0399,32.0399,32.0399,100,0
2015-07-23,16:25:00,32.0686,32.0686,32.0686,32.0686,207,0
2015-07-23,16:30:00,32.09,32.09,32.09,32.09,400,0
2015-07-23,17:05:00,32.1,32.1,32.1,32.1,100,0
2015-07-23,17:25:00,32.09,32.09,32.09,32.09,2400,0
2015-07-23,17:30:00,32.07,32.07,32.07,32.07,100,0
2015-07-23,17:35:00,32.0399,32.0399,32.0399,32.0399,150,0
2015-07-23,17:40:00,32.0299,32.0299,32.0299,32.0299,150,0
2015-07-23,17:55:00,31.974,31.98,31.974,31.9799,1236,0
2015-07-23,18:05:00,31.92,31.92,31.92,31.92,100,0
2015-07-23,18:15:00,31.91,31.91,31.9099,31.9099,250,0
2015-07-23,18:25:00,31.8795,31.8795,31.8795,31.8795,400,0
2015-07-23,18:55:00,31.8705,31.872,31.8705,31.872,525,0
2015-07-23,19:30:00,31.8396,31.8396,31.8396,31.8396,900,0
2015-07-23,19:55:00,31.87,31.87,31.87,31.87,247,0
2015-07-23,20:40:00,31.854,31.865,31.854,31.865,5400,0
2015-07-23,20:55:00,31.8397,31.8397,31.8101,31.8101,1200,0
2015-07-23,21:00:00,31.8238,31.8238,31.8238,31.8238,108,0
2015-07-23,21:05:00,31.8219,31.8219,31.8219,31.8219,220,0
2015-07-23,21:15:00,31.779,31.779,31.779,31.779,100,0
2015-07-23,22:00:00,31.7921,31.7921,31.7852,31.7852,259,0
2015-07-24,15:35:00,31.82,31.82,31.82,31.82,1511,0
2015-07-24,15:50:00,31.7505,31.7505,31.739,31.739,447,0
2015-07-24,16:10:00,31.7799,31.7799,31.7799,31.7799,150,0
2015-07-24,16:50:00,31.6324,31.67,31.6324,31.67,261,0
2015-07-24,16:55:00,31.64,31.64,31.64,31.64,200,0
2015-07-24,17:00:00,31.6699,31.6699,31.6205,31.66,1505,0
2015-07-24,17:05:00,31.6499,31.6499,31.6345,31.6345,459,0
2015-07-24,17:15:00,31.6259,31.6259,31.6259,31.6259,452,0
2015-07-24,17:25:00,31.62,31.62,31.62,31.62,680,0
2015-07-24,17:30:00,31.635,31.635,31.6101,31.6101,400,0
2015-07-24,17:40:00,31.62,31.62,31.62,31.62,300,0
2015-07-24,17:50:00,31.6101,31.6101,31.61,31.61,400,0
2015-07-24,18:00:00,31.6199,31.6199,31.6199,31.6199,500,0
2015-07-24,18:10:00,31.612,31.6199,31.612,31.6199,979,0
2015-07-24,18:30:00,31.605,31.605,31.605,31.605,100,0
2015-07-24,18:50:00,31.57,31.574,31.57,31.574,453,0
2015-07-24,19:10:00,31.57,31.57,31.57,31.57,159,0
2015-07-24,19:15:00,31.5518,31.5518,31.5364,31.5364,2071,0
2015-07-24,19:20:00,31.555,31.555,31.555,31.555,100,0
2015-07-24,19:30:00,31.5699,31.5699,31.53,31.53,2272,0
2015-07-24,19:40:00,31.5231,31.5231,31.5231,31.5231,250,0
2015-07-24,19:45:00,31.5,31.5,31.5,31.5,1010,0
2015-07-24,19:55:00,31.51,31.51,31.51,31.51,100,0
2015-07-24,20:00:00,31.511,31.513,31.511,31.513,508,0
2015-07-24,20:15:00,31.446,31.446,31.446,31.446,180,0
2015-07-24,20:30:00,31.4,31.4,31.4,31.4,161,0
2015-07-24,20:35:00,31.399,31.399,31.3852,31.3852,1399,0
2015-07-24,20:40:00,31.3999,31.3999,31.3999,31.3999,100,0
2015-07-24,20:55:00,31.4099,31.4099,31.4099,31.4099,955,0
2015-07-24,21:35:00,31.346,31.346,31.346,31.346,170,0
2015-07-24,21:50:00,31.39,31.39,31.39,31.39,160,0
2015-07-24,21:55:00,31.3999,31.3999,31.3999,31.3999,1270,0
2015-07-24,22:00:00,31.3795,31.3795,31.3795,31.3795,318,0
2015-07-27,15:35:00,31.2,31.2,31.16,31.16,859,0
2015-07-27,15:40:00,31.0966,31.0966,31.0944,31.0966,2471,0
2015-07-27,15:55:00,31.21,31.2199,31.21,31.2199,823,0
2015-07-27,16:15:00,31.15,31.15,31.15,31.15,600,0
2015-07-27,16:20:00,31.16,31.16,31.16,31.16,1200,0
2015-07-27,16:40:00,31.2499,31.25,31.2338,31.25,1410,0
2015-07-27,16:45:00,31.2672,31.2672,31.2672,31.2672,137,0
2015-07-27,16:55:00,31.2205,31.2205,31.2205,31.2205,307,0
2015-07-27,17:05:00,31.2199,31.22,31.2199,31.22,1410,0
2015-07-27,17:15:00,31.1899,31.1899,31.1899,31.1899,279,0
2015-07-27,17:25:00,31.1323,31.1323,31.1323,31.1323,341,0
2015-07-27,17:50:00,31.1183,31.1183,31.1183,31.1183,343,0
2015-07-27,18:05:00,31.1648,31.1648,31.1648,31.1648,160,0
2015-07-27,19:00:00,31.1199,31.13,31.1199,31.13,3701,0
2015-07-27,19:05:00,31.1398,31.1398,31.1398,31.1398,208,0
2015-07-27,19:10:00,31.14,31.1597,31.14,31.15,2325,0
2015-07-27,19:15:00,31.1201,31.1201,31.1201,31.1201,450,0
2015-07-27,19:20:00,31.1399,31.1399,31.1399,31.1399,360,0
2015-07-27,19:25:00,31.101,31.102,31.101,31.102,400,0
2015-07-27,19:40:00,31.09,31.09,31.09,31.09,100,0
2015-07-27,19:45:00,31.1098,31.1098,31.1098,31.1098,250,0
2015-07-27,19:50:00,31.12,31.13,31.12,31.13,1800,0
2015-07-27,20:00:00,31.174,31.174,31.174,31.174,200,0
2015-07-27,20:05:00,31.1799,31.1799,31.1699,31.1699,467,0
2015-07-27,20:15:00,31.1598,31.1598,31.1598,31.1598,100,0
2015-07-27,20:20:00,31.1764,31.1966,31.1764,31.1966,315,0
2015-07-27,20:40:00,31.2,31.2,31.2,31.2,180,0
2015-07-27,20:55:00,31.1899,31.1899,31.16,31.16,400,0
2015-07-27,21:00:00,31.1699,31.1699,31.15,31.153,2075,0
2015-07-27,21:10:00,31.1504,31.1504,31.1504,31.1504,183,0
2015-07-27,21:15:00,31.1564,31.1564,31.1564,31.1564,828,0
2015-07-27,21:25:00,31.1536,31.1599,31.1536,31.1599,800,0
2015-07-27,21:30:00,31.1697,31.1697,31.1697,31.1697,100,0
2015-07-27,21:45:00,31.144,31.144,31.144,31.144,500,0
2015-07-27,22:00:00,31.14,31.14,31.14,31.14,159,0
2015-07-28,15:35:00,31.35,31.35,31.3,31.3,1960,0
2015-07-28,15:40:00,31.28,31.32,31.28,31.28,700,0
2015-07-28,15:45:00,31.25,31.28,31.25,31.28,5600,0
2015-07-28,15:50:00,31.27,31.27,31.24,31.26,7094,0
2015-07-28,15:55:00,31.24,31.24,31.24,31.24,100,0
2015-07-28,16:05:00,31.31,31.31,31.31,31.31,150,0
2015-07-28,16:20:00,31.2899,31.2899,31.2899,31.2899,200,0
2015-07-28,16:25:00,31.2599,31.2599,31.2412,31.2412,1755,0
2015-07-28,16:30:00,31.2088,31.2199,31.2024,31.2199,3033,0
2015-07-28,16:35:00,31.2399,31.2399,31.21,31.21,250,0
2015-07-28,16:45:00,31.2271,31.2271,31.2271,31.2271,110,0
2015-07-28,17:30:00,31.318,31.32,31.318,31.32,400,0
2015-07-28,17:35:00,31.36,31.3695,31.36,31.3695,1831,0
2015-07-28,17:40:00,31.36,31.3679,31.36,31.3679,900,0
2015-07-28,17:45:00,31.375,31.375,31.375,31.375,200,0
2015-07-28,17:50:00,31.39,31.39,31.39,31.39,660,0
2015-07-28,18:00:00,31.39,31.39,31.39,31.39,400,0
2015-07-28,18:05:00,31.39,31.3932,31.38,31.3932,444,0
2015-07-28,18:10:00,31.39,31.39,31.39,31.39,1000,0
2015-07-28,18:15:00,31.408,31.408,31.408,31.408,155,0
2015-07-28,18:20:00,31.43,31.43,31.43,31.43,100,0
2015-07-28,18:30:00,31.45,31.45,31.4472,31.4472,379,0
2015-07-28,18:45:00,31.46,31.46,31.46,31.46,574,0
2015-07-28,19:00:00,31.48,31.48,31.4749,31.4749,462,0
2015-07-28,19:10:00,31.49,31.49,31.4899,31.49,1180,0
2015-07-28,19:15:00,31.536,31.536,31.52,31.52,574,0
2015-07-28,19:20:00,31.55,31.55,31.55,31.55,100,0
2015-07-28,19:25:00,31.55,31.57,31.55,31.57,1300,0
2015-07-28,19:30:00,31.56,31.568,31.56,31.568,400,0
2015-07-28,19:40:00,31.54,31.54,31.54,31.54,100,0
2015-07-28,19:55:00,31.56,31.56,31.56,31.56,100,0
2015-07-28,20:05:00,31.563,31.563,31.563,31.563,1500,0
2015-07-28,20:15:00,31.5999,31.5999,31.581,31.581,300,0
2015-07-28,20:25:00,31.6006,31.6006,31.6006,31.6006,100,0
2015-07-28,20:35:00,31.58,31.58,31.5736,31.5736,410,0
2015-07-28,20:50:00,31.5726,31.58,31.5726,31.5795,1460,0
2015-07-28,20:55:00,31.5826,31.5826,31.5826,31.5826,817,0
2015-07-28,21:00:00,31.59,31.59,31.59,31.59,100,0
2015-07-28,21:05:00,31.58,31.58,31.57,31.57,800,0
2015-07-28,21:35:00,31.5402,31.55,31.5402,31.55,1225,0
2015-07-28,21:45:00,31.558,31.57,31.558,31.57,712,0
2015-07-28,22:00:00,31.5528,31.57,31.5528,31.57,950,0
2015-07-29,15:35:00,31.57,31.6,31.57,31.6,2207,0
2015-07-29,16:00:00,31.6099,31.6099,31.6099,31.6099,100,0
2015-07-29,16:30:00,31.61,31.61,31.61,31.61,500,0
2015-07-29,17:00:00,31.63,31.63,31.63,31.63,100,0
2015-07-29,17:10:00,31.62,31.62,31.62,31.62,100,0
2015-07-29,17:15:00,31.6219,31.6219,31.6219,31.6219,288,0
2015-07-29,17:35:00,31.6172,31.6172,31.6172,31.6172,500,0
2015-07-29,17:40:00,31.6599,31.6599,31.6599,31.6599,500,0
2015-07-29,17:45:00,31.6501,31.6501,31.6501,31.6501,170,0
2015-07-29,18:00:00,31.658,31.658,31.658,31.658,550,0
2015-07-29,18:20:00,31.6101,31.6101,31.6101,31.6101,321,0
2015-07-29,18:50:00,31.6599,31.6599,31.6599,31.6599,200,0
2015-07-29,18:55:00,31.66,31.66,31.64,31.64,600,0
2015-07-29,19:00:00,31.6301,31.6301,31.6301,31.6301,640,0
2015-07-29,19:10:00,31.6076,31.6076,31.6076,31.6076,100,0
2015-07-29,19:30:00,31.628,31.628,31.628,31.628,325,0
2015-07-29,19:45:00,31.63,31.63,31.63,31.63,284,0
2015-07-29,20:05:00,31.67,31.67,31.67,31.67,100,0
2015-07-29,20:10:00,31.58,31.58,31.58,31.58,100,0
2015-07-29,20:15:00,31.63,31.6337,31.63,31.6337,1160,0
2015-07-29,20:25:00,31.6599,31.67,31.6403,31.6403,4611,0
2015-07-29,20:30:00,31.6305,31.6344,31.63,31.6344,1750,0
2015-07-29,20:55:00,31.741,31.743,31.741,31.743,400,0
2015-07-29,21:40:00,31.74,31.7436,31.7301,31.7301,2236,0
2015-07-29,21:45:00,31.7657,31.77,31.7657,31.77,1800,0
2015-07-29,21:55:00,31.7857,31.7857,31.7857,31.7857,800,0
2015-07-29,22:00:00,31.79,31.79,31.79,31.79,599,0
2015-07-30,15:40:00,31.6604,31.6604,31.6604,31.6604,1895,0
2015-07-30,15:45:00,31.51,31.5499,31.51,31.5499,200,0
2015-07-30,16:10:00,31.5264,31.5264,31.5264,31.5264,202,0
2015-07-30,16:20:00,31.55,31.55,31.55,31.55,900,0
2015-07-30,16:35:00,31.59,31.59,31.59,31.59,911,0
2015-07-30,16:50:00,31.5699,31.5699,31.5699,31.5699,100,0
2015-07-30,17:00:00,31.5401,31.5401,31.5401,31.5401,242,0
2015-07-30,17:10:00,31.4701,31.471,31.4701,31.471,7365,0
2015-07-30,17:55:00,31.6799,31.6799,31.6553,31.6553,300,0
2015-07-30,18:05:00,31.6736,31.6736,31.6736,31.6736,130,0
2015-07-30,18:45:00,31.7075,31.7075,31.7075,31.7075,250,0
2015-07-30,19:20:00,31.7401,31.7401,31.7401,31.7401,200,0
2015-07-30,19:25:00,31.748,31.748,31.748,31.748,1322,0
2015-07-30,20:10:00,31.7192,31.7192,31.7148,31.7148,500,0
2015-07-30,20:25:00,31.7399,31.75,31.72,31.72,3265,0
2015-07-30,20:35:00,31.7198,31.7198,31.7198,31.7198,366,0
2015-07-30,20:40:00,31.7127,31.7127,31.7127,31.7127,618,0
2015-07-30,20:45:00,31.7299,31.7299,31.7101,31.7101,517,0
2015-07-30,20:55:00,31.74,31.74,31.7248,31.7248,1662,0
2015-07-30,21:15:00,31.74,31.74,31.74,31.74,100,0
2015-07-30,21:20:00,31.74,31.74,31.74,31.74,100,0
2015-07-30,21:30:00,31.74,31.74,31.74,31.74,700,0
2015-07-30,21:45:00,31.7327,31.74,31.7327,31.74,736,0
2015-07-30,21:50:00,31.75,31.75,31.75,31.75,100,0
2015-07-30,21:55:00,31.75,31.75,31.75,31.75,100,0
2015-07-30,22:00:00,31.75,31.75,31.71,31.71,1850,0
2015-07-31,15:35:00,31.9,31.9,31.79,31.79,3531,0
2015-07-31,16:10:00,31.754,31.754,31.754,31.754,230,0
2015-07-31,16:15:00,31.8353,31.8353,31.8353,31.8353,126,0
2015-07-31,16:20:00,31.838,31.838,31.838,31.838,126,0
2015-07-31,16:40:00,31.9,31.9,31.9,31.9,648,0
2015-07-31,17:10:00,31.8615,31.8699,31.8615,31.8699,800,0
2015-07-31,17:35:00,31.8636,31.8636,31.8636,31.8636,188,0
2015-07-31,17:40:00,31.8536,31.8693,31.8536,31.8693,772,0
2015-07-31,17:45:00,31.876,31.88,31.876,31.88,717,0
2015-07-31,17:50:00,31.88,31.88,31.88,31.88,100,0
2015-07-31,17:55:00,31.881,31.881,31.881,31.881,520,0
2015-07-31,18:00:00,31.8999,31.8999,31.8798,31.8798,225,0
2015-07-31,18:10:00,31.861,31.861,31.861,31.861,100,0
2015-07-31,18:15:00,31.8953,31.8953,31.8953,31.8953,389,0
2015-07-31,18:40:00,31.9,31.9,31.9,31.9,5204,0
2015-07-31,19:35:00,31.83,31.83,31.83,31.83,100,0
2015-07-31,19:45:00,31.8136,31.8136,31.8136,31.8136,121,0
2015-07-31,19:55:00,31.8248,31.8248,31.82,31.82,200,0
2015-07-31,20:15:00,31.7905,31.7905,31.7905,31.7905,264,0
2015-07-31,20:20:00,31.79,31.79,31.79,31.79,100,0
2015-07-31,20:25:00,31.781,31.781,31.7805,31.7805,704,0
2015-07-31,20:30:00,31.788,31.7899,31.7755,31.7846,3561,0
2015-07-31,21:15:00,31.7602,31.7602,31.7602,31.7602,260,0
2015-07-31,21:55:00,31.7299,31.7299,31.711,31.722,1600,0
2015-07-31,22:00:00,31.74,31.74,31.74,31.74,1200,0
2015-08-03,15:35:00,31.8,31.806,31.79,31.79,906,0
2015-08-03,15:45:00,31.8303,31.8303,31.81,31.81,400,0
2015-08-03,15:50:00,31.7932,31.7932,31.7932,31.7932,127,0
2015-08-03,15:55:00,31.8158,31.8328,31.8158,31.8328,200,0
2015-08-03,16:00:00,31.84,31.87,31.84,31.87,826,0
2015-08-03,16:25:00,31.7607,31.7607,31.7607,31.7607,300,0
2015-08-03,16:35:00,31.7201,31.7201,31.71,31.71,860,0
2015-08-03,17:15:00,31.7701,31.7701,31.7701,31.7701,445,0
2015-08-03,17:50:00,31.83,31.8318,31.83,31.83,7148,0
2015-08-03,18:05:00,31.81,31.81,31.81,31.81,500,0
2015-08-03,18:10:00,31.81,31.81,31.8,31.8,4097,0
2015-08-03,18:15:00,31.82,31.83,31.82,31.83,7288,0
2015-08-03,18:20:00,31.8356,31.8356,31.79,31.79,830,0
2015-08-03,18:25:00,31.8,31.8,31.8,31.8,3868,0
2015-08-03,18:35:00,31.75,31.75,31.75,31.75,100,0
2015-08-03,18:45:00,31.7099,31.7136,31.7099,31.7136,318,0
2015-08-03,18:50:00,31.69,31.69,31.689,31.689,200,0
2015-08-03,18:55:00,31.643,31.643,31.6232,31.6232,239,0
2015-08-03,19:00:00,31.6256,31.6256,31.6256,31.6256,1616,0
2015-08-03,19:20:00,31.5649,31.5649,31.5649,31.5649,280,0
2015-08-03,19:35:00,31.5951,31.5951,31.59,31.59,800,0
2015-08-03,19:55:00,31.65,31.65,31.65,31.65,100,0
2015-08-03,20:00:00,31.645,31.65,31.628,31.628,3613,0
2015-08-03,20:05:00,31.61,31.61,31.61,31.61,200,0
2015-08-03,20:20:00,31.5993,31.5993,31.5993,31.5993,585,0
2015-08-03,20:40:00,31.62,31.62,31.617,31.617,729,0
2015-08-03,20:45:00,31.6401,31.6505,31.6401,31.6505,436,0
2015-08-03,20:50:00,31.64,31.64,31.64,31.64,285,0
2015-08-03,21:30:00,31.636,31.6537,31.636,31.6537,264,0
2015-08-03,21:45:00,31.7297,31.7297,31.7297,31.7297,3890,0
2015-08-03,21:55:00,31.7173,31.7248,31.7173,31.7248,846,0
2015-08-03,22:00:00,31.74,31.76,31.74,31.76,1120,0
2015-08-04,15:35:00,31.81,31.81,31.79,31.79,2847,0
2015-08-04,16:05:00,31.75,31.75,31.75,31.75,294,0
2015-08-04,16:10:00,31.78,31.78,31.78,31.78,300,0
2015-08-04,16:15:00,31.8003,31.8003,31.8003,31.8003,298,0
2015-08-04,17:00:00,31.7077,31.7077,31.7077,31.7077,251,0
2015-08-04,17:05:00,31.72,31.72,31.72,31.72,400,0
2015-08-04,17:10:00,31.75,31.75,31.745,31.745,400,0
2015-08-04,17:15:00,31.7442,31.75,31.7442,31.75,955,0
2015-08-04,17:20:00,31.7653,31.7653,31.7653,31.7653,600,0
2015-08-04,17:25:00,31.7458,31.7458,31.7458,31.7458,785,0
2015-08-04,17:30:00,31.7599,31.7599,31.7599,31.7599,107,0
2015-08-04,17:55:00,31.7202,31.7202,31.7202,31.7202,163,0
2015-08-04,18:10:00,31.78,31.78,31.78,31.78,1000,0
2015-08-04,18:30:00,31.79,31.79,31.79,31.79,200,0
2015-08-04,19:15:00,31.7196,31.7196,31.7196,31.7196,227,0
2015-08-04,19:50:00,31.781,31.781,31.78,31.78,300,0
2015-08-04,19:55:00,31.73,31.73,31.7081,31.7081,471,0
2015-08-04,20:10:00,31.6977,31.708,31.676,31.676,868,0
2015-08-04,20:15:00,31.655,31.655,31.65,31.65,400,0
2015-08-04,20:25:00,31.6801,31.6801,31.6801,31.6801,490,0
2015-08-04,20:55:00,31.799,31.7996,31.799,31.7996,337,0
2015-08-04,21:00:00,31.786,31.786,31.786,31.786,150,0
2015-08-04,21:05:00,31.8023,31.8023,31.8023,31.8023,306,0
2015-08-04,21:10:00,31.79,31.79,31.79,31.79,168,0
2015-08-04,21:15:00,31.78,31.78,31.7749,31.7773,1178,0
2015-08-04,21:20:00,31.7798,31.7798,31.77,31.77,722,0
2015-08-04,21:25:00,31.77,31.77,31.77,31.77,1332,0
2015-08-04,21:30:00,31.79,31.79,31.79,31.79,133,0
2015-08-04,21:35:00,31.8,31.8,31.79,31.79,7900,0
2015-08-04,21:40:00,31.7901,31.7901,31.78,31.78,1478,0
2015-08-04,21:45:00,31.7899,31.7899,31.7899,31.7899,800,0
2015-08-04,21:50:00,31.7613,31.7613,31.7401,31.7401,600,0
2015-08-04,21:55:00,31.7542,31.7542,31.7542,31.7542,600,0
2015-08-04,22:00:00,31.75,31.77,31.73,31.77,2000,0
2015-08-05,15:35:00,31.91,31.91,31.91,31.91,156,0
2015-08-05,16:05:00,31.9017,31.9017,31.9017,31.9017,144,0
2015-08-05,16:10:00,31.915,31.915,31.912,31.913,1683,0
2015-08-05,16:40:00,31.95,31.95,31.95,31.95,1100,0
2015-08-05,17:00:00,31.989,31.989,31.9862,31.9862,625,0
2015-08-05,17:05:00,31.99,32,31.99,31.99,1500,0
2015-08-05,17:10:00,31.98,31.99,31.98,31.98,560,0
2015-08-05,17:25:00,32.01,32.01,32.01,32.01,1600,0
2015-08-05,17:35:00,32.0079,32.0079,31.9982,31.9982,1014,0
2015-08-05,18:20:00,31.94,31.94,31.91,31.91,600,0
2015-08-05,18:50:00,31.898,31.92,31.89,31.89,2585,0
2015-08-05,19:00:00,31.91,31.91,31.91,31.91,4700,0
2015-08-05,19:20:00,31.88,31.88,31.88,31.88,2000,0
2015-08-05,19:35:00,31.8925,31.897,31.8925,31.897,932,0
2015-08-05,19:40:00,31.8896,31.9,31.88,31.8999,6580,0
2015-08-05,19:45:00,31.9055,31.9055,31.9055,31.9055,1120,0
2015-08-05,19:55:00,31.9099,31.9099,31.9099,31.9099,139,0
2015-08-05,20:20:00,31.9,31.9,31.9,31.9,500,0
2015-08-05,20:45:00,31.9563,31.9563,31.9563,31.9563,117,0
2015-08-05,21:00:00,31.96,31.96,31.9348,31.9348,648,0
2015-08-05,21:30:00,31.961,31.961,31.961,31.961,187,0
2015-08-05,21:35:00,31.9599,31.966,31.956,31.96,4604,0
2015-08-05,21:50:00,31.95,31.95,31.93,31.93,1800,0
2015-08-05,21:55:00,31.9499,31.9499,31.93,31.93,1250,0
2015-08-06,15:35:00,32,32,32,32,561,0
2015-08-06,16:00:00,31.85,31.85,31.85,31.85,250,0
2015-08-06,16:10:00,31.8243,31.8243,31.8243,31.8243,131,0
2015-08-06,16:15:00,31.87,31.87,31.87,31.87,100,0
2015-08-06,16:35:00,31.75,31.75,31.7316,31.7499,750,0
2015-08-06,16:40:00,31.75,31.75,31.75,31.75,250,0
2015-08-06,17:00:00,31.7299,31.7299,31.7299,31.7299,200,0
2015-08-06,17:10:00,31.688,31.688,31.688,31.688,270,0
2015-08-06,17:35:00,31.5395,31.54,31.5395,31.5395,1100,0
2015-08-06,17:40:00,31.47,31.47,31.47,31.47,420,0
2015-08-06,17:50:00,31.5,31.5,31.5,31.5,200,0
2015-08-06,17:55:00,31.505,31.505,31.48,31.48,260,0
2015-08-06,18:05:00,31.4299,31.4299,31.4299,31.4299,1110,0
2015-08-06,18:15:00,31.4177,31.4177,31.4077,31.4077,650,0
2015-08-06,18:35:00,31.3899,31.3899,31.3899,31.3899,390,0
2015-08-06,18:45:00,31.35,31.35,31.35,31.35,100,0
2015-08-06,19:10:00,31.3453,31.3453,31.3453,31.3453,100,0
2015-08-06,19:25:00,31.39,31.39,31.39,31.39,425,0
2015-08-06,19:40:00,31.4348,31.4348,31.4348,31.4348,382,0
2015-08-06,19:45:00,31.4348,31.4348,31.42,31.42,557,0
2015-08-06,19:50:00,31.4399,31.4399,31.4399,31.4399,150,0
2015-08-06,19:55:00,31.43,31.43,31.43,31.43,2331,0
2015-08-06,20:05:00,31.4,31.4,31.3752,31.3752,1122,0
2015-08-06,20:10:00,31.3799,31.38,31.3799,31.3799,1300,0
2015-08-06,20:25:00,31.42,31.425,31.42,31.425,2630,0
2015-08-06,20:50:00,31.45,31.45,31.4498,31.4498,300,0
2015-08-06,20:55:00,31.4306,31.4306,31.4306,31.4306,144,0
2015-08-06,21:05:00,31.411,31.411,31.411,31.411,529,0
2015-08-06,21:40:00,31.35,31.3699,31.35,31.3699,200,0
2015-08-06,21:50:00,31.4299,31.4299,31.4299,31.4299,212,0
2015-08-06,21:55:00,31.4299,31.4299,31.4299,31.4299,100,0
2015-08-06,22:00:00,31.4,31.4,31.4,31.4,201,0
2015-08-07,15:35:00,31.43,31.43,31.43,31.43,5304,0
2015-08-07,15:40:00,31.24,31.264,31.2157,31.2399,2708,0
2015-08-07,16:20:00,31.2894,31.2894,31.2894,31.2894,213,0
2015-08-07,17:20:00,31.14,31.14,31.12,31.12,5725,0
2015-08-07,17:30:00,31.15,31.15,31.1499,31.1499,365,0
2015-08-07,17:40:00,31.076,31.076,31.076,31.076,640,0
2015-08-07,17:50:00,31.08,31.08,31.08,31.08,127,0
2015-08-07,18:10:00,31.141,31.152,31.141,31.152,200,0
2015-08-07,18:25:00,31.16,31.16,31.16,31.16,190,0
2015-08-07,18:35:00,31.13,31.1599,31.13,31.1599,1495,0
2015-08-07,18:50:00,31.18,31.18,31.18,31.18,100,0
2015-08-07,18:55:00,31.164,31.164,31.164,31.164,575,0
2015-08-07,19:05:00,31.13,31.13,31.13,31.13,200,0
2015-08-07,20:05:00,31.15,31.15,31.15,31.15,240,0
2015-08-07,20:25:00,31.17,31.17,31.1617,31.17,990,0
2015-08-07,20:45:00,31.1945,31.1945,31.1945,31.1945,1268,0
2015-08-07,20:55:00,31.2173,31.2173,31.2173,31.2173,100,0
2015-08-07,21:00:00,31.237,31.237,31.237,31.237,250,0
2015-08-07,21:05:00,31.2385,31.2385,31.2385,31.2385,380,0
2015-08-07,21:15:00,31.2327,31.2352,31.2327,31.2352,600,0
2015-08-07,21:25:00,31.316,31.316,31.31,31.31,482,0
2015-08-07,21:35:00,31.355,31.355,31.345,31.345,670,0
2015-08-07,21:40:00,31.3201,31.3201,31.3201,31.3201,155,0
2015-08-07,21:45:00,31.34,31.34,31.34,31.34,100,0
2015-08-07,22:00:00,31.31,31.31,31.31,31.31,661,0
