Date,Time,Open,High,Low,Close,Volume,OpenInt
2015-07-09,15:35:00,39.99,39.99,39.86,39.89,3616,0
2015-07-09,15:40:00,39.9,39.91,39.9,39.91,300,0
2015-07-09,15:45:00,39.93,39.95,39.93,39.95,300,0
2015-07-09,15:50:00,39.95,39.96,39.95,39.96,300,0
2015-07-09,15:55:00,39.98,40.14,39.96,39.96,500,0
2015-07-09,16:00:00,40.14,40.14,39.96,39.96,500,0
2015-07-09,16:05:00,39.97,40.14,39.97,39.97,900,0
2015-07-09,16:10:00,40.13,40.13,39.91,39.91,500,0
2015-07-09,16:15:00,39.9,40.08,39.89,39.9001,710,0
2015-07-09,16:20:00,40.06,40.06,39.88,39.96,800,0
2015-07-09,16:25:00,39.97,39.97,39.82,39.82,400,0
2015-07-09,16:30:00,39.96,39.96,39.82,39.82,600,0
2015-07-09,16:35:00,39.78,39.78,39.65,39.77,300,0
2015-07-09,16:40:00,39.96,39.96,39.78,39.79,600,0
2015-07-09,16:45:00,39.91,39.91,39.72,39.75,53753,0
2015-07-09,16:50:00,39.8,39.81,39.76,39.81,7615,0
2015-07-09,16:55:00,39.795,39.89,39.795,39.88,2700,0
2015-07-09,17:00:00,39.85,39.86,39.841,39.86,1330,0
2015-07-09,17:05:00,39.93,39.93,39.87,39.89,500,0
2015-07-09,17:10:00,39.9,39.99,39.9,39.94,6693,0
2015-07-09,17:15:00,39.98,40.01,39.98,40,4150,0
2015-07-09,17:20:00,39.97,39.99,39.96,39.97,700,0
2015-07-09,17:25:00,39.94,39.97,39.9,39.96,12033,0
2015-07-09,17:30:00,39.97,39.97,39.9,39.9,933,0
2015-07-09,17:35:00,39.9,39.98,39.88,39.9,996,0
2015-07-09,17:40:00,39.98,39.98,39.94,39.94,400,0
2015-07-09,17:45:00,39.98,39.98,39.9,39.95,635,0
2015-07-09,17:50:00,39.92,39.97,39.92,39.94,2276,0
2015-07-09,17:55:00,39.93,39.93,39.88,39.88,500,0
2015-07-09,18:00:00,39.97,39.97,39.76,39.89,1465,0
2015-07-09,18:05:00,39.76,39.77,39.76,39.77,200,0
2015-07-09,18:10:00,39.79,39.79,39.79,39.79,200,0
2015-07-09,18:15:00,39.91,39.91,39.79,39.79,200,0
2015-07-09,18:20:00,39.75,39.89,39.75,39.89,200,0
2015-07-09,18:25:00,39.77,39.89,39.77,39.77,300,0
2015-07-09,18:30:00,39.74,39.78,39.74,39.78,200,0
2015-07-09,18:35:00,39.8,39.8,39.75,39.75,300,0
2015-07-09,18:40:00,39.85,39.85,39.83,39.83,200,0
2015-07-09,18:45:00,39.77,39.77,39.72,39.76,1400,0
2015-07-09,18:50:00,39.7843,39.7843,39.75,39.7833,728,0
2015-07-09,18:55:00,39.7725,39.7725,39.7725,39.7725,388,0
2015-07-09,19:00:00,39.78,39.78,39.78,39.78,100,0
2015-07-09,19:05:00,39.8,39.8,39.8,39.8,500,0
2015-07-09,19:15:00,39.7702,39.79,39.7702,39.79,455,0
2015-07-09,19:20:00,39.84,39.84,39.73,39.79,1500,0
2015-07-09,19:25:00,39.78,39.78,39.68,39.68,600,0
2015-07-09,19:30:00,39.69,39.78,39.69,39.78,200,0
2015-07-09,19:35:00,39.77,39.77,39.63,39.63,200,0
2015-07-09,19:40:00,39.77,39.78,39.7,39.78,400,0
2015-07-09,19:45:00,39.83,39.83,39.745,39.745,300,0
2015-07-09,19:50:00,39.79,39.79,39.745,39.78,1300,0
2015-07-09,19:55:00,39.76,39.76,39.7,39.7,283,0
2015-07-09,20:00:00,39.75,39.84,39.68,39.81,2200,0
2015-07-09,20:05:00,39.7821,39.81,39.75,39.78,1213,0
2015-07-09,20:10:00,39.81,39.84,39.71,39.84,1300,0
2015-07-09,20:15:00,39.78,39.8,39.73,39.79,1750,0
2015-07-09,20:20:00,39.78,39.7902,39.63,39.7902,1467,0
2015-07-09,20:25:00,39.77,39.78,39.66,39.73,700,0
2015-07-09,20:30:00,39.77,39.81,39.65,39.65,800,0
2015-07-09,20:35:00,39.81,39.81,39.64,39.81,400,0
2015-07-09,20:40:00,39.64,39.81,39.64,39.67,300,0
2015-07-09,20:45:00,39.81,39.81,39.6615,39.6615,501,0
2015-07-09,20:50:00,39.81,39.81,39.68,39.68,200,0
2015-07-09,20:55:00,39.8,39.87,39.72,39.87,600,0
2015-07-09,21:00:00,39.855,39.855,39.795,39.8,308,0
2015-07-09,21:05:00,39.87,39.87,39.74,39.8,1381,0
2015-07-09,21:10:00,39.81,39.87,39.81,39.81,300,0
2015-07-09,21:15:00,39.87,39.87,39.815,39.87,400,0
2015-07-09,21:20:00,39.87,39.87,39.81,39.86,500,0
2015-07-09,21:25:00,39.87,39.87,39.75,39.81,740,0
2015-07-09,21:30:00,39.8699,39.87,39.75,39.7864,643,0
2015-07-09,21:35:00,39.86,39.86,39.75,39.75,2500,0
2015-07-09,21:40:00,39.86,39.86,39.71,39.78,2000,0
2015-07-09,21:45:00,39.85,39.85,39.71,39.78,300,0
2015-07-09,21:50:00,39.79,39.79,39.71,39.71,315,0
2015-07-09,21:55:00,39.72,39.85,39.72,39.85,500,0
2015-07-09,22:00:00,39.79,39.86,39.71,39.86,598,0
2015-07-10,15:35:00,40.64,40.7901,40.64,40.79,8142,0
2015-07-10,15:40:00,40.79,40.91,40.79,40.87,1973,0
2015-07-10,15:55:00,40.8124,40.8124,40.8124,40.8124,238,0
2015-07-10,16:05:00,40.7999,40.7999,40.7999,40.7999,270,0
2015-07-10,16:25:00,40.7682,40.7682,40.74,40.74,1254,0
2015-07-10,16:35:00,40.72,40.72,40.72,40.72,300,0
2015-07-10,16:40:00,40.72,40.72,40.72,40.72,400,0
2015-07-10,16:45:00,40.72,40.72,40.71,40.71,200,0
2015-07-10,16:50:00,40.6839,40.6839,40.6839,40.6839,250,0
2015-07-10,16:55:00,40.73,40.73,40.73,40.73,500,0
2015-07-10,17:00:00,40.73,40.76,40.73,40.76,13736,0
2015-07-10,17:15:00,40.8,40.8,40.8,40.8,100,0
2015-07-10,17:25:00,40.81,40.81,40.81,40.81,200,0
2015-07-10,17:30:00,40.79,40.81,40.771,40.81,960,0
2015-07-10,17:35:00,40.81,40.81,40.81,40.81,200,0
2015-07-10,17:40:00,40.8099,40.81,40.8099,40.81,440,0
2015-07-10,17:45:00,40.81,40.81,40.78,40.81,681,0
2015-07-10,17:50:00,40.81,40.92,40.79,40.92,2670,0
2015-07-10,17:55:00,40.884,40.884,40.884,40.884,250,0
2015-07-10,18:15:00,40.8601,40.8601,40.8601,40.8601,179,0
2015-07-10,18:30:00,40.8801,40.94,40.8801,40.94,2012,0
2015-07-10,18:35:00,40.9,40.97,40.8352,40.8352,3576,0
2015-07-10,18:45:00,40.867,40.867,40.867,40.867,183,0
2015-07-10,19:05:00,40.8899,40.8899,40.8899,40.8899,139,0
2015-07-10,19:10:00,40.855,40.855,40.855,40.855,410,0
2015-07-10,19:15:00,40.83,40.83,40.806,40.806,731,0
2015-07-10,19:20:00,40.786,40.786,40.786,40.786,1385,0
2015-07-10,19:25:00,40.7501,40.7501,40.7501,40.7501,425,0
2015-07-10,19:30:00,40.8008,40.8008,40.8008,40.8008,179,0
2015-07-10,19:40:00,40.84,40.84,40.84,40.84,263,0
2015-07-10,19:50:00,40.84,40.84,40.811,40.811,291,0
2015-07-10,20:00:00,40.7845,40.788,40.76,40.76,2856,0
2015-07-10,20:05:00,40.782,40.782,40.76,40.78,510,0
2015-07-10,20:10:00,40.78,40.8,40.78,40.8,1000,0
2015-07-10,20:20:00,40.81,40.866,40.81,40.866,218,0
2015-07-10,20:45:00,40.87,40.87,40.87,40.87,200,0
2015-07-10,21:20:00,40.93,40.93,40.92,40.92,200,0
2015-07-10,21:25:00,40.94,40.94,40.94,40.94,200,0
2015-07-10,21:30:00,40.92,40.9499,40.91,40.91,2106,0
2015-07-10,21:45:00,40.924,40.924,40.924,40.924,502,0
2015-07-10,21:55:00,40.9101,40.921,40.9101,40.921,650,0
2015-07-10,22:00:00,40.9,40.9,40.9,40.9,100,0
2015-07-13,15:35:00,41.14,41.14,41.14,41.14,246,0
2015-07-13,15:40:00,41.2,41.2,41.2,41.2,200,0
2015-07-13,15:45:00,41.01,41.1,41.01,41.09,1570,0
2015-07-13,15:50:00,41.1,41.1,41.06,41.0901,46423,0
2015-07-13,16:25:00,41.16,41.16,41.13,41.141,2660,0
2015-07-13,17:10:00,41.14,41.14,41.0801,41.0801,1111,0
2015-07-13,17:15:00,41.21,41.21,41.21,41.21,2238,0
2015-07-13,17:25:00,41.143,41.143,41.143,41.143,245,0
2015-07-13,17:30:00,41.13,41.18,41.13,41.16,1750,0
2015-07-13,17:35:00,41.19,41.19,41.19,41.19,100,0
2015-07-13,17:40:00,41.19,41.19,41.19,41.19,200,0
2015-07-13,17:45:00,41.23,41.23,41.23,41.23,100,0
2015-07-13,17:50:00,41.21,41.21,41.21,41.21,100,0
2015-07-13,17:55:00,41.19,41.19,41.1553,41.1553,200,0
2015-07-13,18:00:00,41.18,41.18,41.18,41.18,100,0
2015-07-13,18:10:00,41.1586,41.1586,41.1586,41.1586,133,0
2015-07-13,18:30:00,41.142,41.142,41.142,41.142,300,0
2015-07-13,19:00:00,41.1206,41.1206,41.1206,41.1206,156,0
2015-07-13,19:05:00,41.1395,41.1395,41.1395,41.1395,520,0
2015-07-13,19:10:00,41.082,41.083,41.082,41.083,600,0
2015-07-13,19:20:00,41.1027,41.1138,41.1,41.1,936,0
2015-07-13,19:50:00,41.0845,41.088,41.06,41.088,374,0
2015-07-13,20:00:00,41.11,41.11,41.11,41.11,388,0
2015-07-13,20:05:00,41.105,41.105,41.105,41.105,233,0
2015-07-13,20:10:00,41.11,41.11,41.11,41.11,300,0
2015-07-13,20:20:00,41.12,41.12,41.12,41.12,572,0
2015-07-13,20:25:00,41.115,41.115,41.115,41.115,163,0
2015-07-13,20:30:00,41.115,41.115,41.115,41.115,104,0
2015-07-13,20:35:00,41.115,41.115,41.115,41.115,234,0
2015-07-13,20:40:00,41.09,41.09,41.085,41.085,540,0
2015-07-13,20:50:00,41.0647,41.0647,41.0647,41.0647,159,0
2015-07-13,20:55:00,41.1148,41.1148,41.1148,41.1148,285,0
2015-07-13,21:25:00,41.12,41.12,41.12,41.12,177,0
2015-07-13,21:30:00,41.0986,41.0986,41.0986,41.0986,329,0
2015-07-13,21:50:00,41.101,41.101,41.101,41.101,100,0
2015-07-13,21:55:00,41.09,41.1,41.09,41.1,926,0
2015-07-13,22:00:00,41.1,41.1104,41.1,41.1104,268,0
2015-07-14,15:35:00,41.13,41.2799,41.13,41.2799,1699,0
2015-07-14,15:45:00,41.2,41.2,41.11,41.11,13700,0
2015-07-14,15:50:00,41.17,41.18,41.1301,41.1301,820,0
2015-07-14,16:05:00,41.1601,41.1601,41.1601,41.1601,1414,0
2015-07-14,16:30:00,41.18,41.2,41.17,41.2,1573,0
2015-07-14,16:35:00,41.19,41.2,41.19,41.2,773,0
2015-07-14,16:45:00,41.21,41.21,41.18,41.18,3392,0
2015-07-14,16:50:00,41.17,41.18,41.17,41.17,1076,0
2015-07-14,16:55:00,41.16,41.16,41.16,41.16,1600,0
2015-07-14,17:00:00,41.18,41.2299,41.16,41.16,4488,0
2015-07-14,17:05:00,41.17,41.21,41.17,41.21,4100,0
2015-07-14,17:10:00,41.21,41.23,41.19,41.19,10100,0
2015-07-14,17:15:00,41.19,41.2,41.17,41.19,9000,0
2015-07-14,17:20:00,41.19,41.215,41.17,41.2,9653,0
2015-07-14,17:30:00,41.26,41.27,41.23,41.23,6980,0
2015-07-14,17:35:00,41.25,41.31,41.25,41.31,1400,0
2015-07-14,17:40:00,41.36,41.36,41.27,41.2701,1100,0
2015-07-14,17:45:00,41.32,41.33,41.3,41.33,500,0
2015-07-14,17:50:00,41.3041,41.3041,41.3041,41.3041,500,0
2015-07-14,17:55:00,41.27,41.28,41.27,41.27,2069,0
2015-07-14,18:05:00,41.33,41.33,41.2905,41.2905,400,0
2015-07-14,18:10:00,41.3545,41.3545,41.2701,41.2701,3493,0
2015-07-14,18:20:00,41.274,41.274,41.274,41.274,377,0
2015-07-14,18:40:00,41.241,41.282,41.241,41.282,1000,0
2015-07-14,18:55:00,41.2401,41.2401,41.2401,41.2401,120,0
2015-07-14,19:00:00,41.25,41.25,41.25,41.25,100,0
2015-07-14,19:05:00,41.26,41.26,41.26,41.26,790,0
2015-07-14,19:30:00,41.32,41.32,41.32,41.32,104,0
2015-07-14,19:55:00,41.2701,41.2701,41.27,41.27,2000,0
2015-07-14,20:05:00,41.3699,41.3699,41.3699,41.3699,1000,0
2015-07-14,20:10:00,41.2801,41.2801,41.27,41.2702,2110,0
2015-07-14,20:20:00,41.2925,41.2925,41.2801,41.2801,258,0
2015-07-14,20:25:00,41.2935,41.2935,41.29,41.29,1003,0
2015-07-14,20:40:00,41.291,41.291,41.291,41.291,312,0
2015-07-14,21:10:00,41.36,41.4099,41.36,41.4099,500,0
2015-07-14,21:25:00,41.3699,41.3699,41.3699,41.3699,1256,0
2015-07-14,21:30:00,41.3316,41.3528,41.3316,41.3528,2067,0
2015-07-14,21:40:00,41.34,41.34,41.34,41.34,335,0
2015-07-14,21:50:00,41.33,41.33,41.33,41.33,165,0
2015-07-14,22:00:00,41.31,41.31,41.31,41.31,1125,0
2015-07-15,15:35:00,41.32,41.32,41.32,41.32,1805,0
2015-07-15,15:45:00,41.23,41.23,41.2,41.22,1913,0
2015-07-15,16:15:00,41.211,41.211,41.211,41.211,158,0
2015-07-15,16:20:00,41.21,41.21,41.21,41.21,100,0
2015-07-15,16:45:00,41.2604,41.2604,41.2604,41.2604,1075,0
2015-07-15,17:05:00,41.27,41.29,41.25,41.26,1000,0
2015-07-15,17:10:00,41.3199,41.3199,41.257,41.257,779,0
2015-07-15,17:20:00,41.28,41.28,41.245,41.27,500,0
2015-07-15,17:25:00,41.27,41.27,41.26,41.26,200,0
2015-07-15,17:30:00,41.28,41.28,41.23,41.25,700,0
2015-07-15,17:35:00,41.27,41.27,41.27,41.27,100,0
2015-07-15,17:45:00,41.276,41.276,41.276,41.276,121,0
2015-07-15,17:50:00,41.22,41.22,41.22,41.22,100,0
2015-07-15,18:00:00,41.27,41.27,41.27,41.27,120,0
2015-07-15,18:10:00,41.2843,41.2843,41.2843,41.2843,123,0
2015-07-15,18:15:00,41.288,41.288,41.25,41.26,2660,0
2015-07-15,18:30:00,41.2644,41.2644,41.2644,41.2644,250,0
2015-07-15,18:35:00,41.24,41.25,41.24,41.25,500,0
2015-07-15,18:55:00,41.19,41.19,41.19,41.19,200,0
2015-07-15,19:00:00,41.2,41.2,41.19,41.2,575,0
2015-07-15,19:10:00,41.2,41.2299,41.2,41.22,600,0
2015-07-15,19:15:00,41.22,41.23,41.22,41.23,1545,0
2015-07-15,19:25:00,41.2,41.2,41.2,41.2,100,0
2015-07-15,19:35:00,41.2194,41.2194,41.2194,41.2194,100,0
2015-07-15,19:40:00,41.2,41.2,41.2,41.2,100,0
2015-07-15,19:50:00,41.19,41.2,41.19,41.2,400,0
2015-07-15,20:20:00,41.2399,41.2399,41.2399,41.2399,256,0
2015-07-15,20:25:00,41.216,41.216,41.2,41.21,1156,0
2015-07-15,20:30:00,41.21,41.2179,41.21,41.2179,215,0
2015-07-15,20:35:00,41.2299,41.2299,41.2044,41.2044,908,0
2015-07-15,20:50:00,41.07,41.07,41.07,41.07,112,0
2015-07-15,21:00:00,41.06,41.06,41.06,41.06,200,0
2015-07-15,21:10:00,41.1499,41.1499,41.1499,41.1499,495,0
2015-07-15,21:30:00,41.0632,41.1,41.0632,41.1,805,0
2015-07-15,21:35:00,41.1054,41.14,41.1054,41.1357,989,0
2015-07-15,21:40:00,41.1,41.12,41.1,41.1,1800,0
2015-07-15,21:45:00,41.1,41.1,41.1,41.1,5900,0
2015-07-15,21:50:00,41.1,41.108,41.1,41.1,9286,0
2015-07-15,21:55:00,41.1,41.13,41.1,41.12,11645,0
2015-07-15,22:00:00,41.12,41.19,41.09,41.09,31379,0
2015-07-16,15:35:00,41.55,41.55,41.5393,41.5393,1002,0
2015-07-16,16:15:00,41.521,41.521,41.521,41.521,516,0
2015-07-16,16:25:00,41.56,41.56,41.56,41.56,100,0
2015-07-16,16:30:00,41.5835,41.5835,41.52,41.568,2340,0
2015-07-16,16:45:00,41.55,41.55,41.55,41.55,247,0
2015-07-16,16:55:00,41.48,41.48,41.46,41.46,1200,0
2015-07-16,17:00:00,41.56,41.56,41.518,41.518,249,0
2015-07-16,17:10:00,41.47,41.4701,41.47,41.4701,227,0
2015-07-16,17:15:00,41.458,41.458,41.458,41.458,149,0
2015-07-16,17:20:00,41.42,41.4201,41.42,41.4201,800,0
2015-07-16,17:25:00,41.4201,41.4524,41.42,41.4524,725,0
2015-07-16,17:30:00,41.465,41.5,41.44,41.5,820,0
2015-07-16,17:35:00,41.46,41.5,41.46,41.5,400,0
2015-07-16,17:40:00,41.46,41.5,41.46,41.4995,1550,0
2015-07-16,17:45:00,41.54,41.54,41.54,41.54,200,0
2015-07-16,18:00:00,41.51,41.51,41.5,41.5,500,0
2015-07-16,18:10:00,41.46,41.46,41.46,41.46,200,0
2015-07-16,18:25:00,41.45,41.46,41.45,41.46,200,0
2015-07-16,18:35:00,41.43,41.43,41.43,41.43,136,0
2015-07-16,18:40:00,41.4623,41.4623,41.4623,41.4623,659,0
2015-07-16,19:05:00,41.43,41.43,41.43,41.43,259,0
2015-07-16,19:40:00,41.4301,41.4675,41.4301,41.4675,1159,0
2015-07-16,20:25:00,41.4425,41.4425,41.4425,41.4425,120,0
2015-07-16,20:30:00,41.43,41.43,41.43,41.43,1850,0
2015-07-16,20:55:00,41.4575,41.47,41.44,41.47,1988,0
2015-07-16,21:00:00,41.441,41.441,41.44,41.44,580,0
2015-07-16,21:20:00,41.441,41.4756,41.44,41.4756,945,0
2015-07-16,21:40:00,41.462,41.475,41.46,41.46,481,0
2015-07-16,21:45:00,41.4604,41.476,41.4604,41.476,475,0
2015-07-16,21:50:00,41.446,41.5099,41.446,41.5099,1022,0
2015-07-16,21:55:00,41.4717,41.4717,41.435,41.435,879,0
2015-07-16,22:00:00,41.43,41.43,41.41,41.41,1000,0
2015-07-17,15:35:00,41.44,41.44,41.44,41.44,1827,0
2015-07-17,15:40:00,41.4599,41.4599,41.4599,41.4599,200,0
2015-07-17,15:50:00,41.3599,41.3599,41.35,41.35,775,0
2015-07-17,16:10:00,41.25,41.25,41.24,41.24,545,0
2015-07-17,16:20:00,41.23,41.23,41.23,41.23,500,0
2015-07-17,16:25:00,41.22,41.25,41.22,41.25,1200,0
2015-07-17,16:30:00,41.26,41.3,41.26,41.27,1300,0
2015-07-17,16:35:00,41.275,41.29,41.24,41.266,3712,0
2015-07-17,16:40:00,41.27,41.281,41.26,41.27,2800,0
2015-07-17,16:45:00,41.271,41.271,41.27,41.27,200,0
2015-07-17,16:50:00,41.26,41.271,41.2598,41.27,2129,0
2015-07-17,17:00:00,41.26,41.26,41.26,41.26,1300,0
2015-07-17,17:05:00,41.26,41.265,41.25,41.25,5400,0
2015-07-17,17:10:00,41.25,41.25,41.24,41.24,200,0
2015-07-17,17:15:00,41.24,41.24,41.23,41.239,6100,0
2015-07-17,17:20:00,41.23,41.2336,41.23,41.2336,665,0
2015-07-17,17:25:00,41.25,41.25,41.23,41.25,4023,0
2015-07-17,17:30:00,41.2501,41.2501,41.2501,41.2501,230,0
2015-07-17,17:50:00,41.281,41.281,41.281,41.281,112,0
2015-07-17,18:00:00,41.2601,41.3199,41.2601,41.31,1431,0
2015-07-17,18:05:00,41.2637,41.3,41.2637,41.3,289,0
2015-07-17,18:15:00,41.3,41.3,41.3,41.3,100,0
2015-07-17,18:20:00,41.3099,41.3099,41.3099,41.3099,271,0
2015-07-17,18:25:00,41.31,41.31,41.29,41.29,200,0
2015-07-17,18:30:00,41.29,41.31,41.2886,41.3,1002,0
2015-07-17,18:35:00,41.23,41.282,41.23,41.282,938,0
2015-07-17,18:40:00,41.2624,41.2624,41.2624,41.2624,452,0
2015-07-17,18:50:00,41.2401,41.2401,41.2401,41.2401,303,0
2015-07-17,19:50:00,41.2999,41.2999,41.2755,41.2755,1031,0
2015-07-17,20:05:00,41.2799,41.2799,41.2494,41.2494,1228,0
2015-07-17,20:25:00,41.3182,41.3182,41.3182,41.3182,180,0
2015-07-17,20:50:00,41.3036,41.3056,41.3036,41.3056,348,0
2015-07-17,21:05:00,41.298,41.298,41.298,41.298,1000,0
2015-07-17,21:15:00,41.274,41.274,41.274,41.274,200,0
2015-07-17,21:35:00,41.3115,41.3115,41.3115,41.3115,605,0
2015-07-17,21:40:00,41.314,41.314,41.314,41.314,260,0
2015-07-17,21:45:00,41.326,41.326,41.326,41.326,250,0
2015-07-17,22:00:00,41.3048,41.34,41.3048,41.31,34147,0
2015-07-20,15:40:00,41.2796,41.2796,41.2796,41.2796,536,0
2015-07-20,16:10:00,41.29,41.29,41.29,41.29,100,0
2015-07-20,16:15:00,41.3283,41.3283,41.3283,41.3283,155,0
2015-07-20,16:25:00,41.3183,41.3183,41.3183,41.3183,273,0
2015-07-20,16:30:00,41.27,41.29,41.27,41.29,7300,0
2015-07-20,16:35:00,41.34,41.34,41.34,41.34,100,0
2015-07-20,16:55:00,41.3101,41.3101,41.3101,41.3101,101,0
2015-07-20,17:00:00,41.38,41.38,41.38,41.38,316,0
2015-07-20,17:05:00,41.4299,41.4299,41.4299,41.4299,240,0
2015-07-20,17:10:00,41.3801,41.3801,41.3801,41.3801,126,0
2015-07-20,17:15:00,41.42,41.42,41.42,41.42,1050,0
2015-07-20,17:20:00,41.3881,41.3881,41.3881,41.3881,488,0
2015-07-20,17:25:00,41.36,41.36,41.36,41.36,160,0
2015-07-20,17:35:00,41.42,41.42,41.42,41.42,200,0
2015-07-20,17:40:00,41.39,41.39,41.39,41.39,142,0
2015-07-20,17:45:00,41.3876,41.41,41.3876,41.41,327,0
2015-07-20,17:55:00,41.41,41.41,41.41,41.41,200,0
2015-07-20,18:05:00,41.39,41.43,41.39,41.43,450,0
2015-07-20,18:20:00,41.43,41.43,41.43,41.43,200,0
2015-07-20,18:25:00,41.44,41.44,41.44,41.44,100,0
2015-07-20,18:30:00,41.42,41.43,41.42,41.43,300,0
2015-07-20,18:35:00,41.39,41.41,41.39,41.41,3453,0
2015-07-20,18:40:00,41.41,41.42,41.4,41.4,926,0
2015-07-20,18:45:00,41.38,41.41,41.37,41.39,4242,0
2015-07-20,19:00:00,41.43,41.43,41.42,41.42,200,0
2015-07-20,19:15:00,41.3968,41.3968,41.3968,41.3968,500,0
2015-07-20,19:25:00,41.34,41.34,41.34,41.34,1049,0
2015-07-20,19:35:00,41.3899,41.3899,41.3899,41.3899,364,0
2015-07-20,20:00:00,41.3506,41.3506,41.3506,41.3506,292,0
2015-07-20,20:15:00,41.34,41.34,41.34,41.34,119,0
2015-07-20,20:35:00,41.36,41.36,41.36,41.36,100,0
2015-07-20,20:40:00,41.35,41.35,41.35,41.35,200,0
2015-07-20,20:45:00,41.36,41.36,41.36,41.36,500,0
2015-07-20,20:50:00,41.33,41.33,41.33,41.33,1300,0
2015-07-20,20:55:00,41.33,41.33,41.33,41.33,202,0
2015-07-20,21:05:00,41.35,41.36,41.35,41.3599,1877,0
2015-07-20,21:10:00,41.35,41.36,41.35,41.36,300,0
2015-07-20,21:30:00,41.3356,41.3356,41.3356,41.3356,159,0
2015-07-20,21:35:00,41.3512,41.3512,41.34,41.34,1050,0
2015-07-20,21:40:00,41.35,41.35,41.35,41.35,600,0
2015-07-20,21:45:00,41.31,41.34,41.31,41.34,500,0
2015-07-20,21:55:00,41.3556,41.3556,41.3556,41.3556,1896,0
2015-07-20,22:00:00,41.3,41.37,41.3,41.3,310,0
2015-07-21,15:35:00,41.28,41.33,41.28,41.33,1537,0
2015-07-21,15:50:00,41.279,41.279,41.279,41.279,228,0
2015-07-21,15:55:00,41.29,41.29,41.25,41.25,6916,0
2015-07-21,16:10:00,41.25,41.25,41.25,41.25,196,0
2015-07-21,16:40:00,41.24,41.25,41.24,41.25,250,0
2015-07-21,16:50:00,41.2301,41.2301,41.2301,41.2301,340,0
2015-07-21,16:55:00,41.2885,41.3299,41.2885,41.29,441,0
2015-07-21,17:20:00,41.2225,41.26,41.2225,41.26,4731,0
2015-07-21,17:35:00,41.26,41.26,41.26,41.26,170,0
2015-07-21,17:40:00,41.2045,41.2045,41.2045,41.2045,102,0
2015-07-21,17:45:00,41.232,41.232,41.232,41.232,800,0
2015-07-21,18:00:00,41.22,41.22,41.22,41.22,546,0
2015-07-21,18:25:00,41.3,41.3,41.3,41.3,328,0
2015-07-21,18:30:00,41.269,41.269,41.269,41.269,100,0
2015-07-21,18:35:00,41.2625,41.2625,41.2625,41.2625,100,0
2015-07-21,18:45:00,41.2499,41.25,41.2499,41.25,600,0
2015-07-21,19:10:00,41.22,41.22,41.22,41.22,200,0
2015-07-21,19:15:00,41.229,41.229,41.227,41.229,1254,0
2015-07-21,19:45:00,41.229,41.229,41.2,41.214,1320,0
2015-07-21,20:20:00,41.19,41.2,41.19,41.2,200,0
2015-07-21,20:25:00,41.2,41.2,41.2,41.2,205,0
2015-07-21,20:40:00,41.21,41.21,41.21,41.21,1200,0
2015-07-21,20:45:00,41.21,41.21,41.2,41.2,684,0
2015-07-21,20:50:00,41.206,41.2062,41.2049,41.2062,751,0
2015-07-21,20:55:00,41.2,41.2,41.2,41.2,100,0
2015-07-21,21:10:00,41.1854,41.1854,41.17,41.17,200,0
2015-07-21,21:20:00,41.209,41.209,41.209,41.209,200,0
2015-07-21,21:30:00,41.1999,41.1999,41.17,41.17,1127,0
2015-07-21,21:40:00,41.2001,41.2001,41.2001,41.2001,216,0
2015-07-21,21:55:00,41.2473,41.2473,41.236,41.236,1369,0
2015-07-21,22:00:00,41.25,41.26,41.22,41.22,77100,0
2015-07-22,15:35:00,40.91,40.91,40.91,40.91,1994,0
2015-07-22,15:45:00,40.8868,40.91,40.88,40.91,1131,0
2015-07-22,16:00:00,40.96,40.96,40.94,40.94,200,0
2015-07-22,16:15:00,41,41,41,41,100,0
2015-07-22,16:30:00,40.97,40.97,40.97,40.97,100,0
2015-07-22,16:35:00,40.9399,40.9399,40.9399,40.9399,393,0
2015-07-22,16:40:00,40.91,40.91,40.9043,40.9043,681,0
2015-07-22,16:50:00,40.875,40.875,40.875,40.875,100,0
2015-07-22,17:10:00,40.93,40.93,40.93,40.93,100,0
2015-07-22,17:20:00,40.93,40.93,40.93,40.93,100,0
2015-07-22,17:30:00,40.9,40.9,40.9,40.9,100,0
2015-07-22,17:35:00,40.886,40.886,40.88,40.88,304,0
2015-07-22,17:40:00,40.94,40.94,40.94,40.94,100,0
2015-07-22,17:50:00,40.94,40.94,40.9032,40.9032,329,0
2015-07-22,17:55:00,40.912,40.912,40.912,40.912,100,0
2015-07-22,18:00:00,40.92,40.92,40.92,40.92,100,0
2015-07-22,18:05:00,40.95,40.95,40.95,40.95,189,0
2015-07-22,18:10:00,40.91,40.91,40.91,40.91,100,0
2015-07-22,18:20:00,40.9,40.9,40.9,40.9,100,0
2015-07-22,18:25:00,40.87,40.87,40.87,40.87,100,0
2015-07-22,18:30:00,40.91,40.91,40.91,40.91,100,0
2015-07-22,18:40:00,40.9,40.91,40.9,40.91,200,0
2015-07-22,18:50:00,40.896,40.92,40.896,40.91,375,0
2015-07-22,18:55:00,40.909,40.93,40.909,40.91,1217,0
2015-07-22,19:00:00,40.92,40.93,40.92,40.93,200,0
2015-07-22,19:30:00,40.969,40.969,40.928,40.928,1396,0
2015-07-22,19:35:00,40.91,40.91,40.91,40.91,131,0
2015-07-22,19:45:00,40.9358,40.9358,40.9358,40.9358,285,0
2015-07-22,19:50:00,40.9317,40.9317,40.9317,40.9317,119,0
2015-07-22,19:55:00,40.9499,40.9499,40.9499,40.9499,420,0
2015-07-22,20:05:00,40.9,40.9,40.89,40.89,2080,0
2015-07-22,20:20:00,40.9033,40.9033,40.9033,40.9033,171,0
2015-07-22,20:35:00,40.935,40.935,40.935,40.935,225,0
2015-07-22,20:50:00,40.92,40.92,40.92,40.92,144,0
2015-07-22,20:55:00,40.9295,40.9295,40.9295,40.9295,730,0
2015-07-22,21:10:00,40.969,40.969,40.969,40.969,100,0
2015-07-22,21:20:00,40.92,40.92,40.92,40.92,100,0
2015-07-22,21:25:00,40.94,40.95,40.94,40.95,300,0
2015-07-22,21:30:00,40.9599,40.9599,40.9599,40.9599,1256,0
2015-07-22,22:00:00,40.9497,40.9497,40.9497,40.9497,145,0
2015-07-23,15:35:00,40.96,40.99,40.96,40.99,2643,0
2015-07-23,15:40:00,40.96,40.96,40.94,40.95,639,0
2015-07-23,15:45:00,40.93,40.94,40.89,40.92,1089,0
2015-07-23,15:55:00,40.9596,40.9596,40.9596,40.9596,161,0
2015-07-23,16:25:00,40.9601,40.9601,40.9601,40.9601,1450,0
2015-07-23,16:35:00,41.0099,41.0099,40.9855,40.9855,1463,0
2015-07-23,16:55:00,40.98,41.01,40.98,41.01,600,0
2015-07-23,17:00:00,41.02,41.02,41.02,41.02,7243,0
2015-07-23,17:10:00,40.9899,40.9899,40.9899,40.9899,175,0
2015-07-23,17:15:00,40.98,40.98,40.9,40.9,200,0
2015-07-23,17:30:00,40.87,40.87,40.87,40.87,100,0
2015-07-23,17:45:00,40.86,40.86,40.86,40.86,100,0
2015-07-23,17:55:00,40.8,40.8,40.8,40.8,300,0
2015-07-23,18:00:00,40.775,40.775,40.775,40.775,384,0
2015-07-23,18:15:00,40.79,40.79,40.79,40.79,100,0
2015-07-23,18:25:00,40.8199,40.8199,40.8199,40.8199,100,0
2015-07-23,18:45:00,40.805,40.84,40.805,40.84,910,0
2015-07-23,18:55:00,40.82,40.82,40.82,40.82,100,0
2015-07-23,19:00:00,40.82,40.82,40.776,40.776,3290,0
2015-07-23,19:05:00,40.78,40.78,40.78,40.78,100,0
2015-07-23,19:10:00,40.8,40.8,40.8,40.8,400,0
2015-07-23,19:20:00,40.776,40.776,40.776,40.776,283,0
2015-07-23,19:30:00,40.7672,40.7865,40.75,40.7865,2100,0
2015-07-23,19:40:00,40.78,40.78,40.78,40.78,150,0
2015-07-23,19:55:00,40.8345,40.8345,40.81,40.81,331,0
2015-07-23,20:00:00,40.87,40.87,40.87,40.87,150,0
2015-07-23,20:15:00,40.8296,40.8296,40.79,40.8124,911,0
2015-07-23,20:20:00,40.8017,40.806,40.8017,40.806,597,0
2015-07-23,20:35:00,40.8399,40.8399,40.8399,40.8399,1890,0
2015-07-23,20:45:00,40.8301,40.8301,40.8301,40.8301,2480,0
2015-07-23,21:00:00,40.78,40.78,40.78,40.78,100,0
2015-07-23,21:05:00,40.798,40.798,40.798,40.798,400,0
2015-07-23,21:15:00,40.7886,40.79,40.7686,40.79,3480,0
2015-07-23,21:20:00,40.7899,40.7899,40.77,40.78,1423,0
2015-07-23,21:25:00,40.77,40.78,40.77,40.78,2000,0
2015-07-23,21:30:00,40.77,40.77,40.7663,40.7663,999,0
2015-07-23,21:35:00,40.77,40.77,40.76,40.76,1100,0
2015-07-23,21:40:00,40.76,40.77,40.76,40.77,1000,0
2015-07-23,21:45:00,40.77,40.78,40.77,40.78,2823,0
2015-07-23,21:50:00,40.78,40.78,40.7775,40.78,1642,0
2015-07-23,21:55:00,40.78,40.78,40.78,40.78,1579,0
2015-07-23,22:00:00,40.78,40.81,40.7699,40.7999,6667,0
2015-07-24,15:35:00,40.59,40.59,40.59,40.59,574,0
2015-07-24,15:45:00,40.616,40.616,40.616,40.616,189,0
2015-07-24,15:50:00,40.6199,40.6199,40.6199,40.6199,225,0
2015-07-24,16:15:00,40.6192,40.6192,40.6192,40.6192,128,0
2015-07-24,16:30:00,40.5055,40.5055,40.5055,40.5055,548,0
2015-07-24,16:35:00,40.46,40.5199,40.46,40.5199,30459,0
2015-07-24,16:45:00,40.53,40.55,40.53,40.53,3498,0
2015-07-24,17:00:00,40.4662,40.4662,40.4662,40.4662,822,0
2015-07-24,17:10:00,40.5063,40.5063,40.5063,40.5063,252,0
2015-07-24,17:15:00,40.4545,40.4899,40.4545,40.4755,500,0
2015-07-24,17:35:00,40.4881,40.4881,40.4881,40.4881,925,0
2015-07-24,17:50:00,40.49,40.49,40.49,40.49,100,0
2015-07-24,17:55:00,40.48,40.48,40.45,40.45,400,0
2015-07-24,18:00:00,40.4212,40.4212,40.4212,40.4212,150,0
2015-07-24,18:15:00,40.45,40.46,40.4,40.4,536,0
2015-07-24,18:20:00,40.3944,40.3944,40.3944,40.3944,250,0
2015-07-24,18:35:00,40.45,40.46,40.45,40.45,1570,0
2015-07-24,19:35:00,40.3387,40.3387,40.3,40.3,1087,0
2015-07-24,20:05:00,40.3399,40.3399,40.3399,40.3399,700,0
2015-07-24,20:20:00,40.25,40.25,40.25,40.25,517,0
2015-07-24,20:35:00,40.295,40.31,40.291,40.308,3668,0
2015-07-24,20:50:00,40.304,40.304,40.304,40.304,248,0
2015-07-24,20:55:00,40.298,40.298,40.2688,40.284,1264,0
2015-07-24,21:00:00,40.291,40.3,40.291,40.3,417,0
2015-07-24,21:20:00,40.34,40.34,40.34,40.34,390,0
2015-07-24,21:30:00,40.3,40.3,40.3,40.3,241,0
2015-07-24,22:00:00,40.3,40.3,40.29,40.29,285,0
2015-07-27,15:35:00,40.16,40.16,40.16,40.16,1379,0
2015-07-27,15:45:00,40.099,40.099,40.099,40.099,218,0
2015-07-27,15:50:00,40.088,40.088,40.088,40.088,1320,0
2015-07-27,15:55:00,40.071,40.1214,40.071,40.1214,863,0
2015-07-27,16:00:00,40.12,40.15,40.1101,40.1101,600,0
2015-07-27,16:05:00,40.1301,40.1301,40.1301,40.1301,200,0
2015-07-27,16:15:00,40.1,40.1,40.1,40.1,100,0
2015-07-27,16:25:00,40.1186,40.1186,40.1186,40.1186,125,0
2015-07-27,16:35:00,40.1219,40.1219,40.1219,40.1219,185,0
2015-07-27,16:45:00,40.17,40.19,40.17,40.181,3030,0
2015-07-27,17:05:00,40.118,40.118,40.118,40.118,435,0
2015-07-27,17:10:00,40.1762,40.1762,40.1762,40.1762,455,0
2015-07-27,17:20:00,40.1,40.1,40.08,40.0835,575,0
2015-07-27,17:30:00,40.1899,40.1899,40.1899,40.1899,428,0
2015-07-27,17:35:00,40.1279,40.1279,40.1279,40.1279,335,0
2015-07-27,17:45:00,40.17,40.17,40.111,40.17,886,0
2015-07-27,17:50:00,40.14,40.1495,40.09,40.09,460,0
2015-07-27,18:00:00,40.1778,40.1778,40.1778,40.1778,100,0
2015-07-27,18:20:00,40.1,40.1,40.1,40.1,300,0
2015-07-27,18:30:00,40.1101,40.1101,40.1101,40.1101,130,0
2015-07-27,18:35:00,40.16,40.16,40.09,40.1,1200,0
2015-07-27,18:40:00,40.125,40.15,40.1,40.13,2200,0
2015-07-27,18:45:00,40.1,40.15,40.1,40.1,1917,0
2015-07-27,18:50:00,40.15,40.15,40.1,40.1,2200,0
2015-07-27,18:55:00,40.1,40.11,40.05,40.05,1300,0
2015-07-27,19:00:00,40.04,40.08,40.03,40.03,1800,0
2015-07-27,19:05:00,40.0401,40.0401,40.0401,40.0401,482,0
2015-07-27,19:35:00,40.0086,40.0086,40.0086,40.0086,330,0
2015-07-27,19:40:00,40.04,40.04,40.025,40.025,1757,0
2015-07-27,19:45:00,39.9901,39.9901,39.99,39.99,589,0
2015-07-27,19:50:00,39.9882,39.9882,39.9882,39.9882,505,0
2015-07-27,20:05:00,40.0101,40.0101,40.0101,40.0101,368,0
2015-07-27,20:10:00,40.0166,40.0166,40.0166,40.0166,263,0
2015-07-27,20:15:00,40.0176,40.0176,40.0176,40.0176,239,0
2015-07-27,20:25:00,40.0729,40.0729,40.041,40.041,350,0
2015-07-27,20:30:00,40.0446,40.09,40.0401,40.0403,4778,0
2015-07-27,20:40:00,40.035,40.05,40.0203,40.05,2375,0
2015-07-27,20:55:00,40.0364,40.0364,40.0364,40.0364,210,0
2015-07-27,21:00:00,40.0355,40.0355,40.01,40.011,1846,0
2015-07-27,21:10:00,40.013,40.0299,39.99,40.0299,7000,0
2015-07-27,21:15:00,39.9801,40,39.9801,40,989,0
2015-07-27,21:20:00,39.9901,39.995,39.99,39.995,624,0
2015-07-27,21:30:00,39.9955,40.006,39.9955,40.006,395,0
2015-07-27,22:00:00,40.008,40.06,40.008,40.06,19500,0
2015-07-28,15:35:00,40.36,40.36,40.36,40.36,1368,0
2015-07-28,15:55:00,40.23,40.23,40.23,40.23,100,0
2015-07-28,16:00:00,40.22,40.22,40.22,40.22,100,0
2015-07-28,16:10:00,40.2,40.2,40.2,40.2,100,0
2015-07-28,16:20:00,40.1601,40.2,40.16,40.16,903,0
2015-07-28,16:25:00,40.19,40.2,40.19,40.1999,349,0
2015-07-28,16:30:00,40.19,40.2,40.13,40.16,3700,0
2015-07-28,16:45:00,40.23,40.25,40.22,40.2207,55500,0
2015-07-28,16:50:00,40.23,40.24,40.23,40.2328,666,0
2015-07-28,16:55:00,40.24,40.2562,40.24,40.2562,1295,0
2015-07-28,17:00:00,40.29,40.29,40.29,40.29,784,0
2015-07-28,17:05:00,40.264,40.264,40.25,40.25,793,0
2015-07-28,17:20:00,40.29,40.33,40.29,40.33,300,0
2015-07-28,17:25:00,40.31,40.31,40.271,40.31,550,0
2015-07-28,17:30:00,40.36,40.36,40.36,40.36,200,0
2015-07-28,17:35:00,40.35,40.37,40.35,40.36,578,0
2015-07-28,17:40:00,40.37,40.39,40.37,40.38,300,0
2015-07-28,17:55:00,40.44,40.45,40.39,40.39,5328,0
2015-07-28,18:05:00,40.4101,40.4101,40.4101,40.4101,163,0
2015-07-28,18:20:00,40.43,40.43,40.43,40.43,100,0
2015-07-28,18:25:00,40.44,40.4401,40.44,40.44,1970,0
2015-07-28,18:35:00,40.462,40.462,40.462,40.462,125,0
2015-07-28,18:50:00,40.45,40.4501,40.45,40.4501,1064,0
2015-07-28,19:05:00,40.46,40.46,40.46,40.46,100,0
2015-07-28,19:10:00,40.4602,40.4602,40.46,40.4602,1270,0
2015-07-28,19:50:00,40.5452,40.5452,40.5452,40.5452,250,0
2015-07-28,19:55:00,40.536,40.536,40.536,40.536,119,0
2015-07-28,20:05:00,40.54,40.54,40.54,40.54,194,0
2015-07-28,20:10:00,40.54,40.57,40.54,40.56,3134,0
2015-07-28,20:15:00,40.5624,40.5799,40.5624,40.5799,1264,0
2015-07-28,20:20:00,40.5403,40.5403,40.54,40.54,2000,0
2015-07-28,20:25:00,40.541,40.556,40.541,40.545,1181,0
2015-07-28,20:35:00,40.55,40.55,40.51,40.51,619,0
2015-07-28,20:45:00,40.481,40.53,40.481,40.53,526,0
2015-07-28,20:50:00,40.5225,40.53,40.5225,40.53,800,0
2015-07-28,21:15:00,40.5041,40.5041,40.5041,40.5041,175,0
2015-07-28,21:25:00,40.491,40.54,40.491,40.5212,2911,0
2015-07-28,21:30:00,40.53,40.53,40.53,40.53,1177,0
2015-07-28,21:40:00,40.4975,40.4975,40.4975,40.4975,116,0
2015-07-28,21:45:00,40.525,40.525,40.4918,40.4918,1116,0
2015-07-28,22:00:00,40.48,40.48,40.48,40.48,223,0
2015-07-29,15:35:00,40.51,40.51,40.51,40.51,506,0
2015-07-29,16:00:00,40.5,40.5,40.5,40.5,100,0
2015-07-29,16:25:00,40.54,40.54,40.54,40.54,100,0
2015-07-29,16:30:00,40.6088,40.6088,40.6088,40.6088,159,0
2015-07-29,16:50:00,40.6373,40.6373,40.6373,40.6373,132,0
2015-07-29,17:15:00,40.5901,40.5901,40.5901,40.5901,2280,0
2015-07-29,17:30:00,40.6301,40.6736,40.63,40.6736,940,0
2015-07-29,17:35:00,40.6585,40.72,40.6585,40.676,3636,0
2015-07-29,17:40:00,40.6899,40.69,40.6899,40.69,377,0
2015-07-29,17:45:00,40.69,40.69,40.69,40.69,100,0
2015-07-29,17:50:00,40.69,40.69,40.69,40.69,100,0
2015-07-29,17:55:00,40.69,40.69,40.69,40.69,300,0
2015-07-29,18:00:00,40.64,40.711,40.63,40.711,1374,0
2015-07-29,18:15:00,40.61,40.61,40.61,40.61,124,0
2015-07-29,18:40:00,40.6525,40.67,40.65,40.67,437,0
2015-07-29,18:45:00,40.61,40.61,40.61,40.61,334,0
2015-07-29,20:00:00,40.6701,40.6701,40.6701,40.6701,458,0
2015-07-29,20:05:00,40.68,40.68,40.68,40.68,100,0
2015-07-29,20:10:00,40.6193,40.6193,40.5708,40.5708,456,0
2015-07-29,20:15:00,40.65,40.65,40.65,40.65,100,0
2015-07-29,20:20:00,40.74,40.74,40.74,40.74,103,0
2015-07-29,20:30:00,40.7,40.7,40.7,40.7,1105,0
2015-07-29,20:40:00,40.7999,40.7999,40.782,40.782,800,0
2015-07-29,20:55:00,40.78,40.78,40.78,40.78,100,0
2015-07-29,21:00:00,40.8,40.8,40.8,40.8,100,0
2015-07-29,21:05:00,40.7725,40.7725,40.7725,40.7725,157,0
2015-07-29,21:10:00,40.742,40.7514,40.742,40.7514,479,0
2015-07-29,21:25:00,40.67,40.67,40.67,40.67,9399,0
2015-07-29,21:30:00,40.6801,40.6801,40.6801,40.6801,247,0
2015-07-29,21:35:00,40.74,40.74,40.7,40.74,2823,0
2015-07-29,21:40:00,40.711,40.711,40.69,40.69,300,0
2015-07-29,21:45:00,40.7,40.7,40.7,40.7,985,0
2015-07-29,21:50:00,40.7,40.7,40.7,40.7,130,0
2015-07-29,21:55:00,40.6509,40.6509,40.65,40.6509,487,0
2015-07-29,22:00:00,40.65,40.65,40.65,40.65,154,0
2015-07-30,15:35:00,40.62,40.62,40.62,40.62,694,0
2015-07-30,15:45:00,40.49,40.5,40.49,40.5,500,0
2015-07-30,16:15:00,40.53,40.53,40.53,40.53,100,0
2015-07-30,16:40:00,40.5774,40.62,40.55,40.5761,803,0
2015-07-30,17:00:00,40.5417,40.5417,40.5417,40.5417,1329,0
2015-07-30,17:05:00,40.5101,40.5101,40.5101,40.5101,100,0
2015-07-30,17:10:00,40.548,40.574,40.52,40.5668,1472,0
2015-07-30,17:30:00,40.67,40.67,40.67,40.67,100,0
2015-07-30,17:40:00,40.6699,40.6699,40.6699,40.6699,120,0
2015-07-30,17:45:00,40.636,40.68,40.636,40.651,492,0
2015-07-30,17:50:00,40.68,40.69,40.68,40.68,400,0
2015-07-30,18:10:00,40.6492,40.6492,40.6492,40.6492,250,0
2015-07-30,18:15:00,40.6295,40.6295,40.6295,40.6295,250,0
2015-07-30,18:20:00,40.61,40.61,40.61,40.61,246,0
2015-07-30,18:30:00,40.6179,40.6179,40.6179,40.6179,1450,0
2015-07-30,18:40:00,40.56,40.56,40.56,40.56,100,0
2015-07-30,18:45:00,40.5876,40.5876,40.5876,40.5876,115,0
2015-07-30,18:50:00,40.614,40.614,40.614,40.614,750,0
2015-07-30,18:55:00,40.591,40.6,40.591,40.591,573,0
2015-07-30,19:00:00,40.5901,40.5901,40.5901,40.5901,1232,0
2015-07-30,19:10:00,40.61,40.61,40.61,40.61,100,0
2015-07-30,19:25:00,40.6251,40.6251,40.61,40.61,741,0
2015-07-30,19:40:00,40.5905,40.5905,40.5905,40.5905,153,0
2015-07-30,19:55:00,40.62,40.6251,40.62,40.6251,332,0
2015-07-30,20:05:00,40.6214,40.6214,40.6214,40.6214,230,0
2015-07-30,20:10:00,40.5901,40.615,40.5901,40.615,884,0
2015-07-30,20:15:00,40.59,40.59,40.59,40.59,352,0
2015-07-30,20:20:00,40.5901,40.5901,40.5901,40.5901,190,0
2015-07-30,20:30:00,40.64,40.65,40.61,40.61,2240,0
2015-07-30,20:40:00,40.6399,40.6414,40.6399,40.6414,503,0
2015-07-30,20:50:00,40.665,40.6658,40.665,40.6658,391,0
2015-07-30,20:55:00,40.665,40.665,40.665,40.665,100,0
2015-07-30,21:05:00,40.7199,40.7199,40.7199,40.7199,249,0
2015-07-30,21:10:00,40.68,40.68,40.671,40.671,500,0
2015-07-30,21:20:00,40.717,40.717,40.717,40.717,123,0
2015-07-30,21:25:00,40.7097,40.7097,40.7097,40.7097,130,0
2015-07-30,21:30:00,40.74,40.74,40.74,40.74,685,0
2015-07-30,21:35:00,40.7599,40.7599,40.7599,40.7599,221,0
2015-07-30,21:40:00,40.702,40.702,40.702,40.702,200,0
2015-07-30,21:45:00,40.7,40.7101,40.7,40.7101,278,0
2015-07-30,21:55:00,40.72,40.72,40.68,40.69,1067,0
2015-07-30,22:00:00,40.705,40.705,40.7,40.7,268,0
2015-07-31,15:35:00,41.12,41.12,41.12,41.12,105,0
2015-07-31,15:40:00,40.99,41.019,40.9899,40.9899,1337,0
2015-07-31,16:15:00,41.02,41.03,41.01,41.01,300,0
2015-07-31,16:45:00,41.033,41.04,40.97,40.97,443,0
2015-07-31,17:20:00,41.03,41.07,41.03,41.07,300,0
2015-07-31,17:25:00,41.0699,41.08,41.0599,41.0599,300,0
2015-07-31,17:30:00,41.11,41.12,41.11,41.12,400,0
2015-07-31,17:35:00,41.12,41.1299,41.078,41.078,1200,0
2015-07-31,17:40:00,41.12,41.1299,41.095,41.12,1600,0
2015-07-31,17:45:00,41.14,41.14,41.14,41.14,100,0
2015-07-31,17:50:00,41.1299,41.1299,41.078,41.12,716,0
2015-07-31,17:55:00,41.1039,41.12,41.1039,41.12,1003,0
2015-07-31,18:05:00,41.0899,41.0999,41.01,41.0999,4173,0
2015-07-31,18:10:00,41.1099,41.1099,41.1099,41.1099,400,0
2015-07-31,18:15:00,41.1199,41.1199,41.1199,41.1199,200,0
2015-07-31,18:20:00,41.12,41.12,41.11,41.11,500,0
2015-07-31,18:35:00,41.1199,41.1199,41.1199,41.1199,200,0
2015-07-31,18:40:00,41.1099,41.1099,41.06,41.06,1010,0
2015-07-31,18:45:00,41.08,41.08,41.08,41.08,200,0
2015-07-31,18:50:00,41.04,41.04,41.02,41.02,300,0
2015-07-31,19:00:00,41.0343,41.0343,41.0343,41.0343,183,0
2015-07-31,19:05:00,41.04,41.04,41.04,41.04,300,0
2015-07-31,19:15:00,41.0126,41.0599,41.0126,41.0599,998,0
2015-07-31,19:20:00,41.04,41.0599,41.04,41.0599,400,0
2015-07-31,19:25:00,41.0599,41.0599,41.0599,41.0599,100,0
2015-07-31,19:30:00,41.0599,41.0599,41.0599,41.0599,200,0
2015-07-31,19:35:00,41.0399,41.0399,41.0299,41.0299,450,0
2015-07-31,19:40:00,41.0399,41.0399,41.0199,41.0199,400,0
2015-07-31,19:45:00,41.01,41.01,41.01,41.01,200,0
2015-07-31,19:50:00,41.0199,41.0199,41.0199,41.0199,700,0
2015-07-31,19:55:00,41.0199,41.0199,41.0199,41.0199,300,0
2015-07-31,20:00:00,41.02,41.02,41.02,41.02,100,0
2015-07-31,20:05:00,40.9501,41.0299,40.9501,41.0299,425,0
2015-07-31,20:10:00,41.0399,41.0399,41.0399,41.0399,200,0
2015-07-31,20:15:00,41.0399,41.04,41.0399,41.04,300,0
2015-07-31,20:20:00,41.0299,41.0399,41.0299,41.0399,300,0
2015-07-31,20:25:00,40.9899,40.9899,40.9799,40.9799,400,0
2015-07-31,20:30:00,40.98,40.9899,40.98,40.9899,525,0
2015-07-31,20:35:00,40.9899,40.9899,40.9899,40.9899,200,0
2015-07-31,20:40:00,40.96,40.96,40.9599,40.9599,500,0
2015-07-31,20:45:00,40.9499,40.9499,40.9499,40.9499,300,0
2015-07-31,20:50:00,40.9299,40.9299,40.9299,40.9299,200,0
2015-07-31,20:55:00,40.9399,40.9399,40.9399,40.9399,200,0
2015-07-31,21:00:00,40.9399,40.9399,40.9,40.9199,500,0
2015-07-31,21:05:00,40.92,40.92,40.92,40.92,500,0
2015-07-31,21:10:00,40.9499,40.9499,40.9499,40.9499,100,0
2015-07-31,21:15:00,40.85,40.9299,40.85,40.9299,537,0
2015-07-31,21:20:00,40.9299,40.9299,40.9199,40.9299,500,0
2015-07-31,21:25:00,40.9199,40.9199,40.9099,40.9099,600,0
2015-07-31,21:30:00,40.9199,40.92,40.9199,40.92,475,0
2015-07-31,21:35:00,40.8825,40.906,40.8825,40.906,361,0
2015-08-03,16:00:00,40.87,40.87,40.83,40.83,29085,0
2015-08-03,16:15:00,40.9399,40.9399,40.9399,40.9399,219,0
2015-08-03,16:50:00,40.8639,40.8639,40.8639,40.8639,115,0
2015-08-03,16:55:00,40.9299,40.9299,40.9299,40.9299,100,0
2015-08-03,17:05:00,40.878,40.878,40.8768,40.8768,396,0
2015-08-03,17:40:00,40.929,40.929,40.9199,40.929,950,0
2015-08-03,17:55:00,40.8498,40.8498,40.8498,40.8498,612,0
2015-08-03,18:05:00,40.865,40.865,40.865,40.865,141,0
2015-08-03,18:30:00,40.7952,40.7952,40.7952,40.7952,560,0
2015-08-03,19:00:00,40.7199,40.7199,40.7199,40.7199,459,0
2015-08-03,19:20:00,40.6486,40.6486,40.6486,40.6486,220,0
2015-08-03,19:50:00,40.7499,40.7499,40.6701,40.6701,1614,0
2015-08-03,20:00:00,40.7176,40.7176,40.7176,40.7176,444,0
2015-08-03,20:05:00,40.695,40.695,40.695,40.695,100,0
2015-08-03,20:10:00,40.6899,40.6899,40.6899,40.6899,620,0
2015-08-03,20:30:00,40.683,40.683,40.683,40.683,120,0
2015-08-03,20:35:00,40.65,40.65,40.65,40.65,375,0
2015-08-03,20:40:00,40.743,40.743,40.743,40.743,2450,0
2015-08-03,20:50:00,40.6608,40.6608,40.6608,40.6608,2000,0
2015-08-03,21:05:00,40.6999,40.6999,40.6999,40.6999,180,0
2015-08-03,21:15:00,40.6908,40.6908,40.6908,40.6908,108,0
2015-08-03,21:20:00,40.7,40.7,40.7,40.7,224,0
2015-08-03,21:30:00,40.678,40.678,40.678,40.678,525,0
2015-08-03,21:40:00,40.73,40.73,40.7255,40.7255,1380,0
2015-08-04,15:35:00,40.8,40.8,40.8,40.8,611,0
2015-08-04,15:45:00,40.83,40.88,40.83,40.88,814,0
2015-08-04,16:10:00,40.84,40.84,40.84,40.84,2043,0
2015-08-04,16:20:00,40.89,40.89,40.89,40.89,530,0
2015-08-04,16:30:00,40.9,40.9,40.9,40.9,100,0
2015-08-04,16:35:00,40.88,40.98,40.87,40.91,12200,0
2015-08-04,16:40:00,40.96,40.99,40.91,40.91,4100,0
2015-08-04,16:45:00,40.83,40.91,40.83,40.91,3200,0
2015-08-04,16:50:00,40.93,40.95,40.88,40.91,2100,0
2015-08-04,16:55:00,40.8,40.94,40.8,40.905,1335,0
2015-08-04,17:00:00,40.92,40.92,40.8306,40.8306,2020,0
2015-08-04,17:05:00,40.88,40.88,40.88,40.88,100,0
2015-08-04,17:10:00,40.885,40.8965,40.87,40.8965,700,0
2015-08-04,17:15:00,40.89,40.91,40.8858,40.9,800,0
2015-08-04,17:20:00,40.84,40.866,40.84,40.866,1102,0
2015-08-04,17:25:00,40.848,40.89,40.8472,40.88,1551,0
2015-08-04,17:30:00,40.85,40.85,40.8401,40.8401,200,0
2015-08-04,17:35:00,40.89,40.99,40.89,40.98,1700,0
2015-08-04,17:40:00,40.9731,40.99,40.94,40.95,1400,0
2015-08-04,17:45:00,40.94,41,40.94,40.94,1812,0
2015-08-04,17:50:00,40.99,40.995,40.96,40.97,2000,0
2015-08-04,17:55:00,40.99,40.995,40.99,40.99,1400,0
2015-08-04,18:00:00,40.94,40.98,40.94,40.98,1600,0
2015-08-04,18:05:00,40.96,40.961,40.96,40.96,900,0
2015-08-04,18:10:00,40.94,40.985,40.94,40.98,600,0
2015-08-04,18:30:00,40.9655,40.9655,40.9655,40.9655,656,0
2015-08-04,18:35:00,40.98,40.99,40.98,40.99,400,0
2015-08-04,18:45:00,40.99,40.99,40.99,40.99,200,0
2015-08-04,18:55:00,40.98,40.98,40.98,40.98,300,0
2015-08-04,19:05:00,40.99,40.995,40.9399,40.96,2810,0
2015-08-04,19:15:00,40.93,40.93,40.93,40.93,700,0
2015-08-04,19:20:00,40.93,40.94,40.9201,40.9319,1131,0
2015-08-04,19:30:00,40.92,40.92,40.92,40.92,293,0
2015-08-04,19:45:00,40.7601,40.7601,40.7601,40.7601,200,0
2015-08-04,20:00:00,40.75,40.75,40.73,40.732,500,0
2015-08-04,20:05:00,40.7499,40.75,40.7263,40.7263,1751,0
2015-08-04,20:25:00,40.715,40.715,40.715,40.715,100,0
2015-08-04,21:10:00,40.72,40.7308,40.72,40.7308,660,0
2015-08-04,21:15:00,40.673,40.673,40.673,40.673,553,0
2015-08-04,21:20:00,40.6608,40.6608,40.6608,40.6608,259,0
2015-08-04,21:30:00,40.726,40.726,40.726,40.726,585,0
2015-08-04,21:35:00,40.7479,40.7479,40.72,40.72,1274,0
2015-08-04,21:40:00,40.71,40.7227,40.71,40.7227,534,0
2015-08-04,22:00:00,40.74,40.74,40.74,40.74,300,0
2015-08-05,15:35:00,41.06,41.06,41.06,41.06,625,0
2015-08-05,15:45:00,41.151,41.18,41.15,41.17,600,0
2015-08-05,16:20:00,41.05,41.05,41.05,41.05,100,0
2015-08-05,16:25:00,41.02,41.04,40.98,41.02,34854,0
2015-08-05,16:30:00,41.04,41.04,41.04,41.04,455,0
2015-08-05,16:35:00,41.05,41.06,41.04,41.044,3136,0
2015-08-05,16:40:00,41.04,41.04,41.04,41.04,600,0
2015-08-05,16:45:00,41.03,41.03,40.98,40.98,207300,0
2015-08-05,16:50:00,40.94,40.96,40.91,40.96,26900,0
2015-08-05,16:55:00,40.95,40.95,40.9499,40.95,1588,0
2015-08-05,17:00:00,40.941,40.941,40.94,40.94,1832,0
2015-08-05,17:05:00,40.95,40.95,40.95,40.95,1650,0
2015-08-05,17:10:00,40.9324,40.9324,40.9324,40.9324,878,0
2015-08-05,17:20:00,40.95,40.97,40.95,40.95,9400,0
2015-08-05,17:30:00,40.9,40.9,40.9,40.9,183900,0
2015-08-05,17:50:00,40.95,40.95,40.94,40.94,2900,0
2015-08-05,17:55:00,40.9348,40.94,40.921,40.921,2556,0
2015-08-05,18:00:00,40.92,40.924,40.89,40.924,1552,0
2015-08-05,18:05:00,40.92,40.925,40.89,40.9,15086,0
2015-08-05,18:10:00,40.91,40.91,40.9075,40.91,800,0
2015-08-05,18:20:00,40.91,40.9142,40.91,40.9142,2202,0
2015-08-05,18:25:00,40.89,40.89,40.89,40.89,1300,0
2015-08-05,18:30:00,40.9299,40.9299,40.9299,40.9299,1175,0
2015-08-05,19:00:00,40.95,40.95,40.95,40.95,715,0
2015-08-05,19:05:00,40.95,40.96,40.95,40.9599,486,0
2015-08-05,19:10:00,40.92,40.92,40.92,40.92,273,0
2015-08-05,19:20:00,40.8901,40.8901,40.8901,40.8901,1465,0
2015-08-05,19:25:00,40.9255,40.9255,40.9255,40.9255,122,0
2015-08-05,19:40:00,40.9455,40.9455,40.9455,40.9455,200,0
2015-08-05,19:45:00,40.97,40.98,40.97,40.98,1124,0
2015-08-05,19:50:00,40.984,40.984,40.941,40.941,1835,0
2015-08-05,19:55:00,40.9627,40.9627,40.9627,40.9627,115,0
2015-08-05,20:05:00,40.9646,40.9646,40.9646,40.9646,484,0
2015-08-05,20:15:00,40.9899,40.9899,40.9899,40.9899,945,0
2015-08-05,20:40:00,41.01,41.01,41.01,41.01,862,0
2015-08-05,20:45:00,41,41,40.97,40.971,2335,0
2015-08-05,20:50:00,40.99,40.99,40.98,40.98,997,0
2015-08-05,20:55:00,40.9847,40.9847,40.978,40.978,650,0
2015-08-05,21:00:00,40.97,40.97,40.9664,40.9664,375,0
2015-08-05,21:10:00,40.99,40.99,40.99,40.99,700,0
2015-08-05,21:15:00,41,41,41,41,500,0
2015-08-05,21:20:00,40.97,40.97,40.96,40.96,1600,0
2015-08-05,21:25:00,40.96,40.97,40.96,40.96,725,0
2015-08-05,21:30:00,40.97,40.97,40.96,40.968,75735,0
2015-08-05,21:35:00,40.97,40.9799,40.96,40.9697,1273,0
2015-08-05,21:55:00,40.95,40.96,40.95,40.95,805,0
2015-08-05,22:00:00,40.95,40.95,40.94,40.94,3407,0
2015-08-06,15:35:00,40.85,40.85,40.85,40.85,559,0
2015-08-06,15:45:00,40.8143,40.83,40.812,40.83,1988,0
2015-08-06,15:50:00,40.7801,40.7801,40.7801,40.7801,500,0
2015-08-06,15:55:00,40.805,40.805,40.805,40.805,100,0
2015-08-06,16:10:00,40.77,40.795,40.76,40.795,5900,0
2015-08-06,16:15:00,40.795,40.815,40.795,40.815,4000,0
2015-08-06,16:20:00,40.79,40.8,40.78,40.78,5500,0
2015-08-06,16:25:00,40.77,40.78,40.725,40.76,27475,0
2015-08-06,16:30:00,40.77,40.78,40.74,40.74,3900,0
2015-08-06,16:35:00,40.74,40.79,40.74,40.79,5500,0
2015-08-06,16:40:00,40.79,40.815,40.79,40.8,3800,0
2015-08-06,16:45:00,40.81,40.82,40.81,40.82,4985,0
2015-08-06,16:50:00,40.82,40.82,40.81,40.81,6457,0
2015-08-06,16:55:00,40.83,40.83,40.8,40.8,3800,0
2015-08-06,17:00:00,40.79,40.79,40.77,40.79,6000,0
2015-08-06,17:05:00,40.77,40.79,40.75,40.79,5600,0
2015-08-06,17:10:00,40.79,40.79,40.76,40.77,5000,0
2015-08-06,17:15:00,40.77,40.78,40.75,40.75,7898,0
2015-08-06,17:20:00,40.77,40.78,40.75,40.75,4400,0
2015-08-06,17:25:00,40.76,40.77,40.7599,40.76,4448,0
2015-08-06,17:30:00,40.75,40.75,40.71,40.71,7300,0
2015-08-06,17:35:00,40.7,40.71,40.67,40.71,4600,0
2015-08-06,17:40:00,40.68,40.68,40.64,40.65,8300,0
2015-08-06,17:45:00,40.65,40.71,40.65,40.69,4300,0
2015-08-06,17:50:00,40.67,40.69,40.67,40.67,4900,0
2015-08-06,17:55:00,40.709,40.709,40.64,40.645,10322,0
2015-08-06,18:00:00,40.65,40.65,40.62,40.64,4800,0
2015-08-06,18:05:00,40.65,40.65,40.63,40.63,6000,0
2015-08-06,18:10:00,40.64,40.67,40.62,40.66,5500,0
2015-08-06,18:15:00,40.66,40.68,40.64,40.65,4100,0
2015-08-06,18:20:00,40.64,40.645,40.63,40.63,4800,0
2015-08-06,18:25:00,40.6273,40.6273,40.58,40.59,5435,0
2015-08-06,18:30:00,40.6,40.63,40.585,40.63,16100,0
2015-08-06,18:35:00,40.63,40.64,40.6,40.62,8800,0
2015-08-06,18:40:00,40.59,40.62,40.5775,40.6,14566,0
2015-08-06,18:45:00,40.58,40.625,40.57,40.6,9400,0
2015-08-06,18:50:00,40.6,40.62,40.58,40.6,12997,0
2015-08-06,18:55:00,40.59,40.61,40.59,40.61,10113,0
2015-08-06,19:00:00,40.59,40.61,40.5875,40.59,10176,0
2015-08-06,19:05:00,40.59,40.62,40.59,40.61,7200,0
2015-08-06,19:10:00,40.605,40.635,40.5975,40.6,16300,0
2015-08-06,19:15:00,40.6,40.63,40.5975,40.6075,21800,0
2015-08-06,19:20:00,40.605,40.625,40.595,40.5975,4300,0
2015-08-06,19:25:00,40.5975,40.645,40.595,40.63,21500,0
2015-08-06,19:30:00,40.63,40.6599,40.62,40.62,4983,0
2015-08-06,19:35:00,40.62,40.62,40.61,40.62,5700,0
2015-08-06,19:40:00,40.6,40.61,40.59,40.6,6600,0
2015-08-06,19:45:00,40.61,40.62,40.59,40.61,16800,0
2015-08-06,19:50:00,40.615,40.64,40.61,40.64,5446,0
2015-08-06,19:55:00,40.62,40.63,40.61,40.63,7821,0
2015-08-06,20:00:00,40.63,40.63,40.6,40.61,3538,0
2015-08-06,20:05:00,40.6,40.62,40.59,40.595,11500,0
2015-08-06,20:10:00,40.59,40.65,40.58,40.59,11876,0
2015-08-06,20:15:00,40.61,40.66,40.5975,40.5975,7400,0
2015-08-06,20:20:00,40.61,40.61,40.57,40.58,8452,0
2015-08-06,20:25:00,40.59,40.6,40.58,40.59,6400,0
2015-08-06,20:30:00,40.61,40.66,40.61,40.66,14559,0
2015-08-06,20:35:00,40.67,40.69,40.65,40.68,15991,0
2015-08-06,20:40:00,40.67,40.71,40.6425,40.6475,10356,0
2015-08-06,20:45:00,40.6475,40.71,40.6293,40.7,16711,0
2015-08-06,20:50:00,40.7,40.7,40.695,40.695,6300,0
2015-08-06,20:55:00,40.7,40.7,40.685,40.69,2500,0
2015-08-06,21:00:00,40.68,40.7,40.65,40.69,8740,0
2015-08-06,21:05:00,40.685,40.685,40.655,40.685,5200,0
2015-08-06,21:10:00,40.68,40.68,40.68,40.68,3200,0
2015-08-06,21:15:00,40.69,40.72,40.69,40.71,4656,0
2015-08-06,21:20:00,40.71,40.72,40.71,40.72,640,0
2015-08-06,21:25:00,40.74,40.75,40.73,40.73,3000,0
2015-08-06,21:30:00,40.72,40.72,40.688,40.71,3057,0
2015-08-06,21:35:00,40.72,40.72,40.72,40.72,1666,0
2015-08-06,21:40:00,40.72,40.73,40.72,40.73,602,0
2015-08-06,21:50:00,40.755,40.76,40.755,40.76,800,0
2015-08-06,21:55:00,40.77,40.77,40.7699,40.7699,300,0
2015-08-06,22:00:00,40.76,40.76,40.75,40.75,700,0
2015-08-07,15:35:00,40.56,40.56,40.56,40.56,217,0
2015-08-07,15:50:00,40.52,40.52,40.51,40.51,300,0
2015-08-07,15:55:00,40.5,40.57,40.5,40.545,2200,0
2015-08-07,16:00:00,40.54,40.59,40.53,40.58,3196,0
2015-08-07,16:05:00,40.51,40.56,40.51,40.56,1200,0
2015-08-07,16:10:00,40.54,40.54,40.495,40.495,1200,0
2015-08-07,16:15:00,40.5215,40.54,40.49,40.54,1500,0
2015-08-07,16:20:00,40.54,40.54,40.485,40.485,1500,0
2015-08-07,16:25:00,40.51,40.54,40.47,40.52,2100,0
2015-08-07,16:30:00,40.495,40.53,40.48,40.49,3800,0
2015-08-07,16:35:00,40.53,40.59,40.53,40.59,1504,0
2015-08-07,16:55:00,40.69,40.69,40.69,40.69,200,0
2015-08-07,17:00:00,40.59,40.59,40.59,40.59,184,0
2015-08-07,17:15:00,40.65,40.65,40.5869,40.5869,813,0
2015-08-07,17:20:00,40.63,40.63,40.57,40.57,500,0
2015-08-07,17:30:00,40.5528,40.5528,40.5528,40.5528,1110,0
2015-08-07,17:45:00,40.54,40.55,40.54,40.54,2300,0
2015-08-07,17:50:00,40.59,40.59,40.58,40.58,8100,0
2015-08-07,17:55:00,40.57,40.6,40.56,40.5701,21500,0
2015-08-07,18:00:00,40.59,40.59,40.59,40.59,100,0
2015-08-07,18:05:00,40.6,40.63,40.585,40.63,12489,0
2015-08-07,18:10:00,40.64,40.64,40.6,40.61,1642,0
2015-08-07,18:25:00,40.62,40.62,40.62,40.62,100,0
2015-08-07,18:55:00,40.624,40.624,40.624,40.624,175,0
2015-08-07,19:10:00,40.62,40.62,40.62,40.62,250,0
2015-08-07,19:30:00,40.55,40.6099,40.55,40.6099,1677,0
2015-08-07,19:35:00,40.6299,40.6299,40.59,40.6175,519,0
2015-08-07,19:40:00,40.6001,40.6001,40.6001,40.6001,932,0
2015-08-07,19:50:00,40.6,40.68,40.6,40.68,2642,0
2015-08-07,19:55:00,40.68,40.68,40.625,40.66,7166,0
2015-08-07,20:00:00,40.6598,40.6598,40.6598,40.6598,100,0
2015-08-07,20:05:00,40.636,40.636,40.636,40.636,2204,0
2015-08-07,20:10:00,40.63,40.6419,40.63,40.6419,755,0
2015-08-07,20:15:00,40.65,40.65,40.64,40.64,200,0
2015-08-07,20:20:00,40.645,40.65,40.645,40.65,3975,0
2015-08-07,20:25:00,40.63,40.63,40.63,40.63,100,0
2015-08-07,20:30:00,40.6364,40.65,40.6364,40.65,551,0
2015-08-07,20:40:00,40.6699,40.67,40.6699,40.67,920,0
2015-08-07,20:45:00,40.67,40.67,40.67,40.67,563,0
2015-08-07,20:50:00,40.64,40.66,40.64,40.65,2767,0
2015-08-07,20:55:00,40.67,40.67,40.67,40.67,467,0
2015-08-07,21:00:00,40.65,40.662,40.625,40.6502,3770,0
2015-08-07,21:15:00,40.6547,40.6547,40.6547,40.6547,391,0
2015-08-07,21:25:00,40.648,40.648,40.648,40.648,100,0
2015-08-07,21:45:00,40.69,40.69,40.65,40.65,2195,0
2015-08-07,21:50:00,40.65,40.68,40.63,40.63,7777,0
2015-08-07,21:55:00,40.67,40.6854,40.67,40.6854,511,0
2015-08-07,22:00:00,40.67,40.67,40.67,40.67,192,0
