Date,Time,Open,High,Low,Close,Volume,OpenInt
2015-07-20,15:35:00,24.32,24.32,24.307,24.307,4132,0
2015-07-20,15:40:00,24.314,24.314,24.314,24.314,423,0
2015-07-20,15:45:00,24.312,24.312,24.312,24.312,260,0
2015-07-20,15:50:00,24.313,24.313,24.295,24.303,6986,0
2015-07-20,15:55:00,24.303,24.303,24.303,24.303,300,0
2015-07-20,16:05:00,24.303,24.303,24.293,24.303,6489,0
2015-07-20,16:15:00,24.302,24.302,24.302,24.302,362,0
2015-07-20,16:20:00,24.303,24.303,24.297,24.303,544,0
2015-07-20,16:25:00,24.298,24.298,24.298,24.298,1020,0
2015-07-20,16:30:00,24.303,24.303,24.298,24.298,571,0
2015-07-20,16:40:00,24.3,24.3,24.3,24.3,1893,0
2015-07-20,16:50:00,24.3,24.3,24.3,24.3,3002,0
2015-07-20,16:55:00,24.3,24.3,24.3,24.3,608,0
2015-07-20,17:00:00,24.303,24.303,24.303,24.303,1070,0
2015-07-20,17:05:00,24.293,24.293,24.293,24.293,500,0
2015-07-20,17:15:00,24.293,24.303,24.293,24.302,1851,0
2015-07-20,17:20:00,24.298,24.298,24.298,24.298,996,0
2015-07-20,17:25:00,24.303,24.303,24.293,24.293,432,0
2015-07-20,17:30:00,24.293,24.298,24.293,24.298,658,0
2015-07-20,17:35:00,24.303,24.303,24.303,24.303,409,0
2015-07-20,17:40:00,24.299,24.299,24.299,24.299,801,0
2015-07-20,17:45:00,24.303,24.303,24.303,24.303,425,0
2015-07-20,17:50:00,24.298,24.298,24.298,24.298,132,0
2015-07-20,17:55:00,24.293,24.303,24.293,24.303,1176,0
2015-07-20,18:00:00,24.302,24.302,24.302,24.302,500,0
2015-07-20,18:05:00,24.293,24.308,24.293,24.308,12124,0
2015-07-20,18:10:00,24.309,24.312,24.309,24.312,1233,0
2015-07-20,18:15:00,24.311,24.311,24.311,24.311,256,0
2015-07-20,18:20:00,24.313,24.313,24.306,24.306,1851,0
2015-07-20,18:25:00,24.309,24.309,24.308,24.308,2144,0
2015-07-20,18:35:00,24.306,24.313,24.306,24.313,2810,0
2015-07-20,18:40:00,24.303,24.31,24.303,24.31,1390,0
2015-07-20,18:45:00,24.312,24.313,24.308,24.313,500,0
2015-07-20,19:00:00,24.306,24.309,24.306,24.309,7295,0
2015-07-20,19:05:00,24.313,24.313,24.308,24.308,15490,0
2015-07-20,19:10:00,24.303,24.313,24.303,24.313,54716,0
2015-07-20,19:15:00,24.309,24.323,24.309,24.316,5410,0
2015-07-20,19:25:00,24.313,24.319,24.313,24.319,684,0
2015-07-20,19:30:00,24.313,24.313,24.313,24.313,333,0
2015-07-20,19:40:00,24.316,24.323,24.313,24.323,6576,0
2015-07-20,19:45:00,24.313,24.323,24.313,24.313,11271,0
2015-07-20,19:55:00,24.313,24.313,24.313,24.313,100,0
2015-07-20,20:00:00,24.323,24.323,24.313,24.313,1978,0
2015-07-20,20:05:00,24.313,24.313,24.313,24.313,100,0
2015-07-20,20:10:00,24.313,24.323,24.313,24.313,2716,0
2015-07-20,20:15:00,24.313,24.318,24.313,24.313,3528,0
2015-07-20,20:20:00,24.313,24.313,24.313,24.313,650,0
2015-07-20,20:25:00,24.313,24.313,24.313,24.313,300,0
2015-07-20,20:30:00,24.318,24.323,24.313,24.315,9493,0
2015-07-20,20:35:00,24.313,24.323,24.313,24.323,4331,0
2015-07-20,20:40:00,24.313,24.319,24.313,24.313,2171,0
2015-07-20,20:45:00,24.323,24.323,24.313,24.313,4635,0
2015-07-20,20:50:00,24.323,24.323,24.313,24.313,8531,0
2015-07-20,20:55:00,24.313,24.323,24.313,24.316,13481,0
2015-07-20,21:05:00,24.321,24.323,24.321,24.323,5991,0
2015-07-20,21:10:00,24.323,24.323,24.313,24.323,4838,0
2015-07-20,21:15:00,24.323,24.323,24.316,24.319,5282,0
2015-07-20,21:20:00,24.313,24.323,24.313,24.316,3505,0
2015-07-20,21:25:00,24.313,24.323,24.313,24.323,12269,0
2015-07-20,21:30:00,24.313,24.322,24.313,24.322,8896,0
2015-07-20,21:35:00,24.313,24.313,24.313,24.313,2801,0
2015-07-20,21:40:00,24.313,24.323,24.313,24.313,9584,0
2015-07-20,21:45:00,24.313,24.322,24.313,24.321,16785,0
2015-07-20,21:50:00,24.313,24.323,24.313,24.313,1401,0
2015-07-20,21:55:00,24.316,24.318,24.313,24.313,2610,0
2015-07-20,22:00:00,24.313,24.313,24.293,24.303,5312,0
2015-07-21,15:35:00,24.313,24.313,24.287,24.287,10578,0
2015-07-21,15:45:00,24.293,24.293,24.293,24.293,151,0
2015-07-21,15:50:00,24.322,24.322,24.322,24.322,2001,0
2015-07-21,15:55:00,24.323,24.323,24.317,24.323,6055,0
2015-07-21,16:00:00,24.293,24.313,24.293,24.313,545,0
2015-07-21,16:05:00,24.303,24.304,24.299,24.304,643,0
2015-07-21,16:20:00,24.307,24.309,24.307,24.309,443,0
2015-07-21,16:25:00,24.307,24.307,24.307,24.307,1601,0
2015-07-21,16:30:00,24.308,24.308,24.293,24.293,4354,0
2015-07-21,16:35:00,24.313,24.313,24.293,24.293,2444,0
2015-07-21,16:40:00,24.313,24.313,24.307,24.307,658,0
2015-07-21,16:45:00,24.293,24.305,24.293,24.305,9707,0
2015-07-21,16:50:00,24.297,24.333,24.297,24.313,24633,0
2015-07-21,16:55:00,24.313,24.313,24.303,24.303,3593,0
2015-07-21,17:00:00,24.303,24.303,24.303,24.303,3522,0
2015-07-21,17:05:00,24.312,24.312,24.309,24.309,5689,0
2015-07-21,17:10:00,24.312,24.312,24.303,24.312,2901,0
2015-07-21,17:20:00,24.308,24.308,24.308,24.308,150,0
2015-07-21,17:30:00,24.309,24.309,24.309,24.309,609,0
2015-07-21,17:35:00,24.308,24.312,24.303,24.303,7975,0
2015-07-21,17:40:00,24.311,24.311,24.311,24.311,1839,0
2015-07-21,17:45:00,24.303,24.303,24.293,24.3,6217,0
2015-07-21,17:50:00,24.303,24.303,24.303,24.303,3897,0
2015-07-21,18:00:00,24.296,24.296,24.293,24.293,771,0
2015-07-21,18:15:00,24.3,24.303,24.299,24.303,3895,0
2015-07-21,18:20:00,24.3,24.3,24.3,24.3,100,0
2015-07-21,18:25:00,24.295,24.303,24.295,24.303,924,0
2015-07-21,18:30:00,24.298,24.298,24.298,24.298,267,0
2015-07-21,18:40:00,24.303,24.303,24.303,24.303,200,0
2015-07-21,18:45:00,24.302,24.303,24.296,24.296,1801,0
2015-07-21,18:50:00,24.303,24.308,24.297,24.308,8384,0
2015-07-21,18:55:00,24.308,24.308,24.308,24.308,400,0
2015-07-21,19:00:00,24.303,24.313,24.303,24.313,22558,0
2015-07-21,19:05:00,24.306,24.309,24.306,24.309,1659,0
2015-07-21,19:20:00,24.313,24.313,24.313,24.313,616,0
2015-07-21,19:25:00,24.312,24.312,24.303,24.303,382,0
2015-07-21,19:30:00,24.31,24.313,24.304,24.31,7351,0
2015-07-21,19:35:00,24.306,24.31,24.303,24.31,3149,0
2015-07-21,19:40:00,24.313,24.313,24.306,24.312,1606,0
2015-07-21,19:45:00,24.312,24.313,24.303,24.313,8217,0
2015-07-21,19:50:00,24.305,24.307,24.305,24.307,375,0
2015-07-21,19:55:00,24.312,24.312,24.31,24.31,2252,0
2015-07-21,20:00:00,24.313,24.313,24.306,24.313,3892,0
2015-07-21,20:10:00,24.308,24.308,24.306,24.306,614,0
2015-07-21,20:15:00,24.313,24.313,24.303,24.313,15411,0
2015-07-21,20:25:00,24.303,24.313,24.303,24.313,11747,0
2015-07-21,20:30:00,24.303,24.303,24.303,24.303,124,0
2015-07-21,20:35:00,24.309,24.313,24.304,24.308,4518,0
2015-07-21,20:40:00,24.311,24.311,24.305,24.305,802,0
2015-07-21,20:55:00,24.308,24.313,24.308,24.313,402,0
2015-07-21,21:00:00,24.313,24.313,24.303,24.303,3275,0
2015-07-21,21:10:00,24.313,24.313,24.307,24.307,1671,0
2015-07-21,21:15:00,24.303,24.308,24.303,24.308,1984,0
2015-07-21,21:20:00,24.308,24.313,24.308,24.313,1369,0
2015-07-21,21:25:00,24.305,24.305,24.305,24.305,600,0
2015-07-21,21:30:00,24.303,24.313,24.303,24.313,5666,0
2015-07-21,21:35:00,24.308,24.312,24.308,24.312,2964,0
2015-07-21,21:40:00,24.307,24.313,24.307,24.313,3175,0
2015-07-21,21:45:00,24.313,24.313,24.305,24.311,15598,0
2015-07-21,21:50:00,24.303,24.313,24.303,24.313,1288,0
2015-07-21,21:55:00,24.303,24.303,24.303,24.303,3503,0
2015-07-21,22:00:00,24.303,24.323,24.303,24.313,20865,0
2015-07-22,15:35:00,24.323,24.333,24.315,24.315,5962,0
2015-07-22,15:40:00,24.332,24.332,24.315,24.315,1188,0
2015-07-22,15:50:00,24.319,24.319,24.313,24.313,5867,0
2015-07-22,15:55:00,24.323,24.323,24.323,24.323,281,0
2015-07-22,16:15:00,24.313,24.313,24.303,24.303,5423,0
2015-07-22,16:20:00,24.314,24.314,24.313,24.313,235,0
2015-07-22,16:25:00,24.313,24.313,24.313,24.313,1312,0
2015-07-22,16:30:00,24.313,24.317,24.313,24.313,1301,0
2015-07-22,16:35:00,24.313,24.316,24.303,24.303,3347,0
2015-07-22,16:40:00,24.303,24.308,24.303,24.307,1826,0
2015-07-22,16:45:00,24.303,24.307,24.303,24.307,818,0
2015-07-22,16:50:00,24.303,24.308,24.303,24.308,947,0
2015-07-22,16:55:00,24.303,24.308,24.303,24.304,1083,0
2015-07-22,17:00:00,24.308,24.313,24.303,24.313,1424,0
2015-07-22,17:05:00,24.312,24.312,24.303,24.308,3523,0
2015-07-22,17:10:00,24.312,24.312,24.303,24.31,7567,0
2015-07-22,17:15:00,24.303,24.309,24.303,24.309,300,0
2015-07-22,17:20:00,24.313,24.313,24.303,24.308,400,0
2015-07-22,17:25:00,24.308,24.308,24.303,24.307,804,0
2015-07-22,17:30:00,24.313,24.313,24.303,24.303,7328,0
2015-07-22,17:35:00,24.303,24.309,24.303,24.303,1991,0
2015-07-22,17:40:00,24.307,24.307,24.303,24.307,5775,0
2015-07-22,17:45:00,24.303,24.313,24.303,24.313,4028,0
2015-07-22,17:50:00,24.313,24.313,24.303,24.303,4824,0
2015-07-22,17:55:00,24.303,24.303,24.303,24.303,400,0
2015-07-22,18:00:00,24.307,24.311,24.303,24.303,25899,0
2015-07-22,18:05:00,24.303,24.303,24.303,24.303,400,0
2015-07-22,18:10:00,24.303,24.31,24.303,24.304,6677,0
2015-07-22,18:15:00,24.312,24.312,24.303,24.303,2969,0
2015-07-22,18:20:00,24.306,24.306,24.303,24.303,701,0
2015-07-22,18:25:00,24.303,24.303,24.303,24.303,200,0
2015-07-22,18:30:00,24.303,24.312,24.303,24.303,1083,0
2015-07-22,18:35:00,24.309,24.313,24.303,24.313,3916,0
2015-07-22,18:40:00,24.303,24.312,24.303,24.303,839,0
2015-07-22,18:45:00,24.303,24.323,24.303,24.313,46140,0
2015-07-22,18:50:00,24.303,24.303,24.303,24.303,500,0
2015-07-22,18:55:00,24.303,24.304,24.303,24.304,400,0
2015-07-22,19:00:00,24.303,24.303,24.303,24.303,17448,0
2015-07-22,19:05:00,24.313,24.319,24.308,24.313,17874,0
2015-07-22,19:10:00,24.313,24.323,24.313,24.313,754,0
2015-07-22,19:15:00,24.313,24.316,24.313,24.313,3144,0
2015-07-22,19:20:00,24.313,24.313,24.313,24.313,1021,0
2015-07-22,19:25:00,24.313,24.313,24.313,24.313,701,0
2015-07-22,19:30:00,24.313,24.317,24.313,24.313,4301,0
2015-07-22,19:35:00,24.313,24.323,24.313,24.313,2017,0
2015-07-22,19:40:00,24.313,24.313,24.313,24.313,600,0
2015-07-22,19:45:00,24.318,24.322,24.313,24.321,2259,0
2015-07-22,19:50:00,24.318,24.318,24.313,24.313,2402,0
2015-07-22,19:55:00,24.313,24.313,24.313,24.313,200,0
2015-07-22,20:00:00,24.322,24.322,24.303,24.318,21227,0
2015-07-22,20:05:00,24.313,24.313,24.313,24.313,400,0
2015-07-22,20:10:00,24.318,24.322,24.313,24.313,1736,0
2015-07-22,20:15:00,24.313,24.313,24.303,24.306,15804,0
2015-07-22,20:20:00,24.308,24.309,24.306,24.308,2364,0
2015-07-22,20:25:00,24.306,24.308,24.305,24.305,963,0
2015-07-22,20:30:00,24.313,24.318,24.313,24.313,20992,0
2015-07-22,20:35:00,24.309,24.315,24.308,24.308,1541,0
2015-07-22,20:40:00,24.313,24.323,24.313,24.313,3487,0
2015-07-22,20:45:00,24.32,24.32,24.319,24.319,2791,0
2015-07-22,20:50:00,24.321,24.321,24.308,24.314,8913,0
2015-07-22,20:55:00,24.323,24.323,24.313,24.313,1864,0
2015-07-22,21:00:00,24.313,24.313,24.308,24.313,5825,0
2015-07-22,21:05:00,24.309,24.319,24.309,24.319,1094,0
2015-07-22,21:10:00,24.313,24.313,24.309,24.312,1163,0
2015-07-22,21:15:00,24.303,24.322,24.303,24.313,1105,0
2015-07-22,21:20:00,24.313,24.313,24.313,24.313,600,0
2015-07-22,21:25:00,24.313,24.313,24.303,24.313,744,0
2015-07-22,21:30:00,24.303,24.313,24.303,24.313,4698,0
2015-07-22,21:35:00,24.313,24.323,24.303,24.313,4818,0
2015-07-22,21:40:00,24.323,24.323,24.303,24.318,3020,0
2015-07-22,21:45:00,24.314,24.323,24.313,24.313,1811,0
2015-07-22,21:50:00,24.313,24.323,24.313,24.323,1614,0
2015-07-22,21:55:00,24.323,24.333,24.313,24.333,13314,0
2015-07-22,22:00:00,24.333,24.333,24.323,24.323,17449,0
2015-07-23,15:35:00,24.333,24.333,24.306,24.306,4688,0
2015-07-23,15:40:00,24.312,24.312,24.312,24.312,684,0
2015-07-23,15:50:00,24.308,24.316,24.308,24.309,712,0
2015-07-23,16:00:00,24.313,24.313,24.313,24.313,668,0
2015-07-23,16:05:00,24.319,24.319,24.319,24.319,183,0
2015-07-23,16:10:00,24.319,24.323,24.319,24.323,679,0
2015-07-23,16:15:00,24.315,24.315,24.315,24.315,901,0
2015-07-23,16:20:00,24.318,24.318,24.31,24.317,5309,0
2015-07-23,16:25:00,24.323,24.323,24.303,24.322,762,0
2015-07-23,16:35:00,24.313,24.313,24.313,24.313,306,0
2015-07-23,16:50:00,24.303,24.323,24.303,24.323,1983,0
2015-07-23,17:00:00,24.322,24.323,24.316,24.323,1403,0
2015-07-23,17:05:00,24.305,24.305,24.305,24.305,234,0
2015-07-23,17:10:00,24.303,24.323,24.303,24.323,3436,0
2015-07-23,17:20:00,24.316,24.323,24.313,24.323,2684,0
2015-07-23,17:25:00,24.313,24.313,24.313,24.313,199,0
2015-07-23,17:30:00,24.318,24.318,24.313,24.313,522,0
2015-07-23,17:35:00,24.313,24.313,24.313,24.313,701,0
2015-07-23,17:40:00,24.313,24.313,24.313,24.313,387,0
2015-07-23,17:55:00,24.316,24.316,24.316,24.316,207,0
2015-07-23,18:00:00,24.313,24.313,24.313,24.313,205,0
2015-07-23,18:05:00,24.322,24.322,24.322,24.322,639,0
2015-07-23,18:15:00,24.322,24.322,24.314,24.322,11036,0
2015-07-23,18:30:00,24.323,24.323,24.313,24.316,2944,0
2015-07-23,18:45:00,24.323,24.333,24.323,24.333,18934,0
2015-07-23,18:55:00,24.323,24.323,24.323,24.323,2252,0
2015-07-23,19:00:00,24.326,24.326,24.326,24.326,153,0
2015-07-23,19:15:00,24.324,24.328,24.323,24.323,12206,0
2015-07-23,19:20:00,24.313,24.318,24.313,24.318,911,0
2015-07-23,19:25:00,24.319,24.322,24.318,24.318,3553,0
2015-07-23,19:30:00,24.323,24.323,24.322,24.323,3064,0
2015-07-23,19:35:00,24.323,24.323,24.318,24.318,347,0
2015-07-23,19:40:00,24.322,24.323,24.313,24.313,9651,0
2015-07-23,19:45:00,24.323,24.323,24.323,24.323,100,0
2015-07-23,19:50:00,24.314,24.323,24.314,24.323,3167,0
2015-07-23,19:55:00,24.323,24.323,24.318,24.318,7031,0
2015-07-23,20:05:00,24.319,24.319,24.319,24.319,241,0
2015-07-23,20:10:00,24.322,24.322,24.322,24.322,1003,0
2015-07-23,20:15:00,24.319,24.319,24.319,24.319,2702,0
2015-07-23,20:20:00,24.32,24.333,24.317,24.333,3227,0
2015-07-23,20:25:00,24.328,24.333,24.328,24.328,4877,0
2015-07-23,20:30:00,24.323,24.328,24.323,24.323,1322,0
2015-07-23,20:35:00,24.328,24.328,24.328,24.328,100,0
2015-07-23,20:40:00,24.331,24.333,24.324,24.324,4355,0
2015-07-23,20:45:00,24.327,24.333,24.327,24.333,2271,0
2015-07-23,20:50:00,24.333,24.333,24.323,24.332,8489,0
2015-07-23,20:55:00,24.332,24.333,24.323,24.333,24648,0
2015-07-23,21:00:00,24.333,24.333,24.333,24.333,678,0
2015-07-23,21:05:00,24.327,24.333,24.327,24.333,3656,0
2015-07-23,21:10:00,24.327,24.327,24.327,24.327,496,0
2015-07-23,21:20:00,24.328,24.333,24.323,24.328,6878,0
2015-07-23,21:25:00,24.328,24.328,24.327,24.327,1879,0
2015-07-23,21:30:00,24.332,24.332,24.323,24.323,4502,0
2015-07-23,21:35:00,24.331,24.331,24.323,24.323,4344,0
2015-07-23,21:40:00,24.328,24.332,24.328,24.329,1504,0
2015-07-23,21:45:00,24.332,24.333,24.323,24.333,3241,0
2015-07-23,21:50:00,24.333,24.333,24.323,24.326,3492,0
2015-07-23,21:55:00,24.332,24.333,24.323,24.323,10215,0
2015-07-23,22:00:00,24.323,24.323,24.313,24.313,9203,0
2015-07-24,15:35:00,24.333,24.333,24.313,24.313,10545,0
2015-07-24,15:40:00,24.313,24.313,24.313,24.313,600,0
2015-07-24,15:45:00,24.309,24.309,24.304,24.304,605,0
2015-07-24,15:55:00,24.313,24.313,24.312,24.312,421,0
2015-07-24,16:00:00,24.31,24.31,24.31,24.31,400,0
2015-07-24,16:05:00,24.312,24.316,24.303,24.303,4648,0
2015-07-24,16:25:00,24.317,24.317,24.317,24.317,266,0
2015-07-24,16:30:00,24.311,24.311,24.311,24.311,171,0
2015-07-24,16:35:00,24.313,24.313,24.303,24.303,1177,0
2015-07-24,16:40:00,24.313,24.313,24.303,24.303,3953,0
2015-07-24,16:45:00,24.312,24.313,24.303,24.303,4134,0
2015-07-24,16:50:00,24.305,24.313,24.303,24.303,12322,0
2015-07-24,16:55:00,24.313,24.313,24.303,24.303,3715,0
2015-07-24,17:00:00,24.313,24.313,24.305,24.305,1641,0
2015-07-24,17:05:00,24.312,24.312,24.31,24.31,400,0
2015-07-24,17:10:00,24.303,24.313,24.303,24.313,809,0
2015-07-24,17:15:00,24.312,24.312,24.304,24.308,13126,0
2015-07-24,17:20:00,24.303,24.313,24.303,24.303,2263,0
2015-07-24,17:25:00,24.313,24.313,24.303,24.303,3440,0
2015-07-24,17:30:00,24.304,24.312,24.304,24.312,1790,0
2015-07-24,17:35:00,24.313,24.313,24.312,24.312,1954,0
2015-07-24,17:40:00,24.307,24.309,24.307,24.309,1161,0
2015-07-24,17:45:00,24.312,24.313,24.31,24.313,3980,0
2015-07-24,17:50:00,24.308,24.309,24.308,24.308,1750,0
2015-07-24,17:55:00,24.305,24.313,24.305,24.313,1283,0
2015-07-24,18:00:00,24.307,24.307,24.307,24.307,1049,0
2015-07-24,18:05:00,24.313,24.313,24.313,24.313,1701,0
2015-07-24,18:10:00,24.313,24.313,24.308,24.312,3066,0
2015-07-24,18:15:00,24.307,24.307,24.307,24.307,678,0
2015-07-24,18:25:00,24.308,24.308,24.304,24.304,4803,0
2015-07-24,18:30:00,24.309,24.309,24.309,24.309,208,0
2015-07-24,18:35:00,24.312,24.312,24.305,24.308,2113,0
2015-07-24,18:40:00,24.305,24.313,24.304,24.313,2152,0
2015-07-24,18:45:00,24.307,24.308,24.307,24.308,679,0
2015-07-24,18:50:00,24.303,24.313,24.303,24.307,3733,0
2015-07-24,18:55:00,24.31,24.31,24.306,24.306,1459,0
2015-07-24,19:00:00,24.304,24.313,24.304,24.307,5334,0
2015-07-24,19:05:00,24.303,24.309,24.303,24.308,24765,0
2015-07-24,19:10:00,24.303,24.313,24.303,24.313,1564,0
2015-07-24,19:15:00,24.309,24.309,24.309,24.309,127,0
2015-07-24,19:20:00,24.313,24.313,24.309,24.309,10462,0
2015-07-24,19:25:00,24.312,24.312,24.306,24.312,1309,0
2015-07-24,19:35:00,24.303,24.308,24.303,24.303,21659,0
2015-07-24,19:40:00,24.303,24.308,24.303,24.303,56480,0
2015-07-24,19:45:00,24.305,24.305,24.305,24.305,650,0
2015-07-24,19:50:00,24.303,24.313,24.303,24.308,3401,0
2015-07-24,19:55:00,24.303,24.307,24.303,24.307,1048,0
2015-07-24,20:05:00,24.303,24.306,24.303,24.303,9349,0
2015-07-24,20:10:00,24.305,24.305,24.305,24.305,1231,0
2015-07-24,20:15:00,24.31,24.31,24.31,24.31,560,0
2015-07-24,20:20:00,24.303,24.303,24.303,24.303,17089,0
2015-07-24,20:25:00,24.306,24.31,24.306,24.31,3448,0
2015-07-24,20:30:00,24.308,24.313,24.303,24.303,13400,0
2015-07-24,20:35:00,24.307,24.308,24.307,24.308,541,0
2015-07-24,20:40:00,24.303,24.303,24.303,24.303,160,0
2015-07-24,20:45:00,24.313,24.313,24.303,24.303,2653,0
2015-07-24,20:50:00,24.307,24.307,24.307,24.307,691,0
2015-07-24,20:55:00,24.308,24.308,24.303,24.303,8237,0
2015-07-24,21:05:00,24.309,24.309,24.309,24.309,599,0
2015-07-24,21:10:00,24.308,24.313,24.303,24.313,18438,0
2015-07-24,21:20:00,24.313,24.313,24.304,24.312,1070,0
2015-07-24,21:25:00,24.313,24.313,24.303,24.303,500,0
2015-07-24,21:30:00,24.313,24.313,24.308,24.313,2642,0
2015-07-24,21:35:00,24.309,24.313,24.303,24.313,2745,0
2015-07-24,21:40:00,24.313,24.313,24.303,24.303,5361,0
2015-07-24,21:45:00,24.303,24.313,24.303,24.312,5643,0
2015-07-24,21:50:00,24.313,24.313,24.298,24.303,39765,0
2015-07-24,21:55:00,24.313,24.313,24.313,24.313,200,0
2015-07-24,22:00:00,24.312,24.313,24.303,24.303,12919,0
2015-07-27,15:35:00,24.303,24.303,24.303,24.303,2293,0
2015-07-27,15:40:00,24.309,24.323,24.309,24.323,4369,0
2015-07-27,15:45:00,24.313,24.313,24.313,24.313,7505,0
2015-07-27,15:50:00,24.333,24.333,24.331,24.331,743,0
2015-07-27,15:55:00,24.323,24.323,24.313,24.313,4959,0
2015-07-27,16:05:00,24.333,24.333,24.328,24.328,1251,0
2015-07-27,16:10:00,24.327,24.328,24.323,24.323,6705,0
2015-07-27,16:15:00,24.326,24.326,24.326,24.326,1606,0
2015-07-27,16:30:00,24.329,24.329,24.327,24.327,985,0
2015-07-27,16:35:00,24.332,24.343,24.327,24.327,14006,0
2015-07-27,16:40:00,24.333,24.333,24.327,24.327,1200,0
2015-07-27,16:45:00,24.333,24.333,24.333,24.333,350,0
2015-07-27,16:50:00,24.326,24.333,24.323,24.333,15025,0
2015-07-27,16:55:00,24.333,24.335,24.323,24.323,11956,0
2015-07-27,17:00:00,24.327,24.331,24.327,24.331,2202,0
2015-07-27,17:05:00,24.332,24.333,24.324,24.324,4258,0
2015-07-27,17:10:00,24.33,24.332,24.328,24.328,1719,0
2015-07-27,17:15:00,24.326,24.332,24.323,24.324,906,0
2015-07-27,17:25:00,24.333,24.343,24.333,24.337,1701,0
2015-07-27,17:30:00,24.342,24.342,24.342,24.342,3946,0
2015-07-27,17:35:00,24.337,24.337,24.337,24.337,200,0
2015-07-27,17:40:00,24.343,24.343,24.336,24.336,797,0
2015-07-27,17:45:00,24.333,24.338,24.333,24.338,400,0
2015-07-27,17:55:00,24.342,24.342,24.342,24.342,140,0
2015-07-27,18:05:00,24.338,24.341,24.338,24.341,1712,0
2015-07-27,18:10:00,24.339,24.339,24.339,24.339,1001,0
2015-07-27,18:15:00,24.342,24.342,24.338,24.341,1752,0
2015-07-27,18:20:00,24.333,24.333,24.333,24.333,3232,0
2015-07-27,18:30:00,24.333,24.333,24.333,24.333,300,0
2015-07-27,18:40:00,24.331,24.331,24.324,24.328,1541,0
2015-07-27,18:45:00,24.331,24.331,24.331,24.331,282,0
2015-07-27,18:50:00,24.326,24.33,24.326,24.33,275,0
2015-07-27,18:55:00,24.323,24.323,24.323,24.323,154,0
2015-07-27,19:05:00,24.327,24.327,24.327,24.327,336,0
2015-07-27,19:10:00,24.332,24.332,24.33,24.33,2466,0
2015-07-27,19:15:00,24.324,24.331,24.324,24.331,1056,0
2015-07-27,19:20:00,24.324,24.333,24.324,24.328,7242,0
2015-07-27,19:30:00,24.332,24.332,24.332,24.332,6204,0
2015-07-27,19:35:00,24.332,24.332,24.332,24.332,320,0
2015-07-27,19:40:00,24.323,24.323,24.323,24.323,225,0
2015-07-27,19:45:00,24.331,24.331,24.329,24.329,1479,0
2015-07-27,19:50:00,24.327,24.328,24.327,24.328,742,0
2015-07-27,19:55:00,24.328,24.328,24.328,24.328,5349,0
2015-07-27,20:00:00,24.332,24.332,24.332,24.332,3533,0
2015-07-27,20:05:00,24.332,24.332,24.323,24.326,2436,0
2015-07-27,20:10:00,24.333,24.333,24.333,24.333,139,0
2015-07-27,20:15:00,24.326,24.333,24.326,24.333,1760,0
2015-07-27,20:20:00,24.332,24.333,24.323,24.332,10712,0
2015-07-27,20:25:00,24.328,24.333,24.313,24.333,59095,0
2015-07-27,20:30:00,24.332,24.332,24.332,24.332,740,0
2015-07-27,20:40:00,24.332,24.333,24.323,24.333,2557,0
2015-07-27,20:45:00,24.323,24.323,24.323,24.323,385,0
2015-07-27,20:50:00,24.328,24.333,24.323,24.324,18623,0
2015-07-27,20:55:00,24.324,24.332,24.324,24.328,4726,0
2015-07-27,21:00:00,24.326,24.333,24.323,24.333,38938,0
2015-07-27,21:05:00,24.332,24.332,24.324,24.324,5404,0
2015-07-27,21:15:00,24.333,24.333,24.324,24.325,1608,0
2015-07-27,21:20:00,24.323,24.332,24.323,24.323,6987,0
2015-07-27,21:25:00,24.324,24.333,24.323,24.328,17378,0
2015-07-27,21:30:00,24.323,24.323,24.323,24.323,812,0
2015-07-27,21:35:00,24.332,24.333,24.324,24.332,11289,0
2015-07-27,21:40:00,24.332,24.332,24.326,24.331,4968,0
2015-07-27,21:45:00,24.333,24.338,24.313,24.322,49442,0
2015-07-27,21:50:00,24.333,24.333,24.313,24.333,9644,0
2015-07-27,21:55:00,24.313,24.343,24.313,24.333,10449,0
2015-07-27,22:00:00,24.338,24.343,24.333,24.333,2948,0
2015-07-28,15:35:00,24.323,24.323,24.323,24.323,5874,0
2015-07-28,15:45:00,24.313,24.313,24.313,24.313,251,0
2015-07-28,15:50:00,24.318,24.333,24.318,24.333,1206,0
2015-07-28,16:00:00,24.332,24.332,24.332,24.332,768,0
2015-07-28,16:15:00,24.326,24.326,24.316,24.316,2054,0
2015-07-28,16:25:00,24.322,24.33,24.313,24.315,1680,0
2015-07-28,16:40:00,24.313,24.332,24.313,24.332,3774,0
2015-07-28,16:45:00,24.328,24.328,24.323,24.323,1800,0
2015-07-28,16:55:00,24.332,24.332,24.332,24.332,600,0
2015-07-28,17:00:00,24.331,24.331,24.331,24.331,1001,0
2015-07-28,17:05:00,24.323,24.323,24.313,24.313,60748,0
2015-07-28,17:10:00,24.317,24.322,24.317,24.322,4843,0
2015-07-28,17:15:00,24.313,24.322,24.313,24.322,3133,0
2015-07-28,17:20:00,24.318,24.319,24.318,24.319,885,0
2015-07-28,17:30:00,24.318,24.319,24.318,24.319,2165,0
2015-07-28,17:35:00,24.313,24.319,24.313,24.319,4361,0
2015-07-28,17:40:00,24.315,24.315,24.314,24.314,5227,0
2015-07-28,17:45:00,24.313,24.313,24.313,24.313,3415,0
2015-07-28,17:50:00,24.314,24.319,24.314,24.319,1806,0
2015-07-28,17:55:00,24.322,24.322,24.322,24.322,165,0
2015-07-28,18:00:00,24.322,24.322,24.322,24.322,1506,0
2015-07-28,18:05:00,24.32,24.32,24.32,24.32,6519,0
2015-07-28,18:10:00,24.323,24.323,24.323,24.323,961,0
2015-07-28,18:15:00,24.315,24.32,24.315,24.32,4079,0
2015-07-28,18:20:00,24.322,24.322,24.319,24.319,2808,0
2015-07-28,18:30:00,24.316,24.316,24.316,24.316,1001,0
2015-07-28,18:40:00,24.323,24.323,24.318,24.318,1994,0
2015-07-28,18:45:00,24.322,24.322,24.313,24.313,15773,0
2015-07-28,18:50:00,24.304,24.304,24.304,24.304,2592,0
2015-07-28,18:55:00,24.303,24.308,24.303,24.308,7105,0
2015-07-28,19:00:00,24.306,24.306,24.306,24.306,2547,0
2015-07-28,19:05:00,24.309,24.309,24.308,24.308,2449,0
2015-07-28,19:10:00,24.312,24.312,24.312,24.312,3002,0
2015-07-28,19:15:00,24.305,24.305,24.305,24.305,1054,0
2015-07-28,19:20:00,24.306,24.306,24.306,24.306,616,0
2015-07-28,19:45:00,24.31,24.31,24.305,24.305,1669,0
2015-07-28,19:50:00,24.308,24.313,24.306,24.311,5076,0
2015-07-28,19:55:00,24.309,24.309,24.304,24.307,1351,0
2015-07-28,20:00:00,24.311,24.311,24.311,24.311,154,0
2015-07-28,20:05:00,24.306,24.31,24.306,24.31,2016,0
2015-07-28,20:10:00,24.303,24.312,24.303,24.312,861,0
2015-07-28,20:15:00,24.313,24.313,24.305,24.311,2424,0
2015-07-28,20:20:00,24.308,24.313,24.308,24.313,1039,0
2015-07-28,20:25:00,24.312,24.313,24.304,24.311,6118,0
2015-07-28,20:30:00,24.312,24.313,24.307,24.307,1274,0
2015-07-28,20:35:00,24.303,24.303,24.303,24.303,150,0
2015-07-28,20:45:00,24.313,24.313,24.31,24.31,894,0
2015-07-28,20:50:00,24.313,24.313,24.303,24.308,30727,0
2015-07-28,20:55:00,24.312,24.313,24.308,24.313,1875,0
2015-07-28,21:00:00,24.313,24.313,24.307,24.313,1701,0
2015-07-28,21:05:00,24.313,24.313,24.31,24.312,3917,0
2015-07-28,21:15:00,24.312,24.312,24.312,24.312,3527,0
2015-07-28,21:20:00,24.313,24.313,24.313,24.313,303,0
2015-07-28,21:25:00,24.308,24.312,24.305,24.312,4901,0
2015-07-28,21:30:00,24.303,24.313,24.303,24.306,3574,0
2015-07-28,21:35:00,24.303,24.307,24.303,24.307,700,0
2015-07-28,21:40:00,24.306,24.313,24.303,24.312,9286,0
2015-07-28,21:50:00,24.308,24.313,24.306,24.313,4126,0
2015-07-28,21:55:00,24.312,24.313,24.312,24.313,792,0
2015-07-28,22:00:00,24.312,24.313,24.305,24.313,5730,0
2015-07-29,15:35:00,24.323,24.323,24.317,24.317,3053,0
2015-07-29,15:40:00,24.313,24.318,24.313,24.318,6488,0
2015-07-29,15:45:00,24.323,24.323,24.323,24.323,1001,0
2015-07-29,15:50:00,24.316,24.316,24.316,24.316,481,0
2015-07-29,16:00:00,24.314,24.323,24.314,24.323,2871,0
2015-07-29,16:20:00,24.317,24.317,24.317,24.317,2575,0
2015-07-29,16:30:00,24.318,24.318,24.313,24.313,479,0
2015-07-29,16:35:00,24.318,24.321,24.313,24.313,3952,0
2015-07-29,16:55:00,24.32,24.32,24.32,24.32,486,0
2015-07-29,17:00:00,24.313,24.313,24.303,24.308,50244,0
2015-07-29,17:05:00,24.308,24.313,24.308,24.313,491,0
2015-07-29,17:10:00,24.303,24.318,24.303,24.318,4970,0
2015-07-29,17:15:00,24.313,24.319,24.313,24.319,1194,0
2015-07-29,17:20:00,24.316,24.323,24.316,24.321,1751,0
2015-07-29,17:25:00,24.313,24.313,24.303,24.303,43863,0
2015-07-29,17:30:00,24.313,24.313,24.313,24.313,412,0
2015-07-29,17:35:00,24.308,24.308,24.303,24.303,1101,0
2015-07-29,17:40:00,24.313,24.313,24.309,24.309,405,0
2015-07-29,17:45:00,24.303,24.303,24.303,24.303,524,0
2015-07-29,17:50:00,24.312,24.312,24.312,24.312,947,0
2015-07-29,17:55:00,24.304,24.304,24.304,24.304,2182,0
2015-07-29,18:00:00,24.305,24.306,24.305,24.306,1333,0
2015-07-29,18:05:00,24.308,24.312,24.303,24.303,23549,0
2015-07-29,18:10:00,24.308,24.308,24.303,24.303,4903,0
2015-07-29,18:15:00,24.312,24.312,24.303,24.303,615,0
2015-07-29,18:25:00,24.307,24.311,24.307,24.311,468,0
2015-07-29,18:30:00,24.313,24.313,24.303,24.303,16631,0
2015-07-29,18:40:00,24.309,24.309,24.303,24.303,475,0
2015-07-29,18:45:00,24.313,24.313,24.313,24.313,340,0
2015-07-29,18:55:00,24.307,24.313,24.307,24.308,2826,0
2015-07-29,19:00:00,24.308,24.312,24.303,24.303,3197,0
2015-07-29,19:05:00,24.305,24.313,24.305,24.313,394,0
2015-07-29,19:10:00,24.309,24.309,24.309,24.309,2056,0
2015-07-29,19:15:00,24.308,24.313,24.308,24.313,444,0
2015-07-29,19:20:00,24.308,24.31,24.308,24.308,1698,0
2015-07-29,19:25:00,24.313,24.313,24.304,24.308,973,0
2015-07-29,19:30:00,24.313,24.313,24.303,24.308,756,0
2015-07-29,19:35:00,24.308,24.323,24.308,24.323,14477,0
2015-07-29,19:40:00,24.323,24.323,24.313,24.323,11061,0
2015-07-29,19:45:00,24.323,24.323,24.323,24.323,800,0
2015-07-29,19:50:00,24.323,24.323,24.323,24.323,100,0
2015-07-29,19:55:00,24.318,24.318,24.318,24.318,100,0
2015-07-29,20:00:00,24.323,24.331,24.322,24.331,22214,0
2015-07-29,20:05:00,24.322,24.322,24.322,24.322,410,0
2015-07-29,20:10:00,24.322,24.322,24.316,24.316,874,0
2015-07-29,20:15:00,24.318,24.318,24.318,24.318,347,0
2015-07-29,20:20:00,24.313,24.313,24.313,24.313,505,0
2015-07-29,20:25:00,24.319,24.319,24.313,24.318,3579,0
2015-07-29,20:30:00,24.318,24.319,24.315,24.319,1912,0
2015-07-29,20:40:00,24.318,24.318,24.318,24.318,193,0
2015-07-29,20:45:00,24.323,24.323,24.321,24.321,2859,0
2015-07-29,20:50:00,24.315,24.323,24.315,24.323,4609,0
2015-07-29,20:55:00,24.323,24.323,24.313,24.313,15975,0
2015-07-29,21:00:00,24.31,24.31,24.303,24.303,7182,0
2015-07-29,21:05:00,24.312,24.312,24.309,24.309,1244,0
2015-07-29,21:10:00,24.307,24.313,24.303,24.305,13394,0
2015-07-29,21:15:00,24.312,24.313,24.31,24.313,3701,0
2015-07-29,21:20:00,24.311,24.313,24.309,24.311,1698,0
2015-07-29,21:25:00,24.308,24.313,24.303,24.303,11456,0
2015-07-29,21:35:00,24.31,24.313,24.303,24.303,11294,0
2015-07-29,21:40:00,24.309,24.309,24.306,24.306,310,0
2015-07-29,21:45:00,24.303,24.308,24.303,24.303,10598,0
2015-07-29,21:50:00,24.313,24.313,24.304,24.313,9476,0
2015-07-29,21:55:00,24.313,24.313,24.303,24.313,6704,0
2015-07-29,22:00:00,24.303,24.308,24.283,24.283,27159,0
2015-07-30,15:35:00,24.293,24.293,24.283,24.283,3890,0
2015-07-30,16:00:00,24.299,24.299,24.295,24.295,2690,0
2015-07-30,16:05:00,24.283,24.303,24.283,24.303,1261,0
2015-07-30,16:10:00,24.283,24.303,24.283,24.293,2419,0
2015-07-30,16:15:00,24.303,24.333,24.298,24.333,305050,0
2015-07-30,16:20:00,24.333,24.333,24.325,24.328,82260,0
2015-07-30,16:25:00,24.329,24.329,24.313,24.313,3354,0
2015-07-30,16:30:00,24.313,24.323,24.313,24.323,19944,0
2015-07-30,16:35:00,24.318,24.322,24.313,24.32,4302,0
2015-07-30,16:40:00,24.313,24.322,24.313,24.322,1413,0
2015-07-30,16:45:00,24.313,24.321,24.313,24.313,1521,0
2015-07-30,16:50:00,24.318,24.318,24.313,24.313,787,0
2015-07-30,17:00:00,24.321,24.321,24.308,24.308,16297,0
2015-07-30,17:05:00,24.303,24.307,24.303,24.303,513,0
2015-07-30,17:10:00,24.308,24.313,24.303,24.303,2522,0
2015-07-30,17:15:00,24.303,24.323,24.303,24.322,2193,0
2015-07-30,17:20:00,24.323,24.323,24.316,24.316,1605,0
2015-07-30,17:25:00,24.313,24.313,24.313,24.313,8006,0
2015-07-30,17:30:00,24.316,24.323,24.313,24.313,2601,0
2015-07-30,17:35:00,24.313,24.323,24.313,24.323,8784,0
2015-07-30,17:40:00,24.313,24.323,24.313,24.32,7836,0
2015-07-30,17:45:00,24.32,24.323,24.313,24.323,45367,0
2015-07-30,17:50:00,24.323,24.323,24.323,24.323,500,0
2015-07-30,17:55:00,24.314,24.314,24.314,24.314,2624,0
2015-07-30,18:05:00,24.323,24.323,24.303,24.308,9610,0
2015-07-30,18:10:00,24.313,24.313,24.309,24.309,712,0
2015-07-30,18:15:00,24.303,24.323,24.303,24.313,12210,0
2015-07-30,18:20:00,24.313,24.313,24.313,24.313,900,0
2015-07-30,18:40:00,24.313,24.313,24.313,24.313,4402,0
2015-07-30,18:45:00,24.308,24.312,24.308,24.312,3392,0
2015-07-30,18:55:00,24.303,24.303,24.303,24.303,390,0
2015-07-30,19:15:00,24.303,24.303,24.303,24.303,100,0
2015-07-30,19:20:00,24.313,24.313,24.313,24.313,417,0
2015-07-30,19:25:00,24.313,24.313,24.303,24.313,6035,0
2015-07-30,19:30:00,24.303,24.313,24.303,24.313,2133,0
2015-07-30,19:35:00,24.308,24.313,24.303,24.313,3248,0
2015-07-30,19:40:00,24.303,24.303,24.303,24.303,200,0
2015-07-30,19:45:00,24.306,24.313,24.303,24.313,14159,0
2015-07-30,19:50:00,24.308,24.308,24.303,24.303,723,0
2015-07-30,19:55:00,24.303,24.306,24.303,24.303,8737,0
2015-07-30,20:00:00,24.303,24.312,24.303,24.303,3746,0
2015-07-30,20:05:00,24.303,24.309,24.303,24.309,7045,0
2015-07-30,20:10:00,24.303,24.312,24.303,24.312,2895,0
2015-07-30,20:15:00,24.309,24.309,24.303,24.309,2964,0
2015-07-30,20:20:00,24.31,24.31,24.307,24.308,3649,0
2015-07-30,20:25:00,24.303,24.303,24.303,24.303,580,0
2015-07-30,20:30:00,24.312,24.312,24.303,24.303,7672,0
2015-07-30,20:35:00,24.307,24.313,24.307,24.311,15645,0
2015-07-30,20:40:00,24.303,24.303,24.303,24.303,5734,0
2015-07-30,20:45:00,24.308,24.308,24.306,24.306,505,0
2015-07-30,20:50:00,24.306,24.309,24.303,24.309,3286,0
2015-07-30,20:55:00,24.303,24.303,24.303,24.303,100,0
2015-07-30,21:00:00,24.303,24.305,24.303,24.303,422,0
2015-07-30,21:05:00,24.303,24.313,24.303,24.303,18456,0
2015-07-30,21:10:00,24.303,24.313,24.303,24.303,2760,0
2015-07-30,21:15:00,24.308,24.313,24.303,24.303,1000,0
2015-07-30,21:20:00,24.303,24.312,24.303,24.303,1214,0
2015-07-30,21:25:00,24.304,24.313,24.303,24.313,7879,0
2015-07-30,21:30:00,24.303,24.313,24.303,24.303,2686,0
2015-07-30,21:35:00,24.309,24.309,24.293,24.298,46881,0
2015-07-30,21:40:00,24.298,24.299,24.293,24.298,41933,0
2015-07-30,21:45:00,24.293,24.303,24.292,24.293,146476,0
2015-07-30,21:50:00,24.293,24.293,24.283,24.283,208492,0
2015-07-30,21:55:00,24.283,24.293,24.283,24.283,5602,0
2015-07-30,22:00:00,24.283,24.283,24.273,24.283,61421,0
2015-07-31,15:35:00,24.303,24.308,24.303,24.304,7637,0
2015-07-31,15:40:00,24.303,24.313,24.303,24.313,18121,0
2015-07-31,15:45:00,24.301,24.301,24.301,24.301,272,0
2015-07-31,16:00:00,24.312,24.313,24.304,24.304,2414,0
2015-07-31,16:05:00,24.313,24.323,24.313,24.323,1618,0
2015-07-31,16:20:00,24.318,24.322,24.318,24.322,2061,0
2015-07-31,16:25:00,24.322,24.322,24.322,24.322,1269,0
2015-07-31,16:35:00,24.323,24.323,24.32,24.32,8044,0
2015-07-31,16:40:00,24.318,24.322,24.317,24.317,7066,0
2015-07-31,16:45:00,24.322,24.322,24.322,24.322,100,0
2015-07-31,16:50:00,24.316,24.317,24.316,24.317,468,0
2015-07-31,16:55:00,24.323,24.323,24.323,24.323,325,0
2015-07-31,17:00:00,24.313,24.313,24.313,24.313,273,0
2015-07-31,17:05:00,24.32,24.32,24.32,24.32,368,0
2015-07-31,17:10:00,24.316,24.316,24.316,24.316,701,0
2015-07-31,17:20:00,24.322,24.322,24.318,24.318,1557,0
2015-07-31,17:25:00,24.322,24.322,24.318,24.318,572,0
2015-07-31,17:40:00,24.323,24.323,24.318,24.318,815,0
2015-07-31,17:45:00,24.315,24.322,24.315,24.316,4117,0
2015-07-31,17:55:00,24.316,24.32,24.313,24.313,882,0
2015-07-31,18:05:00,24.321,24.321,24.318,24.318,1331,0
2015-07-31,18:10:00,24.313,24.318,24.313,24.318,7265,0
2015-07-31,18:15:00,24.316,24.318,24.316,24.318,430,0
2015-07-31,18:20:00,24.313,24.318,24.313,24.318,917,0
2015-07-31,18:30:00,24.313,24.322,24.313,24.318,1636,0
2015-07-31,18:35:00,24.318,24.318,24.313,24.318,1710,0
2015-07-31,18:45:00,24.318,24.318,24.318,24.318,1356,0
2015-07-31,18:55:00,24.313,24.313,24.313,24.313,19636,0
2015-07-31,19:00:00,24.304,24.304,24.303,24.303,1776,0
2015-07-31,19:05:00,24.312,24.312,24.312,24.312,141,0
2015-07-31,19:10:00,24.306,24.306,24.306,24.306,205,0
2015-07-31,19:15:00,24.312,24.313,24.312,24.313,5051,0
2015-07-31,19:20:00,24.303,24.303,24.303,24.303,5204,0
2015-07-31,19:25:00,24.303,24.303,24.303,24.303,800,0
2015-07-31,19:35:00,24.303,24.313,24.303,24.308,6338,0
2015-07-31,19:40:00,24.313,24.313,24.308,24.308,1823,0
2015-07-31,19:45:00,24.313,24.313,24.31,24.31,385,0
2015-07-31,19:50:00,24.308,24.308,24.308,24.308,100,0
2015-07-31,19:55:00,24.303,24.303,24.303,24.303,2001,0
2015-07-31,20:00:00,24.303,24.313,24.293,24.303,23551,0
2015-07-31,20:05:00,24.303,24.313,24.303,24.313,2133,0
2015-07-31,20:10:00,24.312,24.312,24.293,24.293,3481,0
2015-07-31,20:15:00,24.293,24.293,24.293,24.293,231,0
2015-07-31,20:20:00,24.303,24.303,24.303,24.303,100,0
2015-07-31,20:25:00,24.302,24.303,24.293,24.293,1305,0
2015-07-31,20:30:00,24.298,24.3,24.298,24.3,2601,0
2015-07-31,20:35:00,24.303,24.303,24.295,24.301,8415,0
2015-07-31,20:40:00,24.298,24.303,24.294,24.303,2669,0
2015-07-31,20:50:00,24.293,24.303,24.272,24.288,91625,0
2015-07-31,20:55:00,24.288,24.293,24.283,24.284,14656,0
2015-07-31,21:00:00,24.283,24.293,24.273,24.283,34536,0
2015-07-31,21:05:00,24.283,24.293,24.283,24.293,36211,0
2015-07-31,21:15:00,24.288,24.293,24.283,24.287,5279,0
2015-07-31,21:25:00,24.292,24.292,24.288,24.288,279,0
2015-07-31,21:30:00,24.283,24.283,24.283,24.283,4897,0
2015-07-31,21:35:00,24.285,24.285,24.285,24.285,239,0
2015-07-31,21:40:00,24.283,24.293,24.283,24.286,700,0
2015-07-31,21:45:00,24.292,24.292,24.283,24.283,379,0
2015-07-31,21:50:00,24.293,24.293,24.283,24.292,22937,0
2015-07-31,21:55:00,24.289,24.293,24.288,24.29,1154,0
2015-07-31,22:00:00,24.293,24.323,24.283,24.323,33191,0
2015-08-03,15:35:00,24.32,24.32,24.28,24.28,14659,0
2015-08-03,15:40:00,24.3057,24.3099,24.2803,24.3099,1425,0
2015-08-03,15:45:00,24.2971,24.31,24.2971,24.31,2538,0
2015-08-03,15:50:00,24.2902,24.2902,24.2902,24.2902,1045,0
2015-08-03,15:55:00,24.31,24.31,24.2901,24.3,7643,0
2015-08-03,16:00:00,24.299,24.3,24.299,24.3,486,0
2015-08-03,16:05:00,24.3099,24.3099,24.3099,24.3099,288,0
2015-08-03,16:10:00,24.305,24.305,24.305,24.305,102,0
2015-08-03,16:15:00,24.3,24.3,24.3,24.3,6000,0
2015-08-03,16:25:00,24.307,24.307,24.3025,24.3025,8505,0
2015-08-03,16:30:00,24.305,24.305,24.305,24.305,195,0
2015-08-03,16:35:00,24.306,24.31,24.3001,24.31,1064,0
2015-08-03,16:45:00,24.3099,24.31,24.3099,24.31,2200,0
2015-08-03,17:05:00,24.3039,24.31,24.3039,24.309,2387,0
2015-08-03,17:10:00,24.3099,24.3099,24.305,24.3099,4201,0
2015-08-03,17:15:00,24.3099,24.3099,24.3,24.3099,3819,0
2015-08-03,17:20:00,24.3,24.31,24.3,24.31,10416,0
2015-08-03,17:25:00,24.3073,24.31,24.3073,24.31,805,0
2015-08-03,17:40:00,24.3047,24.31,24.3,24.31,12188,0
2015-08-03,17:50:00,24.31,24.32,24.31,24.315,54128,0
2015-08-03,17:55:00,24.3161,24.3161,24.315,24.315,207,0
2015-08-03,18:00:00,24.315,24.32,24.3101,24.3101,35215,0
2015-08-03,18:05:00,24.32,24.32,24.315,24.3191,3768,0
2015-08-03,18:10:00,24.315,24.315,24.315,24.315,200,0
2015-08-03,18:20:00,24.318,24.318,24.318,24.318,391,0
2015-08-03,18:35:00,24.315,24.317,24.3101,24.3101,9943,0
2015-08-03,18:40:00,24.3149,24.32,24.3101,24.3101,2776,0
2015-08-03,18:45:00,24.3189,24.3199,24.3189,24.3199,756,0
2015-08-03,18:55:00,24.3101,24.3149,24.3101,24.3101,499,0
2015-08-03,19:00:00,24.3101,24.3199,24.3101,24.3136,3584,0
2015-08-03,19:05:00,24.3101,24.3164,24.3101,24.3164,2038,0
2015-08-03,19:10:00,24.31,24.317,24.31,24.315,1198,0
2015-08-03,19:15:00,24.3199,24.3199,24.31,24.311,3190,0
2015-08-03,19:20:00,24.32,24.32,24.32,24.32,15060,0
2015-08-03,19:25:00,24.32,24.32,24.3187,24.3187,1270,0
2015-08-03,19:40:00,24.315,24.32,24.3128,24.3199,5908,0
2015-08-03,19:45:00,24.315,24.3162,24.31,24.3162,6137,0
2015-08-03,19:50:00,24.315,24.315,24.31,24.31,1082,0
2015-08-03,19:55:00,24.3125,24.3125,24.3125,24.3125,100,0
2015-08-03,20:00:00,24.3173,24.32,24.31,24.3107,35539,0
2015-08-03,20:05:00,24.316,24.32,24.315,24.315,2470,0
2015-08-03,20:10:00,24.3164,24.32,24.3109,24.318,5961,0
2015-08-03,20:15:00,24.3199,24.3199,24.31,24.3163,11600,0
2015-08-03,20:20:00,24.31,24.315,24.31,24.31,3437,0
2015-08-03,20:25:00,24.3195,24.3195,24.31,24.31,1810,0
2015-08-03,20:30:00,24.3101,24.32,24.31,24.3101,4429,0
2015-08-03,20:35:00,24.31,24.317,24.31,24.3127,2496,0
2015-08-03,20:40:00,24.32,24.32,24.3101,24.3108,2214,0
2015-08-03,20:45:00,24.311,24.3199,24.3101,24.315,5767,0
2015-08-03,20:50:00,24.3199,24.3199,24.31,24.31,2137,0
2015-08-03,20:55:00,24.3165,24.3168,24.3101,24.3168,1328,0
2015-08-03,21:00:00,24.3124,24.32,24.3118,24.32,5999,0
2015-08-03,21:05:00,24.3168,24.32,24.3168,24.32,315,0
2015-08-03,21:10:00,24.315,24.32,24.311,24.3163,1319,0
2015-08-03,21:15:00,24.318,24.32,24.315,24.32,5080,0
2015-08-03,21:20:00,24.3163,24.3163,24.311,24.311,1292,0
2015-08-03,21:25:00,24.32,24.32,24.31,24.3101,5091,0
2015-08-03,21:30:00,24.31,24.32,24.31,24.31,1442,0
2015-08-03,21:35:00,24.32,24.32,24.31,24.31,5200,0
2015-08-03,21:40:00,24.32,24.32,24.32,24.32,100,0
2015-08-03,21:45:00,24.32,24.32,24.3,24.3,10875,0
2015-08-03,21:50:00,24.3037,24.308,24.3,24.3,1122,0
2015-08-03,21:55:00,24.3,24.31,24.3,24.3,21010,0
2015-08-03,22:00:00,24.31,24.31,24.29,24.31,27600,0
2015-08-04,15:35:00,24.31,24.31,24.31,24.31,3088,0
2015-08-04,15:40:00,24.291,24.291,24.291,24.291,100,0
2015-08-04,15:45:00,24.29,24.29,24.28,24.28,18100,0
2015-08-04,15:55:00,24.281,24.289,24.281,24.289,6340,0
2015-08-04,16:05:00,24.2835,24.286,24.2801,24.2801,6200,0
2015-08-04,16:10:00,24.29,24.29,24.29,24.29,1800,0
2015-08-04,16:15:00,24.2961,24.2999,24.2961,24.2999,3967,0
2015-08-04,16:35:00,24.29,24.2959,24.29,24.2959,802,0
2015-08-04,16:45:00,24.2954,24.2954,24.2954,24.2954,329,0
2015-08-04,16:50:00,24.29,24.2951,24.29,24.2951,2744,0
2015-08-04,16:55:00,24.29,24.2901,24.29,24.29,3500,0
2015-08-04,17:00:00,24.29,24.293,24.29,24.291,2852,0
2015-08-04,17:05:00,24.295,24.295,24.295,24.295,602,0
2015-08-04,17:10:00,24.2972,24.2972,24.293,24.293,1405,0
2015-08-04,17:15:00,24.29,24.2957,24.29,24.291,2725,0
2015-08-04,17:20:00,24.2961,24.2961,24.2961,24.2961,128,0
2015-08-04,17:25:00,24.295,24.3,24.295,24.298,1531,0
2015-08-04,17:30:00,24.2927,24.2999,24.2927,24.295,3459,0
2015-08-04,17:35:00,24.295,24.3,24.292,24.292,2132,0
2015-08-04,17:40:00,24.2999,24.2999,24.2999,24.2999,295,0
2015-08-04,17:45:00,24.2959,24.2959,24.2935,24.2935,2336,0
2015-08-04,17:55:00,24.2932,24.2932,24.29,24.29,400,0
2015-08-04,18:00:00,24.2999,24.2999,24.299,24.299,302,0
2015-08-04,18:05:00,24.299,24.299,24.29,24.295,821,0
2015-08-04,18:10:00,24.2932,24.2948,24.2932,24.2948,583,0
2015-08-04,18:15:00,24.295,24.2951,24.295,24.295,637,0
2015-08-04,18:20:00,24.294,24.294,24.294,24.294,400,0
2015-08-04,18:25:00,24.2901,24.2901,24.2901,24.2901,2267,0
2015-08-04,18:30:00,24.29,24.295,24.29,24.29,1650,0
2015-08-04,18:35:00,24.2933,24.2999,24.29,24.2999,17634,0
2015-08-04,18:40:00,24.2991,24.2991,24.2991,24.2991,5937,0
2015-08-04,18:50:00,24.2965,24.2965,24.2965,24.2965,421,0
2015-08-04,18:55:00,24.299,24.299,24.291,24.294,3924,0
2015-08-04,19:05:00,24.3,24.3,24.3,24.3,2000,0
2015-08-04,19:10:00,24.2901,24.2901,24.2901,24.2901,109,0
2015-08-04,19:20:00,24.2981,24.2999,24.2974,24.2999,7127,0
2015-08-04,19:35:00,24.2901,24.2999,24.2901,24.2999,1414,0
2015-08-04,19:40:00,24.2999,24.2999,24.29,24.2972,5583,0
2015-08-04,19:45:00,24.2901,24.2978,24.2901,24.2978,459,0
2015-08-04,19:50:00,24.293,24.293,24.293,24.293,1030,0
2015-08-04,19:55:00,24.29,24.29,24.29,24.29,2685,0
2015-08-04,20:00:00,24.2885,24.29,24.285,24.29,6151,0
2015-08-04,20:05:00,24.28,24.28,24.28,24.28,1056,0
2015-08-04,20:10:00,24.2899,24.2899,24.28,24.28,704,0
2015-08-04,20:35:00,24.284,24.284,24.28,24.28,976,0
2015-08-04,20:40:00,24.285,24.29,24.285,24.29,355,0
2015-08-04,20:45:00,24.2899,24.29,24.28,24.29,5261,0
2015-08-04,20:50:00,24.28,24.29,24.28,24.29,16828,0
2015-08-04,20:55:00,24.29,24.29,24.2838,24.2838,713,0
2015-08-04,21:00:00,24.29,24.29,24.2809,24.29,2975,0
2015-08-04,21:05:00,24.29,24.29,24.29,24.29,913,0
2015-08-04,21:10:00,24.2899,24.29,24.285,24.29,8432,0
2015-08-04,21:15:00,24.29,24.29,24.28,24.29,7575,0
2015-08-04,21:20:00,24.2832,24.2832,24.28,24.28,602,0
2015-08-04,21:25:00,24.289,24.29,24.285,24.285,903,0
2015-08-04,21:30:00,24.2862,24.2862,24.282,24.282,692,0
2015-08-04,21:35:00,24.2899,24.29,24.2868,24.2892,1430,0
2015-08-04,21:40:00,24.29,24.29,24.279,24.289,11644,0
2015-08-04,21:45:00,24.29,24.29,24.2832,24.2832,3778,0
2015-08-04,21:50:00,24.2849,24.29,24.2849,24.2899,33725,0
2015-08-04,21:55:00,24.2899,24.29,24.2835,24.2899,2700,0
2015-08-04,22:00:00,24.29,24.29,24.28,24.28,2389,0
2015-08-05,15:35:00,24.28,24.28,24.28,24.28,10588,0
2015-08-05,15:40:00,24.28,24.29,24.27,24.2701,69094,0
2015-08-05,15:45:00,24.28,24.28,24.2734,24.275,7546,0
2015-08-05,15:50:00,24.275,24.28,24.27,24.275,7045,0
2015-08-05,16:00:00,24.2762,24.2799,24.2762,24.2799,1325,0
2015-08-05,16:05:00,24.279,24.28,24.27,24.2767,21265,0
2015-08-05,16:10:00,24.27,24.275,24.26,24.26,95483,0
2015-08-05,16:15:00,24.26,24.27,24.26,24.27,10864,0
2015-08-05,16:20:00,24.27,24.27,24.259,24.27,82240,0
2015-08-05,16:30:00,24.269,24.269,24.264,24.264,591,0
2015-08-05,16:35:00,24.2651,24.2651,24.2651,24.2651,500,0
2015-08-05,16:40:00,24.2615,24.2615,24.2615,24.2615,233,0
2015-08-05,16:50:00,24.2651,24.27,24.2651,24.27,9420,0
2015-08-05,16:55:00,24.27,24.27,24.27,24.27,3203,0
2015-08-05,17:00:00,24.2639,24.2639,24.2639,24.2639,3042,0
2015-08-05,17:05:00,24.268,24.2694,24.2671,24.2671,9273,0
2015-08-05,17:10:00,24.2699,24.27,24.268,24.2699,16795,0
2015-08-05,17:15:00,24.2601,24.2601,24.2601,24.2601,5000,0
2015-08-05,17:20:00,24.2601,24.2662,24.2601,24.2662,1350,0
2015-08-05,17:25:00,24.26,24.27,24.26,24.2601,5678,0
2015-08-05,17:30:00,24.2651,24.2651,24.2651,24.2651,749,0
2015-08-05,17:35:00,24.2601,24.2601,24.2601,24.2601,200,0
2015-08-05,17:40:00,24.2684,24.27,24.2604,24.27,5489,0
2015-08-05,17:50:00,24.2639,24.2639,24.2601,24.2601,568,0
2015-08-05,17:55:00,24.2699,24.2699,24.2699,24.2699,1250,0
2015-08-05,18:00:00,24.2601,24.2601,24.26,24.26,664,0
2015-08-05,18:05:00,24.27,24.27,24.2635,24.27,8205,0
2015-08-05,18:10:00,24.27,24.285,24.27,24.28,19264,0
2015-08-05,18:15:00,24.28,24.281,24.28,24.28,20479,0
2015-08-05,18:20:00,24.281,24.281,24.28,24.28,23100,0
2015-08-05,18:25:00,24.281,24.285,24.28,24.28,24536,0
2015-08-05,18:30:00,24.28,24.3,24.27,24.27,61859,0
2015-08-05,18:35:00,24.27,24.285,24.27,24.28,14000,0
2015-08-05,18:40:00,24.2735,24.28,24.27,24.28,5760,0
2015-08-05,18:45:00,24.2751,24.28,24.2701,24.28,5725,0
2015-08-05,18:55:00,24.28,24.28,24.2751,24.2751,4940,0
2015-08-05,19:05:00,24.2799,24.2799,24.2701,24.2701,1561,0
2015-08-05,19:15:00,24.271,24.271,24.271,24.271,372,0
2015-08-05,19:20:00,24.277,24.28,24.277,24.28,1903,0
2015-08-05,19:25:00,24.27,24.2701,24.27,24.2701,600,0
2015-08-05,19:35:00,24.2702,24.275,24.2702,24.275,622,0
2015-08-05,19:40:00,24.2799,24.2799,24.2774,24.2774,9115,0
2015-08-05,19:45:00,24.27,24.2701,24.27,24.2701,2655,0
2015-08-05,19:50:00,24.276,24.276,24.276,24.276,1231,0
2015-08-05,20:00:00,24.27,24.27,24.27,24.27,104,0
2015-08-05,20:05:00,24.2799,24.2799,24.27,24.27,3294,0
2015-08-05,20:10:00,24.28,24.2801,24.28,24.28,15195,0
2015-08-05,20:15:00,24.2801,24.2801,24.28,24.28,3500,0
2015-08-05,20:25:00,24.2828,24.2984,24.2828,24.2984,16104,0
2015-08-05,20:30:00,24.2894,24.291,24.2894,24.291,1416,0
2015-08-05,20:35:00,24.2998,24.3,24.286,24.2877,14917,0
2015-08-05,20:40:00,24.3,24.3,24.28,24.2905,11328,0
2015-08-05,20:45:00,24.298,24.298,24.28,24.28,1585,0
2015-08-05,20:50:00,24.28,24.2978,24.28,24.29,2443,0
2015-08-05,20:55:00,24.282,24.3,24.28,24.3,2250,0
2015-08-05,21:00:00,24.298,24.298,24.275,24.275,6564,0
2015-08-05,21:05:00,24.27,24.275,24.26,24.265,38130,0
2015-08-05,21:10:00,24.26,24.26,24.26,24.26,24980,0
2015-08-05,21:15:00,24.27,24.27,24.26,24.2627,56373,0
2015-08-05,21:20:00,24.26,24.26,24.26,24.26,3966,0
2015-08-05,21:25:00,24.269,24.269,24.26,24.26,7118,0
2015-08-05,21:30:00,24.2601,24.2699,24.26,24.2699,5950,0
2015-08-05,21:35:00,24.26,24.26,24.26,24.26,11100,0
2015-08-05,21:40:00,24.2639,24.27,24.26,24.27,4167,0
2015-08-05,21:45:00,24.27,24.27,24.2601,24.2601,2722,0
2015-08-05,21:50:00,24.27,24.27,24.2649,24.27,1680,0
2015-08-05,21:55:00,24.27,24.27,24.26,24.27,1766,0
2015-08-05,22:00:00,24.27,24.27,24.26,24.26,19393,0
2015-08-06,15:35:00,24.29,24.29,24.2873,24.2873,15807,0
2015-08-06,15:40:00,24.29,24.29,24.28,24.2899,5167,0
2015-08-06,15:50:00,24.2867,24.2867,24.2849,24.2849,930,0
2015-08-06,15:55:00,24.2819,24.2849,24.2808,24.2849,5236,0
2015-08-06,16:00:00,24.2899,24.2899,24.2899,24.2899,494,0
2015-08-06,16:05:00,24.2895,24.2895,24.2895,24.2895,3000,0
2015-08-06,16:10:00,24.288,24.288,24.288,24.288,6188,0
2015-08-06,16:15:00,24.29,24.29,24.27,24.27,10616,0
2015-08-06,16:20:00,24.2792,24.28,24.2792,24.28,2160,0
2015-08-06,16:25:00,24.282,24.282,24.281,24.281,1200,0
2015-08-06,16:30:00,24.29,24.29,24.2839,24.2839,378,0
2015-08-06,16:40:00,24.2899,24.2899,24.2859,24.2859,546,0
2015-08-06,16:45:00,24.28,24.29,24.28,24.29,2375,0
2015-08-06,16:55:00,24.2899,24.2899,24.2899,24.2899,1297,0
2015-08-06,17:05:00,24.2806,24.285,24.2806,24.285,1121,0
2015-08-06,17:10:00,24.2899,24.2899,24.2801,24.2801,4562,0
2015-08-06,17:15:00,24.282,24.2839,24.282,24.2839,2066,0
2015-08-06,17:20:00,24.29,24.29,24.288,24.288,5113,0
2015-08-06,17:25:00,24.2899,24.2899,24.28,24.2899,8932,0
2015-08-06,17:30:00,24.285,24.285,24.285,24.285,409,0
2015-08-06,17:35:00,24.29,24.29,24.2801,24.285,1204,0
2015-08-06,17:40:00,24.281,24.2899,24.281,24.285,1623,0
2015-08-06,17:45:00,24.29,24.29,24.28,24.285,1336,0
2015-08-06,17:50:00,24.285,24.2862,24.285,24.285,646,0
2015-08-06,17:55:00,24.2838,24.29,24.28,24.2899,13438,0
2015-08-06,18:00:00,24.29,24.29,24.29,24.29,100,0
2015-08-06,18:05:00,24.285,24.285,24.285,24.285,100,0
2015-08-06,18:10:00,24.28,24.289,24.28,24.28,3284,0
2015-08-06,18:15:00,24.2899,24.2899,24.281,24.281,2100,0
2015-08-06,18:25:00,24.29,24.29,24.285,24.2899,18457,0
2015-08-06,18:30:00,24.282,24.282,24.282,24.282,694,0
2015-08-06,18:50:00,24.286,24.29,24.286,24.29,641,0
2015-08-06,18:55:00,24.289,24.289,24.288,24.288,824,0
2015-08-06,19:00:00,24.2827,24.3,24.2827,24.291,8272,0
2015-08-06,19:05:00,24.295,24.295,24.289,24.289,18804,0
2015-08-06,19:10:00,24.285,24.29,24.281,24.29,5674,0
2015-08-06,19:15:00,24.2801,24.285,24.28,24.285,7061,0
2015-08-06,19:20:00,24.285,24.2899,24.2841,24.2841,1030,0
2015-08-06,19:25:00,24.2801,24.29,24.2801,24.285,2412,0
2015-08-06,19:30:00,24.2888,24.2899,24.2839,24.2839,7942,0
2015-08-06,19:35:00,24.2899,24.2899,24.285,24.285,1563,0
2015-08-06,19:40:00,24.289,24.289,24.2839,24.2839,916,0
2015-08-06,19:45:00,24.285,24.29,24.2801,24.2801,3239,0
2015-08-06,19:50:00,24.2803,24.289,24.28,24.285,29809,0
2015-08-06,19:55:00,24.2838,24.2838,24.2838,24.2838,125,0
2015-08-06,20:00:00,24.2899,24.2899,24.285,24.2899,877,0
2015-08-06,20:05:00,24.2899,24.2899,24.285,24.285,734,0
2015-08-06,20:10:00,24.2855,24.2855,24.2855,24.2855,1018,0
2015-08-06,20:15:00,24.29,24.29,24.286,24.286,12395,0
2015-08-06,20:20:00,24.2801,24.2835,24.2801,24.2835,313,0
2015-08-06,20:25:00,24.289,24.29,24.2867,24.29,9945,0
2015-08-06,20:30:00,24.2899,24.2899,24.2899,24.2899,1123,0
2015-08-06,20:35:00,24.282,24.282,24.282,24.282,625,0
2015-08-06,20:40:00,24.282,24.289,24.282,24.287,2695,0
2015-08-06,20:45:00,24.29,24.29,24.2882,24.29,5068,0
2015-08-06,20:50:00,24.289,24.29,24.288,24.29,11141,0
2015-08-06,20:55:00,24.2841,24.2841,24.2841,24.2841,824,0
2015-08-06,21:00:00,24.29,24.29,24.2868,24.2868,1939,0
2015-08-06,21:05:00,24.28,24.285,24.27,24.27,56806,0
2015-08-06,21:10:00,24.2865,24.289,24.28,24.28,3448,0
2015-08-06,21:15:00,24.2851,24.2851,24.2851,24.2851,411,0
2015-08-06,21:20:00,24.2801,24.29,24.2801,24.29,4236,0
2015-08-06,21:25:00,24.29,24.29,24.281,24.2839,13100,0
2015-08-06,21:30:00,24.289,24.289,24.283,24.283,6030,0
2015-08-06,21:35:00,24.289,24.29,24.28,24.28,4175,0
2015-08-06,21:40:00,24.2861,24.2861,24.2835,24.285,1707,0
2015-08-06,21:50:00,24.2899,24.29,24.2899,24.29,2022,0
2015-08-06,21:55:00,24.29,24.29,24.2817,24.2899,1184,0
2015-08-06,22:00:00,24.29,24.29,24.281,24.29,1290,0
2015-08-07,15:35:00,24.29,24.3,24.2897,24.2897,5493,0
2015-08-07,15:45:00,24.2862,24.2862,24.2862,24.2862,242,0
2015-08-07,15:50:00,24.29,24.29,24.29,24.29,100,0
2015-08-07,15:55:00,24.285,24.29,24.28,24.29,14406,0
2015-08-07,16:05:00,24.2843,24.2843,24.2843,24.2843,2385,0
2015-08-07,16:10:00,24.2801,24.2801,24.2801,24.2801,195,0
2015-08-07,16:15:00,24.28,24.29,24.27,24.275,7873,0
2015-08-07,16:20:00,24.2772,24.2772,24.2772,24.2772,1441,0
2015-08-07,16:25:00,24.275,24.28,24.275,24.275,2045,0
2015-08-07,16:30:00,24.275,24.275,24.275,24.275,200,0
2015-08-07,16:35:00,24.275,24.28,24.275,24.28,3890,0
2015-08-07,16:40:00,24.275,24.28,24.275,24.28,500,0
2015-08-07,16:45:00,24.2799,24.2799,24.2799,24.2799,352,0
2015-08-07,16:50:00,24.2701,24.28,24.27,24.2799,6464,0
2015-08-07,17:00:00,24.278,24.278,24.278,24.278,1006,0
2015-08-07,17:10:00,24.28,24.29,24.28,24.29,2323,0
2015-08-07,17:15:00,24.29,24.29,24.29,24.29,1600,0
2015-08-07,17:20:00,24.2899,24.29,24.28,24.28,6155,0
2015-08-07,17:25:00,24.2899,24.29,24.2899,24.29,3400,0
2015-08-07,17:30:00,24.29,24.29,24.289,24.29,4463,0
2015-08-07,17:35:00,24.285,24.29,24.27,24.2801,22717,0
2015-08-07,17:40:00,24.2815,24.29,24.2815,24.29,8335,0
2015-08-07,17:45:00,24.29,24.29,24.2849,24.2849,224,0
2015-08-07,17:50:00,24.286,24.286,24.285,24.285,989,0
2015-08-07,17:55:00,24.2854,24.2854,24.2854,24.2854,389,0
2015-08-07,18:00:00,24.289,24.29,24.2801,24.2801,9418,0
2015-08-07,18:15:00,24.2801,24.2854,24.2801,24.2854,2964,0
2015-08-07,18:25:00,24.2884,24.2884,24.286,24.286,1871,0
2015-08-07,18:30:00,24.286,24.286,24.286,24.286,1235,0
2015-08-07,18:35:00,24.2849,24.29,24.2849,24.289,1781,0
2015-08-07,18:40:00,24.288,24.288,24.288,24.288,970,0
2015-08-07,18:45:00,24.2826,24.2826,24.2826,24.2826,4136,0
2015-08-07,18:50:00,24.285,24.285,24.285,24.285,238,0
2015-08-07,18:55:00,24.2815,24.29,24.2801,24.29,2751,0
2015-08-07,19:00:00,24.2838,24.2838,24.2838,24.2838,153,0
2015-08-07,19:05:00,24.287,24.287,24.2859,24.2859,1089,0
2015-08-07,19:15:00,24.29,24.29,24.285,24.285,2089,0
2015-08-07,19:30:00,24.2839,24.2839,24.2839,24.2839,322,0
2015-08-07,19:35:00,24.2801,24.2899,24.2801,24.2899,624,0
2015-08-07,19:40:00,24.2801,24.29,24.2801,24.29,6530,0
2015-08-07,19:50:00,24.2867,24.2867,24.2867,24.2867,300,0
2015-08-07,19:55:00,24.289,24.289,24.288,24.289,3211,0
2015-08-07,20:00:00,24.288,24.288,24.288,24.288,535,0
2015-08-07,20:05:00,24.29,24.29,24.29,24.29,500,0
2015-08-07,20:10:00,24.2801,24.29,24.2801,24.2861,2467,0
2015-08-07,20:20:00,24.29,24.29,24.285,24.29,3324,0
2015-08-07,20:25:00,24.2899,24.29,24.28,24.2872,11688,0
2015-08-07,20:30:00,24.285,24.29,24.28,24.285,4598,0
2015-08-07,20:35:00,24.2899,24.3,24.28,24.2957,24467,0
2015-08-07,20:40:00,24.2953,24.2977,24.2901,24.295,5759,0
2015-08-07,20:45:00,24.3,24.3,24.3,24.3,9254,0
2015-08-07,20:50:00,24.3,24.3,24.2992,24.2992,200,0
2015-08-07,20:55:00,24.2999,24.3,24.2901,24.3,19529,0
2015-08-07,21:00:00,24.2999,24.3,24.295,24.3,3621,0
2015-08-07,21:05:00,24.3,24.3,24.3,24.3,263,0
2015-08-07,21:10:00,24.299,24.3,24.295,24.3,829,0
2015-08-07,21:15:00,24.2992,24.3,24.295,24.3,751,0
2015-08-07,21:20:00,24.3,24.3,24.29,24.3,2483,0
2015-08-07,21:25:00,24.296,24.3,24.295,24.3,2346,0
2015-08-07,21:30:00,24.3,24.3,24.29,24.3,2000,0
2015-08-07,21:35:00,24.3,24.3,24.2999,24.3,1100,0
2015-08-07,21:40:00,24.3,24.3,24.29,24.2938,8595,0
2015-08-07,21:45:00,24.3,24.3,24.2999,24.3,1523,0
2015-08-07,21:50:00,24.3,24.3,24.2992,24.2999,800,0
2015-08-07,21:55:00,24.295,24.3,24.291,24.3,3078,0
2015-08-07,22:00:00,24.3,24.3,24.3,24.3,8813,0
