Date,Time,Open,High,Low,Close,Volume,OpenInt
2014-07-28,15:50:00,48.86,48.86,48.86,48.86,600,0
2014-07-28,16:10:00,48.89,48.89,48.89,48.89,100,0
2014-07-28,16:35:00,49.24,49.24,49.24,49.24,150,0
2014-07-28,18:10:00,49.07,49.11,49.07,49.11,200,0
2014-07-28,18:20:00,49.12,49.12,49.12,49.12,1000,0
2014-07-28,18:25:00,49.12,49.12,49.12,49.12,996,0
2014-07-28,18:35:00,49.14,49.14,49.14,49.14,100,0
2014-07-28,18:45:00,49.1,49.1,49.1,49.1,200,0
2014-07-28,19:00:00,49.13,49.13,49.13,49.13,1400,0
2014-07-28,19:15:00,49.13,49.13,49.11,49.11,600,0
2014-07-28,19:25:00,49.11,49.11,49.11,49.11,100,0
2014-07-28,19:35:00,49.1,49.1,48.97,48.97,200,0
2014-07-28,20:00:00,48.7,48.7,48.7,48.7,200,0
2014-07-28,20:05:00,48.67,48.67,48.67,48.67,200,0
2014-07-28,21:15:00,48.66,48.66,48.66,48.66,200,0
2014-07-29,16:05:00,48.98,48.98,48.98,48.98,100,0
2014-07-29,16:50:00,48.79,48.79,48.79,48.79,783,0
2014-07-29,16:55:00,48.83,48.83,48.83,48.83,100,0
2014-07-29,18:25:00,49.15,49.15,49.15,49.15,109,0
2014-07-29,20:35:00,49.11,49.11,49.11,49.11,1000,0
2014-07-29,21:50:00,49.69,49.69,49.5,49.5,250,0
2014-07-29,22:00:00,49.71,49.71,49.71,49.71,939,0
2014-07-30,15:35:00,49.41,49.41,49.36,49.36,600,0
2014-07-30,15:40:00,49.35,49.38,49.35,49.37,400,0
2014-07-30,16:40:00,49.72,49.72,49.72,49.72,100,0
2014-07-30,17:20:00,49.99,49.99,49.99,49.99,300,0
2014-07-30,19:05:00,49.85,49.85,49.85,49.85,100,0
2014-07-30,20:05:00,49.6,49.67,49.6,49.66,1103,0
2014-07-30,20:15:00,49.51,49.53,49.35,49.35,1500,0
2014-07-30,21:50:00,49.6,49.6,49.6,49.6,200,0
2014-07-30,22:00:00,49.6,49.6,49.6,49.6,100,0
2014-07-31,15:35:00,51.0,51.0,51.0,51.0,500,0
2014-07-31,16:20:00,50.25,50.25,50.25,50.25,2400,0
2014-07-31,17:40:00,51.0,51.0,51.0,51.0,200,0
2014-07-31,17:50:00,50.84,50.84,50.84,50.84,171,0
2014-07-31,18:05:00,51.08,51.09,51.08,51.09,200,0
2014-07-31,19:20:00,50.95,50.95,50.95,50.95,100,0
2014-07-31,20:45:00,50.95,50.95,50.95,50.95,200,0
2014-07-31,21:30:00,51.56,51.56,51.56,51.56,200,0
2014-07-31,21:55:00,51.58,51.58,51.58,51.58,200,0
2014-08-01,15:35:00,51.11,51.11,51.11,51.11,100,0
2014-08-01,15:40:00,51.28,51.28,51.28,51.28,1000,0
2014-08-01,20:25:00,51.5,51.5,51.5,51.5,200,0
2014-08-01,21:25:00,51.45,51.45,51.45,51.45,105,0
2014-08-04,15:35:00,50.66,51.56,50.66,51.56,200,0
2014-08-04,15:40:00,51.28,51.28,51.21,51.21,300,0
2014-08-04,15:50:00,51.31,51.31,51.31,51.31,500,0
2014-08-04,17:45:00,51.59,51.59,51.59,51.59,150,0
2014-08-04,18:35:00,51.57,51.57,51.57,51.57,900,0
2014-08-04,21:25:00,51.26,51.26,51.26,51.26,100,0
2014-08-05,16:25:00,51.04,51.04,51.04,51.04,700,0
2014-08-05,17:20:00,50.92,50.92,50.92,50.92,1200,0
2014-08-06,15:35:00,52.13,52.13,52.13,52.13,700,0
2014-08-07,16:00:00,51.44,51.44,51.44,51.44,742,0
2014-08-08,19:20:00,51.3,51.3,51.3,51.3,100,0
2014-08-08,19:35:00,51.07,51.07,51.07,51.07,200,0
2014-08-11,15:35:00,50.3,50.3,50.3,50.3,200,0
2014-08-11,15:55:00,50.03,50.03,50.0,50.0,300,0
2014-08-11,16:10:00,50.0,50.0,50.0,50.0,900,0
2014-08-11,16:30:00,49.78,49.78,49.78,49.78,102,0
2014-08-11,17:10:00,49.8,49.82,49.8,49.82,600,0
2014-08-11,19:55:00,49.99,49.99,49.99,49.99,200,0
2014-08-11,20:05:00,50.0,50.0,50.0,50.0,100,0
2014-08-14,15:40:00,49.31,49.31,49.31,49.31,100,0
2014-08-14,16:05:00,49.28,49.28,49.28,49.28,100,0
2014-08-14,16:35:00,49.24,49.24,49.24,49.24,100,0
2014-08-15,16:20:00,48.75,48.75,48.75,48.75,3000,0
2014-08-15,17:00:00,49.69,49.69,49.69,49.69,111,0
2014-08-15,17:40:00,49.74,49.74,49.74,49.74,200,0
2014-08-15,18:10:00,49.89,49.89,49.89,49.89,100,0
2014-08-15,18:25:00,49.77,49.77,49.77,49.77,100,0
2014-08-18,15:55:00,48.5,48.5,48.5,48.5,100,0
2014-08-18,16:00:00,48.0,48.0,48.0,48.0,200,0
2014-08-18,16:45:00,47.89,47.89,47.89,47.89,111,0
2014-08-18,17:10:00,48.02,48.02,48.02,48.02,600,0
2014-08-19,15:40:00,47.48,47.48,47.48,47.48,200,0
2014-08-19,15:45:00,47.47,47.47,47.47,47.47,200,0
2014-08-19,15:50:00,47.54,47.54,47.54,47.54,200,0
2014-08-19,17:05:00,47.48,47.48,47.48,47.48,1480,0
2014-08-20,20:30:00,47.2,47.2,47.2,47.2,111,0
2014-08-20,21:15:00,47.01,47.01,47.01,47.01,100,0
2014-08-21,15:50:00,46.87,46.87,46.8,46.8,3338,0
2014-08-21,17:05:00,46.9,46.9,46.9,46.9,100,0
2014-08-21,17:25:00,46.7,46.7,46.7,46.7,38520,0
2014-08-21,17:30:00,46.6,46.6,46.6,46.6,6337,0
2014-08-22,15:40:00,46.84,46.84,46.84,46.84,333,0
2014-08-22,17:10:00,47.42,47.42,47.42,47.42,421,0
2014-08-22,18:30:00,46.8,46.8,46.8,46.8,421,0
2014-08-25,18:15:00,46.75,46.81,46.75,46.81,200,0
2014-08-25,20:05:00,46.79,46.79,46.79,46.79,400,0
2014-08-27,16:45:00,46.88,46.88,46.88,46.88,100,0
2014-08-28,16:35:00,47.5,47.5,47.5,47.5,200,0
2014-09-03,16:15:00,46.6,46.6,46.6,46.6,600,0
2014-09-03,16:45:00,46.5,46.5,46.5,46.5,350,0
2014-09-03,17:55:00,46.75,46.76,46.75,46.75,39500,0
2014-09-04,16:05:00,46.19,46.19,46.19,46.19,100,0
2014-09-04,18:30:00,46.56,46.56,46.56,46.56,100,0
2014-09-05,16:05:00,46.77,46.77,46.77,46.77,100,0
2014-09-05,18:25:00,46.66,46.68,46.65,46.68,1000,0
2014-09-05,22:00:00,46.41,46.41,46.41,46.41,460,0
2014-09-08,15:35:00,46.12,46.12,46.12,46.12,300,0
2014-09-09,15:50:00,46.92,46.92,46.92,46.92,300,0
2014-09-10,18:40:00,47.45,47.45,47.45,47.45,375,0
2014-09-11,17:15:00,46.95,46.95,46.95,46.95,206,0
2014-09-12,20:10:00,47.36,47.36,47.36,47.36,500,0
2014-09-12,20:15:00,47.3,47.41,47.3,47.41,1400,0
2014-09-12,20:25:00,47.32,47.33,47.32,47.33,1000,0
2014-09-12,20:35:00,47.4,47.4,47.39,47.39,200,0
2014-09-12,20:50:00,47.54,47.55,47.54,47.54,900,0
2014-09-12,21:00:00,47.44,47.45,47.44,47.45,900,0
2014-09-12,21:15:00,47.49,47.49,47.46,47.48,1532,0
2014-09-12,21:25:00,47.38,47.38,47.25,47.25,800,0
2014-09-15,16:05:00,47.74,47.75,47.73,47.75,1200,0
2014-09-15,16:15:00,47.72,47.72,47.72,47.72,200,0
2014-09-15,16:20:00,47.68,47.68,47.68,47.68,1300,0
2014-09-15,16:40:00,47.54,47.56,47.54,47.56,500,0
2014-09-15,18:05:00,47.89,47.89,47.89,47.89,100,0
2014-09-15,18:50:00,47.69,47.69,47.64,47.64,1800,0
2014-09-15,20:50:00,47.35,47.36,47.35,47.36,1700,0
2014-09-15,21:15:00,47.58,47.58,47.58,47.58,250,0
2014-09-16,18:45:00,47.04,47.04,47.04,47.04,600,0
2014-09-19,15:35:00,46.0,46.0,46.0,46.0,600,0
2014-09-19,20:45:00,46.74,46.74,46.74,46.74,100,0
2014-09-19,20:55:00,46.72,46.72,46.71,46.71,200,0
2014-09-22,17:35:00,47.44,47.44,47.44,47.44,300,0
2014-09-22,17:50:00,47.74,47.74,47.73,47.73,400,0
2014-09-23,15:35:00,48.26,48.26,48.26,48.26,300,0
2014-09-23,16:55:00,47.83,47.83,47.83,47.83,250,0
2014-09-24,15:45:00,48.61,48.61,48.61,48.61,137,0
2014-09-24,15:50:00,48.62,48.62,48.62,48.62,400,0
2014-09-24,16:45:00,48.62,48.62,48.62,48.62,675,0
2014-09-24,21:55:00,48.1,48.1,48.1,48.1,200,0
2014-09-24,22:00:00,48.1,48.1,48.1,48.1,400,0
2014-09-25,16:50:00,49.41,49.41,49.41,49.41,770,0
2014-09-25,16:55:00,49.34,49.41,49.34,49.41,400,0
2014-09-25,20:05:00,49.14,49.14,49.14,49.14,100,0
2014-09-25,21:40:00,49.39,49.39,49.39,49.39,100,0
2014-09-26,15:40:00,48.99,48.99,48.99,48.99,300,0
2014-09-26,15:45:00,49.41,49.41,49.41,49.41,200,0
2014-09-26,18:50:00,49.2,49.2,49.2,49.2,200,0
2014-09-26,19:40:00,49.0,49.0,49.0,49.0,100,0
2014-09-26,19:55:00,49.14,49.14,49.14,49.14,200,0
2014-09-29,15:35:00,50.0,52.33,49.77,49.77,600,0
2014-09-29,16:15:00,49.47,49.47,49.47,49.47,400,0
2014-09-29,17:30:00,48.85,48.85,48.85,48.85,150,0
2014-09-29,17:50:00,48.97,48.97,48.97,48.97,100,0
2014-09-29,18:20:00,49.0,49.0,49.0,49.0,1800,0
2014-10-01,15:55:00,50.56,50.56,50.55,50.55,788,0
2014-10-01,16:10:00,50.5,50.5,50.5,50.5,200,0
2014-10-01,16:35:00,50.53,50.53,50.52,50.53,900,0
2014-10-01,16:40:00,50.66,50.66,50.66,50.66,2000,0
2014-10-01,17:40:00,50.33,50.39,50.33,50.37,2800,0
2014-10-01,18:10:00,50.38,50.38,50.38,50.38,100,0
2014-10-01,18:25:00,50.5,50.5,50.46,50.46,800,0
2014-10-01,18:45:00,50.57,50.58,50.34,50.54,2400,0
2014-10-01,19:25:00,50.5,50.5,50.5,50.5,300,0
2014-10-01,21:10:00,51.17,51.17,51.06,51.06,1300,0
2014-10-01,21:30:00,51.0,51.01,51.0,51.01,200,0
2014-10-01,21:35:00,51.0,51.0,51.0,51.0,200,0
2014-10-02,15:35:00,50.7,50.7,50.7,50.7,200,0
2014-10-02,15:45:00,50.85,50.85,50.85,50.85,100,0
2014-10-02,16:00:00,50.8,50.8,50.8,50.8,100,0
2014-10-02,16:05:00,50.95,50.95,50.95,50.95,200,0
2014-10-02,16:35:00,50.95,50.95,50.95,50.95,100,0
2014-10-02,17:25:00,51.25,51.25,51.25,51.25,100,0
2014-10-02,17:40:00,51.62,51.62,51.25,51.25,200,0
2014-10-02,18:55:00,51.5,51.5,51.5,51.5,1000,0
2014-10-02,19:35:00,51.1,51.1,51.1,51.1,800,0
2014-10-03,16:05:00,49.78,49.78,49.48,49.5,2100,0
2014-10-03,16:10:00,49.52,49.52,49.52,49.52,107,0
2014-10-03,16:30:00,50.16,50.16,50.16,50.16,300,0
2014-10-03,17:35:00,49.66,49.66,49.66,49.66,500,0
2014-10-03,17:40:00,49.64,49.64,49.64,49.64,400,0
2014-10-03,20:05:00,49.78,49.78,49.78,49.78,600,0
2014-10-06,16:25:00,49.58,49.58,49.58,49.58,1200,0
2014-10-06,21:30:00,49.52,49.52,49.52,49.52,100,0
2014-10-07,15:35:00,49.68,49.68,49.68,49.68,150,0
2014-10-07,15:40:00,50.8,50.8,50.8,50.8,150,0
2014-10-07,15:45:00,50.85,50.85,50.85,50.85,100,0
2014-10-07,16:20:00,51.04,51.04,50.85,50.85,300,0
2014-10-07,16:50:00,50.69,50.69,50.69,50.69,400,0
2014-10-07,20:00:00,51.07,51.07,51.07,51.07,150,0
2014-10-07,20:05:00,51.07,51.07,51.07,51.07,400,0
2014-10-08,16:45:00,52.53,52.71,52.53,52.71,500,0
2014-10-08,16:50:00,52.82,52.82,52.82,52.82,200,0
2014-10-08,18:20:00,52.12,52.12,52.12,52.12,400,0
2014-10-08,21:00:00,51.25,51.25,51.25,51.25,100,0
2014-10-08,21:10:00,50.95,50.95,50.95,50.95,100,0
2014-10-08,21:20:00,50.93,50.93,50.93,50.93,200,0
2014-10-08,21:25:00,50.81,50.81,50.81,50.81,400,0
2014-10-08,21:30:00,50.5,50.5,50.5,50.5,100,0
2014-10-09,18:35:00,52.4,52.4,52.4,52.4,400,0
2014-10-10,15:35:00,53.0,54.33,53.0,54.33,3390,0
2014-10-10,16:00:00,53.25,53.25,53.25,53.25,400,0
2014-10-10,16:35:00,53.9,53.9,53.9,53.9,300,0
2014-10-10,16:40:00,53.8,53.8,53.8,53.8,100,0
2014-10-10,16:45:00,54.43,54.43,54.43,54.43,400,0
2014-10-10,17:40:00,54.0,54.0,54.0,54.0,200,0
2014-10-10,17:50:00,54.0,54.0,54.0,54.0,1400,0
2014-10-10,18:05:00,53.82,53.82,53.82,53.82,370,0
2014-10-10,18:50:00,53.01,53.01,53.01,53.01,200,0
2014-10-10,18:55:00,52.89,52.89,52.89,52.89,250,0
2014-10-10,19:00:00,53.05,53.05,53.05,53.05,200,0
2014-10-10,19:45:00,53.53,53.53,53.53,53.53,200,0
2014-10-10,20:30:00,53.6,53.6,53.6,53.6,375,0
2014-10-10,22:00:00,54.17,54.17,54.17,54.17,100,0
2014-10-13,15:35:00,54.61,54.61,54.0,54.33,385,0
2014-10-13,16:15:00,54.44,54.44,54.39,54.39,800,0
2014-10-13,16:25:00,54.79,54.79,54.79,54.79,400,0
2014-10-13,17:05:00,54.76,54.76,54.76,54.76,200,0
2014-10-13,17:10:00,54.3,54.32,54.28,54.3,2644,0
2014-10-13,18:00:00,54.4,54.4,54.4,54.4,300,0
2014-10-13,20:40:00,54.72,54.73,54.64,54.72,6400,0
2014-10-13,20:45:00,54.74,54.88,54.66,54.88,3000,0
2014-10-13,20:50:00,54.88,54.88,54.86,54.86,1500,0
2014-10-13,20:55:00,54.9,54.9,54.79,54.79,1400,0
2014-10-13,21:00:00,55.03,55.03,54.92,55.02,2200,0
2014-10-13,21:35:00,55.64,55.64,55.64,55.64,100,0
2014-10-13,21:50:00,55.76,55.76,55.76,55.76,200,0
2014-10-14,15:35:00,55.75,55.75,55.75,55.75,549,0
2014-10-14,16:10:00,54.74,54.74,54.74,54.74,500,0
2014-10-14,17:45:00,53.89,53.89,53.89,53.89,100,0
2014-10-14,18:30:00,54.15,54.15,54.15,54.15,400,0
2014-10-14,19:55:00,54.12,54.12,54.12,54.12,450,0
2014-10-14,20:00:00,54.18,54.18,54.18,54.18,482,0
2014-10-14,20:10:00,53.98,53.98,53.98,53.98,2200,0
2014-10-15,15:45:00,57.74,57.74,57.74,57.74,900,0
2014-10-15,16:05:00,55.08,55.08,55.08,55.08,800,0
2014-10-15,16:15:00,56.1,56.1,56.1,56.1,400,0
2014-10-15,17:30:00,56.0,56.0,56.0,56.0,800,0
2014-10-15,19:25:00,57.0,57.0,57.0,57.0,550,0
2014-10-15,20:05:00,56.75,56.75,56.75,56.75,400,0
2014-10-15,21:25:00,56.05,56.05,55.56,55.56,700,0
2014-10-16,15:40:00,55.47,55.47,55.47,55.47,100,0
2014-10-16,15:50:00,56.13,56.13,56.13,56.13,100,0
2014-10-16,17:15:00,54.75,55.1,54.75,55.1,91740,0
2014-10-16,17:25:00,54.42,54.45,53.87,54.3,3979,0
2014-10-16,18:20:00,54.71,54.71,54.71,54.71,100,0
2014-10-16,18:40:00,54.73,54.73,54.13,54.13,428,0
2014-10-16,19:45:00,53.26,53.38,53.26,53.38,900,0
2014-10-16,20:45:00,54.23,54.23,53.88,53.88,900,0
2014-10-16,20:55:00,54.03,54.03,54.03,54.03,300,0
2014-10-16,21:45:00,54.43,54.43,54.41,54.41,800,0
2014-10-17,16:40:00,51.81,52.1,51.81,52.1,679,0
2014-10-17,16:45:00,51.83,51.88,51.83,51.83,640,0
2014-10-17,16:50:00,51.83,51.91,51.83,51.91,1783,0
2014-10-17,16:55:00,51.93,52.04,51.93,52.04,674,0
2014-10-17,17:35:00,51.57,51.59,51.57,51.57,2362,0
2014-10-17,17:55:00,51.51,51.51,51.51,51.51,300,0
2014-10-17,18:10:00,51.51,51.51,51.51,51.51,100,0
2014-10-17,20:20:00,52.43,52.43,52.43,52.43,500,0
2014-10-17,21:35:00,52.21,52.22,52.07,52.22,2000,0
2014-10-17,21:40:00,52.19,52.19,52.19,52.19,322,0
2014-10-17,21:45:00,52.07,52.07,52.07,52.07,200,0
2014-10-17,21:50:00,51.88,51.88,51.88,51.88,200,0
2014-10-20,15:40:00,52.55,52.55,52.13,52.13,200,0
2014-10-20,17:30:00,52.47,52.47,52.44,52.44,300,0
2014-10-20,20:45:00,52.06,52.06,52.02,52.04,1300,0
2014-10-21,15:55:00,50.51,50.51,50.39,50.44,1200,0
2014-10-21,16:15:00,50.45,50.45,50.45,50.45,200,0
2014-10-21,16:30:00,50.35,50.35,50.35,50.35,750,0
2014-10-21,20:35:00,49.93,49.94,49.61,49.61,2200,0
2014-10-21,21:25:00,49.65,49.65,49.65,49.65,1000,0
2014-10-22,18:20:00,49.53,49.53,49.53,49.53,100,0
2014-10-22,18:40:00,49.8,49.8,49.8,49.8,600,0
2014-10-23,15:40:00,49.0,49.0,49.0,49.0,200,0
2014-10-23,16:15:00,49.08,49.08,49.08,49.08,459,0
2014-10-23,19:50:00,48.59,48.59,48.59,48.59,300,0
2014-10-23,21:55:00,48.58,48.64,48.58,48.64,376,0
2014-10-24,16:15:00,48.8,48.8,48.8,48.8,303,0
2014-10-24,17:20:00,48.31,48.31,48.31,48.31,300,0
2014-10-24,21:30:00,48.21,48.21,48.21,48.21,514,0
2014-10-24,21:55:00,47.99,47.99,47.99,47.99,100,0
2014-10-27,14:55:00,48.79,48.79,48.79,48.79,200,0
2014-10-27,15:25:00,48.64,48.65,48.36,48.36,1700,0
2014-10-27,16:00:00,48.41,48.41,48.41,48.41,100,0
2014-10-27,19:25:00,48.05,48.05,47.88,47.93,4944,0
2014-10-27,19:35:00,48.25,48.25,48.25,48.25,600,0
2014-10-27,19:55:00,48.16,48.16,48.14,48.14,15312,0
2014-10-27,20:10:00,48.11,48.11,48.01,48.01,2200,0
2014-10-27,20:15:00,48.01,48.01,48.01,48.01,1500,0
2014-10-27,20:20:00,48.01,48.01,48.01,48.01,900,0
2014-10-27,20:25:00,48.0,48.0,48.0,48.0,1600,0
2014-10-27,20:35:00,48.01,48.13,48.01,48.13,2000,0
2014-10-27,20:40:00,47.98,48.12,47.96,48.12,1600,0
2014-10-27,20:45:00,48.12,48.12,47.88,47.88,1700,0
2014-10-27,20:50:00,47.94,47.94,47.92,47.92,1600,0
2014-10-27,20:55:00,47.87,47.87,47.87,47.87,1000,0
2014-10-27,21:00:00,47.87,47.87,47.87,47.87,1800,0
2014-10-28,14:35:00,46.8,46.89,46.58,46.58,965,0
2014-10-28,14:40:00,47.27,47.27,46.58,46.58,400,0
2014-10-28,20:10:00,46.48,46.65,46.48,46.65,3000,0
2014-10-28,20:30:00,46.43,46.43,46.43,46.43,100,0
2014-10-28,21:00:00,46.45,46.45,46.45,46.45,320,0
2014-10-29,16:50:00,46.38,46.38,46.38,46.38,400,0
2014-10-29,17:05:00,46.38,46.38,46.38,46.38,100,0
2014-10-29,19:25:00,47.08,47.08,46.38,46.38,600,0
2014-10-30,19:00:00,46.3,46.3,46.3,46.3,200,0
2014-10-30,19:50:00,46.47,46.47,46.47,46.47,100,0
2014-10-31,15:05:00,45.48,45.48,45.48,45.48,125,0
2014-10-31,15:15:00,45.1,45.48,45.1,45.48,200,0
2014-10-31,16:30:00,44.97,44.97,44.97,44.97,300,0
2014-10-31,18:10:00,45.08,45.08,45.08,45.08,600,0
2014-10-31,18:35:00,45.19,45.19,45.19,45.19,940,0
2014-10-31,20:00:00,45.18,45.18,45.18,45.18,105,0
2014-11-03,15:45:00,45.07,45.07,45.07,45.07,200,0
2014-11-03,16:30:00,45.17,45.17,45.17,45.17,200,0
2014-11-03,16:50:00,45.17,45.19,45.17,45.19,300,0
2014-11-03,20:50:00,45.28,45.28,45.28,45.28,100,0
2014-11-04,18:50:00,45.12,45.12,45.12,45.12,100,0
2014-11-05,16:50:00,44.95,45.06,44.95,45.06,900,0
2014-11-06,16:05:00,44.56,44.56,44.56,44.56,850,0
2014-11-06,19:15:00,43.97,44.23,43.97,43.97,1135,0
2014-11-07,15:35:00,44.13,44.16,44.13,44.16,1100,0
2014-11-07,15:45:00,43.72,43.73,43.72,43.73,300,0
2014-11-07,16:50:00,43.98,43.98,43.98,43.98,600,0
2014-11-07,21:35:00,44.16,44.16,44.16,44.16,200,0
2014-11-13,21:05:00,43.77,43.81,43.77,43.78,300,0
2014-11-13,21:10:00,43.83,43.83,43.83,43.83,250,0
2014-11-13,21:20:00,43.7,43.7,43.6,43.6,1000,0
2014-11-14,16:40:00,43.76,43.76,43.76,43.76,800,0
2014-11-14,16:50:00,43.3,43.3,43.3,43.3,200,0
2014-11-17,18:00:00,43.62,43.63,43.62,43.63,1300,0
2014-11-17,18:15:00,43.96,43.96,43.96,43.96,1000,0
2014-11-17,20:25:00,43.38,43.43,43.38,43.43,2100,0
2014-11-18,20:00:00,43.28,43.28,43.28,43.28,1000,0
2014-11-18,20:05:00,42.9,42.9,42.9,42.9,100,0
2014-11-19,18:00:00,43.7,43.7,43.7,43.7,1840,0
2014-11-19,20:45:00,43.32,43.32,43.32,43.32,708,0
2014-11-19,21:55:00,43.64,43.64,43.64,43.64,670,0
2014-11-20,15:35:00,44.08,44.16,44.08,44.16,900,0
2014-11-20,15:40:00,44.1,44.11,44.1,44.11,275,0
2014-11-20,16:05:00,43.69,43.69,43.69,43.69,200,0
2014-11-20,17:35:00,43.24,43.24,43.24,43.24,200,0
2014-11-21,16:45:00,42.01,42.01,42.01,42.01,300,0
2014-11-21,18:10:00,42.02,42.02,42.02,42.02,760,0
2014-11-24,20:40:00,41.9,41.9,41.9,41.9,200,0
2014-12-01,21:30:00,43.83,43.83,43.83,43.83,100,0
2014-12-03,15:35:00,43.72,43.72,43.72,43.72,100,0
2014-12-03,15:40:00,43.0,43.0,43.0,43.0,100,0
2014-12-03,16:15:00,42.55,42.55,42.55,42.55,200,0
2014-12-03,20:05:00,42.21,42.21,42.21,42.21,846,0
2014-12-05,15:35:00,42.24,42.26,42.24,42.26,200,0
2014-12-05,16:50:00,42.15,42.15,42.15,42.15,100,0
2014-12-05,17:45:00,42.13,42.13,42.13,42.13,200,0
2014-12-05,20:55:00,42.14,42.14,42.14,42.14,100,0
2014-12-05,21:10:00,42.46,42.46,42.46,42.46,531,0
2014-12-08,22:00:00,43.65,43.65,43.65,43.65,100,0
2014-12-09,15:35:00,44.52,44.52,44.52,44.52,100,0
2014-12-09,15:55:00,44.43,44.43,44.43,44.43,100,0
2014-12-09,16:00:00,44.07,44.07,44.07,44.07,100,0
2014-12-09,16:40:00,44.13,44.13,44.13,44.13,114,0
2014-12-09,21:40:00,43.18,43.23,43.18,43.23,600,0
2014-12-10,19:20:00,44.24,44.24,44.24,44.24,200,0
2014-12-10,21:10:00,44.77,44.77,44.77,44.77,100,0
2014-12-10,21:30:00,44.74,44.74,44.74,44.74,100,0
2014-12-11,15:45:00,44.04,44.04,44.04,44.04,100,0
2014-12-11,16:25:00,43.77,43.77,43.77,43.77,200,0
2014-12-11,17:10:00,44.1,44.1,44.1,44.1,456,0
2014-12-15,17:35:00,46.71,46.71,46.48,46.48,700,0
2014-12-15,19:55:00,46.55,46.55,46.55,46.55,200,0
2014-12-17,15:35:00,46.63,46.63,46.63,46.63,200,0
2014-12-17,16:00:00,46.36,46.36,46.36,46.36,100,0
2014-12-17,16:30:00,46.75,46.75,46.75,46.75,875,0
2014-12-17,20:35:00,45.37,45.37,45.37,45.37,100,0
2014-12-17,20:50:00,45.45,45.5,45.45,45.5,900,0
2014-12-18,16:15:00,43.25,43.27,43.24,43.24,400,0
2014-12-18,16:55:00,43.48,43.69,43.48,43.69,3050,0
2014-12-18,17:00:00,43.64,43.64,43.64,43.64,156,0
2014-12-18,17:10:00,43.69,43.69,43.69,43.69,400,0
2014-12-18,17:25:00,43.68,43.68,43.68,43.68,200,0
2014-12-18,19:20:00,43.3,43.41,43.3,43.41,730,0
2014-12-19,17:15:00,42.43,42.43,42.43,42.43,218,0
2014-12-19,19:50:00,42.71,42.71,42.71,42.71,200,0
2014-12-19,20:15:00,42.48,42.48,42.48,42.48,200,0
2014-12-19,21:10:00,42.37,42.37,42.37,42.37,100,0
2014-12-22,21:35:00,41.97,41.97,41.97,41.97,150,0
2014-12-22,21:50:00,41.58,41.58,41.58,41.58,100,0
2014-12-22,22:00:00,41.58,41.58,41.58,41.58,400,0
2014-12-23,20:30:00,41.27,41.27,41.27,41.27,100,0
2014-12-26,17:20:00,41.15,41.15,41.15,41.15,10079,0
2014-12-26,21:45:00,40.89,40.89,40.89,40.89,100,0
2014-12-29,19:25:00,41.0,41.0,41.0,41.0,1000,0
2014-12-29,21:50:00,40.97,40.97,40.97,40.97,351,0
2014-12-29,21:55:00,40.97,40.97,40.97,40.97,500,0
2014-12-30,16:10:00,41.42,41.42,41.42,41.42,100,0
2014-12-31,21:00:00,41.95,41.95,41.95,41.95,100,0
2014-12-31,21:50:00,42.11,42.37,42.11,42.37,250,0
2015-01-02,16:10:00,42.11,42.26,42.11,42.26,322,0
2015-01-05,19:30:00,44.7,44.7,44.7,44.7,400,0
2015-01-06,16:20:00,44.83,44.83,44.83,44.83,200,0
2015-01-06,17:55:00,45.85,45.85,45.85,45.85,108,0
2015-01-06,19:00:00,45.95,45.95,45.95,45.95,216,0
2015-01-06,19:55:00,46.0,46.0,46.0,46.0,400,0
2015-01-06,20:25:00,46.01,46.01,46.01,46.01,100,0
2015-01-06,20:55:00,45.47,45.47,45.47,45.47,100,0
2015-01-06,21:50:00,45.43,45.43,45.43,45.43,100,0
2015-01-07,17:00:00,45.18,45.18,45.18,45.18,100,0
2015-01-07,17:15:00,44.98,44.98,44.98,44.98,300,0
2015-01-07,18:45:00,44.64,44.64,44.64,44.64,200,0
2015-01-07,21:25:00,44.84,44.84,44.84,44.84,100,0
2015-01-08,19:05:00,43.51,43.51,43.51,43.51,300,0
2015-01-08,19:30:00,43.28,43.28,43.05,43.05,700,0
2015-01-08,20:45:00,42.91,42.91,42.91,42.91,100,0
2015-01-09,16:10:00,43.27,43.27,43.27,43.27,300,0
2015-01-09,16:45:00,43.92,43.92,43.92,43.92,100,0
2015-01-09,17:00:00,43.87,43.87,43.86,43.87,900,0
2015-01-09,17:05:00,43.83,43.88,43.83,43.88,1200,0
2015-01-09,17:10:00,43.88,43.9,43.85,43.85,1400,0
2015-01-09,17:50:00,43.87,43.87,43.82,43.82,1700,0
2015-01-09,17:55:00,43.82,43.82,43.82,43.82,2100,0
2015-01-09,18:00:00,43.84,43.84,43.84,43.84,300,0
2015-01-09,18:10:00,43.9,43.9,43.87,43.87,1300,0
2015-01-09,18:15:00,43.81,43.81,43.69,43.81,600,0
2015-01-09,18:20:00,43.81,43.81,43.8,43.81,500,0
2015-01-09,18:25:00,43.81,43.81,43.77,43.79,1300,0
2015-01-09,18:45:00,43.83,43.83,43.83,43.83,100,0
2015-01-09,19:05:00,43.72,43.72,43.71,43.71,300,0
2015-01-13,19:10:00,44.01,44.01,44.01,44.01,100,0
2015-01-14,17:15:00,45.56,45.56,45.56,45.56,438,0
2015-01-14,17:40:00,45.38,45.38,45.38,45.38,100,0
2015-01-14,17:45:00,45.45,45.45,45.45,45.45,300,0
2015-01-14,21:30:00,45.27,45.32,45.27,45.32,900,0
2015-01-15,15:50:00,45.54,45.54,45.54,45.54,1122,0
2015-01-15,16:05:00,45.42,45.42,45.26,45.26,400,0
2015-01-15,17:40:00,45.59,45.59,45.59,45.59,300,0
2015-01-16,16:10:00,46.36,46.36,46.36,46.36,100,0
2015-01-16,16:25:00,46.43,46.43,46.43,46.43,100,0
2015-01-16,16:40:00,46.2,46.2,45.75,45.76,400,0
2015-01-16,17:00:00,45.95,45.95,45.95,45.95,100,0
2015-01-16,17:45:00,45.95,45.95,45.95,45.95,100,0
2015-01-16,18:05:00,45.94,45.94,45.94,45.94,100,0
2015-01-16,18:30:00,46.0,46.0,46.0,46.0,100,0
2015-01-16,18:50:00,45.73,45.73,45.73,45.73,100,0
2015-01-16,19:05:00,45.74,45.74,45.74,45.74,100,0
2015-01-16,19:30:00,45.93,45.93,45.93,45.93,219,0
2015-01-16,19:45:00,45.62,45.62,45.34,45.34,800,0
2015-01-16,21:05:00,45.25,45.25,45.25,45.25,200,0
2015-01-16,21:50:00,45.25,45.26,45.25,45.26,300,0
2015-01-20,17:10:00,45.55,45.55,45.55,45.55,900,0
2015-01-21,16:50:00,44.39,44.39,44.39,44.39,6100,0
2015-01-22,15:35:00,43.67,43.67,43.67,43.67,100,0
2015-01-22,16:35:00,43.77,43.77,43.77,43.77,300,0
2015-01-23,16:15:00,43.36,43.36,43.36,43.36,100,0
2015-01-23,19:30:00,43.07,43.07,43.07,43.07,200,0
2015-01-23,21:10:00,42.91,42.91,42.91,42.91,100,0
2015-01-26,19:50:00,42.9,42.9,42.9,42.9,200,0
2015-01-28,21:40:00,44.47,44.47,44.47,44.47,400,0
2015-01-29,15:50:00,45.05,45.05,45.05,45.05,200,0
2015-01-30,15:35:00,45.12,45.12,45.12,45.12,171,0
2015-01-30,17:30:00,45.13,45.14,45.13,45.14,480,0
2015-01-30,17:35:00,45.07,45.08,45.07,45.08,700,0
2015-01-30,19:50:00,44.85,44.85,44.85,44.85,200,0
2015-02-02,15:35:00,44.52,44.52,44.52,44.52,706,0
2015-02-02,21:50:00,44.04,44.04,44.04,44.04,100,0
2015-02-03,17:50:00,42.7,42.75,42.7,42.75,300,0
2015-02-03,18:15:00,42.72,42.72,42.72,42.72,300,0
2015-02-03,21:00:00,42.4,42.4,42.4,42.4,300,0
2015-02-04,21:45:00,42.57,42.57,42.57,42.57,100,0
2015-02-06,16:25:00,41.68,41.68,41.64,41.67,900,0
2015-02-06,16:30:00,41.3,41.3,41.3,41.3,200,0
2015-02-12,17:00:00,40.78,40.78,40.78,40.78,100,0
2015-02-12,18:45:00,40.56,40.56,40.56,40.56,100,0
2015-02-12,20:20:00,40.48,40.48,40.48,40.48,309,0
2015-02-12,20:25:00,40.48,40.48,40.48,40.48,700,0
2015-02-13,15:40:00,40.5,40.5,40.5,40.5,600,0
2015-02-23,16:15:00,39.03,39.03,39.02,39.02,600,0
2015-02-23,17:05:00,39.01,39.01,39.01,39.01,500,0
2015-02-24,17:35:00,38.81,38.81,38.81,38.81,325,0
2015-02-24,17:40:00,39.19,39.19,39.19,39.19,325,0
2015-02-24,17:50:00,38.77,39.19,38.77,38.78,500,0
2015-02-24,17:55:00,38.82,39.16,38.82,39.16,1500,0
2015-02-24,18:40:00,38.92,39.08,38.92,39.08,357,0
2015-02-26,18:20:00,39.04,39.04,39.04,39.04,420,0
2015-03-03,15:35:00,39.199,39.199,39.199,39.199,250,0
2015-03-03,16:30:00,38.95,38.95,38.95,38.95,939,0
2015-03-03,17:15:00,39.26,39.26,39.26,39.26,100,0
2015-03-03,20:25:00,39.31,39.31,39.31,39.31,100,0
2015-03-05,15:35:00,39.44,39.44,39.44,39.44,200,0
2015-03-05,15:40:00,40.07,40.0799,40.07,40.0799,200,0
2015-03-05,15:45:00,40.06,40.06,40.06,40.06,100,0
2015-03-06,20:30:00,40.664,40.664,40.664,40.664,100,0
2015-03-09,14:35:00,40.66,40.66,40.66,40.66,250,0
2015-03-09,14:40:00,40.301,40.301,40.301,40.301,100,0
2015-03-09,18:35:00,40.32,40.32,40.32,40.32,200,0
2015-03-09,21:00:00,40.1446,40.1446,40.1446,40.1446,200,0
2015-03-10,17:45:00,41.33,41.33,41.33,41.33,1000,0
2015-03-11,14:35:00,40.95,40.95,40.95,40.95,250,0
2015-03-11,16:55:00,41.1701,41.1701,41.1701,41.1701,200,0
2015-03-11,20:55:00,41.6249,41.6249,41.6249,41.6249,100,0
2015-03-17,14:35:00,41.21,41.21,41.21,41.21,215,0
2015-03-17,14:40:00,40.12,40.12,40.12,40.12,100,0
2015-03-17,15:00:00,40.45,40.45,40.45,40.45,100,0
2015-03-17,15:15:00,40.45,40.45,40.45,40.45,100,0
2015-03-17,17:45:00,40.45,40.45,40.45,40.45,177,0
2015-03-17,18:10:00,40.45,40.45,40.45,40.45,3643,0
2015-03-17,19:10:00,40.25,40.25,40.25,40.25,100,0
2015-03-18,16:50:00,40.7,40.7,40.7,40.7,230,0
2015-03-18,16:55:00,40.491,40.491,40.491,40.491,230,0
2015-03-18,17:40:00,40.59,40.59,40.59,40.59,100,0
2015-03-19,15:10:00,39.3501,39.3501,39.35,39.35,898,0
2015-03-23,20:30:00,39.4315,39.4315,39.4315,39.4315,100,0
2015-03-24,20:45:00,39.9408,39.99,39.9408,39.99,300,0
2015-03-25,14:35:00,40.19,40.19,40.19,40.19,100,0
2015-03-25,15:20:00,40.31,40.31,40.31,40.31,120,0
2015-03-25,20:10:00,41,41,41,41,230,0
2015-03-25,20:25:00,41,41,41,41,100,0
2015-03-25,20:50:00,41,41,41,41,1345,0
2015-03-26,14:35:00,41.96,41.96,41.96,41.96,150,0
2015-03-26,14:40:00,41.65,41.65,41.65,41.65,100,0
2015-03-26,15:05:00,41.52,41.65,41.52,41.65,200,0
2015-03-26,15:20:00,41.65,41.65,41.65,41.65,100,0
2015-03-26,15:25:00,41.9953,41.9953,41.9282,41.9282,500,0
2015-03-26,15:55:00,41.33,41.482,41.33,41.482,200,0
2015-03-27,16:30:00,41.2,41.2,41.2,41.2,500,0
2015-03-27,17:25:00,41.382,41.382,41.382,41.382,140,0
2015-03-30,20:50:00,39.7458,39.7458,39.67,39.67,330,0
2015-03-31,15:35:00,39.82,39.82,39.82,39.82,120,0
2015-03-31,15:40:00,40.3,40.3,40.21,40.21,220,0
2015-03-31,16:25:00,40.21,40.21,40.21,40.21,50,0
2015-03-31,17:15:00,40.21,40.21,40.21,40.21,75,0
2015-03-31,21:05:00,40.21,40.21,40.21,40.21,75,0
2015-03-31,21:15:00,40.21,40.21,40.21,40.21,31,0
2015-04-01,19:45:00,40.84,40.85,40.84,40.85,854,0
2015-04-01,22:00:00,40.85,40.85,40.85,40.85,18,0
2015-04-06,15:35:00,41.7,41.7,41.7,41.7,100,0
2015-04-06,15:50:00,41.7,41.7,41.7,41.7,76,0
2015-04-06,16:10:00,40.58,40.58,40.58,40.58,100,0
2015-04-06,16:25:00,40.54,40.54,40.54,40.54,100,0
2015-04-06,17:15:00,40.54,40.54,40.54,40.54,50,0
2015-04-06,21:50:00,40.54,40.54,40.54,40.54,10,0
2015-04-09,20:40:00,40.05,40.05,40.05,40.05,412,0
2015-04-09,21:00:00,39.76,39.76,39.76,39.76,100,0
2015-04-10,19:10:00,38.73,38.73,38.73,38.73,142,0
2015-04-10,20:00:00,38.73,38.73,38.73,38.73,8,0
2015-04-13,16:05:00,38.67,38.67,38.67,38.67,100,0
2015-04-13,16:45:00,38.67,38.67,38.67,38.67,20,0
2015-04-13,21:50:00,39.3,39.3,39.3,39.3,100,0
2015-04-15,15:45:00,38.9264,38.9264,38.8089,38.8752,750,0
2015-04-15,15:50:00,38.805,38.805,38.805,38.805,100,0
2015-04-15,16:10:00,38.805,38.805,38.805,38.805,72,0
2015-04-15,16:25:00,38.86,38.86,38.86,38.86,189,0
2015-04-15,17:15:00,38.86,38.86,38.86,38.86,8,0
2015-04-15,19:10:00,38.82,38.82,38.82,38.82,200,0
2015-04-16,20:35:00,38.99,39.03,38.99,39.03,500,0
2015-04-16,21:00:00,39.03,39.03,39.03,39.03,42,0
2015-04-17,15:50:00,40.317,40.317,40.317,40.317,300,0
2015-04-17,19:40:00,40.42,40.42,40.42,40.42,50,0
2015-04-17,22:00:00,40.54,40.54,40.54,40.54,1,0
2015-04-21,16:00:00,39.489,39.489,39.489,39.489,100,0
2015-04-23,15:55:00,39.91,39.91,39.91,39.91,180,0
2015-04-30,16:20:00,40.43,40.43,40.43,40.43,300,0
2015-04-30,16:25:00,40.53,40.53,40.53,40.53,100,0
2015-04-30,21:00:00,40.5701,40.5701,40.5701,40.5701,628,0
2015-04-30,21:15:00,40.822,40.822,40.822,40.822,100,0
2015-05-04,19:20:00,39.87,39.87,39.6101,39.6101,200,0
2015-05-06,16:50:00,40.65,40.65,40.65,40.65,120,0
2015-05-12,18:50:00,39.69,39.69,39.69,39.69,200,0
2015-05-12,20:50:00,39.63,39.63,39.63,39.63,100,0
2015-05-14,20:15:00,38.7,38.7,38.7,38.7,100,0
2015-05-15,17:20:00,38.6901,38.6901,38.6901,38.6901,535,0
2015-05-15,20:40:00,38.69,38.69,38.69,38.69,100,0
2015-05-18,17:30:00,38.7,38.7,38.7,38.7,200,0
2015-05-26,15:50:00,38.85,38.85,38.85,38.85,1000,0
2015-05-26,15:55:00,38.85,39.0689,38.85,39.03,6713,0
2015-05-26,20:30:00,39.5599,39.5599,39.5599,39.5599,300,0
2015-05-27,15:40:00,39.03,39.03,39.03,39.03,100,0
2015-05-27,21:00:00,38.899,38.899,38.899,38.899,100,0
2015-05-28,16:00:00,39.1201,39.1201,39.1201,39.1201,100,0
2015-05-28,20:50:00,38.99,39.01,38.99,39.01,300,0
2015-05-28,21:10:00,39.11,39.11,39.11,39.11,214,0
2015-05-29,21:05:00,39.68,39.68,39.68,39.68,200,0
2015-05-29,21:20:00,39.74,39.74,39.74,39.74,100,0
2015-06-03,18:55:00,38.996,38.996,38.996,38.996,200,0
2015-06-04,16:25:00,39.26,39.26,39.26,39.26,33865,0
2015-06-04,17:05:00,39.47,39.47,39.47,39.47,400,0
2015-06-04,17:10:00,39.52,39.54,39.52,39.54,700,0
2015-06-04,17:15:00,39.38,39.38,39.3,39.3,200,0
2015-06-04,17:20:00,39.3,39.3,39.3,39.3,600,0
2015-06-04,17:25:00,39.3,39.35,39.3,39.35,500,0
2015-06-04,17:30:00,39.35,39.43,39.35,39.43,800,0
2015-06-04,17:35:00,39.485,39.5,39.485,39.5,600,0
2015-06-04,17:40:00,39.54,39.54,39.54,39.54,300,0
2015-06-04,17:45:00,39.54,39.54,39.48,39.48,600,0
2015-06-04,17:50:00,39.55,39.585,39.55,39.585,800,0
2015-06-04,17:55:00,39.48,39.48,39.48,39.48,400,0
2015-06-04,18:00:00,39.555,39.555,39.48,39.48,500,0
2015-06-04,18:05:00,39.48,39.48,39.48,39.48,600,0
2015-06-04,18:10:00,39.48,39.48,39.46,39.46,600,0
2015-06-04,18:15:00,39.46,39.46,39.46,39.46,500,0
2015-06-04,18:20:00,39.46,39.46,39.46,39.46,600,0
2015-06-04,18:25:00,39.46,39.46,39.46,39.46,400,0
2015-06-04,18:30:00,39.49,39.6,39.49,39.57,800,0
2015-06-04,18:35:00,39.55,39.55,39.49,39.49,600,0
2015-06-04,18:40:00,39.49,39.49,39.49,39.49,600,0
2015-06-04,18:45:00,39.49,39.49,39.49,39.49,500,0
2015-06-04,18:50:00,39.49,39.49,39.49,39.49,600,0
2015-06-04,18:55:00,39.49,39.49,39.49,39.49,600,0
2015-06-04,19:00:00,39.49,39.49,39.49,39.49,500,0
2015-06-04,19:05:00,39.49,39.605,39.49,39.605,800,0
2015-06-04,19:10:00,39.57,39.63,39.57,39.63,400,0
2015-06-04,19:15:00,39.63,39.63,39.62,39.62,600,0
2015-06-04,19:20:00,39.62,39.695,39.62,39.695,900,0
2015-06-04,19:25:00,39.74,39.74,39.74,39.74,200,0
2015-06-04,19:30:00,39.74,39.74,39.74,39.74,600,0
2015-06-04,19:35:00,39.74,39.74,39.74,39.74,500,0
2015-06-04,19:40:00,39.74,39.74,39.74,39.74,600,0
2015-06-04,19:45:00,39.74,39.74,39.74,39.74,600,0
2015-06-04,19:50:00,39.74,39.84,39.74,39.84,600,0
2015-06-04,19:55:00,39.77,39.77,39.77,39.77,500,0
2015-06-04,20:00:00,39.77,39.77,39.77,39.77,600,0
2015-06-04,20:05:00,39.77,39.77,39.76,39.76,500,0
2015-06-04,20:10:00,39.75,39.75,39.75,39.75,600,0
2015-06-04,20:15:00,39.75,39.83,39.71,39.71,600,0
2015-06-04,20:20:00,39.71,39.75,39.71,39.74,500,0
2015-06-04,20:25:00,39.73,39.73,39.69,39.69,600,0
2015-06-04,20:30:00,39.68,39.75,39.68,39.68,1255,0
2015-06-04,20:35:00,39.68,39.75,39.68,39.74,500,0
2015-06-04,20:40:00,39.74,39.78,39.74,39.76,600,0
2015-06-04,20:45:00,39.77,39.77,39.68,39.73,600,0
2015-06-04,20:50:00,39.68,39.68,39.68,39.68,100,0
2015-06-05,16:10:00,39.78,39.78,39.78,39.78,100,0
2015-06-05,16:15:00,39.89,39.89,39.89,39.89,100,0
2015-06-05,16:20:00,39.86,39.86,39.86,39.86,100,0
2015-06-05,16:25:00,39.82,39.82,39.82,39.82,100,0
2015-06-05,16:30:00,39.73,39.78,39.73,39.78,200,0
2015-06-05,16:35:00,39.73,39.73,39.73,39.73,100,0
2015-06-05,16:40:00,39.73,39.73,39.66,39.66,200,0
2015-06-05,16:45:00,39.65,39.65,39.65,39.65,100,0
2015-06-05,16:50:00,39.78,39.78,39.78,39.78,100,0
2015-06-05,16:55:00,39.85,39.9,39.85,39.9,200,0
2015-06-05,17:00:00,39.84,39.84,39.84,39.84,100,0
2015-06-05,17:05:00,39.85,39.85,39.85,39.85,100,0
2015-06-05,17:10:00,39.83,39.83,39.83,39.83,100,0
2015-06-05,17:15:00,39.83,39.83,39.83,39.83,100,0
2015-06-05,17:20:00,39.87,39.87,39.87,39.87,100,0
2015-06-05,17:25:00,39.83,39.83,39.76,39.76,200,0
2015-06-05,17:30:00,39.8,39.8,39.8,39.8,100,0
2015-06-05,17:35:00,39.81,39.81,39.81,39.81,100,0
2015-06-05,17:40:00,39.87,39.87,39.87,39.87,100,0
2015-06-05,17:45:00,39.84,39.84,39.84,39.84,100,0
2015-06-05,17:50:00,39.85,39.85,39.83,39.83,200,0
2015-06-05,17:55:00,39.8,39.8,39.8,39.8,100,0
2015-06-05,18:00:00,39.8,39.8,39.8,39.8,100,0
2015-06-05,18:05:00,39.79,39.79,39.79,39.79,100,0
2015-06-05,18:10:00,39.82,39.82,39.82,39.82,100,0
2015-06-05,18:15:00,39.77,39.77,39.76,39.76,200,0
2015-06-05,18:20:00,39.78,39.78,39.78,39.78,100,0
2015-06-05,18:25:00,39.8,39.8,39.8,39.8,100,0
2015-06-05,18:30:00,39.81,39.85,39.81,39.85,200,0
2015-06-05,18:40:00,39.86,39.86,39.86,39.86,100,0
2015-06-05,18:45:00,39.85,39.85,39.74,39.74,200,0
2015-06-05,18:50:00,39.79,39.79,39.79,39.79,100,0
2015-06-05,18:55:00,39.72,39.72,39.72,39.72,100,0
2015-06-05,19:00:00,39.66,39.66,39.66,39.66,100,0
2015-06-05,19:05:00,39.67,39.67,39.67,39.67,100,0
2015-06-05,19:10:00,39.68,39.68,39.65,39.65,200,0
2015-06-05,19:15:00,39.68,39.68,39.68,39.68,100,0
2015-06-05,19:20:00,39.71,39.71,39.71,39.71,100,0
2015-06-05,19:25:00,39.65,39.65,39.65,39.65,100,0
2015-06-05,19:30:00,39.66,39.69,39.66,39.69,200,0
2015-06-05,19:35:00,39.64,39.64,39.64,39.64,100,0
2015-06-05,19:40:00,39.68,39.68,39.68,39.68,100,0
2015-06-05,19:45:00,39.69,39.69,39.69,39.69,100,0
2015-06-05,19:50:00,39.7,39.7,39.7,39.7,100,0
2015-06-05,19:55:00,39.72,39.72,39.72,39.72,100,0
2015-06-05,20:00:00,39.72,39.72,39.72,39.72,200,0
2015-06-05,20:05:00,39.72,39.72,39.72,39.72,100,0
2015-06-05,20:10:00,39.7,39.7,39.7,39.7,100,0
2015-06-05,20:15:00,39.67,39.67,39.67,39.67,100,0
2015-06-05,20:20:00,39.65,39.65,39.65,39.65,100,0
2015-06-05,20:25:00,39.63,39.66,39.63,39.66,200,0
2015-06-05,20:30:00,39.68,39.68,39.68,39.68,100,0
2015-06-05,20:35:00,39.66,39.66,39.66,39.66,100,0
2015-06-05,20:40:00,39.64,39.64,39.64,39.64,100,0
2015-06-05,20:45:00,39.65,39.65,39.65,39.65,100,0
2015-06-05,20:50:00,39.66,39.67,39.66,39.67,200,0
2015-06-05,20:55:00,39.6,39.6,39.6,39.6,100,0
2015-06-05,21:00:00,39.62,39.62,39.62,39.62,100,0
2015-06-05,21:05:00,39.59,39.59,39.59,39.59,100,0
2015-06-05,21:10:00,39.59,39.59,39.59,39.59,100,0
2015-06-05,21:15:00,39.59,39.59,39.59,39.59,100,0
2015-06-05,21:20:00,39.6,39.64,39.6,39.64,200,0
2015-06-05,21:25:00,39.66,39.66,39.66,39.66,100,0
2015-06-05,21:30:00,39.69,39.69,39.69,39.69,100,0
2015-06-05,21:35:00,39.69,39.69,39.69,39.69,100,0
2015-06-05,21:40:00,39.67,39.67,39.67,39.67,200,0
2015-06-05,21:55:00,39.66,39.66,39.66,39.66,200,0
2015-06-05,22:00:00,39.61,39.61,39.61,39.61,365,0
2015-06-08,18:50:00,39.94,39.94,39.94,39.94,124,0
2015-06-08,21:20:00,40.13,40.13,40.13,40.13,150,0
2015-06-10,21:30:00,39.21,39.2612,39.21,39.21,756,0
2015-06-10,22:00:00,39.33,39.33,39.33,39.33,100,0
2015-06-11,16:15:00,39.23,39.23,39.23,39.23,100,0
2015-06-11,16:20:00,39.1,39.1,39.1,39.1,100,0
2015-06-11,16:25:00,39.08,39.08,39.08,39.08,100,0
2015-06-11,16:30:00,39.12,39.12,39.12,39.12,100,0
2015-06-11,16:40:00,39.26,39.26,39.26,39.26,100,0
2015-06-11,16:45:00,39.32,39.32,39.32,39.32,100,0
2015-06-11,16:50:00,39.25,39.25,39.25,39.25,100,0
2015-06-11,16:55:00,39.21,39.21,39.21,39.21,100,0
2015-06-11,17:00:00,39.23,39.23,39.23,39.23,100,0
2015-06-11,17:10:00,39.26,39.26,39.26,39.26,100,0
2015-06-11,17:15:00,39.17,39.17,39.17,39.17,100,0
2015-06-11,17:20:00,39.17,39.17,39.17,39.17,100,0
2015-06-11,17:25:00,39.2,39.2,39.2,39.2,100,0
2015-06-11,17:30:00,39.17,39.17,39.17,39.17,100,0
2015-06-11,17:40:00,39.15,39.15,39.15,39.15,100,0
2015-06-11,17:45:00,39.12,39.12,39.12,39.12,100,0
2015-06-11,17:50:00,39.17,39.17,39.17,39.17,100,0
2015-06-11,17:55:00,39.13,39.13,39.13,39.13,100,0
2015-06-11,18:05:00,39.13,39.13,39.13,39.13,100,0
2015-06-11,18:10:00,39.09,39.09,39.09,39.09,100,0
2015-06-11,18:20:00,39.12,39.12,39.12,39.12,100,0
2015-06-11,18:25:00,39.12,39.12,39.12,39.12,100,0
2015-06-11,18:35:00,39.1,39.1,39.1,39.1,100,0
2015-06-11,18:45:00,39.1,39.1,39.06,39.06,200,0
2015-06-11,19:00:00,39.12,39.12,39.12,39.12,100,0
2015-06-11,19:10:00,39.14,39.14,39.14,39.14,100,0
2015-06-11,19:20:00,39.14,39.14,39.14,39.14,100,0
2015-06-11,19:25:00,39.12,39.12,39.12,39.12,100,0
2015-06-11,19:35:00,39.1,39.1,39.1,39.1,100,0
2015-06-11,19:45:00,39.12,39.12,39.12,39.12,100,0
2015-06-11,19:50:00,39.09,39.09,39.09,39.09,100,0
2015-06-11,20:00:00,39.06,39.06,39.06,39.06,100,0
2015-06-11,20:05:00,39.05,39.05,39.05,39.05,100,0
2015-06-11,20:15:00,39.06,39.06,39.06,39.06,100,0
2015-06-11,20:20:00,39.05,39.05,39.05,39.05,100,0
2015-06-11,20:25:00,39.07,39.07,39.07,39.07,100,0
2015-06-11,20:35:00,39.07,39.07,39.07,39.07,100,0
2015-06-11,20:40:00,39.06,39.06,39.06,39.06,100,0
2015-06-11,20:45:00,39.05,39.05,39.05,39.05,100,0
2015-06-11,20:55:00,39.04,39.04,39.04,39.04,100,0
2015-06-11,21:00:00,39.07,39.07,39.07,39.07,100,0
2015-06-11,21:05:00,39.07,39.07,39.06,39.06,200,0
2015-06-11,21:20:00,38.99,38.99,38.99,38.99,100,0
2015-06-11,21:25:00,39.01,39.01,39.01,39.01,100,0
2015-06-11,21:30:00,39,39,39,39,100,0
2015-06-11,21:40:00,39.03,39.03,39.03,39.03,100,0
2015-06-11,21:45:00,39.06,39.06,39.06,39.06,100,0
2015-06-11,21:50:00,39.07,39.07,39.06,39.06,300,0
2015-06-11,22:00:00,39.12,39.12,39.07,39.07,611,0
2015-06-15,15:45:00,40.3,40.3,40.3,40.3,200,0
2015-06-15,16:00:00,40.324,40.33,40.324,40.33,200,0
2015-06-15,16:15:00,40.2,40.2,40.2,40.2,100,0
2015-06-16,17:10:00,40.18,40.18,40.18,40.18,1100,0
2015-06-16,17:45:00,40.0899,40.0899,40.0899,40.0899,200,0
2015-06-16,17:50:00,40.1099,40.11,40.1099,40.11,300,0
2015-06-16,17:55:00,40.2599,40.26,40.2,40.2,925,0
2015-06-16,18:00:00,40.2584,40.2699,40.2428,40.2428,1100,0
2015-06-16,18:10:00,40.1299,40.1299,40.1299,40.1299,400,0
2015-06-16,18:20:00,40.252,40.299,40.252,40.299,500,0
2015-06-16,18:30:00,40.25,40.25,40.13,40.13,900,0
2015-06-16,18:55:00,40.19,40.19,40.19,40.19,200,0
2015-06-16,19:00:00,40.187,40.187,40.187,40.187,100,0
2015-06-16,19:05:00,40.17,40.17,40.17,40.17,622,0
2015-06-16,19:15:00,40.17,40.17,40.17,40.17,200,0
2015-06-16,19:30:00,40.15,40.15,40.146,40.146,400,0
2015-06-16,19:35:00,40.13,40.13,40.1,40.1,655,0
2015-06-16,20:00:00,40.19,40.19,40.135,40.135,225,0
2015-06-16,20:05:00,40.157,40.157,40.146,40.146,600,0
2015-06-16,20:10:00,40.1,40.1,40.08,40.08,200,0
2015-06-16,20:15:00,40.0588,40.107,40.0588,40.107,700,0
2015-06-16,20:20:00,40.1187,40.1187,40.1187,40.1187,125,0
2015-06-16,20:25:00,40.1,40.1,40.1,40.1,300,0
2015-06-16,20:35:00,40.1,40.11,40.0686,40.0686,1350,0
2015-06-16,20:45:00,40.054,40.054,40.054,40.054,200,0
2015-06-16,21:15:00,40,40.005,40,40.005,200,0
2015-06-16,21:25:00,40.13,40.14,40.13,40.14,200,0
2015-06-16,21:45:00,40.106,40.106,40.106,40.106,200,0
2015-06-17,15:35:00,40.42,40.42,39.95,39.95,1250,0
2015-06-17,15:40:00,39.92,39.92,39.92,39.92,180,0
2015-06-17,15:55:00,39.88,39.88,39.88,39.88,150,0
2015-06-17,16:20:00,39.9499,39.95,39.9499,39.95,400,0
2015-06-17,16:40:00,39.96,39.96,39.96,39.96,100,0
2015-06-17,17:30:00,40.09,40.09,40.09,40.09,200,0
2015-06-17,17:45:00,40.1049,40.1049,40.1049,40.1049,200,0
2015-06-17,18:35:00,40.1265,40.1265,40.1265,40.1265,200,0
2015-06-17,19:00:00,40.3,40.3,40.3,40.3,100,0
2015-06-17,19:15:00,40.3118,40.3118,40.3118,40.3118,100,0
2015-06-17,20:15:00,39.925,39.98,39.925,39.98,1000,0
2015-06-17,20:20:00,39.87,39.87,39.87,39.87,100,0
2015-06-17,20:45:00,39.87,39.87,39.87,39.87,250,0
2015-06-18,15:40:00,39.59,39.59,39.59,39.59,150,0
2015-06-18,18:25:00,39,39,39,39,300,0
2015-06-18,21:10:00,39,39.0799,38.9852,38.9852,400,0
2015-06-19,15:35:00,39.55,39.55,39.55,39.55,116,0
2015-06-19,17:10:00,39.05,39.05,39.05,39.05,200,0
2015-06-19,22:00:00,39.2899,39.2899,39.21,39.21,250,0
2015-06-22,15:40:00,39,39,39,39,100,0
2015-06-22,16:15:00,38.99,38.99,38.99,38.99,100,0
2015-06-22,19:35:00,38.95,38.95,38.95,38.95,200,0
2015-06-23,15:35:00,39.09,39.09,39.09,39.09,284,0
2015-06-23,16:05:00,38.907,38.907,38.748,38.748,200,0
2015-06-23,17:40:00,39,39,39,39,200,0
2015-06-23,18:05:00,39.16,39.16,39.16,39.16,100,0
2015-06-23,20:40:00,39.04,39.04,39.04,39.04,100,0
2015-06-23,21:10:00,39.15,39.16,39.15,39.16,200,0
2015-06-24,15:35:00,39.35,39.35,39.35,39.35,100,0
2015-06-24,15:40:00,39.29,39.29,39.29,39.29,200,0
2015-06-24,15:45:00,39.32,39.32,39.32,39.32,100,0
2015-06-24,15:50:00,39.31,39.31,39.27,39.27,200,0
2015-06-24,15:55:00,39.35,39.36,39.35,39.36,200,0
2015-06-24,16:00:00,39.39,39.39,39.39,39.39,200,0
2015-06-24,16:40:00,39.42,39.42,39.42,39.42,100,0
2015-06-24,17:45:00,39.53,39.53,39.53,39.53,100,0
2015-06-24,19:10:00,39.79,39.79,39.79,39.79,100,0
2015-06-24,19:20:00,39.4201,39.4201,39.4201,39.4201,100,0
2015-06-24,20:00:00,39.8899,39.8899,39.85,39.85,600,0
2015-06-24,21:00:00,39.8,39.8,39.8,39.8,100,0
2015-06-24,21:35:00,39.81,39.81,39.81,39.81,161,0
2015-06-25,21:25:00,40,40,40,40,124,0
2015-06-26,16:05:00,39.88,39.88,39.88,39.88,200,0
2015-06-26,18:05:00,39.95,39.95,39.95,39.95,200,0
2015-06-26,21:05:00,40.14,40.14,40.14,40.14,100,0
2015-06-26,21:40:00,40.13,40.13,40.13,40.13,100,0
2015-06-29,15:50:00,40.68,40.68,40.68,40.68,1000,0
2015-06-29,15:55:00,40.422,40.5284,40.422,40.5284,1200,0
2015-06-29,16:00:00,40.8,40.8,40.8,40.8,324,0
2015-06-29,16:10:00,40.71,40.71,40.71,40.71,100,0
2015-06-29,19:45:00,41.202,41.202,41.202,41.202,200,0
2015-06-29,21:00:00,41.4523,41.4523,41.4523,41.4523,150,0
2015-06-30,15:35:00,40.84,40.84,40.83,40.83,1200,0
2015-06-30,15:45:00,40.93,40.93,40.93,40.93,100,0
2015-06-30,16:10:00,41.51,41.51,41.51,41.51,100,0
2015-06-30,20:10:00,41.25,41.25,41.25,41.25,550,0
2015-07-06,15:35:00,42.24,42.24,42.24,42.24,300,0
2015-07-06,15:45:00,41.69,41.69,41.69,41.69,100,0
2015-07-07,15:35:00,41.47,41.89,41.47,41.89,200,0
2015-07-07,15:40:00,42.03,42.03,42.03,42.03,100,0
2015-07-07,15:45:00,42.0475,42.0475,42.0475,42.0475,150,0
2015-07-07,17:00:00,42.246,42.246,42.246,42.246,248,0
2015-07-07,17:30:00,42.6199,42.6199,42.6199,42.6199,240,0
2015-07-07,17:35:00,42.6999,42.6999,42.6999,42.6999,200,0
2015-07-07,20:20:00,41.96,41.96,41.96,41.96,100,0
2015-07-07,20:35:00,41.7901,41.8,41.7901,41.8,200,0
2015-07-07,21:20:00,41.279,41.279,41.279,41.279,200,0
2015-07-07,21:25:00,41.25,41.25,41.25,41.25,400,0
2015-07-08,21:00:00,42.72,42.72,42.72,42.72,200,0
2015-07-08,21:20:00,42.35,42.35,42.35,42.35,200,0
2015-07-09,17:20:00,41.8,41.8999,41.8,41.8999,300,0
2015-07-09,21:25:00,42.021,42.021,42.021,42.021,250,0
2015-07-10,16:45:00,41.79,41.79,41.79,41.79,100,0
2015-07-13,16:10:00,41.15,41.15,41.15,41.15,100,0
2015-07-14,16:35:00,40.89,40.89,40.89,40.89,500,0
2015-07-14,20:45:00,40.48,40.48,40.48,40.48,200,0
2015-07-15,16:25:00,40.38,40.41,40.38,40.41,400,0
2015-07-15,18:20:00,40.83,40.83,40.83,40.83,300,0
2015-07-16,17:25:00,40.456,40.456,40.456,40.456,200,0
2015-07-17,21:30:00,40.737,40.737,40.584,40.584,200,0
2015-07-20,22:00:00,40.2601,40.2601,40.2601,40.2601,200,0
2015-07-21,15:35:00,41.57,41.57,40.88,40.88,300,0
2015-07-22,15:40:00,41.35,41.35,41.35,41.35,100,0
2015-07-22,15:45:00,41.35,41.35,41.35,41.35,100,0
2015-07-22,15:50:00,41.35,41.35,41.35,41.35,100,0
2015-07-22,16:35:00,41.47,41.47,41.47,41.47,100,0
2015-07-22,19:30:00,41.83,41.83,41.83,41.83,100,0
2015-07-22,19:35:00,41.655,41.655,41.655,41.655,120,0
2015-07-22,20:45:00,41.75,41.75,41.75,41.75,130,0
2015-07-23,18:35:00,42.3099,42.3099,42.3099,42.3099,270,0
2015-07-23,20:40:00,42.0123,42.0123,42.0123,42.0123,150,0
2015-07-23,21:35:00,42.6061,42.6061,42.6061,42.6061,200,0
2015-07-24,15:35:00,43.14,43.14,43.14,43.14,200,0
2015-07-24,18:15:00,43.19,43.19,43.19,43.19,200,0
2015-07-27,15:35:00,44.1437,44.25,44.1437,44.25,400,0
2015-07-27,15:40:00,44.42,44.42,44.42,44.42,100,0
2015-07-27,15:55:00,44.095,44.095,44.05,44.05,1900,0
2015-07-27,16:00:00,44.04,44.04,44,44,2500,0
2015-07-27,16:05:00,43.82,43.82,43.82,43.82,300,0
2015-07-27,16:20:00,44,44,44,44,2000,0
2015-07-27,16:45:00,43.82,43.82,43.4901,43.4901,300,0
2015-07-27,17:00:00,44.04,44.05,44.04,44.05,800,0
2015-07-27,17:05:00,43.96,43.96,43.96,43.96,400,0
2015-07-27,17:30:00,44.005,44.005,44.005,44.005,400,0
2015-07-27,17:55:00,43.985,43.985,43.985,43.985,400,0
2015-07-27,18:00:00,43.975,43.975,43.864,43.864,550,0
2015-07-27,18:45:00,44.048,44.05,44.031,44.05,1200,0
2015-07-27,18:50:00,44.05,44.05,44.05,44.05,400,0
2015-07-27,18:55:00,44.065,44.065,44.065,44.065,300,0
2015-07-27,19:20:00,44.06,44.06,44.06,44.06,200,0
2015-07-27,19:35:00,44.1,44.1,44.1,44.1,200,0
2015-07-27,19:55:00,44.065,44.1,44.06,44.08,790,0
2015-07-27,20:05:00,44.065,44.09,44.065,44.09,400,0
2015-07-27,20:15:00,44.11,44.11,44.11,44.11,600,0
2015-07-27,20:20:00,44.005,44.005,43.97,43.97,300,0
2015-07-27,20:25:00,44.065,44.065,44.01,44.01,300,0
2015-07-27,20:35:00,44.1,44.15,44.1,44.15,1300,0
2015-07-27,20:40:00,44.165,44.17,44.165,44.17,858,0
2015-07-27,20:50:00,44.13,44.13,44.13,44.13,251,0
2015-07-27,20:55:00,44.09,44.107,43.909,44.107,600,0
2015-07-27,21:00:00,44.17,44.17,44.17,44.17,100,0
2015-07-27,21:10:00,44.1899,44.1899,44.1899,44.1899,100,0
2015-07-27,21:20:00,44.19,44.19,44.19,44.19,100,0
2015-07-27,21:40:00,44.0001,44.0001,44.0001,44.0001,300,0
2015-07-27,21:45:00,44.21,44.21,44.21,44.21,100,0
2015-07-27,21:50:00,44.01,44.01,44.01,44.01,500,0
2015-07-27,21:55:00,44.28,44.28,44.28,44.28,200,0
2015-07-27,22:00:00,44.258,44.258,43.9,44.25,3618,0
2015-07-28,15:35:00,44.46,44.46,43.46,43.57,1500,0
2015-07-28,15:45:00,43.66,43.66,43.66,43.66,100,0
2015-07-28,16:10:00,43.605,43.605,43.605,43.605,100,0
2015-07-28,16:25:00,43.96,43.96,43.96,43.96,200,0
2015-07-28,16:55:00,43.77,43.77,43.55,43.55,5300,0
2015-07-28,17:00:00,43.55,43.55,43.55,43.55,7842,0
2015-07-28,17:20:00,43.4399,43.4399,43.4399,43.4399,230,0
2015-07-28,17:35:00,43.25,43.25,43.25,43.25,200,0
2015-07-28,18:20:00,42.93,42.93,42.93,42.93,100,0
2015-07-28,18:55:00,42.6801,42.6801,42.6801,42.6801,200,0
2015-07-28,19:10:00,43,43,43,43,100,0
2015-07-28,19:15:00,42.997,42.997,42.997,42.997,100,0
2015-07-28,19:20:00,42.43,42.43,42.43,42.43,120,0
2015-07-28,20:20:00,42.5,42.5,42.5,42.5,100,0
2015-07-28,20:25:00,42.78,42.78,42.78,42.78,100,0
2015-07-28,20:35:00,42.65,42.65,42.65,42.65,200,0
2015-07-28,21:00:00,42.77,42.7799,42.77,42.7799,665,0
2015-07-28,21:05:00,42.74,42.74,42.74,42.74,22073,0
2015-07-28,21:15:00,42.78,42.78,42.78,42.78,380,0
2015-07-29,16:10:00,42.29,42.29,41.91,41.91,200,0
2015-07-29,16:55:00,41.9,41.9,41.9,41.9,100,0
2015-07-29,17:50:00,41.5001,41.5001,41.5001,41.5001,908,0
2015-07-29,19:10:00,41.76,41.76,41.76,41.76,110,0
2015-07-29,20:05:00,41.45,41.45,41.45,41.45,200,0
2015-07-29,20:45:00,41.47,41.47,41.47,41.47,644,0
2015-07-29,21:20:00,41.5799,41.5799,41.5799,41.5799,200,0
2015-07-30,17:50:00,41.5,41.5,41.5,41.5,100,0
2015-07-30,18:05:00,41.14,41.14,41.14,41.14,100,0
2015-07-30,21:55:00,41.511,41.511,41.511,41.511,100,0
2015-07-31,15:35:00,41.26,41.26,41.25,41.25,300,0
2015-07-31,15:40:00,40.8401,41.28,40.8401,41.28,335,0
2015-07-31,15:45:00,41.37,41.37,41.37,41.37,185,0
2015-07-31,16:15:00,41.3,41.3,41.3,41.3,100,0
2015-07-31,16:40:00,41.3,41.3,41.3,41.3,4900,0
2015-07-31,17:45:00,40.95,40.95,40.95,40.95,100,0
2015-08-03,17:20:00,41.6,41.6,41.6,41.6,200,0
2015-08-03,18:00:00,41.6,41.6,41.6,41.6,100,0
2015-08-03,18:05:00,41.575,41.6,41.5501,41.6,1700,0
2015-08-03,18:15:00,41.61,41.61,41.61,41.61,400,0
2015-08-03,18:25:00,41.8,41.8,41.7351,41.7351,1900,0
2015-08-03,18:30:00,41.8,42.04,41.8,42.04,1100,0
2015-08-03,18:35:00,42.05,42.15,42.05,42.15,2800,0
2015-08-03,18:40:00,42.15,42.21,42.15,42.21,2600,0
2015-08-03,18:45:00,42.21,42.24,42.19,42.24,2600,0
2015-08-03,18:50:00,42.24,42.3,42.24,42.3,2600,0
2015-08-03,18:55:00,42.3,42.33,42.28,42.29,3000,0
2015-08-03,19:00:00,42.29,42.37,42.29,42.33,3200,0
2015-08-03,19:05:00,42.35,42.54,42.35,42.54,2900,0
2015-08-03,19:10:00,42.54,42.6,42.52,42.6,2800,0
2015-08-03,19:15:00,42.57,42.64,42.38,42.64,3100,0
2015-08-03,19:20:00,42.64,42.72,42.4,42.55,2800,0
2015-08-03,19:25:00,42.48,42.67,42.48,42.61,2900,0
2015-08-03,19:30:00,42.61,42.72,42.3899,42.3899,35832,0
2015-08-03,20:00:00,42.19,42.19,42.19,42.19,200,0
2015-08-03,20:35:00,42.07,42.45,42.07,42.45,765,0
2015-08-03,20:40:00,42.449,42.45,42.3,42.3,400,0
2015-08-03,20:50:00,42.11,42.2,42.11,42.2,900,0
2015-08-03,20:55:00,42.2,42.2,42.2,42.2,900,0
2015-08-03,21:10:00,42.27,42.27,41.78,42,23073,0
2015-08-03,21:15:00,42.05,42.08,42.05,42.08,1700,0
2015-08-03,21:20:00,42.19,42.19,42.19,42.19,100,0
2015-08-03,21:25:00,42.251,42.32,42.25,42.25,400,0
2015-08-03,21:30:00,42.39,42.39,42.19,42.19,900,0
2015-08-03,21:35:00,42.1,42.1,42.1,42.1,700,0
2015-08-03,21:45:00,41.77,41.77,41.77,41.77,100,0
2015-08-03,21:50:00,41.6,41.68,41.6,41.652,1200,0
2015-08-03,21:55:00,41.65,41.95,41.6405,41.68,2200,0
2015-08-03,22:00:00,42.33,42.33,42.33,42.33,100,0
2015-08-04,15:45:00,41.56,41.56,41.56,41.56,100,0
2015-08-04,15:50:00,41.4,41.4,41.4,41.4,100,0
2015-08-04,15:55:00,41.54,41.54,41.54,41.54,200,0
2015-08-04,16:15:00,41.72,41.72,41.72,41.72,100,0
2015-08-04,16:30:00,41.4,41.4,41.4,41.4,100,0
2015-08-04,16:45:00,41.62,41.62,41.62,41.62,100,0
2015-08-04,16:55:00,41.75,41.88,41.75,41.88,1800,0
2015-08-04,18:00:00,41.6,41.6,41.6,41.6,300,0
2015-08-04,18:10:00,41.56,41.56,41.56,41.56,1000,0
2015-08-04,20:35:00,41.78,41.78,41.78,41.78,100,0
2015-08-04,20:40:00,41.66,41.66,41.6,41.6,2000,0
2015-08-04,21:15:00,42,42,41.67,41.67,200,0
2015-08-04,21:20:00,41.7,41.7,41.7,41.7,644,0
2015-08-04,21:45:00,42.01,42.01,41.98,41.98,200,0
2015-08-04,21:50:00,42.01,42.01,42.01,42.01,200,0
2015-08-04,21:55:00,42.04,42.04,42.04,42.04,100,0
2015-08-04,22:00:00,42.07,42.07,42.07,42.07,100,0
2015-08-06,16:10:00,41.81,41.81,41.81,41.81,100,0
2015-08-06,18:00:00,42,42,42,42,100,0
2015-08-06,18:40:00,41.81,41.81,41.81,41.81,100,0
2015-08-07,16:20:00,41.69,41.69,41.69,41.69,100,0
2015-08-07,17:45:00,42.53,42.53,42.53,42.53,100,0
2015-08-07,18:05:00,42.25,42.25,42.25,42.25,300,0
2015-08-07,18:40:00,42.58,42.58,42.58,42.58,117,0
2015-08-07,19:35:00,42.58,42.58,42.58,42.58,100,0
2015-08-07,20:40:00,42.579,42.579,42.579,42.579,300,0
2015-08-07,20:45:00,42.14,42.14,42.14,42.14,100,0
2015-08-07,20:55:00,42.5299,42.5299,42.5299,42.5299,120,0
2015-08-07,21:30:00,42.42,42.42,42.42,42.42,100,0
2015-08-07,21:45:00,42.0301,42.1189,42.0301,42.1189,600,0
