Date,Time,Open,High,Low,Close,Volume,OpenInt
2015-07-23,15:35:00,211.53,211.65,211.35,211.417,1583331,0
2015-07-23,15:40:00,211.415,211.59,211.31,211.36,1140455,0
2015-07-23,15:45:00,211.37,211.37,211.07,211.2,1276395,0
2015-07-23,15:50:00,211.19,211.27,211.11,211.27,656466,0
2015-07-23,15:55:00,211.25,211.25,211.03,211.16,745363,0
2015-07-23,16:00:00,211.17,211.219,211.04,211.17,594719,0
2015-07-23,16:05:00,211.17,211.25,211.03,211.13,844534,0
2015-07-23,16:10:00,211.13,211.27,211.02,211.27,635625,0
2015-07-23,16:15:00,211.26,211.35,211.21,211.31,797972,0
2015-07-23,16:20:00,211.32,211.42,211.245,211.342,347509,0
2015-07-23,16:25:00,211.34,211.445,211.33,211.37,470959,0
2015-07-23,16:30:00,211.37,211.53,211.325,211.5,673658,0
2015-07-23,16:35:00,211.52,211.545,211.41,211.48,441215,0
2015-07-23,16:40:00,211.49,211.58,211.42,211.5,755035,0
2015-07-23,16:45:00,211.4935,211.63,211.4,211.44,434174,0
2015-07-23,16:50:00,211.45,211.47,211.36,211.38,373859,0
2015-07-23,16:55:00,211.38,211.4399,211.34,211.4,360125,0
2015-07-23,17:00:00,211.4,211.47,211.4,211.4306,299940,0
2015-07-23,17:05:00,211.45,211.48,211.4,211.47,334805,0
2015-07-23,17:10:00,211.46,211.47,211.39,211.4,178835,0
2015-07-23,17:15:00,211.405,211.42,211.29,211.32,415074,0
2015-07-23,17:20:00,211.32,211.33,211.12,211.15,704059,0
2015-07-23,17:25:00,211.14,211.18,211.11,211.16,395011,0
2015-07-23,17:30:00,211.16,211.16,210.93,210.98,1137024,0
2015-07-23,17:35:00,210.98,211.03,210.92,210.98,793851,0
2015-07-23,17:40:00,210.975,210.9936,210.78,210.83,886423,0
2015-07-23,17:45:00,210.8299,210.84,210.72,210.81,706706,0
2015-07-23,17:50:00,210.8,210.82,210.65,210.69,914756,0
2015-07-23,17:55:00,210.6899,210.7,210.52,210.55,1026351,0
2015-07-23,18:00:00,210.55,210.61,210.44,210.51,1003391,0
2015-07-23,18:05:00,210.515,210.56,210.29,210.38,1566630,0
2015-07-23,18:10:00,210.37,210.41,210.25,210.4,775706,0
2015-07-23,18:15:00,210.39,210.4,210.205,210.275,835832,0
2015-07-23,18:20:00,210.29,210.29,210.14,210.19,820414,0
2015-07-23,18:25:00,210.19,210.325,210.13,210.2665,1357555,0
2015-07-23,18:30:00,210.27,210.36,210.22,210.3,640950,0
2015-07-23,18:35:00,210.29,210.38,210.23,210.33,686266,0
2015-07-23,18:40:00,210.32,210.4,210.3,210.371,564217,0
2015-07-23,18:45:00,210.37,210.4,210.34,210.39,340824,0
2015-07-23,18:50:00,210.4,210.4,210.21,210.21,382360,0
2015-07-23,18:55:00,210.22,210.3,210.17,210.25,446613,0
2015-07-23,19:00:00,210.245,210.38,210.23,210.34,439600,0
2015-07-23,19:05:00,210.34,210.37,210.27,210.3499,516549,0
2015-07-23,19:10:00,210.34,210.449,210.33,210.43,689527,0
2015-07-23,19:15:00,210.43,210.45,210.285,210.3251,409303,0
2015-07-23,19:20:00,210.33,210.4,210.27,210.355,377358,0
2015-07-23,19:25:00,210.36,210.36,210.25,210.27,334965,0
2015-07-23,19:30:00,210.2699,210.365,210.15,210.3291,585191,0
2015-07-23,19:35:00,210.32,210.37,210.28,210.285,240180,0
2015-07-23,19:40:00,210.294,210.305,210.18,210.28,667057,0
2015-07-23,19:45:00,210.285,210.38,210.26,210.345,370017,0
2015-07-23,19:50:00,210.34,210.53,210.325,210.52,554782,0
2015-07-23,19:55:00,210.53,210.68,210.45,210.6621,851324,0
2015-07-23,20:00:00,210.66,210.75,210.63,210.68,1001573,0
2015-07-23,20:05:00,210.68,210.7,210.6,210.62,510225,0
2015-07-23,20:10:00,210.615,210.62,210.54,210.55,440195,0
2015-07-23,20:15:00,210.55,210.595,210.42,210.51,465525,0
2015-07-23,20:20:00,210.51,211.3258,210.4809,210.535,930581,0
2015-07-23,20:25:00,210.54,210.58,210.4,210.48,296882,0
2015-07-23,20:30:00,210.48,210.5,210.37,210.49,494629,0
2015-07-23,20:35:00,210.49,210.57,210.45,210.5199,245465,0
2015-07-23,20:40:00,210.52,210.65,210.475,210.635,529663,0
2015-07-23,20:45:00,210.64,210.66,210.58,210.58,306786,0
2015-07-23,20:50:00,210.58,211.3258,210.45,210.485,713871,0
2015-07-23,20:55:00,210.49,210.51,210.13,210.195,1263928,0
2015-07-23,21:00:00,210.2,211.3258,210.07,210.18,1147370,0
2015-07-23,21:05:00,210.1725,210.18,210,210.07,1337161,0
2015-07-23,21:10:00,210.065,210.08,209.95,209.995,1068520,0
2015-07-23,21:15:00,209.995,210.029,209.75,209.8168,1511401,0
2015-07-23,21:20:00,209.81,209.93,209.77,209.8758,1166807,0
2015-07-23,21:25:00,209.87,209.96,209.82,209.92,772154,0
2015-07-23,21:30:00,209.93,209.96,209.84,209.95,666681,0
2015-07-23,21:35:00,209.955,209.96,209.795,209.83,687126,0
2015-07-23,21:40:00,209.83,210.05,209.8,210.05,1521280,0
2015-07-23,21:45:00,210.04,210.18,210.02,210.02,1523069,0
2015-07-23,21:50:00,210.02,210.13,209.93,210.12,1141253,0
2015-07-23,21:55:00,210.11,210.11,209.95,210,1310147,0
2015-07-23,22:00:00,210,210.23,209.96,210.14,4521743,0
2015-07-24,15:35:00,210.3,210.37,209.85,209.95,1986844,0
2015-07-24,15:40:00,209.959,209.96,209.73,209.85,1521248,0
2015-07-24,15:45:00,209.88,209.94,209.79,209.87,685512,0
2015-07-24,15:50:00,209.8601,209.97,209.84,209.95,1098523,0
2015-07-24,15:55:00,209.94,210.17,209.93,210.17,1050076,0
2015-07-24,16:00:00,210.17,210.24,210.072,210.1,934456,0
2015-07-24,16:05:00,210.1,210.11,209.82,209.93,1170756,0
2015-07-24,16:10:00,209.93,210.135,209.9232,210.11,1096089,0
2015-07-24,16:15:00,210.1,210.11,209.88,209.91,539627,0
2015-07-24,16:20:00,209.91,209.9101,209.65,209.68,869307,0
2015-07-24,16:25:00,209.685,209.685,209.53,209.56,968781,0
2015-07-24,16:30:00,209.56,209.605,209.43,209.57,935374,0
2015-07-24,16:35:00,209.56,209.56,209.31,209.34,1035191,0
2015-07-24,16:40:00,209.34,209.46,209.3354,209.43,581200,0
2015-07-24,16:45:00,209.43,209.45,209.33,209.43,541405,0
2015-07-24,16:50:00,209.43,209.435,209.3,209.39,621954,0
2015-07-24,16:55:00,209.38,209.48,209.355,209.355,510147,0
2015-07-24,17:00:00,209.355,209.41,209.21,209.2199,697777,0
2015-07-24,17:05:00,209.22,209.37,209.19,209.37,766930,0
2015-07-24,17:10:00,209.37,209.42,209.2801,209.32,533722,0
2015-07-24,17:15:00,209.3132,209.32,209.15,209.2,1040676,0
2015-07-24,17:20:00,209.2,209.3,209.14,209.2905,663351,0
2015-07-24,17:25:00,209.3,209.35,209.26,209.328,466160,0
2015-07-24,17:30:00,209.33,209.44,209.32,209.37,629824,0
2015-07-24,17:35:00,209.38,209.48,209.31,209.35,697918,0
2015-07-24,17:40:00,209.35,209.39,209.28,209.375,346878,0
2015-07-24,17:45:00,209.38,209.44,209.34,209.34,503085,0
2015-07-24,17:50:00,209.34,209.36,209.27,209.31,479589,0
2015-07-24,17:55:00,209.31,209.35,209.2,209.25,400473,0
2015-07-24,18:00:00,209.24,209.25,209.14,209.25,574085,0
2015-07-24,18:05:00,209.246,209.265,209.15,209.15,405831,0
2015-07-24,18:10:00,209.15,209.22,209.11,209.155,403409,0
2015-07-24,18:15:00,209.15,209.19,209.12,209.1701,376621,0
2015-07-24,18:20:00,209.17,209.17,209.05,209.125,524869,0
2015-07-24,18:25:00,209.12,209.16,209.02,209.03,477955,0
2015-07-24,18:30:00,209.03,209.07,208.98,209.04,738156,0
2015-07-24,18:35:00,209.05,209.0768,208.98,209.045,391445,0
2015-07-24,18:40:00,209.04,209.09,208.98,208.99,363041,0
2015-07-24,18:45:00,209,209,208.89,208.97,653109,0
2015-07-24,18:50:00,208.965,208.97,208.78,208.84,685521,0
2015-07-24,18:55:00,208.84,208.86,208.72,208.73,936081,0
2015-07-24,19:00:00,208.73,208.77,208.64,208.66,580951,0
2015-07-24,19:05:00,208.66,208.82,208.6499,208.8,626072,0
2015-07-24,19:10:00,208.79,208.82,208.68,208.74,588315,0
2015-07-24,19:15:00,208.74,208.76,208.59,208.6,1097776,0
2015-07-24,19:20:00,208.6,208.65,208.53,208.64,717680,0
2015-07-24,19:25:00,208.645,208.69,208.57,208.69,796295,0
2015-07-24,19:30:00,208.69,208.72,208.55,208.5875,640138,0
2015-07-24,19:35:00,208.58,208.6,208.47,208.51,753499,0
2015-07-24,19:40:00,208.51,208.515,208.345,208.35,983066,0
2015-07-24,19:45:00,208.36,208.39,208.1199,208.125,1103073,0
2015-07-24,19:50:00,208.13,208.26,207.96,208.2199,2435916,0
2015-07-24,19:55:00,208.215,208.31,208.19,208.26,1135992,0
2015-07-24,20:00:00,208.26,208.42,208.17,208.31,1390528,0
2015-07-24,20:05:00,208.3101,208.38,208.15,208.23,936738,0
2015-07-24,20:10:00,208.225,208.25,208.095,208.1,714984,0
2015-07-24,20:15:00,208.1,208.22,208.02,208.03,854483,0
2015-07-24,20:20:00,208.03,208.04,207.84,207.9,1087171,0
2015-07-24,20:25:00,207.89,207.91,207.735,207.87,1143441,0
2015-07-24,20:30:00,207.88,208.04,207.86,207.985,939691,0
2015-07-24,20:35:00,207.99,208.03,207.84,207.8451,798869,0
2015-07-24,20:40:00,207.85,210.1253,207.73,207.84,1883863,0
2015-07-24,20:45:00,207.84,207.91,207.79,207.895,799800,0
2015-07-24,20:50:00,207.9,207.96,207.78,207.805,850971,0
2015-07-24,20:55:00,207.81,207.855,207.6,207.675,1164330,0
2015-07-24,21:00:00,207.675,207.94,207.67,207.915,1062928,0
2015-07-24,21:05:00,207.92,208.04,207.75,208.04,1146658,0
2015-07-24,21:10:00,208.04,208.15,207.99,208.135,1594401,0
2015-07-24,21:15:00,208.13,208.21,208.1,208.145,1011570,0
2015-07-24,21:20:00,208.145,208.2,208.05,208.17,1078125,0
2015-07-24,21:25:00,208.16,208.235,208.05,208.065,940378,0
2015-07-24,21:30:00,208.07,208.16,207.8,207.83,1023904,0
2015-07-24,21:35:00,207.84,207.94,207.74,207.855,1473317,0
2015-07-24,21:40:00,207.855,207.87,207.74,207.74,857367,0
2015-07-24,21:45:00,207.74,207.85,207.7,207.825,1418320,0
2015-07-24,21:50:00,207.82,208.1,207.8,208.02,2116643,0
2015-07-24,21:55:00,208.01,208.1,207.94,208.07,2285280,0
2015-07-24,22:00:00,208.07,208.08,207.87,207.94,10004064,0
2015-07-27,15:35:00,206.95,207.08,206.63,206.67,3292516,0
2015-07-27,15:40:00,206.67,206.67,206.35,206.46,2839002,0
2015-07-27,15:45:00,206.47,206.56,206.28,206.41,2411919,0
2015-07-27,15:50:00,206.41,206.59,206.26,206.58,2446418,0
2015-07-27,15:55:00,206.575,206.89,206.5,206.84,1641861,0
2015-07-27,16:00:00,206.85,206.99,206.78,206.89,1498654,0
2015-07-27,16:05:00,206.89,206.9,206.5,206.53,1266889,0
2015-07-27,16:10:00,206.53,206.62,206.4,206.48,1476522,0
2015-07-27,16:15:00,206.49,206.84,206.47,206.81,1080458,0
2015-07-27,16:20:00,206.82,207.14,206.78,207.14,1466106,0
2015-07-27,16:25:00,207.13,207.16,206.75,206.79,1535036,0
2015-07-27,16:30:00,206.78,206.97,206.68,206.91,706823,0
2015-07-27,16:35:00,206.91,207.37,206.87,207.26,1253005,0
2015-07-27,16:40:00,207.26,207.51,207.2,207.48,1917552,0
2015-07-27,16:45:00,207.48,207.55,207.35,207.42,1335113,0
2015-07-27,16:50:00,207.42,207.55,207.19,207.2408,884991,0
2015-07-27,16:55:00,207.2408,207.2899,207.12,207.16,618774,0
2015-07-27,17:00:00,207.16,207.25,207.09,207.16,737088,0
2015-07-27,17:05:00,207.16,207.35,207.065,207.3,673801,0
2015-07-27,17:10:00,207.3,207.47,207.29,207.33,818593,0
2015-07-27,17:15:00,207.33,207.37,207.02,207.03,892686,0
2015-07-27,17:20:00,207.03,207.16,206.86,206.98,1084506,0
2015-07-27,17:25:00,206.9876,207.085,206.8,207.07,763922,0
2015-07-27,17:30:00,207.06,207.21,206.93,206.93,583475,0
2015-07-27,17:35:00,206.931,207.07,206.8,206.82,823007,0
2015-07-27,17:40:00,206.82,206.94,206.75,206.9,560171,0
2015-07-27,17:45:00,206.89,207.015,206.79,206.825,687995,0
2015-07-27,17:50:00,206.82,207,206.75,206.92,749770,0
2015-07-27,17:55:00,206.92,206.995,206.81,206.97,555266,0
2015-07-27,18:00:00,206.99,207.16,206.89,207.08,485900,0
2015-07-27,18:05:00,207.09,207.135,206.98,206.98,354307,0
2015-07-27,18:10:00,206.99,207.04,206.83,206.9116,377774,0
2015-07-27,18:15:00,206.919,206.97,206.78,206.81,602944,0
2015-07-27,18:20:00,206.81,206.92,206.76,206.885,246190,0
2015-07-27,18:25:00,206.89,207.03,206.87,206.99,433382,0
2015-07-27,18:30:00,207,207.03,206.89,206.95,324206,0
2015-07-27,18:35:00,206.95,207.01,206.85,206.88,201579,0
2015-07-27,18:40:00,206.88,206.97,206.85,206.9232,501103,0
2015-07-27,18:45:00,206.93,206.95,206.84,206.8784,265402,0
2015-07-27,18:50:00,206.875,206.92,206.77,206.78,330724,0
2015-07-27,18:55:00,206.77,206.81,206.6601,206.68,755134,0
2015-07-27,19:00:00,206.68,206.74,206.6416,206.74,697530,0
2015-07-27,19:05:00,206.73,206.8,206.71,206.755,521929,0
2015-07-27,19:10:00,206.76,206.875,206.74,206.83,509908,0
2015-07-27,19:15:00,206.83,206.88,206.74,206.78,411920,0
2015-07-27,19:20:00,206.78,206.83,206.72,206.73,395148,0
2015-07-27,19:25:00,206.725,206.75,206.53,206.605,686904,0
2015-07-27,19:30:00,206.6,206.7,206.57,206.66,373650,0
2015-07-27,19:35:00,206.67,206.7,206.55,206.65,627917,0
2015-07-27,19:40:00,206.655,206.685,206.5,206.605,679727,0
2015-07-27,19:45:00,206.595,206.63,206.5,206.601,450709,0
2015-07-27,19:50:00,206.6,206.76,206.6,206.74,601474,0
2015-07-27,19:55:00,206.74,206.92,206.72,206.91,647958,0
2015-07-27,20:00:00,206.9,206.955,206.81,206.85,473693,0
2015-07-27,20:05:00,206.84,206.89,206.76,206.85,385010,0
2015-07-27,20:10:00,206.85,206.965,206.8101,206.8124,516319,0
2015-07-27,20:15:00,206.8124,206.88,206.75,206.8455,411450,0
2015-07-27,20:20:00,206.84,207.13,206.83,207.04,1486419,0
2015-07-27,20:25:00,207.05,207.11,206.86,206.871,833156,0
2015-07-27,20:30:00,206.87,206.95,206.83,206.88,783644,0
2015-07-27,20:35:00,206.89,206.93,206.68,206.78,649433,0
2015-07-27,20:40:00,206.77,206.94,206.7,206.92,900587,0
2015-07-27,20:45:00,206.92,207.01,206.81,206.81,886085,0
2015-07-27,20:50:00,206.8,206.95,206.78,206.86,500233,0
2015-07-27,20:55:00,206.86,206.91,206.75,206.775,536984,0
2015-07-27,21:00:00,206.77,206.86,206.7,206.83,688522,0
2015-07-27,21:05:00,206.82,206.825,206.62,206.635,1004593,0
2015-07-27,21:10:00,206.63,206.74,206.59,206.65,945875,0
2015-07-27,21:15:00,206.65,206.75,206.64,206.75,789620,0
2015-07-27,21:20:00,206.74,206.76,206.55,206.59,1077880,0
2015-07-27,21:25:00,206.6,206.71,206.59,206.6776,1292521,0
2015-07-27,21:30:00,206.67,206.69,206.49,206.5201,1490628,0
2015-07-27,21:35:00,206.53,206.56,206.385,206.4999,1257069,0
2015-07-27,21:40:00,206.5,206.53,206.4,206.465,1273243,0
2015-07-27,21:45:00,206.46,206.48,206.35,206.3763,1996083,0
2015-07-27,21:50:00,206.37,206.53,206.31,206.53,2861071,0
2015-07-27,21:55:00,206.52,206.52,206.38,206.44,2377082,0
2015-07-27,22:00:00,206.43,206.82,206.4,206.74,13493682,0
2015-07-28,15:35:00,207.79,207.84,207.42,207.44,2140592,0
2015-07-28,15:40:00,207.44,207.59,207.28,207.37,2097061,0
2015-07-28,15:45:00,207.36,207.45,207.15,207.39,1794106,0
2015-07-28,15:50:00,207.4,207.4099,207.11,207.15,1872625,0
2015-07-28,15:55:00,207.15,207.45,206.95,207.43,2225362,0
2015-07-28,16:00:00,207.43,207.54,207.33,207.54,844226,0
2015-07-28,16:05:00,207.54,207.54,207.2425,207.315,1809759,0
2015-07-28,16:10:00,207.32,207.33,207.01,207.09,1833663,0
2015-07-28,16:15:00,207.09,207.33,207.07,207.3,1441331,0
2015-07-28,16:20:00,207.3,207.3199,206.95,206.96,1403948,0
2015-07-28,16:25:00,206.9654,207.12,206.87,207.07,1212217,0
2015-07-28,16:30:00,207.065,207.08,206.8,206.9,1363790,0
2015-07-28,16:35:00,206.9,207.14,206.87,207.06,979174,0
2015-07-28,16:40:00,207.06,207.23,207.02,207.17,828325,0
2015-07-28,16:45:00,207.17,207.44,207.165,207.42,1354705,0
2015-07-28,16:50:00,207.42,207.5,207.355,207.365,1160016,0
2015-07-28,16:55:00,207.365,207.635,207.33,207.63,1539551,0
2015-07-28,17:00:00,207.64,207.785,207.6,207.76,1553368,0
2015-07-28,17:05:00,207.765,207.84,207.72,207.84,1376414,0
2015-07-28,17:10:00,207.84,207.91,207.76,207.82,1220029,0
2015-07-28,17:15:00,207.82,207.99,207.813,207.89,1088753,0
2015-07-28,17:20:00,207.9,207.92,207.78,207.821,839095,0
2015-07-28,17:25:00,207.8299,207.84,207.7,207.79,813244,0
2015-07-28,17:30:00,207.79,208.04,207.7799,208.035,652760,0
2015-07-28,17:35:00,208.04,208.18,208.02,208.07,1351681,0
2015-07-28,17:40:00,208.08,208.12,208.03,208.085,472822,0
2015-07-28,17:45:00,208.08,208.21,208.07,208.16,641080,0
2015-07-28,17:50:00,208.155,208.28,208.14,208.25,779764,0
2015-07-28,17:55:00,208.26,208.27,208.17,208.19,507537,0
2015-07-28,18:00:00,208.19,208.24,208.14,208.24,467946,0
2015-07-28,18:05:00,208.24,208.39,208.23,208.34,816377,0
2015-07-28,18:10:00,208.33,208.46,208.33,208.38,756842,0
2015-07-28,18:15:00,208.37,208.41,208.3,208.3125,656474,0
2015-07-28,18:20:00,208.32,208.57,208.31,208.52,1034880,0
2015-07-28,18:25:00,208.53,208.62,208.53,208.59,765833,0
2015-07-28,18:30:00,208.6,208.66,208.5432,208.65,584688,0
2015-07-28,18:35:00,208.65,208.69,208.56,208.595,708279,0
2015-07-28,18:40:00,208.59,208.605,208.49,208.52,627956,0
2015-07-28,18:45:00,208.52,208.6,208.5,208.59,304093,0
2015-07-28,18:50:00,208.59,208.66,208.56,208.61,718842,0
2015-07-28,18:55:00,208.615,208.66,208.57,208.655,491932,0
2015-07-28,19:00:00,208.659,208.68,208.57,208.588,623186,0
2015-07-28,19:05:00,208.58,208.63,208.55,208.63,816078,0
2015-07-28,19:10:00,208.64,208.891,208.63,208.8657,1142364,0
2015-07-28,19:15:00,208.87,208.95,208.85,208.94,607899,0
2015-07-28,19:20:00,208.94,209.02,208.92,208.955,1061442,0
2015-07-28,19:25:00,208.955,209.08,208.95,209.06,965334,0
2015-07-28,19:30:00,209.05,209.13,209.03,209.04,801080,0
2015-07-28,19:35:00,209.05,209.06,208.89,208.9099,722498,0
2015-07-28,19:40:00,208.9,208.98,208.84,208.97,672282,0
2015-07-28,19:45:00,208.96,209.05,208.96,209.01,519126,0
2015-07-28,19:50:00,209,209.07,208.96,209.05,441187,0
2015-07-28,19:55:00,209.06,209.1,209.03,209.0864,552507,0
2015-07-28,20:00:00,209.09,209.22,209.08,209.18,810575,0
2015-07-28,20:05:00,209.18,209.24,209.11,209.239,642851,0
2015-07-28,20:10:00,209.2399,209.4,209.22,209.4,1167351,0
2015-07-28,20:15:00,209.4,209.42,209.31,209.42,802741,0
2015-07-28,20:20:00,209.4179,209.5,209.39,209.42,1098769,0
2015-07-28,20:25:00,209.41,209.48,209.41,209.47,992463,0
2015-07-28,20:30:00,209.47,209.5,209.41,209.42,863716,0
2015-07-28,20:35:00,209.42,209.44,209.245,209.28,968993,0
2015-07-28,20:40:00,209.275,209.29,209.16,209.18,876225,0
2015-07-28,20:45:00,209.17,209.25,209.16,209.205,884964,0
2015-07-28,20:50:00,209.209,209.28,209.16,209.25,771224,0
2015-07-28,20:55:00,209.25,209.33,209.23,209.3,521488,0
2015-07-28,21:00:00,209.3,209.44,209.27,209.4265,506914,0
2015-07-28,21:05:00,209.43,209.44,209.225,209.265,691056,0
2015-07-28,21:10:00,209.27,209.28,209.19,209.25,718571,0
2015-07-28,21:15:00,209.24,209.29,209.18,209.19,1179630,0
2015-07-28,21:20:00,209.19,209.36,209.16,209.35,1053717,0
2015-07-28,21:25:00,209.34,209.35,209.185,209.185,784759,0
2015-07-28,21:30:00,209.19,209.23,209.1,209.11,935947,0
2015-07-28,21:35:00,209.11,209.249,209.095,209.23,1149167,0
2015-07-28,21:40:00,209.23,209.3,209.21,209.23,1310295,0
2015-07-28,21:45:00,209.235,209.35,209.2,209.35,1404388,0
2015-07-28,21:50:00,209.345,209.37,209.27,209.285,1940700,0
2015-07-28,21:55:00,209.28,209.285,209.18,209.275,1987141,0
2015-07-28,22:00:00,209.27,209.33,209.17,209.31,5150609,0
2015-07-29,15:35:00,209.46,209.69,209.31,209.6592,1909377,0
2015-07-29,15:40:00,209.65,209.72,209.4,209.7,949632,0
2015-07-29,15:45:00,209.7,209.78,209.59,209.64,1880842,0
2015-07-29,15:50:00,209.6499,209.67,209.5,209.51,419572,0
2015-07-29,15:55:00,209.52,209.59,209.51,209.59,105253,0
2015-07-29,16:00:00,209.58,209.69,209.57,209.64,382034,0
2015-07-29,16:05:00,209.63,209.65,209.46,209.54,668860,0
2015-07-29,16:10:00,209.54,209.72,209.43,209.65,795289,0
2015-07-29,16:15:00,209.6466,209.7,209.5,209.52,678941,0
2015-07-29,16:20:00,209.52,209.77,209.46,209.74,758473,0
2015-07-29,16:25:00,209.75,209.9,209.735,209.7619,921571,0
2015-07-29,16:30:00,209.77,209.84,209.65,209.705,1356801,0
2015-07-29,16:35:00,209.71,209.95,209.71,209.9192,1256133,0
2015-07-29,16:40:00,209.92,210.05,209.915,210.03,1370787,0
2015-07-29,16:45:00,210.0256,210.17,210.0256,210.15,1163209,0
2015-07-29,16:50:00,210.149,210.18,210.09,210.18,673022,0
2015-07-29,16:55:00,210.18,210.25,210.15,210.2225,1029557,0
2015-07-29,17:00:00,210.22,210.23,210.05,210.09,684520,0
2015-07-29,17:05:00,210.09,210.115,209.92,210.05,1053020,0
2015-07-29,17:10:00,210.045,210.14,209.95,210.07,717478,0
2015-07-29,17:15:00,210.07,210.17,210.04,210.1699,374230,0
2015-07-29,17:20:00,210.14,210.26,210.12,210.23,488365,0
2015-07-29,17:25:00,210.23,210.44,210.22,210.3399,1217044,0
2015-07-29,17:30:00,210.34,210.39,210.24,210.28,632710,0
2015-07-29,17:35:00,210.28,210.41,210.27,210.38,642313,0
2015-07-29,17:40:00,210.38,210.47,210.35,210.43,578922,0
2015-07-29,17:45:00,210.44,210.5,210.4,210.41,532511,0
2015-07-29,17:50:00,210.415,210.45,210.38,210.41,342938,0
2015-07-29,17:55:00,210.4199,210.44,210.35,210.427,471345,0
2015-07-29,18:00:00,210.42,210.46,210.36,210.445,541283,0
2015-07-29,18:05:00,210.44,210.47,210.32,210.36,400359,0
2015-07-29,18:10:00,210.37,210.38,210.24,210.2568,729390,0
2015-07-29,18:15:00,210.251,210.315,210.24,210.28,364563,0
2015-07-29,18:20:00,210.28,210.3,210.1901,210.25,374687,0
2015-07-29,18:25:00,210.25,210.25,210.14,210.17,412800,0
2015-07-29,18:30:00,210.175,210.27,210.17,210.27,277692,0
2015-07-29,18:35:00,210.27,210.31,210.26,210.2601,228266,0
2015-07-29,18:40:00,210.26,210.265,210.11,210.215,491681,0
2015-07-29,18:45:00,210.21,210.25,210.1,210.175,294684,0
2015-07-29,18:50:00,210.18,210.31,210.18,210.285,362684,0
2015-07-29,18:55:00,210.2866,210.38,210.24,210.25,606323,0
2015-07-29,19:00:00,210.25,210.3,210.15,210.2351,512938,0
2015-07-29,19:05:00,210.23,210.275,210.18,210.19,376960,0
2015-07-29,19:10:00,210.2,210.305,210.19,210.19,407843,0
2015-07-29,19:15:00,210.187,210.285,210.18,210.275,291742,0
2015-07-29,19:20:00,210.27,210.33,210.23,210.2901,331478,0
2015-07-29,19:25:00,210.29,210.3,210.22,210.26,231888,0
2015-07-29,19:30:00,210.27,210.2964,210.22,210.235,170908,0
2015-07-29,19:35:00,210.24,210.3,210.21,210.29,235980,0
2015-07-29,19:40:00,210.28,210.31,210.245,210.285,226921,0
2015-07-29,19:45:00,210.285,210.33,210.27,210.3,277452,0
2015-07-29,19:50:00,210.295,210.305,210.155,210.19,705007,0
2015-07-29,19:55:00,210.19,210.23,210.13,210.1899,404716,0
2015-07-29,20:00:00,210.18,210.23,210.15,210.17,448845,0
2015-07-29,20:05:00,210.18,210.84,209.79,209.89,5321587,0
2015-07-29,20:10:00,209.88,210.33,209.87,210.06,2563622,0
2015-07-29,20:15:00,210.08,210.42,210,210.275,1447140,0
2015-07-29,20:20:00,210.27,210.58,210.25,210.56,1246106,0
2015-07-29,20:25:00,210.56,210.625,210.27,210.35,1347817,0
2015-07-29,20:30:00,210.35,210.4,210.21,210.359,731224,0
2015-07-29,20:35:00,210.36,210.51,210.34,210.5,562117,0
2015-07-29,20:40:00,210.4931,210.56,210.36,210.545,602294,0
2015-07-29,20:45:00,210.55,210.73,210.54,210.67,1382511,0
2015-07-29,20:50:00,210.68,210.91,210.61,210.85,1419944,0
2015-07-29,20:55:00,210.85,210.98,210.82,210.87,998644,0
2015-07-29,21:00:00,210.86,211.04,210.84,210.9,998593,0
2015-07-29,21:05:00,210.905,210.93,210.76,210.82,1069578,0
2015-07-29,21:10:00,210.82,210.88,210.67,210.675,935196,0
2015-07-29,21:15:00,210.67,210.86,210.66,210.78,1310843,0
2015-07-29,21:20:00,210.7799,210.82,210.66,210.68,1189923,0
2015-07-29,21:25:00,210.68,210.85,210.67,210.84,970400,0
2015-07-29,21:30:00,210.85,210.95,210.775,210.84,1582598,0
2015-07-29,21:35:00,210.85,210.87,210.51,210.595,1954070,0
2015-07-29,21:40:00,210.6,210.76,210.54,210.73,1201674,0
2015-07-29,21:45:00,210.72,210.9,210.72,210.9,1325378,0
2015-07-29,21:50:00,210.9,210.945,210.8,210.82,1303699,0
2015-07-29,21:55:00,210.82,210.89,210.79,210.87,1725567,0
2015-07-29,22:00:00,210.865,210.93,210.7,210.77,6084342,0
2015-07-30,15:35:00,210.16,210.47,210.11,210.205,1892422,0
2015-07-30,15:40:00,210.2,210.38,209.9,209.93,1440857,0
2015-07-30,15:45:00,209.93,209.98,209.61,209.77,1818181,0
2015-07-30,15:50:00,209.775,209.82,209.42,209.49,1427335,0
2015-07-30,15:55:00,209.49,209.76,209.42,209.7,1299493,0
2015-07-30,16:00:00,209.7,209.75,209.55,209.58,631289,0
2015-07-30,16:05:00,209.58,209.8,209.45,209.79,970107,0
2015-07-30,16:10:00,209.785,209.92,209.76,209.78,1027533,0
2015-07-30,16:15:00,209.78,210,209.71,209.97,1044899,0
2015-07-30,16:20:00,209.96,210.03,209.88,209.93,757738,0
2015-07-30,16:25:00,209.93,210.07,209.91,209.97,759843,0
2015-07-30,16:30:00,209.97,210.09,209.9,210.08,797873,0
2015-07-30,16:35:00,210.08,210.32,210.06,210.08,1394174,0
2015-07-30,16:40:00,210.07,210.15,209.92,209.985,567524,0
2015-07-30,16:45:00,209.98,210.1199,209.88,210.08,758463,0
2015-07-30,16:50:00,210.07,210.19,209.99,210.02,591094,0
2015-07-30,16:55:00,210.02,210.07,209.8836,210.03,403472,0
2015-07-30,17:00:00,210.04,210.055,209.74,209.81,769574,0
2015-07-30,17:05:00,209.8,209.881,209.7,209.84,520828,0
2015-07-30,17:10:00,209.845,209.87,209.62,209.77,719439,0
2015-07-30,17:15:00,209.77,210.04,209.755,209.99,621722,0
2015-07-30,17:20:00,210,210.2,210,210.07,680253,0
2015-07-30,17:25:00,210.07,210.32,210.07,210.3,999579,0
2015-07-30,17:30:00,210.3,210.44,210.24,210.27,1561474,0
2015-07-30,17:35:00,210.27,210.4,210.26,210.38,651194,0
2015-07-30,17:40:00,210.37,210.42,210.31,210.4,515088,0
2015-07-30,17:45:00,210.39,210.48,210.35,210.47,663676,0
2015-07-30,17:50:00,210.47,210.68,210.47,210.54,1372833,0
2015-07-30,17:55:00,210.54,210.62,210.48,210.505,888769,0
2015-07-30,18:00:00,210.5,210.58,210.46,210.56,434225,0
2015-07-30,18:05:00,210.55,210.67,210.55,210.615,527878,0
2015-07-30,18:10:00,210.615,210.617,210.49,210.53,432194,0
2015-07-30,18:15:00,210.5269,210.61,210.4592,210.54,416765,0
2015-07-30,18:20:00,210.545,210.7,210.49,210.63,579298,0
2015-07-30,18:25:00,210.64,210.7,210.595,210.695,230246,0
2015-07-30,18:30:00,210.69,210.75,210.65,210.6501,489280,0
2015-07-30,18:35:00,210.655,210.705,210.58,210.585,402895,0
2015-07-30,18:40:00,210.58,210.59,210.51,210.57,432928,0
2015-07-30,18:45:00,210.57,210.69,210.56,210.66,307332,0
2015-07-30,18:50:00,210.67,210.745,210.645,210.7134,235858,0
2015-07-30,18:55:00,210.72,210.82,210.71,210.74,382111,0
2015-07-30,19:00:00,210.75,210.82,210.74,210.81,239289,0
2015-07-30,19:05:00,210.81,210.9,210.75,210.75,1003103,0
2015-07-30,19:10:00,210.75,210.775,210.65,210.76,479786,0
2015-07-30,19:15:00,210.76,210.81,210.73,210.785,371861,0
2015-07-30,19:20:00,210.79,210.91,210.78,210.87,493228,0
2015-07-30,19:25:00,210.875,210.89,210.69,210.71,451545,0
2015-07-30,19:30:00,210.71,210.78,210.68,210.76,366168,0
2015-07-30,19:35:00,210.77,210.85,210.6,210.605,571595,0
2015-07-30,19:40:00,210.61,210.685,210.56,210.57,492090,0
2015-07-30,19:45:00,210.56,210.67,210.51,210.61,506544,0
2015-07-30,19:50:00,210.61,210.65,210.53,210.64,398645,0
2015-07-30,19:55:00,210.64,210.74,210.64,210.655,275216,0
2015-07-30,20:00:00,210.65,210.67,210.55,210.62,289149,0
2015-07-30,20:05:00,210.617,210.8,210.61,210.715,397300,0
2015-07-30,20:10:00,210.71,210.72,210.58,210.59,477769,0
2015-07-30,20:15:00,210.6,210.71,210.59,210.65,427135,0
2015-07-30,20:20:00,210.645,210.69,210.59,210.615,385059,0
2015-07-30,20:25:00,210.62,210.73,210.6,210.63,429514,0
2015-07-30,20:30:00,210.6375,210.72,210.62,210.66,317777,0
2015-07-30,20:35:00,210.655,210.71,210.5301,210.56,375474,0
2015-07-30,20:40:00,210.56,210.63,210.54,210.59,306822,0
2015-07-30,20:45:00,210.6,210.73,210.57,210.7,336522,0
2015-07-30,20:50:00,210.7,210.85,210.66,210.79,480846,0
2015-07-30,20:55:00,210.78,210.88,210.78,210.81,521781,0
2015-07-30,21:00:00,210.81,210.88,210.79,210.855,307926,0
2015-07-30,21:05:00,210.86,210.97,210.85,210.93,931523,0
2015-07-30,21:10:00,210.93,210.99,210.83,210.88,685805,0
2015-07-30,21:15:00,210.89,210.9,210.8101,210.86,503090,0
2015-07-30,21:20:00,210.8545,210.9,210.83,210.89,253121,0
2015-07-30,21:25:00,210.89,210.93,210.85,210.863,616216,0
2015-07-30,21:30:00,210.87,211.02,210.86,210.98,1843608,0
2015-07-30,21:35:00,210.985,211,210.92,210.94,854053,0
2015-07-30,21:40:00,210.94,210.95,210.77,210.87,989001,0
2015-07-30,21:45:00,210.87,210.97,210.85,210.89,922122,0
2015-07-30,21:50:00,210.89,210.95,210.85,210.9499,1117784,0
2015-07-30,21:55:00,210.95,211,210.86,211,1589310,0
2015-07-30,22:00:00,210.995,211,210.76,210.82,10563519,0
2015-07-31,15:35:00,211.42,211.45,211,211.1,2169213,0
2015-07-31,15:40:00,211.11,211.12,210.76,210.77,1540973,0
2015-07-31,15:45:00,210.76,210.85,210.62,210.71,1407685,0
2015-07-31,15:50:00,210.72,210.91,210.51,210.57,1384240,0
2015-07-31,15:55:00,210.59,210.78,210.5699,210.7,989304,0
2015-07-31,16:00:00,210.7,210.85,210.6,210.61,922496,0
2015-07-31,16:05:00,210.615,210.86,210.59,210.64,771504,0
2015-07-31,16:10:00,210.62,210.95,210.54,210.91,891308,0
2015-07-31,16:15:00,210.91,210.99,210.76,210.795,904189,0
2015-07-31,16:20:00,210.795,210.96,210.76,210.77,767303,0
2015-07-31,16:25:00,210.77,211.13,210.765,211.09,969960,0
2015-07-31,16:30:00,211.09,211.19,210.995,211.015,794790,0
2015-07-31,16:35:00,211.015,211.09,210.91,211.045,605272,0
2015-07-31,16:40:00,211.05,211.2,210.995,211.015,794267,0
2015-07-31,16:45:00,211.01,211.08,210.94,211.04,428190,0
2015-07-31,16:50:00,211.05,211.2,211.045,211.1852,616422,0
2015-07-31,16:55:00,211.18,211.285,211.17,211.21,968070,0
2015-07-31,17:00:00,211.21,211.34,211.185,211.21,447132,0
2015-07-31,17:05:00,211.2,211.225,211.08,211.1363,460092,0
2015-07-31,17:10:00,211.14,211.23,211.06,211.12,599490,0
2015-07-31,17:15:00,211.12,211.13,211.01,211.045,1124095,0
2015-07-31,17:20:00,211.04,211.17,211.02,211.14,319261,0
2015-07-31,17:25:00,211.14,211.185,211.085,211.11,573212,0
2015-07-31,17:30:00,211.11,211.2,211.09,211.18,540244,0
2015-07-31,17:35:00,211.18,211.25,211.1601,211.19,703046,0
2015-07-31,17:40:00,211.19,211.3,211.19,211.3,370237,0
2015-07-31,17:45:00,211.3,211.31,211.26,211.3,341649,0
2015-07-31,17:50:00,211.295,211.32,211.235,211.295,311420,0
2015-07-31,17:55:00,211.3,211.33,211.23,211.25,300854,0
2015-07-31,18:00:00,211.24,211.24,211.16,211.19,340544,0
2015-07-31,18:05:00,211.19,211.24,211.18,211.23,152190,0
2015-07-31,18:10:00,211.23,211.29,211.23,211.27,240347,0
2015-07-31,18:15:00,211.27,211.3,211.26,211.3,176120,0
2015-07-31,18:20:00,211.3,211.38,211.23,211.25,808615,0
2015-07-31,18:25:00,211.245,211.31,211.175,211.2201,767458,0
2015-07-31,18:30:00,211.2262,211.26,211.195,211.245,179982,0
2015-07-31,18:35:00,211.25,211.25,211.14,211.21,232856,0
2015-07-31,18:40:00,211.21,211.2151,211.07,211.13,445209,0
2015-07-31,18:45:00,211.12,211.17,211.105,211.12,339793,0
2015-07-31,18:50:00,211.1286,211.1699,211.06,211.06,251171,0
2015-07-31,18:55:00,211.06,211.15,211.02,211.14,242483,0
2015-07-31,19:00:00,211.13,211.18,211.06,211.065,260027,0
2015-07-31,19:05:00,211.06,211.17,211.045,211.11,193280,0
2015-07-31,19:10:00,211.11,211.18,211.06,211.1,217111,0
2015-07-31,19:15:00,211.09,211.1,210.95,210.98,280538,0
2015-07-31,19:20:00,210.985,211.04,210.95,210.995,207705,0
2015-07-31,19:25:00,211,211.02,210.95,210.98,262398,0
2015-07-31,19:30:00,210.98,211,210.78,210.82,653074,0
2015-07-31,19:35:00,210.8134,210.845,210.68,210.7634,731648,0
2015-07-31,19:40:00,210.77,210.78,210.62,210.63,497002,0
2015-07-31,19:45:00,210.625,210.72,210.6,210.655,735211,0
2015-07-31,19:50:00,210.66,210.735,210.65,210.69,500290,0
2015-07-31,19:55:00,210.69,210.71,210.65,210.66,397827,0
2015-07-31,20:00:00,210.66,210.71,210.64,210.6601,380063,0
2015-07-31,20:05:00,210.67,210.8162,210.67,210.77,756872,0
2015-07-31,20:10:00,210.765,210.83,210.73,210.775,490650,0
2015-07-31,20:15:00,210.78,210.78,210.67,210.69,606345,0
2015-07-31,20:20:00,210.695,210.74,210.62,210.68,431218,0
2015-07-31,20:25:00,210.67,210.68,210.37,210.49,1462533,0
2015-07-31,20:30:00,210.4962,210.5976,210.46,210.565,991694,0
2015-07-31,20:35:00,210.56,210.7,210.52,210.605,866180,0
2015-07-31,20:40:00,210.6,210.6,210.36,210.475,1179477,0
2015-07-31,20:45:00,210.48,210.57,210.35,210.53,1334169,0
2015-07-31,20:50:00,210.53,210.565,210.29,210.465,1636179,0
2015-07-31,20:55:00,210.46,210.6,210.4301,210.58,532337,0
2015-07-31,21:00:00,210.57,210.59,210.5,210.54,335264,0
2015-07-31,21:05:00,210.54,210.645,210.5038,210.56,958861,0
2015-07-31,21:10:00,210.56,210.56,210.37,210.39,783741,0
2015-07-31,21:15:00,210.39,210.5,210.36,210.4,1000711,0
2015-07-31,21:20:00,210.395,210.53,210.38,210.5,633710,0
2015-07-31,21:25:00,210.49,210.535,210.33,210.395,1030564,0
2015-07-31,21:30:00,210.3961,210.42,210.17,210.19,1507857,0
2015-07-31,21:35:00,210.2,210.4,210.2,210.375,960839,0
2015-07-31,21:40:00,210.37,210.46,210.32,210.37,1291167,0
2015-07-31,21:45:00,210.365,210.43,210.26,210.3301,1444070,0
2015-07-31,21:50:00,210.33,210.38,210.24,210.32,1818379,0
2015-07-31,21:55:00,210.31,210.33,210.16,210.33,2184049,0
2015-07-31,22:00:00,210.33,210.54,210.28,210.45,8736545,0
2015-08-03,15:35:00,210.46,210.53,210.3,210.31,1671317,0
2015-08-03,15:40:00,210.31,210.35,210.17,210.29,1306878,0
2015-08-03,15:45:00,210.29,210.29,209.759,209.808,1312219,0
2015-08-03,15:50:00,209.8,210.01,209.78,209.98,1660450,0
2015-08-03,15:55:00,209.98,210.155,209.97,210.09,1373871,0
2015-08-03,16:00:00,210.1,210.37,210.1,210.2697,1136059,0
2015-08-03,16:05:00,210.26,210.34,210.14,210.17,1027794,0
2015-08-03,16:10:00,210.1875,210.31,210.01,210.04,1415122,0
2015-08-03,16:15:00,210.05,210.38,210.02,210.28,1212438,0
2015-08-03,16:20:00,210.285,210.29,209.99,209.995,874467,0
2015-08-03,16:25:00,210,210.09,209.89,209.9,573332,0
2015-08-03,16:30:00,209.89,209.9,209.68,209.8401,1631694,0
2015-08-03,16:35:00,209.84,209.84,209.58,209.75,1043045,0
2015-08-03,16:40:00,209.75,209.83,209.635,209.825,511940,0
2015-08-03,16:45:00,209.82,209.86,209.71,209.79,520166,0
2015-08-03,16:50:00,209.7951,209.99,209.68,209.96,857682,0
2015-08-03,16:55:00,209.96,210.01,209.91,209.955,648838,0
2015-08-03,17:00:00,209.955,210.15,209.91,210.06,994199,0
2015-08-03,17:05:00,210.055,210.14,209.99,210,660064,0
2015-08-03,17:10:00,209.995,210.14,209.98,210.1232,702770,0
2015-08-03,17:15:00,210.11,210.24,210.04,210.17,737603,0
2015-08-03,17:20:00,210.17,210.28,210.09,210.21,638954,0
2015-08-03,17:25:00,210.22,210.315,210.21,210.29,643491,0
2015-08-03,17:30:00,210.28,210.37,210.185,210.25,757526,0
2015-08-03,17:35:00,210.25,210.43,210.241,210.42,568483,0
2015-08-03,17:40:00,210.41,210.42,210.26,210.2761,737631,0
2015-08-03,17:45:00,210.2799,210.35,210.27,210.34,342891,0
2015-08-03,17:50:00,210.35,210.4,210.24,210.24,459316,0
2015-08-03,17:55:00,210.2441,210.25,210.13,210.18,576130,0
2015-08-03,18:00:00,210.18,210.2,210.09,210.15,315570,0
2015-08-03,18:05:00,210.15,210.2,210.025,210.05,591044,0
2015-08-03,18:10:00,210.05,210.11,210.02,210.05,431824,0
2015-08-03,18:15:00,210.05,210.14,210.025,210.11,289415,0
2015-08-03,18:20:00,210.11,210.11,209.86,209.87,623985,0
2015-08-03,18:25:00,209.87,209.91,209.82,209.9,689841,0
2015-08-03,18:30:00,209.89,209.94,209.855,209.91,256782,0
2015-08-03,18:35:00,209.9,209.9,209.56,209.62,953354,0
2015-08-03,18:40:00,209.62,209.64,209.45,209.515,877349,0
2015-08-03,18:45:00,209.51,209.51,209.3862,209.451,538337,0
2015-08-03,18:50:00,209.46,209.46,209.16,209.2,1201982,0
2015-08-03,18:55:00,209.2,209.2,208.99,209.005,1406164,0
2015-08-03,19:00:00,209.01,209.05,208.885,209.005,1314199,0
2015-08-03,19:05:00,209.005,209.04,208.89,209.035,839946,0
2015-08-03,19:10:00,209.0337,209.0337,208.691,208.691,1073966,0
2015-08-03,19:15:00,208.7,208.82,208.65,208.775,904140,0
2015-08-03,19:20:00,208.78,208.8,208.68,208.69,793455,0
2015-08-03,19:25:00,208.69,208.92,208.69,208.84,980116,0
2015-08-03,19:30:00,208.835,208.95,208.77,208.93,895198,0
2015-08-03,19:35:00,208.93,208.99,208.845,208.961,723308,0
2015-08-03,19:40:00,208.97,209.04,208.875,208.91,700599,0
2015-08-03,19:45:00,208.91,209.07,208.89,209.04,437077,0
2015-08-03,19:50:00,209.039,209.17,208.92,209.15,479188,0
2015-08-03,19:55:00,209.14,209.22,209.06,209.12,771683,0
2015-08-03,20:00:00,209.1,209.115,208.965,209.05,749267,0
2015-08-03,20:05:00,209.04,209.06,208.89,209.03,952410,0
2015-08-03,20:10:00,209.035,209.05,208.85,208.9128,756580,0
2015-08-03,20:15:00,208.915,208.935,208.77,208.8089,721532,0
2015-08-03,20:20:00,208.8,208.98,208.785,208.87,556397,0
2015-08-03,20:25:00,208.865,208.89,208.76,208.85,584478,0
2015-08-03,20:30:00,208.85,208.9,208.7,208.8891,997035,0
2015-08-03,20:35:00,208.88,208.92,208.79,208.91,613131,0
2015-08-03,20:40:00,208.92,209.15,208.89,209.12,929396,0
2015-08-03,20:45:00,209.13,209.18,209.06,209.11,825306,0
2015-08-03,20:50:00,209.12,209.12,208.89,208.96,674403,0
2015-08-03,20:55:00,208.97,208.985,208.83,208.86,623066,0
2015-08-03,21:00:00,208.86,208.93,208.715,208.9,768286,0
2015-08-03,21:05:00,208.89,208.99,208.85,208.99,964895,0
2015-08-03,21:10:00,208.995,209.03,208.86,208.98,815523,0
2015-08-03,21:15:00,208.98,208.99,208.87,208.98,762178,0
2015-08-03,21:20:00,208.98,209,208.85,208.99,723895,0
2015-08-03,21:25:00,208.98,209.09,208.94,209.06,1070380,0
2015-08-03,21:30:00,209.069,209.14,208.96,209.11,957513,0
2015-08-03,21:35:00,209.12,209.205,208.99,209.15,1232150,0
2015-08-03,21:40:00,209.15,209.43,209.12,209.43,2426983,0
2015-08-03,21:45:00,209.42,209.67,209.36,209.6101,2915479,0
2015-08-03,21:50:00,209.62,209.63,209.42,209.445,1720296,0
2015-08-03,21:55:00,209.44,209.5,209.4,209.47,1265123,0
2015-08-03,22:00:00,209.47,209.8,209.46,209.73,10294406,0
2015-08-04,15:35:00,209.7,210.03,209.68,209.78,1910793,0
2015-08-04,15:40:00,209.78,209.99,209.46,209.47,1230376,0
2015-08-04,15:45:00,209.485,209.77,209.46,209.76,720054,0
2015-08-04,15:50:00,209.7545,209.945,209.68,209.92,1032596,0
2015-08-04,15:55:00,209.92,210.03,209.87,209.92,1330780,0
2015-08-04,16:00:00,209.92,209.95,209.77,209.83,629585,0
2015-08-04,16:05:00,209.84,209.87,209.69,209.78,687694,0
2015-08-04,16:10:00,209.78,210.02,209.7,209.9651,979748,0
2015-08-04,16:15:00,209.97,210.11,209.72,210.05,1212780,0
2015-08-04,16:20:00,210.0639,210.07,209.8,209.91,831457,0
2015-08-04,16:25:00,209.91,210.04,209.86,209.935,632997,0
2015-08-04,16:30:00,209.9599,210.2483,209.94,210.12,1391177,0
2015-08-04,16:35:00,210.13,210.21,210.04,210.07,528062,0
2015-08-04,16:40:00,210.0761,210.11,209.83,209.85,632785,0
2015-08-04,16:45:00,209.86,209.91,209.69,209.835,708866,0
2015-08-04,16:50:00,209.84,210.01,209.79,209.84,693691,0
2015-08-04,16:55:00,209.82,209.86,209.6199,209.71,689798,0
2015-08-04,17:00:00,209.7099,209.73,209.36,209.46,1551199,0
2015-08-04,17:05:00,209.48,209.64,209.44,209.55,586012,0
2015-08-04,17:10:00,209.56,209.71,209.54,209.57,444491,0
2015-08-04,17:15:00,209.57,209.82,209.53,209.81,490924,0
2015-08-04,17:20:00,209.8001,209.82,209.62,209.64,283928,0
2015-08-04,17:25:00,209.631,209.73,209.6,209.67,355336,0
2015-08-04,17:30:00,209.67,209.7,209.5501,209.69,278912,0
2015-08-04,17:35:00,209.69,209.75,209.59,209.62,522151,0
2015-08-04,17:40:00,209.62,209.72,209.605,209.68,339935,0
2015-08-04,17:45:00,209.67,209.83,209.67,209.75,462364,0
2015-08-04,17:50:00,209.74,209.75,209.63,209.66,265235,0
2015-08-04,17:55:00,209.66,209.69,209.51,209.57,436024,0
2015-08-04,18:00:00,209.58,209.7,209.53,209.655,230551,0
2015-08-04,18:05:00,209.65,209.76,209.63,209.75,430772,0
2015-08-04,18:10:00,209.75,209.9,209.74,209.87,625529,0
2015-08-04,18:15:00,209.87,209.9,209.84,209.87,430220,0
2015-08-04,18:20:00,209.88,209.88,209.76,209.819,334335,0
2015-08-04,18:25:00,209.82,209.82,209.66,209.66,184844,0
2015-08-04,18:30:00,209.66,209.73,209.58,209.59,474576,0
2015-08-04,18:35:00,209.59,209.64,209.54,209.63,397518,0
2015-08-04,18:40:00,209.62,209.6551,209.58,209.63,213081,0
2015-08-04,18:45:00,209.63,209.65,209.37,209.37,481872,0
2015-08-04,18:50:00,209.37,209.49,209.36,209.46,299173,0
2015-08-04,18:55:00,209.45,209.46,209.34,209.4,272787,0
2015-08-04,19:00:00,209.4,209.47,209.31,209.41,300922,0
2015-08-04,19:05:00,209.41,209.41,209.28,209.37,383203,0
2015-08-04,19:10:00,209.37,209.4399,209.3,209.42,327410,0
2015-08-04,19:15:00,209.4159,209.45,209.385,209.43,246730,0
2015-08-04,19:20:00,209.439,209.63,209.425,209.58,549529,0
2015-08-04,19:25:00,209.58,209.64,209.55,209.58,208252,0
2015-08-04,19:30:00,209.58,209.66,209.565,209.66,305238,0
2015-08-04,19:35:00,209.66,209.88,209.65,209.81,837884,0
2015-08-04,19:40:00,209.81,209.83,209.73,209.8,417091,0
2015-08-04,19:45:00,209.8,209.815,209.57,209.59,634388,0
2015-08-04,19:50:00,209.59,209.68,209.37,209.38,993701,0
2015-08-04,19:55:00,209.38,209.4,209.109,209.17,1147273,0
2015-08-04,20:00:00,209.16,209.22,209.05,209.13,867373,0
2015-08-04,20:05:00,209.13,209.2,209.065,209.14,434555,0
2015-08-04,20:10:00,209.135,209.19,208.91,208.91,803979,0
2015-08-04,20:15:00,208.915,208.93,208.8,208.9,1165447,0
2015-08-04,20:20:00,208.905,209.06,208.84,209.05,977798,0
2015-08-04,20:25:00,209.06,209.09,208.96,209.005,604936,0
2015-08-04,20:30:00,209.01,209.11,208.96,209.1,537300,0
2015-08-04,20:35:00,209.09,209.11,209,209.07,389215,0
2015-08-04,20:40:00,209.07,209.3,209.01,209.27,1355229,0
2015-08-04,20:45:00,209.275,209.37,209.21,209.31,880391,0
2015-08-04,20:50:00,209.31,209.57,209.3,209.5652,983672,0
2015-08-04,20:55:00,209.57,209.57,209.4801,209.51,601131,0
2015-08-04,21:00:00,209.51,209.52,209.37,209.51,544214,0
2015-08-04,21:05:00,209.51,209.63,209.42,209.46,809848,0
2015-08-04,21:10:00,209.46,209.55,209.38,209.46,740066,0
2015-08-04,21:15:00,209.45,209.46,209.33,209.39,488846,0
2015-08-04,21:20:00,209.4,209.495,209.28,209.335,600982,0
2015-08-04,21:25:00,209.33,209.4,209.25,209.4,543508,0
2015-08-04,21:30:00,209.4,209.419,209.34,209.41,579056,0
2015-08-04,21:35:00,209.4099,209.55,209.355,209.44,1518046,0
2015-08-04,21:40:00,209.43,209.44,209.31,209.31,556379,0
2015-08-04,21:45:00,209.31,209.35,209.19,209.26,1189375,0
2015-08-04,21:50:00,209.26,209.28,209.12,209.165,1170626,0
2015-08-04,21:55:00,209.16,209.21,209.1,209.15,1018019,0
2015-08-04,22:00:00,209.16,209.4,209.05,209.32,5490761,0
2015-08-05,15:35:00,210.45,210.69,210.4,210.56,2731777,0
2015-08-05,15:40:00,210.56,210.86,210.56,210.73,1484417,0
2015-08-05,15:45:00,210.73,210.87,210.64,210.73,1439795,0
2015-08-05,15:50:00,210.73,211.06,210.73,211.04,1453953,0
2015-08-05,15:55:00,211.04,211.09,210.88,211.05,1244666,0
2015-08-05,16:00:00,211.04,211.08,210.79,210.9098,1146302,0
2015-08-05,16:05:00,210.93,210.98,210.66,210.87,1633668,0
2015-08-05,16:10:00,210.86,211.01,210.85,210.98,639418,0
2015-08-05,16:15:00,210.977,211.18,210.95,211.05,1232374,0
2015-08-05,16:20:00,211.05,211.12,210.98,211.09,495746,0
2015-08-05,16:25:00,211.1,211.21,211.08,211.16,972664,0
2015-08-05,16:30:00,211.16,211.27,211.1401,211.22,838431,0
2015-08-05,16:35:00,211.23,211.31,211.19,211.22,797325,0
2015-08-05,16:40:00,211.23,211.291,211.16,211.16,492312,0
2015-08-05,16:45:00,211.17,211.2,210.99,211.05,944360,0
2015-08-05,16:50:00,211.04,211.06,210.99,210.99,578685,0
2015-08-05,16:55:00,211,211.125,210.9962,211.08,408864,0
2015-08-05,17:00:00,211.07,211.14,210.99,211.04,776913,0
2015-08-05,17:05:00,211.045,211.17,210.98,211,636260,0
2015-08-05,17:10:00,211,211.09,210.93,210.98,540215,0
2015-08-05,17:15:00,210.97,211.05,210.94,211.045,461216,0
2015-08-05,17:20:00,211.04,211.105,211,211.06,510820,0
2015-08-05,17:25:00,211.05,211.17,211.035,211.155,430593,0
2015-08-05,17:30:00,211.1572,211.1572,211.04,211.11,480638,0
2015-08-05,17:35:00,211.12,211.17,211.07,211.075,350362,0
2015-08-05,17:40:00,211.07,211.09,210.93,210.94,509286,0
2015-08-05,17:45:00,210.94,210.975,210.86,210.88,545127,0
2015-08-05,17:50:00,210.89,210.93,210.84,210.875,339968,0
2015-08-05,17:55:00,210.87,210.89,210.7,210.7,658450,0
2015-08-05,18:00:00,210.7,210.73,210.48,210.53,1330518,0
2015-08-05,18:05:00,210.525,210.53,210.41,210.51,1269118,0
2015-08-05,18:10:00,210.505,210.57,210.485,210.51,598928,0
2015-08-05,18:15:00,210.51,210.58,210.47,210.54,360495,0
2015-08-05,18:20:00,210.54,210.54,210.28,210.29,933755,0
2015-08-05,18:25:00,210.29,210.37,210.2,210.2,635620,0
2015-08-05,18:30:00,210.2,210.25,210.14,210.21,674687,0
2015-08-05,18:35:00,210.21,210.2108,209.99,210.0799,720180,0
2015-08-05,18:40:00,210.09,210.18,210.05,210.09,847264,0
2015-08-05,18:45:00,210.09,210.105,209.9,210.085,1070330,0
2015-08-05,18:50:00,210.08,210.17,210.02,210.15,451029,0
2015-08-05,18:55:00,210.15,210.171,210,210.05,548199,0
2015-08-05,19:00:00,210.05,210.34,210.05,210.33,901214,0
2015-08-05,19:05:00,210.34,210.345,210.16,210.2,326795,0
2015-08-05,19:10:00,210.19,210.26,210.15,210.21,267126,0
2015-08-05,19:15:00,210.2,210.235,209.94,209.97,598452,0
2015-08-05,19:20:00,209.97,210.01,209.735,209.83,892875,0
2015-08-05,19:25:00,209.82,209.96,209.78,209.93,552828,0
2015-08-05,19:30:00,209.94,209.9999,209.82,209.98,311614,0
2015-08-05,19:35:00,209.98,210,209.86,209.88,436766,0
2015-08-05,19:40:00,209.89,210,209.88,209.9799,299206,0
2015-08-05,19:45:00,209.97,210.12,209.965,210.09,541332,0
2015-08-05,19:50:00,210.09,210.12,209.97,209.99,330602,0
2015-08-05,19:55:00,210,210,209.78,209.82,555061,0
2015-08-05,20:00:00,209.81,210.04,209.81,209.95,556748,0
2015-08-05,20:05:00,209.94,210.11,209.86,210.07,447935,0
2015-08-05,20:10:00,210.08,210.18,210.03,210.04,407344,0
2015-08-05,20:15:00,210.05,210.12,209.97,210.115,234022,0
2015-08-05,20:20:00,210.1199,210.18,210.06,210.16,482870,0
2015-08-05,20:25:00,210.165,210.23,210.16,210.23,456599,0
2015-08-05,20:30:00,210.22,210.33,210.17,210.29,509614,0
2015-08-05,20:35:00,210.29,210.38,210.27,210.35,533840,0
2015-08-05,20:40:00,210.345,210.4,210.31,210.35,449985,0
2015-08-05,20:45:00,210.35,210.37,210.14,210.32,506181,0
2015-08-05,20:50:00,210.32,210.4,210.28,210.399,556960,0
2015-08-05,20:55:00,210.4,210.4,210.235,210.3,350947,0
2015-08-05,21:00:00,210.3,210.31,210.17,210.235,412726,0
2015-08-05,21:05:00,210.24,210.31,210.22,210.29,418493,0
2015-08-05,21:10:00,210.29,210.4,210.2875,210.38,523744,0
2015-08-05,21:15:00,210.37,210.51,210.37,210.409,1072587,0
2015-08-05,21:20:00,210.41,210.421,210.22,210.23,659327,0
2015-08-05,21:25:00,210.23,210.36,210.185,210.34,353757,0
2015-08-05,21:30:00,210.345,210.4,210.23,210.25,529579,0
2015-08-05,21:35:00,210.24,210.2492,210.1,210.13,573990,0
2015-08-05,21:40:00,210.13,210.2299,210.08,210.105,556505,0
2015-08-05,21:45:00,210.11,210.17,210.03,210.05,789549,0
2015-08-05,21:50:00,210.04,210.15,210.03,210.11,1200169,0
2015-08-05,21:55:00,210.11,210.14,210.02,210.06,807363,0
2015-08-05,22:00:00,210.07,210.16,209.99,210.1,3053643,0
2015-08-06,15:35:00,210.27,210.415,210.13,210.13,1488126,0
2015-08-06,15:40:00,210.13,210.161,209.56,209.7092,1346142,0
2015-08-06,15:45:00,209.68,209.7092,209.46,209.54,1060782,0
2015-08-06,15:50:00,209.5432,209.68,209.5,209.63,1018304,0
2015-08-06,15:55:00,209.64,209.68,209.33,209.35,916991,0
2015-08-06,16:00:00,209.35,209.38,209.23,209.35,1029724,0
2015-08-06,16:05:00,209.36,209.36,209.12,209.27,1039358,0
2015-08-06,16:10:00,209.27,209.39,209.25,209.365,755964,0
2015-08-06,16:15:00,209.36,209.61,209.33,209.5,981259,0
2015-08-06,16:20:00,209.5,209.53,209.28,209.34,653014,0
2015-08-06,16:25:00,209.34,209.34,209.09,209.185,966321,0
2015-08-06,16:30:00,209.18,209.25,209.03,209.05,957667,0
2015-08-06,16:35:00,209.05,209.2,208.94,209.178,1139246,0
2015-08-06,16:40:00,209.175,209.37,209.14,209.37,981003,0
2015-08-06,16:45:00,209.36,209.42,209.25,209.365,744971,0
2015-08-06,16:50:00,209.37,209.49,209.27,209.43,842624,0
2015-08-06,16:55:00,209.43,209.46,209.29,209.309,463539,0
2015-08-06,17:00:00,209.3001,209.31,209.13,209.15,947122,0
2015-08-06,17:05:00,209.14,209.17,209.03,209.07,679003,0
2015-08-06,17:10:00,209.07,209.08,208.88,208.895,805541,0
2015-08-06,17:15:00,208.9,208.9,208.7,208.72,879765,0
2015-08-06,17:20:00,208.72,208.82,208.685,208.78,1114642,0
2015-08-06,17:25:00,208.79,208.89,208.775,208.81,616655,0
2015-08-06,17:30:00,208.82,208.82,208.47,208.5,1240086,0
2015-08-06,17:35:00,208.5,208.535,208.27,208.305,1308991,0
2015-08-06,17:40:00,208.31,208.31,208.13,208.22,1748649,0
2015-08-06,17:45:00,208.22,208.39,208.16,208.34,1462158,0
2015-08-06,17:50:00,208.34,208.431,208.22,208.39,920966,0
2015-08-06,17:55:00,208.38,208.38,208.21,208.21,803561,0
2015-08-06,18:00:00,208.21,208.3,207.965,208.005,1194581,0
2015-08-06,18:05:00,208,208.12,207.965,208.08,1356859,0
2015-08-06,18:10:00,208.08,208.21,208.04,208.175,1006411,0
2015-08-06,18:15:00,208.18,208.18,208.02,208.105,533655,0
2015-08-06,18:20:00,208.11,208.16,207.97,207.98,1000290,0
2015-08-06,18:25:00,207.98,207.995,207.77,207.865,1139570,0
2015-08-06,18:30:00,207.8639,208.01,207.85,208.01,776936,0
2015-08-06,18:35:00,208.0001,208.0001,207.85,207.85,455435,0
2015-08-06,18:40:00,207.8501,207.88,207.69,207.7362,963510,0
2015-08-06,18:45:00,207.74,207.91,207.65,207.78,928482,0
2015-08-06,18:50:00,207.78,207.93,207.68,207.88,623980,0
2015-08-06,18:55:00,207.8835,207.93,207.855,207.9,512811,0
2015-08-06,19:00:00,207.9,207.96,207.76,207.9,612414,0
2015-08-06,19:05:00,207.89,207.96,207.81,207.935,558287,0
2015-08-06,19:10:00,207.935,208.0268,207.925,207.98,579271,0
2015-08-06,19:15:00,207.99,208.14,207.92,208.135,681177,0
2015-08-06,19:20:00,208.135,208.2,208.04,208.18,1423674,0
2015-08-06,19:25:00,208.17,208.39,208.11,208.3661,1495047,0
2015-08-06,19:30:00,208.3699,208.43,208.29,208.36,879892,0
2015-08-06,19:35:00,208.37,208.43,208.315,208.3308,590548,0
2015-08-06,19:40:00,208.315,208.4,208.26,208.281,466993,0
2015-08-06,19:45:00,208.29,208.38,208.25,208.37,381229,0
2015-08-06,19:50:00,208.37,208.495,208.33,208.45,495637,0
2015-08-06,19:55:00,208.44,208.46,208.29,208.34,768366,0
2015-08-06,20:00:00,208.34,208.37,208.2,208.205,429597,0
2015-08-06,20:05:00,208.2,208.23,208.115,208.135,523988,0
2015-08-06,20:10:00,208.1392,208.22,208.12,208.22,294565,0
2015-08-06,20:15:00,208.21,208.27,208.15,208.22,423212,0
2015-08-06,20:20:00,208.21,208.25,208.09,208.225,592494,0
2015-08-06,20:25:00,208.225,208.41,208.2,208.36,569870,0
2015-08-06,20:30:00,208.36,208.54,208.34,208.535,1202506,0
2015-08-06,20:35:00,208.54,208.62,208.46,208.48,1042942,0
2015-08-06,20:40:00,208.485,208.55,208.4,208.485,449537,0
2015-08-06,20:45:00,208.48,208.58,208.47,208.54,686416,0
2015-08-06,20:50:00,208.54,208.6,208.52,208.57,467524,0
2015-08-06,20:55:00,208.58,208.58,208.42,208.42,587313,0
2015-08-06,21:00:00,208.425,208.45,208.325,208.409,587112,0
2015-08-06,21:05:00,208.41,208.5,208.39,208.43,654311,0
2015-08-06,21:10:00,208.435,208.47,208.34,208.395,422475,0
2015-08-06,21:15:00,208.4,208.46,208.34,208.38,452397,0
2015-08-06,21:20:00,208.38,208.48,208.29,208.455,826970,0
2015-08-06,21:25:00,208.45,208.47,208.27,208.31,692192,0
2015-08-06,21:30:00,208.3,208.315,208.185,208.22,687873,0
2015-08-06,21:35:00,208.22,208.25,208.12,208.23,745437,0
2015-08-06,21:40:00,208.22,208.37,208.15,208.365,1014805,0
2015-08-06,21:45:00,208.37,208.51,208.345,208.451,1619033,0
2015-08-06,21:50:00,208.45,208.7,208.43,208.64,2470563,0
2015-08-06,21:55:00,208.635,208.67,208.57,208.605,1738236,0
2015-08-06,22:00:00,208.6,208.68,208.35,208.35,15248698,0
2015-08-07,15:35:00,208.17,208.28,207.78,207.82,3060931,0
2015-08-07,15:40:00,207.82,208.06,207.76,207.88,2028613,0
2015-08-07,15:45:00,207.89,208.21,207.84,208.15,1703394,0
2015-08-07,15:50:00,208.15,208.16,207.68,207.83,1650042,0
2015-08-07,15:55:00,207.845,208.26,207.755,208.2099,1498752,0
2015-08-07,16:00:00,208.21,208.34,208.07,208.22,1122916,0
2015-08-07,16:05:00,208.23,208.23,207.87,207.95,1096406,0
2015-08-07,16:10:00,207.96,208.12,207.85,207.995,627359,0
2015-08-07,16:15:00,207.995,208.16,207.91,208.02,509703,0
2015-08-07,16:20:00,208.02,208.14,207.89,207.97,689742,0
2015-08-07,16:25:00,207.96,207.97,207.6,207.6699,873985,0
2015-08-07,16:30:00,207.66,207.729,207.4,207.53,1549265,0
2015-08-07,16:35:00,207.53,207.7,207.43,207.6951,1022630,0
2015-08-07,16:40:00,207.69,207.8399,207.66,207.79,772502,0
2015-08-07,16:45:00,207.79,207.96,207.72,207.83,787727,0
2015-08-07,16:50:00,207.839,208.01,207.67,207.9499,726084,0
2015-08-07,16:55:00,207.9465,208.08,207.64,207.655,887232,0
2015-08-07,17:00:00,207.67,207.76,207.55,207.645,590250,0
2015-08-07,17:05:00,207.655,207.8,207.51,207.52,697579,0
2015-08-07,17:10:00,207.52,207.635,207.47,207.48,720327,0
2015-08-07,17:15:00,207.48,207.58,207.33,207.3499,979981,0
2015-08-07,17:20:00,207.32,207.42,207.05,207.07,1585079,0
2015-08-07,17:25:00,207.07,207.19,207.05,207.14,877964,0
2015-08-07,17:30:00,207.14,207.26,207.08,207.21,796854,0
2015-08-07,17:35:00,207.19,207.2,207.01,207.09,772615,0
2015-08-07,17:40:00,207.1,207.105,206.95,206.99,1095676,0
2015-08-07,17:45:00,206.99,207.26,206.99,207.23,832659,0
2015-08-07,17:50:00,207.22,207.3,207.135,207.19,570211,0
2015-08-07,17:55:00,207.2,207.32,207.13,207.1465,836862,0
2015-08-07,18:00:00,207.15,207.289,207.05,207.27,428111,0
2015-08-07,18:05:00,207.28,207.3898,207.25,207.27,588487,0
2015-08-07,18:10:00,207.27,207.41,207.235,207.39,773902,0
2015-08-07,18:15:00,207.3866,207.45,207.31,207.36,736849,0
2015-08-07,18:20:00,207.365,207.39,207.31,207.345,259759,0
2015-08-07,18:25:00,207.345,207.35,207.16,207.28,425770,0
2015-08-07,18:30:00,207.288,207.38,207.245,207.265,360069,0
2015-08-07,18:35:00,207.25,207.26,207.11,207.145,608465,0
2015-08-07,18:40:00,207.15,207.22,206.98,207.2,629147,0
2015-08-07,18:45:00,207.21,207.31,207.15,207.28,391477,0
2015-08-07,18:50:00,207.28,207.33,207.15,207.18,363299,0
2015-08-07,18:55:00,207.17,207.29,207.16,207.19,293837,0
2015-08-07,19:00:00,207.18,207.21,207.06,207.19,308209,0
2015-08-07,19:05:00,207.19,207.19,207.0601,207.09,431532,0
2015-08-07,19:10:00,207.091,207.145,207.03,207.085,406683,0
2015-08-07,19:15:00,207.0701,207.075,206.94,207,567671,0
2015-08-07,19:20:00,207.0039,207.07,206.98,207.04,530994,0
2015-08-07,19:25:00,207.03,207.07,206.98,207,433715,0
2015-08-07,19:30:00,206.99,207.04,206.87,207.01,666705,0
2015-08-07,19:35:00,207,207.22,207,207.16,554411,0
2015-08-07,19:40:00,207.1636,207.28,207.14,207.16,455531,0
2015-08-07,19:45:00,207.16,207.25,207.14,207.19,614564,0
2015-08-07,19:50:00,207.195,207.345,207.19,207.26,900719,0
2015-08-07,19:55:00,207.26,207.29,207.14,207.17,239255,0
2015-08-07,20:00:00,207.175,207.21,207.09,207.1675,429452,0
2015-08-07,20:05:00,207.16,207.16,207.03,207.0301,331203,0
2015-08-07,20:10:00,207.03,207.2,206.99,207.1999,346093,0
2015-08-07,20:15:00,207.2,207.26,207.1101,207.21,453553,0
2015-08-07,20:20:00,207.215,207.24,207.035,207.04,583663,0
2015-08-07,20:25:00,207.05,207.11,206.97,207.09,489504,0
2015-08-07,20:30:00,207.09,207.21,207.0301,207.15,401872,0
2015-08-07,20:35:00,207.15,207.32,207.15,207.26,590183,0
2015-08-07,20:40:00,207.25,207.4,207.25,207.33,645670,0
2015-08-07,20:45:00,207.32,207.33,207.21,207.26,433890,0
2015-08-07,20:50:00,207.26,207.32,207.16,207.32,577585,0
2015-08-07,20:55:00,207.32,207.44,207.3,207.34,692423,0
2015-08-07,21:00:00,207.345,207.4,207.259,207.39,501863,0
2015-08-07,21:05:00,207.39,207.42,207.315,207.36,1009052,0
2015-08-07,21:10:00,207.35,207.37,207.21,207.365,614294,0
2015-08-07,21:15:00,207.36,207.36,207.1375,207.185,739725,0
2015-08-07,21:20:00,207.18,207.36,207.16,207.31,685268,0
2015-08-07,21:25:00,207.31,207.64,207.31,207.591,2493360,0
2015-08-07,21:30:00,207.59,207.84,207.55,207.75,2687172,0
2015-08-07,21:35:00,207.75,207.92,207.739,207.84,2799271,0
2015-08-07,21:40:00,207.84,207.88,207.75,207.79,930438,0
2015-08-07,21:45:00,207.78,207.85,207.62,207.68,1690306,0
2015-08-07,21:50:00,207.68,207.81,207.63,207.78,2191606,0
2015-08-07,21:55:00,207.78,207.9,207.71,207.87,2524199,0
2015-08-07,22:00:00,207.875,207.95,207.76,207.92,6047961,0
