Date,Time,Open,High,Low,Close,Volume,OpenInt
2015-07-20,15:35:00,44.36,45.16,44.36,44.74,7289,0
2015-07-20,15:40:00,44.77,44.77,44.6321,44.6567,5410,0
2015-07-20,15:45:00,44.57,44.6,44.48,44.51,14455,0
2015-07-20,15:50:00,44.52,44.5699,44.51,44.52,9172,0
2015-07-20,15:55:00,44.5,44.5,44.42,44.45,1302,0
2015-07-20,16:00:00,44.38,44.43,44.34,44.34,2200,0
2015-07-20,16:05:00,44.32,44.33,44.23,44.23,15353,0
2015-07-20,16:10:00,44.38,44.38,44.3,44.3,1250,0
2015-07-20,16:15:00,44.37,44.37,44.37,44.37,100,0
2015-07-20,16:25:00,44.38,44.3853,44.38,44.3853,400,0
2015-07-20,16:30:00,44.43,44.4799,44.43,44.4799,6000,0
2015-07-20,16:35:00,44.41,44.41,44.34,44.35,25567,0
2015-07-20,16:40:00,44.35,44.4,44.35,44.38,6376,0
2015-07-20,16:45:00,44.39,44.39,44.33,44.34,730,0
2015-07-20,16:50:00,44.39,44.41,44.34,44.41,400,0
2015-07-20,16:55:00,44.46,44.5,44.38,44.4301,5221,0
2015-07-20,17:00:00,44.44,44.56,44.44,44.56,3404,0
2015-07-20,17:05:00,44.56,44.62,44.49,44.6,12537,0
2015-07-20,17:10:00,44.65,44.6595,44.63,44.6595,2650,0
2015-07-20,17:15:00,44.66,44.66,44.6424,44.6424,935,0
2015-07-20,17:20:00,44.66,44.66,44.66,44.66,294,0
2015-07-20,17:25:00,44.6429,44.66,44.6429,44.66,945,0
2015-07-20,17:30:00,44.65,44.66,44.62,44.62,1750,0
2015-07-20,17:35:00,44.66,44.66,44.63,44.66,1380,0
2015-07-20,17:40:00,44.66,44.66,44.61,44.61,2558,0
2015-07-20,17:45:00,44.66,44.68,44.61,44.62,11997,0
2015-07-20,17:55:00,44.62,44.64,44.62,44.64,600,0
2015-07-20,18:00:00,44.64,44.64,44.64,44.64,200,0
2015-07-20,18:05:00,44.64,44.64,44.64,44.64,100,0
2015-07-20,18:15:00,44.61,44.64,44.61,44.62,2000,0
2015-07-20,18:20:00,44.64,44.66,44.64,44.66,2200,0
2015-07-20,18:25:00,44.66,44.66,44.63,44.64,1721,0
2015-07-20,18:35:00,44.61,44.61,44.61,44.61,100,0
2015-07-20,18:40:00,44.65,44.65,44.61,44.64,4288,0
2015-07-20,18:45:00,44.58,44.63,44.58,44.63,300,0
2015-07-20,18:50:00,44.64,44.65,44.64,44.65,1000,0
2015-07-20,19:00:00,44.61,44.61,44.57,44.57,900,0
2015-07-20,19:05:00,44.56,44.56,44.56,44.56,100,0
2015-07-20,19:20:00,44.6,44.6,44.6,44.6,100,0
2015-07-20,19:30:00,44.6,44.6,44.6,44.6,400,0
2015-07-20,19:35:00,44.6,44.65,44.5925,44.64,1327,0
2015-07-20,19:50:00,44.61,44.63,44.5801,44.5801,590,0
2015-07-20,19:55:00,44.63,44.63,44.63,44.63,100,0
2015-07-20,20:15:00,44.65,44.67,44.65,44.67,400,0
2015-07-20,20:20:00,44.68,44.69,44.68,44.69,200,0
2015-07-20,20:25:00,44.7,44.7,44.7,44.7,400,0
2015-07-20,20:30:00,44.74,44.74,44.74,44.74,200,0
2015-07-20,20:50:00,44.7,44.7,44.7,44.7,400,0
2015-07-20,21:00:00,44.6814,44.6814,44.6814,44.6814,120,0
2015-07-20,21:05:00,44.64,44.67,44.64,44.64,1087,0
2015-07-20,21:10:00,44.67,44.68,44.67,44.67,500,0
2015-07-20,21:15:00,44.68,44.7,44.68,44.7,400,0
2015-07-20,21:20:00,44.6945,44.6945,44.6945,44.6945,150,0
2015-07-20,21:25:00,44.67,44.68,44.67,44.68,10000,0
2015-07-20,21:35:00,44.68,44.68,44.65,44.68,8300,0
2015-07-20,21:40:00,44.69,44.69,44.68,44.68,1684,0
2015-07-20,21:45:00,44.64,44.64,44.63,44.63,1400,0
2015-07-20,21:50:00,44.58,44.63,44.58,44.63,1700,0
2015-07-20,21:55:00,44.64,44.64,44.64,44.64,100,0
2015-07-20,22:00:00,44.6,44.62,44.53,44.62,6254,0
2015-07-21,15:35:00,44.35,44.47,44.28,44.4387,3544,0
2015-07-21,15:40:00,44.45,44.45,44.36,44.36,11800,0
2015-07-21,15:45:00,44.41,44.55,44.41,44.55,1700,0
2015-07-21,15:50:00,44.5141,44.5141,44.43,44.43,2548,0
2015-07-21,15:55:00,44.425,44.425,44.41,44.41,692,0
2015-07-21,16:00:00,44.321,44.415,44.321,44.415,1000,0
2015-07-21,16:10:00,44.435,44.48,44.435,44.48,400,0
2015-07-21,16:20:00,44.53,44.67,44.53,44.67,878,0
2015-07-21,16:30:00,44.66,44.69,44.66,44.69,2980,0
2015-07-21,16:35:00,44.63,44.63,44.62,44.62,300,0
2015-07-21,16:45:00,44.56,44.56,44.49,44.49,4800,0
2015-07-21,16:50:00,44.5,44.51,44.47,44.51,3712,0
2015-07-21,16:55:00,44.48,44.49,44.44,44.47,18559,0
2015-07-21,17:00:00,44.485,44.49,44.46,44.46,763,0
2015-07-21,17:05:00,44.52,44.52,44.45,44.45,1377,0
2015-07-21,17:10:00,44.45,44.5,44.45,44.5,518,0
2015-07-21,17:15:00,44.48,44.48,44.48,44.48,100,0
2015-07-21,17:20:00,44.49,44.49,44.47,44.47,700,0
2015-07-21,17:25:00,44.46,44.47,44.45,44.47,713,0
2015-07-21,17:30:00,44.47,44.52,44.46,44.52,1134,0
2015-07-21,17:35:00,44.495,44.52,44.49,44.52,1419,0
2015-07-21,17:40:00,44.52,44.54,44.52,44.54,300,0
2015-07-21,17:45:00,44.5398,44.63,44.5398,44.62,2012,0
2015-07-21,17:55:00,44.63,44.63,44.63,44.63,850,0
2015-07-21,18:05:00,44.62,44.62,44.5901,44.5901,1817,0
2015-07-21,18:10:00,44.65,44.65,44.65,44.65,100,0
2015-07-21,18:15:00,44.7,44.75,44.59,44.59,4600,0
2015-07-21,18:20:00,44.48,44.48,44.48,44.48,100,0
2015-07-21,18:25:00,44.52,44.52,44.48,44.48,300,0
2015-07-21,18:30:00,44.48,44.48,44.48,44.48,200,0
2015-07-21,18:35:00,44.47,44.47,44.47,44.47,100,0
2015-07-21,18:45:00,44.51,44.51,44.51,44.51,300,0
2015-07-21,18:50:00,44.46,44.46,44.46,44.46,100,0
2015-07-21,19:00:00,44.51,44.51,44.5,44.5,1000,0
2015-07-21,19:05:00,44.5,44.5,44.47,44.47,2300,0
2015-07-21,19:10:00,44.45,44.45,44.45,44.45,200,0
2015-07-21,19:15:00,44.49,44.5,44.49,44.5,300,0
2015-07-21,19:20:00,44.51,44.51,44.51,44.51,100,0
2015-07-21,19:25:00,44.49,44.49,44.49,44.49,200,0
2015-07-21,19:30:00,44.47,44.47,44.47,44.47,100,0
2015-07-21,19:35:00,44.49,44.5,44.49,44.5,700,0
2015-07-21,19:40:00,44.46,44.46,44.46,44.46,926,0
2015-07-21,19:55:00,44.46,44.46,44.45,44.46,700,0
2015-07-21,20:05:00,44.46,44.46,44.44,44.44,800,0
2015-07-21,20:10:00,44.4105,44.4105,44.4105,44.4105,100,0
2015-07-21,20:15:00,44.425,44.425,44.425,44.425,5000,0
2015-07-21,20:20:00,44.43,44.5,44.43,44.5,5400,0
2015-07-21,20:25:00,44.52,44.52,44.52,44.52,100,0
2015-07-21,20:30:00,44.54,44.54,44.54,44.54,525,0
2015-07-21,20:35:00,44.53,44.53,44.52,44.52,646,0
2015-07-21,20:40:00,44.51,44.51,44.51,44.51,200,0
2015-07-21,20:45:00,44.52,44.52,44.52,44.52,100,0
2015-07-21,20:55:00,44.52,44.52,44.47,44.479,862,0
2015-07-21,21:00:00,44.49,44.52,44.49,44.52,600,0
2015-07-21,21:05:00,44.5,44.5,44.49,44.49,200,0
2015-07-21,21:15:00,44.51,44.53,44.47,44.49,1273,0
2015-07-21,21:20:00,44.49,44.49,44.48,44.48,1000,0
2015-07-21,21:30:00,44.48,44.48,44.48,44.48,500,0
2015-07-21,21:35:00,44.49,44.5,44.49,44.5,511,0
2015-07-21,21:45:00,44.57,44.57,44.56,44.57,613,0
2015-07-21,21:50:00,44.59,44.59,44.59,44.59,100,0
2015-07-21,21:55:00,44.59,44.62,44.59,44.61,461,0
2015-07-21,22:00:00,44.58,44.59,44.5,44.54,9359,0
2015-07-22,15:35:00,44.03,44.03,44.03,44.03,12385,0
2015-07-22,15:40:00,44.09,44.12,43.8,43.95,19122,0
2015-07-22,15:45:00,43.81,43.81,43.76,43.81,1980,0
2015-07-22,15:50:00,43.88,44.06,43.88,44.06,3100,0
2015-07-22,15:55:00,44.06,44.1,44.06,44.1,600,0
2015-07-22,16:00:00,44.09,44.09,44.09,44.09,100,0
2015-07-22,16:05:00,44.1,44.12,44.1,44.11,1000,0
2015-07-22,16:10:00,44.1,44.1,44.1,44.1,296,0
2015-07-22,16:15:00,44.08,44.2226,44.08,44.19,11718,0
2015-07-22,16:20:00,44.19,44.2,44.05,44.05,4358,0
2015-07-22,16:25:00,44.05,44.15,44.05,44.15,1750,0
2015-07-22,16:30:00,44.1,44.1,44.0901,44.0901,200,0
2015-07-22,16:40:00,44.06,44.06,44.04,44.04,1700,0
2015-07-22,16:45:00,44.05,44.1,44.02,44.02,8507,0
2015-07-22,16:50:00,44.02,44.06,43.995,44.03,3892,0
2015-07-22,16:55:00,44.05,44.06,43.99,44,1915,0
2015-07-22,17:00:00,44.09,44.13,44.05,44.08,1735,0
2015-07-22,17:05:00,44.07,44.1,44.03,44.03,3113,0
2015-07-22,17:10:00,44.04,44.08,43.98,43.98,2215,0
2015-07-22,17:15:00,44,44.05,44,44.05,960,0
2015-07-22,17:20:00,44.05,44.05,44.05,44.05,1200,0
2015-07-22,17:25:00,44.05,44.05,43.95,43.95,6482,0
2015-07-22,17:30:00,43.95,43.98,43.9001,43.9001,1600,0
2015-07-22,17:35:00,43.98,44.09,43.98,44.09,2100,0
2015-07-22,17:40:00,44.0874,44.0874,44.02,44.03,825,0
2015-07-22,17:45:00,44.005,44.005,44,44,300,0
2015-07-22,17:55:00,44.02,44.03,44.01,44.02,1200,0
2015-07-22,18:00:00,44.02,44.02,43.92,43.99,13789,0
2015-07-22,18:05:00,44.02,44.02,44.0105,44.0105,200,0
2015-07-22,18:10:00,43.98,43.98,43.96,43.97,600,0
2015-07-22,18:15:00,43.99,44.04,43.97,44,2800,0
2015-07-22,18:20:00,44,44,43.96,43.98,2215,0
2015-07-22,18:25:00,43.99,43.99,43.99,43.99,500,0
2015-07-22,18:40:00,43.9701,43.9701,43.9701,43.9701,100,0
2015-07-22,18:50:00,44,44.01,44,44.01,200,0
2015-07-22,18:55:00,44.03,44.03,43.995,44.01,1789,0
2015-07-22,19:00:00,43.99,44.03,43.99,44.03,1150,0
2015-07-22,19:05:00,44.04,44.05,44.03,44.03,5039,0
2015-07-22,19:10:00,44,44,43.96,43.96,1304,0
2015-07-22,19:30:00,43.938,43.938,43.938,43.938,227,0
2015-07-22,19:35:00,43.94,43.94,43.94,43.94,100,0
2015-07-22,19:45:00,43.93,44.05,43.93,44.03,3313,0
2015-07-22,19:50:00,44.01,44.01,43.9837,43.9837,860,0
2015-07-22,19:55:00,43.98,43.98,43.95,43.95,650,0
2015-07-22,20:00:00,43.95,43.99,43.95,43.96,1690,0
2015-07-22,20:05:00,43.96,43.96,43.96,43.96,100,0
2015-07-22,20:20:00,43.97,43.97,43.97,43.97,100,0
2015-07-22,20:40:00,43.97,43.972,43.97,43.972,250,0
2015-07-22,20:45:00,43.99,43.99,43.95,43.99,2264,0
2015-07-22,20:55:00,44,44,43.96,43.96,300,0
2015-07-22,21:00:00,43.9601,43.9601,43.9601,43.9601,104,0
2015-07-22,21:05:00,43.98,43.98,43.98,43.98,400,0
2015-07-22,21:10:00,44,44,44,44,300,0
2015-07-22,21:15:00,44.03,44.03,43.95,43.96,1363,0
2015-07-22,21:30:00,43.9976,43.9976,43.9976,43.9976,200,0
2015-07-22,21:35:00,43.97,43.971,43.96,43.96,1100,0
2015-07-22,21:40:00,43.98,43.98,43.98,43.98,100,0
2015-07-22,21:55:00,43.97,44,43.95,44,3281,0
2015-07-22,22:00:00,43.99,44.02,43.99,44.02,7944,0
2015-07-23,15:35:00,43.06,43.49,42.89,42.91,14516,0
2015-07-23,15:40:00,43,43.05,42.84,42.88,10800,0
2015-07-23,15:45:00,42.9889,43.04,42.94,43,4529,0
2015-07-23,15:50:00,42.99,42.99,42.93,42.93,750,0
2015-07-23,15:55:00,43,43,42.98,43,750,0
2015-07-23,16:00:00,42.91,42.94,42.81,42.84,4725,0
2015-07-23,16:05:00,42.85,42.85,42.74,42.74,1500,0
2015-07-23,16:10:00,42.73,42.77,42.65,42.65,12550,0
2015-07-23,16:15:00,42.5801,42.6,42.55,42.57,3325,0
2015-07-23,16:20:00,42.56,42.56,42.41,42.42,8245,0
2015-07-23,16:25:00,42.4,42.4,42.24,42.3,6415,0
2015-07-23,16:30:00,42.3346,42.36,42.3346,42.345,1600,0
2015-07-23,16:35:00,42.39,42.405,42.385,42.39,676,0
2015-07-23,16:40:00,42.385,42.39,42.34,42.34,2753,0
2015-07-23,16:45:00,42.33,42.35,42.25,42.295,3840,0
2015-07-23,16:50:00,42.28,42.3,42.28,42.29,2581,0
2015-07-23,16:55:00,42.33,42.44,42.33,42.36,14900,0
2015-07-23,17:00:00,42.37,42.37,42.325,42.34,20254,0
2015-07-23,17:05:00,42.35,42.3804,42.35,42.38,6389,0
2015-07-23,17:10:00,42.37,42.4,42.36,42.3704,6738,0
2015-07-23,17:15:00,42.3601,42.376,42.32,42.33,11531,0
2015-07-23,17:20:00,42.33,42.34,42.315,42.34,10650,0
2015-07-23,17:25:00,42.34,42.37,42.33,42.34,10576,0
2015-07-23,17:30:00,42.33,42.339,42.325,42.325,10360,0
2015-07-23,17:35:00,42.34,42.35,42.325,42.33,3500,0
2015-07-23,17:40:00,42.33,42.34,42.29,42.305,17168,0
2015-07-23,17:45:00,42.305,42.34,42.28,42.2993,3911,0
2015-07-23,17:50:00,42.29,42.29,42.29,42.29,1400,0
2015-07-23,18:00:00,42.31,42.3199,42.23,42.23,13383,0
2015-07-23,18:05:00,42.28,42.28,42.24,42.24,2457,0
2015-07-23,18:10:00,42.22,42.22,42.18,42.18,1450,0
2015-07-23,18:15:00,42.21,42.21,42.17,42.21,3000,0
2015-07-23,18:20:00,42.2199,42.2199,42.17,42.2,3390,0
2015-07-23,18:25:00,42.2,42.205,42.19,42.195,500,0
2015-07-23,18:30:00,42.175,42.195,42.175,42.195,2204,0
2015-07-23,18:35:00,42.21,42.22,42.18,42.18,1600,0
2015-07-23,18:40:00,42.21,42.22,42.21,42.22,4066,0
2015-07-23,18:45:00,42.22,42.22,42.19,42.22,3414,0
2015-07-23,18:50:00,42.24,42.26,42.24,42.26,9503,0
2015-07-23,18:55:00,42.23,42.23,42.2,42.2,900,0
2015-07-23,19:00:00,42.2073,42.26,42.2073,42.26,4857,0
2015-07-23,19:10:00,42.26,42.27,42.246,42.25,5526,0
2015-07-23,19:15:00,42.26,42.26,42.23,42.23,1047,0
2015-07-23,19:25:00,42.26,42.26,42.23,42.23,1900,0
2015-07-23,19:30:00,42.231,42.25,42.21,42.21,2280,0
2015-07-23,19:35:00,42.2192,42.2192,42.2,42.2,500,0
2015-07-23,19:40:00,42.24,42.245,42.21,42.21,1800,0
2015-07-23,19:45:00,42.22,42.22,42.21,42.21,2500,0
2015-07-23,19:50:00,42.22,42.29,42.21,42.29,4604,0
2015-07-23,19:55:00,42.29,42.32,42.24,42.29,2400,0
2015-07-23,20:00:00,42.26,42.3,42.255,42.28,5850,0
2015-07-23,20:05:00,42.3,42.3,42.28,42.28,980,0
2015-07-23,20:10:00,42.29,42.29,42.29,42.29,1400,0
2015-07-23,20:15:00,42.29,42.3,42.28,42.28,1800,0
2015-07-23,20:20:00,42.3,42.3,42.3,42.3,1600,0
2015-07-23,20:25:00,42.28,42.31,42.2701,42.31,2600,0
2015-07-23,20:30:00,42.283,42.32,42.283,42.3,5300,0
2015-07-23,20:35:00,42.305,42.31,42.3,42.3,1100,0
2015-07-23,20:40:00,42.305,42.31,42.2901,42.31,1752,0
2015-07-23,20:45:00,42.29,42.29,42.29,42.29,100,0
2015-07-23,20:50:00,42.31,42.33,42.2901,42.325,2200,0
2015-07-23,20:55:00,42.32,42.325,42.2,42.21,7670,0
2015-07-23,21:05:00,42.22,42.255,42.21,42.21,2715,0
2015-07-23,21:10:00,42.21,42.22,42.2001,42.21,2600,0
2015-07-23,21:15:00,42.22,42.22,42.12,42.16,5160,0
2015-07-23,21:20:00,42.14,42.19,42.14,42.19,1100,0
2015-07-23,21:25:00,42.19,42.24,42.185,42.23,15226,0
2015-07-23,21:30:00,42.26,42.28,42.24,42.2501,31134,0
2015-07-23,21:35:00,42.25,42.25,42.21,42.22,16676,0
2015-07-23,21:40:00,42.22,42.285,42.215,42.2782,6024,0
2015-07-23,21:45:00,42.27,42.32,42.27,42.3,7125,0
2015-07-23,21:50:00,42.29,42.3,42.27,42.3,5317,0
2015-07-23,21:55:00,42.3,42.3,42.295,42.295,6825,0
2015-07-23,22:00:00,42.3,42.32,42.27,42.31,18891,0
2015-07-24,15:35:00,42.38,42.38,42.32,42.32,2559,0
2015-07-24,15:40:00,42.6,42.61,42.41,42.43,14114,0
2015-07-24,15:45:00,42.44,42.702,42.44,42.63,28175,0
2015-07-24,15:50:00,42.6565,42.6565,42.41,42.5,13924,0
2015-07-24,15:55:00,42.55,42.61,42.55,42.57,9919,0
2015-07-24,16:00:00,42.58,42.58,42.49,42.4925,6035,0
2015-07-24,16:05:00,42.445,42.62,42.435,42.62,15944,0
2015-07-24,16:10:00,42.64,42.65,42.63,42.65,600,0
2015-07-24,16:15:00,42.63,42.63,42.6,42.6,540,0
2015-07-24,16:20:00,42.6,42.6,42.41,42.47,12199,0
2015-07-24,16:25:00,42.46,42.48,42.45,42.47,5800,0
2015-07-24,16:30:00,42.46,42.48,42.36,42.37,9008,0
2015-07-24,16:35:00,42.387,42.39,42.3401,42.35,16418,0
2015-07-24,16:40:00,42.37,42.38,42.34,42.38,900,0
2015-07-24,16:45:00,42.41,42.425,42.405,42.42,2300,0
2015-07-24,16:50:00,42.44,42.44,42.28,42.332,8485,0
2015-07-24,16:55:00,42.32,42.3382,42.32,42.32,2420,0
2015-07-24,17:00:00,42.37,42.37,42.29,42.35,2652,0
2015-07-24,17:05:00,42.29,42.36,42.29,42.36,5130,0
2015-07-24,17:10:00,42.34,42.36,42.34,42.36,1084,0
2015-07-24,17:15:00,42.35,42.36,42.345,42.345,2340,0
2015-07-24,17:20:00,42.345,42.45,42.345,42.45,7259,0
2015-07-24,17:25:00,42.46,42.52,42.435,42.52,3742,0
2015-07-24,17:30:00,42.485,42.52,42.45,42.52,3918,0
2015-07-24,17:35:00,42.485,42.52,42.485,42.52,1477,0
2015-07-24,17:40:00,42.485,42.52,42.43,42.43,678,0
2015-07-24,17:45:00,42.43,42.49,42.43,42.49,600,0
2015-07-24,17:50:00,42.49,42.4999,42.49,42.4999,1000,0
2015-07-24,17:55:00,42.43,42.47,42.38,42.39,8750,0
2015-07-24,18:00:00,42.41,42.42,42.41,42.42,900,0
2015-07-24,18:10:00,42.39,42.39,42.39,42.39,100,0
2015-07-24,18:15:00,42.39,42.39,42.39,42.39,100,0
2015-07-24,18:20:00,42.4,42.4,42.4,42.4,200,0
2015-07-24,18:25:00,42.45,42.45,42.35,42.35,2700,0
2015-07-24,18:30:00,42.38,42.38,42.33,42.33,8559,0
2015-07-24,18:35:00,42.33,42.33,42.32,42.33,1000,0
2015-07-24,18:40:00,42.32,42.36,42.32,42.34,1300,0
2015-07-24,18:45:00,42.3,42.3,42.3,42.3,100,0
2015-07-24,18:50:00,42.32,42.33,42.31,42.31,400,0
2015-07-24,18:55:00,42.31,42.31,42.31,42.31,100,0
2015-07-24,19:00:00,42.31,42.31,42.31,42.31,100,0
2015-07-24,19:05:00,42.33,42.4,42.31,42.31,3713,0
2015-07-24,19:10:00,42.31,42.33,42.31,42.31,1400,0
2015-07-24,19:15:00,42.31,42.32,42.2,42.25,6730,0
2015-07-24,19:20:00,42.25,42.25,42.24,42.24,890,0
2015-07-24,19:25:00,42.25,42.3,42.2496,42.3,1729,0
2015-07-24,19:30:00,42.35,42.384,42.35,42.384,218,0
2015-07-24,19:35:00,42.33,42.33,42.275,42.28,2762,0
2015-07-24,19:45:00,42.23,42.23,42.19,42.19,1763,0
2015-07-24,19:50:00,42.155,42.2,42.15,42.2,557,0
2015-07-24,19:55:00,42.2,42.275,42.2,42.2352,8750,0
2015-07-24,20:00:00,42.26,42.285,42.26,42.285,1817,0
2015-07-24,20:15:00,42.2,42.2,42.2,42.2,200,0
2015-07-24,20:20:00,42.19,42.2,42.13,42.13,3153,0
2015-07-24,20:25:00,42.13,42.15,42.1,42.15,39657,0
2015-07-24,20:30:00,42.15,42.15,42.14,42.14,1650,0
2015-07-24,20:35:00,42.14,42.14,42.11,42.11,1500,0
2015-07-24,20:40:00,42.12,42.12,42.1,42.12,1920,0
2015-07-24,20:45:00,42.12,42.12,42.11,42.12,1000,0
2015-07-24,20:50:00,42.12,42.14,42.11,42.14,2002,0
2015-07-24,20:55:00,42.11,42.11,42.1,42.1,2927,0
2015-07-24,21:00:00,42.11,42.14,42.1,42.11,3785,0
2015-07-24,21:05:00,42.11,42.18,42.11,42.18,5550,0
2015-07-24,21:10:00,42.19,42.2,42.19,42.2,1643,0
2015-07-24,21:15:00,42.2,42.236,42.19,42.236,7229,0
2015-07-24,21:20:00,42.22,42.22,42.18,42.19,2700,0
2015-07-24,21:25:00,42.18,42.21,42.16,42.16,3315,0
2015-07-24,21:30:00,42.16,42.164,42.16,42.16,1600,0
2015-07-24,21:35:00,42.13,42.17,42.13,42.16,11124,0
2015-07-24,21:40:00,42.16,42.16,42.15,42.15,2000,0
2015-07-24,21:45:00,42.14,42.24,42.14,42.24,3850,0
2015-07-24,21:50:00,42.24,42.33,42.24,42.3,6818,0
2015-07-24,21:55:00,42.28,42.43,42.28,42.41,23114,0
2015-07-24,22:00:00,42.42,42.44,42.31,42.44,23017,0
2015-07-27,15:35:00,41.66,41.8,41.59,41.59,18465,0
2015-07-27,15:40:00,41.5001,41.5001,41.3,41.45,1870,0
2015-07-27,15:45:00,41.42,41.42,41.14,41.21,12973,0
2015-07-27,15:50:00,41.24,41.2488,41.2,41.24,1350,0
2015-07-27,15:55:00,41.27,41.36,41.27,41.32,2626,0
2015-07-27,16:00:00,41.28,41.28,41.27,41.27,600,0
2015-07-27,16:05:00,41.31,41.31,41.27,41.28,2309,0
2015-07-27,16:10:00,41.2205,41.238,41.17,41.17,893,0
2015-07-27,16:15:00,41.16,41.2,41.07,41.11,8483,0
2015-07-27,16:20:00,41.1076,41.175,41.08,41.175,5391,0
2015-07-27,16:25:00,41.18,41.19,41.16,41.19,400,0
2015-07-27,16:30:00,41.15,41.2,41.15,41.1999,6503,0
2015-07-27,16:35:00,41.2,41.28,41.2,41.24,5084,0
2015-07-27,16:40:00,41.23,41.23,41.1801,41.22,7402,0
2015-07-27,16:45:00,41.23,41.23,41.2248,41.2248,400,0
2015-07-27,16:50:00,41.18,41.2,41.17,41.18,4217,0
2015-07-27,16:55:00,41.16,41.16,41.14,41.14,1974,0
2015-07-27,17:00:00,41.125,41.125,41.125,41.125,545,0
2015-07-27,17:05:00,41.12,41.17,41.1,41.12,16294,0
2015-07-27,17:10:00,41.16,41.25,41.16,41.22,6526,0
2015-07-27,17:15:00,41.192,41.22,41.12,41.13,1600,0
2015-07-27,17:20:00,41.11,41.14,41.07,41.12,12119,0
2015-07-27,17:25:00,41.08,41.13,41.03,41.07,6837,0
2015-07-27,17:30:00,41.05,41.15,41.05,41.05,17230,0
2015-07-27,17:35:00,41.05,41.17,41.05,41.13,5567,0
2015-07-27,17:40:00,41.13,41.13,41.081,41.081,1458,0
2015-07-27,17:45:00,41.1,41.13,41.0801,41.0801,2273,0
2015-07-27,17:50:00,41.0796,41.17,41.06,41.06,2400,0
2015-07-27,17:55:00,41.09,41.14,41.09,41.14,999,0
2015-07-27,18:05:00,41.13,41.16,41.13,41.16,700,0
2015-07-27,18:10:00,41.13,41.16,41.12,41.16,4900,0
2015-07-27,18:15:00,41.1201,41.156,41.1201,41.156,1622,0
2015-07-27,18:20:00,41.1599,41.1599,41.1599,41.1599,193,0
2015-07-27,18:25:00,41.14,41.14,41.14,41.14,100,0
2015-07-27,18:30:00,41.14,41.14,41.14,41.14,627,0
2015-07-27,18:35:00,41.13,41.13,41.13,41.13,200,0
2015-07-27,18:40:00,41.105,41.105,41.105,41.105,386,0
2015-07-27,18:45:00,41.13,41.14,41.12,41.14,1880,0
2015-07-27,18:50:00,41.1,41.1,41.08,41.08,788,0
2015-07-27,18:55:00,41.06,41.06,41.03,41.03,1608,0
2015-07-27,19:05:00,41.07,41.07,41.07,41.07,200,0
2015-07-27,19:15:00,41.04,41.0599,41.04,41.0599,200,0
2015-07-27,19:20:00,41.06,41.06,41.005,41.04,3949,0
2015-07-27,19:25:00,41,41.02,41,41.02,424,0
2015-07-27,19:30:00,41.02,41.02,41.01,41.01,200,0
2015-07-27,19:35:00,41.02,41.03,41.015,41.03,603,0
2015-07-27,19:40:00,41.03,41.03,40.938,40.98,29827,0
2015-07-27,19:45:00,40.99,40.99,40.9436,40.99,6146,0
2015-07-27,19:50:00,40.99,41.06,40.99,41.01,2350,0
2015-07-27,19:55:00,41.03,41.04,41.0201,41.0201,2311,0
2015-07-27,20:00:00,41.05,41.1,41.03,41.03,12700,0
2015-07-27,20:05:00,41.03,41.03,41.03,41.03,700,0
2015-07-27,20:10:00,41.07,41.11,41.06,41.06,3386,0
2015-07-27,20:15:00,41.03,41.03,41.03,41.03,100,0
2015-07-27,20:20:00,41.03,41.08,41.03,41.0705,12591,0
2015-07-27,20:25:00,41.05,41.05,41.05,41.05,100,0
2015-07-27,20:30:00,41.04,41.04,41.02,41.03,534,0
2015-07-27,20:35:00,41.01,41.01,41.01,41.01,100,0
2015-07-27,21:00:00,41.01,41.02,41.01,41.01,450,0
2015-07-27,21:05:00,41.02,41.02,41,41,5417,0
2015-07-27,21:10:00,40.96,40.96,40.96,40.96,100,0
2015-07-27,21:15:00,40.97,40.97,40.97,40.97,104,0
2015-07-27,21:20:00,40.99,41.01,40.97,41.0012,14020,0
2015-07-27,21:25:00,41,41.0001,40.9975,40.9975,1320,0
2015-07-27,21:30:00,41.0299,41.0299,40.976,40.976,640,0
2015-07-27,21:35:00,40.97,41,40.97,41,1860,0
2015-07-27,21:40:00,41.01,41.01,40.99,40.993,4790,0
2015-07-27,21:45:00,40.98,41.02,40.98,41,13541,0
2015-07-27,21:50:00,41,41,40.99,41,9570,0
2015-07-27,21:55:00,41,41.025,40.99,40.995,14211,0
2015-07-27,22:00:00,40.995,41.05,40.99,41.05,33113,0
2015-07-28,15:35:00,41.83,42,41.73,41.75,8455,0
2015-07-28,15:40:00,41.74,41.74,41.68,41.73,1400,0
2015-07-28,15:45:00,41.755,41.755,41.696,41.696,500,0
2015-07-28,15:50:00,41.78,41.78,41.68,41.68,11100,0
2015-07-28,15:55:00,41.695,41.72,41.67,41.72,2850,0
2015-07-28,16:00:00,41.78,41.79,41.7204,41.7204,5456,0
2015-07-28,16:05:00,41.76,41.83,41.76,41.82,1796,0
2015-07-28,16:10:00,41.87,41.87,41.81,41.81,2112,0
2015-07-28,16:20:00,41.74,41.74,41.67,41.67,1450,0
2015-07-28,16:25:00,41.68,41.7,41.66,41.6601,5699,0
2015-07-28,16:30:00,41.655,41.68,41.6,41.605,5398,0
2015-07-28,16:35:00,41.57,41.58,41.55,41.57,2800,0
2015-07-28,16:40:00,41.57,41.57,41.57,41.57,134,0
2015-07-28,16:45:00,41.62,41.62,41.59,41.59,3100,0
2015-07-28,16:50:00,41.61,41.615,41.59,41.59,5461,0
2015-07-28,16:55:00,41.61,41.73,41.61,41.68,36126,0
2015-07-28,17:00:00,41.68,41.72,41.68,41.715,3700,0
2015-07-28,17:05:00,41.72,41.72,41.71,41.72,4246,0
2015-07-28,17:10:00,41.72,41.73,41.7,41.73,12579,0
2015-07-28,17:15:00,41.74,41.81,41.74,41.8,11841,0
2015-07-28,17:20:00,41.8,41.84,41.8,41.83,7674,0
2015-07-28,17:25:00,41.83,41.83,41.795,41.81,6836,0
2015-07-28,17:30:00,41.825,41.98,41.78,41.975,4955,0
2015-07-28,17:35:00,41.96,41.98,41.915,41.93,1700,0
2015-07-28,17:50:00,41.86,41.92,41.86,41.92,1500,0
2015-07-28,17:55:00,41.9,41.9,41.9,41.9,100,0
2015-07-28,18:00:00,41.9,41.9,41.9,41.9,400,0
2015-07-28,18:05:00,41.89,41.89,41.88,41.88,976,0
2015-07-28,18:10:00,41.87,41.926,41.87,41.91,383,0
2015-07-28,18:15:00,41.89,41.925,41.88,41.925,1700,0
2015-07-28,18:20:00,41.91,41.95,41.91,41.95,1730,0
2015-07-28,18:30:00,41.91,41.91,41.9001,41.9001,210,0
2015-07-28,18:40:00,41.9,41.9,41.847,41.847,600,0
2015-07-28,18:50:00,41.88,41.95,41.88,41.89,5443,0
2015-07-28,18:55:00,41.89,41.9,41.88,41.89,1567,0
2015-07-28,19:00:00,41.84,41.84,41.84,41.84,100,0
2015-07-28,19:10:00,41.78,41.805,41.78,41.805,600,0
2015-07-28,19:25:00,41.88,41.9,41.88,41.9,200,0
2015-07-28,19:30:00,41.95,41.98,41.89,41.98,2900,0
2015-07-28,19:35:00,41.94,41.94,41.94,41.94,100,0
2015-07-28,19:45:00,41.9,41.9,41.9,41.9,300,0
2015-07-28,19:55:00,41.88,41.8801,41.88,41.8801,646,0
2015-07-28,20:05:00,41.88,41.8802,41.87,41.87,1600,0
2015-07-28,20:10:00,41.875,41.89,41.875,41.89,300,0
2015-07-28,20:15:00,41.92,41.92,41.905,41.905,320,0
2015-07-28,20:20:00,41.91,41.91,41.91,41.91,100,0
2015-07-28,20:30:00,41.93,41.93,41.92,41.93,600,0
2015-07-28,20:35:00,41.92,41.93,41.87,41.89,8900,0
2015-07-28,20:40:00,41.89,41.89,41.89,41.89,200,0
2015-07-28,20:45:00,41.86,41.86,41.85,41.85,2796,0
2015-07-28,20:50:00,41.85,41.86,41.85,41.86,2390,0
2015-07-28,21:05:00,41.85,41.85,41.83,41.83,900,0
2015-07-28,21:10:00,41.82,41.869,41.82,41.869,2500,0
2015-07-28,21:15:00,41.84,41.84,41.84,41.84,100,0
2015-07-28,21:25:00,41.82,41.824,41.8,41.8,10469,0
2015-07-28,21:30:00,41.8,41.81,41.75,41.76,5485,0
2015-07-28,21:35:00,41.76,41.7906,41.76,41.78,3054,0
2015-07-28,21:40:00,41.775,41.78,41.77,41.77,2050,0
2015-07-28,21:45:00,41.78,41.78,41.78,41.78,2236,0
2015-07-28,21:50:00,41.81,41.82,41.81,41.82,1926,0
2015-07-28,21:55:00,41.82,41.84,41.81,41.84,4720,0
2015-07-28,22:00:00,41.8458,41.8599,41.83,41.84,4723,0
2015-07-29,15:35:00,41.88,41.88,41.88,41.88,5155,0
2015-07-29,15:50:00,41.82,41.82,41.82,41.82,600,0
2015-07-29,16:00:00,41.84,41.86,41.815,41.84,9350,0
2015-07-29,16:05:00,41.85,41.89,41.835,41.87,5322,0
2015-07-29,16:10:00,41.89,41.9491,41.89,41.91,7850,0
2015-07-29,16:15:00,41.95,41.95,41.95,41.95,700,0
2015-07-29,16:20:00,41.95,42.098,41.92,41.95,24122,0
2015-07-29,16:25:00,41.95,41.99,41.9407,41.9407,11206,0
2015-07-29,16:30:00,41.9891,41.9891,41.85,41.88,13908,0
2015-07-29,16:35:00,41.9,41.96,41.855,41.905,22051,0
2015-07-29,16:40:00,41.92,41.99,41.92,41.99,5085,0
2015-07-29,16:45:00,41.98,42,41.865,41.93,10636,0
2015-07-29,16:50:00,41.895,42,41.895,41.98,19823,0
2015-07-29,16:55:00,41.97,42,41.95,42,1524,0
2015-07-29,17:00:00,42,42,41.945,42,4913,0
2015-07-29,17:05:00,41.995,42.0234,41.995,42.01,300,0
2015-07-29,17:10:00,42.0386,42.04,42.02,42.04,400,0
2015-07-29,17:15:00,42.05,42.07,42.01,42.06,10288,0
2015-07-29,17:20:00,42.01,42.035,42.01,42.035,300,0
2015-07-29,17:25:00,42.04,42.07,42.04,42.07,704,0
2015-07-29,17:30:00,42.0847,42.0847,42.06,42.06,700,0
2015-07-29,17:35:00,42.005,42.005,42,42,200,0
2015-07-29,17:40:00,42.02,42.02,42.02,42.02,100,0
2015-07-29,17:45:00,42.02,42.1099,42.02,42.1049,500,0
2015-07-29,17:50:00,42.031,42.031,42.0301,42.0301,1934,0
2015-07-29,17:55:00,42.085,42.085,42.05,42.05,1563,0
2015-07-29,18:00:00,42.05,42.05,42.05,42.05,2849,0
2015-07-29,18:10:00,42.0353,42.0353,42.0353,42.0353,100,0
2015-07-29,18:15:00,42.01,42.01,41.95,41.95,1742,0
2015-07-29,18:20:00,41.91,41.91,41.91,41.91,100,0
2015-07-29,18:25:00,41.9197,41.9197,41.9197,41.9197,142,0
2015-07-29,18:35:00,41.95,41.96,41.95,41.96,500,0
2015-07-29,18:50:00,42.0194,42.04,42.0194,42.04,293,0
2015-07-29,19:05:00,42.01,42.01,42.01,42.01,114,0
2015-07-29,19:10:00,42.055,42.08,42.055,42.08,205,0
2015-07-29,19:15:00,42.11,42.11,42.11,42.11,124,0
2015-07-29,19:20:00,42.08,42.0888,42.08,42.0888,1000,0
2015-07-29,19:25:00,42.06,42.06,42.03,42.03,12617,0
2015-07-29,19:35:00,42.04,42.04,42.04,42.04,100,0
2015-07-29,19:45:00,42.12,42.12,42.12,42.12,100,0
2015-07-29,19:50:00,42.06,42.07,42.06,42.07,2200,0
2015-07-29,19:55:00,42.03,42.03,41.98,42.0262,3924,0
2015-07-29,20:00:00,42.02,42.02,41.87,41.87,760,0
2015-07-29,20:05:00,41.95,41.95,41.95,41.95,200,0
2015-07-29,20:20:00,41.9499,41.9499,41.9499,41.9499,100,0
2015-07-29,20:25:00,41.99,41.99,41.99,41.99,1172,0
2015-07-29,20:35:00,42.02,42.08,42.02,42.08,1100,0
2015-07-29,20:40:00,42.0506,42.0506,42.0506,42.0506,3270,0
2015-07-29,20:50:00,42.09,42.09,42.03,42.09,3300,0
2015-07-29,20:55:00,42.1,42.12,42.08,42.08,400,0
2015-07-29,21:00:00,42.08,42.08,42.08,42.08,900,0
2015-07-29,21:05:00,42.11,42.114,42.11,42.114,400,0
2015-07-29,21:10:00,42.11,42.11,42.11,42.11,400,0
2015-07-29,21:15:00,42.1,42.1,42.09,42.09,1000,0
2015-07-29,21:20:00,42.05,42.05,42.04,42.04,600,0
2015-07-29,21:25:00,42.01,42.03,42,42.025,700,0
2015-07-29,21:30:00,42.03,42.06,42.03,42.03,4150,0
2015-07-29,21:35:00,41.99,41.99,41.99,41.99,300,0
2015-07-29,21:40:00,41.99,42.017,41.99,41.99,3950,0
2015-07-29,21:45:00,42,42.03,42,42.03,900,0
2015-07-29,21:50:00,42.03,42.045,41.98,42.005,9700,0
2015-07-29,21:55:00,42.03,42.03,41.94,41.95,5382,0
2015-07-29,22:00:00,41.94,41.98,41.83,41.84,22855,0
2015-07-30,15:35:00,41.59,41.62,41.2515,41.62,6892,0
2015-07-30,15:40:00,41.62,41.62,41.51,41.51,600,0
2015-07-30,15:45:00,41.52,41.52,41.51,41.51,1584,0
2015-07-30,15:50:00,41.5,41.5,41.48,41.48,500,0
2015-07-30,15:55:00,41.51,41.51,41.405,41.405,400,0
2015-07-30,16:00:00,41.415,41.54,41.415,41.54,2914,0
2015-07-30,16:05:00,41.45,41.45,41.45,41.45,100,0
2015-07-30,16:25:00,41.53,41.54,41.45,41.45,1044,0
2015-07-30,16:35:00,41.435,41.47,41.43,41.43,800,0
2015-07-30,16:40:00,41.41,41.41,41.38,41.39,6906,0
2015-07-30,16:45:00,41.39,41.41,41.39,41.4,7106,0
2015-07-30,16:50:00,41.375,41.4,41.29,41.33,7477,0
2015-07-30,16:55:00,41.26,41.26,41.18,41.18,1000,0
2015-07-30,17:00:00,41.175,41.24,41.175,41.24,715,0
2015-07-30,17:05:00,41.1905,41.24,41.1905,41.24,500,0
2015-07-30,17:10:00,41.215,41.2206,41.215,41.2206,200,0
2015-07-30,17:15:00,41.22,41.31,41.22,41.285,6300,0
2015-07-30,17:25:00,41.28,41.29,41.265,41.265,544,0
2015-07-30,17:30:00,41.33,41.37,41.3,41.3,1201,0
2015-07-30,17:50:00,41.2352,41.35,41.2352,41.35,3251,0
2015-07-30,17:55:00,41.35,41.36,41.31,41.31,1600,0
2015-07-30,18:00:00,41.25,41.25,41.25,41.25,100,0
2015-07-30,18:05:00,41.29,41.3,41.29,41.3,400,0
2015-07-30,18:10:00,41.2301,41.2301,41.2301,41.2301,200,0
2015-07-30,18:15:00,41.3,41.41,41.3,41.41,9650,0
2015-07-30,18:20:00,41.335,41.36,41.335,41.36,700,0
2015-07-30,18:25:00,41.34,41.355,41.29,41.29,700,0
2015-07-30,18:35:00,41.2501,41.2501,41.2501,41.2501,150,0
2015-07-30,18:50:00,41.28,41.32,41.24,41.28,21418,0
2015-07-30,18:55:00,41.28,41.28,41.27,41.28,1699,0
2015-07-30,19:05:00,41.28,41.29,41.28,41.29,1022,0
2015-07-30,19:10:00,41.29,41.3,41.28,41.28,8379,0
2015-07-30,19:20:00,41.3,41.3,41.29,41.3,3931,0
2015-07-30,19:30:00,41.275,41.29,41.275,41.29,773,0
2015-07-30,19:35:00,41.28,41.28,41.28,41.28,116,0
2015-07-30,19:40:00,41.3,41.3,41.2997,41.3,1600,0
2015-07-30,19:50:00,41.28,41.28,41.28,41.28,204,0
2015-07-30,20:00:00,41.285,41.39,41.285,41.39,4200,0
2015-07-30,20:05:00,41.385,41.42,41.35,41.41,3200,0
2015-07-30,20:10:00,41.36,41.36,41.36,41.36,108,0
2015-07-30,20:15:00,41.44,41.44,41.44,41.44,350,0
2015-07-30,20:30:00,41.46,41.46,41.46,41.46,200,0
2015-07-30,20:35:00,41.46,41.46,41.42,41.42,400,0
2015-07-30,20:40:00,41.42,41.42,41.34,41.34,1600,0
2015-07-30,20:45:00,41.3,41.36,41.3,41.36,1108,0
2015-07-30,20:55:00,41.38,41.395,41.38,41.395,400,0
2015-07-30,21:00:00,41.39,41.395,41.39,41.395,300,0
2015-07-30,21:15:00,41.465,41.465,41.465,41.465,100,0
2015-07-30,21:20:00,41.52,41.53,41.52,41.53,1100,0
2015-07-30,21:30:00,41.57,41.57,41.55,41.55,400,0
2015-07-30,21:35:00,41.58,41.58,41.52,41.52,622,0
2015-07-30,21:40:00,41.5,41.56,41.47,41.56,1400,0
2015-07-30,21:45:00,41.57,41.57,41.51,41.54,2600,0
2015-07-30,21:50:00,41.57,41.57,41.56,41.57,800,0
2015-07-30,21:55:00,41.6,41.625,41.59,41.625,3824,0
2015-07-30,22:00:00,41.62,41.6299,41.53,41.59,9223,0
2015-07-31,15:35:00,42.41,42.71,42.41,42.56,16596,0
2015-07-31,15:40:00,42.57,42.59,42.57,42.59,400,0
2015-07-31,15:45:00,42.48,42.48,42.43,42.46,6650,0
2015-07-31,15:50:00,42.48,42.61,42.48,42.54,6572,0
2015-07-31,15:55:00,42.54,42.54,42.481,42.481,1091,0
2015-07-31,16:00:00,42.56,42.56,42.56,42.56,4204,0
2015-07-31,16:05:00,42.66,42.69,42.62,42.62,5110,0
2015-07-31,16:10:00,42.63,42.71,42.61,42.71,11735,0
2015-07-31,16:15:00,42.71,42.71,42.675,42.675,1417,0
2015-07-31,16:20:00,42.69,42.69,42.67,42.69,3700,0
2015-07-31,16:25:00,42.69,42.77,42.65,42.77,10005,0
2015-07-31,16:30:00,42.77,42.77,42.71,42.72,14545,0
2015-07-31,16:35:00,42.72,42.74,42.715,42.715,13480,0
2015-07-31,16:40:00,42.71,42.71,42.66,42.66,1400,0
2015-07-31,16:45:00,42.6,42.66,42.6,42.66,1789,0
2015-07-31,16:50:00,42.66,42.76,42.64,42.76,4591,0
2015-07-31,16:55:00,42.76,42.775,42.71,42.745,1734,0
2015-07-31,17:00:00,42.7101,42.76,42.6401,42.675,5600,0
2015-07-31,17:05:00,42.69,42.76,42.68,42.735,4205,0
2015-07-31,17:10:00,42.74,42.8,42.71,42.79,4990,0
2015-07-31,17:15:00,42.79,42.89,42.79,42.88,7436,0
2015-07-31,17:20:00,42.89,42.94,42.8,42.91,13820,0
2015-07-31,17:25:00,42.97,43,42.9,42.99,10045,0
2015-07-31,17:30:00,42.98,43.06,42.98,43.05,4458,0
2015-07-31,17:35:00,43.05,43.06,43.01,43.01,3649,0
2015-07-31,17:40:00,43.03,43.03,43.03,43.03,3286,0
2015-07-31,17:45:00,43.02,43.04,43.02,43.04,2544,0
2015-07-31,17:50:00,43.04,43.04,43.04,43.04,991,0
2015-07-31,17:55:00,43.0001,43.05,43.0001,43.04,500,0
2015-07-31,18:00:00,43.025,43.025,43.025,43.025,700,0
2015-07-31,18:05:00,43.02,43.02,42.97,43.01,1250,0
2015-07-31,18:10:00,43,43.02,43,43.02,6550,0
2015-07-31,18:15:00,43.055,43.055,43.02,43.05,4500,0
2015-07-31,18:20:00,43.04,43.05,43.04,43.05,3110,0
2015-07-31,18:25:00,43.03,43.06,43.03,43.06,2100,0
2015-07-31,18:30:00,43.06,43.07,43.06,43.07,3981,0
2015-07-31,18:35:00,43.07,43.07,43.02,43.03,5925,0
2015-07-31,18:40:00,43.025,43.025,43.01,43.01,10108,0
2015-07-31,18:45:00,43.01,43.02,42.99,43.02,14071,0
2015-07-31,18:50:00,42.99,43.05,42.99,42.99,730,0
2015-07-31,18:55:00,43,43,42.99,42.99,600,0
2015-07-31,19:00:00,43.04,43.05,43.02,43.02,6345,0
2015-07-31,19:10:00,42.981,43.01,42.981,43.01,448,0
2015-07-31,19:15:00,43,43,42.98,42.99,1000,0
2015-07-31,19:20:00,43,43,42.98,42.98,4128,0
2015-07-31,19:25:00,43,43.025,43,43,3250,0
2015-07-31,19:30:00,43,43,43,43,100,0
2015-07-31,19:35:00,42.99,43,42.99,43,500,0
2015-07-31,19:40:00,43,43,42.99,42.99,691,0
2015-07-31,19:45:00,42.99,42.99,42.99,42.99,400,0
2015-07-31,19:50:00,42.98,43.01,42.98,43.01,2100,0
2015-07-31,19:55:00,43.019,43.019,43.014,43.015,2164,0
2015-07-31,20:00:00,43.015,43.025,43.015,43.025,1337,0
2015-07-31,20:05:00,43.02,43.0648,43.02,43.0648,8302,0
2015-07-31,20:10:00,43.0401,43.06,43.04,43.05,9259,0
2015-07-31,20:15:00,43.05,43.05,43.05,43.05,100,0
2015-07-31,20:20:00,43.045,43.05,43.02,43.0201,1660,0
2015-07-31,20:25:00,43.02,43.03,42.97,42.97,6652,0
2015-07-31,20:30:00,42.97,42.99,42.95,42.95,2263,0
2015-07-31,20:35:00,42.99,42.99,42.99,42.99,1205,0
2015-07-31,20:40:00,42.97,42.98,42.934,42.934,3800,0
2015-07-31,20:45:00,42.95,42.955,42.93,42.95,1275,0
2015-07-31,20:50:00,42.95,42.96,42.89,42.89,8453,0
2015-07-31,20:55:00,42.89,42.9,42.89,42.9,502,0
2015-07-31,21:00:00,42.9,42.92,42.9,42.91,1011,0
2015-07-31,21:05:00,42.92,42.92,42.915,42.915,400,0
2015-07-31,21:15:00,42.9,42.914,42.9,42.914,9462,0
2015-07-31,21:20:00,42.91,42.914,42.91,42.914,400,0
2015-07-31,21:25:00,42.9,42.91,42.86,42.86,6452,0
2015-07-31,21:30:00,42.82,42.83,42.81,42.81,400,0
2015-07-31,21:35:00,42.81,42.83,42.81,42.82,2803,0
2015-07-31,21:40:00,42.8201,42.84,42.82,42.82,14936,0
2015-07-31,21:45:00,42.84,42.91,42.84,42.91,3800,0
2015-07-31,21:50:00,42.88,42.9499,42.88,42.94,4989,0
2015-07-31,21:55:00,42.95,42.96,42.9,42.9,5763,0
2015-07-31,22:00:00,42.89,43,42.89,42.98,39661,0
2015-08-03,15:35:00,42.13,42.13,41.5205,41.7,3924,0
2015-08-03,15:40:00,41.7199,41.73,41.582,41.71,1650,0
2015-08-03,15:45:00,41.7,41.7,41.52,41.52,1035,0
2015-08-03,15:50:00,41.61,41.61,41.61,41.61,100,0
2015-08-03,15:55:00,41.62,41.62,41.52,41.58,10213,0
2015-08-03,16:00:00,41.6,41.61,41.57,41.5701,2700,0
2015-08-03,16:05:00,41.62,41.7,41.5401,41.56,6930,0
2015-08-03,16:15:00,41.63,41.66,41.6,41.6,5499,0
2015-08-03,16:20:00,41.6,41.6799,41.5901,41.5901,1050,0
2015-08-03,16:25:00,41.63,41.64,41.59,41.59,300,0
2015-08-03,16:30:00,41.55,41.55,41.53,41.53,701,0
2015-08-03,16:35:00,41.52,41.52,41.43,41.43,4658,0
2015-08-03,16:40:00,41.5,41.5,41.5,41.5,1200,0
2015-08-03,16:45:00,41.5,41.52,41.5,41.52,1600,0
2015-08-03,16:50:00,41.49,41.52,41.49,41.52,6175,0
2015-08-03,16:55:00,41.55,41.55,41.55,41.55,215,0
2015-08-03,17:00:00,41.55,41.55,41.5,41.5,300,0
2015-08-03,17:05:00,41.533,41.55,41.5,41.55,871,0
2015-08-03,17:10:00,41.55,41.555,41.53,41.54,4058,0
2015-08-03,17:15:00,41.56,41.7,41.55,41.7,6936,0
2015-08-03,17:20:00,41.65,41.695,41.65,41.695,4382,0
2015-08-03,17:25:00,41.73,41.73,41.72,41.72,200,0
2015-08-03,17:40:00,41.67,41.67,41.67,41.67,900,0
2015-08-03,17:45:00,41.67,41.72,41.67,41.72,2500,0
2015-08-03,17:50:00,41.72,41.72,41.7176,41.7176,524,0
2015-08-03,17:55:00,41.67,41.67,41.66,41.67,1330,0
2015-08-03,18:00:00,41.58,41.64,41.58,41.64,450,0
2015-08-03,18:25:00,41.6,41.6,41.58,41.58,2140,0
2015-08-03,18:30:00,41.53,41.56,41.52,41.56,900,0
2015-08-03,18:40:00,41.5,41.5,41.48,41.49,2850,0
2015-08-03,18:45:00,41.45,41.45,41.39,41.39,1700,0
2015-08-03,18:55:00,41.3816,41.3816,41.34,41.34,800,0
2015-08-03,19:00:00,41.34,41.34,41.32,41.34,3524,0
2015-08-03,19:10:00,41.31,41.31,41.27,41.27,2000,0
2015-08-03,19:15:00,41.25,41.25,41.23,41.24,14320,0
2015-08-03,19:20:00,41.2578,41.29,41.2578,41.29,1050,0
2015-08-03,19:25:00,41.31,41.32,41.31,41.32,401,0
2015-08-03,19:30:00,41.32,41.37,41.32,41.37,449,0
2015-08-03,19:35:00,41.41,41.4199,41.41,41.4199,914,0
2015-08-03,19:40:00,41.3961,41.3961,41.3961,41.3961,100,0
2015-08-03,19:55:00,41.36,41.4,41.34,41.34,532,0
2015-08-03,20:00:00,41.33,41.35,41.3,41.35,6300,0
2015-08-03,20:05:00,41.36,41.39,41.36,41.39,200,0
2015-08-03,20:10:00,41.41,41.41,41.366,41.366,1026,0
2015-08-03,20:15:00,41.4,41.43,41.4,41.43,142104,0
2015-08-03,20:20:00,41.45,41.45,41.42,41.43,900,0
2015-08-03,20:30:00,41.44,41.51,41.44,41.5099,2782,0
2015-08-03,20:35:00,41.45,41.45,41.45,41.45,200,0
2015-08-03,20:40:00,41.47,41.55,41.47,41.55,3439,0
2015-08-03,20:45:00,41.55,41.55,41.45,41.47,1500,0
2015-08-03,20:50:00,41.4899,41.4899,41.4875,41.4875,428,0
2015-08-03,20:55:00,41.4999,41.4999,41.49,41.49,1090,0
2015-08-03,21:00:00,41.43,41.44,41.4,41.44,899,0
2015-08-03,21:05:00,41.435,41.47,41.435,41.46,2500,0
2015-08-03,21:10:00,41.446,41.45,41.446,41.45,220,0
2015-08-03,21:15:00,41.475,41.52,41.475,41.52,1704,0
2015-08-03,21:20:00,41.52,41.52,41.46,41.467,480,0
2015-08-03,21:25:00,41.5,41.5,41.5,41.5,490,0
2015-08-03,21:35:00,41.5,41.52,41.5,41.52,1900,0
2015-08-03,21:40:00,41.515,41.54,41.5,41.54,5376,0
2015-08-03,21:45:00,41.5399,41.55,41.513,41.55,3124,0
2015-08-03,21:50:00,41.51,41.54,41.51,41.5399,707,0
2015-08-03,22:00:00,41.54,41.67,41.53,41.64,11622,0
2015-08-04,15:35:00,41.61,41.83,41.6,41.6,6461,0
2015-08-04,15:40:00,41.79,41.79,41.57,41.63,30628,0
2015-08-04,15:45:00,41.65,41.73,41.59,41.67,51544,0
2015-08-04,15:50:00,41.67,41.83,41.66,41.73,57301,0
2015-08-04,15:55:00,41.71,41.71,41.67,41.71,2066,0
2015-08-04,16:00:00,41.72,41.725,41.71,41.71,552,0
2015-08-04,16:05:00,41.7317,41.76,41.71,41.71,16850,0
2015-08-04,16:10:00,41.75,41.78,41.75,41.78,1299,0
2015-08-04,16:15:00,41.7925,41.95,41.75,41.81,47191,0
2015-08-04,16:20:00,41.82,41.82,41.81,41.82,3900,0
2015-08-04,16:25:00,41.8,41.8,41.71,41.71,1700,0
2015-08-04,16:30:00,41.82,41.82,41.82,41.82,100,0
2015-08-04,16:35:00,41.79,41.81,41.78,41.81,300,0
2015-08-04,16:40:00,41.85,41.85,41.8,41.8,2406,0
2015-08-04,16:45:00,41.77,41.77,41.74,41.77,5875,0
2015-08-04,16:50:00,41.79,41.79,41.79,41.79,1119,0
2015-08-04,16:55:00,41.81,41.81,41.75,41.7501,2400,0
2015-08-04,17:00:00,41.78,41.78,41.7,41.75,4800,0
2015-08-04,17:05:00,41.705,41.74,41.695,41.74,1537,0
2015-08-04,17:10:00,41.7201,41.745,41.715,41.745,903,0
2015-08-04,17:15:00,41.79,41.81,41.79,41.81,1950,0
2015-08-04,17:20:00,41.8,41.83,41.77,41.8,1701,0
2015-08-04,17:25:00,41.747,41.81,41.747,41.81,3048,0
2015-08-04,17:30:00,41.81,41.81,41.75,41.78,1439,0
2015-08-04,17:35:00,41.77,41.7799,41.71,41.7499,1863,0
2015-08-04,17:40:00,41.72,41.73,41.72,41.73,400,0
2015-08-04,17:45:00,41.77,41.78,41.77,41.77,400,0
2015-08-04,17:55:00,41.82,41.82,41.79,41.82,2072,0
2015-08-04,18:00:00,41.82,41.82,41.82,41.82,500,0
2015-08-04,18:05:00,41.82,41.82,41.82,41.82,200,0
2015-08-04,18:10:00,41.82,41.82,41.82,41.82,100,0
2015-08-04,18:15:00,41.8001,41.8001,41.8001,41.8001,122,0
2015-08-04,18:25:00,41.8,41.825,41.8,41.825,802,0
2015-08-04,18:30:00,41.812,41.82,41.812,41.82,1439,0
2015-08-04,18:35:00,41.8,41.8,41.7962,41.7962,823,0
2015-08-04,18:40:00,41.79,41.795,41.79,41.795,4490,0
2015-08-04,18:45:00,41.76,41.76,41.695,41.695,1560,0
2015-08-04,19:00:00,41.69,41.7,41.69,41.69,450,0
2015-08-04,19:10:00,41.672,41.672,41.672,41.672,1000,0
2015-08-04,19:15:00,41.6748,41.69,41.6748,41.68,2800,0
2015-08-04,19:20:00,41.71,41.73,41.71,41.73,500,0
2015-08-04,19:30:00,41.7,41.7,41.7,41.7,200,0
2015-08-04,19:35:00,41.73,41.73,41.73,41.73,1300,0
2015-08-04,19:45:00,41.72,41.72,41.71,41.71,1058,0
2015-08-04,19:50:00,41.72,41.72,41.6069,41.6069,2598,0
2015-08-04,20:00:00,41.5505,41.555,41.54,41.54,1552,0
2015-08-04,20:10:00,41.5,41.5,41.44,41.44,1650,0
2015-08-04,20:15:00,41.44,41.44,41.39,41.43,24105,0
2015-08-04,20:20:00,41.44,41.45,41.4,41.45,3500,0
2015-08-04,20:30:00,41.464,41.464,41.464,41.464,398,0
2015-08-04,20:40:00,41.5,41.5,41.5,41.5,450,0
2015-08-04,20:45:00,41.49,41.49,41.49,41.49,100,0
2015-08-04,20:50:00,41.51,41.54,41.51,41.54,1400,0
2015-08-04,20:55:00,41.55,41.56,41.55,41.56,751,0
2015-08-04,21:00:00,41.56,41.57,41.54,41.56,6750,0
2015-08-04,21:05:00,41.61,41.61,41.53,41.53,809,0
2015-08-04,21:10:00,41.5,41.54,41.5,41.54,936,0
2015-08-04,21:15:00,41.52,41.52,41.48,41.5,1620,0
2015-08-04,21:25:00,41.51,41.51,41.51,41.51,100,0
2015-08-04,21:30:00,41.51,41.51,41.51,41.51,220,0
2015-08-04,21:35:00,41.51,41.52,41.51,41.52,4600,0
2015-08-04,21:40:00,41.52,41.54,41.515,41.52,2050,0
2015-08-04,21:45:00,41.51,41.51,41.51,41.51,400,0
2015-08-04,21:50:00,41.49,41.49,41.46,41.46,400,0
2015-08-04,21:55:00,41.42,41.43,41.42,41.42,4650,0
2015-08-04,22:00:00,41.43,41.52,41.43,41.52,9926,0
2015-08-05,15:35:00,41.76,41.76,41.76,41.76,3340,0
2015-08-05,15:45:00,41.88,41.938,41.88,41.938,1186,0
2015-08-05,15:50:00,41.7301,41.86,41.7301,41.86,1600,0
2015-08-05,15:55:00,41.79,41.79,41.79,41.79,1000,0
2015-08-05,16:05:00,41.69,41.69,41.69,41.69,100,0
2015-08-05,16:10:00,41.4901,41.4901,41.4901,41.4901,200,0
2015-08-05,16:15:00,41.4923,41.4923,41.4923,41.4923,150,0
2015-08-05,16:20:00,41.58,41.58,41.57,41.57,300,0
2015-08-05,16:35:00,41.52,41.52,41.5,41.5,200,0
2015-08-05,16:40:00,41.5,41.53,41.5,41.52,1700,0
2015-08-05,16:55:00,41.527,41.527,41.49,41.49,1200,0
2015-08-05,17:05:00,41.5,41.5,41.48,41.48,600,0
2015-08-05,17:10:00,41.47,41.47,41.395,41.46,12395,0
2015-08-05,17:20:00,41.48,41.48,41.46,41.46,913,0
2015-08-05,17:25:00,41.5493,41.5493,41.5493,41.5493,106,0
2015-08-05,17:30:00,41.46,41.46,41.46,41.46,447,0
2015-08-05,17:35:00,41.47,41.49,41.44,41.44,1400,0
2015-08-05,17:40:00,41.44,41.44,41.43,41.43,200,0
2015-08-05,17:45:00,41.44,41.44,41.43,41.43,6485,0
2015-08-05,17:50:00,41.44,41.44,41.39,41.39,900,0
2015-08-05,17:55:00,41.38,41.38,41.36,41.36,1752,0
2015-08-05,18:00:00,41.32,41.32,41.32,41.32,400,0
2015-08-05,18:05:00,41.29,41.29,41.29,41.29,100,0
2015-08-05,18:15:00,41.25,41.28,41.24,41.26,6449,0
2015-08-05,18:20:00,41.25,41.25,41.22,41.22,800,0
2015-08-05,18:30:00,41.22,41.25,41.22,41.25,300,0
2015-08-05,18:45:00,41.22,41.22,41.181,41.181,1330,0
2015-08-05,18:55:00,41.2,41.2,41.12,41.12,2456,0
2015-08-05,19:00:00,41.14,41.16,41.14,41.16,200,0
2015-08-05,19:15:00,41.18,41.18,41.11,41.11,2286,0
2015-08-05,19:20:00,41.16,41.16,41.16,41.16,200,0
2015-08-05,19:25:00,41.21,41.2799,41.21,41.2799,1319,0
2015-08-05,19:30:00,41.28,41.28,41.28,41.28,956,0
2015-08-05,19:35:00,41.272,41.273,41.26,41.26,900,0
2015-08-05,19:40:00,41.25,41.29,41.2401,41.29,458,0
2015-08-05,19:45:00,41.3,41.3,41.27,41.27,600,0
2015-08-05,19:50:00,41.26,41.2701,41.26,41.2701,659,0
2015-08-05,19:55:00,41.27,41.27,41.26,41.26,700,0
2015-08-05,20:00:00,41.275,41.28,41.2501,41.2501,2043,0
2015-08-05,20:05:00,41.26,41.26,41.26,41.26,121,0
2015-08-05,20:10:00,41.28,41.3,41.28,41.3,725,0
2015-08-05,20:20:00,41.25,41.25,41.25,41.25,200,0
2015-08-05,20:25:00,41.3,41.3,41.28,41.3,2100,0
2015-08-05,20:30:00,41.3,41.3,41.3,41.3,2300,0
2015-08-05,20:35:00,41.3005,41.3005,41.3,41.3,220,0
2015-08-05,20:40:00,41.31,41.31,41.31,41.31,800,0
2015-08-05,20:45:00,41.3,41.3,41.27,41.271,1700,0
2015-08-05,20:50:00,41.28,41.28,41.28,41.28,300,0
2015-08-05,20:55:00,41.28,41.28,41.28,41.28,500,0
2015-08-05,21:00:00,41.28,41.29,41.2601,41.2601,1400,0
2015-08-05,21:10:00,41.28,41.29,41.27,41.29,3928,0
2015-08-05,21:15:00,41.31,41.33,41.31,41.32,4056,0
2015-08-05,21:20:00,41.32,41.32,41.3,41.3,3622,0
2015-08-05,21:25:00,41.3,41.31,41.3,41.31,2199,0
2015-08-05,21:30:00,41.33,41.33,41.3,41.3,700,0
2015-08-05,21:35:00,41.29,41.29,41.27,41.27,1043,0
2015-08-05,21:40:00,41.27,41.27,41.27,41.27,1483,0
2015-08-05,21:45:00,41.27,41.27,41.25,41.25,1500,0
2015-08-05,21:50:00,41.27,41.27,41.26,41.26,1700,0
2015-08-05,21:55:00,41.27,41.27,41.27,41.27,2067,0
2015-08-05,22:00:00,41.26,41.28,41.26,41.26,7778,0
2015-08-06,15:35:00,41.91,41.91,41.91,41.91,1049,0
2015-08-06,15:50:00,41.79,41.87,41.78,41.87,850,0
2015-08-06,15:55:00,41.85,41.92,41.85,41.92,300,0
2015-08-06,16:00:00,41.86,41.88,41.85,41.88,3639,0
2015-08-06,16:05:00,41.88,41.88,41.88,41.88,100,0
2015-08-06,16:10:00,41.8962,41.92,41.8962,41.92,600,0
2015-08-06,16:15:00,41.9178,41.9178,41.9178,41.9178,1150,0
2015-08-06,16:20:00,41.95,41.95,41.95,41.95,711,0
2015-08-06,16:25:00,41.95,41.95,41.93,41.95,2234,0
2015-08-06,16:30:00,41.9,41.9,41.87,41.87,2780,0
2015-08-06,16:35:00,41.84,41.98,41.84,41.98,6250,0
2015-08-06,16:40:00,42,42.07,41.96,42,20882,0
2015-08-06,16:45:00,41.99,42.01,41.91,41.93,8033,0
2015-08-06,16:50:00,41.94,41.9499,41.9226,41.9499,900,0
2015-08-06,16:55:00,41.94,41.95,41.93,41.94,1000,0
2015-08-06,17:00:00,41.9,41.9,41.9,41.9,800,0
2015-08-06,17:05:00,41.87,41.87,41.87,41.87,300,0
2015-08-06,17:10:00,41.85,41.86,41.8,41.81,16524,0
2015-08-06,17:15:00,41.8,41.8,41.73,41.73,9964,0
2015-08-06,17:20:00,41.76,41.77,41.76,41.77,700,0
2015-08-06,17:25:00,41.7405,41.82,41.7405,41.79,5246,0
2015-08-06,17:30:00,41.79,41.81,41.72,41.72,5588,0
2015-08-06,17:35:00,41.72,41.72,41.72,41.72,100,0
2015-08-06,17:40:00,41.71,41.71,41.69,41.69,1047,0
2015-08-06,17:45:00,41.68,41.68,41.68,41.68,100,0
2015-08-06,17:50:00,41.68,41.7,41.68,41.7,200,0
2015-08-06,17:55:00,41.69,41.69,41.69,41.69,100,0
2015-08-06,18:00:00,41.68,41.68,41.68,41.68,700,0
2015-08-06,18:05:00,41.69,41.69,41.69,41.69,100,0
2015-08-06,18:15:00,41.69,41.69,41.69,41.69,100,0
2015-08-06,18:20:00,41.69,41.71,41.69,41.71,2350,0
2015-08-06,18:25:00,41.7,41.7,41.68,41.7,3030,0
2015-08-06,18:30:00,41.7,41.7,41.7,41.7,3087,0
2015-08-06,18:40:00,41.68,41.68,41.66,41.66,1008,0
2015-08-06,18:45:00,41.66,41.66,41.66,41.66,400,0
2015-08-06,18:50:00,41.65,41.69,41.65,41.68,461,0
2015-08-06,19:00:00,41.68,41.692,41.68,41.6801,425,0
2015-08-06,19:05:00,41.68,41.7,41.68,41.7,2157,0
2015-08-06,19:20:00,41.7,41.7,41.7,41.7,100,0
2015-08-06,19:25:00,41.72,41.72,41.72,41.72,650,0
2015-08-06,19:30:00,41.72,41.72,41.72,41.72,100,0
2015-08-06,19:35:00,41.73,41.75,41.73,41.75,754,0
2015-08-06,19:40:00,41.76,41.76,41.74,41.74,1072,0
2015-08-06,19:45:00,41.72,41.72,41.72,41.72,100,0
2015-08-06,19:50:00,41.76,41.76,41.74,41.75,772,0
2015-08-06,19:55:00,41.74,41.74,41.74,41.74,100,0
2015-08-06,20:10:00,41.71,41.71,41.69,41.69,1000,0
2015-08-06,20:15:00,41.7,41.73,41.7,41.73,1001,0
2015-08-06,20:20:00,41.72,41.75,41.72,41.75,3405,0
2015-08-06,20:25:00,41.76,41.78,41.76,41.78,4722,0
2015-08-06,20:35:00,41.82,41.82,41.82,41.82,450,0
2015-08-06,20:45:00,41.8,41.8,41.8,41.8,415,0
2015-08-06,20:50:00,41.8,41.8,41.8,41.8,1308,0
2015-08-06,20:55:00,41.79,41.81,41.78,41.81,2400,0
2015-08-06,21:00:00,41.81,41.81,41.8,41.81,3400,0
2015-08-06,21:05:00,41.81,41.81,41.81,41.81,100,0
2015-08-06,21:10:00,41.81,41.8142,41.81,41.8142,813,0
2015-08-06,21:15:00,41.8,41.8,41.8,41.8,808,0
2015-08-06,21:20:00,41.8,41.85,41.8,41.85,1770,0
2015-08-06,21:30:00,41.79,41.79,41.78,41.78,709,0
2015-08-06,21:35:00,41.78,41.81,41.78,41.81,1489,0
2015-08-06,21:40:00,41.81,41.83,41.79,41.83,1823,0
2015-08-06,21:45:00,41.87,41.88,41.82,41.87,1100,0
2015-08-06,21:50:00,41.94,41.94,41.91,41.94,1100,0
2015-08-06,21:55:00,41.945,41.96,41.94,41.95,3250,0
2015-08-06,22:00:00,41.91,41.92,41.84,41.88,5376,0
2015-08-07,15:35:00,41.77,41.77,41.59,41.59,6816,0
2015-08-07,15:40:00,41.6,41.6,41.6,41.6,200,0
2015-08-07,15:45:00,41.7499,41.775,41.7499,41.775,569,0
2015-08-07,15:50:00,41.8,41.8,41.8,41.8,100,0
2015-08-07,15:55:00,41.78,41.81,41.75,41.81,400,0
2015-08-07,16:00:00,41.805,41.805,41.7301,41.7503,10124,0
2015-08-07,16:05:00,41.81,41.81,41.81,41.81,100,0
2015-08-07,16:10:00,41.85,41.9,41.84,41.86,4474,0
2015-08-07,16:15:00,41.87,41.87,41.8,41.8,800,0
2015-08-07,16:20:00,41.78,41.82,41.77,41.78,2574,0
2015-08-07,16:25:00,41.78,41.81,41.77,41.77,702,0
2015-08-07,16:30:00,41.8,41.8,41.8,41.8,400,0
2015-08-07,16:35:00,41.8,41.8,41.8,41.8,200,0
2015-08-07,16:40:00,41.76,41.76,41.73,41.73,400,0
2015-08-07,16:45:00,41.81,41.82,41.81,41.81,1600,0
2015-08-07,16:50:00,41.81,41.81,41.81,41.81,300,0
2015-08-07,16:55:00,41.82,41.945,41.82,41.94,1204,0
2015-08-07,17:00:00,41.822,41.822,41.75,41.75,300,0
2015-08-07,17:05:00,41.78,41.78,41.7,41.7,1000,0
2015-08-07,17:10:00,41.705,41.79,41.69,41.7,3600,0
2015-08-07,17:15:00,41.68,41.73,41.67,41.67,800,0
2015-08-07,17:20:00,41.68,41.68,41.5208,41.5208,8604,0
2015-08-07,17:25:00,41.54,41.56,41.54,41.55,13150,0
2015-08-07,17:30:00,41.56,41.6,41.54,41.54,1923,0
2015-08-07,17:35:00,41.57,41.63,41.57,41.61,8400,0
2015-08-07,17:40:00,41.56,41.56,41.56,41.56,100,0
2015-08-07,17:45:00,41.59,41.59,41.57,41.57,200,0
2015-08-07,17:50:00,41.6,41.61,41.6,41.61,800,0
2015-08-07,17:55:00,41.66,41.66,41.66,41.66,700,0
2015-08-07,18:00:00,41.64,41.64,41.64,41.64,200,0
2015-08-07,18:05:00,41.7,41.7,41.7,41.7,500,0
2015-08-07,18:20:00,41.67,41.67,41.65,41.65,400,0
2015-08-07,18:25:00,41.65,41.65,41.61,41.62,1200,0
2015-08-07,18:35:00,41.61,41.61,41.61,41.61,100,0
2015-08-07,18:40:00,41.59,41.59,41.57,41.57,500,0
2015-08-07,18:45:00,41.61,41.62,41.61,41.62,300,0
2015-08-07,18:50:00,41.65,41.65,41.65,41.65,100,0
2015-08-07,18:55:00,41.62,41.62,41.62,41.62,100,0
2015-08-07,19:00:00,41.62,41.636,41.6,41.636,440,0
2015-08-07,19:05:00,41.62,41.62,41.58,41.58,300,0
2015-08-07,19:10:00,41.56,41.56,41.56,41.56,100,0
2015-08-07,19:15:00,41.56,41.56,41.56,41.56,200,0
2015-08-07,19:20:00,41.59,41.62,41.59,41.61,500,0
2015-08-07,19:40:00,41.647,41.647,41.647,41.647,200,0
2015-08-07,19:50:00,41.67,41.68,41.645,41.65,5982,0
2015-08-07,19:55:00,41.65,41.65,41.6,41.6,12570,0
2015-08-07,20:00:00,41.6,41.6,41.6,41.6,100,0
2015-08-07,20:15:00,41.58,41.58,41.58,41.58,100,0
2015-08-07,20:20:00,41.59,41.59,41.58,41.58,500,0
2015-08-07,20:25:00,41.57,41.57,41.57,41.57,200,0
2015-08-07,20:30:00,41.56,41.56,41.56,41.56,100,0
2015-08-07,20:35:00,41.61,41.64,41.58,41.64,400,0
2015-08-07,20:40:00,41.61,41.61,41.61,41.61,200,0
2015-08-07,20:55:00,41.61,41.61,41.58,41.58,318,0
2015-08-07,21:00:00,41.59,41.59,41.58,41.58,200,0
2015-08-07,21:05:00,41.59,41.59,41.59,41.59,100,0
2015-08-07,21:10:00,41.57,41.57,41.57,41.57,100,0
2015-08-07,21:15:00,41.58,41.58,41.55,41.55,1000,0
2015-08-07,21:20:00,41.57,41.59,41.57,41.59,200,0
2015-08-07,21:25:00,41.61,41.66,41.61,41.66,200,0
2015-08-07,21:35:00,41.68,41.76,41.68,41.75,2161,0
2015-08-07,21:40:00,41.71,41.75,41.71,41.75,300,0
2015-08-07,21:45:00,41.7799,41.7799,41.7799,41.7799,100,0
2015-08-07,21:50:00,41.7,41.7,41.7,41.7,200,0
2015-08-07,21:55:00,41.68,41.68,41.68,41.68,300,0
2015-08-07,22:00:00,41.69,41.69,41.62,41.67,9235,0
