Date,Time,Open,High,Low,Close,Volume,OpenInt
2013-05-30,16:45:00,19.61,19.63,19.61,19.62,1000,0
2013-05-30,17:25:00,19.79,19.79,19.79,19.79,400,0
2013-05-31,15:35:00,19.32,19.6,18.31,19.6,2368,0
2013-05-31,15:55:00,19.71,19.71,19.68,19.69,1068,0
2013-05-31,16:40:00,19.72,19.72,19.72,19.72,100,0
2013-05-31,17:05:00,19.65,19.65,19.65,19.65,100,0
2013-05-31,19:00:00,19.74,19.74,19.73,19.73,1477,0
2013-05-31,20:15:00,19.61,19.61,19.61,19.61,500,0
2013-06-03,15:40:00,19.65,19.65,19.65,19.65,800,0
2013-06-03,16:25:00,19.85,19.85,19.85,19.85,100,0
2013-06-03,17:00:00,19.8,19.8,19.8,19.8,100,0
2013-06-03,17:20:00,19.83,19.83,19.83,19.83,483,0
2013-06-03,18:45:00,19.86,19.86,19.86,19.86,100,0
2013-06-03,18:55:00,19.86,19.86,19.86,19.86,100,0
2013-06-03,22:00:00,19.85,19.85,19.85,19.85,100,0
2013-06-04,15:35:00,19.32,19.75,19.32,19.75,576,0
2013-06-04,15:45:00,19.75,19.75,19.75,19.75,100,0
2013-06-04,16:30:00,19.71,19.71,19.71,19.71,100,0
2013-06-04,20:20:00,19.84,19.84,19.84,19.84,108,0
2013-06-04,20:45:00,19.89,19.89,19.89,19.89,500,0
2013-06-04,21:15:00,19.89,19.89,19.89,19.89,200,0
2013-06-05,18:00:00,21.4,21.4,21.4,21.4,150,0
2013-06-05,20:05:00,20.05,20.05,20.03,20.03,600,0
2013-06-06,20:25:00,19.96,19.96,19.96,19.96,100,0
2013-06-06,21:45:00,19.91,19.91,19.91,19.91,300,0
2013-06-07,15:40:00,19.12,19.12,19.12,19.12,359,0
2013-06-07,16:05:00,19.94,19.94,19.94,19.94,100,0
2013-06-07,18:50:00,19.93,19.93,19.93,19.93,100,0
2013-06-10,15:35:00,21.39,21.39,21.39,21.39,400,0
2013-06-10,17:35:00,19.94,19.94,19.94,19.94,200,0
2013-06-10,18:10:00,19.96,19.96,19.96,19.96,100,0
2013-06-10,21:40:00,19.92,19.92,19.92,19.92,896,0
2013-06-10,21:45:00,19.91,19.91,19.91,19.91,300,0
2013-06-10,21:50:00,19.91,19.91,19.91,19.91,596,0
2013-06-11,21:35:00,19.94,19.94,19.94,19.94,1000,0
2013-06-11,21:55:00,19.91,19.91,19.91,19.91,100,0
2013-06-12,15:35:00,19.96,19.96,19.96,19.96,400,0
2013-06-12,17:55:00,19.9,19.9,19.9,19.9,100,0
2013-06-12,18:10:00,19.96,19.96,19.96,19.96,186,0
2013-06-12,20:00:00,19.94,19.95,19.94,19.95,498,0
2013-06-12,20:05:00,19.95,19.95,19.94,19.95,504,0
2013-06-12,20:20:00,19.9,19.94,19.9,19.94,454,0
2013-06-12,20:45:00,19.93,19.94,19.93,19.94,1200,0
2013-06-12,21:00:00,19.94,19.94,19.94,19.94,500,0
2013-06-13,15:40:00,19.96,20.57,19.95,19.96,700,0
2013-06-13,15:45:00,19.95,19.95,19.95,19.95,100,0
2013-06-13,15:50:00,19.95,19.95,19.95,19.95,100,0
2013-06-13,16:15:00,19.95,19.96,19.95,19.96,400,0
2013-06-13,16:30:00,19.95,19.95,19.95,19.95,200,0
2013-06-13,17:40:00,19.96,19.96,19.96,19.96,100,0
2013-06-13,18:35:00,19.96,19.96,19.96,19.96,300,0
2013-06-13,19:40:00,19.96,19.96,19.96,19.96,100,0
2013-06-13,19:50:00,19.96,19.96,19.96,19.96,100,0
2013-06-13,19:55:00,19.96,19.96,19.95,19.95,300,0
2013-06-13,20:25:00,19.96,19.96,19.96,19.96,100,0
2013-06-13,21:10:00,20.09,20.09,20.09,20.09,100,0
2013-06-14,21:40:00,20.68,20.68,20.68,20.68,209,0
2013-06-17,17:10:00,20.23,20.23,20.23,20.23,100,0
2013-06-17,21:05:00,20.06,20.06,20.06,20.06,100,0
2013-06-18,20:00:00,20.16,20.25,20.16,20.25,700,0
2013-06-18,21:00:00,20.27,20.27,20.27,20.27,100,0
2013-06-18,21:20:00,20.28,20.28,20.28,20.28,379,0
2013-06-18,21:55:00,20.23,20.23,20.23,20.23,100,0
2013-06-18,22:00:00,20.23,20.23,20.23,20.23,100,0
2013-06-19,16:00:00,20.33,20.33,20.33,20.33,200,0
2013-06-19,16:30:00,20.31,20.31,20.31,20.31,100,0
2013-06-19,16:35:00,20.27,20.27,20.27,20.27,100,0
2013-06-19,17:55:00,20.32,20.32,20.32,20.32,100,0
2013-06-19,18:35:00,20.29,20.29,20.29,20.29,100,0
2013-06-19,19:30:00,20.32,20.32,20.32,20.32,200,0
2013-06-19,20:55:00,20.35,20.37,20.31,20.31,700,0
2013-06-19,21:35:00,20.32,20.32,20.32,20.32,142,0
2013-06-19,21:50:00,20.0,20.0,20.0,20.0,600,0
2013-06-20,15:40:00,19.65,19.65,19.65,19.65,100,0
2013-06-20,16:15:00,19.62,19.62,19.62,19.62,100,0
2013-06-20,17:15:00,19.62,19.62,19.62,19.62,250,0
2013-06-20,19:20:00,19.51,19.51,19.51,19.51,100,0
2013-06-20,20:00:00,19.32,19.32,19.32,19.32,100,0
2013-06-20,20:05:00,19.32,19.49,19.32,19.48,800,0
2013-06-20,20:15:00,19.39,19.39,19.39,19.39,100,0
2013-06-20,20:20:00,19.4,19.42,19.4,19.42,4950,0
2013-06-20,21:15:00,19.22,19.22,19.22,19.22,100,0
2013-06-20,21:30:00,19.22,19.22,19.22,19.22,100,0
2013-06-20,21:40:00,19.22,19.22,19.22,19.22,100,0
2013-06-20,21:45:00,19.34,19.34,19.34,19.34,600,0
2013-06-20,21:50:00,19.33,19.33,19.33,19.33,200,0
2013-06-20,22:00:00,19.37,19.37,19.29,19.29,200,0
2013-06-21,16:20:00,19.24,19.24,19.24,19.24,500,0
2013-06-21,20:25:00,19.05,19.05,19.05,19.05,100,0
2013-06-24,18:35:00,19.02,19.02,19.02,19.02,100,0
2013-06-24,18:40:00,19.03,19.03,19.03,19.03,100,0
2013-06-24,19:30:00,19.03,19.03,19.03,19.03,560,0
2013-06-25,16:50:00,19.36,19.36,19.36,19.36,250,0
2013-06-25,17:25:00,19.46,19.46,19.46,19.46,100,0
2013-06-25,19:40:00,19.36,19.36,19.36,19.36,1300,0
2013-06-25,21:40:00,19.42,19.42,19.42,19.42,100,0
2013-06-26,16:05:00,19.45,19.45,19.45,19.45,125,0
2013-06-26,20:55:00,19.29,19.37,19.29,19.37,300,0
2013-06-26,21:05:00,19.37,19.37,19.37,19.37,200,0
2013-06-26,21:45:00,19.29,19.29,19.29,19.29,100,0
2013-06-26,21:55:00,19.29,19.29,19.29,19.29,100,0
2013-06-26,22:00:00,19.29,19.29,19.29,19.29,100,0
2013-06-27,15:35:00,19.6,19.6,19.6,19.6,125,0
2013-06-27,15:50:00,19.57,19.57,19.57,19.57,200,0
2013-06-27,16:35:00,19.56,19.56,19.56,19.56,100,0
2013-06-28,17:20:00,19.73,19.73,19.73,19.73,300,0
2013-06-28,22:00:00,19.64,19.64,19.64,19.64,100,0
2013-07-01,17:35:00,19.73,19.73,19.73,19.73,253,0
2013-07-01,18:05:00,19.72,19.72,19.72,19.72,125,0
2013-07-02,20:45:00,19.7,19.71,19.7,19.71,1100,0
2013-07-02,21:10:00,19.74,19.74,19.74,19.74,500,0
2013-07-03,15:40:00,19.74,19.74,19.74,19.74,200,0
2013-07-03,18:35:00,19.74,19.74,19.74,19.74,100,0
2013-07-05,18:20:00,19.7,19.74,19.7,19.74,775,0
2013-07-05,19:05:00,19.72,19.72,19.72,19.72,100,0
2013-07-05,20:35:00,19.75,19.75,19.75,19.75,100,0
2013-07-05,21:30:00,19.66,19.66,19.66,19.66,1552,0
2013-07-05,22:00:00,19.69,19.69,19.67,19.67,800,0
2013-07-08,16:25:00,19.6,19.6,19.6,19.6,100,0
2013-07-08,16:30:00,19.61,19.61,19.61,19.61,200,0
2013-07-08,17:05:00,19.67,19.67,19.67,19.67,200,0
2013-07-08,20:30:00,19.56,19.56,19.56,19.56,116,0
2013-07-09,16:35:00,19.67,19.67,19.67,19.67,131,0
2013-07-09,18:35:00,19.76,19.76,19.75,19.75,1000,0
2013-07-09,21:55:00,19.79,19.79,19.79,19.79,1000,0
2013-07-09,22:00:00,19.8,19.8,19.8,19.8,1100,0
2013-07-10,21:40:00,19.92,19.92,19.92,19.92,250,0
2013-07-11,15:55:00,20.01,20.01,20.01,20.01,127,0
2013-07-11,19:30:00,19.93,19.93,19.93,19.93,100,0
2013-07-11,19:35:00,19.85,19.85,19.84,19.84,1141,0
2013-07-15,21:15:00,20.21,20.21,20.21,20.21,500,0
2013-07-15,21:20:00,20.2,20.2,20.2,20.2,100,0
2013-07-15,21:25:00,20.19,20.19,20.19,20.19,100,0
2013-07-15,21:30:00,20.19,20.19,20.19,20.19,200,0
2013-07-15,21:35:00,20.19,20.19,20.19,20.19,100,0
2013-07-15,21:45:00,20.2,20.2,20.2,20.2,100,0
2013-07-15,21:50:00,20.19,20.19,20.19,20.19,100,0
2013-07-16,21:25:00,20.11,20.11,20.11,20.11,800,0
2013-07-17,18:45:00,20.25,20.25,20.25,20.25,100,0
2013-07-18,17:50:00,20.24,20.24,20.24,20.24,120,0
2013-07-19,16:20:00,19.26,19.26,19.26,19.26,100,0
2013-07-19,16:35:00,19.18,20.06,19.18,19.92,3295,0
2013-07-19,18:05:00,20.29,20.29,20.29,20.29,100,0
2013-07-19,18:35:00,20.29,20.29,20.29,20.29,100,0
2013-07-19,19:00:00,20.21,20.21,20.2,20.2,200,0
2013-07-19,19:05:00,20.19,20.19,20.16,20.16,400,0
2013-07-19,19:10:00,20.21,20.21,20.21,20.21,2600,0
2013-07-19,19:15:00,20.23,20.23,20.23,20.23,500,0
2013-07-19,19:50:00,20.28,20.28,20.28,20.28,100,0
2013-07-19,19:55:00,20.29,20.29,20.29,20.29,100,0
2013-07-19,20:50:00,20.37,20.37,20.37,20.37,900,0
2013-07-19,21:55:00,20.39,20.39,20.39,20.39,300,0
2013-07-25,19:45:00,20.23,20.23,20.23,20.23,212,0
2013-07-26,16:10:00,20.08,20.08,20.08,20.08,100,0
2013-07-26,21:45:00,20.12,20.12,20.12,20.12,200,0
2013-07-29,15:45:00,20.07,20.07,20.07,20.07,200,0
2013-07-30,19:05:00,19.88,19.88,19.88,19.88,120,0
2013-07-30,22:00:00,19.94,19.94,19.94,19.94,300,0
2013-07-31,20:40:00,19.12,19.12,19.12,19.12,2000,0
2013-07-31,21:00:00,20.15,20.15,20.15,20.15,200,0
2013-08-02,20:00:00,20.49,20.49,20.44,20.44,200,0
2013-08-05,15:50:00,20.19,20.19,20.19,20.19,250,0
2013-08-06,21:45:00,20.25,20.26,20.25,20.26,2000,0
2013-08-07,21:15:00,20.12,20.12,20.12,20.12,300,0
2013-08-08,21:50:00,19.98,19.98,19.98,19.98,1114,0
2013-08-09,15:55:00,20.04,20.06,20.04,20.04,758,0
2013-08-13,17:15:00,20.44,20.44,20.44,20.44,200,0
2013-08-13,17:25:00,20.44,20.44,20.44,20.44,100,0
2013-08-13,17:50:00,20.44,20.44,20.44,20.44,173,0
2013-08-13,18:00:00,20.43,20.43,20.43,20.43,100,0
2013-08-13,18:10:00,20.43,20.43,20.43,20.43,100,0
2013-08-13,18:15:00,20.38,20.38,20.38,20.38,100,0
2013-08-13,18:25:00,20.39,20.39,20.39,20.39,100,0
2013-08-13,18:35:00,20.42,20.42,20.42,20.42,100,0
2013-08-14,20:30:00,20.57,20.57,20.57,20.57,244,0
2013-08-14,21:35:00,20.5,20.5,20.49,20.49,400,0
2013-08-14,21:50:00,20.54,20.54,20.54,20.54,100,0
2013-08-19,16:10:00,20.71,20.71,20.71,20.71,200,0
2013-08-20,16:45:00,20.53,20.53,20.53,20.53,100,0
2013-08-20,17:45:00,20.61,20.61,20.61,20.61,100,0
2013-08-20,20:20:00,20.45,20.45,20.45,20.45,140,0
2013-08-21,16:35:00,20.43,20.43,20.43,20.43,200,0
2013-08-21,20:10:00,19.44,20.25,19.44,20.25,200,0
2013-08-21,21:25:00,20.42,20.42,20.42,20.42,593,0
2013-08-21,21:40:00,20.42,20.42,20.41,20.41,2300,0
2013-08-21,21:50:00,20.42,20.42,20.42,20.42,1225,0
2013-08-22,17:35:00,20.32,20.32,20.32,20.32,200,0
2013-08-23,15:35:00,20.47,20.47,20.47,20.47,100,0
2013-08-23,16:00:00,20.39,20.39,20.38,20.38,600,0
2013-08-23,17:15:00,20.54,20.54,20.54,20.54,300,0
2013-08-23,18:25:00,20.6,20.6,20.6,20.6,400,0
2013-08-23,18:40:00,20.66,20.66,20.66,20.66,100,0
2013-08-23,22:00:00,20.56,20.56,20.56,20.56,300,0
2013-08-26,16:50:00,23.0,23.0,23.0,23.0,184,0
2013-08-27,16:10:00,20.94,20.94,20.94,20.94,100,0
2013-08-27,16:35:00,21.01,21.01,21.01,21.01,100,0
2013-08-27,19:00:00,21.09,21.09,21.09,21.09,300,0
2013-08-27,20:05:00,20.86,20.88,20.86,20.88,650,0
2013-08-27,21:20:00,21.05,21.05,21.05,21.05,100,0
2013-08-27,21:25:00,21.05,21.05,21.05,21.05,100,0
2013-08-27,21:30:00,21.05,21.05,21.05,21.05,100,0
2013-08-27,21:35:00,21.05,21.05,21.05,21.05,100,0
2013-08-27,21:55:00,21.09,21.09,21.09,21.09,100,0
2013-08-27,22:00:00,21.09,21.09,21.09,21.09,100,0
2013-08-28,15:50:00,21.12,21.12,21.12,21.12,400,0
2013-08-28,17:30:00,21.09,21.09,21.09,21.09,100,0
2013-08-28,17:55:00,21.1,21.1,21.1,21.1,200,0
2013-08-28,20:50:00,21.1,21.1,21.1,21.1,100,0
2013-08-29,18:00:00,20.93,20.93,20.93,20.93,100,0
2013-08-30,21:15:00,20.51,20.51,20.51,20.51,200,0
2013-09-03,18:50:00,20.87,20.87,20.78,20.81,8800,0
2013-09-03,19:00:00,20.89,20.89,20.89,20.89,100,0
2013-09-03,19:05:00,20.78,20.86,20.78,20.85,3200,0
2013-09-03,19:20:00,20.8,20.87,20.78,20.8,8050,0
2013-09-03,19:25:00,20.88,20.89,20.81,20.88,5000,0
2013-09-03,19:30:00,20.87,20.87,20.81,20.81,2900,0
2013-09-03,19:45:00,20.77,20.79,20.77,20.79,600,0
2013-09-03,19:50:00,20.83,20.83,20.83,20.83,200,0
2013-09-03,20:00:00,20.72,20.72,20.72,20.72,100,0
2013-09-03,20:05:00,20.82,20.82,20.82,20.82,300,0
2013-09-03,20:20:00,20.76,20.76,20.76,20.76,100,0
2013-09-03,21:40:00,20.95,20.95,20.9,20.9,300,0
2013-09-05,17:05:00,19.01,19.01,19.01,19.01,400,0
2013-09-05,19:55:00,20.79,20.79,20.79,20.79,150,0
2013-09-05,21:35:00,20.83,20.83,20.83,20.83,100,0
2013-09-06,20:35:00,20.94,20.94,20.94,20.94,100,0
2013-09-06,21:20:00,20.94,20.94,20.94,20.94,150,0
2013-09-11,19:10:00,20.62,20.62,20.62,20.62,150,0
2013-09-11,19:30:00,20.6,20.6,20.6,20.6,100,0
2013-09-12,16:35:00,20.76,20.76,20.76,20.76,200,0
2013-09-12,20:50:00,20.89,20.89,20.82,20.82,1200,0
2013-09-13,15:40:00,20.65,20.65,20.65,20.65,100,0
2013-09-13,16:25:00,20.66,20.66,20.66,20.66,100,0
2013-09-13,17:30:00,20.67,20.67,20.67,20.67,300,0
2013-09-16,21:40:00,20.66,20.66,20.66,20.66,602,0
2013-09-17,19:55:00,20.14,20.14,20.14,20.14,125,0
2013-09-17,21:35:00,20.21,20.21,20.21,20.21,100,0
2013-09-17,22:00:00,20.14,20.14,20.14,20.14,100,0
2013-09-18,15:55:00,20.43,20.43,20.36,20.36,1100,0
2013-09-18,16:35:00,20.44,20.44,20.44,20.44,400,0
2013-09-19,15:35:00,21.17,21.17,21.17,21.17,100,0
2013-09-19,15:40:00,20.84,20.84,20.84,20.84,300,0
2013-09-19,18:40:00,20.43,20.43,20.43,20.43,200,0
2013-09-19,18:45:00,20.42,20.42,20.42,20.42,100,0
2013-09-19,19:00:00,20.7,20.7,20.58,20.6,400,0
2013-09-19,19:05:00,20.57,20.63,20.55,20.6,3700,0
2013-09-19,19:10:00,20.6,20.66,20.56,20.62,2000,0
2013-09-19,19:15:00,20.63,20.64,20.56,20.56,4600,0
2013-09-19,19:20:00,20.56,20.72,20.56,20.72,800,0
2013-09-19,19:40:00,20.57,20.57,20.57,20.57,100,0
2013-09-19,20:15:00,20.59,20.69,20.59,20.69,200,0
2013-09-19,21:40:00,20.57,20.57,20.46,20.46,300,0
2013-09-19,21:50:00,20.5,20.5,20.5,20.5,100,0
2013-09-19,21:55:00,20.48,20.48,20.48,20.48,300,0
2013-09-20,15:35:00,20.8,20.8,20.74,20.76,9500,0
2013-09-20,15:40:00,20.87,20.87,20.67,20.67,720,0
2013-09-20,16:25:00,20.62,20.62,20.62,20.62,125,0
2013-09-20,16:45:00,20.65,20.65,20.65,20.65,561,0
2013-09-20,17:40:00,20.59,20.59,20.59,20.59,300,0
2013-09-23,16:05:00,20.38,20.38,20.35,20.35,200,0
2013-09-23,17:10:00,20.35,20.35,20.35,20.35,100,0
2013-09-23,17:50:00,20.38,20.38,20.38,20.38,100,0
2013-09-23,18:30:00,20.46,20.46,20.46,20.46,100,0
2013-09-23,19:30:00,20.4,20.4,20.4,20.4,236,0
2013-09-23,20:00:00,20.41,20.41,20.41,20.41,184,0
2013-09-23,20:20:00,20.42,20.42,20.42,20.42,297,0
2013-09-24,19:30:00,20.37,20.37,20.37,20.37,200,0
2013-09-26,16:30:00,20.37,20.37,20.37,20.37,440,0
2013-09-26,19:00:00,20.5,20.5,20.46,20.46,720,0
2013-09-26,19:10:00,20.3,20.3,20.3,20.3,800,0
2013-09-27,17:10:00,20.41,20.41,20.41,20.41,600,0
2013-09-27,19:10:00,20.24,20.31,20.24,20.31,200,0
2013-09-27,19:30:00,20.24,20.24,20.24,20.24,150,0
2013-09-27,19:40:00,20.29,20.29,20.29,20.29,100,0
2013-09-27,19:50:00,20.29,20.29,20.29,20.29,100,0
2013-09-27,20:00:00,20.27,20.27,20.27,20.27,100,0
2013-09-30,18:45:00,20.22,20.25,20.22,20.25,1000,0
2013-09-30,20:25:00,20.29,20.29,20.26,20.26,1000,0
2013-09-30,20:45:00,20.37,20.37,20.37,20.37,500,0
2013-09-30,21:00:00,20.32,20.32,20.32,20.32,1260,0
2013-09-30,21:15:00,20.32,20.32,20.32,20.32,100,0
2013-09-30,21:30:00,20.28,20.28,20.28,20.28,1351,0
2013-10-01,18:50:00,20.06,20.06,20.06,20.06,150,0
2013-10-01,19:10:00,20.06,20.06,20.06,20.06,720,0
2013-10-01,22:00:00,20.17,20.17,20.17,20.17,100,0
2013-10-03,21:10:00,20.38,20.38,20.38,20.38,280,0
2013-10-03,21:20:00,20.38,20.38,20.38,20.38,200,0
2013-10-04,15:40:00,21.46,21.46,21.11,21.11,1759,0
2013-10-04,21:00:00,20.56,20.56,20.56,20.56,100,0
2013-10-07,20:20:00,20.58,20.58,20.58,20.58,100,0
2013-10-07,20:40:00,20.62,20.62,20.55,20.55,300,0
2013-10-09,16:00:00,20.53,20.53,20.53,20.53,350,0
2013-10-09,16:45:00,20.49,20.49,20.28,20.43,300,0
2013-10-09,16:50:00,20.39,20.39,20.27,20.28,500,0
2013-10-09,20:00:00,20.32,20.32,20.32,20.32,200,0
2013-10-10,15:45:00,20.36,20.36,20.36,20.36,250,0
2013-10-10,17:10:00,20.76,20.76,20.76,20.76,1116,0
2013-10-10,17:15:00,20.76,20.76,20.76,20.76,200,0
2013-10-10,17:40:00,20.4,20.41,20.4,20.41,400,0
2013-10-10,19:55:00,20.41,20.49,20.41,20.49,200,0
2013-10-10,20:05:00,20.87,20.87,20.78,20.78,300,0
2013-10-10,20:15:00,20.4,20.49,20.4,20.49,780,0
2013-10-16,18:15:00,20.65,20.65,20.65,20.65,250,0
2013-10-16,19:55:00,20.62,20.67,20.62,20.67,478,0
2013-10-17,17:30:00,20.26,20.26,20.26,20.26,350,0
2013-10-17,20:30:00,20.32,20.33,20.32,20.33,617,0
2013-10-17,21:05:00,20.33,20.35,20.33,20.35,366,0
2013-10-17,21:55:00,20.33,20.33,20.33,20.33,150,0
2013-10-18,17:10:00,20.42,20.42,20.42,20.42,100,0
2013-10-18,18:45:00,20.4,20.4,20.4,20.4,100,0
2013-10-18,20:30:00,20.4,20.4,20.4,20.4,100,0
2013-10-18,20:55:00,20.47,20.47,20.47,20.47,608,0
2013-10-18,21:20:00,20.39,20.39,20.39,20.39,2300,0
2013-10-22,16:50:00,20.03,20.03,20.03,20.03,200,0
2013-10-22,17:40:00,20.15,20.15,20.11,20.11,500,0
2013-10-22,19:35:00,20.09,20.09,20.09,20.09,500,0
2013-10-22,20:25:00,20.05,20.05,20.05,20.05,800,0
2013-10-23,16:10:00,19.69,19.69,19.69,19.69,100,0
2013-10-24,15:35:00,19.67,19.67,19.67,19.67,200,0
2013-10-24,15:45:00,19.64,19.64,19.59,19.59,300,0
2013-10-24,17:05:00,19.59,19.59,19.59,19.59,200,0
2013-10-24,17:35:00,19.68,19.69,19.67,19.67,509,0
2013-10-24,18:00:00,19.63,19.63,19.63,19.63,1240,0
2013-10-24,21:15:00,19.75,19.75,19.75,19.75,197,0
2013-10-24,21:30:00,19.75,19.75,19.75,19.75,141,0
2013-10-24,22:00:00,19.75,19.75,19.75,19.75,100,0
2013-10-25,15:50:00,19.8,19.8,19.8,19.8,400,0
2013-10-25,18:45:00,19.89,19.89,19.89,19.89,480,0
2013-10-28,16:10:00,19.93,19.93,19.93,19.93,180,0
2013-10-29,16:20:00,19.96,19.96,19.96,19.96,603,0
2013-10-29,18:40:00,19.96,19.97,19.96,19.97,600,0
2013-10-29,20:50:00,20.02,20.02,20.02,20.02,500,0
2013-10-29,21:00:00,20.02,20.02,20.02,20.02,200,0
2013-10-30,14:35:00,19.91,19.91,19.91,19.91,100,0
2013-10-30,15:05:00,19.84,19.84,19.84,19.84,225,0
2013-10-30,18:05:00,19.84,19.84,19.84,19.84,100,0
2013-10-31,16:40:00,19.89,19.89,19.89,19.89,389,0
2013-10-31,17:50:00,19.89,19.89,19.89,19.89,520,0
2013-10-31,17:55:00,19.78,19.78,19.78,19.78,100,0
2013-10-31,18:15:00,19.78,19.78,19.78,19.78,180,0
2013-10-31,18:35:00,19.78,19.78,19.78,19.78,350,0
2013-11-01,15:40:00,19.86,19.87,19.86,19.86,700,0
2013-11-01,16:40:00,19.84,19.84,19.84,19.84,394,0
2013-11-01,18:10:00,19.87,19.87,19.87,19.87,600,0
2013-11-01,19:50:00,19.88,19.88,19.88,19.88,218,0
2013-11-04,15:35:00,19.87,19.87,19.87,19.87,100,0
2013-11-05,20:05:00,19.79,19.79,19.79,19.79,150,0
2013-11-05,20:50:00,19.79,19.79,19.79,19.79,250,0
2013-11-06,15:45:00,19.87,19.87,19.87,19.87,200,0
2013-11-06,15:50:00,19.88,19.89,19.87,19.89,400,0
2013-11-06,18:45:00,19.89,19.89,19.89,19.89,201,0
2013-11-06,19:50:00,19.85,19.85,19.85,19.85,116,0
2013-11-06,21:35:00,19.86,19.86,19.86,19.86,200,0
2013-11-06,21:40:00,19.86,19.86,19.86,19.86,406,0
2013-11-06,21:55:00,19.9,19.9,19.88,19.88,1900,0
2013-11-07,15:40:00,19.87,19.87,19.87,19.87,300,0
2013-11-07,16:05:00,19.81,19.81,19.81,19.81,150,0
2013-11-07,20:55:00,19.87,19.87,19.87,19.87,504,0
2013-11-08,15:45:00,19.8,19.8,19.8,19.8,300,0
2013-11-08,16:15:00,19.8,19.8,19.8,19.8,125,0
2013-11-08,18:45:00,19.78,19.8,19.78,19.8,1050,0
2013-11-11,18:20:00,19.84,19.84,19.84,19.84,600,0
2013-11-11,18:25:00,19.83,19.83,19.81,19.82,400,0
2013-11-11,18:30:00,19.83,19.83,19.82,19.82,400,0
2013-11-11,18:35:00,19.83,19.83,19.83,19.83,100,0
2013-11-12,18:55:00,19.77,19.77,19.77,19.77,500,0
2013-11-12,21:05:00,19.83,19.83,19.83,19.83,1000,0
2013-11-13,20:15:00,19.78,19.78,19.78,19.78,100,0
2013-11-13,21:45:00,19.78,19.78,19.78,19.78,100,0
2013-11-14,17:30:00,19.81,19.81,19.81,19.81,150,0
2013-11-14,19:50:00,19.82,19.82,19.82,19.82,200,0
2013-11-14,19:55:00,19.82,19.82,19.82,19.82,150,0
2013-11-15,16:45:00,19.81,19.81,19.81,19.81,100,0
2013-11-15,20:25:00,19.81,19.81,19.81,19.81,400,0
2013-11-18,19:10:00,19.79,19.81,19.79,19.81,600,0
2013-11-19,15:35:00,19.66,19.66,19.66,19.66,100,0
2013-11-19,16:05:00,19.81,19.81,19.81,19.81,100,0
2013-11-20,17:20:00,19.87,19.87,19.87,19.87,500,0
2013-11-20,17:50:00,19.81,19.81,19.81,19.81,500,0
2013-11-21,16:30:00,19.81,19.82,19.81,19.81,1100,0
2013-11-21,16:35:00,19.81,19.81,19.81,19.81,4500,0
2013-11-21,17:35:00,19.78,19.78,19.78,19.78,415,0
2013-11-21,18:30:00,19.78,19.78,19.78,19.78,100,0
2013-11-21,19:00:00,19.78,19.78,19.78,19.78,100,0
2013-11-21,19:15:00,19.78,19.78,19.78,19.78,150,0
2013-11-22,17:00:00,19.89,19.89,19.89,19.89,500,0
2013-11-22,17:25:00,19.89,19.89,19.89,19.89,750,0
2013-11-22,19:25:00,19.89,19.89,19.89,19.89,250,0
2013-11-22,20:30:00,19.78,19.78,19.78,19.78,500,0
2013-11-22,20:45:00,19.78,19.78,19.78,19.78,500,0
2013-11-22,21:10:00,19.78,19.8,19.78,19.8,400,0
2013-11-25,16:30:00,19.89,19.89,19.89,19.89,505,0
2013-11-25,20:55:00,19.77,19.77,19.77,19.77,200,0
2013-11-26,17:20:00,19.78,19.78,19.78,19.78,500,0
2013-11-26,20:30:00,19.78,19.78,19.78,19.78,100,0
2013-11-27,16:05:00,19.79,19.79,19.79,19.79,180,0
2013-11-27,16:15:00,19.91,19.91,19.91,19.91,200,0
2013-11-27,17:35:00,19.79,19.79,19.79,19.79,100,0
2013-11-27,20:05:00,19.78,19.78,19.78,19.78,200,0
2013-11-27,20:25:00,19.79,19.81,19.79,19.81,300,0
2013-11-27,21:05:00,19.84,19.84,19.73,19.73,500,0
2013-11-29,15:45:00,19.8,19.8,19.8,19.8,250,0
2013-12-02,18:20:00,19.8,19.81,19.79,19.79,1200,0
2013-12-03,16:05:00,19.82,19.82,19.82,19.82,100,0
2013-12-04,21:55:00,19.91,19.91,19.88,19.88,1180,0
2013-12-05,16:05:00,19.8,19.81,19.8,19.81,400,0
2013-12-05,16:20:00,19.8,19.81,19.8,19.81,300,0
2013-12-05,16:50:00,19.78,19.78,19.78,19.78,200,0
2013-12-05,18:00:00,19.78,19.78,19.78,19.78,180,0
2013-12-05,20:15:00,19.78,19.78,19.78,19.78,116,0
2013-12-06,21:00:00,19.81,19.81,19.81,19.81,175,0
2013-12-11,15:40:00,19.81,19.81,19.8,19.8,500,0
2013-12-11,16:15:00,19.79,19.79,19.79,19.79,200,0
2013-12-11,16:35:00,19.8,19.8,19.8,19.8,200,0
2013-12-11,18:50:00,19.8,19.8,19.77,19.77,472,0
2013-12-11,19:00:00,19.79,19.8,19.79,19.8,200,0
2013-12-11,19:30:00,19.81,19.81,19.81,19.81,400,0
2013-12-13,16:30:00,19.81,19.81,19.81,19.81,200,0
2013-12-13,18:05:00,19.8,19.8,19.8,19.8,100,0
2013-12-13,19:20:00,19.8,19.81,19.8,19.81,200,0
2013-12-16,17:10:00,19.81,19.82,19.8,19.81,900,0
2013-12-16,17:45:00,19.81,19.82,19.81,19.82,500,0
2013-12-16,19:15:00,19.8,19.8,19.78,19.78,300,0
2013-12-17,17:00:00,19.8,19.8,19.8,19.8,200,0
2013-12-18,20:50:00,19.8,19.82,19.8,19.82,700,0
2013-12-18,21:50:00,19.81,19.81,19.81,19.81,200,0
2013-12-20,18:25:00,19.77,19.77,19.77,19.77,200,0
2013-12-20,20:00:00,19.8,19.8,19.8,19.8,900,0
2013-12-20,20:45:00,19.78,19.78,19.78,19.78,200,0
2013-12-23,21:25:00,19.8,19.8,19.8,19.8,200,0
2013-12-24,15:35:00,19.79,19.79,19.79,19.79,400,0
2013-12-24,17:10:00,19.81,19.81,19.81,19.81,200,0
2013-12-24,18:00:00,19.8,19.8,19.8,19.8,600,0
2013-12-27,18:25:00,19.8,19.81,19.77,19.81,435,0
2013-12-30,15:45:00,19.8,19.8,19.8,19.8,200,0
2013-12-30,20:20:00,19.81,19.81,19.81,19.81,100,0
2013-12-31,15:35:00,19.8,19.8,19.8,19.8,300,0
2013-12-31,17:00:00,19.86,19.86,19.86,19.86,300,0
2014-01-02,16:50:00,19.8,19.81,19.73,19.81,1160,0
2014-01-02,18:25:00,19.8,19.8,19.8,19.8,300,0
2014-01-03,21:25:00,19.81,19.81,19.81,19.81,100,0
2014-01-06,18:40:00,19.8,19.8,19.8,19.8,200,0
2014-01-07,15:55:00,19.81,19.81,19.81,19.81,100,0
2014-01-07,17:05:00,19.8,19.81,19.8,19.8,485,0
2014-01-08,19:45:00,19.8,19.81,19.8,19.81,500,0
2014-01-08,21:45:00,19.8,19.81,19.78,19.78,600,0
2014-01-08,21:55:00,19.86,19.86,19.86,19.86,300,0
2014-01-09,19:10:00,19.8,19.8,19.8,19.8,100,0
2014-01-09,20:10:00,19.8,19.8,19.8,19.8,600,0
2014-01-09,20:25:00,19.81,19.81,19.81,19.81,200,0
2014-01-09,21:30:00,19.8,19.8,19.8,19.8,400,0
2014-01-09,22:00:00,19.8,19.8,19.8,19.8,100,0
2014-01-10,16:20:00,19.86,19.86,19.86,19.86,140,0
2014-01-10,20:15:00,19.8,19.8,19.8,19.8,100,0
2014-01-13,19:25:00,19.81,19.81,19.81,19.81,100,0
2014-01-13,19:55:00,19.81,19.81,19.81,19.81,100,0
2014-01-13,20:15:00,19.81,19.81,19.81,19.81,100,0
2014-01-14,18:15:00,19.81,19.81,19.81,19.81,100,0
2014-01-14,18:45:00,19.81,19.81,19.81,19.81,100,0
2014-01-14,19:45:00,19.8,19.8,19.8,19.8,100,0
2014-01-14,19:50:00,19.8,19.81,19.8,19.81,200,0
2014-01-15,16:35:00,19.8,19.8,19.8,19.8,100,0
2014-01-16,20:30:00,19.86,19.86,19.86,19.86,225,0
2014-01-16,21:35:00,19.86,19.86,19.86,19.86,715,0
2014-01-17,17:10:00,19.85,19.85,19.81,19.81,300,0
2014-01-17,21:55:00,19.77,19.78,19.77,19.77,1000,0
2014-01-21,16:00:00,19.79,19.79,19.79,19.79,300,0
2014-01-21,16:50:00,19.79,19.79,19.79,19.79,300,0
2014-01-21,17:35:00,19.79,19.79,19.79,19.79,200,0
2014-01-21,21:05:00,19.8,19.81,19.8,19.8,500,0
2014-01-22,16:45:00,19.79,19.79,19.79,19.79,300,0
2014-01-23,20:35:00,19.79,19.79,19.79,19.79,400,0
2014-01-23,21:10:00,19.86,19.86,19.86,19.86,325,0
2014-01-24,18:45:00,19.85,19.85,19.85,19.85,350,0
2014-01-27,21:05:00,19.86,19.86,19.85,19.86,487,0
2014-01-29,19:50:00,19.79,19.79,19.79,19.79,400,0
2014-01-30,17:00:00,19.76,19.76,19.76,19.76,600,0
2014-01-31,17:05:00,19.79,19.8,19.79,19.8,500,0
2014-02-03,15:50:00,19.79,19.79,19.79,19.79,200,0
2014-02-03,20:25:00,19.78,19.78,19.76,19.76,2200,0
2014-02-03,20:50:00,19.8,19.82,19.8,19.8,900,0
2014-02-05,18:40:00,19.85,19.85,19.8,19.8,400,0
2014-02-06,15:35:00,19.79,19.85,19.79,19.79,1100,0
2014-02-07,20:25:00,19.1,19.25,19.1,19.25,300,0
2014-02-07,21:40:00,19.77,19.77,19.77,19.77,300,0
2014-02-10,17:45:00,19.85,19.85,19.85,19.85,248,0
2014-02-10,19:35:00,19.79,19.8,19.79,19.79,1225,0
2014-02-10,21:30:00,19.8,19.82,19.8,19.81,600,0
2014-02-11,20:50:00,19.8,19.8,19.8,19.8,100,0
2014-02-11,21:45:00,19.79,19.79,19.79,19.79,290,0
2014-02-12,15:35:00,19.85,19.85,19.85,19.85,600,0
2014-02-12,15:40:00,19.85,19.85,19.85,19.85,1000,0
2014-02-12,16:45:00,19.8,19.8,19.8,19.8,100,0
2014-02-12,17:10:00,19.84,19.84,19.84,19.84,1000,0
2014-02-12,22:00:00,19.84,19.84,19.84,19.84,300,0
2014-02-14,15:50:00,19.78,19.78,19.78,19.78,400,0
2014-02-14,15:55:00,19.79,19.79,19.77,19.77,9800,0
2014-02-14,19:05:00,18.07,18.07,18.07,18.07,122,0
2014-02-19,16:05:00,20.17,20.17,20.12,20.12,524,0
2014-02-19,16:25:00,20.12,20.12,20.12,20.12,225,0
2014-02-19,21:15:00,20.18,20.18,20.18,20.18,200,0
2014-02-19,21:50:00,20.22,20.22,20.22,20.22,632,0
2014-02-20,19:55:00,20.14,20.14,20.14,20.14,400,0
2014-02-21,16:30:00,20.16,20.16,20.16,20.16,150,0
2014-02-21,19:55:00,20.11,20.11,20.11,20.11,1136,0
2014-02-21,20:05:00,20.11,20.11,20.11,20.11,1410,0
2014-02-25,21:10:00,20.12,20.12,20.12,20.12,2077,0
2014-02-26,16:35:00,20.1,20.1,20.1,20.1,4800,0
2014-02-26,18:25:00,20.15,20.15,20.14,20.15,1500,0
2014-02-26,20:35:00,20.17,20.19,20.17,20.19,7600,0
2014-02-26,20:45:00,20.19,20.2,20.19,20.2,1200,0
2014-02-26,21:00:00,20.18,20.18,20.18,20.18,400,0
2014-03-04,20:35:00,20.31,20.31,20.31,20.31,120,0
2014-03-04,21:20:00,20.31,20.31,20.3,20.31,500,0
2014-03-04,21:30:00,20.28,20.28,20.28,20.28,2000,0
2014-03-06,20:55:00,20.04,20.09,20.04,20.09,700,0
2014-03-07,16:35:00,20.23,20.23,20.23,20.23,400,0
2014-03-07,16:45:00,20.22,20.22,20.22,20.22,200,0
2014-03-07,19:00:00,20.24,20.24,20.24,20.24,203,0
2014-03-10,15:20:00,20.01,20.01,20.01,20.01,529,0
2014-03-13,15:15:00,19.57,19.57,19.57,19.57,400,0
2014-03-14,18:40:00,19.76,19.76,19.76,19.76,600,0
2014-03-14,20:40:00,19.72,19.72,19.72,19.72,150,0
2014-03-17,20:00:00,19.49,19.49,19.49,19.49,183,0
2014-03-17,20:30:00,19.5,19.5,19.5,19.5,579,0
2014-03-18,18:00:00,19.62,19.62,19.62,19.62,200,0
2014-03-18,19:00:00,19.61,19.61,19.61,19.61,308,0
2014-03-19,20:10:00,19.66,19.66,19.66,19.66,160,0
2014-03-20,14:35:00,19.6,19.6,19.6,19.6,200,0
2014-03-20,21:00:00,19.65,19.65,19.65,19.65,100,0
2014-03-21,15:10:00,19.81,19.81,19.81,19.81,600,0
2014-03-21,15:30:00,19.76,19.76,19.76,19.76,175,0
2014-03-21,18:45:00,19.81,19.81,19.81,19.81,300,0
2014-03-21,20:55:00,19.76,19.76,19.76,19.76,239,0
2014-03-25,15:35:00,19.74,19.74,19.74,19.74,209,0
2014-03-25,19:30:00,19.72,19.72,19.72,19.72,200,0
2014-03-26,20:35:00,19.86,19.86,19.86,19.86,380,0
2014-03-27,17:15:00,20.05,20.07,20.05,20.07,2500,0
2014-03-27,18:40:00,20.14,20.14,20.14,20.14,1200,0
2014-03-28,17:45:00,20.14,20.14,20.14,20.14,111,0
2014-04-02,15:40:00,19.71,19.71,19.71,19.71,400,0
2014-04-07,20:30:00,20.05,20.05,20.05,20.05,200,0
2014-04-07,21:30:00,20.02,20.02,20.01,20.01,2300,0
2014-04-07,22:00:00,20.01,20.01,20.01,20.01,800,0
2014-04-08,17:55:00,20.12,20.12,20.12,20.12,1800,0
2014-04-08,18:05:00,20.13,20.13,20.13,20.13,1700,0
2014-04-09,16:35:00,20.36,20.36,20.36,20.36,400,0
2014-04-11,16:10:00,20.44,20.44,20.44,20.44,1000,0
2014-04-11,19:15:00,20.46,20.46,20.46,20.46,200,0
2014-04-11,19:20:00,20.48,20.48,20.48,20.48,750,0
2014-04-11,19:35:00,20.47,20.47,20.47,20.47,100,0
2014-04-14,18:25:00,20.54,20.54,20.54,20.54,300,0
2014-04-15,17:35:00,20.58,20.58,20.58,20.58,200,0
2014-04-17,16:55:00,20.62,20.65,20.61,20.62,1600,0
2014-04-17,18:15:00,20.67,20.67,20.67,20.67,100,0
2014-04-17,18:20:00,20.65,20.65,20.65,20.65,300,0
2014-04-17,19:35:00,20.62,20.62,20.62,20.62,150,0
2014-04-22,21:40:00,20.46,20.46,20.4,20.4,1300,0
2014-04-23,16:25:00,20.46,20.46,20.46,20.46,200,0
2014-04-23,19:10:00,20.5,20.5,20.5,20.5,100,0
2014-04-24,17:00:00,20.54,20.54,20.49,20.49,700,0
2014-04-24,17:10:00,20.53,20.53,20.53,20.53,300,0
2014-04-24,18:45:00,20.57,20.57,20.57,20.57,730,0
2014-04-24,18:50:00,20.58,20.58,20.58,20.58,1233,0
2014-04-25,16:05:00,20.34,20.34,20.34,20.34,140,0
2014-04-30,16:35:00,20.09,20.09,20.09,20.09,120,0
2014-04-30,21:45:00,20.12,20.12,20.12,20.12,400,0
2014-05-01,19:50:00,19.96,19.96,19.96,19.96,400,0
2014-05-02,16:40:00,20.0,20.0,20.0,20.0,200,0
2014-05-02,17:05:00,20.04,20.04,20.03,20.03,200,0
2014-05-02,18:25:00,20.01,20.01,20.01,20.01,100,0
2014-05-02,19:00:00,20.04,20.04,20.04,20.04,100,0
2014-05-02,20:05:00,20.03,20.03,20.03,20.03,200,0
2014-05-05,15:35:00,19.98,19.98,19.97,19.97,400,0
2014-05-05,15:40:00,19.96,19.96,19.95,19.95,200,0
2014-05-05,16:35:00,19.96,19.96,19.96,19.96,200,0
2014-05-05,17:45:00,19.98,19.98,19.98,19.98,350,0
2014-05-08,15:55:00,20.12,20.12,20.12,20.12,154,0
2014-05-08,16:00:00,20.06,20.06,20.06,20.06,308,0
2014-05-08,19:20:00,20.06,20.06,20.06,20.06,150,0
2014-05-09,15:50:00,20.21,20.22,20.21,20.22,500,0
2014-05-12,19:20:00,20.18,20.18,20.18,20.18,626,0
2014-05-12,20:40:00,20.22,20.22,20.22,20.22,150,0
2014-05-13,17:50:00,20.25,20.25,20.25,20.25,200,0
2014-05-13,21:55:00,20.37,20.37,20.37,20.37,500,0
2014-05-15,18:00:00,20.44,20.44,20.44,20.44,300,0
2014-05-19,16:20:00,20.61,20.61,20.61,20.61,536,0
2014-05-19,16:40:00,20.59,20.59,20.59,20.59,500,0
2014-05-19,21:05:00,20.52,20.52,20.51,20.51,700,0
2014-05-19,21:10:00,20.51,20.51,20.51,20.51,586,0
2014-05-21,18:20:00,20.95,20.95,20.95,20.95,362,0
2014-05-22,20:35:00,20.9,20.9,20.9,20.9,309,0
2014-05-23,20:35:00,20.9,20.9,20.9,20.9,114,0
2014-05-28,21:45:00,20.69,20.69,20.69,20.69,400,0
2014-05-29,19:15:00,20.82,20.82,20.82,20.82,500,0
2014-05-29,21:35:00,20.85,20.86,20.85,20.86,400,0
2014-05-29,22:00:00,20.78,20.78,20.77,20.77,1144,0
2014-05-30,18:55:00,20.67,20.67,20.67,20.67,2000,0
2014-05-30,21:50:00,20.7,20.7,20.7,20.7,200,0
2014-05-30,21:55:00,20.7,20.7,20.7,20.7,497,0
2014-06-04,16:20:00,20.89,20.89,20.89,20.89,200,0
2014-06-04,20:45:00,20.77,20.77,20.77,20.77,329,0
2014-06-05,16:50:00,20.62,20.62,20.62,20.62,300,0
2014-06-09,20:50:00,20.94,20.96,20.94,20.94,2175,0
2014-06-09,21:05:00,21.03,21.03,21.03,21.03,500,0
2014-06-10,17:20:00,21.01,21.01,21.01,21.01,200,0
2014-06-10,18:00:00,20.92,20.92,20.92,20.92,357,0
2014-06-10,22:00:00,20.94,20.94,20.94,20.94,200,0
2014-06-11,17:10:00,21.1,21.11,21.1,21.1,1700,0
2014-06-11,17:15:00,21.1,21.11,21.1,21.11,700,0
2014-06-12,17:45:00,21.24,21.24,21.24,21.24,385,0
2014-06-12,18:20:00,21.35,21.35,21.35,21.35,995,0
2014-06-13,20:00:00,21.48,21.48,21.48,21.48,300,0
2014-06-13,20:05:00,21.48,21.48,21.48,21.48,500,0
2014-06-16,20:05:00,21.49,21.49,21.49,21.49,200,0
2014-06-17,17:55:00,21.49,21.49,21.49,21.49,200,0
2014-06-18,21:50:00,21.44,21.44,21.44,21.44,300,0
2014-06-24,20:20:00,21.6,21.6,21.6,21.6,113,0
2014-06-24,20:25:00,21.62,21.62,21.61,21.61,210,0
2014-06-25,17:45:00,21.68,21.69,21.68,21.69,500,0
2014-06-25,17:50:00,21.61,21.61,21.61,21.61,125,0
2014-06-25,18:10:00,21.71,21.71,21.7,21.71,1541,0
2014-06-25,18:15:00,21.67,21.67,21.67,21.67,750,0
2014-06-25,18:20:00,21.71,21.71,21.7,21.7,900,0
2014-06-26,15:35:00,21.69,21.7,21.69,21.7,200,0
2014-06-26,15:40:00,21.7,21.7,21.68,21.68,550,0
2014-06-26,16:15:00,21.49,21.49,21.49,21.49,100,0
2014-06-26,17:30:00,21.49,21.49,21.49,21.49,1000,0
2014-06-26,20:45:00,21.55,21.55,21.55,21.55,100,0
2014-06-27,17:05:00,21.65,21.65,21.65,21.65,1000,0
2014-06-30,17:05:00,21.52,21.52,21.52,21.52,300,0
2014-06-30,17:30:00,21.59,21.59,21.59,21.59,200,0
2014-07-01,18:45:00,21.47,21.47,21.47,21.47,200,0
2014-07-03,16:20:00,21.41,21.41,21.41,21.41,401,0
2014-07-03,17:10:00,21.42,21.42,21.42,21.42,160,0
2014-07-07,15:40:00,21.3,21.3,21.3,21.3,100,0
2014-07-07,16:00:00,21.27,21.27,21.27,21.27,300,0
2014-07-07,22:00:00,21.27,21.27,21.27,21.27,100,0
2014-07-08,17:35:00,21.21,21.21,21.21,21.21,689,0
2014-07-08,22:00:00,21.21,21.21,21.21,21.21,200,0
2014-07-09,20:05:00,21.12,21.12,21.12,21.12,235,0
2014-07-09,21:45:00,21.12,21.12,21.12,21.12,246,0
2014-07-15,18:20:00,20.73,20.74,20.73,20.74,1000,0
2014-07-15,18:30:00,20.73,20.73,20.73,20.73,800,0
2014-07-15,19:30:00,20.72,20.72,20.68,20.68,400,0
2014-07-15,22:00:00,20.68,20.68,20.68,20.68,100,0
2014-07-16,16:35:00,20.98,20.98,20.98,20.98,100,0
2014-07-16,21:15:00,20.97,20.97,20.97,20.97,100,0
2014-07-16,21:20:00,20.95,20.96,20.95,20.96,300,0
2014-07-16,21:35:00,20.88,20.88,20.88,20.88,100,0
2014-07-18,17:50:00,21.03,21.03,21.03,21.03,268,0
2014-07-21,15:45:00,20.93,20.93,20.93,20.93,100,0
2014-07-21,15:55:00,20.95,20.95,20.95,20.95,400,0
2014-07-23,19:40:00,21.22,21.22,21.22,21.22,200,0
2014-07-25,18:30:00,20.99,20.99,20.99,20.99,250,0
2014-07-25,22:00:00,20.99,20.99,20.99,20.99,125,0
2014-07-28,21:10:00,21.0,21.0,21.0,21.0,267,0
2014-07-28,21:35:00,20.86,20.86,20.86,20.86,500,0
2014-07-28,22:00:00,20.86,20.86,20.86,20.86,200,0
2014-07-30,20:05:00,20.58,20.66,19.0,20.65,3200,0
2014-07-30,22:00:00,20.65,20.65,20.65,20.65,200,0
2014-07-31,19:20:00,20.5,20.5,20.5,20.5,700,0
2014-07-31,20:35:00,20.42,20.42,20.42,20.42,171,0
2014-08-04,16:35:00,20.43,20.43,20.43,20.43,849,0
2014-08-06,21:35:00,20.4,20.4,20.4,20.4,110,0
2014-08-06,22:00:00,20.41,20.41,20.41,20.41,100,0
2014-08-07,18:25:00,20.35,20.35,20.35,20.35,250,0
2014-08-08,16:10:00,20.4,20.4,20.4,20.4,100,0
2014-08-08,17:40:00,20.51,20.51,20.51,20.51,539,0
2014-08-08,21:50:00,20.5,20.5,20.5,20.5,100,0
2014-08-11,18:00:00,20.4,20.4,20.4,20.4,191,0
2014-08-12,16:40:00,20.5,20.5,20.5,20.5,343,0
2014-08-14,17:20:00,20.4,20.4,20.4,20.4,500,0
2014-08-14,19:05:00,20.38,20.38,20.38,20.38,350,0
2014-08-15,16:35:00,20.42,20.42,20.42,20.42,1600,0
2014-08-18,21:05:00,20.38,20.38,20.38,20.38,250,0
2014-08-20,16:55:00,20.38,20.38,20.38,20.38,400,0
2014-08-22,20:25:00,20.38,20.38,20.38,20.38,610,0
2014-08-22,20:45:00,20.38,20.5,20.38,20.5,1032,0
2014-08-22,20:50:00,20.38,20.38,20.38,20.38,700,0
2014-08-25,20:35:00,20.49,20.49,20.49,20.49,278,0
2014-08-26,20:05:00,20.44,20.44,20.44,20.44,200,0
2014-08-26,20:10:00,20.39,20.39,20.39,20.39,100,0
2014-08-28,19:25:00,20.46,20.46,20.46,20.46,250,0
2014-08-29,16:00:00,20.46,20.46,20.46,20.46,200,0
2014-09-03,15:35:00,29.49,29.49,29.49,29.49,300,0
2014-09-03,16:30:00,20.46,20.46,20.46,20.46,300,0
2014-09-03,20:40:00,22.43,22.43,22.43,22.43,450,0
2014-09-04,15:35:00,20.49,20.5,20.49,20.5,400,0
2014-09-04,21:40:00,20.49,20.49,20.49,20.49,200,0
2014-09-05,19:15:00,20.5,20.5,20.5,20.5,100,0
2014-09-09,17:25:00,20.42,20.42,20.42,20.42,300,0
2014-09-12,17:30:00,20.37,20.43,20.37,20.43,500,0
2014-09-12,19:45:00,20.37,20.37,20.37,20.37,300,0
2014-09-12,19:50:00,20.41,20.41,20.38,20.38,900,0
2014-09-12,19:55:00,20.38,20.38,20.38,20.38,600,0
2014-09-15,16:00:00,20.37,20.39,20.37,20.38,1000,0
2014-09-15,17:30:00,20.38,20.42,20.38,20.39,850,0
2014-09-15,17:45:00,20.42,20.42,20.38,20.38,600,0
2014-09-15,17:50:00,20.42,20.42,20.38,20.38,600,0
2014-09-16,21:35:00,20.37,20.37,20.37,20.37,138,0
2014-09-18,20:20:00,20.38,20.38,20.38,20.38,100,0
2014-09-18,21:20:00,20.49,20.49,20.49,20.49,220,0
2014-09-19,19:55:00,20.43,20.43,20.43,20.43,400,0
2014-09-22,16:45:00,20.37,20.37,20.37,20.37,250,0
2014-10-02,21:40:00,20.49,20.49,20.49,20.49,1000,0
2014-10-03,20:00:00,20.41,20.41,20.38,20.38,600,0
2014-10-03,20:30:00,20.38,20.38,20.37,20.38,500,0
2014-10-03,20:55:00,20.39,20.39,20.37,20.37,600,0
2014-10-08,19:45:00,20.4,20.4,20.36,20.36,1600,0
2014-10-15,18:15:00,20.51,20.51,20.51,20.51,1000,0
2014-10-16,15:50:00,20.5,20.51,20.5,20.51,2050,0
2014-10-16,16:15:00,20.51,20.51,20.51,20.51,900,0
2014-10-16,16:50:00,20.48,20.48,20.48,20.48,250,0
2014-10-16,17:05:00,20.52,20.52,20.48,20.48,200,0
2014-10-16,20:05:00,20.52,20.53,20.51,20.53,4425,0
2014-10-16,20:50:00,20.47,20.47,20.47,20.47,1632,0
2014-10-17,15:35:00,20.47,20.47,20.47,20.47,440,0
2014-10-17,16:20:00,20.51,20.51,20.51,20.51,300,0
2014-10-17,19:25:00,20.4,20.4,20.4,20.4,200,0
2014-10-20,21:30:00,20.5,20.5,20.5,20.5,200,0
2014-10-21,19:20:00,20.51,20.51,20.51,20.51,145,0
2014-10-22,17:20:00,20.5,20.5,20.5,20.5,302,0
2014-10-22,19:15:00,20.38,20.38,20.36,20.36,200,0
2014-10-24,20:25:00,20.4,20.4,20.4,20.4,100,0
2014-10-24,21:00:00,20.43,20.43,20.43,20.43,200,0
2014-10-27,17:05:00,20.38,20.38,20.38,20.38,500,0
2014-10-27,17:20:00,20.44,20.53,20.44,20.52,1760,0
2014-10-28,19:50:00,20.5,20.51,20.5,20.5,2000,0
2014-10-29,19:30:00,20.42,20.42,20.42,20.42,9404,0
2014-10-29,20:00:00,20.42,20.44,20.42,20.44,307,0
2014-10-29,20:20:00,20.47,20.47,20.47,20.47,206,0
2014-10-30,15:10:00,20.35,20.35,20.35,20.35,100,0
2014-11-04,21:00:00,20.48,20.48,20.48,20.48,420,0
2014-11-04,21:05:00,20.49,20.49,20.49,20.49,560,0
2014-11-04,21:10:00,20.5,20.5,20.5,20.5,240,0
2014-11-10,17:15:00,20.39,20.39,20.39,20.39,190,0
2014-11-10,17:55:00,20.5,20.5,20.5,20.5,108,0
2014-11-14,22:00:00,20.52,20.52,20.51,20.52,1370,0
2014-11-17,16:55:00,20.49,20.49,20.49,20.49,133,0
2014-11-19,18:45:00,20.39,20.39,20.39,20.39,329,0
2014-11-19,20:35:00,20.49,20.5,20.49,20.5,2500,0
2014-11-20,18:30:00,20.41,20.41,20.41,20.41,100,0
2014-11-21,15:40:00,20.39,20.39,20.38,20.38,2056,0
2014-11-21,20:45:00,20.5,20.5,20.5,20.5,110,0
2014-11-21,21:45:00,20.49,20.5,20.49,20.5,1220,0
2014-11-21,21:50:00,20.48,20.48,20.46,20.46,1400,0
2014-12-01,19:35:00,20.39,20.39,20.39,20.39,143,0
2014-12-02,16:50:00,20.5,20.5,20.5,20.5,240,0
2014-12-04,18:00:00,20.39,20.39,20.38,20.38,700,0
2014-12-04,19:20:00,20.49,20.49,20.49,20.49,200,0
2014-12-05,17:10:00,20.46,20.46,20.46,20.46,732,0
2014-12-05,18:10:00,20.5,20.5,20.5,20.5,500,0
2014-12-05,21:20:00,20.5,20.5,20.5,20.5,500,0
2014-12-05,21:30:00,20.48,20.5,20.48,20.5,434,0
2014-12-08,21:25:00,20.49,20.49,20.39,20.39,500,0
2014-12-10,16:00:00,20.48,20.49,20.48,20.49,9244,0
2014-12-10,17:35:00,20.51,20.51,20.51,20.51,108,0
2014-12-11,16:45:00,20.39,20.42,20.39,20.42,1066,0
2014-12-11,18:45:00,20.46,20.46,20.46,20.46,2400,0
2014-12-11,20:55:00,20.5,20.5,20.5,20.5,600,0
2014-12-12,16:30:00,20.49,20.49,20.49,20.49,100,0
2014-12-12,17:30:00,20.49,20.49,20.49,20.49,100,0
2014-12-12,19:30:00,20.49,20.49,20.49,20.49,227,0
2014-12-15,16:10:00,20.5,20.5,20.5,20.5,100,0
2014-12-15,20:00:00,20.43,20.43,20.43,20.43,500,0
2014-12-16,16:10:00,20.49,20.49,20.49,20.49,200,0
2014-12-17,16:10:00,20.49,20.49,20.49,20.49,100,0
2014-12-17,16:55:00,20.49,20.49,20.49,20.49,100,0
2014-12-17,17:20:00,20.49,20.49,20.49,20.49,100,0
2014-12-17,17:45:00,20.49,20.49,20.49,20.49,100,0
2014-12-17,18:20:00,20.49,20.49,20.49,20.49,100,0
2014-12-17,18:50:00,20.5,20.5,20.5,20.5,100,0
2014-12-17,19:30:00,20.5,20.5,20.5,20.5,413,0
2014-12-18,16:40:00,20.5,20.5,20.5,20.5,200,0
2014-12-18,17:55:00,20.5,20.5,20.5,20.5,300,0
2014-12-18,20:05:00,20.5,20.5,20.5,20.5,200,0
2014-12-18,21:20:00,20.5,20.5,20.5,20.5,130,0
2014-12-18,21:45:00,20.5,20.5,20.5,20.5,300,0
2014-12-24,18:40:00,20.5,20.5,20.5,20.5,200,0
2014-12-30,20:50:00,20.43,20.43,20.43,20.43,100,0
2014-12-31,21:05:00,20.38,20.38,20.38,20.38,100,0
2015-01-02,19:30:00,20.51,20.51,20.51,20.51,200,0
2015-01-06,18:30:00,20.42,20.42,20.42,20.42,500,0
2015-01-07,18:15:00,20.45,20.45,20.45,20.45,200,0
2015-01-07,18:20:00,20.52,20.52,20.51,20.51,400,0
2015-01-07,18:25:00,20.5,20.5,20.5,20.5,1100,0
2015-01-07,19:00:00,20.42,20.42,20.39,20.39,2000,0
2015-01-08,16:30:00,20.5,20.5,20.49,20.49,300,0
2015-01-08,22:00:00,20.45,20.45,20.45,20.45,200,0
2015-01-09,19:15:00,20.38,20.38,20.38,20.38,139,0
2015-01-12,20:35:00,20.4,20.4,20.4,20.4,300,0
2015-01-13,16:10:00,20.5,20.5,20.5,20.5,485,0
2015-01-13,18:00:00,20.51,20.51,20.51,20.51,231,0
2015-01-13,18:05:00,20.51,20.51,20.51,20.51,100,0
2015-01-15,15:35:00,20.4,20.42,20.39,20.42,1100,0
2015-01-15,15:40:00,20.37,20.39,20.35,20.35,2300,0
2015-01-15,15:45:00,20.33,20.33,20.32,20.32,400,0
2015-01-15,15:55:00,20.5,20.5,20.5,20.5,100,0
2015-01-15,16:50:00,20.5,20.5,20.5,20.5,100,0
2015-01-15,19:10:00,20.5,20.5,20.5,20.5,100,0
2015-01-15,21:30:00,20.5,20.5,20.5,20.5,100,0
2015-01-15,21:35:00,20.34,20.34,20.34,20.34,1000,0
2015-01-20,16:40:00,20.37,20.37,20.37,20.37,100,0
2015-01-20,20:40:00,20.49,20.49,20.49,20.49,1450,0
2015-01-21,16:30:00,20.47,20.47,20.47,20.47,100,0
2015-01-21,17:15:00,20.47,20.47,20.47,20.47,200,0
2015-01-21,18:10:00,20.47,20.47,20.47,20.47,100,0
2015-01-21,19:30:00,20.48,20.48,20.48,20.48,202,0
2015-01-22,18:10:00,20.47,20.47,20.46,20.47,2500,0
2015-01-27,17:10:00,20.5,20.5,20.5,20.5,500,0
2015-01-27,18:25:00,20.44,20.44,20.44,20.44,400,0
2015-01-27,20:20:00,20.5,20.5,20.5,20.5,100,0
2015-01-27,20:30:00,20.5,20.5,20.5,20.5,200,0
2015-01-27,20:35:00,20.5,20.5,20.5,20.5,100,0
2015-01-27,20:40:00,20.5,20.5,20.5,20.5,100,0
2015-01-27,20:45:00,20.5,20.5,20.5,20.5,200,0
2015-01-27,21:10:00,20.35,20.35,20.35,20.35,600,0
2015-01-28,17:10:00,20.45,20.45,20.45,20.45,444,0
2015-01-30,20:10:00,20.33,20.33,20.33,20.33,129,0
2015-02-02,16:25:00,20.37,20.37,20.37,20.37,100,0
2015-02-03,20:30:00,20.33,20.33,20.33,20.33,101,0
2015-02-03,20:35:00,20.33,20.33,20.33,20.33,101,0
2015-02-05,20:50:00,20.46,20.46,20.46,20.46,293,0
2015-02-06,20:40:00,20.51,20.51,20.51,20.51,136,0
2015-02-06,21:45:00,20.5,20.5,20.49,20.49,2425,0
2015-02-13,15:45:00,20.51,20.57,20.51,20.57,1900,0
2015-02-13,15:50:00,20.33,20.34,20.33,20.34,1600,0
2015-02-13,16:15:00,20.51,20.51,20.51,20.51,100,0
2015-02-13,16:30:00,20.5,20.5,20.5,20.5,300,0
2015-02-13,16:35:00,20.51,20.51,20.51,20.51,100,0
2015-02-13,16:55:00,20.54,20.54,20.54,20.54,100,0
2015-02-13,17:20:00,20.54,20.54,20.54,20.54,100,0
2015-02-13,17:50:00,20.54,20.54,20.54,20.54,100,0
2015-02-13,18:20:00,20.54,20.54,20.54,20.54,100,0
2015-02-13,18:45:00,20.54,20.54,20.54,20.54,100,0
2015-02-13,19:30:00,20.54,20.54,20.54,20.54,261,0
2015-02-13,20:45:00,20.54,20.54,20.54,20.54,200,0
2015-02-17,20:10:00,20.51,20.51,20.51,20.51,105,0
2015-02-17,20:25:00,20.51,20.51,20.51,20.51,725,0
2015-02-19,16:50:00,20.52,20.52,20.52,20.52,1200,0
2015-02-19,17:05:00,20.55,20.56,20.55,20.56,386,0
2015-02-20,21:30:00,20.33,20.33,20.33,20.33,952,0
2015-02-23,17:00:00,20.49,20.49,20.49,20.49,245,0
2015-02-23,21:00:00,20.48,20.48,20.48,20.48,119,0
2015-02-23,21:20:00,20.52,20.52,20.52,20.52,435,0
2015-02-24,16:20:00,20.55,20.55,20.55,20.55,100,0
2015-02-24,16:55:00,20.55,20.55,20.55,20.55,100,0
2015-02-24,17:35:00,20.55,20.55,20.55,20.55,100,0
2015-02-24,18:25:00,20.55,20.55,20.55,20.55,100,0
2015-02-24,19:30:00,20.55,20.55,20.54,20.54,227,0
2015-02-25,21:25:00,20.54,20.54,20.54,20.54,730,0
2015-02-25,21:55:00,20.51,20.51,20.51,20.51,480,0
2015-02-26,16:00:00,20.55,20.55,20.55,20.55,100,0
2015-02-26,16:10:00,20.55,20.55,20.55,20.55,100,0
2015-02-26,16:20:00,20.55,20.55,20.55,20.55,100,0
2015-02-26,16:30:00,20.55,20.55,20.55,20.55,100,0
2015-02-26,16:45:00,20.55,20.55,20.55,20.55,100,0
2015-02-26,17:00:00,20.55,20.55,20.55,20.55,100,0
2015-02-26,17:15:00,20.55,20.55,20.55,20.55,100,0
2015-02-26,17:35:00,20.55,20.55,20.55,20.55,100,0
2015-02-26,17:50:00,20.55,20.55,20.55,20.55,100,0
2015-02-26,18:10:00,20.55,20.55,20.55,20.55,100,0
2015-02-26,18:25:00,20.55,20.55,20.55,20.55,100,0
2015-02-26,18:40:00,20.55,20.55,20.55,20.55,100,0
2015-02-26,18:55:00,20.55,20.55,20.55,20.55,100,0
2015-02-26,19:05:00,20.55,20.55,20.55,20.55,100,0
2015-02-26,19:30:00,20.55,20.55,20.54,20.54,280,0
2015-02-27,21:05:00,20.55,20.55,20.55,20.55,250,0
2015-03-02,17:55:00,20.55,20.55,20.55,20.55,2,0
2015-03-02,20:30:00,20.53,20.55,20.5,20.55,845,0
2015-03-02,20:40:00,20.54,20.54,20.54,20.54,100,0
2015-03-02,20:45:00,20.54,20.54,20.54,20.54,73,0
2015-03-03,15:35:00,20.35,20.35,20.35,20.35,136,0
2015-03-03,16:25:00,20.32,20.32,20.32,20.32,3000,0
2015-03-04,16:10:00,20.54,20.54,20.54,20.54,100,0
2015-03-04,16:25:00,20.5238,20.5238,20.5238,20.5238,120,0
2015-03-04,17:55:00,20.52,20.52,20.52,20.52,200,0
2015-03-05,16:20:00,20.5,20.5,20.5,20.5,307,0
2015-03-06,19:30:00,20.55,20.55,20.55,20.55,157,0
2015-03-06,21:35:00,20.609,20.609,20.596,20.596,200,0
2015-03-09,15:20:00,20.59,20.59,20.59,20.59,100,0
2015-03-09,16:05:00,20.59,20.59,20.59,20.59,100,0
2015-03-09,16:55:00,20.59,20.59,20.59,20.59,100,0
2015-03-09,18:30:00,20.59,20.59,20.565,20.565,244,0
2015-03-10,17:20:00,20.549,20.549,20.549,20.549,120,0
2015-03-11,17:35:00,20.5109,20.5109,20.5109,20.5109,150,0
2015-03-11,18:30:00,20.53,20.53,20.53,20.53,200,0
2015-03-12,15:10:00,20.59,20.59,20.59,20.59,100,0
2015-03-12,19:45:00,20.3489,20.3489,20.3489,20.3489,152,0
2015-03-12,20:00:00,20.366,20.366,20.366,20.366,352,0
2015-03-13,18:20:00,20.5,20.5,20.5,20.5,975,0
2015-03-13,19:40:00,20.534,20.534,20.534,20.534,100,0
2015-03-13,20:40:00,20.55,20.55,20.55,20.55,400,0
2015-03-16,20:00:00,20.55,20.55,20.55,20.55,100,0
2015-03-18,16:10:00,20.321,20.321,20.321,20.321,106,0
2015-03-20,20:50:00,20.5132,20.5132,20.5132,20.5132,219,0
2015-03-23,20:20:00,20.3832,20.3832,20.3832,20.3832,500,0
2015-03-24,16:50:00,20.4764,20.4764,20.4764,20.4764,100,0
2015-03-25,20:30:00,20.3699,20.3699,20.3699,20.3699,150,0
2015-04-01,20:10:00,20.3512,20.3512,20.3512,20.3512,250,0
2015-04-01,21:15:00,20.3512,20.3512,20.3512,20.3512,14,0
2015-04-02,18:15:00,20.539,20.539,20.539,20.539,200,0
2015-04-08,18:20:00,20.5399,20.5399,20.5399,20.5399,390,0
2015-04-09,16:25:00,20.54,20.54,20.54,20.54,300,0
2015-04-09,21:30:00,20.49,20.49,20.37,20.37,200,0
2015-04-09,22:00:00,20.37,20.37,20.37,20.37,52,0
2015-04-10,15:35:00,20.33,20.33,20.33,20.33,250,0
2015-04-10,15:40:00,20.33,20.33,20.3205,20.3205,200,0
2015-04-15,16:20:00,20.53,20.54,20.4628,20.4628,863,0
2015-04-17,21:35:00,20.37,20.37,20.37,20.37,168,0
2015-04-17,21:55:00,20.3201,20.3201,20.3201,20.3201,26,0
2015-04-20,17:25:00,20.3863,20.3863,20.3863,20.3863,245,0
2015-04-21,17:15:00,20.5,20.53,20.5,20.53,200,0
2015-04-21,17:35:00,20.53,20.54,20.53,20.54,100,0
2015-04-21,18:05:00,20.54,20.54,20.54,20.54,100,0
2015-04-21,18:40:00,20.54,20.54,20.54,20.54,100,0
2015-04-21,19:15:00,20.54,20.54,20.54,20.54,100,0
2015-04-21,19:45:00,20.54,20.54,20.54,20.54,100,0
2015-04-21,20:15:00,20.54,20.54,20.54,20.54,100,0
2015-04-21,20:45:00,20.54,20.54,20.54,20.54,100,0
2015-04-21,21:10:00,20.54,20.54,20.54,20.54,100,0
2015-04-21,21:35:00,20.54,20.54,20.54,20.54,100,0
2015-04-21,21:50:00,20.54,20.54,20.54,20.54,100,0
2015-04-21,21:55:00,20.61,20.61,20.53,20.53,206,0
2015-04-22,17:15:00,20.4,20.401,20.4,20.4,394,0
2015-04-28,15:35:00,20.63,20.63,20.63,20.63,100,0
2015-04-28,21:30:00,20.799,20.799,20.799,20.799,2000,0
2015-04-28,21:35:00,20.7999,20.7999,20.7999,20.7999,100,0
2015-04-29,15:35:00,20.85,20.85,20.85,20.85,480,0
2015-05-01,15:35:00,21.25,21.25,21.25,21.25,475,0
2015-05-01,17:20:00,20.971,20.971,20.97,20.97,1348,0
2015-05-01,17:45:00,20.991,20.991,20.99,20.99,1064,0
2015-05-04,20:45:00,21.01,21.01,21.01,21.01,491,0
2015-05-05,16:05:00,21.491,21.513,21.491,21.513,480,0
2015-05-05,21:35:00,21.55,21.55,21.55,21.55,273,0
2015-05-07,15:35:00,21.11,21.11,21.11,21.11,176,0
2015-05-08,17:25:00,20.86,20.86,20.86,20.86,100,0
2015-05-12,17:15:00,21.23,21.23,21.23,21.23,103,0
2015-05-12,21:50:00,21.3001,21.3001,21.3001,21.3001,229,0
2015-05-13,15:35:00,21.55,21.55,21.55,21.55,100,0
2015-05-14,17:50:00,21.2699,21.2699,21.2699,21.2699,120,0
2015-05-14,17:55:00,21.269,21.269,21.269,21.269,205,0
2015-05-15,17:10:00,20.95,20.95,20.95,20.95,100,0
2015-05-18,18:05:00,21,21,21,21,135,0
2015-05-18,19:55:00,20.862,20.862,20.862,20.862,125,0
2015-05-19,17:10:00,20.4,20.4,20.4,20.4,202,0
2015-05-20,16:50:00,20.4528,20.4528,20.4528,20.4528,100,0
2015-05-20,17:55:00,20.506,20.506,20.506,20.506,322,0
2015-05-21,19:45:00,21.06,21.06,21.06,21.06,800,0
2015-05-28,20:25:00,19.9299,19.9299,19.74,19.74,245,0
2015-05-28,20:30:00,19.93,19.93,19.93,19.93,100,0
2015-05-28,21:10:00,20.1099,20.1099,20.1099,20.1099,100,0
2015-05-28,21:20:00,20.1099,20.1099,20.1099,20.1099,100,0
2015-05-29,19:35:00,20.74,20.74,20.74,20.74,100,0
2015-05-29,20:40:00,20.74,20.74,20.74,20.74,100,0
2015-06-01,16:50:00,20.6374,20.6374,20.6374,20.6374,117,0
2015-06-02,16:10:00,20.66,20.677,20.66,20.677,725,0
2015-06-02,17:10:00,20.8101,20.8101,20.8101,20.8101,900,0
2015-06-03,15:35:00,20.75,20.76,20.75,20.75,602,0
2015-06-04,19:15:00,20.1799,20.1799,20.1799,20.1799,964,0
2015-06-05,15:55:00,19.97,19.97,19.97,19.97,100,0
2015-06-05,17:05:00,20.13,20.13,20.13,20.13,100,0
2015-06-05,19:20:00,20.16,20.16,20.16,20.16,100,0
2015-06-05,20:15:00,20.32,20.32,20.32,20.32,100,0
2015-06-09,19:15:00,20.8,20.8,20.8,20.8,425,0
2015-06-10,16:40:00,20.97,20.97,20.961,20.961,1900,0
2015-06-10,18:00:00,21.0075,21.0075,21.0075,21.0075,300,0
2015-06-11,18:35:00,20.9174,20.9174,20.9174,20.9174,200,0
2015-06-18,17:25:00,20.8223,20.8223,20.8223,20.8223,400,0
2015-06-18,17:30:00,20.8223,20.8223,20.8223,20.8223,400,0
2015-06-19,17:40:00,20.4801,20.4801,20.4801,20.4801,485,0
2015-06-22,17:00:00,20.38,20.38,20.38,20.38,500,0
2015-06-22,17:10:00,20.4401,20.4401,20.4401,20.4401,100,0
2015-06-22,19:45:00,20.501,20.501,20.501,20.501,120,0
2015-06-23,19:40:00,20.961,20.961,20.96,20.96,500,0
2015-06-25,17:45:00,20.5131,20.5131,20.5131,20.5131,250,0
2015-06-25,17:50:00,20.5,20.5,20.42,20.42,200,0
2015-06-26,21:40:00,20.42,20.42,20.4106,20.4106,300,0
2015-06-29,19:50:00,20.2999,20.2999,20.2999,20.2999,543,0
2015-06-29,20:05:00,20.06,20.06,20.05,20.05,800,0
2015-06-30,15:35:00,20.2,20.2,20.2,20.2,500,0
2015-06-30,16:40:00,20.28,20.28,20.28,20.28,1220,0
2015-06-30,18:40:00,20.3,20.3,20.3,20.3,1275,0
2015-07-01,15:35:00,20.27,20.33,20.26,20.33,2800,0
2015-07-01,15:40:00,20.31,20.31,20.31,20.31,5000,0
2015-07-01,16:40:00,20.33,20.33,20.29,20.33,8375,0
2015-07-01,22:00:00,20.41,20.41,20.41,20.41,300,0
2015-07-06,19:10:00,20.41,20.41,20.41,20.41,300,0
2015-07-06,19:15:00,20.39,20.39,20.39,20.39,200,0
