Date,Time,Open,High,Low,Close,Volume,OpenInt
2015-06-04,15:35:00,25.107,25.107,25.107,25.107,100,0
2015-06-04,15:40:00,25.017,25.017,25.017,25.017,100,0
2015-06-04,16:30:00,25.047,25.047,25.047,25.047,100,0
2015-06-04,17:15:00,24.987,24.987,24.987,24.987,322,0
2015-06-04,17:35:00,24.987,24.987,24.937,24.937,492,0
2015-06-04,17:40:00,24.957,24.957,24.957,24.957,223,0
2015-06-04,17:50:00,24.947,24.947,24.947,24.947,100,0
2015-06-04,19:05:00,24.957,24.957,24.957,24.957,100,0
2015-06-04,20:25:00,24.947,24.947,24.947,24.947,100,0
2015-06-04,20:45:00,24.927,24.927,24.927,24.927,502,0
2015-06-04,21:05:00,24.907,24.907,24.907,24.907,223,0
2015-06-04,21:10:00,24.937,24.937,24.937,24.937,100,0
2015-06-04,21:15:00,24.897,24.897,24.897,24.897,242,0
2015-06-04,21:20:00,24.898,24.898,24.897,24.897,304,0
2015-06-04,21:25:00,24.897,24.898,24.871,24.871,728,0
2015-06-04,21:40:00,24.887,24.887,24.887,24.887,213,0
2015-06-04,22:00:00,24.907,24.907,24.907,24.907,332,0
2015-06-05,17:45:00,24.867,24.867,24.867,24.867,315,0
2015-06-05,17:50:00,24.827,24.862,24.827,24.862,239,0
2015-06-05,18:00:00,24.874,24.874,24.874,24.874,153,0
2015-06-05,18:10:00,24.853,24.853,24.853,24.853,147,0
2015-06-05,18:15:00,24.859,24.859,24.859,24.859,154,0
2015-06-05,18:35:00,24.827,24.827,24.827,24.827,200,0
2015-06-05,19:15:00,24.861,24.861,24.861,24.861,402,0
2015-06-05,20:10:00,24.867,24.867,24.867,24.867,163,0
2015-06-08,15:55:00,24.827,24.827,24.827,24.827,301,0
2015-06-08,16:20:00,24.856,24.857,24.856,24.857,502,0
2015-06-08,17:10:00,24.857,24.857,24.857,24.857,148,0
2015-06-08,18:15:00,24.837,24.837,24.837,24.837,364,0
2015-06-08,18:20:00,24.837,24.837,24.837,24.837,349,0
2015-06-08,19:00:00,24.827,24.827,24.827,24.827,200,0
2015-06-08,20:35:00,24.807,24.807,24.807,24.807,100,0
2015-06-08,20:50:00,24.851,24.851,24.851,24.851,135,0
2015-06-08,20:55:00,24.867,24.867,24.867,24.867,204,0
2015-06-08,21:55:00,24.785,24.785,24.785,24.785,175,0
2015-06-09,15:45:00,24.757,24.757,24.757,24.757,200,0
2015-06-09,15:50:00,24.727,24.727,24.727,24.727,100,0
2015-06-09,16:05:00,24.717,24.717,24.717,24.717,200,0
2015-06-09,16:25:00,24.747,24.747,24.747,24.747,100,0
2015-06-09,16:30:00,24.737,24.737,24.737,24.737,100,0
2015-06-09,16:35:00,24.718,24.718,24.718,24.718,2006,0
2015-06-09,17:35:00,24.817,24.817,24.817,24.817,100,0
2015-06-09,17:55:00,24.807,24.807,24.807,24.807,200,0
2015-06-09,18:10:00,24.807,24.807,24.807,24.807,100,0
2015-06-09,18:45:00,24.827,24.827,24.827,24.827,100,0
2015-06-09,19:30:00,24.837,24.837,24.837,24.837,200,0
2015-06-09,20:05:00,24.807,24.807,24.802,24.807,424,0
2015-06-10,17:10:00,25.024,25.024,25.024,25.024,108,0
2015-06-10,18:50:00,25.086,25.086,25.086,25.086,396,0
2015-06-11,16:20:00,25.182,25.182,25.182,25.182,271,0
2015-06-11,16:50:00,25.147,25.147,25.147,25.147,130,0
2015-06-11,16:55:00,25.147,25.147,25.147,25.147,2929,0
2015-06-11,17:05:00,25.137,25.147,25.137,25.147,13901,0
2015-06-11,17:10:00,25.137,25.137,25.137,25.137,2803,0
2015-06-11,17:15:00,25.166,25.166,25.166,25.166,5053,0
2015-06-11,17:25:00,25.166,25.166,25.166,25.166,101,0
2015-06-11,17:40:00,25.166,25.175,25.166,25.175,605,0
2015-06-11,17:45:00,25.166,25.166,25.166,25.166,100,0
2015-06-11,18:05:00,25.172,25.172,25.172,25.172,117,0
2015-06-11,19:55:00,25.211,25.211,25.211,25.211,100,0
2015-06-11,20:00:00,25.211,25.211,25.211,25.211,100,0
2015-06-11,20:45:00,25.203,25.206,25.203,25.206,210,0
2015-06-11,20:50:00,25.186,25.186,25.186,25.186,139,0
2015-06-11,21:05:00,25.186,25.186,25.186,25.186,100,0
2015-06-11,21:15:00,25.196,25.196,25.196,25.196,100,0
2015-06-11,21:30:00,25.186,25.186,25.186,25.186,686,0
2015-06-11,21:35:00,25.196,25.196,25.186,25.186,1356,0
2015-06-11,21:45:00,25.176,25.176,25.176,25.176,100,0
2015-06-11,21:50:00,25.16,25.16,25.16,25.16,1029,0
2015-06-12,15:40:00,25.107,25.107,25.107,25.107,200,0
2015-06-12,16:25:00,25.064,25.067,25.064,25.067,378,0
2015-06-12,17:25:00,25.055,25.055,25.055,25.055,109,0
2015-06-12,19:55:00,25.017,25.017,25.017,25.017,100,0
2015-06-12,20:15:00,25.037,25.037,25.037,25.037,595,0
2015-06-12,20:35:00,25.027,25.027,25.027,25.027,100,0
2015-06-12,21:30:00,25.041,25.041,25.041,25.041,114,0
2015-06-12,21:35:00,25.059,25.059,25.059,25.059,300,0
2015-06-12,21:40:00,25.051,25.051,25.051,25.051,200,0
2015-06-12,21:45:00,25.047,25.047,25.047,25.047,327,0
2015-06-12,21:50:00,25.057,25.057,25.057,25.057,390,0
2015-06-15,15:35:00,24.944,24.954,24.834,24.834,1105,0
2015-06-15,15:40:00,24.844,24.844,24.844,24.844,200,0
2015-06-15,15:45:00,24.844,24.844,24.824,24.824,801,0
2015-06-15,15:50:00,24.824,24.824,24.814,24.814,1903,0
2015-06-15,16:00:00,24.814,24.824,24.814,24.824,401,0
2015-06-15,16:05:00,24.824,24.854,24.824,24.854,801,0
2015-06-15,16:10:00,24.854,24.854,24.844,24.844,801,0
2015-06-15,16:15:00,24.834,24.854,24.834,24.854,801,0
2015-06-15,16:20:00,24.854,24.854,24.844,24.844,601,0
2015-06-15,16:25:00,24.834,24.854,24.834,24.844,801,0
2015-06-15,16:30:00,24.834,24.834,24.824,24.824,1302,0
2015-06-15,16:40:00,24.844,24.864,24.834,24.864,601,0
2015-06-15,16:45:00,24.864,24.864,24.864,24.864,601,0
2015-06-15,16:50:00,24.854,24.864,24.854,24.864,701,0
2015-06-15,16:55:00,24.854,24.854,24.854,24.854,601,0
2015-06-15,17:00:00,24.854,24.854,24.854,24.854,501,0
2015-06-15,17:05:00,24.864,24.914,24.864,24.894,601,0
2015-06-15,17:10:00,24.894,24.904,24.894,24.904,501,0
2015-06-15,17:15:00,24.914,24.944,24.914,24.944,601,0
2015-06-15,17:20:00,24.944,24.944,24.944,24.944,501,0
2015-06-15,17:25:00,24.944,24.944,24.904,24.904,601,0
2015-06-15,17:30:00,24.904,24.904,24.894,24.894,1102,0
2015-06-15,17:40:00,24.904,24.904,24.904,24.904,401,0
2015-06-15,17:45:00,24.904,24.914,24.904,24.914,401,0
2015-06-15,17:50:00,24.924,24.934,24.915,24.934,1022,0
2015-06-15,17:55:00,24.934,24.944,24.934,24.944,501,0
2015-06-15,18:00:00,24.944,24.944,24.914,24.924,401,0
2015-06-15,18:05:00,24.924,24.924,24.924,24.924,501,0
2015-06-15,18:10:00,24.924,24.934,24.924,24.934,501,0
2015-06-15,18:15:00,24.934,24.934,24.934,24.934,401,0
2015-06-15,18:20:00,24.934,24.934,24.934,24.934,501,0
2015-06-15,18:25:00,24.934,24.934,24.928,24.934,634,0
2015-06-15,18:30:00,24.934,24.934,24.924,24.924,401,0
2015-06-15,18:35:00,24.924,24.924,24.924,24.924,401,0
2015-06-15,18:40:00,24.924,24.924,24.924,24.924,501,0
2015-06-15,18:45:00,24.924,24.924,24.924,24.924,401,0
2015-06-15,18:50:00,24.924,24.924,24.924,24.924,401,0
2015-06-15,18:55:00,24.944,24.944,24.944,24.944,501,0
2015-06-15,19:00:00,24.944,24.944,24.944,24.944,401,0
2015-06-15,19:05:00,24.944,24.944,24.944,24.944,501,0
2015-06-15,19:10:00,24.944,24.944,24.944,24.944,501,0
2015-06-15,19:15:00,24.944,24.944,24.944,24.944,401,0
2015-06-15,19:20:00,24.944,24.944,24.944,24.944,401,0
2015-06-15,19:25:00,24.944,24.944,24.944,24.944,501,0
2015-06-15,19:30:00,24.934,24.934,24.934,24.934,401,0
2015-06-15,19:35:00,24.934,24.934,24.934,24.934,501,0
2015-06-15,19:40:00,24.934,24.934,24.934,24.934,401,0
2015-06-15,19:45:00,24.934,24.934,24.875,24.914,605,0
2015-06-15,19:50:00,24.914,24.914,24.914,24.914,501,0
2015-06-15,19:55:00,24.914,24.914,24.904,24.904,401,0
2015-06-15,20:00:00,24.914,24.914,24.914,24.914,501,0
2015-06-15,20:05:00,24.924,24.924,24.924,24.924,501,0
2015-06-15,20:10:00,24.924,24.924,24.924,24.924,501,0
2015-06-15,20:15:00,24.924,24.924,24.924,24.924,501,0
2015-06-15,20:20:00,24.924,24.944,24.924,24.944,601,0
2015-06-15,20:25:00,24.944,24.944,24.944,24.944,601,0
2015-06-15,20:30:00,24.944,24.944,24.934,24.934,501,0
2015-06-15,20:35:00,24.934,24.934,24.934,24.934,601,0
2015-06-15,20:40:00,24.924,24.934,24.924,24.934,501,0
2015-06-15,20:45:00,24.934,24.934,24.934,24.934,501,0
2015-06-15,20:50:00,24.934,24.934,24.934,24.934,601,0
2015-06-15,20:55:00,24.934,24.934,24.914,24.914,601,0
2015-06-15,21:00:00,24.914,24.914,24.904,24.904,802,0
2015-06-15,21:05:00,24.904,24.904,24.904,24.904,601,0
2015-06-15,21:10:00,24.904,24.904,24.894,24.894,701,0
2015-06-15,21:15:00,24.894,24.894,24.894,24.894,701,0
2015-06-15,21:20:00,24.894,24.894,24.894,24.894,601,0
2015-06-15,21:25:00,24.894,24.894,24.894,24.894,601,0
2015-06-15,21:30:00,24.894,24.894,24.894,24.894,801,0
2015-06-15,21:35:00,24.894,24.904,24.894,24.904,801,0
2015-06-15,21:40:00,24.904,24.904,24.904,24.904,801,0
2015-06-15,21:45:00,24.904,24.914,24.904,24.914,801,0
2015-06-15,21:50:00,24.914,24.914,24.914,24.914,801,0
2015-06-15,21:55:00,24.914,24.914,24.914,24.914,801,0
2015-06-15,22:00:00,24.914,24.914,24.894,24.904,1778,0
2015-06-16,16:40:00,24.951,24.951,24.951,24.951,338,0
2015-06-16,18:35:00,25.024,25.024,25.024,25.024,164,0
2015-06-16,20:55:00,25.046,25.046,25.046,25.046,220,0
2015-06-16,21:05:00,25.054,25.054,25.054,25.054,346,0
2015-06-16,21:10:00,25.059,25.059,25.059,25.059,511,0
2015-06-16,21:35:00,25.062,25.062,25.062,25.062,100,0
2015-06-16,21:50:00,25.062,25.064,25.062,25.064,674,0
2015-06-17,17:25:00,25.11,25.11,25.109,25.109,300,0
2015-06-17,17:35:00,25.084,25.084,25.084,25.084,116,0
2015-06-17,19:00:00,25.003,25.003,25.003,25.003,184,0
2015-06-17,19:25:00,24.994,24.994,24.994,24.994,128,0
2015-06-17,19:30:00,25.004,25.004,25.004,25.004,257,0
2015-06-18,16:55:00,25.373,25.373,25.373,25.373,392,0
2015-06-18,17:30:00,25.373,25.373,25.373,25.373,100,0
2015-06-18,17:50:00,25.372,25.372,25.372,25.372,200,0
2015-06-18,18:30:00,25.403,25.403,25.403,25.403,200,0
2015-06-18,21:25:00,25.376,25.376,25.376,25.376,101,0
2015-06-18,22:00:00,25.383,25.383,25.383,25.383,150,0
2015-06-19,17:40:00,25.353,25.353,25.353,25.353,322,0
2015-06-19,18:30:00,25.333,25.333,25.333,25.333,238,0
2015-06-22,21:35:00,25.393,25.393,25.393,25.393,401,0
2015-06-23,16:20:00,25.393,25.403,25.393,25.395,831,0
2015-06-23,17:30:00,25.353,25.353,25.353,25.353,401,0
2015-06-23,17:45:00,25.366,25.366,25.366,25.366,114,0
2015-06-23,19:40:00,25.353,25.353,25.353,25.353,169,0
2015-06-23,21:00:00,25.373,25.373,25.36,25.36,200,0
2015-06-23,21:30:00,25.373,25.373,25.373,25.373,501,0
2015-06-24,15:55:00,25.313,25.313,25.313,25.313,2003,0
2015-06-24,17:05:00,25.303,25.303,25.303,25.303,120,0
2015-06-24,18:45:00,25.273,25.273,25.273,25.273,178,0
2015-06-24,19:55:00,25.213,25.213,25.213,25.213,157,0
2015-06-25,15:35:00,25.273,25.273,25.273,25.273,143,0
2015-06-25,15:40:00,25.163,25.163,25.163,25.163,200,0
2015-06-25,17:40:00,25.203,25.203,25.203,25.203,283,0
2015-06-25,17:55:00,25.183,25.183,25.183,25.183,100,0
2015-06-25,19:10:00,25.173,25.173,25.173,25.173,200,0
2015-06-25,19:45:00,25.15,25.15,25.15,25.15,116,0
2015-06-26,16:20:00,25.163,25.163,25.154,25.154,2003,0
2015-06-26,17:00:00,25.203,25.203,25.203,25.203,336,0
2015-06-26,19:00:00,25.154,25.154,25.154,25.154,501,0
2015-06-26,19:30:00,25.144,25.144,25.144,25.144,501,0
2015-06-26,19:40:00,25.14,25.14,25.14,25.14,285,0
2015-06-26,21:00:00,25.163,25.163,25.152,25.152,395,0
2015-06-26,21:35:00,25.208,25.208,25.208,25.208,122,0
2015-06-26,22:00:00,25.183,25.203,25.183,25.183,2604,0
2015-06-29,15:35:00,25.134,25.134,25.064,25.064,658,0
2015-06-29,17:20:00,24.953,24.953,24.953,24.953,119,0
2015-06-29,17:40:00,24.954,24.954,24.954,24.954,200,0
2015-06-29,18:10:00,24.954,24.954,24.954,24.954,200,0
2015-06-29,20:35:00,24.813,24.814,24.764,24.794,1708,0
2015-06-29,20:40:00,24.816,24.824,24.816,24.824,1302,0
2015-06-29,20:50:00,24.854,24.854,24.824,24.824,601,0
2015-06-29,21:10:00,24.79,24.79,24.79,24.79,1001,0
2015-06-29,21:15:00,24.774,24.794,24.774,24.794,1001,0
2015-06-29,21:25:00,24.79,24.79,24.79,24.79,1001,0
2015-06-29,21:40:00,24.764,24.764,24.764,24.764,200,0
2015-06-29,21:50:00,24.718,24.734,24.718,24.734,1231,0
2015-06-30,17:40:00,24.764,24.764,24.764,24.764,200,0
2015-06-30,18:50:00,24.728,24.728,24.728,24.728,147,0
2015-06-30,19:45:00,24.815,24.815,24.815,24.815,113,0
2015-06-30,20:15:00,24.888,24.888,24.888,24.888,465,0
2015-06-30,20:30:00,24.838,24.838,24.838,24.838,122,0
2015-06-30,20:55:00,24.82,24.82,24.82,24.82,119,0
2015-07-01,15:35:00,25.114,25.114,25.114,25.114,367,0
2015-07-01,15:55:00,25.084,25.084,25.084,25.084,100,0
2015-07-01,16:15:00,25.094,25.094,25.094,25.094,100,0
2015-07-01,16:50:00,25.074,25.074,25.074,25.074,100,0
2015-07-01,17:05:00,25.074,25.074,25.074,25.074,100,0
2015-07-01,17:35:00,25.104,25.104,25.104,25.104,100,0
2015-07-01,17:45:00,25.064,25.064,25.034,25.034,1102,0
2015-07-01,17:55:00,25.074,25.084,25.054,25.084,1011,0
2015-07-01,18:00:00,25.084,25.084,25.074,25.074,701,0
2015-07-01,18:20:00,25.074,25.074,25.074,25.074,100,0
2015-07-01,18:50:00,25.044,25.044,25.044,25.044,100,0
2015-07-01,19:15:00,25.024,25.024,25.024,25.024,100,0
2015-07-01,19:40:00,25.043,25.054,25.043,25.054,203,0
2015-07-01,20:00:00,25.044,25.044,25.044,25.044,100,0
2015-07-01,20:30:00,25.024,25.024,25.024,25.024,100,0
2015-07-01,20:35:00,25.011,25.013,25.011,25.013,686,0
2015-07-01,20:55:00,25.034,25.034,25.024,25.024,1402,0
2015-07-01,21:15:00,25.064,25.064,25.064,25.064,100,0
2015-07-01,21:40:00,25.044,25.044,25.044,25.044,702587,0
2015-07-02,15:35:00,25.193,25.193,25.193,25.193,130,0
2015-07-02,15:55:00,25.134,25.134,25.134,25.134,29455,0
2015-07-02,16:05:00,25.124,25.124,25.124,25.124,10653,0
2015-07-02,16:50:00,25.103,25.103,25.103,25.103,155,0
2015-07-02,17:25:00,25.064,25.064,25.064,25.064,199618,0
2015-07-02,17:30:00,25.057,25.057,25.014,25.014,1803,0
2015-07-02,18:00:00,25.023,25.023,25.023,25.023,209,0
2015-07-02,20:10:00,24.994,25.004,24.994,25.004,1512,0
2015-07-02,20:30:00,24.994,24.994,24.99,24.99,1402,0
2015-07-02,20:50:00,24.994,25.004,24.994,25.004,2704,0
2015-07-02,21:00:00,25.004,25.004,25.004,25.004,14362,0
2015-07-02,21:05:00,25.024,25.024,25.024,25.024,11153,0
2015-07-02,21:10:00,25.024,25.034,25,25,981,0
2015-07-02,21:15:00,25.02,25.024,25.014,25.014,2388,0
2015-07-02,21:20:00,25.014,25.014,25.014,25.014,300,0
2015-07-02,21:25:00,25.022,25.034,25.022,25.034,1953,0
2015-07-02,21:30:00,25.051,25.051,25.051,25.051,311,0
2015-07-02,21:35:00,25.003,25.034,25.003,25.027,1660,0
2015-07-02,21:55:00,25.054,25.054,25.039,25.039,5331,0
2015-07-02,22:00:00,25.044,25.044,25.044,25.044,12819,0
2015-07-06,15:35:00,24.974,24.974,24.964,24.964,899,0
2015-07-06,16:10:00,24.936,24.936,24.936,24.936,164,0
2015-07-06,16:15:00,24.994,24.994,24.994,24.994,586,0
2015-07-06,16:40:00,25.003,25.003,25.003,25.003,107,0
2015-07-06,16:50:00,25.074,25.074,25.074,25.074,341,0
2015-07-06,17:10:00,25.044,25.044,25.011,25.044,1502,0
2015-07-06,18:30:00,25.034,25.034,25.034,25.034,226,0
2015-07-06,18:35:00,25.014,25.014,25.014,25.014,100,0
2015-07-06,19:05:00,24.994,24.994,24.994,24.994,100,0
2015-07-06,19:15:00,25.004,25.004,25.004,25.004,4907,0
2015-07-06,19:35:00,24.944,24.954,24.944,24.954,394,0
2015-07-06,19:40:00,24.943,24.943,24.943,24.943,200,0
2015-07-06,19:45:00,24.924,24.924,24.924,24.924,100,0
2015-07-06,19:55:00,24.924,24.924,24.924,24.924,100,0
2015-07-06,20:00:00,24.924,24.924,24.924,24.924,100,0
2015-07-06,20:30:00,24.894,24.894,24.894,24.894,100,0
2015-07-06,20:35:00,24.89,24.89,24.89,24.89,200,0
2015-07-06,21:00:00,24.9,24.914,24.9,24.914,772,0
2015-07-06,21:05:00,24.9,24.9,24.894,24.894,583,0
2015-07-06,21:15:00,24.906,24.914,24.906,24.914,1602,0
2015-07-06,21:20:00,24.923,24.923,24.923,24.923,406,0
2015-07-06,21:40:00,24.954,24.954,24.954,24.954,100,0
2015-07-06,22:00:00,24.994,24.994,24.994,24.994,1393,0
2015-07-07,15:35:00,25.104,25.104,25.104,25.104,437,0
2015-07-07,16:10:00,24.904,24.904,24.904,24.904,100,0
2015-07-07,16:15:00,24.91,24.91,24.91,24.91,122,0
2015-07-07,16:20:00,24.924,24.924,24.924,24.924,238,0
2015-07-07,17:05:00,24.841,24.841,24.841,24.841,642,0
2015-07-07,17:15:00,24.849,24.854,24.849,24.854,769,0
2015-07-07,19:20:00,24.968,24.968,24.968,24.968,116,0
2015-07-07,20:05:00,24.996,24.996,24.996,24.996,167,0
2015-07-07,20:15:00,25.004,25.004,25.004,25.004,100,0
2015-07-07,20:25:00,24.972,24.974,24.972,24.974,228,0
2015-07-07,22:00:00,25.173,25.173,25.173,25.173,257,0
2015-07-08,16:00:00,24.939,24.939,24.939,24.939,100,0
2015-07-08,16:55:00,25.024,25.024,25.004,25.004,623,0
2015-07-08,17:25:00,24.944,24.969,24.944,24.944,33561,0
2015-07-08,17:30:00,24.939,24.939,24.939,24.939,200,0
2015-07-08,17:35:00,24.934,24.934,24.934,24.934,287,0
2015-07-08,17:40:00,24.956,24.956,24.932,24.932,202,0
2015-07-08,17:45:00,24.924,24.924,24.923,24.923,640,0
2015-07-08,17:50:00,24.934,24.934,24.927,24.927,837,0
2015-07-08,18:00:00,24.899,24.899,24.89,24.89,274,0
2015-07-08,18:25:00,24.924,24.924,24.924,24.924,1903,0
2015-07-08,18:35:00,24.904,24.904,24.904,24.904,179,0
2015-07-08,19:05:00,24.954,24.954,24.952,24.952,501,0
2015-07-08,19:10:00,24.944,24.944,24.94,24.94,1001,0
2015-07-08,19:20:00,24.952,24.952,24.952,24.952,304,0
2015-07-08,19:25:00,24.934,24.954,24.934,24.953,1302,0
2015-07-08,19:55:00,24.944,24.954,24.944,24.954,2003,0
2015-07-08,20:00:00,24.954,24.954,24.954,24.954,501,0
2015-07-08,20:05:00,24.924,24.924,24.924,24.924,100,0
2015-07-08,20:20:00,24.91,24.91,24.91,24.91,272,0
2015-07-08,21:05:00,24.841,24.854,24.841,24.854,302,0
2015-07-08,21:30:00,24.844,24.844,24.844,24.844,112,0
2015-07-08,21:35:00,24.824,24.828,24.822,24.828,2186,0
2015-07-08,21:40:00,24.824,24.824,24.824,24.824,100,0
2015-07-09,15:35:00,25.124,25.124,25.124,25.124,300,0
2015-07-09,15:40:00,25.124,25.124,25.114,25.114,401,0
2015-07-09,15:45:00,25.094,25.094,25.094,25.094,100,0
2015-07-09,15:50:00,25.084,25.084,25.064,25.064,401,0
2015-07-09,15:55:00,25.074,25.074,25.074,25.074,200,0
2015-07-09,16:00:00,25.054,25.054,25.054,25.054,200,0
2015-07-09,16:05:00,25.054,25.064,25.054,25.064,300,0
2015-07-09,16:10:00,25.054,25.064,25.044,25.044,801,0
2015-07-09,16:20:00,25.054,25.054,25.034,25.034,401,0
2015-07-09,16:30:00,25.024,25.024,25.024,25.024,100,0
2015-07-09,16:35:00,24.994,24.994,24.994,24.994,200,0
2015-07-09,16:40:00,25.004,25.014,25.004,25.014,809,0
2015-07-09,16:45:00,25.004,25.004,25.004,25.004,200,0
2015-07-09,16:50:00,25.014,25.014,25.014,25.014,300,0
2015-07-09,16:55:00,25.024,25.024,25.024,25.024,100,0
2015-07-09,17:00:00,25.034,25.034,25.034,25.034,200,0
2015-07-09,17:05:00,25.044,25.044,25.044,25.044,200,0
2015-07-09,17:10:00,25.044,25.044,25.044,25.044,200,0
2015-07-09,17:15:00,25.064,25.064,25.064,25.064,200,0
2015-07-09,17:20:00,25.074,25.074,25.074,25.074,100,0
2015-07-09,17:25:00,25.034,25.034,25.034,25.034,200,0
2015-07-09,17:30:00,25.044,25.044,25.042,25.044,11854,0
2015-07-09,17:35:00,25.034,25.044,25.024,25.024,2003,0
2015-07-09,17:40:00,25.014,25.014,25.008,25.008,425,0
2015-07-09,17:50:00,25.034,25.034,25.034,25.034,200,0
2015-07-09,17:55:00,25.034,25.034,25.024,25.024,1602,0
2015-07-09,18:00:00,25.024,25.024,24.994,24.994,401,0
2015-07-09,18:05:00,25.004,25.004,25.004,25.004,4705,0
2015-07-09,18:10:00,25.004,25.004,25.004,25.004,100,0
2015-07-09,18:15:00,24.984,24.984,24.984,24.984,100,0
2015-07-09,18:20:00,24.994,24.994,24.994,24.994,100,0
2015-07-09,18:25:00,24.994,24.994,24.994,24.994,200,0
2015-07-09,18:30:00,24.994,24.994,24.984,24.984,200,0
2015-07-09,18:35:00,24.959,24.959,24.959,24.959,100,0
2015-07-09,18:40:00,24.974,24.974,24.974,24.974,100,0
2015-07-09,18:45:00,24.974,24.974,24.974,24.974,100,0
2015-07-09,18:50:00,24.974,24.974,24.974,24.974,200,0
2015-07-09,18:55:00,24.964,24.974,24.964,24.974,601,0
2015-07-09,19:05:00,24.984,24.984,24.984,24.984,100,0
2015-07-09,19:10:00,24.974,24.974,24.964,24.964,300,0
2015-07-09,19:15:00,24.941,24.941,24.941,24.941,336,0
2015-07-09,19:20:00,24.964,24.964,24.934,24.934,300,0
2015-07-09,19:30:00,24.954,24.954,24.934,24.934,200,0
2015-07-09,19:35:00,24.934,24.934,24.934,24.934,200,0
2015-07-09,19:45:00,24.964,24.964,24.944,24.944,200,0
2015-07-09,19:55:00,24.964,24.964,24.944,24.944,401,0
2015-07-09,20:05:00,24.964,24.964,24.964,24.964,100,0
2015-07-09,20:10:00,24.964,24.964,24.964,24.964,100,0
2015-07-09,20:15:00,24.934,24.954,24.934,24.954,200,0
2015-07-09,20:20:00,24.944,24.944,24.944,24.944,100,0
2015-07-09,20:25:00,24.924,24.924,24.924,24.924,200,0
2015-07-09,20:30:00,24.904,24.924,24.904,24.924,300,0
2015-07-09,20:35:00,24.924,24.924,24.924,24.924,100,0
2015-07-09,20:40:00,24.914,24.914,24.914,24.914,200,0
2015-07-09,20:45:00,24.934,24.934,24.934,24.934,100,0
2015-07-09,20:50:00,24.924,24.924,24.924,24.924,200,0
2015-07-09,20:55:00,24.934,24.934,24.934,24.934,100,0
2015-07-09,21:00:00,24.964,24.964,24.964,24.964,200,0
2015-07-09,21:05:00,24.974,24.974,24.974,24.974,200,0
2015-07-09,21:10:00,24.984,24.984,24.984,24.984,100,0
2015-07-09,21:15:00,24.994,24.994,24.994,24.994,200,0
2015-07-09,21:20:00,24.984,24.994,24.984,24.994,300,0
2015-07-09,21:25:00,24.994,24.994,24.984,24.984,302,0
2015-07-09,21:30:00,24.984,24.984,24.964,24.971,2968,0
2015-07-09,21:35:00,24.944,24.944,24.944,24.944,300,0
2015-07-09,21:40:00,24.934,24.934,24.934,24.934,200,0
2015-07-09,21:50:00,24.974,24.974,24.974,24.974,200,0
2015-07-09,21:55:00,24.974,24.974,24.954,24.954,501,0
2015-07-09,22:00:00,24.959,24.959,24.929,24.929,1043,0
2015-07-10,15:35:00,25.193,25.193,25.193,25.193,378,0
2015-07-10,15:45:00,25.173,25.173,25.173,25.173,100,0
2015-07-10,15:55:00,25.163,25.163,25.163,25.163,100,0
2015-07-10,16:00:00,25.084,25.084,25.084,25.084,101,0
2015-07-10,16:10:00,25.144,25.144,25.144,25.144,100,0
2015-07-10,16:20:00,25.104,25.104,25.104,25.104,100,0
2015-07-10,16:25:00,25.114,25.114,25.114,25.114,100,0
2015-07-10,16:30:00,25.114,25.114,25.114,25.114,100,0
2015-07-10,16:40:00,25.124,25.124,25.124,25.124,100,0
2015-07-10,16:50:00,25.094,25.094,25.094,25.094,201,0
2015-07-10,16:55:00,25.104,25.104,25.104,25.104,401,0
2015-07-10,17:05:00,25.134,25.134,25.134,25.134,100,0
2015-07-10,17:20:00,25.154,25.154,25.154,25.154,100,0
2015-07-10,17:30:00,25.154,25.163,25.144,25.151,1723,0
2015-07-10,17:40:00,25.163,25.163,25.163,25.163,100,0
2015-07-10,17:45:00,25.148,25.148,25.148,25.148,188,0
2015-07-10,17:55:00,25.163,25.163,25.163,25.163,100,0
2015-07-10,18:10:00,25.163,25.163,25.163,25.163,100,0
2015-07-10,18:30:00,25.163,25.163,25.163,25.163,221,0
2015-07-10,18:35:00,25.163,25.163,25.161,25.161,359,0
2015-07-10,20:30:00,25.163,25.163,25.163,25.163,100,0
2015-07-10,20:40:00,25.171,25.171,25.171,25.171,298,0
2015-07-10,20:45:00,25.183,25.183,25.173,25.173,200,0
2015-07-10,21:00:00,25.213,25.213,25.213,25.213,531,0
2015-07-10,21:45:00,25.203,25.223,25.2,25.218,1298,0
2015-07-10,21:50:00,25.221,25.223,25.221,25.221,1463,0
2015-07-10,22:00:00,25.213,25.213,25.213,25.213,157,0
2015-07-13,15:35:00,25.453,25.453,25.353,25.353,300,0
2015-07-13,15:40:00,25.383,25.383,25.383,25.383,100,0
2015-07-13,15:45:00,25.373,25.373,25.373,25.373,300,0
2015-07-13,15:50:00,25.373,25.383,25.373,25.383,300,0
2015-07-13,15:55:00,25.393,25.393,25.373,25.373,200,0
2015-07-13,16:00:00,25.363,25.363,25.363,25.363,200,0
2015-07-13,16:05:00,25.373,25.373,25.373,25.373,200,0
2015-07-13,16:10:00,25.363,25.373,25.363,25.373,200,0
2015-07-13,16:15:00,25.373,25.373,25.363,25.373,300,0
2015-07-13,16:20:00,25.393,25.393,25.393,25.393,200,0
2015-07-13,16:25:00,25.393,25.393,25.393,25.393,100,0
2015-07-13,16:30:00,25.393,25.393,25.383,25.383,200,0
2015-07-13,16:35:00,25.383,25.383,25.383,25.383,200,0
2015-07-13,16:40:00,25.359,25.373,25.359,25.373,208,0
2015-07-13,16:45:00,25.373,25.373,25.367,25.373,314,0
2015-07-13,16:50:00,25.383,25.383,25.383,25.383,100,0
2015-07-13,16:55:00,25.383,25.383,25.383,25.383,100,0
2015-07-13,17:00:00,25.383,25.383,25.375,25.383,4192,0
2015-07-13,17:05:00,25.393,25.393,25.393,25.393,100,0
2015-07-13,17:10:00,25.393,25.393,25.393,25.393,200,0
2015-07-13,17:15:00,25.393,25.393,25.393,25.393,100,0
2015-07-13,17:20:00,25.353,25.373,25.353,25.373,200,0
2015-07-13,17:25:00,25.373,25.373,25.373,25.373,100,0
2015-07-13,17:30:00,25.373,25.373,25.373,25.373,2203,0
2015-07-13,17:35:00,25.373,25.373,25.366,25.366,275,0
2015-07-13,17:40:00,25.383,25.383,25.381,25.383,9263,0
2015-07-13,17:45:00,25.383,25.383,25.383,25.383,4657,0
2015-07-13,17:50:00,25.383,25.383,25.383,25.383,100,0
2015-07-13,17:55:00,25.383,25.383,25.383,25.383,200,0
2015-07-13,18:00:00,25.383,25.383,25.353,25.383,304,0
2015-07-13,18:05:00,25.383,25.383,25.383,25.383,200,0
2015-07-13,18:10:00,25.383,25.383,25.363,25.363,200,0
2015-07-13,18:15:00,25.373,25.373,25.353,25.353,401,0
2015-07-13,18:20:00,25.363,25.363,25.363,25.363,100,0
2015-07-13,18:25:00,25.363,25.363,25.363,25.363,200,0
2015-07-13,18:30:00,25.363,25.363,25.363,25.363,430,0
2015-07-13,19:05:00,25.353,25.353,25.349,25.349,957,0
2015-07-13,19:20:00,25.363,25.363,25.363,25.363,190,0
2015-07-13,19:35:00,25.363,25.363,25.363,25.363,478,0
2015-07-13,19:40:00,25.355,25.355,25.355,25.355,196,0
2015-07-13,20:50:00,25.344,25.344,25.344,25.344,103,0
2015-07-13,21:15:00,25.363,25.363,25.363,25.363,1602,0
2015-07-13,21:25:00,25.363,25.363,25.363,25.363,1912,0
2015-07-13,21:30:00,25.383,25.383,25.383,25.383,1102,0
2015-07-13,21:50:00,25.433,25.433,25.393,25.393,501,0
2015-07-13,21:55:00,25.423,25.433,25.423,25.433,1805,0
2015-07-13,22:00:00,25.433,25.433,25.433,25.433,620,0
2015-07-14,15:50:00,25.433,25.433,25.433,25.433,100,0
2015-07-14,16:10:00,25.413,25.413,25.413,25.413,100,0
2015-07-14,16:25:00,25.423,25.423,25.393,25.413,1040,0
2015-07-14,16:35:00,25.433,25.433,25.433,25.433,100,0
2015-07-14,17:00:00,25.443,25.443,25.426,25.433,956,0
2015-07-14,17:30:00,25.463,25.463,25.463,25.463,100,0
2015-07-14,17:35:00,25.457,25.457,25.457,25.457,200,0
2015-07-14,17:50:00,25.443,25.443,25.443,25.443,100,0
2015-07-14,18:30:00,25.463,25.463,25.463,25.463,213,0
2015-07-14,19:20:00,25.463,25.463,25.46,25.463,708,0
2015-07-14,20:00:00,25.463,25.463,25.463,25.463,100,0
2015-07-14,20:25:00,25.467,25.473,25.467,25.473,550,0
2015-07-14,21:40:00,25.505,25.505,25.505,25.505,143,0
2015-07-14,21:45:00,25.499,25.499,25.499,25.499,194,0
2015-07-14,22:00:00,25.503,25.503,25.503,25.503,393,0
2015-07-15,15:45:00,25.49,25.49,25.49,25.49,100,0
2015-07-15,15:55:00,25.48,25.48,25.48,25.48,100,0
2015-07-15,16:05:00,25.4475,25.4475,25.4475,25.4475,111,0
2015-07-15,16:10:00,25.48,25.48,25.48,25.48,100,0
2015-07-15,16:25:00,25.51,25.51,25.51,25.51,100,0
2015-07-15,16:40:00,25.53,25.53,25.53,25.53,100,0
2015-07-15,17:00:00,25.53,25.53,25.53,25.53,100,0
2015-07-15,17:20:00,25.53,25.53,25.53,25.53,100,0
2015-07-15,17:40:00,25.54,25.54,25.54,25.54,100,0
2015-07-15,17:45:00,25.533,25.533,25.533,25.533,182,0
2015-07-15,17:55:00,25.52,25.52,25.52,25.52,700,0
2015-07-15,18:10:00,25.53,25.53,25.5172,25.5173,499,0
2015-07-15,18:30:00,25.52,25.52,25.52,25.52,223,0
2015-07-15,19:15:00,25.53,25.53,25.51,25.526,590,0
2015-07-15,19:55:00,25.54,25.54,25.53,25.53,540,0
2015-07-15,20:05:00,25.54,25.54,25.53,25.53,400,0
2015-07-15,20:55:00,25.48,25.48,25.48,25.48,103,0
2015-07-15,21:35:00,25.45,25.45,25.45,25.45,150,0
2015-07-15,21:55:00,25.448,25.448,25.448,25.448,116,0
2015-07-15,22:00:00,25.5,25.5,25.5,25.5,289,0
2015-07-16,15:50:00,25.59,25.59,25.59,25.59,100,0
2015-07-16,15:55:00,25.5899,25.5899,25.5899,25.5899,100,0
2015-07-16,16:05:00,25.59,25.59,25.59,25.59,1061,0
2015-07-16,16:30:00,25.58,25.58,25.58,25.58,100,0
2015-07-16,16:35:00,25.57,25.574,25.57,25.57,1425,0
2015-07-16,16:55:00,25.57,25.57,25.57,25.57,100,0
2015-07-16,17:20:00,25.57,25.57,25.57,25.57,100,0
2015-07-16,17:45:00,25.59,25.59,25.59,25.59,100,0
2015-07-16,18:10:00,25.58,25.59,25.58,25.588,1100,0
2015-07-16,18:30:00,25.59,25.59,25.59,25.59,268,0
2015-07-16,18:40:00,25.59,25.59,25.59,25.59,1067,0
2015-07-16,18:45:00,25.5893,25.5893,25.5893,25.5893,167,0
2015-07-16,19:50:00,25.58,25.58,25.58,25.58,100,0
2015-07-16,21:00:00,25.6,25.6,25.6,25.6,100,0
2015-07-16,22:00:00,25.61,25.61,25.61,25.61,265,0
2015-07-17,16:45:00,25.5,25.5,25.495,25.495,934,0
2015-07-17,16:50:00,25.5,25.5,25.5,25.5,279,0
2015-07-17,17:20:00,25.49,25.49,25.49,25.49,220,0
2015-07-17,19:30:00,25.48,25.48,25.478,25.478,908,0
2015-07-17,20:55:00,25.5,25.5,25.497,25.497,412,0
2015-07-17,21:20:00,25.5,25.5,25.4999,25.4999,234,0
2015-07-17,21:30:00,25.5,25.5,25.5,25.5,237,0
2015-07-17,21:35:00,25.51,25.51,25.507,25.507,632,0
2015-07-17,22:00:00,25.54,25.54,25.54,25.54,151,0
2015-07-20,15:35:00,25.47,25.47,25.47,25.47,7,0
2015-07-20,16:00:00,25.48,25.48,25.48,25.48,18,0
2015-07-20,16:45:00,25.52,25.52,25.52,25.52,39,0
2015-07-20,16:50:00,25.5082,25.5082,25.5082,25.5082,53,0
2015-07-20,17:05:00,25.54,25.55,25.54,25.55,46300,0
2015-07-20,17:20:00,25.52,25.52,25.52,25.52,100,0
2015-07-20,17:45:00,25.53,25.56,25.53,25.53,269,0
2015-07-20,17:50:00,25.5301,25.5599,25.53,25.53,62,0
2015-07-20,18:10:00,25.5482,25.57,25.5482,25.57,74,0
2015-07-20,18:35:00,25.5401,25.5401,25.5401,25.5401,5,0
2015-07-20,18:50:00,25.5718,25.5718,25.5718,25.5718,291,0
2015-07-20,18:55:00,25.55,25.5501,25.55,25.5501,101,0
2015-07-20,19:10:00,25.59,25.59,25.59,25.59,37,0
2015-07-20,19:20:00,25.59,25.59,25.59,25.59,27,0
2015-07-20,19:40:00,25.59,25.59,25.5892,25.5892,708,0
2015-07-20,19:45:00,25.59,25.59,25.59,25.59,5,0
2015-07-20,20:10:00,25.53,25.5301,25.53,25.5301,109,0
2015-07-20,20:15:00,25.54,25.54,25.54,25.54,10,0
2015-07-20,20:20:00,25.54,25.54,25.54,25.54,4,0
2015-07-20,20:30:00,25.5672,25.5672,25.5672,25.5672,112,0
2015-07-20,20:45:00,25.58,25.58,25.55,25.55,103,0
2015-07-20,20:50:00,25.55,25.55,25.55,25.55,56,0
2015-07-20,21:00:00,25.5899,25.5899,25.5612,25.5612,38,0
2015-07-20,21:25:00,25.57,25.57,25.5699,25.5699,20,0
2015-07-20,21:30:00,25.5699,25.5699,25.5699,25.5699,28,0
2015-07-20,21:45:00,25.5001,25.5001,25.5001,25.5001,200,0
2015-07-20,21:50:00,25.5025,25.51,25.5001,25.51,213,0
2015-07-20,21:55:00,25.5001,25.5001,25.5001,25.5001,3,0
2015-07-20,22:00:00,25.5,25.55,25.5,25.5001,647,0
2015-07-21,15:35:00,25.6,25.6,25.6,25.6,100,0
2015-07-21,16:05:00,25.5,25.5,25.5,25.5,2149,0
2015-07-21,16:15:00,25.5202,25.5202,25.5202,25.5202,320,0
2015-07-21,16:55:00,25.4738,25.4738,25.4738,25.4738,4888,0
2015-07-21,17:00:00,25.4562,25.4562,25.4562,25.4562,100,0
2015-07-21,17:25:00,25.43,25.43,25.43,25.43,500,0
2015-07-21,17:35:00,25.44,25.44,25.428,25.428,1207,0
2015-07-21,17:50:00,25.44,25.44,25.438,25.438,1600,0
2015-07-21,18:10:00,25.43,25.43,25.4299,25.43,2566,0
2015-07-21,18:50:00,25.41,25.41,25.41,25.41,23080,0
2015-07-21,19:20:00,25.39,25.39,25.39,25.39,2090,0
2015-07-21,19:25:00,25.39,25.39,25.39,25.39,400,0
2015-07-21,19:45:00,25.3899,25.3899,25.3899,25.3899,211,0
2015-07-21,20:00:00,25.3655,25.3655,25.3655,25.3655,145,0
2015-07-21,21:05:00,25.4099,25.4099,25.4099,25.4099,216,0
2015-07-21,21:25:00,25.41,25.41,25.41,25.41,100,0
2015-07-21,21:35:00,25.44,25.44,25.44,25.44,100,0
2015-07-22,18:30:00,25.426,25.426,25.426,25.426,156,0
2015-07-22,18:55:00,25.47,25.47,25.47,25.47,400,0
2015-07-22,19:05:00,25.47,25.47,25.438,25.438,634,0
2015-07-22,19:55:00,25.468,25.468,25.468,25.468,191,0
2015-07-22,20:25:00,25.4808,25.49,25.4808,25.49,400,0
2015-07-22,20:30:00,25.5,25.5,25.5,25.5,346,0
2015-07-22,21:50:00,25.47,25.47,25.449,25.449,203,0
2015-07-22,21:55:00,25.4695,25.48,25.43,25.48,794,0
2015-07-22,22:00:00,25.49,25.49,25.49,25.49,386,0
2015-07-23,17:35:00,25.48,25.49,25.48,25.49,432,0
2015-07-23,17:40:00,25.46,25.46,25.459,25.459,238,0
2015-07-23,18:00:00,25.4155,25.44,25.4155,25.44,6128,0
2015-07-23,18:10:00,25.41,25.41,25.37,25.41,1538,0
2015-07-23,18:20:00,25.3925,25.3925,25.3925,25.3925,137,0
2015-07-23,18:35:00,25.3825,25.3825,25.3825,25.3825,106,0
2015-07-23,19:05:00,25.3925,25.3925,25.3925,25.3925,220,0
2015-07-23,20:25:00,25.42,25.42,25.42,25.42,394,0
2015-07-23,20:35:00,25.41,25.41,25.35,25.35,929,0
2015-07-23,21:50:00,25.349,25.349,25.349,25.349,230,0
2015-07-24,15:35:00,25.37,25.37,25.35,25.35,27590,0
2015-07-24,15:50:00,25.34,25.34,25.34,25.34,300,0
2015-07-24,16:20:00,25.36,25.36,25.36,25.36,898,0
2015-07-24,17:50:00,25.2847,25.2847,25.2847,25.2847,102,0
2015-07-24,17:55:00,25.3,25.3,25.269,25.269,338,0
2015-07-24,19:05:00,25.26,25.26,25.255,25.255,642,0
2015-07-24,19:55:00,25.209,25.209,25.182,25.182,280,0
2015-07-24,20:20:00,25.185,25.2,25.185,25.2,600,0
2015-07-24,20:50:00,25.179,25.179,25.179,25.179,104,0
2015-07-24,21:00:00,25.2,25.2,25.2,25.2,500,0
2015-07-24,21:20:00,25.23,25.23,25.23,25.23,441,0
2015-07-24,21:50:00,25.2,25.209,25.194,25.209,636,0
2015-07-24,22:00:00,25.21,25.21,25.21,25.21,261,0
2015-07-27,16:25:00,25.05,25.05,25.05,25.05,1000,0
2015-07-27,16:50:00,25.1025,25.1025,25.1025,25.1025,101,0
2015-07-27,18:00:00,25.09,25.1,25.084,25.0995,796,0
2015-07-27,18:20:00,25.0545,25.0545,25.0545,25.0545,100,0
2015-07-27,18:45:00,25.078,25.078,25.078,25.078,200,0
2015-07-27,18:55:00,25.05,25.05,25.05,25.05,100,0
2015-07-27,19:40:00,25.048,25.05,25.048,25.05,200,0
2015-07-27,20:00:00,25.07,25.07,25.07,25.07,100,0
2015-07-27,20:35:00,25.0725,25.0725,25.0725,25.0725,118,0
2015-07-27,20:45:00,25.07,25.08,25.0371,25.08,6282,0
2015-07-27,21:10:00,25.035,25.035,25.035,25.035,126,0
2015-07-27,21:25:00,25.0596,25.06,25.0596,25.06,359,0
2015-07-27,22:00:00,25.06,25.06,25.06,25.06,212,0
2015-07-28,17:40:00,25.2025,25.2025,25.2025,25.2025,219,0
2015-07-28,17:45:00,25.2185,25.22,25.21,25.22,345,0
2015-07-28,17:55:00,25.2005,25.2005,25.2005,25.2005,120,0
2015-07-28,19:10:00,25.2625,25.2625,25.2625,25.2625,120,0
2015-07-28,19:45:00,25.3,25.3,25.26,25.26,1442,0
2015-07-28,19:50:00,25.3,25.3,25.3,25.3,6500,0
2015-07-28,19:55:00,25.3,25.3,25.3,25.3,5800,0
2015-07-28,20:35:00,25.34,25.34,25.34,25.34,600,0
2015-07-28,20:50:00,25.31,25.32,25.31,25.32,300,0
2015-07-28,21:50:00,25.35,25.35,25.35,25.35,1320,0
2015-07-28,22:00:00,25.35,25.35,25.35,25.35,1110,0
2015-07-29,16:50:00,25.4755,25.4755,25.4755,25.4755,160,0
2015-07-29,17:05:00,25.4735,25.4735,25.4735,25.4735,611,0
2015-07-29,17:10:00,25.48,25.48,25.48,25.48,100,0
2015-07-29,17:55:00,25.528,25.53,25.528,25.53,508,0
2015-07-29,20:50:00,25.548,25.55,25.548,25.55,300,0
2015-07-29,21:05:00,25.556,25.556,25.556,25.556,204,0
2015-07-29,21:50:00,25.59,25.59,25.59,25.59,2105,0
2015-07-30,15:35:00,25.57,25.57,25.57,25.57,2000,0
2015-07-30,15:55:00,25.4725,25.4725,25.4725,25.4725,381,0
2015-07-30,16:15:00,25.469,25.469,25.469,25.469,267,0
2015-07-30,17:30:00,25.59,25.59,25.59,25.59,230,0
2015-07-30,17:50:00,25.61,25.61,25.606,25.606,1000,0
2015-07-30,20:00:00,25.589,25.589,25.589,25.589,106,0
2015-07-30,20:35:00,25.6,25.6,25.6,25.6,200,0
2015-07-30,20:40:00,25.6099,25.6099,25.6099,25.6099,1200,0
2015-07-30,20:50:00,25.6096,25.6096,25.6096,25.6096,178,0
2015-07-31,16:15:00,25.6421,25.6421,25.6421,25.6421,105,0
2015-07-31,16:20:00,25.6693,25.6693,25.6693,25.6693,284,0
2015-07-31,17:30:00,25.68,25.68,25.6757,25.6757,480,0
2015-07-31,17:50:00,25.65,25.69,25.65,25.6866,407,0
2015-07-31,17:55:00,25.69,25.69,25.6895,25.6895,1269,0
2015-07-31,18:20:00,25.6501,25.6795,25.6501,25.6795,291,0
2015-07-31,18:50:00,25.68,25.68,25.68,25.68,100,0
2015-07-31,21:15:00,25.62,25.62,25.62,25.62,41150,0
2015-08-03,15:35:00,25.64,25.64,25.64,25.64,150,0
2015-08-03,15:45:00,25.56,25.56,25.56,25.56,200,0
2015-08-03,18:10:00,25.5475,25.5475,25.5475,25.5475,318,0
2015-08-03,18:35:00,25.56,25.56,25.56,25.56,570,0
2015-08-03,19:05:00,25.4729,25.4729,25.4729,25.4729,181,0
2015-08-03,19:10:00,25.47,25.47,25.466,25.466,830,0
2015-08-03,19:15:00,25.449,25.449,25.449,25.449,120,0
2015-08-03,20:00:00,25.4908,25.51,25.4908,25.51,569,0
2015-08-04,15:35:00,25.65,25.65,25.65,25.65,160,0
2015-08-04,16:05:00,25.58,25.58,25.58,25.58,100,0
2015-08-04,16:25:00,25.67,25.67,25.67,25.67,100,0
2015-08-04,16:40:00,25.68,25.68,25.68,25.68,300,0
2015-08-04,16:45:00,25.67,25.67,25.67,25.67,100,0
2015-08-04,16:50:00,25.68,25.68,25.68,25.68,400,0
2015-08-04,17:10:00,25.66,25.66,25.61,25.6435,2500,0
2015-08-04,17:20:00,25.67,25.67,25.67,25.67,300,0
2015-08-04,17:25:00,25.66,25.66,25.66,25.66,400,0
2015-08-04,17:30:00,25.66,25.66,25.646,25.646,954,0
2015-08-04,17:35:00,25.6574,25.6574,25.6574,25.6574,150,0
2015-08-04,17:45:00,25.67,25.67,25.67,25.67,400,0
2015-08-04,17:50:00,25.66,25.66,25.66,25.66,100,0
2015-08-04,17:55:00,25.66,25.66,25.66,25.66,300,0
2015-08-04,18:00:00,25.65,25.65,25.65,25.65,300,0
2015-08-04,18:05:00,25.65,25.65,25.65,25.65,900,0
2015-08-04,18:20:00,25.66,25.66,25.64,25.64,4200,0
2015-08-04,18:25:00,25.66,25.66,25.66,25.66,400,0
2015-08-04,18:30:00,25.66,25.66,25.66,25.66,800,0
2015-08-04,18:50:00,25.65,25.65,25.65,25.65,700,0
2015-08-04,19:05:00,25.63,25.63,25.63,25.63,700,0
2015-08-04,19:20:00,25.64,25.65,25.64,25.65,700,0
2015-08-04,19:25:00,25.65,25.65,25.65,25.65,3900,0
2015-08-04,19:45:00,25.6273,25.6273,25.6273,25.6273,1021906,0
2015-08-04,20:35:00,25.5473,25.5625,25.5473,25.5625,436,0
2015-08-04,21:10:00,25.6082,25.6082,25.6082,25.6082,308,0
2015-08-04,21:15:00,25.56,25.61,25.56,25.61,909,0
2015-08-04,21:25:00,25.6,25.6099,25.6,25.6099,745,0
2015-08-04,21:45:00,25.5923,25.5923,25.5923,25.5923,500,0
2015-08-04,22:00:00,25.562,25.563,25.56,25.56,3348,0
2015-08-05,15:35:00,26,26,25.76,25.805,46071,0
2015-08-05,16:45:00,25.7925,25.7925,25.7925,25.7925,114,0
2015-08-05,16:50:00,25.7999,25.8,25.7999,25.8,5800,0
2015-08-05,16:55:00,25.798,25.8,25.78,25.78,58426,0
2015-08-05,17:00:00,25.8,25.8,25.78,25.79,73900,0
2015-08-05,17:05:00,25.8,25.81,25.79,25.79,108750,0
2015-08-05,17:10:00,25.79,25.8,25.79,25.79,39900,0
2015-08-05,17:15:00,25.7985,25.8,25.7936,25.7999,5700,0
2015-08-05,17:40:00,25.79,25.79,25.79,25.79,1934,0
2015-08-05,18:05:00,25.74,25.74,25.737,25.737,1202,0
2015-08-05,18:10:00,25.74,25.74,25.74,25.74,200,0
2015-08-05,18:30:00,25.686,25.686,25.686,25.686,193,0
2015-08-05,18:35:00,25.708,25.71,25.696,25.71,7781,0
2015-08-05,18:50:00,25.69,25.69,25.69,25.69,800,0
2015-08-05,19:30:00,25.694,25.694,25.694,25.694,200,0
2015-08-05,19:40:00,25.7005,25.7005,25.7005,25.7005,291,0
2015-08-05,19:55:00,25.71,25.71,25.71,25.71,100,0
2015-08-05,20:00:00,25.72,25.74,25.72,25.73,18528,0
2015-08-05,20:05:00,25.73,25.73,25.7296,25.7296,202,0
2015-08-05,20:30:00,25.76,25.77,25.7338,25.77,3323,0
2015-08-05,20:35:00,25.7612,25.77,25.7612,25.77,278,0
2015-08-05,20:40:00,25.77,25.77,25.77,25.77,500,0
2015-08-05,20:45:00,25.76,25.76,25.72,25.73,1500,0
2015-08-05,20:50:00,25.737,25.74,25.7279,25.7279,768,0
2015-08-05,20:55:00,25.75,25.77,25.74,25.75,77207,0
2015-08-05,21:00:00,25.75,25.75,25.7272,25.74,7995,0
2015-08-05,21:05:00,25.74,25.74,25.74,25.74,500,0
2015-08-05,21:10:00,25.74,25.75,25.74,25.75,200,0
2015-08-05,21:15:00,25.76,25.77,25.76,25.77,200,0
2015-08-05,21:20:00,25.76,25.76,25.76,25.76,200,0
2015-08-05,21:25:00,25.75,25.75,25.7499,25.75,4795,0
2015-08-05,21:30:00,25.75,25.75,25.75,25.75,1281,0
2015-08-05,21:35:00,25.74,25.74,25.74,25.74,100,0
2015-08-05,21:40:00,25.74,25.74,25.74,25.74,100,0
2015-08-05,21:45:00,25.74,25.74,25.74,25.74,200,0
2015-08-05,21:50:00,25.74,25.74,25.74,25.74,100,0
2015-08-05,22:00:00,25.74,25.74,25.74,25.74,2100,0
2015-08-06,15:50:00,25.678,25.678,25.678,25.678,218,0
2015-08-06,16:00:00,25.659,25.659,25.659,25.659,101,0
2015-08-06,16:55:00,25.666,25.666,25.666,25.666,238,0
2015-08-06,17:05:00,25.656,25.656,25.656,25.656,199,0
2015-08-06,17:20:00,25.626,25.626,25.626,25.626,187,0
2015-08-06,17:40:00,25.61,25.61,25.61,25.61,1460,0
2015-08-06,18:45:00,25.5025,25.5025,25.5025,25.5025,179,0
2015-08-06,19:00:00,25.52,25.52,25.516,25.516,660,0
2015-08-06,19:05:00,25.5,25.5,25.5,25.5,100,0
2015-08-06,19:30:00,25.5468,25.5468,25.5468,25.5468,574,0
2015-08-06,19:45:00,25.55,25.55,25.55,25.55,4302,0
2015-08-06,20:20:00,25.54,25.54,25.54,25.54,1950,0
2015-08-06,21:00:00,25.57,25.57,25.564,25.57,724,0
2015-08-06,21:05:00,25.556,25.556,25.556,25.556,141,0
2015-08-06,21:10:00,25.556,25.556,25.556,25.556,514,0
2015-08-06,21:20:00,25.57,25.57,25.57,25.57,100,0
2015-08-07,15:35:00,25.61,25.61,25.52,25.52,1281,0
2015-08-07,15:40:00,25.52,25.53,25.51,25.51,700,0
2015-08-07,15:45:00,25.51,25.54,25.51,25.53,900,0
2015-08-07,15:50:00,25.49,25.51,25.49,25.49,700,0
2015-08-07,15:55:00,25.49,25.52,25.49,25.52,700,0
2015-08-07,16:00:00,25.52,25.52,25.52,25.52,700,0
2015-08-07,16:05:00,25.52,25.52,25.48,25.5,800,0
2015-08-07,16:10:00,25.5,25.51,25.5,25.51,600,0
2015-08-07,16:15:00,25.51,25.51,25.51,25.51,600,0
2015-08-07,16:20:00,25.51,25.51,25.51,25.51,500,0
2015-08-07,16:25:00,25.51,25.51,25.45,25.46,1900,0
2015-08-07,16:30:00,25.46,25.46,25.42,25.45,23614,0
2015-08-07,16:35:00,25.45,25.47,25.45,25.47,300,0
2015-08-07,16:40:00,25.47,25.49,25.47,25.49,500,0
2015-08-07,16:45:00,25.49,25.51,25.49,25.51,500,0
2015-08-07,16:50:00,25.51,25.51,25.48,25.51,400,0
2015-08-07,16:55:00,25.51,25.52,25.48,25.48,500,0
2015-08-07,17:00:00,25.49,25.49,25.49,25.49,500,0
2015-08-07,17:05:00,25.49,25.5,25.48,25.5,500,0
2015-08-07,17:10:00,25.48,25.48,25.48,25.48,500,0
2015-08-07,17:15:00,25.47,25.47,25.46,25.46,400,0
2015-08-07,17:20:00,25.46,25.46,25.42,25.42,500,0
2015-08-07,17:25:00,25.44,25.44,25.44,25.44,400,0
2015-08-07,17:30:00,25.44,25.45,25.44,25.45,600,0
2015-08-07,17:35:00,25.45,25.45,25.45,25.45,500,0
2015-08-07,17:40:00,25.45,25.45,25.42,25.44,500,0
2015-08-07,17:45:00,25.44,25.45,25.44,25.45,600,0
2015-08-07,17:50:00,25.45,25.45,25.45,25.45,500,0
2015-08-07,17:55:00,25.45,25.45,25.436,25.45,958,0
2015-08-07,18:00:00,25.45,25.45,25.45,25.45,600,0
2015-08-07,18:05:00,25.45,25.47,25.45,25.47,700,0
2015-08-07,18:10:00,25.47,25.47,25.47,25.47,800,0
2015-08-07,18:15:00,25.47,25.48,25.47,25.48,600,0
2015-08-07,18:20:00,25.48,25.48,25.48,25.48,800,0
2015-08-07,18:25:00,25.48,25.48,25.47,25.47,800,0
2015-08-07,18:30:00,25.47,25.48,25.47,25.48,1065,0
2015-08-07,19:05:00,25.446,25.446,25.446,25.446,175,0
2015-08-07,19:20:00,25.45,25.45,25.446,25.446,200,0
2015-08-07,19:25:00,25.44,25.44,25.44,25.44,100,0
2015-08-07,20:15:00,25.4525,25.4525,25.4525,25.4525,113,0
2015-08-07,20:30:00,25.4472,25.45,25.4472,25.45,516,0
2015-08-07,20:40:00,25.4799,25.48,25.4795,25.4795,390,0
2015-08-07,21:25:00,25.5,25.5,25.5,25.5,200,0
2015-08-07,21:30:00,25.54,25.54,25.54,25.54,327,0
2015-08-07,21:40:00,25.55,25.55,25.5001,25.505,911,0
2015-08-07,22:00:00,25.55,25.55,25.55,25.55,157,0
