Date,Time,Open,High,Low,Close,Volume,OpenInt
2015-06-17,15:35:00,20.434,20.523,20.434,20.518,370,0
2015-06-17,16:25:00,20.504,20.504,20.495,20.495,294,0
2015-06-17,16:35:00,20.454,20.474,20.444,20.464,792,0
2015-06-17,16:45:00,20.444,20.444,20.439,20.439,3150,0
2015-06-17,17:20:00,20.47,20.47,20.464,20.464,1672,0
2015-06-17,17:25:00,20.484,20.484,20.459,20.467,1309,0
2015-06-17,18:00:00,20.424,20.434,20.424,20.434,1016,0
2015-06-17,19:40:00,20.414,20.414,20.414,20.414,508,0
2015-06-17,19:55:00,20.404,20.404,20.386,20.386,1153,0
2015-06-17,20:00:00,20.386,20.386,20.386,20.386,1981,0
2015-06-17,20:05:00,20.399,20.399,20.399,20.399,208,0
2015-06-17,20:20:00,20.434,20.464,20.434,20.464,711,0
2015-06-17,20:25:00,20.424,20.424,20.424,20.424,102,0
2015-06-17,20:30:00,20.425,20.425,20.425,20.425,298,0
2015-06-17,20:35:00,20.424,20.424,20.424,20.424,102,0
2015-06-17,20:45:00,20.424,20.424,20.424,20.424,1016,0
2015-06-17,20:50:00,20.424,20.424,20.424,20.424,852,0
2015-06-17,20:55:00,20.434,20.434,20.434,20.434,325,0
2015-06-17,21:15:00,20.425,20.425,20.425,20.425,481,0
2015-06-17,21:20:00,20.424,20.424,20.424,20.424,1219,0
2015-06-17,21:25:00,20.427,20.427,20.427,20.427,108,0
2015-06-17,21:50:00,20.429,20.434,20.425,20.434,2540,0
2015-06-17,21:55:00,20.433,20.433,20.433,20.433,109,0
2015-06-17,22:00:00,20.434,20.434,20.431,20.431,916,0
2015-06-18,15:35:00,20.386,20.386,20.386,20.386,820,0
2015-06-18,15:40:00,20.434,20.434,20.434,20.434,473,0
2015-06-18,15:45:00,20.476,20.476,20.476,20.476,127,0
2015-06-18,15:55:00,20.454,20.5,20.444,20.5,1690,0
2015-06-18,16:10:00,20.478,20.478,20.478,20.478,102,0
2015-06-18,16:30:00,20.474,20.474,20.474,20.474,508,0
2015-06-18,16:35:00,20.494,20.494,20.484,20.484,1737,0
2015-06-18,16:55:00,20.494,20.494,20.494,20.494,896,0
2015-06-18,17:00:00,20.484,20.484,20.484,20.484,2042,0
2015-06-18,17:05:00,20.494,20.494,20.494,20.494,102,0
2015-06-18,17:15:00,20.491,20.494,20.491,20.494,6095,0
2015-06-18,17:20:00,20.494,20.504,20.494,20.504,1321,0
2015-06-18,17:45:00,20.535,20.535,20.535,20.535,165,0
2015-06-18,17:50:00,20.504,20.504,20.504,20.504,2822,0
2015-06-18,18:35:00,20.513,20.513,20.513,20.513,102,0
2015-06-18,18:40:00,20.504,20.513,20.494,20.513,3022,0
2015-06-18,19:00:00,20.513,20.513,20.513,20.513,610,0
2015-06-18,19:30:00,20.523,20.523,20.523,20.523,508,0
2015-06-18,20:20:00,20.513,20.523,20.513,20.523,406,0
2015-06-18,21:00:00,20.518,20.523,20.484,20.484,2337,0
2015-06-18,21:05:00,20.522,20.522,20.522,20.522,1016,0
2015-06-18,21:40:00,20.49,20.493,20.49,20.493,2057,0
2015-06-18,21:50:00,20.507,20.507,20.507,20.507,568,0
2015-06-18,22:00:00,20.5,20.5,20.5,20.5,508,0
2015-06-19,15:35:00,20.444,20.444,20.444,20.444,1476,0
2015-06-19,15:45:00,20.444,20.444,20.444,20.444,204,0
2015-06-19,16:25:00,20.512,20.512,20.512,20.512,204,0
2015-06-19,16:50:00,20.513,20.513,20.513,20.513,243,0
2015-06-19,16:55:00,20.504,20.504,20.504,20.504,102,0
2015-06-19,17:20:00,20.518,20.523,20.518,20.523,1219,0
2015-06-19,17:35:00,20.513,20.513,20.513,20.513,204,0
2015-06-19,17:40:00,20.492,20.492,20.492,20.492,508,0
2015-06-19,17:55:00,20.502,20.502,20.502,20.502,508,0
2015-06-19,18:45:00,20.513,20.513,20.513,20.513,7620,0
2015-06-19,18:50:00,20.513,20.523,20.513,20.523,5283,0
2015-06-19,18:55:00,20.523,20.523,20.523,20.523,10057,0
2015-06-19,19:00:00,20.523,20.523,20.474,20.504,16458,0
2015-06-19,19:05:00,20.486,20.504,20.486,20.504,3962,0
2015-06-19,19:10:00,20.493,20.523,20.493,20.523,19466,0
2015-06-19,19:15:00,20.523,20.523,20.513,20.513,12394,0
2015-06-19,19:20:00,20.522,20.523,20.513,20.523,6239,0
2015-06-19,19:35:00,20.522,20.523,20.522,20.523,18083,0
2015-06-19,19:40:00,20.523,20.523,20.522,20.523,30716,0
2015-06-19,19:45:00,20.523,20.523,20.522,20.523,25240,0
2015-06-19,19:50:00,20.523,20.523,20.513,20.523,3477,0
2015-06-19,20:00:00,20.523,20.523,20.523,20.523,2975,0
2015-06-19,20:05:00,20.52,20.52,20.52,20.52,1016,0
2015-06-19,20:10:00,20.513,20.523,20.513,20.523,2438,0
2015-06-19,20:15:00,20.518,20.518,20.513,20.518,508,0
2015-06-19,20:20:00,20.513,20.518,20.513,20.518,304,0
2015-06-19,20:25:00,20.516,20.516,20.516,20.516,304,0
2015-06-19,20:30:00,20.513,20.513,20.513,20.513,102,0
2015-06-19,20:35:00,20.518,20.518,20.513,20.513,711,0
2015-06-19,20:45:00,20.523,20.523,20.523,20.523,102,0
2015-06-19,21:00:00,20.523,20.523,20.523,20.523,483,0
2015-06-19,21:05:00,20.522,20.522,20.522,20.522,508,0
2015-06-19,21:20:00,20.523,20.523,20.523,20.523,102,0
2015-06-19,21:25:00,20.513,20.518,20.513,20.513,10667,0
2015-06-19,21:30:00,20.518,20.518,20.518,20.518,1931,0
2015-06-19,21:35:00,20.513,20.518,20.513,20.518,2540,0
2015-06-19,21:50:00,20.523,20.523,20.523,20.523,610,0
2015-06-19,21:55:00,20.523,20.523,20.523,20.523,711,0
2015-06-19,22:00:00,20.523,20.523,20.523,20.523,15731,0
2015-06-22,15:35:00,20.542,20.542,20.542,20.542,1570,0
2015-06-22,15:40:00,20.602,20.602,20.494,20.504,610,0
2015-06-22,15:45:00,20.516,20.516,20.516,20.516,304,0
2015-06-22,16:20:00,20.567,20.567,20.567,20.567,304,0
2015-06-22,17:00:00,20.582,20.582,20.582,20.582,1016,0
2015-06-22,18:45:00,20.541,20.541,20.541,20.541,290,0
2015-06-22,19:40:00,20.542,20.542,20.542,20.542,610,0
2015-06-22,19:50:00,20.557,20.557,20.555,20.555,204,0
2015-06-22,19:55:00,20.564,20.564,20.557,20.557,329,0
2015-06-22,20:00:00,20.552,20.552,20.552,20.552,813,0
2015-06-22,20:30:00,20.552,20.552,20.552,20.552,152,0
2015-06-22,20:50:00,20.532,20.533,20.532,20.532,2244,0
2015-06-22,21:20:00,20.532,20.532,20.532,20.532,102,0
2015-06-22,21:45:00,20.533,20.533,20.533,20.533,813,0
2015-06-22,21:50:00,20.525,20.542,20.525,20.542,356,0
2015-06-23,16:00:00,20.582,20.602,20.582,20.592,650,0
2015-06-23,16:05:00,20.592,20.592,20.533,20.592,814,0
2015-06-23,16:10:00,20.592,20.592,20.592,20.592,102,0
2015-06-23,16:15:00,20.592,20.592,20.582,20.582,1322,0
2015-06-23,16:20:00,20.582,20.582,20.582,20.582,102,0
2015-06-23,16:25:00,20.602,20.602,20.582,20.592,305,0
2015-06-23,16:30:00,20.572,20.572,20.572,20.572,102,0
2015-06-23,16:40:00,20.581,20.581,20.581,20.581,244,0
2015-06-23,16:55:00,20.572,20.573,20.542,20.542,2699,0
2015-06-23,17:05:00,20.562,20.562,20.562,20.562,916,0
2015-06-23,17:10:00,20.562,20.562,20.546,20.546,3174,0
2015-06-23,17:15:00,20.582,20.582,20.582,20.582,660,0
2015-06-23,17:20:00,20.582,20.582,20.582,20.582,204,0
2015-06-23,17:35:00,20.553,20.553,20.553,20.553,406,0
2015-06-23,18:20:00,20.572,20.572,20.572,20.572,1016,0
2015-06-23,18:40:00,20.552,20.552,20.546,20.546,508,0
2015-06-23,18:45:00,20.542,20.542,20.542,20.542,13498,0
2015-06-23,19:00:00,20.564,20.564,20.564,20.564,349,0
2015-06-23,20:10:00,20.562,20.562,20.562,20.562,204,0
2015-06-23,20:20:00,20.571,20.571,20.554,20.554,356,0
2015-06-23,21:40:00,20.555,20.555,20.555,20.555,204,0
2015-06-23,21:50:00,20.542,20.552,20.542,20.552,21929,0
2015-06-23,22:00:00,20.592,20.592,20.592,20.592,3251,0
2015-06-24,15:35:00,20.582,20.622,20.532,20.622,854,0
2015-06-24,16:10:00,20.582,20.582,20.582,20.582,101,0
2015-06-24,16:15:00,20.564,20.564,20.564,20.564,474,0
2015-06-24,16:20:00,20.532,20.553,20.532,20.553,536,0
2015-06-24,16:35:00,20.582,20.582,20.582,20.582,504,0
2015-06-24,17:00:00,20.582,20.582,20.582,20.582,202,0
2015-06-24,17:05:00,20.582,20.592,20.582,20.587,7264,0
2015-06-24,17:10:00,20.582,20.582,20.572,20.572,2004,0
2015-06-24,18:00:00,20.572,20.572,20.572,20.572,1681,0
2015-06-24,18:30:00,20.572,20.572,20.572,20.572,1681,0
2015-06-24,19:35:00,20.562,20.562,20.556,20.556,1588,0
2015-06-24,19:40:00,20.532,20.541,20.532,20.541,403,0
2015-06-24,19:45:00,20.552,20.552,20.552,20.552,225,0
2015-06-24,20:00:00,20.549,20.549,20.549,20.549,252,0
2015-06-24,20:05:00,20.541,20.542,20.541,20.542,518,0
2015-06-24,20:45:00,20.541,20.541,20.541,20.541,302,0
2015-06-24,21:40:00,20.539,20.539,20.539,20.539,504,0
2015-06-24,21:50:00,20.532,20.532,20.522,20.522,527,0
2015-06-24,21:55:00,20.542,20.542,20.542,20.542,146,0
2015-06-24,22:00:00,20.539,20.542,20.532,20.532,706,0
2015-06-25,15:35:00,20.641,20.641,20.602,20.602,1710,0
2015-06-25,15:40:00,20.572,20.572,20.542,20.542,706,0
2015-06-25,15:45:00,20.542,20.542,20.542,20.542,101,0
2015-06-25,15:55:00,20.53,20.53,20.53,20.53,3279,0
2015-06-25,16:10:00,20.504,20.504,20.504,20.504,101,0
2015-06-25,16:25:00,20.534,20.534,20.534,20.534,431,0
2015-06-25,16:40:00,20.512,20.516,20.512,20.516,504,0
2015-06-25,16:45:00,20.513,20.552,20.513,20.552,1367,0
2015-06-25,17:00:00,20.53,20.53,20.53,20.53,202,0
2015-06-25,17:05:00,20.52,20.52,20.52,20.52,101,0
2015-06-25,17:15:00,20.497,20.497,20.497,20.497,504,0
2015-06-25,17:35:00,20.518,20.518,20.512,20.512,807,0
2015-06-25,17:45:00,20.494,20.516,20.494,20.516,504,0
2015-06-25,18:10:00,20.522,20.522,20.522,20.522,101,0
2015-06-25,18:20:00,20.511,20.511,20.511,20.511,615,0
2015-06-25,18:25:00,20.5,20.5,20.5,20.5,101,0
2015-06-25,18:35:00,20.504,20.504,20.493,20.493,814,0
2015-06-25,19:05:00,20.494,20.499,20.493,20.495,1008,0
2015-06-25,19:15:00,20.485,20.485,20.485,20.485,154,0
2015-06-25,19:20:00,20.495,20.495,20.495,20.495,101,0
2015-06-25,19:35:00,20.503,20.503,20.503,20.503,202,0
2015-06-25,20:15:00,20.474,20.479,20.473,20.478,1916,0
2015-06-25,20:20:00,20.473,20.473,20.463,20.463,807,0
2015-06-25,20:25:00,20.463,20.463,20.463,20.463,504,0
2015-06-25,20:30:00,20.453,20.453,20.453,20.453,302,0
2015-06-25,20:35:00,20.443,20.443,20.443,20.443,500,0
2015-06-25,20:40:00,20.421,20.421,20.421,20.421,939,0
2015-06-25,21:05:00,20.433,20.433,20.433,20.433,101,0
2015-06-25,21:10:00,20.453,20.453,20.453,20.453,101,0
2015-06-25,21:50:00,20.413,20.414,20.379,20.379,504,0
2015-06-25,22:00:00,20.423,20.433,20.423,20.433,202,0
2015-06-26,15:35:00,20.384,20.384,20.384,20.384,215,0
2015-06-26,15:40:00,20.374,20.374,20.294,20.358,15731,0
2015-06-26,16:00:00,20.364,20.364,20.364,20.364,403,0
2015-06-26,16:05:00,20.364,20.374,20.354,20.374,675,0
2015-06-26,16:20:00,20.354,20.354,20.354,20.354,3932,0
2015-06-26,16:35:00,20.344,20.344,20.344,20.344,202,0
2015-06-26,17:00:00,20.346,20.346,20.346,20.346,413,0
2015-06-26,17:05:00,20.334,20.334,20.334,20.334,403,0
2015-06-26,17:15:00,20.334,20.334,20.324,20.324,316,0
2015-06-26,17:30:00,20.295,20.307,20.295,20.304,807,0
2015-06-26,17:35:00,20.314,20.334,20.314,20.334,2117,0
2015-06-26,18:15:00,20.304,20.304,20.304,20.304,1008,0
2015-06-26,18:20:00,20.284,20.305,20.284,20.305,444,0
2015-06-26,18:30:00,20.314,20.314,20.314,20.314,1311,0
2015-06-26,18:50:00,20.274,20.274,20.274,20.274,202,0
2015-06-26,19:10:00,20.286,20.286,20.286,20.286,101,0
2015-06-26,19:15:00,20.284,20.284,20.274,20.274,958,0
2015-06-26,19:20:00,20.255,20.255,20.255,20.255,2016,0
2015-06-26,19:25:00,20.255,20.274,20.255,20.274,1613,0
2015-06-26,19:35:00,20.269,20.269,20.255,20.255,955,0
2015-06-26,20:00:00,20.265,20.265,20.265,20.265,1008,0
2015-06-26,20:10:00,20.274,20.274,20.274,20.274,242,0
2015-06-26,20:15:00,20.261,20.261,20.261,20.261,374,0
2015-06-26,20:20:00,20.255,20.255,20.227,20.227,403,0
2015-06-26,20:35:00,20.269,20.272,20.235,20.235,1109,0
2015-06-26,20:40:00,20.241,20.241,20.241,20.241,126,0
2015-06-26,20:45:00,20.246,20.246,20.245,20.245,1008,0
2015-06-26,21:00:00,20.245,20.245,20.245,20.245,202,0
2015-06-26,21:10:00,20.24,20.24,20.24,20.24,403,0
2015-06-26,21:20:00,20.235,20.242,20.235,20.242,308,0
2015-06-26,21:35:00,20.234,20.234,20.234,20.234,202,0
2015-06-26,21:40:00,20.225,20.225,20.225,20.225,1109,0
2015-06-26,21:45:00,20.196,20.225,20.195,20.212,2785,0
2015-06-26,22:00:00,20.225,20.225,20.225,20.225,403,0
2015-06-29,15:35:00,20.215,20.215,19.927,19.997,31743,0
2015-06-29,15:40:00,20.036,20.066,20.036,20.066,403,0
2015-06-29,15:45:00,20.036,20.036,20.036,20.036,202,0
2015-06-29,15:55:00,20.036,20.036,20.017,20.019,1916,0
2015-06-29,16:00:00,20.017,20.066,20.017,20.066,6150,0
2015-06-29,16:05:00,20.017,20.076,20.017,20.076,2761,0
2015-06-29,16:10:00,20.026,20.076,20.026,20.076,403,0
2015-06-29,16:20:00,20.007,20.045,20.007,20.045,1176,0
2015-06-29,16:25:00,20.066,20.066,20.035,20.035,353,0
2015-06-29,16:30:00,20.007,20.007,20.002,20.002,3982,0
2015-06-29,16:35:00,20.046,20.046,20.046,20.046,101,0
2015-06-29,16:45:00,20.039,20.046,19.995,19.995,302,0
2015-06-29,16:55:00,20.046,20.046,20.046,20.046,302,0
2015-06-29,17:00:00,19.997,20.046,19.997,20.046,302,0
2015-06-29,17:05:00,19.987,20.026,19.987,20.026,9688,0
2015-06-29,17:10:00,19.988,20.036,19.987,19.987,1955,0
2015-06-29,17:20:00,19.957,19.972,19.957,19.972,666,0
2015-06-29,17:25:00,19.959,19.959,19.959,19.959,504,0
2015-06-29,17:35:00,19.987,19.987,19.987,19.987,101,0
2015-06-29,17:50:00,19.961,19.987,19.961,19.987,605,0
2015-06-29,18:00:00,19.947,19.947,19.947,19.947,151,0
2015-06-29,18:05:00,19.987,19.987,19.987,19.987,101,0
2015-06-29,18:20:00,19.977,19.977,19.977,19.977,101,0
2015-06-29,18:35:00,19.977,19.977,19.977,19.977,101,0
2015-06-29,18:45:00,19.967,19.977,19.967,19.977,202,0
2015-06-29,18:50:00,19.947,19.947,19.947,19.947,101,0
2015-06-29,19:00:00,19.957,19.977,19.957,19.977,302,0
2015-06-29,19:15:00,19.967,19.967,19.967,19.967,101,0
2015-06-29,19:20:00,19.977,19.977,19.977,19.977,101,0
2015-06-29,19:25:00,19.958,19.958,19.958,19.958,202,0
2015-06-29,19:30:00,19.967,19.967,19.967,19.967,101,0
2015-06-29,19:35:00,19.957,19.957,19.957,19.957,197,0
2015-06-29,19:50:00,19.977,19.977,19.977,19.977,202,0
2015-06-29,19:55:00,19.954,19.967,19.954,19.967,7385,0
2015-06-29,20:15:00,19.983,19.987,19.977,19.987,6547,0
2015-06-29,20:30:00,19.947,19.947,19.947,19.947,1615,0
2015-06-29,20:35:00,19.984,19.984,19.984,19.984,252,0
2015-06-29,20:55:00,19.953,19.953,19.953,19.953,234,0
2015-06-29,21:10:00,19.947,19.967,19.947,19.967,2824,0
2015-06-29,21:20:00,19.947,19.947,19.947,19.947,101,0
2015-06-29,21:45:00,19.927,19.937,19.927,19.937,403,0
2015-06-29,21:55:00,19.888,19.888,19.888,19.888,1311,0
2015-06-29,22:00:00,19.888,19.937,19.888,19.937,756,0
2015-06-30,15:35:00,19.937,19.937,19.937,19.937,407,0
2015-06-30,15:40:00,19.977,19.977,19.977,19.977,101,0
2015-06-30,15:50:00,20.026,20.026,19.957,19.959,2729,0
2015-06-30,15:55:00,19.962,19.967,19.957,19.957,2520,0
2015-06-30,16:15:00,19.982,19.982,19.982,19.982,523,0
2015-06-30,16:20:00,20.017,20.017,20.017,20.017,240,0
2015-06-30,16:30:00,20.025,20.026,20.025,20.026,274,0
2015-06-30,16:40:00,20.013,20.026,20.013,20.026,614,0
2015-06-30,16:45:00,20.026,20.026,20.026,20.026,630,0
2015-06-30,17:05:00,20.007,20.022,19.996,20.007,5646,0
2015-06-30,17:15:00,20.007,20.007,20.007,20.007,6251,0
2015-06-30,17:20:00,20.002,20.007,19.997,20.002,4614,0
2015-06-30,17:25:00,20.066,20.066,20.066,20.066,458,0
2015-06-30,17:30:00,20.066,20.066,20.056,20.056,20163,0
2015-06-30,17:40:00,20.031,20.046,20.017,20.046,10989,0
2015-06-30,17:45:00,20.036,20.056,20.031,20.045,13257,0
2015-06-30,17:50:00,20.056,20.056,20.036,20.036,23397,0
2015-06-30,17:55:00,20.056,20.056,20.036,20.056,10034,0
2015-06-30,18:00:00,20.046,20.046,20.036,20.036,6553,0
2015-06-30,18:15:00,20.046,20.046,20.046,20.046,6065,0
2015-06-30,18:25:00,20.056,20.056,20.046,20.046,1210,0
2015-06-30,18:30:00,20.046,20.046,20.036,20.036,353,0
2015-06-30,18:35:00,20.043,20.045,20.043,20.045,646,0
2015-06-30,18:50:00,20.034,20.034,20.026,20.026,2798,0
2015-06-30,18:55:00,20.032,20.041,20.032,20.041,227,0
2015-06-30,19:00:00,20.02,20.046,20.02,20.046,1663,0
2015-06-30,19:15:00,19.997,19.997,19.997,19.997,464,0
2015-06-30,19:45:00,20.036,20.036,20.036,20.036,403,0
2015-06-30,19:55:00,20.036,20.036,20.036,20.036,1085,0
2015-06-30,20:10:00,20.056,20.056,20.056,20.056,1764,0
2015-06-30,20:15:00,20.066,20.066,20.064,20.064,479,0
2015-06-30,20:30:00,20.086,20.096,20.086,20.096,202,0
2015-06-30,21:05:00,20.096,20.096,20.096,20.096,101,0
2015-06-30,21:10:00,20.125,20.125,20.125,20.125,333,0
2015-06-30,21:35:00,20.124,20.124,20.121,20.121,353,0
2015-06-30,22:00:00,20.106,20.126,20.106,20.126,2621,0
2015-07-01,15:35:00,20.026,20.026,20.026,20.026,524,0
2015-07-01,15:50:00,20.141,20.141,20.141,20.141,101,0
2015-07-01,16:05:00,20.128,20.128,20.128,20.128,1379,0
2015-07-01,16:10:00,20.135,20.135,20.135,20.135,242,0
2015-07-01,16:20:00,20.136,20.142,20.136,20.142,341,0
2015-07-01,16:25:00,20.2,20.2,20.2,20.2,101,0
2015-07-01,16:45:00,20.167,20.167,20.167,20.167,815,0
2015-07-01,17:20:00,20.165,20.172,20.165,20.172,368,0
2015-07-01,17:30:00,20.145,20.145,20.145,20.145,101,0
2015-07-01,17:40:00,20.145,20.145,20.145,20.145,101,0
2015-07-01,18:05:00,20.146,20.146,20.146,20.146,176,0
2015-07-01,18:15:00,20.148,20.148,20.146,20.148,2420,0
2015-07-01,18:40:00,20.185,20.185,20.185,20.185,202,0
2015-07-01,18:50:00,20.164,20.164,20.164,20.164,202,0
2015-07-01,19:10:00,20.145,20.145,20.136,20.136,504,0
2015-07-01,19:35:00,20.145,20.145,20.145,20.145,504,0
2015-07-01,19:55:00,20.137,20.139,20.137,20.139,1764,0
2015-07-01,20:10:00,20.136,20.136,20.136,20.136,1023,0
2015-07-01,20:20:00,20.106,20.106,20.106,20.106,252,0
2015-07-01,20:25:00,20.145,20.145,20.145,20.145,101,0
2015-07-01,20:45:00,20.14,20.14,20.14,20.14,101,0
2015-07-01,21:05:00,20.145,20.185,20.145,20.175,605,0
2015-07-01,21:15:00,20.185,20.185,20.185,20.185,1571,0
2015-07-01,21:20:00,20.175,20.175,20.175,20.175,101,0
2015-07-01,22:00:00,20.175,20.215,20.155,20.215,2577,0
2015-07-02,15:35:00,20.106,20.106,20.106,20.106,213,0
2015-07-02,15:40:00,20.116,20.116,20.116,20.116,992,0
2015-07-02,15:50:00,20.165,20.165,20.165,20.165,202,0
2015-07-02,16:00:00,20.185,20.185,20.185,20.185,242,0
2015-07-02,16:30:00,20.165,20.165,20.165,20.165,1008,0
2015-07-02,16:35:00,20.168,20.168,20.168,20.168,252,0
2015-07-02,17:20:00,20.145,20.145,20.145,20.145,195,0
2015-07-02,17:25:00,20.106,20.106,20.106,20.106,302,0
2015-07-02,17:30:00,20.155,20.155,20.155,20.155,504,0
2015-07-02,18:20:00,20.136,20.136,20.136,20.136,101,0
2015-07-02,18:25:00,20.116,20.116,20.116,20.116,202,0
2015-07-02,20:05:00,20.177,20.185,20.177,20.185,782,0
2015-07-02,20:15:00,20.15,20.15,20.15,20.15,209,0
2015-07-02,20:55:00,20.185,20.185,20.185,20.185,756,0
2015-07-02,21:00:00,20.175,20.175,20.175,20.175,101,0
2015-07-02,21:15:00,20.136,20.136,20.136,20.136,206,0
2015-07-02,21:50:00,20.154,20.154,20.154,20.154,1749,0
2015-07-02,21:55:00,20.152,20.152,20.152,20.152,2520,0
2015-07-06,15:35:00,20.007,20.007,20.007,20.007,281,0
2015-07-06,15:55:00,20.042,20.042,20.042,20.042,302,0
2015-07-06,16:50:00,20.046,20.046,20.046,20.046,103,0
2015-07-06,17:00:00,20.046,20.076,20.046,20.076,887,0
2015-07-06,17:20:00,20.046,20.046,20.046,20.046,502,0
2015-07-06,17:40:00,20.037,20.037,20.036,20.036,302,0
2015-07-06,17:45:00,20.036,20.036,20.036,20.036,1008,0
2015-07-06,17:55:00,20.036,20.081,20.036,20.081,1943,0
2015-07-06,18:10:00,20.046,20.046,20.046,20.046,2016,0
2015-07-06,18:45:00,20.047,20.047,20.047,20.047,951,0
2015-07-06,18:50:00,20.046,20.057,20.046,20.057,1565,0
2015-07-06,19:00:00,20.066,20.066,20.061,20.066,403,0
2015-07-06,19:05:00,20.066,20.066,20.066,20.066,101,0
2015-07-06,19:10:00,20.076,20.076,20.066,20.066,302,0
2015-07-06,19:25:00,20.093,20.093,20.093,20.093,126,0
2015-07-06,19:45:00,20.054,20.054,20.054,20.054,202,0
2015-07-06,20:05:00,20.056,20.056,20.056,20.056,101,0
2015-07-06,20:10:00,20.071,20.071,20.071,20.071,2591,0
2015-07-06,20:15:00,20.086,20.086,20.036,20.036,343,0
2015-07-06,20:50:00,20.046,20.046,20.046,20.046,101,0
2015-07-06,21:00:00,20.046,20.049,20.046,20.049,1411,0
2015-07-06,21:15:00,20.059,20.059,20.059,20.059,101,0
2015-07-06,21:30:00,20.062,20.062,20.062,20.062,202,0
2015-07-06,21:45:00,20.06,20.06,20.06,20.06,101,0
2015-07-06,21:50:00,20.065,20.073,20.065,20.073,222,0
2015-07-06,21:55:00,20.086,20.086,20.086,20.086,857,0
2015-07-07,15:35:00,19.947,19.947,19.947,19.947,2550,0
2015-07-07,15:40:00,20.099,20.099,20.099,20.099,807,0
2015-07-07,15:45:00,20.078,20.078,20.078,20.078,605,0
2015-07-07,15:50:00,20.076,20.076,20.076,20.076,2319,0
2015-07-07,15:55:00,20.041,20.041,20.041,20.041,403,0
2015-07-07,16:00:00,20.018,20.018,20.017,20.017,513,0
2015-07-07,16:05:00,20.021,20.027,20.021,20.027,504,0
2015-07-07,16:25:00,19.977,19.977,19.977,19.977,504,0
2015-07-07,16:30:00,19.977,19.977,19.967,19.967,1329,0
2015-07-07,16:35:00,19.977,19.977,19.977,19.977,605,0
2015-07-07,16:40:00,19.997,19.998,19.997,19.997,2059,0
2015-07-07,16:45:00,19.987,19.987,19.987,19.987,302,0
2015-07-07,17:05:00,19.987,19.987,19.987,19.987,1008,0
2015-07-07,17:10:00,19.957,19.957,19.948,19.948,202,0
2015-07-07,17:20:00,19.938,19.938,19.937,19.937,504,0
2015-07-07,17:30:00,19.938,19.94,19.938,19.94,302,0
2015-07-07,17:35:00,19.937,19.937,19.937,19.937,101,0
2015-07-07,17:40:00,19.953,19.953,19.953,19.953,158,0
2015-07-07,18:05:00,19.987,19.987,19.987,19.987,5000,0
2015-07-07,18:10:00,19.977,19.977,19.977,19.977,958,0
2015-07-07,18:20:00,19.937,19.937,19.937,19.937,202,0
2015-07-07,18:40:00,19.997,19.997,19.997,19.997,504,0
2015-07-07,18:45:00,19.997,19.997,19.997,19.997,2994,0
2015-07-07,18:50:00,19.977,19.997,19.977,19.997,302,0
2015-07-07,19:00:00,19.997,19.997,19.997,19.997,403,0
2015-07-07,19:05:00,19.977,20.007,19.977,20.007,1851,0
2015-07-07,19:20:00,20.017,20.017,20.017,20.017,101,0
2015-07-07,19:25:00,20.017,20.017,20.017,20.017,101,0
2015-07-07,19:35:00,20.036,20.036,20.036,20.036,202,0
2015-07-07,20:00:00,20.008,20.008,20.008,20.008,104,0
2015-07-07,20:15:00,20.036,20.036,20.036,20.036,489,0
2015-07-07,20:20:00,20.036,20.036,20.036,20.036,101,0
2015-07-07,21:05:00,20.057,20.086,20.057,20.086,2132,0
2015-07-07,21:10:00,20.076,20.116,20.076,20.116,1934,0
2015-07-07,21:40:00,20.066,20.101,20.066,20.101,1008,0
2015-07-07,21:50:00,20.116,20.116,20.116,20.116,403,0
2015-07-07,21:55:00,20.096,20.096,20.096,20.096,302,0
2015-07-07,22:00:00,20.096,20.096,20.096,20.096,388,0
2015-07-08,15:35:00,20.076,20.076,19.996,19.996,1919,0
2015-07-08,15:55:00,19.987,19.987,19.987,19.987,302,0
2015-07-08,16:25:00,19.948,19.948,19.947,19.947,302,0
2015-07-08,16:30:00,19.939,19.939,19.939,19.939,101,0
2015-07-08,16:35:00,19.977,19.977,19.937,19.937,403,0
2015-07-08,16:45:00,19.937,19.961,19.937,19.937,1018,0
2015-07-08,17:05:00,19.971,19.971,19.971,19.971,202,0
2015-07-08,17:20:00,19.937,19.937,19.937,19.937,807,0
2015-07-08,17:25:00,19.952,19.952,19.952,19.952,252,0
2015-07-08,17:30:00,19.952,19.967,19.952,19.967,5041,0
2015-07-08,17:45:00,19.965,19.965,19.965,19.965,150,0
2015-07-08,18:05:00,19.937,19.94,19.937,19.937,2658,0
2015-07-08,19:25:00,19.947,19.947,19.947,19.947,202,0
2015-07-08,20:00:00,19.937,19.937,19.937,19.937,1109,0
2015-07-08,20:05:00,19.919,19.919,19.919,19.919,151,0
2015-07-08,20:20:00,19.917,19.917,19.917,19.917,504,0
2015-07-08,20:25:00,19.935,19.937,19.935,19.937,337,0
2015-07-08,20:40:00,19.917,19.917,19.917,19.917,1006,0
2015-07-08,20:50:00,19.897,19.897,19.897,19.897,101,0
2015-07-08,20:55:00,19.907,19.907,19.907,19.907,202,0
2015-07-08,21:05:00,19.907,19.907,19.907,19.907,857,0
2015-07-08,21:15:00,19.902,19.902,19.902,19.902,252,0
2015-07-08,21:55:00,19.917,19.917,19.917,19.917,302,0
2015-07-08,22:00:00,19.917,19.917,19.917,19.917,275,0
2015-07-09,15:35:00,19.947,19.947,19.947,19.947,1201,0
2015-07-09,15:40:00,20.047,20.047,20.036,20.036,504,0
2015-07-09,15:45:00,20.036,20.036,20.036,20.036,504,0
2015-07-09,15:50:00,20.007,20.007,20.007,20.007,2520,0
2015-07-09,16:00:00,20.029,20.029,20.029,20.029,101,0
2015-07-09,16:20:00,20.031,20.031,19.987,19.987,1905,0
2015-07-09,16:30:00,20.046,20.056,20.046,20.056,2016,0
2015-07-09,16:40:00,19.978,19.978,19.978,19.978,126,0
2015-07-09,17:15:00,20.005,20.034,20.005,20.034,202,0
2015-07-09,17:20:00,20.019,20.019,20.019,20.019,1606,0
2015-07-09,17:35:00,19.987,19.987,19.987,19.987,151,0
2015-07-09,17:50:00,20.021,20.021,20.021,20.021,1260,0
2015-07-09,17:55:00,20.035,20.035,20.035,20.035,1008,0
2015-07-09,18:00:00,19.997,19.997,19.997,19.997,163,0
2015-07-09,18:35:00,19.977,19.977,19.977,19.977,691,0
2015-07-09,18:40:00,20.026,20.026,20.026,20.026,202,0
2015-07-09,19:55:00,19.964,19.964,19.964,19.964,2016,0
2015-07-09,20:05:00,19.967,19.977,19.967,19.977,706,0
2015-07-09,20:10:00,19.967,19.967,19.967,19.967,504,0
2015-07-09,20:30:00,19.957,19.957,19.957,19.957,101,0
2015-07-09,20:35:00,19.955,19.955,19.955,19.955,101,0
2015-07-09,20:55:00,19.987,19.987,19.987,19.987,288,0
2015-07-09,21:05:00,20.006,20.006,20.006,20.006,101,0
2015-07-09,21:15:00,19.987,19.993,19.987,19.993,529,0
2015-07-09,21:35:00,19.957,19.957,19.957,19.957,504,0
2015-07-10,15:35:00,19.907,19.907,19.907,19.907,891,0
2015-07-10,16:05:00,20.047,20.047,20.046,20.046,2016,0
2015-07-10,16:10:00,20.077,20.084,20.077,20.084,454,0
2015-07-10,16:35:00,20.086,20.086,20.081,20.081,265,0
2015-07-10,16:45:00,20.046,20.058,20.046,20.058,8861,0
2015-07-10,16:55:00,20.062,20.062,20.062,20.062,202,0
2015-07-10,17:00:00,20.048,20.048,20.048,20.048,602,0
2015-07-10,17:10:00,20.086,20.086,20.086,20.086,101,0
2015-07-10,17:35:00,20.076,20.076,20.066,20.066,202,0
2015-07-10,18:05:00,20.096,20.096,20.096,20.096,2001,0
2015-07-10,18:35:00,20.106,20.106,20.106,20.106,101,0
2015-07-10,19:15:00,20.09,20.09,20.09,20.09,504,0
2015-07-10,19:25:00,20.103,20.103,20.103,20.103,202,0
2015-07-10,19:30:00,20.073,20.073,20.073,20.073,406,0
2015-07-10,19:50:00,20.073,20.076,20.073,20.076,2218,0
2015-07-10,19:55:00,20.078,20.126,20.078,20.126,1548,0
2015-07-10,20:20:00,20.126,20.126,20.126,20.126,101,0
2015-07-10,21:10:00,20.126,20.126,20.126,20.126,496,0
2015-07-10,21:25:00,20.126,20.126,20.126,20.126,101,0
2015-07-10,21:50:00,20.096,20.096,20.096,20.096,302,0
2015-07-13,15:35:00,20.136,20.136,20.136,20.136,364,0
2015-07-13,16:15:00,20.195,20.195,20.175,20.175,1023,0
2015-07-13,16:20:00,20.141,20.152,20.141,20.152,421,0
2015-07-13,16:25:00,20.126,20.151,20.107,20.107,2232,0
2015-07-13,16:35:00,20.155,20.155,20.155,20.155,411,0
2015-07-13,16:40:00,20.194,20.194,20.194,20.194,1008,0
2015-07-13,17:10:00,20.136,20.136,20.136,20.136,202,0
2015-07-13,18:10:00,20.124,20.124,20.124,20.124,101,0
2015-07-13,18:40:00,20.161,20.161,20.161,20.161,542,0
2015-07-13,18:55:00,20.106,20.106,20.106,20.106,439,0
2015-07-13,19:00:00,20.145,20.145,20.121,20.121,807,0
2015-07-13,19:05:00,20.165,20.165,20.165,20.165,101,0
2015-07-13,19:20:00,20.106,20.106,20.106,20.106,2520,0
2015-07-13,19:40:00,20.155,20.155,20.155,20.155,101,0
2015-07-13,19:45:00,20.127,20.127,20.127,20.127,421,0
2015-07-13,20:05:00,20.111,20.141,20.111,20.141,1136,0
2015-07-13,20:10:00,20.122,20.122,20.122,20.122,504,0
2015-07-13,20:15:00,20.165,20.165,20.165,20.165,302,0
2015-07-13,20:25:00,20.136,20.136,20.136,20.136,178,0
2015-07-13,20:30:00,20.125,20.159,20.125,20.159,2932,0
2015-07-13,20:40:00,20.133,20.136,20.116,20.136,927,0
2015-07-13,20:45:00,20.116,20.116,20.116,20.116,202,0
2015-07-13,21:10:00,20.145,20.145,20.116,20.116,575,0
2015-07-13,21:15:00,20.141,20.141,20.141,20.141,504,0
2015-07-13,21:30:00,20.145,20.145,20.145,20.145,1230,0
2015-07-13,21:45:00,20.145,20.145,20.145,20.145,1542,0
2015-07-13,21:55:00,20.142,20.145,20.142,20.145,318,0
2015-07-13,22:00:00,20.145,20.175,20.145,20.175,1744,0
2015-07-14,15:35:00,20.106,20.106,20.106,20.106,613,0
2015-07-14,15:50:00,20.136,20.136,20.136,20.136,5041,0
2015-07-14,15:55:00,20.185,20.185,20.185,20.185,706,0
2015-07-14,16:10:00,20.205,20.205,20.205,20.205,101,0
2015-07-14,16:35:00,20.175,20.175,20.175,20.175,2117,0
2015-07-14,16:40:00,20.184,20.185,20.184,20.185,504,0
2015-07-14,16:55:00,20.185,20.185,20.185,20.185,907,0
2015-07-14,17:15:00,20.18,20.18,20.18,20.18,134,0
2015-07-14,17:50:00,20.165,20.185,20.165,20.185,5142,0
2015-07-14,18:00:00,20.185,20.185,20.185,20.185,101,0
2015-07-14,18:20:00,20.185,20.185,20.185,20.185,212,0
2015-07-14,18:25:00,20.185,20.185,20.185,20.185,101,0
2015-07-14,19:00:00,20.195,20.195,20.185,20.186,1512,0
2015-07-14,19:10:00,20.195,20.195,20.195,20.195,101,0
2015-07-14,19:20:00,20.195,20.195,20.194,20.194,4234,0
2015-07-14,19:35:00,20.195,20.195,20.195,20.195,403,0
2015-07-14,20:00:00,20.195,20.195,20.195,20.195,202,0
2015-07-14,20:15:00,20.185,20.185,20.185,20.185,101,0
2015-07-14,20:20:00,20.195,20.195,20.195,20.195,1008,0
2015-07-14,20:25:00,20.191,20.191,20.191,20.191,101,0
2015-07-14,20:35:00,20.185,20.195,20.185,20.195,2447,0
2015-07-14,20:55:00,20.195,20.195,20.195,20.195,151,0
2015-07-14,21:10:00,20.205,20.205,20.205,20.205,101,0
2015-07-14,21:30:00,20.205,20.205,20.205,20.205,1008,0
2015-07-14,21:40:00,20.215,20.215,20.215,20.215,3933,0
2015-07-14,21:50:00,20.195,20.195,20.195,20.195,711,0
2015-07-14,22:00:00,20.195,20.235,20.195,20.235,688,0
2015-07-15,15:35:00,20.205,20.205,20.205,20.205,19159,0
2015-07-15,15:50:00,20.184,20.184,20.184,20.184,1055,0
2015-07-15,15:55:00,20.198,20.198,20.198,20.198,267,0
2015-07-15,16:50:00,20.205,20.205,20.195,20.195,2016,0
2015-07-15,17:30:00,20.165,20.165,20.165,20.165,665,0
2015-07-15,17:40:00,20.195,20.205,20.195,20.205,10586,0
2015-07-15,18:20:00,20.136,20.153,20.136,20.153,1109,0
2015-07-15,18:40:00,20.195,20.195,20.193,20.193,202,0
2015-07-15,18:55:00,20.165,20.165,20.165,20.165,403,0
2015-07-15,19:00:00,20.165,20.165,20.161,20.161,645,0
2015-07-15,19:10:00,20.153,20.153,20.145,20.145,1196,0
2015-07-15,19:35:00,20.19,20.195,20.19,20.195,1341,0
2015-07-15,19:40:00,20.195,20.195,20.195,20.195,101,0
2015-07-15,19:50:00,20.185,20.185,20.185,20.185,454,0
2015-07-15,19:55:00,20.225,20.225,20.225,20.225,1008,0
2015-07-15,20:20:00,20.204,20.204,20.204,20.204,222,0
2015-07-15,20:45:00,20.167,20.167,20.167,20.167,128,0
2015-07-15,20:50:00,20.195,20.195,20.195,20.195,101,0
2015-07-15,21:00:00,20.171,20.171,20.171,20.171,202,0
2015-07-15,21:05:00,20.175,20.175,20.175,20.175,101,0
2015-07-15,21:10:00,20.195,20.195,20.175,20.175,464,0
2015-07-15,21:15:00,20.185,20.195,20.185,20.195,1008,0
2015-07-15,21:20:00,20.175,20.175,20.175,20.175,504,0
2015-07-15,21:30:00,20.175,20.175,20.175,20.175,101,0
2015-07-15,21:55:00,20.185,20.185,20.185,20.185,101,0
2015-07-15,22:00:00,20.195,20.195,20.175,20.185,117256,0
2015-07-16,15:55:00,20.185,20.185,20.185,20.185,1764,0
2015-07-16,16:00:00,20.225,20.225,20.215,20.215,1714,0
2015-07-16,16:25:00,20.185,20.185,20.185,20.185,151,0
2015-07-16,16:30:00,20.215,20.215,20.215,20.215,5545,0
2015-07-16,16:35:00,20.224,20.224,20.224,20.224,4537,0
2015-07-16,16:50:00,20.209,20.209,20.197,20.197,353,0
2015-07-16,16:55:00,20.203,20.225,20.203,20.225,353,0
2015-07-16,17:00:00,20.185,20.185,20.185,20.185,428,0
2015-07-16,17:05:00,20.218,20.225,20.215,20.225,4410,0
2015-07-16,17:15:00,20.235,20.235,20.235,20.235,2143,0
2015-07-16,17:25:00,20.235,20.235,20.235,20.235,202,0
2015-07-16,17:30:00,20.235,20.235,20.225,20.225,1210,0
2015-07-16,17:50:00,20.225,20.225,20.225,20.225,302,0
2015-07-16,17:55:00,20.232,20.235,20.223,20.235,20462,0
2015-07-16,18:00:00,20.235,20.235,20.225,20.225,706,0
2015-07-16,19:10:00,20.224,20.224,20.224,20.224,101,0
2015-07-16,19:50:00,20.223,20.223,20.223,20.223,202,0
2015-07-16,20:10:00,20.195,20.205,20.195,20.205,1008,0
2015-07-16,21:10:00,20.245,20.245,20.245,20.245,101,0
2015-07-16,21:20:00,20.23,20.23,20.221,20.221,620,0
2015-07-16,21:35:00,20.252,20.255,20.245,20.245,302,0
2015-07-16,21:40:00,20.243,20.245,20.195,20.195,816,0
2015-07-17,15:35:00,20.195,20.195,20.195,20.195,238,0
2015-07-17,16:10:00,20.225,20.225,20.225,20.225,585,0
2015-07-17,16:20:00,20.235,20.235,20.215,20.215,1008,0
2015-07-17,16:35:00,20.185,20.225,20.185,20.215,907,0
2015-07-17,16:45:00,20.185,20.185,20.185,20.185,605,0
2015-07-17,16:50:00,20.168,20.168,20.168,20.168,396,0
2015-07-17,16:55:00,20.195,20.195,20.195,20.195,101,0
2015-07-17,17:05:00,20.195,20.195,20.195,20.195,384,0
2015-07-17,17:45:00,20.185,20.185,20.185,20.185,640,0
2015-07-17,18:00:00,20.185,20.185,20.185,20.185,202,0
2015-07-17,18:15:00,20.188,20.188,20.188,20.188,101,0
2015-07-17,18:35:00,20.182,20.194,20.182,20.194,706,0
2015-07-17,18:50:00,20.165,20.165,20.165,20.165,101,0
2015-07-17,20:10:00,20.175,20.175,20.175,20.175,165,0
2015-07-17,20:30:00,20.148,20.148,20.148,20.148,1008,0
2015-07-17,21:10:00,20.175,20.175,20.175,20.175,1240,0
2015-07-17,21:40:00,20.16,20.16,20.16,20.16,991,0
2015-07-17,22:00:00,20.137,20.175,20.137,20.175,1210,0
2015-07-20,15:35:00,20.215,20.215,20.205,20.205,203,0
2015-07-20,15:45:00,20.165,20.175,20.165,20.175,202,0
2015-07-20,15:50:00,20.136,20.136,20.136,20.136,81,0
2015-07-20,16:00:00,20.128,20.128,20.106,20.106,2472,0
2015-07-20,16:05:00,20.096,20.118,20.086,20.116,3530,0
2015-07-20,16:10:00,20.116,20.116,20.116,20.116,101,0
2015-07-20,16:20:00,20.086,20.086,20.086,20.086,101,0
2015-07-20,16:35:00,20.086,20.086,20.086,20.086,1810,0
2015-07-20,16:40:00,20.155,20.155,20.155,20.155,101,0
2015-07-20,16:45:00,20.086,20.086,20.086,20.086,101,0
2015-07-20,16:55:00,20.096,20.096,20.096,20.096,151,0
2015-07-20,17:15:00,20.106,20.126,20.086,20.126,2366,0
2015-07-20,17:25:00,20.097,20.097,20.086,20.086,812,0
2015-07-20,17:40:00,20.106,20.106,20.106,20.106,20,0
2015-07-20,18:05:00,20.117,20.117,20.117,20.117,162,0
2015-07-20,18:10:00,20.086,20.086,20.086,20.086,867,0
2015-07-20,18:15:00,20.086,20.086,20.066,20.074,2994,0
2015-07-20,18:25:00,20.097,20.097,20.097,20.097,2016,0
2015-07-20,18:45:00,20.076,20.076,20.076,20.076,5,0
2015-07-20,18:50:00,20.066,20.066,20.066,20.066,202,0
2015-07-20,19:15:00,20.066,20.066,20.066,20.066,1512,0
2015-07-20,19:25:00,20.046,20.046,20.046,20.046,101,0
2015-07-20,19:55:00,20.046,20.046,20.046,20.046,1,0
2015-07-20,20:10:00,20.066,20.066,20.066,20.066,25,0
2015-07-20,20:15:00,20.046,20.046,20.046,20.046,1512,0
2015-07-20,20:30:00,20.056,20.056,20.046,20.046,1007,0
2015-07-20,21:00:00,20.056,20.056,20.056,20.056,392,0
2015-07-20,21:10:00,20.036,20.036,20.036,20.036,75,0
2015-07-20,21:15:00,20.007,20.007,20.007,20.007,151,0
2015-07-20,21:45:00,20.016,20.017,20.016,20.017,3352,0
2015-07-20,21:50:00,20.007,20.017,20.007,20.007,1327,0
2015-07-20,21:55:00,20.012,20.012,19.997,19.997,1360,0
2015-07-20,22:00:00,19.997,20.007,19.937,19.937,504,0
2015-07-21,15:35:00,19.947,19.947,19.937,19.937,2478,0
2015-07-21,15:45:00,19.987,19.987,19.984,19.987,5489,0
2015-07-21,16:35:00,19.987,19.987,19.964,19.987,2840,0
2015-07-21,17:00:00,19.987,19.987,19.987,19.987,504,0
2015-07-21,17:15:00,19.973,19.973,19.973,19.973,252,0
2015-07-21,17:25:00,19.946,19.946,19.946,19.946,807,0
2015-07-21,17:30:00,19.937,19.937,19.937,19.937,165,0
2015-07-21,17:50:00,19.937,19.937,19.937,19.937,2016,0
2015-07-21,18:10:00,19.952,19.967,19.952,19.952,13005,0
2015-07-21,18:25:00,19.937,19.967,19.937,19.967,1109,0
2015-07-21,18:30:00,19.967,19.967,19.967,19.967,559,0
2015-07-21,18:55:00,19.935,19.935,19.935,19.935,504,0
2015-07-21,19:15:00,19.977,19.977,19.977,19.977,101,0
2015-07-21,19:20:00,19.938,19.938,19.938,19.938,202,0
2015-07-21,19:25:00,19.942,19.942,19.942,19.942,252,0
2015-07-21,20:10:00,19.945,19.947,19.945,19.947,1613,0
2015-07-21,21:00:00,19.937,19.955,19.937,19.955,1165,0
2015-07-21,21:05:00,19.947,19.947,19.937,19.937,1564,0
2015-07-21,21:10:00,19.937,19.937,19.937,19.937,270,0
2015-07-21,21:35:00,19.937,19.937,19.937,19.937,475,0
2015-07-21,21:50:00,19.952,19.952,19.952,19.952,101,0
2015-07-21,21:55:00,19.957,19.957,19.957,19.957,454,0
2015-07-21,22:00:00,19.967,19.967,19.967,19.967,151,0
2015-07-22,15:35:00,19.917,20.076,19.917,19.977,1210,0
2015-07-22,15:55:00,19.917,19.917,19.895,19.895,935,0
2015-07-22,16:00:00,19.891,19.891,19.891,19.891,493,0
2015-07-22,16:25:00,19.907,19.907,19.907,19.907,907,0
2015-07-22,16:50:00,19.893,19.893,19.893,19.893,302,0
2015-07-22,16:55:00,19.897,19.897,19.897,19.897,101,0
2015-07-22,18:05:00,19.878,19.878,19.838,19.844,3704,0
2015-07-22,18:10:00,19.868,19.868,19.868,19.868,101,0
2015-07-22,18:20:00,19.848,19.868,19.848,19.868,2383,0
2015-07-22,18:25:00,19.858,19.858,19.858,19.858,202,0
2015-07-22,18:45:00,19.868,19.868,19.868,19.868,101,0
2015-07-22,18:55:00,19.868,19.868,19.868,19.868,1714,0
2015-07-22,19:05:00,19.873,19.873,19.868,19.868,907,0
2015-07-22,19:10:00,19.878,19.878,19.875,19.875,1815,0
2015-07-22,19:40:00,19.868,19.878,19.868,19.873,3730,0
2015-07-22,19:45:00,19.848,19.868,19.848,19.868,6601,0
2015-07-22,19:50:00,19.848,19.848,19.848,19.848,300,0
2015-07-22,21:10:00,19.85,19.85,19.85,19.85,1169,0
2015-07-22,21:25:00,19.838,19.838,19.838,19.838,504,0
2015-07-22,21:40:00,19.858,19.858,19.858,19.858,404,0
2015-07-22,21:45:00,19.858,19.858,19.858,19.858,655,0
2015-07-22,21:50:00,19.838,19.838,19.838,19.838,360,0
2015-07-23,15:55:00,19.897,19.897,19.838,19.868,3633,0
2015-07-23,16:05:00,19.852,19.852,19.852,19.852,252,0
2015-07-23,16:15:00,19.839,19.839,19.839,19.839,202,0
2015-07-23,17:10:00,19.887,19.887,19.887,19.887,176,0
2015-07-23,17:20:00,19.862,19.862,19.862,19.862,2248,0
2015-07-23,17:45:00,19.841,19.841,19.841,19.841,101,0
2015-07-23,17:55:00,19.856,19.856,19.856,19.856,101,0
2015-07-23,18:00:00,19.838,19.838,19.838,19.838,2161,0
2015-07-23,18:10:00,19.83,19.83,19.828,19.828,1613,0
2015-07-23,18:20:00,19.843,19.843,19.843,19.843,504,0
2015-07-23,18:30:00,19.828,19.828,19.828,19.828,403,0
2015-07-23,18:35:00,19.808,19.817,19.798,19.798,721,0
2015-07-23,18:40:00,19.808,19.808,19.808,19.808,202,0
2015-07-23,18:50:00,19.858,19.858,19.858,19.858,445,0
2015-07-23,19:00:00,19.804,19.804,19.804,19.804,504,0
2015-07-23,19:05:00,19.838,19.838,19.798,19.798,2280,0
2015-07-23,19:20:00,19.81,19.81,19.805,19.805,2333,0
2015-07-23,19:40:00,19.789,19.789,19.789,19.789,202,0
2015-07-23,19:50:00,19.788,19.793,19.788,19.793,202,0
2015-07-23,20:15:00,19.788,19.788,19.788,19.788,5948,0
2015-07-23,20:30:00,19.775,19.775,19.775,19.775,504,0
2015-07-23,20:40:00,19.788,19.788,19.788,19.788,101,0
2015-07-23,21:15:00,19.749,19.749,19.749,19.749,337,0
2015-07-23,21:35:00,19.751,19.751,19.751,19.751,1156,0
2015-07-23,21:40:00,19.759,19.759,19.759,19.759,503,0
2015-07-23,21:45:00,19.75,19.75,19.75,19.75,360,0
2015-07-23,21:55:00,19.754,19.759,19.749,19.749,2340,0
2015-07-23,22:00:00,19.749,19.749,19.749,19.749,101,0
2015-07-24,15:35:00,19.659,19.702,19.659,19.702,549,0
2015-07-24,15:55:00,19.753,19.759,19.753,19.759,2016,0
2015-07-24,16:00:00,19.749,19.756,19.749,19.756,2016,0
2015-07-24,16:15:00,19.749,19.749,19.749,19.749,3025,0
2015-07-24,16:20:00,19.739,19.739,19.719,19.729,2319,0
2015-07-24,16:25:00,19.729,19.729,19.719,19.729,2421,0
2015-07-24,17:10:00,19.739,19.739,19.709,19.709,853,0
2015-07-24,17:25:00,19.705,19.705,19.705,19.705,1946,0
2015-07-24,17:35:00,19.719,19.728,19.719,19.728,1015,0
2015-07-24,17:45:00,19.709,19.709,19.709,19.709,202,0
2015-07-24,17:50:00,19.696,19.696,19.696,19.696,1088,0
2015-07-24,18:10:00,19.689,19.691,19.655,19.691,6019,0
2015-07-24,18:25:00,19.669,19.669,19.669,19.669,101,0
2015-07-24,18:30:00,19.679,19.679,19.679,19.679,101,0
2015-07-24,18:35:00,19.65,19.65,19.65,19.65,1008,0
2015-07-24,18:40:00,19.65,19.65,19.65,19.65,202,0
2015-07-24,18:50:00,19.64,19.64,19.64,19.64,101,0
2015-07-24,19:00:00,19.607,19.607,19.607,19.607,344,0
2015-07-24,19:05:00,19.639,19.64,19.639,19.64,1109,0
2015-07-24,19:10:00,19.63,19.63,19.63,19.63,101,0
2015-07-24,19:15:00,19.645,19.645,19.645,19.645,202,0
2015-07-24,19:30:00,19.636,19.636,19.636,19.636,202,0
2015-07-24,19:40:00,19.615,19.615,19.615,19.615,302,0
2015-07-24,19:50:00,19.615,19.615,19.615,19.615,101,0
2015-07-24,20:05:00,19.6,19.605,19.59,19.605,2084,0
2015-07-24,20:10:00,19.62,19.62,19.62,19.62,101,0
2015-07-24,20:20:00,19.61,19.61,19.6,19.6,2117,0
2015-07-24,20:50:00,19.59,19.59,19.57,19.59,1287,0
2015-07-24,20:55:00,19.554,19.59,19.554,19.59,958,0
2015-07-24,21:00:00,19.57,19.58,19.55,19.58,2621,0
2015-07-24,21:25:00,19.597,19.6,19.58,19.58,1423,0
2015-07-24,21:30:00,19.59,19.59,19.58,19.58,1613,0
2015-07-24,21:55:00,19.59,19.6,19.59,19.6,673,0
2015-07-24,22:00:00,19.58,19.586,19.58,19.586,303,0
2015-07-27,15:35:00,19.43,19.48,19.35,19.45,9136,0
2015-07-27,15:40:00,19.4501,19.4501,19.4501,19.4501,829,0
2015-07-27,15:45:00,19.451,19.52,19.451,19.46,880,0
2015-07-27,15:50:00,19.4601,19.463,19.41,19.41,13944,0
2015-07-27,15:55:00,19.3792,19.3792,19.3792,19.3792,1300,0
2015-07-27,16:00:00,19.37,19.41,19.36,19.41,1142,0
2015-07-27,16:10:00,19.44,19.51,19.44,19.47,2300,0
2015-07-27,16:15:00,19.47,19.47,19.47,19.47,100,0
2015-07-27,16:20:00,19.45,19.45,19.45,19.45,271,0
2015-07-27,16:40:00,19.46,19.46,19.46,19.46,400,0
2015-07-27,16:45:00,19.46,19.4726,19.46,19.46,956,0
2015-07-27,16:50:00,19.4605,19.52,19.46,19.4928,1570,0
2015-07-27,16:55:00,19.46,19.46,19.46,19.46,900,0
2015-07-27,17:15:00,19.4799,19.4799,19.4799,19.4799,1300,0
2015-07-27,17:20:00,19.46,19.4601,19.46,19.4601,300,0
2015-07-27,17:45:00,19.478,19.478,19.478,19.478,300,0
2015-07-27,18:00:00,19.463,19.463,19.463,19.463,600,0
2015-07-27,18:10:00,19.45,19.45,19.45,19.45,200,0
2015-07-27,18:15:00,19.45,19.45,19.45,19.45,300,0
2015-07-27,18:20:00,19.45,19.45,19.45,19.45,300,0
2015-07-27,18:25:00,19.44,19.44,19.435,19.435,1300,0
2015-07-27,18:35:00,19.46,19.46,19.46,19.46,110,0
2015-07-27,18:50:00,19.424,19.44,19.424,19.44,200,0
2015-07-27,19:25:00,19.44,19.44,19.44,19.44,1500,0
2015-07-27,19:35:00,19.45,19.45,19.45,19.45,800,0
2015-07-27,19:45:00,19.44,19.44,19.44,19.44,200,0
2015-07-27,19:50:00,19.46,19.46,19.42,19.42,3500,0
2015-07-27,21:00:00,19.435,19.435,19.435,19.435,980,0
2015-07-27,21:10:00,19.431,19.431,19.431,19.431,100,0
2015-07-27,21:25:00,19.44,19.44,19.44,19.44,100,0
2015-07-27,21:30:00,19.43,19.43,19.43,19.43,300,0
2015-07-27,21:55:00,19.3821,19.3821,19.3821,19.3821,436,0
2015-07-27,22:00:00,19.39,19.42,19.39,19.4152,1040,0
2015-07-28,15:35:00,19.34,19.42,19.3,19.42,6308,0
2015-07-28,15:40:00,19.44,19.45,19.44,19.45,4400,0
2015-07-28,15:45:00,19.44,19.44,19.44,19.44,200,0
2015-07-28,15:50:00,19.43,19.43,19.43,19.43,100,0
2015-07-28,16:00:00,19.4383,19.4383,19.4383,19.4383,286,0
2015-07-28,16:05:00,19.42,19.42,19.42,19.42,750,0
2015-07-28,16:15:00,19.4101,19.4101,19.4101,19.4101,1015,0
2015-07-28,16:20:00,19.4179,19.4179,19.4179,19.4179,1170,0
2015-07-28,16:45:00,19.44,19.44,19.44,19.44,200,0
2015-07-28,16:55:00,19.4201,19.4201,19.4201,19.4201,176,0
2015-07-28,17:05:00,19.43,19.44,19.43,19.44,1095,0
2015-07-28,17:10:00,19.44,19.4774,19.44,19.4774,320,0
2015-07-28,17:15:00,19.45,19.4528,19.45,19.4528,1500,0
2015-07-28,17:20:00,19.49,19.49,19.4724,19.4724,700,0
2015-07-28,17:25:00,19.4799,19.48,19.4799,19.48,400,0
2015-07-28,17:30:00,19.48,19.48,19.48,19.48,100,0
2015-07-28,17:40:00,19.46,19.46,19.45,19.45,2150,0
2015-07-28,18:15:00,19.53,19.53,19.53,19.53,300,0
2015-07-28,18:30:00,19.49,19.49,19.49,19.49,300,0
2015-07-28,19:45:00,19.54,19.54,19.52,19.52,900,0
2015-07-28,19:50:00,19.54,19.54,19.52,19.52,300,0
2015-07-28,19:55:00,19.54,19.54,19.54,19.54,400,0
2015-07-28,20:00:00,19.54,19.54,19.54,19.54,170,0
2015-07-28,20:05:00,19.55,19.55,19.54,19.54,3000,0
2015-07-28,20:25:00,19.549,19.549,19.549,19.549,200,0
2015-07-28,20:30:00,19.5499,19.5499,19.5499,19.5499,375,0
2015-07-28,20:35:00,19.53,19.5305,19.53,19.5301,1300,0
2015-07-28,20:50:00,19.5429,19.5429,19.5429,19.5429,437,0
2015-07-28,20:55:00,19.538,19.538,19.538,19.538,300,0
2015-07-28,21:05:00,19.5333,19.5333,19.5333,19.5333,2100,0
2015-07-28,21:30:00,19.531,19.531,19.531,19.531,200,0
2015-07-28,21:35:00,19.531,19.55,19.531,19.55,3500,0
2015-07-28,21:45:00,19.5371,19.54,19.5371,19.54,300,0
2015-07-28,21:50:00,19.5327,19.5499,19.5301,19.5301,1362,0
2015-07-28,22:00:00,19.53,19.53,19.53,19.53,720,0
2015-07-29,15:40:00,19.5655,19.5655,19.56,19.56,710,0
2015-07-29,15:45:00,19.57,19.58,19.566,19.566,1329,0
2015-07-29,16:00:00,19.54,19.59,19.5305,19.5305,1600,0
2015-07-29,16:05:00,19.5305,19.5305,19.5305,19.5305,3225,0
2015-07-29,16:20:00,19.53,19.53,19.53,19.53,290,0
2015-07-29,16:55:00,19.577,19.58,19.577,19.58,500,0
2015-07-29,17:05:00,19.58,19.58,19.58,19.58,300,0
2015-07-29,17:10:00,19.5701,19.5701,19.5701,19.5701,128,0
2015-07-29,17:25:00,19.58,19.58,19.58,19.58,400,0
2015-07-29,17:30:00,19.6,19.6,19.6,19.6,500,0
2015-07-29,17:35:00,19.59,19.59,19.59,19.59,400,0
2015-07-29,17:40:00,19.6299,19.6299,19.6299,19.6299,150,0
2015-07-29,17:50:00,19.632,19.632,19.632,19.632,305,0
2015-07-29,17:55:00,19.644,19.644,19.644,19.644,100,0
2015-07-29,18:00:00,19.6068,19.6068,19.6068,19.6068,305,0
2015-07-29,18:05:00,19.6449,19.6449,19.6449,19.6449,850,0
2015-07-29,18:10:00,19.63,19.63,19.624,19.624,200,0
2015-07-29,18:50:00,19.59,19.5901,19.59,19.5901,1224,0
2015-07-29,19:00:00,19.6098,19.6098,19.6098,19.6098,200,0
2015-07-29,20:05:00,19.62,19.62,19.62,19.62,700,0
2015-07-29,20:20:00,19.62,19.62,19.62,19.62,668,0
2015-07-29,21:00:00,19.6405,19.66,19.6405,19.66,1900,0
2015-07-29,21:20:00,19.6576,19.6576,19.6576,19.6576,500,0
2015-07-29,21:25:00,19.64,19.67,19.64,19.64,1362,0
2015-07-29,21:30:00,19.6699,19.6699,19.6699,19.6699,100,0
2015-07-29,21:40:00,19.662,19.662,19.662,19.662,700,0
2015-07-29,21:45:00,19.66,19.66,19.656,19.656,500,0
2015-07-29,21:50:00,19.67,19.67,19.65,19.652,1100,0
2015-07-29,22:00:00,19.65,19.65,19.65,19.65,1000,0
2015-07-30,15:35:00,19.65,19.65,19.63,19.63,1487,0
2015-07-30,15:45:00,19.6399,19.6399,19.639,19.639,3405,0
2015-07-30,15:55:00,19.63,19.63,19.63,19.63,350,0
2015-07-30,16:05:00,19.5969,19.5969,19.5969,19.5969,200,0
2015-07-30,16:20:00,19.6198,19.6299,19.61,19.61,2877,0
2015-07-30,16:40:00,19.615,19.615,19.615,19.615,100,0
2015-07-30,17:05:00,19.62,19.62,19.62,19.62,100,0
2015-07-30,17:25:00,19.6198,19.62,19.6198,19.62,1100,0
2015-07-30,17:40:00,19.62,19.62,19.62,19.62,100,0
2015-07-30,18:00:00,19.65,19.65,19.65,19.65,100,0
2015-07-30,18:15:00,19.6398,19.6398,19.6398,19.6398,1600,0
2015-07-30,18:20:00,19.65,19.65,19.65,19.65,100,0
2015-07-30,18:40:00,19.645,19.645,19.645,19.645,100,0
2015-07-30,19:00:00,19.65,19.65,19.65,19.65,100,0
2015-07-30,19:25:00,19.65,19.65,19.65,19.65,100,0
2015-07-30,19:35:00,19.65,19.65,19.65,19.65,100,0
2015-07-30,19:40:00,19.63,19.63,19.63,19.63,200,0
2015-07-30,19:45:00,19.63,19.65,19.63,19.65,200,0
2015-07-30,19:55:00,19.65,19.65,19.65,19.65,100,0
2015-07-30,20:15:00,19.62,19.62,19.62,19.62,200,0
2015-07-30,20:20:00,19.64,19.64,19.6264,19.6264,220,0
2015-07-30,20:25:00,19.64,19.65,19.62,19.62,708,0
2015-07-30,20:30:00,19.65,19.65,19.65,19.65,1200,0
2015-07-30,20:40:00,19.63,19.63,19.63,19.63,500,0
2015-07-30,20:45:00,19.6236,19.6236,19.6236,19.6236,100,0
2015-07-30,21:00:00,19.6434,19.6434,19.6434,19.6434,968,0
2015-07-30,21:15:00,19.6314,19.6314,19.6314,19.6314,1175,0
2015-07-30,21:20:00,19.6186,19.6186,19.6186,19.6186,387,0
2015-07-30,21:45:00,19.6499,19.6499,19.6499,19.6499,1500,0
2015-07-30,21:55:00,19.638,19.638,19.638,19.638,200,0
2015-07-31,15:35:00,19.64,19.6776,19.64,19.6776,2388,0
2015-07-31,15:50:00,19.68,19.7,19.675,19.7,1175,0
2015-07-31,15:55:00,19.67,19.684,19.67,19.684,468,0
2015-07-31,16:05:00,19.686,19.686,19.65,19.6584,2110,0
2015-07-31,16:20:00,19.6787,19.6787,19.6787,19.6787,400,0
2015-07-31,17:00:00,19.681,19.7,19.681,19.7,1900,0
2015-07-31,17:40:00,19.718,19.718,19.718,19.718,506,0
2015-07-31,17:50:00,19.74,19.75,19.7249,19.75,2200,0
2015-07-31,18:20:00,19.75,19.75,19.75,19.75,100,0
2015-07-31,18:30:00,19.772,19.772,19.772,19.772,227,0
2015-07-31,18:35:00,19.7899,19.7899,19.7899,19.7899,100,0
2015-07-31,18:50:00,19.7465,19.7465,19.7465,19.7465,500,0
2015-07-31,18:55:00,19.7303,19.7303,19.73,19.73,292,0
2015-07-31,19:15:00,19.734,19.734,19.73,19.7301,1600,0
2015-07-31,19:25:00,19.72,19.72,19.72,19.72,316,0
2015-07-31,19:35:00,19.71,19.71,19.71,19.71,100,0
2015-07-31,19:55:00,19.7,19.7,19.7,19.7,196,0
2015-07-31,20:15:00,19.7,19.7,19.7,19.7,2000,0
2015-07-31,20:45:00,19.7042,19.7042,19.7001,19.7001,1838,0
2015-07-31,21:05:00,19.7,19.7,19.67,19.6701,2155,0
2015-07-31,21:45:00,19.69,19.69,19.68,19.68,200,0
2015-07-31,21:50:00,19.6805,19.6805,19.6805,19.6805,500,0
2015-07-31,21:55:00,19.68,19.69,19.68,19.69,872,0
2015-08-03,15:35:00,19.69,19.69,19.69,19.69,1148,0
2015-08-03,15:40:00,19.67,19.67,19.67,19.67,200,0
2015-08-03,15:45:00,19.6701,19.6701,19.6701,19.6701,100,0
2015-08-03,15:55:00,19.672,19.672,19.672,19.672,1007,0
2015-08-03,16:00:00,19.67,19.6701,19.67,19.6701,1000,0
2015-08-03,16:10:00,19.69,19.69,19.69,19.69,204,0
2015-08-03,16:15:00,19.7075,19.7075,19.67,19.67,2107,0
2015-08-03,16:25:00,19.7162,19.7162,19.7162,19.7162,200,0
2015-08-03,16:35:00,19.7,19.7,19.7,19.7,100,0
2015-08-03,16:40:00,19.676,19.676,19.676,19.676,500,0
2015-08-03,17:25:00,19.7199,19.7199,19.71,19.71,700,0
2015-08-03,17:30:00,19.71,19.71,19.71,19.71,1100,0
2015-08-03,17:35:00,19.71,19.713,19.71,19.713,633,0
2015-08-03,17:45:00,19.72,19.72,19.72,19.72,500,0
2015-08-03,17:50:00,19.7414,19.7414,19.7414,19.7414,960,0
2015-08-03,18:00:00,19.75,19.75,19.75,19.75,207,0
2015-08-03,18:05:00,19.7414,19.7414,19.7414,19.7414,1000,0
2015-08-03,18:10:00,19.75,19.75,19.75,19.75,500,0
2015-08-03,18:50:00,19.74,19.74,19.74,19.74,212,0
2015-08-03,19:10:00,19.7001,19.7001,19.7001,19.7001,2235,0
2015-08-03,19:15:00,19.69,19.69,19.6702,19.69,3500,0
2015-08-03,19:25:00,19.7043,19.7043,19.7043,19.7043,150,0
2015-08-03,20:20:00,19.7122,19.7122,19.7122,19.7122,4572,0
2015-08-03,20:35:00,19.708,19.708,19.708,19.708,398,0
2015-08-03,21:30:00,19.7133,19.7133,19.7133,19.7133,1000,0
2015-08-03,21:35:00,19.7196,19.7196,19.7196,19.7196,1453,0
2015-08-03,21:40:00,19.7128,19.7128,19.7128,19.7128,1992,0
2015-08-03,21:45:00,19.7138,19.7138,19.7064,19.7064,1233,0
2015-08-03,21:50:00,19.7,19.71,19.7,19.71,600,0
2015-08-03,21:55:00,19.691,19.691,19.6701,19.68,7621,0
2015-08-03,22:00:00,19.71,19.71,19.71,19.71,100,0
2015-08-04,15:35:00,19.73,19.73,19.73,19.73,1091,0
2015-08-04,15:55:00,19.74,19.7499,19.74,19.7499,400,0
2015-08-04,16:05:00,19.721,19.721,19.721,19.721,250,0
2015-08-04,17:05:00,19.7269,19.7269,19.7212,19.7212,1521,0
2015-08-04,18:45:00,19.722,19.722,19.71,19.712,5100,0
2015-08-04,19:25:00,19.72,19.72,19.72,19.72,500,0
2015-08-04,19:30:00,19.7,19.7096,19.7,19.7096,730,0
2015-08-04,20:15:00,19.7311,19.7311,19.7311,19.7311,209,0
2015-08-05,15:35:00,19.69,19.69,19.69,19.69,710,0
2015-08-05,15:45:00,19.7499,19.75,19.7499,19.75,200,0
2015-08-05,15:50:00,19.75,19.7892,19.75,19.7892,275,0
2015-08-05,18:10:00,19.76,19.76,19.76,19.76,200,0
2015-08-05,18:20:00,19.75,19.75,19.75,19.75,1900,0
2015-08-05,18:25:00,19.71,19.71,19.71,19.71,156,0
2015-08-05,19:40:00,19.711,19.715,19.71,19.7103,12312,0
2015-08-05,19:50:00,19.73,19.74,19.73,19.73,900,0
2015-08-05,20:05:00,19.7,19.7,19.7,19.7,1218,0
2015-08-05,20:10:00,19.7399,19.7399,19.7399,19.7399,516,0
2015-08-05,20:45:00,19.7396,19.7396,19.7396,19.7396,1158,0
2015-08-05,21:00:00,19.7396,19.7396,19.7396,19.7396,300,0
2015-08-05,21:40:00,19.72,19.72,19.72,19.72,100,0
2015-08-05,21:45:00,19.7001,19.7001,19.7001,19.7001,1016,0
2015-08-06,15:35:00,19.78,19.78,19.78,19.78,1000,0
2015-08-06,15:40:00,19.7,19.7,19.7,19.7,1000,0
2015-08-06,15:45:00,19.6692,19.6692,19.6692,19.6692,1100,0
2015-08-06,16:00:00,19.6501,19.6501,19.6501,19.6501,174,0
2015-08-06,16:10:00,19.65,19.656,19.65,19.656,860,0
2015-08-06,16:15:00,19.6501,19.6501,19.65,19.65,2295,0
2015-08-06,16:25:00,19.68,19.68,19.6201,19.632,454,0
2015-08-06,16:45:00,19.61,19.61,19.61,19.61,2390,0
2015-08-06,16:55:00,19.6531,19.6531,19.6531,19.6531,103,0
2015-08-06,17:25:00,19.6499,19.6499,19.6499,19.6499,1300,0
2015-08-06,17:35:00,19.59,19.615,19.59,19.615,1100,0
2015-08-06,17:45:00,19.6001,19.6128,19.6,19.6128,1200,0
2015-08-06,17:50:00,19.601,19.603,19.6,19.6,1756,0
2015-08-06,18:20:00,19.593,19.593,19.593,19.593,443,0
2015-08-06,18:25:00,19.59,19.59,19.59,19.59,425,0
2015-08-06,18:35:00,19.58,19.58,19.58,19.58,2198,0
2015-08-06,18:45:00,19.58,19.5916,19.56,19.5916,11000,0
2015-08-06,19:10:00,19.5601,19.5601,19.5601,19.5601,571,0
2015-08-06,19:30:00,19.599,19.6,19.599,19.6,363,0
2015-08-06,19:35:00,19.6,19.62,19.5999,19.62,4555,0
2015-08-06,19:55:00,19.62,19.6399,19.62,19.6399,800,0
2015-08-06,20:00:00,19.5801,19.5801,19.5801,19.5801,300,0
2015-08-06,20:15:00,19.6199,19.6199,19.6199,19.6199,500,0
2015-08-06,20:40:00,19.615,19.62,19.615,19.62,12700,0
2015-08-06,21:00:00,19.59,19.59,19.57,19.57,200,0
2015-08-06,21:05:00,19.5972,19.5972,19.5972,19.5972,119,0
2015-08-06,21:10:00,19.5884,19.5884,19.5884,19.5884,450,0
2015-08-06,21:20:00,19.6,19.6,19.6,19.6,500,0
2015-08-06,21:30:00,19.6,19.6,19.6,19.6,700,0
2015-08-06,21:50:00,19.61,19.61,19.61,19.61,430,0
2015-08-06,21:55:00,19.6199,19.6199,19.6199,19.6199,700,0
2015-08-07,15:35:00,19.59,19.59,19.59,19.59,2403,0
2015-08-07,15:45:00,19.62,19.62,19.57,19.57,578,0
2015-08-07,15:50:00,19.633,19.633,19.633,19.633,100,0
2015-08-07,15:55:00,19.59,19.59,19.56,19.56,200,0
2015-08-07,16:00:00,19.57,19.605,19.56,19.566,400,0
2015-08-07,16:10:00,19.6099,19.6099,19.6,19.6,350,0
2015-08-07,16:15:00,19.58,19.5806,19.56,19.5628,6675,0
2015-08-07,16:20:00,19.5806,19.5806,19.5806,19.5806,300,0
2015-08-07,16:30:00,19.56,19.56,19.56,19.56,400,0
2015-08-07,16:35:00,19.58,19.58,19.58,19.58,100,0
2015-08-07,17:00:00,19.58,19.58,19.58,19.58,100,0
2015-08-07,17:20:00,19.57,19.57,19.56,19.56,600,0
2015-08-07,17:25:00,19.57,19.57,19.55,19.55,700,0
2015-08-07,17:30:00,19.56,19.561,19.533,19.561,5615,0
2015-08-07,17:35:00,19.54,19.54,19.54,19.54,1800,0
2015-08-07,17:40:00,19.54,19.54,19.54,19.54,2000,0
2015-08-07,18:40:00,19.5588,19.56,19.55,19.56,5093,0
2015-08-07,18:45:00,19.5501,19.5614,19.5501,19.5614,17000,0
2015-08-07,18:50:00,19.55,19.5505,19.55,19.55,25000,0
2015-08-07,19:15:00,19.5383,19.546,19.53,19.53,708,0
2015-08-07,19:20:00,19.5301,19.5546,19.5301,19.5546,4500,0
2015-08-07,20:15:00,19.5403,19.5403,19.5403,19.5403,1000,0
2015-08-07,20:25:00,19.5831,19.5831,19.5831,19.5831,500,0
2015-08-07,21:10:00,19.55,19.55,19.55,19.55,500,0
2015-08-07,21:25:00,19.54,19.54,19.54,19.54,500,0
2015-08-07,21:45:00,19.54,19.567,19.54,19.567,1146,0
2015-08-07,21:50:00,19.55,19.55,19.55,19.55,444,0
