Date,Open,High,Low,Close,Volume,OpenInt
20070622,21.699,21.975,21.398,21.62,145853,0
20070625,21.425,21.504,21.221,21.265,62621,0
20070626,21.398,21.434,21.203,21.203,23427,0
20070627,21.131,21.326,21.086,21.308,89089,0
20070628,21.532,21.93,21.461,21.665,228971,0
20070629,21.665,21.843,21.282,21.416,233590,0
20070702,21.656,21.843,21.585,21.843,52822,0
20070703,22.1,22.107,21.975,22.107,36267,0
20070705,21.913,22.33,21.913,22.287,141122,0
20070706,22.419,23.707,22.41,22.641,100462,0
20070709,22.818,23.076,22.818,22.862,242601,0
20070710,22.729,22.773,22.446,22.508,202279,0
20070711,22.508,23.085,22.499,23.085,592759,0
20070712,23.085,23.529,23.085,23.529,173673,0
20070713,23.529,23.707,23.351,23.671,124567,0
20070716,23.484,23.546,23.44,23.458,131097,0
20070717,23.484,23.52,23.244,23.423,216808,0
20070718,23.121,23.219,22.933,23.2,137181,0
20070719,23.529,23.582,23.414,23.582,108461,0
20070720,23.635,23.662,23.164,23.484,80640,0
20070723,23.68,23.822,23.431,23.795,82217,0
20070724,23.609,23.617,23.085,23.112,156215,0
20070725,23.307,23.44,22.782,23.155,60367,0
20070726,22.552,22.729,20.866,22.25,123777,0
20070727,22.135,22.65,21.753,22.224,114993,0
20070730,22.296,22.659,22.179,22.65,83682,0
20070731,23.041,23.085,22.391,22.419,154749,0
20070801,22.198,22.296,20.705,22.198,393407,0
20070802,22.268,22.375,22.064,22.259,127268,0
20070803,22.33,22.33,21.486,21.504,77487,0
20070806,21.532,21.86,20.821,21.797,87625,0
20070807,21.576,21.887,21.522,21.887,31537,0
20070808,22.339,22.96,22.339,22.419,133352,0
20070809,21.797,22.019,21.461,21.665,41109,0
20070810,21.043,21.443,20.882,21.398,57440,0
20070813,21.486,21.717,21.389,21.576,101253,0
20070814,21.567,21.567,20.981,21.105,27707,0
20070815,20.635,20.794,19.845,20.155,77601,0
20070816,19.089,19.356,17.758,19.312,140671,0
20070817,23.529,23.751,17.758,20.581,100689,0
20070820,20.732,20.821,20.155,20.6,51134,0
20070821,20.465,20.705,20.449,20.705,12389,0
20070822,21.308,21.674,21.308,21.674,36606,0
20070823,21.975,21.975,21.362,21.576,50794,0
20070824,21.708,22.508,21.62,22.419,68591,0
20070827,22.773,22.978,22.375,22.89,57552,0
20070828,22.455,22.455,21.557,21.656,93255,0
20070829,21.984,22.552,21.904,22.552,55976,0
20070830,22.188,22.614,21.887,22.347,26356,0
20070831,23.095,23.529,23.041,23.219,144389,0
20070904,23.076,23.707,22.828,23.654,210727,0
20070905,23.076,23.164,22.837,22.908,59578,0
20070906,23.129,23.281,22.969,23.236,34014,0
20070907,22.862,22.862,22.508,22.685,107785,0
20070910,22.933,23.698,22.533,23.423,320989,0
20070911,23.219,23.822,23.023,23.573,299138,0
20070912,23.253,23.37,22.872,23.263,93931,0
20070913,23.431,23.768,23.404,23.644,110937,0
20070914,23.698,23.91,23.617,23.758,76135,0
20070917,23.698,23.707,23.263,23.484,110599,0
20070918,23.885,25.261,23.617,24.905,273686,0
20070919,25.127,25.748,24.95,25.047,255777,0
20070920,25.215,25.286,24.746,24.932,107336,0
20070921,25.473,25.562,25.305,25.42,118033,0
20070924,26.042,26.458,25.935,26.104,165449,0
20070925,26.006,26.015,25.606,26.015,149682,0
20070926,26.361,26.503,26.246,26.503,258705,0
20070927,26.788,27.551,26.636,27.188,1175832,0
20070928,27.17,27.248,26.636,26.939,251047,0
20071001,26.973,28.191,26.948,27.88,782311,0
20071002,28.191,28.235,27.746,28.04,301390,0
20071003,27.737,27.737,26.769,26.823,525406,0
20071004,26.957,27.302,26.503,27.232,249807,0
20071005,28.136,29.193,27.791,28.278,290242,0
20071008,27.968,27.977,27.72,27.942,165449,0
20071009,28.359,28.714,28.136,28.607,270306,0
20071010,28.723,28.749,28.359,28.607,177388,0
20071011,29.424,29.611,27.817,28.376,402419,0
20071012,29.034,29.3,28.679,29.3,188314,0
20071015,29.966,29.966,28.857,29.353,204080,0
20071016,29.3,29.424,28.59,28.731,129636,0
20071017,29.832,30.365,29.488,30.134,574851,0
20071018,29.611,30.019,29.122,29.983,259945,0
20071019,29.638,29.638,27.622,28.341,522028,0
20071022,27.746,28.839,27.693,28.749,349595,0
20071023,29.877,30.002,29.398,29.992,288664,0
20071024,29.7,29.7,28.803,29.557,282807,0
20071025,29.966,29.992,29.3,29.771,166126,0
20071026,30.428,30.783,30.153,30.721,269631,0
20071029,31.458,31.618,31.254,31.511,532954,0
20071030,31.599,31.599,30.908,30.951,311753,0
20071031,31.422,32.052,31.218,31.911,652001,0
20071101,31.653,31.653,30.632,30.704,315132,0
20071102,30.783,31.236,30.277,31.147,224353,0
20071105,29.771,29.771,28.776,29.389,347794,0
20071106,30.214,30.437,29.708,30.437,233590,0
20071107,32.115,32.115,29.078,29.212,337421,0
20071108,29.017,30.037,28.084,29.257,351622,0
20071109,28.857,29.257,28.404,28.679,993066,0
20071112,28.413,28.413,26.194,26.203,1303400,0
20071113,26.973,29.017,26.973,28.679,644370,0
20071114,29.922,30.064,28.909,29.122,510395,0
20071115,28.661,28.962,27.968,28.404,209432,0
20071116,28.51,28.723,28.013,28.652,273008,0
20071119,28.857,28.857,27.08,27.391,214375,0
20071120,27.773,28.616,27.479,28.145,188069,0
20071121,28.278,28.278,26.494,26.708,189629,0
20071123,26.761,27.968,26.761,27.382,57682,0
20071126,27.764,28.191,26.592,26.592,241397,0
20071127,26.636,27.595,26.636,27.524,147437,0
20071128,28.075,29.202,28.075,29.14,340134,0
20071129,29.361,29.361,28.404,29.167,596053,0
20071130,30.854,30.854,28.794,28.962,556407,0
20071203,28.536,29.052,28.536,28.644,528381,0
20071204,28.723,29.07,28.5,28.962,317046,0
20071205,28.866,30.322,28.866,30.322,377865,0
20071206,29.869,30.756,29.869,30.685,298350,0
20071207,31.076,31.076,30.1,30.632,705387,0
20071210,31.342,31.342,30.091,30.347,204998,0
20071211,30.365,30.534,28.013,29.096,295004,0
20071212,30.223,30.464,29.212,29.664,286181,0
20071213,29.122,29.3,28.43,29.3,230774,0
20071214,28.43,28.803,28.244,28.404,195520,0
20071217,27.302,27.737,26.858,26.92,244740,0
20071218,27.853,28.057,27.028,27.845,122313,0
20071219,28.217,28.323,27.861,28.111,99111,0
20071220,28.59,28.59,27.977,28.413,57330,0
20071221,28.731,28.981,28.457,28.945,122764,0
20071224,30.33,30.624,29.017,29.86,88413,0
20071226,29.593,30.188,29.07,29.567,68703,0
20071227,29.344,29.344,28.555,28.644,96728,0
20071228,28.767,28.786,28.395,28.555,69965,0
20071231,28.599,28.83,28.305,28.457,95885,0
20080102,28.857,28.9,28.057,28.27,231557,0
20080103,28.004,28.59,28.004,28.59,243008,0
20080104,28.376,28.376,27.479,27.65,182211,0
20080107,27.835,28.644,27.56,28.013,119641,0
20080108,28.536,28.962,27.764,27.764,151325,0
20080109,28.341,28.767,27.968,28.661,100659,0
20080110,28.626,29.443,28.315,29.257,177209,0
20080111,29.238,29.238,28.323,28.448,151069,0
20080114,28.244,28.749,28.244,28.536,115479,0
20080115,28.918,28.918,26.858,27.134,165473,0
20080116,26.636,26.636,25.038,25.536,725970,0
20080117,25.536,26.263,24.506,24.506,343634,0
20080118,24.435,25.926,24.408,25.127,387452,0
20080122,23.032,24.71,21.308,24.062,1354181,0
20080123,23.059,24.861,22.437,24.861,493341,0
20080124,24.851,25.057,24.284,24.851,194506,0
20080125,25.393,26.379,24.648,24.71,251588,0
20080128,24.586,25.101,24.221,24.95,215947,0
20080129,25.695,25.695,24.817,25.038,125185,0
20080130,24.648,25.305,24.15,24.461,126066,0
20080131,23.777,24.842,23.529,24.595,146639,0
20080201,24.602,25.527,24.602,25.509,129102,0
20080204,25.74,26.139,25.596,25.66,86161,0
20080205,25.536,25.536,24.284,24.346,138325,0
20080206,24.798,24.798,23.804,23.875,68816,0
20080207,23.529,24.408,23.423,24.346,214443,0
20080208,24.141,24.248,23.839,24.035,73941,0
20080211,24.356,24.541,23.734,24.239,89878,0
20080212,24.328,25.35,24.328,25.038,193759,0
20080213,25.341,25.704,24.772,25.704,209694,0
20080214,26.067,26.086,25.163,25.198,179021,0
20080215,25.385,25.793,25.011,25.615,131774,0
20080219,26.389,26.389,25.305,25.926,153601,0
20080220,25.527,26.335,25.473,26.273,85370,0
20080221,27.028,27.028,25.723,25.82,96747,0
20080222,25.891,26.194,25.572,26.194,147955,0
20080225,25.757,26.361,25.713,26.29,65774,0
20080226,26.636,26.708,26.042,26.68,80876,0
20080227,26.717,27.232,26.61,27.062,66891,0
20080228,26.983,26.992,26.664,26.797,50751,0
20080229,26.263,26.903,25.748,25.882,125158,0
20080303,26.059,26.059,25.527,25.963,72306,0
20080304,25.393,25.581,24.7,25.215,118208,0
20080305,25.66,25.899,25.313,25.527,84133,0
20080306,25.686,25.686,24.737,24.826,94942,0
20080307,24.551,25.073,24.301,24.567,91787,0
20080310,24.356,24.656,23.885,23.885,109475,0
20080311,24.097,25.776,23.734,25.704,106772,0
20080312,26.104,26.104,25.261,25.313,93367,0
20080313,24.861,25.198,24.239,25.047,75207,0
20080314,25.509,25.509,24.062,24.133,94946,0
20080317,23.209,23.964,21.308,23.423,125652,0
20080318,23.298,24.541,23.298,24.479,103090,0
20080319,24.416,24.452,22.988,22.988,161537,0
20080320,22.916,23.139,22.33,23.085,80813,0
20080324,23.538,24.07,23.139,23.68,85318,0
20080325,23.751,24.47,23.698,24.39,65737,0
20080326,23.777,24.416,23.777,24.15,84358,0
20080327,24.541,24.639,23.955,24.292,44657,0
20080328,24.737,24.763,24.248,24.7,170407,0
20080331,24.807,24.817,23.973,24.817,129971,0
20080401,24.817,25.536,24.817,25.509,93709,0
20080402,25.313,25.836,25.305,25.358,120399,0
20080403,25.455,26.023,25.455,25.908,77089,0
20080404,26.086,26.203,25.677,25.988,75286,0
20080407,26.68,26.725,26.175,26.29,89594,0
20080408,26.317,26.335,25.82,26.166,61679,0
20080409,26.157,26.433,25.748,25.846,62650,0
20080410,26.059,26.494,25.926,26.317,50456,0
20080411,26.344,26.344,25.793,25.908,39926,0
20080414,25.953,25.988,25.517,25.757,46741,0
20080415,25.704,26.326,25.704,26.326,52658,0
20080416,26.806,27.124,26.538,27.052,76958,0
20080417,26.708,27.036,26.636,26.983,75466,0
20080418,27.4,27.4,26.911,27.276,159823,0
20080421,27.258,27.614,27.08,27.586,66872,0
20080422,27.196,27.658,27.196,27.471,99690,0
20080423,27.782,28.057,27.614,28.04,97104,0
20080424,27.87,28.013,27.355,27.729,73921,0
20080425,27.524,28.004,27.428,28.004,64292,0
20080428,28.173,28.217,27.683,27.683,93773,0
20080429,28.368,28.368,27.267,27.347,65383,0
20080430,27.933,28.173,27.293,27.995,165473,0
20080501,28.244,28.546,27.835,28.546,99983,0
20080502,29.07,29.07,28.572,28.741,158388,0
20080505,28.972,28.972,28.51,28.723,148755,0
20080506,28.536,29.122,28.155,29.122,239743,0
20080507,28.918,28.918,28.022,28.145,570315,0
20080508,28.811,28.811,28.27,28.723,140920,0
20080509,28.83,28.83,28.35,28.626,48028,0
20080512,28.962,28.962,28.27,28.847,95111,0
20080513,28.741,29.158,28.741,29.034,127015,0
20080514,29.292,29.832,29.282,29.424,153886,0
20080515,29.842,29.877,29.317,29.877,290521,0
20080516,29.708,30.383,29.7,30.313,429876,0
20080519,30.8,30.8,30.259,30.365,233143,0
20080520,30.277,30.277,29.478,29.593,146749,0
20080521,30.464,30.464,29.531,29.62,211743,0
20080522,29.7,29.895,29.361,29.54,448503,0
20080523,29.344,29.398,28.803,29.034,150617,0
20080527,29.034,29.034,28.315,28.626,146632,0
20080528,28.936,29.078,28.43,29.026,119896,0
20080529,29.292,29.488,28.954,29.167,275865,0
20080530,29.655,29.655,29.229,29.292,174347,0
20080602,29.966,29.966,28.945,28.989,69784,0
20080603,29.042,29.078,28.262,28.413,83633,0
20080604,28.794,28.794,27.665,27.702,139605,0
20080605,28.296,28.776,27.95,28.714,110233,0
20080606,28.5,28.546,27.746,27.791,232073,0
20080609,28.536,28.536,27.435,27.658,164636,0
20080610,26.831,27.284,26.831,27.001,150422,0
20080611,26.806,27.151,26.654,26.654,137402,0
20080612,27.045,27.506,26.965,27.435,201758,0
20080613,27.658,27.658,26.965,27.311,73531,0
20080616,27.658,27.674,27.179,27.391,58690,0
20080617,27.551,27.88,27.551,27.702,75546,0
20080618,27.968,27.968,27.32,27.524,84672,0
20080619,27.801,27.801,27.347,27.524,135538,0
20080620,27.462,27.462,26.584,26.619,90535,0
20080623,26.636,26.849,26.512,26.548,84908,0
20080624,27.01,27.01,26.194,26.458,78961,0
20080625,26.218,27.223,26.218,26.948,78823,0
20080626,27.036,27.036,26.059,26.13,152811,0
20080627,26.725,26.725,26.194,26.389,122080,0
20080630,27.107,27.107,26.415,26.557,78024,0
20080701,26.015,26.477,25.527,25.918,106744,0
20080702,25.757,26.227,24.896,24.984,331237,0
20080703,24.896,25.296,24.576,24.932,259968,0
20080707,24.914,25.776,24.639,24.905,612041,0
20080708,24.692,25.127,24.168,25.127,254511,0
20080709,25.215,25.322,24.416,24.62,93268,0
20080710,25.332,25.341,24.674,25.215,141273,0
20080711,24.978,25.332,24.683,24.993,200228,0
20080714,25.021,25.836,24.95,25.047,185196,0
20080715,24.602,24.978,24.141,24.595,162104,0
20080716,24.026,25.305,24.026,25.278,70461,0
20080717,25.74,25.74,25.145,25.269,119217,0
20080718,25.119,25.261,24.834,25.038,112735,0
20080721,25.261,25.482,25.261,25.438,61429,0
20080722,25.127,25.572,25.065,25.572,57953,0
20080723,25.651,25.74,25.393,25.42,81588,0
20080724,25.527,25.527,24.275,24.301,91100,0
20080725,24.239,24.399,23.955,24.195,77981,0
20080728,24.195,24.221,23.609,23.626,138731,0
20080729,23.44,24.141,23.44,24.133,109160,0
20080730,24.798,25.038,24.371,25.002,161911,0
20080731,24.984,25.082,24.595,24.656,128612,0
20080801,25.358,25.358,24.356,24.497,138060,0
20080804,24.346,24.346,23.484,23.484,100469,0
20080805,23.29,23.777,23.174,23.743,119795,0
20080806,23.272,24.07,23.272,23.929,106899,0
20080807,23.938,23.938,23.244,23.395,86836,0
20080808,23.236,23.236,22.366,23.103,88219,0
20080811,22.89,23.076,22.818,22.952,278741,0
20080812,22.685,22.908,22.463,22.526,142377,0
20080813,22.312,22.578,22.116,22.542,265244,0
20080814,22.542,22.96,22.542,22.828,124594,0
20080815,22.561,22.641,22.321,22.366,93477,0
20080818,22.533,22.561,21.735,22.064,74239,0
20080819,21.851,21.851,21.185,21.469,160149,0
20080820,21.69,22.482,21.69,22.463,119721,0
20080821,22.339,22.623,22.198,22.542,101184,0
20080822,22.526,22.526,22.242,22.347,167101,0
20080825,22.198,22.357,21.843,21.843,170436,0
20080826,21.843,22.135,21.843,21.984,77114,0
20080827,22.047,22.713,21.913,22.623,124865,0
20080828,22.669,22.828,22.597,22.738,103185,0
20080829,22.818,22.818,22.419,22.428,55909,0
20080902,22.287,22.482,21.913,22.064,211585,0
20080903,21.674,21.825,21.238,21.443,168313,0
20080904,20.981,21.086,20.181,20.297,187902,0
20080905,20.11,20.474,19.774,20.457,2713467,0
20080908,21.389,21.389,20.288,20.554,318900,0
20080909,20.35,20.35,19.045,19.045,402318,0
20080910,19.036,19.631,19.036,19.444,218817,0
20080911,18.77,19.392,18.539,19.089,802375,0
20080912,18.813,20.066,18.813,19.941,543574,0
20080915,18.423,19.178,18.282,18.291,324392,0
20080916,17.012,18.149,16.871,18.051,393632,0
20080917,17.518,17.518,16.089,16.141,310688,0
20080918,16.461,17.837,16.204,17.597,366961,0
20080919,20.101,21.665,19.392,20.509,396838,0
20080922,22.198,22.198,19.605,19.605,178707,0
20080923,19.223,19.551,18.717,18.822,102874,0
20080924,18.787,19.312,18.787,18.993,60092,0
20080925,19.188,20.013,19.045,19.978,161092,0
20080926,18.947,19.276,18.753,19.143,142799,0
20080929,18.85,18.85,15.938,16.567,211447,0
20080930,17.891,18.184,16.879,18.167,190462,0
20081001,19.498,19.498,17.234,18.398,326671,0
20081002,18.912,18.912,16.737,16.772,152667,0
20081003,16.071,17.225,15.999,16.034,247886,0
20081006,14.695,14.96,13.096,14.206,387241,0
20081007,14.969,15.094,13.318,13.318,420025,0
20081008,13.958,13.958,12.438,13.362,358240,0
20081009,13.443,13.984,12.474,12.474,173855,0
20081010,10.948,13.131,10.877,12.27,304233,0
20081013,14.1,15.272,13.504,15.272,194721,0
20081014,16.018,16.567,14.411,14.89,226269,0
20081015,14.144,14.144,12.431,12.528,104730,0
20081016,13.06,13.06,11.747,13.008,168605,0
20081017,12.964,13.318,12.191,12.537,189156,0
20081020,13.3,13.789,13.069,13.762,111540,0
20081021,13.487,13.487,12.848,12.865,124152,0
20081022,12.59,12.59,11.098,11.365,110511,0
20081023,11.578,11.667,10.806,11.471,162868,0
20081024,10.655,11.321,9.723,9.962,893111,0
20081027,9.4998,10.077,9.2343,9.686,395299,0
20081028,9.971,11.499,9.971,11.188,142919,0
20081029,11.357,12.209,11.037,11.819,186504,0
20081030,12.564,13.23,12.564,13.122,171354,0
20081031,12.688,13.318,12.652,13.052,83225,0
20081103,13.248,13.63,13.186,13.478,110388,0
20081104,14.287,14.846,13.984,14.802,268793,0
20081105,14.828,14.828,13.15,13.195,250080,0
20081106,12.546,12.909,11.995,12.066,127186,0
20081107,12.386,13.186,12.333,13.186,158943,0
20081110,14.073,14.152,13.131,13.451,282859,0
20081111,13.06,13.06,12.146,12.59,171888,0
20081112,11.8,12.253,11.142,11.161,156739,0
20081113,11.365,12.795,11.009,12.795,151525,0
20081114,11.995,12.652,11.453,11.906,153604,0
20081117,11.373,12.111,11.373,11.72,88439,0
20081118,11.312,11.729,11.126,11.471,68647,0
20081119,11.037,11.401,10.432,10.477,89340,0
20081120,10.255,10.513,9.554,9.678,134341,0
20081121,10.371,11.062,10.14,11.054,81403,0
20081124,11.293,12.342,11.293,12.039,185737,0
20081125,12.234,12.234,11.578,11.889,95154,0
20081126,12.209,12.865,11.543,12.848,93427,0
20081128,12.724,12.724,12.359,12.493,91645,0
20081201,12.474,12.474,11.268,11.302,82100,0
20081202,11.826,12.03,11.613,12.03,100678,0
20081203,11.605,12.27,11.588,12.226,47690,0
20081204,11.613,12.234,11.401,11.596,64960,0
20081205,11.631,12.359,11.463,12.351,104306,0
20081208,13.044,13.602,12.679,13.23,187153,0
20081209,12.848,13.327,12.652,12.856,107744,0
20081210,13.195,13.861,13.195,13.691,105625,0
20081211,13.7,14.116,13.362,13.416,129971,0
20081212,12.955,13.673,12.431,13.647,88141,0
20081215,13.744,13.744,13.309,13.371,50285,0
20081216,13.718,14.455,13.593,14.321,169392,0
20081217,14.303,14.303,13.861,14.073,88548,0
20081218,14.171,14.171,13.265,13.336,103824,0
20081219,13.06,13.318,12.759,12.856,131411,0
20081222,12.688,12.768,12.262,12.405,132827,0
20081223,12.351,12.608,12.342,12.422,83575,0
20081224,12.324,12.413,12.182,12.413,41989,0
20081226,13.122,13.122,12.111,12.405,120376,0
20081229,12.501,12.501,12.039,12.182,77669,0
20081230,12.234,12.501,12.234,12.413,72961,0
20081231,12.128,12.733,12.128,12.652,67130,0
20090102,13.044,13.576,12.955,13.504,62330,0
20090105,13.54,14.108,13.54,13.869,83131,0
20090106,14.038,14.642,14.038,14.197,118072,0
20090107,13.7,13.726,13.131,13.15,84955,0
20090108,12.9,13.122,12.785,13.122,78747,0
20090109,12.777,13.044,12.643,12.724,120175,0
20090112,12.554,12.554,11.97,12.014,79057,0
20090113,12.234,12.234,11.667,12.146,65189,0
20090114,11.96,11.96,11.329,11.418,61740,0
20090115,11.41,11.739,11.081,11.693,72809,0
20090116,11.835,11.924,11.373,11.675,47369,0
20090120,11.365,11.365,10.806,10.867,70223,0
20090121,11.117,11.72,10.911,11.56,85580,0
20090122,11.24,11.24,10.814,11.072,36029,0
20090123,10.716,11.338,10.716,11.161,88220,0
20090126,11.072,11.667,11.072,11.321,75873,0
20090127,11.596,11.596,11.418,11.48,81416,0
20090128,11.588,12.155,11.569,12.03,125966,0
20090129,11.702,11.764,11.524,11.524,30907,0
20090130,11.453,11.702,11.436,11.48,26854,0
20090202,11.293,11.552,11.134,11.41,30397,0
20090203,11.436,11.711,11.383,11.596,38136,0
20090204,11.684,12.075,11.684,11.773,54900,0
20090205,12.014,12.209,11.667,12.102,47630,0
20090206,12.253,12.865,12.234,12.795,76726,0
20090209,12.813,13.114,12.795,12.891,61636,0
20090210,13.106,13.14,12.342,12.395,121900,0
20090211,12.573,12.839,12.377,12.59,68882,0
20090212,12.518,12.518,12.084,12.413,65651,0
20090213,12.59,12.839,12.546,12.749,33830,0
20090217,12.164,12.342,11.515,11.515,144840,0
20090218,11.826,11.826,11.392,11.489,60170,0
20090219,11.764,11.97,11.588,11.588,79212,0
20090220,11.321,11.444,11.009,11.321,559934,0
20090223,11.631,11.667,10.895,10.895,151842,0
20090224,10.975,11.72,10.975,11.72,192597,0
20090225,11.524,11.747,11.205,11.543,57706,0
20090226,11.792,11.889,11.463,11.48,54678,0
20090227,11.231,11.578,11.152,11.329,50776,0
20090302,11.312,11.312,10.522,10.53,101900,0
20090303,10.858,10.975,10.513,10.761,95006,0
20090304,11.365,11.8,11.213,11.622,162871,0
20090305,11.258,11.401,11,11.098,62958,0
20090306,11.463,11.48,10.93,11.223,100501,0
20090309,11.072,11.401,10.993,11.027,270797,0
20090310,11.453,12.146,10.921,12.12,146199,0
20090311,12.191,12.2,11.809,11.942,64294,0
20090312,11.809,12.359,11.783,12.262,63888,0
20090313,12.546,12.635,12.324,12.465,79424,0
20090316,12.652,12.964,12.546,12.554,190551,0
20090317,12.465,12.813,12.395,12.813,91720,0
20090318,12.688,13.069,12.422,13.017,94034,0
20090319,13.044,13.22,12.9,12.945,100922,0
20090320,13.069,13.069,12.643,12.643,81835,0
20090323,13.265,13.895,13.265,13.895,203275,0
20090324,13.513,13.762,13.353,13.434,59172,0
20090325,13.611,13.798,13.256,13.621,217254,0
20090326,14.135,14.135,13.877,14.108,164102,0
20090327,13.744,13.78,13.558,13.638,75996,0
20090330,13.327,13.327,12.749,12.848,147906,0
20090331,12.964,13.318,12.936,13.114,79416,0
20090401,13.017,13.567,12.955,13.531,200802,0
20090402,14.056,14.828,14.011,14.331,221655,0
20090403,14.446,14.873,14.197,14.464,141825,0
20090406,14.526,14.651,14.135,14.312,110040,0
20090407,14.144,14.312,14.02,14.161,109150,0
20090408,14.135,14.473,14.116,14.303,168054,0
20090409,15.68,15.68,14.659,15.156,280663,0
20090413,15.147,15.405,15.023,15.289,285970,0
20090414,15.184,15.191,14.837,14.855,330869,0
20090415,14.89,15.129,14.863,15.094,130835,0
20090416,15.264,15.778,14.952,15.2,149982,0
20090417,15.228,15.236,15.014,15.049,133621,0
20090420,14.934,14.934,14.366,14.411,316442,0
20090421,14.215,14.738,14.18,14.738,106969,0
20090422,14.642,14.695,14.116,14.482,108179,0
20090423,14.615,14.916,14.615,14.916,90560,0
20090424,15.094,15.272,15.049,15.147,137585,0
20090427,15.094,15.094,14.473,14.516,305788,0
20090428,14.42,14.695,14.215,14.562,71458,0
20090429,14.818,15.36,14.818,15.191,96953,0
20090430,15.787,15.787,14.969,15.129,392268,0
20090501,15.369,15.528,14.969,15.387,102200,0
20090504,16.274,16.871,15.014,16.665,579539,0
20090505,16.675,16.675,16.32,16.515,487744,0
20090506,16.994,17.047,16.647,16.941,190764,0
20090507,17.314,18.112,16.425,16.515,337817,0
20090508,17.127,17.314,16.772,17.146,283765,0
20090511,17.029,17.696,16.567,16.772,586786,0
20090512,17.243,17.243,16.692,17.003,238966,0
20090513,16.79,16.79,16.089,16.249,355211,0
20090514,16.062,16.524,16.009,16.453,459556,0
20090515,16.567,16.612,16.098,16.311,63589,0
20090518,16.515,17.537,16.515,17.215,138206,0
20090519,17.375,17.562,17.047,17.35,347070,0
20090520,17.696,17.9,17.314,17.456,315132,0
20090521,16.941,17.074,16.772,16.906,214622,0
20090522,17.26,17.385,16.975,17.243,173138,0
20090526,16.906,17.375,16.647,17.358,178756,0
20090527,17.597,17.881,17.375,17.554,219640,0
20090528,17.828,18.087,17.545,18.059,339864,0
20090529,18.317,18.549,18.167,18.494,216748,0
20090601,19.32,19.623,19.107,19.471,605678,0
20090602,19.248,19.605,18.921,19.169,391776,0
20090603,18.725,19.125,18.023,18.228,350497,0
20090604,18.414,18.753,18.228,18.734,317381,0
20090605,19.248,19.248,18.575,18.806,242900,0
20090608,18.353,18.645,18.087,18.53,183328,0
20090609,18.602,18.602,18.263,18.539,111202,0
20090610,18.956,19.072,18.522,18.85,242898,0
20090611,19.01,19.524,19.01,19.284,183953,0
20090612,19.01,19.116,18.832,19.072,215784,0
20090615,18.645,18.645,17.909,18.2,268271,0
20090616,18.317,18.414,17.784,17.953,188324,0
20090617,17.758,17.847,17.314,17.749,957498,0
20090618,17.749,17.767,17.35,17.606,462909,0
20090619,17.767,17.767,17.429,17.527,252126,0
20090622,17.42,17.872,16.585,16.675,623217,0
20090623,16.416,16.755,16.4,16.647,181642,0
20090624,17.056,17.402,16.95,17.127,189970,0
20090625,17.118,17.616,17.003,17.562,362465,0
20090626,17.669,17.758,17.58,17.731,458598,0
20090629,17.837,17.909,17.669,17.881,135390,0
20090630,17.936,17.953,17.5,17.731,284781,0
20090701,17.962,18.157,17.891,17.927,106445,0
20090702,17.571,17.571,17.225,17.296,145831,0
20090706,16.959,17.118,16.647,17.118,111274,0
20090707,17.179,17.179,16.425,16.48,133230,0
20090708,16.434,16.542,15.893,16.15,194831,0
20090709,16.656,16.692,16.311,16.559,101163,0
20090710,16.24,16.302,15.999,16.274,681070,0
20090713,16.034,16.372,15.831,16.372,567105,0
20090714,16.55,16.603,16.425,16.488,108712,0
20090715,16.95,17.509,16.95,17.375,266466,0
20090716,17.314,17.588,17.225,17.571,253551,0
20090717,17.713,17.82,17.537,17.792,156727,0
20090720,18.593,18.593,18.157,18.583,218409,0
20090721,18.743,18.743,18.21,18.522,193047,0
20090722,18.167,18.45,18.077,18.362,158474,0
20090723,18.549,19.284,18.477,19.161,324649,0
20090724,19.001,19.116,18.806,19.107,372650,0
20090727,19.435,19.435,18.965,19.258,205412,0
20090728,19.072,19.152,18.787,19.089,126825,0
20090729,18.681,18.725,18.326,18.468,113398,0
20090730,18.938,19.188,18.876,19.045,192203,0
20090731,18.947,19.169,18.876,19.045,218393,0
20090803,19.463,19.925,19.312,19.87,419723,0
20090804,19.56,19.8,19.152,19.578,223495,0
20090805,19.551,19.596,19.143,19.578,190677,0
20090806,19.702,19.71,19.24,19.435,121425,0
20090807,19.578,19.71,19.383,19.498,169381,0
20090810,19.427,19.507,19.214,19.392,119688,0
20090811,19.303,19.303,18.734,18.841,269684,0
20090812,18.841,19.223,18.779,19.107,130998,0
20090813,19.444,19.463,19.143,19.375,234275,0
20090814,19.419,19.419,18.813,18.965,196132,0
20090817,18.246,18.388,17.758,18.041,365726,0
20090818,18.193,18.557,18.175,18.494,236732,0
20090819,18.112,18.593,18.112,18.593,340297,0
20090820,18.672,18.938,18.522,18.841,77193,0
20090821,18.938,19.223,18.912,19.125,252727,0
20090824,19.365,19.507,19.143,19.223,202908,0
20090825,19.293,19.524,19.116,19.152,116504,0
20090826,19.134,19.178,18.921,19.089,100884,0
20090827,19.045,19.062,18.636,19.027,103111,0
20090828,19.214,19.214,18.841,18.912,60268,0
20090831,18.61,18.663,18.468,18.557,133835,0
20090901,18.636,18.77,17.98,18.023,215082,0
20090902,18.032,18.317,17.962,18.157,105981,0
20090903,18.549,18.61,18.326,18.575,121835,0
20090904,18.743,19.036,18.628,19.001,88160,0
20090908,19.56,19.747,19.507,19.702,434083,0
20090909,19.755,19.987,19.666,19.845,150527,0
20090910,19.915,20.155,19.791,20.155,148218,0
20090911,20.27,20.368,20.031,20.173,144081,0
20090914,19.95,20.279,19.845,20.244,163567,0
20090915,20.209,20.519,20.137,20.501,346258,0
20090916,20.794,20.981,20.644,20.891,248517,0
20090917,20.794,21.043,20.679,20.759,441570,0
20090918,20.821,20.927,20.714,20.9,165890,0
20090921,20.509,20.714,20.377,20.545,133402,0
20090922,20.9,21.095,20.759,20.963,344086,0
20090923,20.999,21.062,20.679,20.695,213217,0
20090924,20.688,20.695,19.987,20.146,215721,0
20090925,20.083,20.297,20.013,20.173,67681,0
20090928,20.155,20.528,20.092,20.457,76368,0
20090929,20.572,20.625,20.377,20.545,84119,0
20090930,20.67,20.75,20.19,20.563,156376,0
20091001,20.483,20.581,20.005,20.048,191039,0
20091002,19.747,20.173,19.534,20.146,283919,0
20091005,20.315,20.688,20.083,20.652,204349,0
20091006,20.954,21.23,20.831,21.025,186631,0
20091007,21.034,21.15,20.935,21.105,249784,0
20091008,21.406,21.629,21.308,21.567,193946,0
20091009,21.452,21.753,21.452,21.708,130341,0
20091012,21.975,22.107,21.843,21.93,230299,0
20091013,21.921,21.939,21.602,21.895,231244,0
20091014,22.357,22.845,22.339,22.837,293103,0
20091015,22.597,22.828,22.428,22.81,317705,0
20091016,22.391,22.542,22.179,22.375,260334,0
20091019,22.632,22.969,22.542,22.899,234718,0
20091020,22.862,22.872,22.259,22.606,268598,0
20091021,22.49,22.952,22.428,22.508,274841,0
20091022,22.542,22.881,22.321,22.801,198547,0
20091023,23.023,23.076,22.578,22.677,278733,0
20091026,22.89,23.139,22.296,22.508,233110,0
20091027,22.401,22.401,21.913,22.019,162978,0
20091028,21.753,21.753,20.759,20.759,597641,0
20091029,21.025,21.993,20.963,21.948,385431,0
20091030,21.86,21.86,20.75,20.91,299307,0
20091102,21.23,21.656,20.981,21.345,230539,0
20091103,20.972,21.406,20.839,21.371,135955,0
20091104,21.825,22.047,21.683,21.762,249981,0
20091105,21.939,22.17,21.816,22.17,145003,0
20091106,22.179,22.179,21.825,22.152,130320,0
20091109,22.419,22.969,22.419,22.969,272373,0
20091110,22.694,22.988,22.65,22.933,208484,0
20091111,23.146,23.2,22.782,22.978,399874,0
20091112,22.757,22.854,22.206,22.391,172509,0
20091113,22.542,22.801,22.366,22.729,170654,0
20091116,23.191,23.351,22.952,23.272,191662,0
20091117,23.174,23.44,22.96,23.431,300575,0
20091118,23.494,23.494,23.085,23.272,154265,0
20091119,23.121,23.121,22.517,22.818,150704,0
20091120,22.713,22.72,22.419,22.641,140241,0
20091123,23.139,23.386,23.023,23.129,282890,0
20091124,22.96,22.996,22.588,22.854,223716,0
20091125,23.041,23.085,22.72,23.049,97664,0
20091127,21.904,22.375,20.421,22.135,533141,0
20091130,22.321,22.375,21.975,22.321,188075,0
20091201,22.703,23.004,22.659,22.96,190676,0
20091202,22.996,22.996,22.659,22.862,495007,0
20091203,22.996,23.004,22.499,22.57,250719,0
20091204,23.032,23.129,22.446,22.685,225078,0
20091207,22.508,22.685,22.321,22.455,172353,0
20091208,22.25,22.25,21.851,22.091,805937,0
20091209,21.993,22.188,21.833,22.188,124016,0
20091210,22.17,22.287,22.028,22.17,72717,0
20091211,22.321,22.321,22.082,22.215,162942,0
20091214,22.41,22.437,22.215,22.347,182120,0
20091215,22.232,22.41,22.161,22.259,182161,0
20091216,22.533,22.552,22.296,22.357,201673,0
20091217,22.019,22.037,21.585,21.637,196753,0
20091218,21.646,21.717,21.389,21.567,185905,0
20091221,21.612,21.744,21.469,21.532,234493,0
20091222,21.557,21.637,21.478,21.62,332305,0
20091223,21.779,21.948,21.665,21.939,93531,0
20091224,22.037,22.224,21.984,22.082,91442,0
20091228,22.107,22.321,22.064,22.152,293712,0
20091229,22.259,22.259,22.091,22.116,106928,0
20091230,22.028,22.126,21.948,22.126,93002,0
20091231,22.375,22.437,22.25,22.259,129318,0
20100104,22.738,22.924,22.597,22.924,217086,0
20100105,22.996,23.191,22.952,23.129,370090,0
20100106,23.155,23.29,23.095,23.227,443605,0
20100107,23.076,23.085,22.862,22.996,272493,0
20100108,22.996,23.112,22.872,23.076,297683,0
20100111,23.281,23.29,22.916,23.023,186951,0
20100112,22.757,22.899,22.463,22.641,200466,0
20100113,22.729,22.738,22.419,22.703,312765,0
20100114,22.65,22.694,22.517,22.606,132760,0
20100115,22.526,22.542,22.152,22.278,148187,0
20100119,22.312,22.72,22.312,22.561,198332,0
20100120,22.25,22.296,21.771,22.028,147225,0
20100121,21.895,21.939,21.114,21.114,355874,0
20100122,21.007,21.212,20.6,20.768,298761,0
20100125,21.071,21.256,20.891,20.972,228641,0
20100126,20.509,20.794,19.978,20.572,310566,0
20100127,20.386,20.581,20.2,20.581,190330,0
20100128,20.812,20.927,20.261,20.483,268292,0
20100129,20.803,20.856,20.164,20.236,314340,0
20100201,20.449,20.954,20.449,20.927,131328,0
20100202,21.062,21.221,20.856,21.221,135053,0
20100203,21.265,21.371,21.071,21.114,113824,0
20100204,20.723,20.723,19.941,19.95,390156,0
20100205,19.978,20.005,19.188,19.861,521514,0
20100208,19.8,19.897,19.435,19.516,153188,0
20100209,19.978,20.421,19.915,20.209,249796,0
20100210,20.323,20.36,19.987,20.244,120006,0
20100211,20.306,20.723,20.12,20.723,125414,0
20100212,20.244,20.457,20.022,20.43,131996,0
20100216,20.652,20.972,20.554,20.945,148986,0
20100217,21.141,21.141,20.848,20.954,156409,0
20100218,20.812,21.166,20.741,21.105,88710,0
20100219,20.882,21.078,20.695,20.972,126756,0
20100222,21.185,21.185,20.972,21.043,111394,0
20100223,20.972,21.007,20.509,20.581,186485,0
20100224,20.714,20.848,20.635,20.794,105794,0
20100225,20.332,20.741,20.164,20.679,163838,0
20100226,20.732,20.99,20.652,20.954,107388,0
20100301,21.744,21.744,21.176,21.362,120377,0
20100302,21.522,21.708,21.452,21.576,105747,0
20100303,21.656,21.843,21.522,21.585,107866,0
20100304,21.602,21.612,21.282,21.495,94338,0
20100305,21.69,21.975,21.69,21.966,162812,0
20100308,22.037,22.082,21.939,22.019,131329,0
20100309,21.851,22.25,21.843,22.073,142270,0
20100310,22.144,22.296,22.019,22.232,189778,0
20100311,22.091,22.232,21.93,22.232,93345,0
20100312,22.375,22.375,22.126,22.179,86703,0
20100315,22.064,22.116,21.86,22.047,74780,0
20100316,22.152,22.287,22.019,22.287,201016,0
20100317,22.401,22.49,22.278,22.366,227417,0
20100318,22.339,22.366,21.993,22.144,102709,0
20100319,22.25,22.25,21.727,21.851,226586,0
20100322,21.744,21.948,21.54,21.877,191172,0
20100323,21.913,22.082,21.851,22.082,162004,0
20100324,21.843,21.939,21.69,21.762,153384,0
20100325,21.816,21.904,21.434,21.461,195060,0
20100326,21.646,21.788,21.576,21.727,111491,0
20100329,21.913,22.198,21.887,22.198,110826,0
20100330,22.347,22.446,22.259,22.383,96801,0
20100331,22.383,22.561,22.339,22.49,96588,0
20100401,22.782,22.969,22.773,22.96,175314,0
20100405,23.112,23.236,23.049,23.191,134035,0
20100406,23.103,23.351,23.041,23.272,173907,0
20100407,23.174,23.263,22.89,22.996,307560,0
20100408,22.908,23.263,22.828,23.253,164644,0
20100409,23.334,23.494,23.334,23.494,66129,0
20100412,23.29,23.45,23.281,23.342,157956,0
20100413,23.334,23.351,23.068,23.298,151923,0
20100414,23.45,23.635,23.414,23.617,144101,0
20100415,23.467,23.609,23.423,23.458,119289,0
20100416,23.183,23.183,22.623,22.81,279379,0
20100419,22.391,22.713,22.287,22.623,176552,0
20100420,22.782,22.933,22.748,22.872,117373,0
20100421,22.782,22.782,22.268,22.499,491843,0
20100422,22.41,22.65,22.179,22.65,116259,0
20100423,22.552,22.792,22.463,22.792,108447,0
20100426,22.924,23.041,22.765,22.792,159390,0
20100427,22.588,22.588,21.895,21.93,158521,0
20100428,22.296,22.296,21.843,22.064,144405,0
20100429,22.303,22.526,22.268,22.508,98217,0
20100430,22.632,22.632,22.135,22.144,77604,0
20100503,22.419,22.428,22.152,22.278,134570,0
20100504,21.825,21.921,21.256,21.371,260173,0
20100505,20.927,21.371,20.75,21.016,241091,0
20100506,20.856,21.176,18.645,20.19,501019,0
20100507,20.279,20.617,19.568,20.19,661253,0
20100510,21.078,21.753,21.078,21.708,220849,0
20100511,21.282,21.612,20.981,21.23,213212,0
20100512,21.443,21.665,21.371,21.637,138747,0
20100513,21.602,21.656,21.301,21.362,95065,0
20100514,21.052,21.122,20.591,20.848,182981,0
20100517,20.776,20.945,20.323,20.768,153997,0
20100518,21.114,21.212,20.386,20.457,114717,0
20100519,20.146,20.323,19.897,20.244,153366,0
20100520,19.534,19.71,19.169,19.293,259528,0
20100521,19.053,20.039,19.017,20.013,218011,0
20100524,19.96,20.19,19.782,19.791,131806,0
20100525,18.983,19.614,18.904,19.614,240747,0
20100526,19.915,20.297,19.684,19.71,96096,0
20100527,20.679,20.9,20.252,20.9,174379,0
20100528,20.776,20.776,20.457,20.644,170254,0
20100601,20.492,20.866,20.261,20.261,148219,0
20100602,20.617,21.034,20.43,21.034,123768,0
20100603,21.185,21.23,20.67,20.919,128256,0
20100604,20.386,20.679,20.137,20.181,111478,0
20100607,20.218,20.377,19.889,19.889,42498,0
20100608,20.022,20.306,19.853,20.244,93468,0
20100609,20.652,20.768,20.244,20.315,74189,0
20100610,20.714,21.062,20.554,21.052,190059,0
20100611,20.679,21.141,20.679,21.131,39417,0
20100614,21.301,21.353,20.954,20.963,63891,0
20100615,21.095,21.612,21.095,21.602,65735,0
20100616,21.398,21.674,21.353,21.54,97002,0
20100617,21.665,21.665,21.15,21.308,142854,0
20100618,21.212,21.282,21.043,21.166,77463,0
20100621,21.843,21.895,21.461,21.602,107584,0
20100622,21.612,21.629,21.122,21.122,164854,0
20100623,21.452,21.469,21.086,21.256,308846,0
20100624,21.166,21.308,20.882,20.972,71085,0
20100625,20.945,21.256,20.866,21.23,48505,0
20100628,21.308,21.308,21.025,21.062,70287,0
20100629,20.421,20.617,20.057,20.146,114923,0
20100630,20.353,20.444,19.975,20.055,86630,0
20100701,20.039,20.164,19.71,20.12,552114,0
20100702,20.315,20.323,20.083,20.209,100214,0
20100706,20.785,20.812,20.297,20.474,60969,0
20100707,20.297,20.963,20.297,20.945,100216,0
20100708,21.034,21.034,20.723,20.954,40093,0
20100709,21.025,21.291,20.99,21.291,45764,0
20100712,21.282,21.345,21.043,21.203,52378,0
20100713,21.389,21.504,21.308,21.443,83539,0
20100714,21.212,21.326,21.095,21.203,70559,0
20100715,21.095,21.122,20.794,21.025,91907,0
20100716,20.891,20.91,20.449,20.457,54267,0
20100719,20.831,20.848,20.563,20.732,77787,0
20100720,20.695,21.247,20.644,21.238,62874,0
20100721,21.478,21.478,20.999,21.114,63572,0
20100722,21.434,21.788,21.434,21.717,77799,0
20100723,21.656,21.877,21.54,21.877,46148,0
20100726,21.744,21.975,21.665,21.966,58476,0
20100727,22.144,22.179,21.843,21.957,85498,0
20100728,21.877,22.011,21.788,21.939,53585,0
20100729,22.047,22.188,21.788,21.993,56457,0
20100730,21.788,22.1,21.69,22.019,50074,0
20100802,22.347,22.685,22.347,22.659,339151,0
20100803,22.526,22.597,22.321,22.508,106985,0
20100804,22.561,22.659,22.446,22.632,80895,0
20100805,22.41,22.57,22.41,22.533,59978,0
20100806,22.383,22.542,22.259,22.526,53253,0
20100809,22.677,22.694,22.57,22.659,35938,0
20100810,22.215,22.391,22.107,22.296,55828,0
20100811,21.843,21.843,21.513,21.567,96476,0
20100812,21.308,21.646,21.282,21.612,29457,0
20100813,21.522,21.656,21.522,21.532,67061,0
20100816,21.62,21.833,21.62,21.797,211788,0
20100817,22.047,22.135,21.921,22.028,65068,0
20100818,21.895,22.028,21.807,21.957,31081,0
20100819,21.904,21.948,21.585,21.674,71630,0
20100820,21.646,21.646,21.452,21.637,37116,0
20100823,21.665,21.683,21.362,21.362,39206,0
20100824,21.176,21.176,20.954,21.052,209160,0
20100825,20.882,21.105,20.759,21.071,111640,0
20100826,21.095,21.185,20.839,20.882,50199,0
20100827,21.071,21.326,20.874,21.291,89295,0
20100830,21.247,21.247,20.945,20.945,45493,0
20100831,20.882,21.194,20.882,21.086,100318,0
20100901,21.362,21.727,21.362,21.717,60654,0
20100902,21.656,21.762,21.612,21.753,76233,0
20100903,22.028,22.047,21.843,21.913,58315,0
20100907,21.877,21.877,21.602,21.602,79832,0
20100908,21.699,21.887,21.699,21.797,66929,0
20100909,21.966,22.019,21.807,21.869,47925,0
20100910,21.843,21.93,21.825,21.887,53480,0
20100913,22.198,22.375,22.188,22.347,172387,0
20100914,22.357,22.533,22.242,22.357,77787,0
20100915,22.206,22.321,22.17,22.287,71831,0
20100916,22.152,22.259,22.126,22.215,58758,0
20100917,22.321,22.347,22.144,22.198,57682,0
20100920,22.321,22.561,22.25,22.542,89129,0
20100921,22.517,22.542,22.339,22.455,106176,0
20100922,22.428,22.588,22.375,22.419,82524,0
20100923,22.25,22.561,22.25,22.347,57658,0
20100924,22.641,22.729,22.632,22.685,89091,0
20100927,22.694,22.773,22.606,22.713,121007,0
20100928,22.748,22.828,22.508,22.765,137885,0
20100929,22.818,22.952,22.792,22.908,82700,0
20100930,23.013,23.076,22.792,22.943,401937,0
20101001,23.146,23.334,23.121,23.236,170695,0
20101004,23.227,23.378,23.129,23.272,89788,0
20101005,23.458,23.857,23.458,23.786,114844,0
20101006,23.857,23.857,23.689,23.777,129448,0
20101007,23.822,23.822,23.378,23.484,271331,0
20101008,23.546,23.857,23.503,23.822,141198,0
20101011,23.91,24.017,23.857,23.955,96879,0
20101012,23.804,23.91,23.68,23.91,77997,0
20101013,24.15,24.408,24.133,24.301,102392,0
20101014,24.38,24.39,24.141,24.257,111235,0
20101015,24.452,24.515,24.035,24.266,94787,0
20101018,24.221,24.452,24.106,24.416,77779,0
20101019,24.035,24.088,23.671,23.725,107139,0
20101020,23.91,24.15,23.866,24.053,75550,0
20101021,24.177,24.284,23.758,24.008,115511,0
20101022,24.097,24.133,23.91,23.999,65005,0
20101025,24.284,24.364,24.195,24.248,82061,0
20101026,24.106,24.337,24.044,24.311,61668,0
20101027,24.008,24.008,23.617,23.804,61189,0
20101028,24.053,24.053,23.813,23.946,64318,0
20101029,23.92,23.991,23.857,23.991,84487,0
20101101,24.177,24.371,24.133,24.239,126627,0
20101102,24.416,24.541,24.356,24.515,105292,0
20101103,24.666,24.737,24.425,24.737,146839,0
20101104,25.091,25.455,25.091,25.438,284850,0
20101105,25.261,25.402,25.251,25.393,76156,0
20101108,25.198,25.296,25.145,25.269,138463,0
20101109,25.402,25.402,24.772,24.887,130614,0
20101110,24.905,24.984,24.586,24.932,126229,0
20101111,24.861,24.914,24.754,24.914,57498,0
20101112,24.523,24.602,24.133,24.292,86267,0
20101115,24.371,24.435,24.168,24.168,70142,0
20101116,23.92,23.92,23.263,23.334,204722,0
20101117,23.325,23.555,23.307,23.458,117380,0
20101118,23.795,24.08,23.795,24.035,91287,0
20101119,23.894,23.946,23.644,23.946,64767,0
20101122,23.849,23.92,23.529,23.813,78282,0
20101123,23.281,23.281,23.049,23.121,104204,0
20101124,23.512,23.715,23.45,23.698,137804,0
20101126,23.307,23.44,23.219,23.316,18981,0
20101129,23.395,23.52,23.121,23.494,65760,0
20101130,23.263,23.44,23.103,23.263,105503,0
20101201,23.894,23.99,23.786,23.902,70112,0
20101202,24.017,24.38,24.017,24.38,100330,0
20101203,24.106,24.408,24.062,24.408,93235,0
20101206,24.185,24.337,24.185,24.284,71840,0
20101207,24.576,24.576,24.213,24.213,67888,0
20101208,24.088,24.133,23.804,23.92,95963,0
20101209,24.062,24.062,23.743,23.813,78427,0
20101210,23.92,24.044,23.849,24.044,67277,0
20101213,24.133,24.399,24.133,24.275,79743,0
20101214,24.213,24.38,24.204,24.301,97171,0
20101215,23.902,24.106,23.768,23.813,376565,0
20101216,23.786,23.822,23.644,23.786,64413,0
20101217,23.751,23.751,23.591,23.689,47650,0
20101220,23.671,23.734,23.538,23.609,67873,0
20101221,23.715,24.088,23.715,24.035,315279,0
20101222,23.982,24.159,23.973,24.159,70790,0
20101223,24.008,24.026,23.849,24.017,77922,0
20101227,23.964,23.964,23.734,23.938,115923,0
20101228,23.894,23.894,23.751,23.813,58463,0
20101229,23.939,24.163,23.939,24.137,78180,0
20101230,24.173,24.281,24.046,24.226,58835,0
20101231,24.211,24.402,24.211,24.358,65669,0
20110103,24.62,24.834,24.567,24.71,239222,0
20110104,24.861,24.861,24.541,24.817,1002928,0
20110105,24.62,24.905,24.602,24.861,121893,0
20110106,24.807,24.807,24.523,24.595,119309,0
20110107,24.567,24.567,24.141,24.337,110233,0
20110110,24.185,24.221,24.026,24.185,82311,0
20110111,24.479,24.567,24.399,24.567,381062,0
20110112,24.87,25.11,24.861,25.065,123955,0
20110113,25.057,25.119,24.817,24.87,99087,0
20110114,24.879,24.923,24.807,24.914,168408,0
20110118,24.87,24.932,24.772,24.905,94206,0
20110119,24.95,24.978,24.666,24.754,80094,0
20110120,24.532,24.532,24.168,24.346,82032,0
20110121,24.523,24.523,24.195,24.229,41621,0
20110124,24.088,24.337,24.062,24.337,56872,0
20110125,24.292,24.292,23.973,24.141,115870,0
20110126,24.301,24.425,24.275,24.346,84224,0
20110127,24.356,24.461,24.229,24.275,51872,0
20110128,24.328,24.328,23.6,23.644,153618,0
20110131,23.801,24.037,23.801,23.965,130852,0
20110201,24.301,24.523,24.239,24.435,203075,0
20110202,24.523,24.683,24.408,24.425,84319,0
20110203,24.506,24.506,24.275,24.371,107625,0
20110204,24.38,24.461,24.168,24.328,88396,0
20110207,24.221,24.371,24.116,24.239,85800,0
20110208,24.257,24.364,24.133,24.328,221856,0
20110209,23.92,24.088,23.777,23.92,596283,0
20110210,23.555,23.822,23.538,23.751,323206,0
20110211,23.786,24.239,23.573,24.213,198441,0
20110214,24.125,24.284,24.125,24.177,617125,0
20110215,24.035,24.229,24.035,24.177,52516,0
20110216,24.292,24.497,24.284,24.408,155992,0
20110218,24.523,24.62,24.452,24.488,59206,0
20110222,24.213,24.346,23.831,23.929,136963,0
20110223,24.035,24.204,23.768,24.035,87321,0
20110224,24.133,24.301,23.946,24.106,386353,0
20110225,24.292,24.506,24.284,24.497,127277,0
20110228,24.75,24.803,24.641,24.794,132766,0
20110301,24.978,24.978,24.497,24.506,109569,0
20110302,24.602,24.941,24.602,24.887,170013,0
20110303,25.047,25.296,25.047,25.278,56953,0
20110304,25.278,25.341,25.073,25.278,58036,0
20110307,25.438,25.553,25.002,25.119,114906,0
20110308,25.224,25.473,25.065,25.35,204947,0
20110309,25.322,25.464,25.242,25.42,83419,0
20110310,24.914,24.923,24.674,24.737,195276,0
20110311,24.506,24.861,24.497,24.781,72001,0
20110314,24.79,25.057,24.781,25.021,61333,0
20110315,24.08,24.754,24.026,24.7,103288,0
20110316,24.656,24.798,24.008,24.204,113488,0
20110317,24.488,24.597,24.308,24.434,128107,0
20110318,24.47,24.611,24.399,24.399,95391,0
20110321,24.683,24.861,24.683,24.817,116265,0
20110322,24.861,24.941,24.826,24.932,623256,0
20110323,24.993,25.402,24.914,25.35,103355,0
20110324,25.366,25.544,25.269,25.517,98110,0
20110325,25.544,25.677,25.509,25.536,67262,0
20110328,25.473,25.509,25.35,25.393,609570,0
20110329,25.322,25.536,25.278,25.527,383564,0
20110330,25.732,25.979,25.713,25.944,173033,0
20110331,25.977,26.214,25.969,26.198,189390,0
20110401,26.503,26.717,26.449,26.619,166828,0
20110404,26.831,26.992,26.672,26.992,254990,0
20110405,26.867,26.948,26.806,26.858,111784,0
20110406,26.948,27.062,26.769,26.815,283085,0
20110407,26.752,26.939,26.654,26.778,69445,0
20110408,26.92,26.973,26.769,26.858,67591,0
20110411,26.893,26.929,26.512,26.592,109396,0
20110412,26.415,26.415,25.979,26.104,141786,0
20110413,26.494,26.494,26.104,26.184,77235,0
20110414,25.988,26.194,25.988,26.157,182344,0
20110415,26.227,26.237,26.023,26.194,58798,0
20110418,25.633,25.633,25.341,25.5,259268,0
20110419,25.686,25.944,25.677,25.935,153820,0
20110420,26.406,26.486,26.29,26.486,106819,0
20110421,26.68,26.68,26.486,26.672,76258,0
20110425,26.698,26.698,26.415,26.557,57977,0
20110426,26.458,26.636,26.423,26.557,144276,0
20110427,26.566,26.566,26.095,26.379,104820,0
20110428,26.194,26.194,25.891,26.086,113330,0
20110429,26.097,26.297,26.023,26.232,52870,0
20110502,26.344,26.379,26.059,26.095,91003,0
20110503,25.793,25.836,25.322,25.492,160783,0
20110504,25.358,25.358,24.851,25.029,194276,0
20110505,24.807,24.932,24.47,24.62,315980,0
20110506,25.163,25.278,24.826,24.887,282084,0
20110509,24.905,25.091,24.851,25.029,78963,0
20110510,25.047,25.305,25.002,25.305,151964,0
20110511,25.136,25.136,24.576,24.692,179741,0
20110512,24.611,24.79,24.337,24.683,119135,0
20110513,24.746,24.746,24.133,24.213,85361,0
20110516,24.133,24.559,24.08,24.177,1251739,0
20110517,24.062,24.32,23.99,24.275,223230,0
20110518,24.39,24.7,24.356,24.666,43673,0
20110519,24.79,24.79,24.515,24.62,79248,0
20110520,24.479,24.595,24.337,24.416,65476,0
20110523,23.91,23.964,23.725,23.92,136110,0
20110524,24.204,24.221,24.053,24.106,153076,0
20110525,24.053,24.356,24.053,24.248,62045,0
20110526,24.239,24.506,24.204,24.497,85244,0
20110527,24.741,24.93,24.741,24.866,111283,0
20110531,25.345,25.398,25.128,25.281,61069,0
20110601,25.286,25.286,24.798,24.798,55304,0
20110602,24.887,25.082,24.763,25.021,71900,0
20110603,24.63,24.959,24.63,24.772,73387,0
20110606,24.674,24.754,24.39,24.39,63286,0
20110607,24.732,24.894,24.696,24.696,48516,0
20110608,24.732,24.785,24.498,24.56,52329,0
20110609,24.659,24.794,24.533,24.767,85262,0
20110610,24.587,24.587,24.254,24.29,68021,0
20110613,24.444,24.523,24.239,24.311,239237,0
20110614,24.498,24.641,24.498,24.552,53017,0
20110615,24.317,24.335,23.991,24.073,85524,0
20110616,23.939,24.129,23.66,23.894,149754,0
20110617,24.046,24.046,23.757,23.831,121111,0
20110620,23.668,23.839,23.668,23.794,93496,0
20110621,23.939,24.209,23.92,24.155,50678,0
20110622,24.029,24.245,23.984,23.984,35753,0
20110623,23.632,23.894,23.451,23.894,105673,0
20110624,24.163,24.263,23.965,23.975,39800,0
20110627,23.975,24.299,23.947,24.254,47339,0
20110628,24.263,24.632,24.254,24.613,44744,0
20110629,24.597,24.785,24.507,24.758,32373,0
20110630,24.912,25.104,24.903,25.075,77820,0
20110701,25.056,25.406,25.02,25.354,39735,0
20110705,25.254,25.362,25.182,25.272,44057,0
20110706,25.01,25.136,24.866,25.028,37593,0
20110707,25.235,25.389,25.235,25.335,44520,0
20110708,25.01,25.091,24.903,25.064,351485,0
20110711,24.65,24.65,24.235,24.335,59849,0
20110712,24.19,24.273,23.984,24.019,90096,0
20110713,24.281,24.587,24.209,24.326,37348,0
20110714,24.354,24.425,24.01,24.046,28901,0
20110715,24.245,24.308,24.083,24.163,34318,0
20110718,24.001,24.064,23.749,23.93,87564,0
20110719,24.155,24.398,24.155,24.379,65272,0
20110720,24.434,24.461,24.326,24.398,35987,0
20110721,24.488,24.785,24.452,24.696,93772,0
20110722,24.767,24.938,24.741,24.838,45939,0
20110725,24.65,24.838,24.613,24.75,101444,0
20110726,24.948,25.082,24.83,24.948,76383,0
20110727,24.812,24.812,24.461,24.524,104430,0
20110728,24.597,24.723,24.488,24.533,58287,0
20110729,24.317,24.686,24.281,24.587,193565,0
20110801,24.93,24.93,24.425,24.659,383284,0
20110802,24.369,24.469,23.93,23.93,248137,0
20110803,23.876,23.876,23.362,23.741,264594,0
20110804,23.092,23.19,22.461,22.497,315751,0
20110805,22.596,22.731,21.596,22.253,1112672,0
20110808,21.245,21.444,20.2,20.28,519185,0
20110809,20.623,21.218,20.146,21.218,379719,0
20110810,20.686,20.812,20.128,20.136,136081,0
20110811,20.614,21.371,20.407,21.227,162689,0
20110812,21.406,21.488,21.047,21.334,150979,0
20110815,21.794,22.011,21.767,21.947,100397,0
20110816,21.623,21.74,21.38,21.659,91301,0
20110817,21.74,21.938,21.596,21.74,76514,0
20110818,20.921,20.993,20.514,20.722,311910,0
20110819,20.487,21.056,20.468,20.468,312292,0
20110822,20.947,21.002,20.468,20.506,117401,0
20110823,20.74,21.325,20.569,21.325,138619,0
20110824,20.921,21.218,20.812,21.127,131502,0
20110825,21.262,21.262,20.712,20.794,83070,0
20110826,20.695,21.209,20.46,21.164,102444,0
20110829,21.578,21.894,21.452,21.875,80652,0
20110830,21.813,22.137,21.713,22.019,61626,0
20110831,22.29,22.436,22.134,22.306,76169,0
20110901,22.416,22.641,22.306,22.352,278698,0
20110902,21.797,21.852,21.524,21.67,153421,0
20110906,20.921,21.515,20.911,21.505,147954,0
20110907,21.813,22.154,21.785,22.109,74853,0
20110908,21.785,22.001,21.678,21.713,85865,0
20110909,21.434,21.434,20.893,20.965,120911,0
20110912,20.668,20.893,20.444,20.893,141003,0
20110913,20.921,20.956,20.695,20.875,168313,0
20110914,20.947,21.254,20.632,21.066,314981,0
20110915,21.28,21.362,21.066,21.316,72911,0
20110916,21.362,21.444,21.091,21.191,77566,0
20110919,20.668,20.767,20.415,20.695,61763,0
20110920,20.767,20.929,20.587,20.587,38057,0
20110921,20.478,20.543,19.767,19.794,326033,0
20110922,18.938,19.073,18.207,18.381,218682,0
20110923,18.47,18.93,18.398,18.767,155474,0
20110926,18.749,19.109,18.381,19.073,152910,0
20110927,19.606,20.045,19.606,19.677,88361,0
20110928,19.524,19.632,19.037,19.073,79486,0
20110929,19.56,19.624,19.073,19.317,44097,0
20110930,18.791,18.937,18.391,18.4,90390,0
20111003,18.146,18.415,17.848,17.848,99814,0
20111004,17.559,17.984,17.217,17.984,185491,0
20111005,17.785,18.461,17.758,18.434,97398,0
20111006,18.478,19.064,18.461,19.055,80948,0
20111007,19.172,19.172,18.64,18.749,94975,0
20111010,19.182,19.686,19.182,19.677,329589,0
20111011,19.397,19.839,19.371,19.712,85105,0
20111012,20.2,20.65,20.118,20.407,71741,0
20111013,20.28,20.28,19.865,20.163,141991,0
20111014,20.551,20.677,20.362,20.659,112766,0
20111017,20.245,20.415,19.865,19.911,57607,0
20111018,19.938,20.38,19.56,20.343,1100025,0
20111019,20.181,20.245,19.839,19.865,64942,0
20111020,19.75,19.856,19.308,19.614,165319,0
20111021,19.975,20.136,19.93,20.1,64598,0
20111024,20.362,21.164,20.343,21.056,131086,0
20111025,20.883,20.902,20.514,20.578,84819,0
20111026,21.127,21.289,20.712,21.235,155739,0
20111027,22.226,22.759,21.956,22.461,190801,0
20111028,22.163,22.443,22.047,22.343,931861,0
20111031,21.724,21.806,21.387,21.387,98541,0
20111101,20.677,21.172,20.587,21.01,70728,0
20111102,21.713,21.776,21.479,21.74,26919,0
20111103,21.911,22.146,21.632,22.082,51538,0
20111104,21.787,21.961,21.533,21.897,317638,0
20111107,21.894,22.109,21.758,22.056,52871,0
20111108,22.1,22.343,21.867,22.299,83213,0
20111109,21.569,21.641,20.937,20.993,411168,0
20111110,21.515,21.55,21.136,21.272,55004,0
20111111,21.623,21.84,21.578,21.713,63031,0
20111114,21.605,21.678,21.344,21.444,36737,0
20111115,21.479,21.84,21.362,21.686,177569,0
20111116,21.362,21.55,21.146,21.2,38769,0
20111117,21.181,21.2,20.434,20.551,70670,0
20111118,20.803,20.867,20.453,20.506,40841,0
20111121,19.984,19.992,19.596,19.847,432202,0
20111122,19.947,20.01,19.667,19.893,146682,0
20111123,19.606,19.632,19.271,19.334,112939,0
20111125,19.308,19.47,19.243,19.271,14287,0
20111128,20.002,20.109,19.865,20.082,107642,0
20111129,20.01,20.128,19.839,19.893,51763,0
20111130,20.731,21.085,20.731,21.041,180498,0
20111201,21.091,21.353,21.091,21.218,78593,0
20111202,21.451,21.487,21.141,21.187,62577,0
20111205,21.578,21.669,21.398,21.524,162229,0
20111206,21.214,21.223,20.914,21.06,109192,0
20111207,20.996,21.168,20.923,21.095,66864,0
20111208,20.923,20.931,20.367,20.422,55172,0
20111209,20.394,20.768,20.394,20.731,105049,0
20111212,20.227,20.227,19.731,19.921,128987,0
20111213,20.139,20.275,19.748,19.784,482427,0
20111214,19.739,19.821,19.519,19.574,102039,0
20111215,19.893,19.893,19.64,19.686,89766,0
20111216,19.784,19.875,19.621,19.693,52721,0
20111219,19.674,19.674,19.211,19.211,117233,0
20111220,19.776,20.093,19.766,20.031,246310,0
20111221,19.921,19.976,19.629,19.939,59960,0
20111222,19.994,20.194,19.994,20.184,162649,0
20111223,20.222,20.275,20.121,20.203,61481,0
20111227,20.176,20.194,20.066,20.167,299453,0
20111228,19.966,19.966,19.702,19.72,61890,0
20111229,19.793,19.865,19.702,19.856,224757,0
20111230,19.864,20.013,19.838,19.967,101127,0
20120103,20.512,20.795,20.512,20.695,84467,0
20120104,20.504,20.686,20.504,20.649,47726,0
20120105,20.577,20.677,20.412,20.595,78584,0
20120106,20.613,20.613,20.367,20.431,54687,0
20120109,20.686,20.777,20.604,20.759,304331,0
20120110,21.232,21.433,21.232,21.287,344467,0
20120111,21.241,21.369,21.177,21.359,320193,0
20120112,21.387,21.424,21.269,21.369,37690,0
20120113,21.232,21.232,21.032,21.206,38924,0
20120117,21.642,21.778,21.614,21.642,421689,0
20120118,21.742,22.189,21.733,22.17,225201,0
20120119,22.226,22.315,22.134,22.252,609714,0
20120120,22.115,22.226,22.024,22.189,263025,0
20120123,22.271,22.517,22.252,22.38,55561,0
20120124,22.29,22.444,22.144,22.398,88326,0
20120125,22.371,22.872,22.325,22.808,43988,0
20120126,22.944,22.999,22.663,22.689,37485,0
20120127,22.672,22.909,22.672,22.817,1073632,0
20120130,22.315,22.526,22.234,22.508,609798,0
20120131,22.753,22.817,22.42,22.605,120616,0
20120201,22.926,23.209,22.891,23.064,240786,0
20120202,23.153,23.283,23.091,23.153,175855,0
20120203,23.419,23.573,23.364,23.545,71720,0
20120206,23.172,23.3,23.109,23.291,111282,0
20120207,23.209,23.354,23.091,23.291,187609,0
20120208,23.364,23.51,23.364,23.501,42847,0
20120209,23.409,23.473,23.236,23.455,411353,0
20120210,22.991,22.991,22.771,22.962,55652,0
20120213,23.254,23.39,23.209,23.354,62010,0
20120214,23.3,23.354,23.091,23.19,92937,0
20120215,23.455,23.527,23.227,23.264,599087,0
20120216,23.245,23.646,23.199,23.646,79430,0
20120217,23.682,23.682,23.491,23.609,61351,0
20120221,23.592,23.592,23.39,23.446,128041,0
20120222,23.501,23.555,23.4,23.491,35082,0
20120223,23.545,23.555,23.354,23.501,222182,0
20120224,23.746,24.001,23.738,23.883,63501,0
20120227,23.609,23.855,23.537,23.755,58932,0
20120228,23.91,24.029,23.829,24.01,129578,0
20120229,24.085,24.169,23.799,23.835,50584,0
20120301,23.837,24.121,23.829,24.121,118038,0
20120302,24.074,24.211,24.037,24.202,724251,0
20120305,24.01,24.01,23.682,23.738,271440,0
20120306,23.081,23.081,22.543,22.744,233165,0
20120307,22.881,22.926,22.708,22.881,1157573,0
20120308,23.319,23.482,23.236,23.409,289687,0
20120309,23.537,23.609,23.446,23.473,114614,0
20120312,23.437,23.464,23.254,23.335,44313,0
20120313,23.52,23.965,23.51,23.965,71171,0
20120314,23.837,23.901,23.482,23.527,130190,0
20120315,23.692,23.692,23.501,23.618,50009,0
20120316,23.656,23.682,23.52,23.592,93589,0
20120319,23.419,23.473,23.218,23.335,224953,0
20120320,22.999,23.008,22.78,22.917,134272,0
20120321,22.881,23.027,22.771,22.972,163251,0
20120322,22.681,22.744,22.471,22.625,69448,0
20120323,22.672,22.808,22.526,22.78,101143,0
20120326,22.972,23.199,22.972,23.19,67116,0
20120327,23.199,23.209,23.027,23.036,51441,0
20120328,22.862,22.862,22.426,22.517,83468,0
20120329,22.271,22.352,22.007,22.325,62846,0
20120330,22.558,22.577,22.336,22.466,169716,0
20120402,22.436,22.826,22.389,22.717,104176,0
20120403,22.862,22.962,22.635,22.79,322077,0
20120404,22.362,22.444,22.234,22.325,43042,0
20120405,22.262,22.481,22.226,22.426,32595,0
20120409,22.098,22.234,22.034,22.134,64431,0
20120410,22.106,22.16,21.633,21.724,135376,0
20120411,22.125,22.125,21.961,21.97,121234,0
20120412,22.106,22.599,22.106,22.58,319629,0
20120413,22.489,22.489,22.179,22.334,345695,0
20120416,22.416,22.416,22.007,22.079,116221,0
20120417,22.144,22.29,22.043,22.234,31660,0
20120418,22.125,22.198,22.071,22.16,35290,0
20120419,22.334,22.407,22.106,22.234,206841,0
20120420,22.371,22.552,22.371,22.389,36619,0
20120423,21.997,21.997,21.661,21.906,78682,0
20120424,21.923,21.997,21.861,21.979,140665,0
20120425,22.015,22.015,21.797,21.952,182082,0
20120426,21.852,22.043,21.751,22.007,26478,0
20120427,22.079,22.144,21.97,22.106,43876,0
20120430,22.113,22.188,21.994,22.096,40080,0
20120501,22.071,22.436,22.071,22.252,39966,0
20120502,22.089,22.125,21.923,22.043,115293,0
20120503,22.034,22.043,21.778,21.861,856142,0
20120504,21.661,21.661,21.26,21.332,123841,0
20120507,21.251,21.296,21.114,21.269,32045,0
20120508,21.095,21.095,20.659,20.931,131193,0
20120509,20.595,20.659,20.358,20.531,102984,0
20120510,20.841,20.841,20.613,20.649,35428,0
20120511,20.494,20.703,20.441,20.466,50504,0
20120514,20.121,20.121,19.947,19.947,371775,0
20120515,19.994,20.121,19.784,19.847,67446,0
20120516,19.821,19.865,19.492,19.538,89530,0
20120517,19.356,19.356,18.919,18.919,121054,0
20120518,19.138,19.201,18.783,18.818,139081,0
20120521,19.046,19.401,19.027,19.393,182631,0
20120522,19.337,19.447,19.046,19.201,198776,0
20120523,18.919,19.001,18.618,19.001,91655,0
20120524,19.046,19.046,18.764,18.891,50202,0
20120525,18.891,18.974,18.837,18.872,31707,0
20120529,19.383,19.492,19.229,19.447,36769,0
20120530,19.1,19.1,18.928,19.046,35154,0
20120531,18.996,19.105,18.791,19.049,48410,0
20120601,18.661,18.791,18.56,18.606,54337,0
20120604,18.672,18.791,18.582,18.718,79155,0
20120605,18.689,18.827,18.68,18.782,39744,0
20120606,19.078,19.393,19.031,19.393,68292,0
20120607,19.809,20.004,19.504,19.578,107883,0
20120608,19.243,19.29,19.095,19.243,37604,0
20120611,19.629,19.693,19.1,19.138,108742,0
20120612,19.337,19.458,19.217,19.429,46065,0
20120613,19.356,19.55,19.282,19.346,116706,0
20120614,19.347,19.538,19.201,19.473,60461,0
20120615,19.763,19.864,19.689,19.864,61971,0
20120618,19.838,20.004,19.781,19.967,52351,0
20120619,20.059,20.365,20.041,20.29,46598,0
20120620,20.179,20.208,19.911,20.152,175080,0
20120621,19.939,19.939,19.226,19.29,93119,0
20120622,19.448,19.475,19.18,19.29,95031,0
20120625,19.068,19.068,18.764,18.864,47836,0
20120626,19.105,19.124,18.902,19.088,34085,0
20120627,19.263,19.328,19.18,19.29,38974,0
20120628,19.078,19.105,18.902,19.088,359096,0
20120629,19.706,20.013,19.633,20.013,66096,0
20120702,19.986,20.068,19.864,20.049,36866,0
20120703,20.198,20.541,20.188,20.541,46667,0
20120705,20.402,20.531,20.262,20.383,206946,0
20120706,20.041,20.041,19.901,20.022,49308,0
20120709,19.883,19.883,19.699,19.791,51967,0
20120710,19.976,20.032,19.484,19.531,29217,0
20120711,19.597,19.745,19.458,19.587,69113,0
20120712,19.282,19.375,19.105,19.337,46686,0
20120713,19.467,19.66,19.467,19.606,26267,0
20120716,19.568,19.625,19.438,19.55,34895,0
20120717,19.809,19.901,19.522,19.864,64322,0
20120718,19.66,19.93,19.66,19.873,28095,0
20120719,20.078,20.253,20.059,20.208,29686,0
20120720,20.032,20.078,19.883,19.93,31670,0
20120723,19.365,19.438,19.134,19.384,33742,0
20120724,19.494,19.494,19.115,19.272,44427,0
20120725,19.531,19.531,19.282,19.328,41855,0
20120726,19.699,19.838,19.597,19.773,67392,0
20120727,20.022,20.522,19.976,20.475,92657,0
20120730,20.383,20.457,20.262,20.411,68783,0
20120731,20.392,20.504,20.208,20.208,51139,0
20120801,20.392,20.392,20.188,20.226,36187,0
20120802,19.957,20.198,19.883,19.967,26853,0
20120803,20.42,20.643,20.42,20.568,117277,0
20120806,20.735,21.013,20.697,20.901,117317,0
20120807,20.947,21.152,20.947,21.013,60332,0
20120808,20.994,21.198,20.994,21.095,10813,0
20120809,21.105,21.234,21.04,21.095,28489,0
20120810,20.976,21.142,20.855,21.133,22015,0
20120813,21.031,21.095,20.865,21.031,155405,0
20120814,21.114,21.169,20.966,21.022,37399,0
20120815,20.901,21.003,20.892,20.966,23986,0
20120816,20.929,21.105,20.882,21.085,20579,0
20120817,21.022,21.123,20.92,21.05,59462,0
20120820,20.92,20.966,20.689,20.957,83626,0
20120821,21.003,21.105,20.763,20.79,59160,0
20120822,20.67,20.865,20.643,20.837,28376,0
20120823,20.837,20.837,20.587,20.633,30752,0
20120824,20.558,20.725,20.466,20.661,71819,0
20120827,20.522,20.55,20.43,20.457,66596,0
20120828,20.475,20.531,20.411,20.512,34509,0
20120829,20.55,20.55,20.29,20.346,52859,0
20120830,20.161,20.161,20.068,20.086,35669,0
20120831,20.236,20.281,20.068,20.208,50957,0
20120904,20.226,20.226,20.032,20.049,41881,0
20120905,20.022,20.022,19.883,19.957,70544,0
20120906,20.095,20.475,20.095,20.439,48875,0
20120907,20.763,21.003,20.763,20.947,73163,0
20120910,20.753,20.865,20.624,20.633,58733,0
20120911,20.716,20.901,20.716,20.873,31722,0
20120912,20.976,21.013,20.873,20.947,35689,0
20120913,20.882,21.596,20.837,21.568,190410,0
20120914,21.892,22.317,21.892,22.068,209194,0
20120917,22.003,22.003,21.753,21.809,327226,0
20120918,21.725,21.799,21.661,21.696,34037,0
20120919,21.661,21.753,21.614,21.661,33757,0
20120920,21.522,21.577,21.392,21.54,29755,0
20120921,21.689,21.696,21.558,21.577,210479,0
20120924,21.502,21.614,21.429,21.568,21668,0
20120925,21.568,21.568,21.133,21.152,174087,0
20120926,21.105,21.105,20.837,20.947,148351,0
20120927,21.234,21.383,21.133,21.364,100526,0
20120928,21.216,21.307,21.105,21.198,42942,0
20121001,21.336,21.577,21.336,21.439,312023,0
20121002,21.502,21.522,21.336,21.42,52865,0
20121003,21.42,21.42,21.281,21.355,35262,0
20121004,21.307,21.476,21.226,21.466,23504,0
20121005,21.642,21.696,21.457,21.466,24319,0
20121008,21.3,21.392,21.244,21.355,79524,0
20121009,21.439,21.439,21.142,21.169,28618,0
20121010,21.281,21.281,21.095,21.123,36516,0
20121011,21.448,21.512,21.42,21.42,28071,0
20121012,21.355,21.448,21.3,21.383,22201,0
20121015,21.439,21.568,21.355,21.548,23296,0
20121016,21.642,21.763,21.623,21.706,36737,0
20121017,21.809,22.012,21.743,21.901,23379,0
20121018,21.892,22.06,21.837,21.892,27689,0
20121019,21.873,21.873,21.605,21.642,42035,0
20121022,21.911,21.966,21.771,21.928,51721,0
20121023,21.494,21.548,21.383,21.484,41506,0
20121024,21.716,21.716,21.522,21.531,124214,0
20121025,21.79,21.818,21.623,21.771,52518,0
20121026,21.558,21.596,21.457,21.512,98109,0
20121031,21.502,21.587,21.29,21.392,103196,0
20121101,21.596,21.753,21.502,21.734,43709,0
20121102,21.837,21.837,21.577,21.614,57532,0
20121105,21.614,21.689,21.548,21.661,37458,0
20121106,21.706,21.901,21.689,21.865,30924,0
20121107,21.558,21.577,21.272,21.364,205966,0
20121108,21.208,21.346,20.947,20.957,39087,0
20121109,20.855,21.105,20.855,20.985,51522,0
20121112,21.022,21.085,20.957,21.022,83064,0
20121113,20.643,20.772,20.568,20.624,46219,0
20121114,20.697,20.697,20.365,20.365,34436,0
20121115,20.411,20.522,20.336,20.43,148382,0
20121116,20.512,20.512,20.3,20.494,92907,0
20121119,20.725,20.882,20.725,20.882,29539,0
20121120,20.744,20.809,20.643,20.809,475954,0
20121121,20.929,21.013,20.865,20.985,62931,0
20121123,21.208,21.355,21.208,21.336,29178,0
20121126,21.281,21.281,21.133,21.281,68886,0
20121127,21.152,21.179,20.957,20.994,54563,0
20121128,20.809,20.994,20.697,20.994,68591,0
20121129,21.095,21.179,21.013,21.123,65229,0
20121130,21.307,21.317,21.169,21.3,42524,0
20121203,21.383,21.383,21.179,21.188,30504,0
20121204,21.364,21.383,21.198,21.216,81795,0
20121205,21.568,21.79,21.531,21.642,58914,0
20121206,21.587,21.716,21.548,21.696,132651,0
20121207,21.743,21.79,21.651,21.763,78452,0
20121210,21.827,22.003,21.827,21.947,37044,0
20121211,21.966,22.068,21.901,21.994,34852,0
20121212,22.169,22.3,22.096,22.123,249882,0
20121213,22.012,22.113,21.901,21.957,188486,0
20121214,22.123,22.206,22.06,22.169,45181,0
20121217,22.142,22.206,22.077,22.206,31502,0
20121218,22.133,22.41,22.113,22.41,45835,0
20121219,22.429,22.503,22.4,22.41,85536,0
20121220,22.503,22.623,22.448,22.623,38466,0
20121221,22.208,22.385,22.208,22.338,135724,0
20121224,22.283,22.302,22.077,22.264,21401,0
20121226,22.441,22.553,22.423,22.469,147854,0
20121227,22.441,22.488,22.254,22.451,70520,0
20121228,22.376,22.498,22.329,22.423,55753,0
20121231,22.516,22.806,22.469,22.796,88331,0
20130102,23.264,23.423,23.264,23.423,337463,0
20130103,23.347,23.59,23.283,23.45,153487,0
20130104,23.357,23.45,23.273,23.45,100575,0
20130107,23.217,23.236,23.142,23.217,98561,0
20130108,23.049,23.076,22.871,22.926,92677,0
20130109,23.02,23.124,23.02,23.068,109080,0
20130110,23.226,23.357,23.096,23.357,557536,0
20130111,23.292,23.292,23.207,23.283,56454,0
20130114,23.431,23.45,23.32,23.375,43053,0
20130115,23.337,23.337,23.217,23.3,40278,0
20130116,23.179,23.264,23.142,23.226,252597,0
20130117,23.357,23.469,23.33,23.413,124904,0
20130118,23.525,23.525,23.431,23.517,228873,0
20130122,23.46,23.534,23.413,23.534,204169,0
20130123,23.488,23.534,23.441,23.488,45700,0
20130124,23.478,23.637,23.431,23.507,66783,0
20130125,23.441,23.543,23.375,23.45,318426,0
20130128,23.478,23.517,23.357,23.393,526434,0
20130129,23.384,23.534,23.337,23.497,306863,0
20130130,23.423,23.46,23.375,23.423,167860,0
20130131,23.413,23.478,23.347,23.441,170378,0
20130201,23.497,23.6,23.441,23.562,40806,0
20130204,23.254,23.264,23.03,23.058,163076,0
20130205,23.086,23.086,22.9,22.983,102166,0
20130206,22.777,22.861,22.74,22.852,215868,0
20130207,22.767,22.777,22.479,22.609,62634,0
20130208,22.637,22.75,22.637,22.75,163917,0
20130211,22.75,22.75,22.619,22.647,34113,0
20130212,22.675,22.786,22.627,22.703,64707,0
20130213,22.843,22.9,22.806,22.861,27609,0
20130214,22.759,22.834,22.73,22.815,26119,0
20130215,22.786,22.824,22.721,22.767,53503,0
20130219,22.713,22.777,22.693,22.73,68832,0
20130220,22.73,22.73,22.394,22.394,37433,0
20130221,22.208,22.254,22.012,22.133,84306,0
20130222,22.245,22.293,22.133,22.293,84718,0
20130225,22.394,22.498,21.946,21.955,83489,0
20130226,21.965,22.077,21.825,22.059,32982,0
20130227,22.012,22.226,21.955,22.17,144487,0
20130228,22.239,22.343,22.191,22.191,72615,0
20130301,21.946,22.105,21.918,22.086,119605,0
20130304,21.806,21.89,21.75,21.89,85147,0
20130305,22.077,22.179,22.002,22.096,109338,0
20130306,22.264,22.347,22.226,22.329,80284,0
20130307,22.338,22.451,22.329,22.433,100706,0
20130308,22.703,22.815,22.627,22.767,118288,0
20130311,22.647,22.657,22.507,22.581,106955,0
20130312,22.469,22.488,22.245,22.309,66972,0
20130313,22.17,22.17,22.04,22.049,70966,0
20130314,22.151,22.245,22.133,22.189,74126,0
20130315,22.086,22.113,22.002,22.068,26334,0
20130318,21.722,21.844,21.629,21.74,43800,0
20130319,21.637,21.666,21.309,21.479,91077,0
20130320,21.73,21.806,21.702,21.777,81171,0
20130321,21.637,21.702,21.535,21.535,36111,0
20130322,21.582,21.582,21.47,21.516,80005,0
20130325,21.563,21.647,21.302,21.404,65044,0
20130326,21.488,21.647,21.488,21.629,104161,0
20130327,21.47,21.693,21.442,21.693,179158,0
20130328,21.572,21.73,21.572,21.693,59667,0
20130401,21.637,21.657,21.413,21.47,32175,0
20130402,21.553,21.582,21.451,21.461,93669,0
20130403,21.433,21.442,21.095,21.152,88184,0
20130404,21.217,21.236,21.077,21.217,52705,0
20130405,20.75,21.161,20.702,21.123,83842,0
20130408,21.012,21.133,20.956,21.115,135807,0
20130409,21.199,21.497,21.161,21.395,110251,0
20130410,21.461,21.702,21.461,21.591,46302,0
20130411,21.488,21.526,21.413,21.461,117229,0
20130412,21.152,21.246,21.05,21.18,44638,0
20130415,20.806,20.816,20.498,20.507,73226,0
20130416,20.826,20.862,20.685,20.853,35155,0
20130417,20.544,20.544,20.254,20.386,131452,0
20130418,20.536,20.536,20.302,20.443,101335,0
20130419,20.732,20.844,20.702,20.826,39385,0
20130422,20.853,20.853,20.675,20.835,90863,0
20130423,20.712,20.965,20.694,20.919,81787,0
20130424,21.059,21.255,21.03,21.209,23344,0
20130425,21.309,21.526,21.309,21.404,55155,0
20130426,21.292,21.329,21.123,21.227,79143,0
20130429,21.376,21.479,21.309,21.451,34800,0
20130430,21.464,21.779,21.446,21.761,22708,0
20130501,21.666,21.676,21.423,21.433,74939,0
20130502,21.535,21.693,21.497,21.657,439263,0
20130503,21.825,22.002,21.768,21.881,80609,0
20130506,21.816,21.918,21.806,21.89,35225,0
20130507,22.105,22.254,22.068,22.208,50644,0
20130508,22.273,22.403,22.254,22.367,126370,0
20130509,22.245,22.302,22.113,22.16,82519,0
20130510,22.17,22.226,22.123,22.208,63367,0
20130513,22.068,22.068,21.918,21.965,35386,0
20130514,21.918,22.04,21.909,21.965,55710,0
20130515,21.965,22.049,21.899,22.012,31147,0
20130516,21.926,21.993,21.806,21.834,537985,0
20130517,21.984,22.077,21.984,22.068,65230,0
20130520,22.189,22.319,22.17,22.293,36936,0
20130521,22.226,22.338,22.123,22.273,52879,0
20130522,22.273,22.479,21.926,21.993,65987,0
20130523,21.535,21.76,21.433,21.74,88183,0
20130524,21.543,21.553,21.413,21.543,47362,0
20130528,21.844,21.862,21.657,21.693,52360,0
20130529,21.446,21.474,21.234,21.302,35848,0
20130530,21.282,21.516,21.246,21.404,55106,0
20130531,21.157,21.176,20.88,20.889,60711,0
20130603,21.04,21.189,20.984,21.161,39242,0
20130604,21.11,21.138,20.823,20.928,62539,0
20130605,20.861,20.899,20.554,20.564,69221,0
20130606,20.477,20.775,20.458,20.775,62776,0
20130607,20.603,20.766,20.536,20.679,33194,0
20130610,20.544,20.544,20.395,20.46,42990,0
20130611,20.067,20.181,19.971,20.057,89182,0
20130612,20.133,20.153,19.816,19.891,78134,0
20130613,19.77,20.161,19.722,20.124,315178,0
20130614,20.047,20.077,19.77,19.838,84795,0
20130617,20.105,20.209,19.937,20.078,162454,0
20130618,19.99,20.077,19.971,20.057,53466,0
20130619,19.828,19.914,19.472,19.492,87807,0
20130620,19.081,19.081,18.593,18.727,145393,0
20130621,19.043,19.148,18.737,19.023,195833,0
20130624,18.63,18.812,18.374,18.65,84101,0
20130625,18.966,19.014,18.737,18.956,81742,0
20130626,19.225,19.369,19.177,19.329,88366,0
20130627,19.425,19.589,19.417,19.512,180236,0
20130628,19.444,19.684,19.425,19.598,58876,0
20130701,19.684,19.752,19.56,19.608,22477,0
20130702,19.512,19.626,19.119,19.234,41325,0
20130703,19.072,19.262,18.996,19.148,24228,0
20130705,19.234,19.329,19.072,19.234,84102,0
20130708,19.225,19.388,19.225,19.243,47259,0
20130709,19.378,19.454,19.311,19.425,37291,0
20130710,19.359,19.454,19.282,19.349,163412,0
20130711,19.924,20.268,19.914,20.268,89980,0
20130712,20.143,20.143,19.971,20.047,52576,0
20130715,20.133,20.344,20.124,20.315,29918,0
20130716,20.402,20.421,20.239,20.373,31920,0
20130717,20.594,20.66,20.594,20.66,26403,0
20130718,20.526,20.65,20.506,20.545,53709,0
20130719,20.584,20.65,20.516,20.564,45194,0
20130722,20.487,20.689,20.45,20.641,33956,0
20130723,20.937,21.004,20.87,20.928,119612,0
20130724,20.861,20.87,20.594,20.707,39936,0
20130725,20.737,20.919,20.717,20.909,40567,0
20130726,20.823,20.957,20.65,20.937,311583,0
20130729,20.746,20.793,20.689,20.727,28164,0
20130730,20.793,20.813,20.594,20.65,39079,0
20130731,20.574,20.766,20.506,20.584,83705,0
20130801,20.813,20.995,20.813,20.928,35068,0
20130802,20.803,20.995,20.803,20.937,33498,0
20130805,20.813,20.813,20.66,20.707,37431,0
20130806,20.594,20.621,20.421,20.45,47445,0
20130807,20.277,20.383,20.249,20.268,103766,0
20130808,20.431,20.669,20.334,20.66,17701,0
20130809,20.641,20.842,20.621,20.756,27967,0
20130812,20.995,21.148,20.995,21.063,29653,0
20130813,21.263,21.378,21.206,21.349,55687,0
20130814,21.349,21.426,21.339,21.339,21841,0
20130815,21.157,21.225,21.004,21.176,35792,0
20130816,21.148,21.148,20.937,20.937,196838,0
20130819,20.985,21.014,20.813,20.813,40015,0
20130820,20.689,20.823,20.631,20.697,35859,0
20130821,20.545,20.545,20.268,20.324,120094,0
20130822,20.65,20.803,20.603,20.775,59037,0
20130823,20.775,20.966,20.707,20.928,48131,0
20130826,20.928,20.966,20.756,20.756,61720,0
20130827,20.506,20.545,20.392,20.412,50194,0
20130828,20.344,20.613,20.324,20.458,67631,0
20130829,20.506,20.689,20.458,20.477,53905,0
20130830,20.594,20.594,20.383,20.477,15426,0
20130903,20.88,20.957,20.756,20.813,64284,0
20130904,20.919,21.09,20.889,21.043,38532,0
20130905,21.225,21.569,21.225,21.511,74627,0
20130906,21.846,21.856,21.589,21.751,118580,0
20130909,21.932,22.325,21.932,22.315,115323,0
20130910,22.488,22.526,22.343,22.488,23106,0
20130911,22.382,22.507,22.325,22.45,68023,0
20130912,22.469,22.469,22.22,22.239,29014,0
20130913,22.191,22.431,22.191,22.382,280494,0
20130916,22.89,22.89,22.583,22.631,126413,0
20130917,22.583,22.698,22.583,22.661,50338,0
20130918,22.583,23.331,22.507,23.311,349232,0
20130919,23.311,23.311,23.052,23.187,33452,0
20130920,23.167,23.205,22.842,22.842,178860,0
20130923,22.918,23.023,22.851,22.976,26889,0
20130924,22.804,22.909,22.717,22.794,35271,0
20130925,22.794,22.823,22.679,22.688,62856,0
20130926,22.717,22.774,22.651,22.736,70241,0
20130927,22.603,22.661,22.564,22.631,45212,0
20130930,22.297,22.421,22.201,22.343,80381,0
20131001,22.44,22.603,22.373,22.603,320558,0
20131002,22.526,22.651,22.411,22.622,58852,0
20131003,22.671,22.765,22.45,22.583,28413,0
20131004,22.688,22.87,22.661,22.851,611351,0
20131007,22.671,22.813,22.612,22.698,122000,0
20131008,22.947,22.947,22.574,22.574,72943,0
20131009,22.756,22.774,22.507,22.736,65668,0
20131010,22.956,23.1,22.89,23.091,190272,0
20131011,23.11,23.187,23.023,23.187,251945,0
20131014,23.071,23.386,22.966,23.349,96332,0
20131015,23.311,23.331,23.12,23.167,242615,0
20131016,23.321,23.386,23.205,23.292,165938,0
20131017,23.147,23.331,23.052,23.331,97882,0
20131018,23.513,23.539,23.406,23.464,80908,0
20131021,23.464,23.503,23.368,23.454,68239,0
20131022,23.445,23.616,23.425,23.464,44835,0
20131023,23.11,23.12,22.804,22.804,170557,0
20131024,22.861,22.861,22.641,22.736,74946,0
20131025,22.756,22.823,22.717,22.813,80493,0
20131028,22.89,22.937,22.794,22.89,43417,0
20131029,22.966,23.043,22.927,23.004,499536,0
20131030,23.147,23.243,23.023,23.12,73622,0
20131031,23.139,23.224,23.004,23.014,101679,0
20131101,23.12,23.157,22.927,23.071,61300,0
20131104,23.062,23.147,23.062,23.1,41745,0
20131105,22.89,22.89,22.661,22.717,62209,0
20131106,22.736,22.813,22.688,22.717,35866,0
20131107,22.698,22.698,22.315,22.343,68246,0
20131108,22.181,22.363,22.096,22.343,69690,0
20131111,22.411,22.469,22.334,22.373,24918,0
20131112,22.306,22.353,22.105,22.181,42348,0
20131113,21.952,22.153,21.819,22.134,100000,0
20131114,22.268,22.498,22.171,22.45,54106,0
20131115,22.736,23.11,22.736,22.995,56119,0
20131118,23.473,23.646,23.386,23.435,20773,0
20131119,23.522,23.522,23.253,23.283,12774,0
20131120,23.253,23.368,23.033,23.033,27105,0
20131121,22.966,23.091,22.927,23.052,26820,0
20131122,23.081,23.263,23.081,23.215,17541,0
20131125,23.139,23.139,22.813,22.823,42311,0
20131126,22.774,22.927,22.688,22.88,36692,0
20131127,22.9,23.081,22.87,23.043,57846,0
20131129,22.976,23.139,22.976,23.1,12412,0
20131202,23.004,23.014,22.746,22.765,50563,0
20131203,22.622,22.688,22.431,22.622,35311,0
20131204,22.574,22.679,22.411,22.603,132674,0
20131205,22.554,22.651,22.498,22.516,23365,0
20131206,22.966,23.081,22.87,22.995,206078,0
20131209,23.004,23.147,22.995,23.071,19910,0
20131210,22.861,23.1,22.861,23.043,36027,0
20131211,22.87,22.87,22.411,22.45,44861,0
20131212,22.315,22.343,22.21,22.268,119550,0
20131213,22.534,22.534,22.297,22.353,37109,0
20131216,22.373,22.612,22.373,22.44,65525,0
20131217,22.343,22.373,22.248,22.258,17796,0
20131218,22.382,22.756,22.258,22.661,72417,0
20131219,22.258,22.44,22.21,22.343,124377,0
20131220,22.248,22.374,22.21,22.229,198446,0
20131223,22.278,22.451,22.278,22.364,53572,0
20131224,22.432,22.566,22.432,22.509,31455,0
20131226,22.47,22.47,22.392,22.412,32434,0
20131227,22.489,22.663,22.489,22.663,85508,0
20131230,22.653,22.701,22.605,22.663,105696,0
20131231,22.663,22.826,22.653,22.826,19792,0
20140102,22.509,22.546,22.248,22.258,91139,0
20140103,22.239,22.239,21.998,22.008,87107,0
20140106,21.835,21.873,21.786,21.806,53792,0
20140107,21.806,21.912,21.748,21.806,139737,0
20140108,21.864,21.998,21.844,21.893,91525,0
20140109,21.893,21.893,21.517,21.604,46243,0
20140110,21.738,22.008,21.738,21.96,100719,0
20140113,21.883,21.93,21.594,21.633,91897,0
20140114,21.709,21.893,21.662,21.893,29187,0
20140115,21.95,21.979,21.873,21.902,181319,0
20140116,21.864,21.902,21.738,21.767,193114,0
20140117,21.796,21.796,21.662,21.729,83220,0
20140121,21.786,21.825,21.604,21.738,89608,0
20140122,21.854,22.017,21.825,22.008,37761,0
20140123,21.633,21.633,21.2,21.296,56562,0
20140124,21.066,21.066,20.718,20.718,180552,0
20140127,20.757,20.863,20.487,20.651,271068,0
20140128,20.728,20.872,20.728,20.767,49450,0
20140129,20.594,20.757,20.45,20.554,143833,0
20140130,20.835,20.844,20.69,20.728,64407,0
20140131,20.477,20.738,20.401,20.613,60024,0
20140203,20.487,20.506,19.997,20.007,71478,0
20140204,20.199,20.477,20.199,20.42,115475,0
20140205,20.295,20.391,20.199,20.363,516282,0
20140206,20.401,20.757,20.401,20.728,735637,0
20140207,20.825,20.921,20.708,20.863,736571,0
20140210,20.825,20.825,20.603,20.708,508469,0
20140211,20.882,21.229,20.882,21.2,142546,0
20140212,21.306,21.411,21.122,21.152,103520,0
20140213,20.805,21.21,20.767,21.2,173240,0
20140214,21.238,21.497,21.238,21.45,201602,0
20140218,21.45,21.545,21.431,21.441,88369,0
20140219,21.267,21.441,21.267,21.334,157023,0
20140220,21.306,21.411,21.17,21.373,53515,0
20140221,21.497,21.537,21.45,21.488,38711,0
20140224,21.431,21.585,21.431,21.441,199123,0
20140225,21.286,21.334,21.113,21.132,61520,0
20140226,21.21,21.296,21.103,21.132,41896,0
20140227,21.353,21.585,21.344,21.545,81372,0
20140228,21.537,21.555,21.17,21.306,206288,0
20140303,20.69,20.767,20.45,20.661,107527,0
20140304,21.093,21.2,21.017,21.093,92259,0
20140305,20.978,21.093,20.949,21.083,29986,0
20140306,21.046,21.363,21.046,21.258,44050,0
20140307,21.18,21.219,20.93,21.056,53622,0
20140310,20.805,20.825,20.603,20.825,31894,0
20140311,20.786,20.844,20.43,20.477,27319,0
20140312,20.314,20.363,20.219,20.363,42794,0
20140313,20.314,20.333,19.727,19.834,51108,0
20140314,19.824,19.997,19.824,19.91,53454,0
20140317,19.939,20.131,19.881,20.064,181861,0
20140318,20.189,20.554,20.189,20.487,26847,0
20140319,20.353,20.458,20.179,20.209,78292,0
20140320,20.036,20.228,19.978,20.092,74303,0
20140321,20.256,20.574,20.256,20.343,28119,0
20140324,20.564,20.632,20.467,20.603,20006,0
20140325,20.708,20.891,20.708,20.795,72997,0
20140326,21.036,21.074,20.815,20.815,44684,0
20140327,20.767,20.988,20.767,20.969,17307,0
20140328,21.122,21.383,21.122,21.122,55007,0
20140331,21.296,21.497,21.296,21.401,70695,0
20140401,21.479,21.642,21.479,21.614,49917,0
20140402,21.488,21.729,21.488,21.699,75594,0
20140403,21.623,21.623,21.334,21.507,50204,0
20140404,21.777,21.883,21.411,21.411,65303,0
20140407,21.363,21.497,21.334,21.431,30684,0
20140408,21.796,21.893,21.662,21.682,16522,0
20140409,21.767,21.94,21.614,21.902,89068,0
20140410,22.008,22.095,21.719,21.738,13829,0
20140411,21.497,21.699,21.497,21.682,15601,0
20140414,21.699,21.729,21.507,21.614,43438,0
20140415,21.277,21.421,20.853,21.113,78900,0
20140416,21.306,21.411,21.238,21.353,26691,0
20140417,21.363,21.758,21.306,21.748,21203,0
20140421,21.594,21.594,21.441,21.517,13938,0
20140422,21.441,21.585,21.441,21.488,23008,0
20140423,21.353,21.373,21.238,21.306,21450,0
20140424,21.248,21.277,21.066,21.248,44594,0
20140425,20.988,21.007,20.863,20.969,92792,0
20140428,20.998,21.083,20.844,21.056,49200,0
20140429,21.19,21.411,21.19,21.277,25288,0
20140430,20.988,21.046,20.949,21.036,16831,0
20140501,21.103,21.142,20.998,21.074,14942,0
20140502,21.083,21.306,21.056,21.2,35871,0
20140505,21.007,21.113,20.978,21.113,15621,0
20140506,21.113,21.373,21.113,21.258,60598,0
20140507,21.248,21.392,21.229,21.373,191448,0
20140508,21.411,21.545,21.363,21.383,35704,0
20140509,21.431,21.537,21.401,21.469,39703,0
20140512,21.806,21.94,21.806,21.92,27880,0
20140513,22.037,22.037,21.902,21.95,14091,0
20140514,22.095,22.239,22.095,22.181,106703,0
20140515,22.161,22.21,21.93,22.017,34287,0
20140516,22.104,22.239,22.066,22.229,19221,0
20140519,22.21,22.306,22.191,22.288,11163,0
20140520,22.278,22.441,22.171,22.268,27136,0
20140521,22.441,22.528,22.432,22.48,19672,0
20140522,22.518,22.576,22.489,22.528,29222,0
20140523,22.546,22.614,22.499,22.518,84644,0
20140527,22.412,22.47,22.288,22.344,51731,0
20140528,22.441,22.536,22.383,22.451,16203,0
20140529,22.47,22.499,22.441,22.451,8460,0
20140530,22.412,22.412,22.268,22.268,23204,0
20140602,22.432,22.48,22.374,22.383,29682,0
20140603,22.412,22.576,22.402,22.556,22474,0
20140604,22.392,22.432,22.383,22.402,10323,0
20140605,22.566,22.605,22.48,22.528,17063,0
20140606,22.826,22.864,22.711,22.845,503219,0
20140609,23.096,23.143,22.931,23.115,274164,0
20140610,23.239,23.249,23.125,23.239,69238,0
20140611,23.269,23.335,23.211,23.297,39907,0
20140612,23.297,23.297,23.048,23.067,234684,0
20140613,23.182,23.345,23.182,23.345,92582,0
20140616,23.335,23.335,23.125,23.211,53246,0
20140617,23.152,23.152,23.048,23.134,163630,0
20140618,23.23,23.48,23.096,23.461,54767,0
20140619,23.374,23.374,23.172,23.259,15967,0
20140620,23.34,23.34,23.194,23.263,48449,0
20140623,23.165,23.175,23.019,23.127,39540,0
20140624,23.214,23.428,23.145,23.165,44961,0
20140625,23.194,23.224,23.058,23.107,66057,0
20140626,23.224,23.283,23.165,23.263,22492,0
20140627,23.312,23.34,23.185,23.283,17762,0
20140630,23.292,23.292,23.145,23.145,31528,0
20140701,23.263,23.438,23.263,23.36,35215,0
20140702,23.574,23.653,23.536,23.594,139961,0
20140703,23.643,23.779,23.614,23.769,29534,0
20140707,23.682,23.702,23.633,23.672,43336,0
20140708,23.731,23.731,23.438,23.497,21190,0
20140709,23.536,23.633,23.468,23.574,44786,0
20140710,23.302,23.477,23.117,23.468,44274,0
20140711,23.419,23.526,23.379,23.517,37941,0
20140714,23.555,23.702,23.555,23.672,17488,0
20140715,23.682,23.711,23.545,23.672,206139,0
20140716,23.75,23.828,23.75,23.769,13894,0
20140717,23.497,23.517,23.127,23.175,75914,0
20140718,23.448,23.682,23.448,23.662,17691,0
20140721,23.332,23.643,23.332,23.584,34693,0
20140722,24.247,24.247,23.916,23.964,30241,0
20140723,24.052,24.101,24.003,24.062,46472,0
20140724,24.169,24.345,24.121,24.247,64342,0
20140725,24.198,24.306,24.178,24.276,407737,0
20140728,24.276,24.461,24.237,24.461,174784,0
20140729,24.442,24.481,24.227,24.227,346040,0
20140730,24.383,24.491,24.15,24.257,25105,0
20140731,24.169,24.169,23.818,23.867,63811,0
20140801,23.896,24.091,23.75,23.945,601793,0
20140804,24.072,24.257,23.964,24.208,38011,0
20140805,23.993,24.042,23.789,23.848,58093,0
20140806,23.702,23.896,23.662,23.741,184171,0
20140807,23.741,23.789,23.487,23.584,60090,0
20140808,23.741,23.945,23.702,23.926,99093,0
20140811,24.091,24.306,24.072,24.257,108192,0
20140812,24.101,24.227,24.091,24.169,133165,0
20140813,24.491,24.52,24.296,24.355,47584,0
20140814,24.296,24.364,24.276,24.335,17173,0
20140815,24.54,24.607,24.286,24.452,96943,0
20140818,24.676,24.744,24.617,24.735,11829,0
20140819,24.764,24.959,24.764,24.92,169725,0
20140820,24.871,24.959,24.822,24.861,106636,0
20140821,24.861,24.871,24.744,24.754,22575,0
20140822,24.851,24.851,24.598,24.627,159348,0
20140825,24.871,24.92,24.802,24.91,117096,0
20140826,24.9,25.007,24.89,25.007,59126,0
20140827,24.93,24.987,24.89,24.987,26244,0
20140828,24.627,24.647,24.54,24.647,60238,0
20140829,24.696,24.696,24.53,24.588,51812,0
20140902,24.52,24.705,24.501,24.676,94521,0
20140903,25.455,25.573,25.319,25.436,115855,0
20140904,25.378,25.534,25.212,25.221,89773,0
20140905,25.368,25.524,25.309,25.524,89095,0
20140908,25.465,25.485,25.173,25.183,62121,0
20140909,25.085,25.105,24.832,24.89,41813,0
20140910,24.559,24.676,24.501,24.676,20321,0
20140911,24.413,24.53,24.413,24.491,20168,0
20140912,24.296,24.316,24.121,24.218,32296,0
20140915,24.052,24.072,23.857,23.945,71234,0
20140916,23.954,24.54,23.954,24.296,336959,0
20140917,24.335,24.383,24.15,24.159,13458,0
20140918,24.159,24.159,24.072,24.082,27265,0
20140919,24.072,24.121,23.789,23.877,178089,0
20140922,23.536,23.574,23.253,23.332,76729,0
20140923,23.322,23.517,23.283,23.34,457470,0
20140924,23.555,23.808,23.507,23.759,35200,0
20140925,23.487,23.487,23.155,23.204,22757,0
20140926,23.136,23.468,23.136,23.419,36094,0
20140929,22.785,22.863,22.649,22.717,34627,0
20140930,22.629,22.649,22.551,22.61,108416,0
20141001,22.493,22.522,22.074,22.094,59545,0
20141002,22.171,22.249,21.742,22.201,57670,0
20141003,22.366,22.561,22.327,22.493,218704,0
20141006,23.185,23.234,22.785,23.058,127193,0
20141007,23.097,23.175,22.912,22.912,44792,0
20141008,23,23.214,22.698,23.175,53520,0
20141009,23.155,23.155,22.834,22.903,34197,0
20141010,22.669,22.717,22.346,22.346,46925,0
20141013,22.844,23.068,22.736,22.746,36811,0
20141014,22.766,23.039,22.659,22.854,158682,0
20141015,22.464,22.61,22.112,22.59,36692,0
20141016,21.976,22.551,21.927,22.307,79779,0
20141017,22.59,22.893,22.59,22.688,43322,0
20141020,22.522,22.58,22.454,22.561,20448,0
20141021,22.522,22.61,22.405,22.512,28009,0
20141022,22.6,22.61,22.337,22.376,36414,0
20141023,22.376,22.474,22.24,22.24,39864,0
20141024,22.346,22.678,22.346,22.58,15823,0
20141027,21.996,22.191,21.927,22.191,36198,0
20141028,22.59,22.824,22.541,22.814,12375,0
20141029,22.941,22.99,22.736,22.746,153592,0
20141030,23.078,23.36,22.96,23.263,151884,0
20141031,23.389,23.517,23.37,23.468,24329,0
20141103,23.332,23.409,23.165,23.234,198764,0
20141104,23.234,23.292,23.117,23.273,17388,0
20141105,23.204,23.224,23.127,23.165,18650,0
20141106,23.039,23.039,22.775,22.805,158392,0
20141107,22.746,22.854,22.659,22.824,33043,0
20141110,23.127,23.127,22.951,22.96,12264,0
20141111,22.873,22.98,22.814,22.96,22079,0
20141112,22.99,23.145,22.951,22.99,49482,0
20141113,23.117,23.117,22.717,22.775,16564,0
20141114,22.854,23.078,22.834,23.068,7883,0
20141117,22.785,22.785,22.59,22.62,24634,0
20141118,22.58,22.659,22.522,22.62,13268,0
20141119,22.58,22.659,22.512,22.659,12438,0
20141120,22.688,22.795,22.61,22.678,9774,0
20141121,23.292,23.584,23.292,23.526,73071,0
20141124,23.545,23.623,23.389,23.428,28670,0
20141125,23.468,23.468,23.165,23.185,30171,0
20141126,23.438,23.536,23.428,23.487,18603,0
20141128,23.049,23.194,22.99,23.009,31685,0
20141201,22.415,22.512,22.337,22.454,239766,0
20141202,22.522,22.571,22.454,22.474,16623,0
20141203,22.474,22.6,22.464,22.503,37778,0
20141204,22.669,22.708,22.551,22.61,17147,0
20141205,22.62,22.785,22.531,22.775,40814,0
20141208,22.571,22.571,22.249,22.289,21641,0
20141209,21.811,21.908,21.655,21.898,50895,0
20141210,21.918,21.918,21.547,21.547,25500,0
20141211,21.441,21.616,21.372,21.411,102933,0
20141212,21.304,21.333,21.022,21.041,76592,0
20141215,20.856,20.856,20.27,20.408,124284,0
20141216,19.871,20.69,19.784,20.27,131593,0
20141217,20.495,21.167,20.495,21.128,87982,0
20141218,21.518,21.518,21.216,21.323,56461,0
20141219,21.476,21.714,21.446,21.675,39262,0
20141222,21.983,22.003,21.804,21.953,24003,0
20141223,21.734,21.804,21.605,21.704,21042,0
20141224,21.645,21.694,21.595,21.694,15576,0
20141226,22.122,22.302,22.053,22.063,11761,0
20141229,21.963,22.023,21.734,21.794,164376,0
20141230,21.704,21.794,21.655,21.714,37612,0
20141231,21.804,21.894,21.675,21.724,38227,0
20150102,21.933,22.013,21.615,21.675,80576,0
20150105,21.635,21.635,21.456,21.466,81358,0
20150106,21.565,21.605,21.247,21.495,170513,0
20150107,21.963,22.093,21.913,22.043,24336,0
20150108,22.391,22.57,22.361,22.501,237154,0
20150109,22.501,22.53,22.242,22.361,133947,0
20150112,22.142,22.202,21.983,22.033,33383,0
20150113,22.302,22.381,21.993,22.212,24966,0
20150114,22.033,22.142,21.874,22.132,36603,0
20150115,22.441,22.441,22.112,22.122,59826,0
20150116,22.112,22.311,22.083,22.292,56043,0
20150120,22.212,22.212,22.063,22.122,48865,0
20150121,22.451,22.829,22.451,22.829,13495,0
20150122,23.038,23.297,22.998,23.297,37698,0
20150123,23.197,23.227,23.108,23.108,71833,0
20150126,22.948,23.108,22.928,22.968,15040,0
20150127,22.59,22.809,22.56,22.809,37258,0
20150128,22.461,22.56,22.302,22.371,25838,0
20150129,22.361,22.411,22.063,22.311,31456,0
20150130,21.943,21.993,21.714,21.764,52980,0
20150202,21.864,22.083,21.864,22.083,8280,0
20150203,22.361,22.501,22.361,22.501,11289,0
20150204,22.62,22.739,22.421,22.421,25345,0
20150205,22.441,22.67,22.441,22.54,10650,0
20150206,22.282,22.391,22.182,22.252,24301,0
20150209,22.122,22.242,22.122,22.192,15942,0
20150210,22.252,22.302,22.162,22.302,18794,0
20150211,22.043,22.232,21.983,22.222,32683,0
20150212,22.351,22.57,22.351,22.57,18184,0
20150213,22.7,22.789,22.69,22.769,2904,0
20150217,22.729,22.869,22.61,22.799,31330,0
20150218,22.869,22.869,22.749,22.809,19283,0
20150219,22.62,22.809,22.62,22.799,3840,0
20150220,22.61,22.799,22.59,22.799,10535,0
20150223,22.69,22.69,22.501,22.53,18642,0
20150224,22.719,22.869,22.62,22.819,30234,0
20150225,22.71,22.789,22.69,22.729,8816,0
20150226,22.799,22.869,22.799,22.819,13164,0
20150227,22.839,22.998,22.839,22.909,8106,0
20150302,22.829,22.829,22.739,22.789,18289,0
20150303,22.57,22.62,22.501,22.501,8340,0
20150304,22.212,22.222,22.033,22.212,36477,0
20150305,22.192,22.202,22.043,22.132,26126,0
20150306,21.983,22.043,21.744,21.804,13365,0
20150309,21.874,21.874,21.734,21.734,6833,0
20150310,21.505,21.505,21.257,21.326,13365,0
20150311,21.286,21.366,21.237,21.326,23112,0
20150312,21.744,21.744,21.446,21.476,7838,0
20150313,21.326,21.386,21.217,21.346,6733,0
20150316,21.635,21.675,21.575,21.625,30648,0
20150317,21.515,21.754,21.485,21.694,15575,0
20150318,21.694,22.202,21.694,22.122,146208,0
20150319,22.093,22.102,21.963,22.053,5828,0
20150320,22.162,22.272,22.122,22.272,9446,0
20150323,22.152,22.242,22.122,22.232,73657,0
20150324,22.142,22.192,22.142,22.162,4924,0
20150325,22.122,22.122,21.894,21.903,3115,0
20150326,21.754,21.844,21.714,21.784,7034,0
20150327,21.844,21.884,21.804,21.814,34668,0
20150330,22.192,22.481,22.162,22.421,29141,0
20150331,22.302,22.471,22.302,22.381,8037,0
20150401,22.61,22.739,22.61,22.68,11154,0
20150402,22.789,23.038,22.789,23.028,49942,0
20150406,23.058,23.317,23.058,23.257,21203,0
20150407,23.287,23.336,23.257,23.287,10062,0
20150408,24.013,24.212,23.983,24.182,41802,0
20150409,24.58,24.939,24.521,24.939,62359,0
20150410,24.491,24.64,24.481,24.64,169621,0
20150413,25.048,25.187,24.829,24.879,31754,0
20150414,24.68,24.829,24.57,24.809,17887,0
20150415,24.969,25.078,24.879,25.048,10359,0
20150416,25.068,25.347,25.068,25.257,8327,0
20150417,24.362,24.76,24.153,24.411,45118,0
20150420,24.451,24.551,24.371,24.441,51427,0
20150421,25.008,25.048,24.949,24.959,15521,0
20150422,25.038,25.207,25.038,25.187,19572,0
20150423,24.879,25.197,24.869,25.118,27232,0
20150424,25.297,25.297,25.207,25.277,10876,0
20150427,25.466,25.516,25.377,25.406,14068,0
20150428,25.436,25.526,25.357,25.466,14801,0
20150429,25.257,25.347,25.168,25.247,114153,0
20150430,24.988,24.988,24.819,24.849,37481,0
20150501,25.008,25.098,24.879,25.048,67728,0
20150504,25.038,25.178,25.038,25.138,30849,0
20150505,24.849,24.869,24.61,24.66,18690,0
20150506,24.67,24.789,24.242,24.242,22396,0
20150507,24.252,24.391,24.212,24.362,30141,0
20150508,24.72,24.879,24.65,24.76,18088,0
20150511,24.829,24.829,24.61,24.61,16480,0
20150512,24.322,24.511,24.312,24.501,15498,0
20150513,24.531,24.62,24.352,24.362,107723,0
20150514,24.471,24.59,24.461,24.59,43310,0
20150515,24.7,24.998,24.69,24.949,83707,0
20150518,24.68,24.68,24.541,24.541,48867,0
20150519,24.58,24.66,24.57,24.63,14731,0
20150520,24.501,24.66,24.471,24.59,22782,0
20150521,24.441,24.58,24.421,24.58,58684,0
20150522,24.929,25.068,24.929,24.978,25925,0
20150526,24.988,24.988,24.67,24.71,51713,0
20150527,24.64,24.72,24.421,24.72,10752,0
20150528,24.162,24.192,24.023,24.172,53939,0
20150529,24.172,24.172,23.854,23.884,116966,0
20150601,24.013,24.013,23.854,23.924,78095,0
20150602,23.983,24.162,23.983,24.143,25704,0
20150603,24.053,24.202,24.053,24.133,4924,0
20150604,23.963,24.033,23.854,23.894,40797,0
20150605,23.605,23.844,23.526,23.774,27031,0
20150608,23.944,23.983,23.834,23.874,17284,0
20150609,23.685,23.794,23.685,23.764,13095,0
20150610,23.685,23.884,23.685,23.844,23536,0
20150611,23.914,23.973,23.834,23.944,13534,0
20150612,23.983,24.033,23.953,24.003,14972,0
20150615,23.386,23.615,23.386,23.526,16781,0
20150616,23.476,23.695,23.456,23.625,12259,0
20150617,23.665,23.824,23.575,23.784,7336,0
20150618,23.754,23.894,23.754,23.784,7838,0
20150619,23.63,23.79,23.63,23.65,12600,0
20150622,24,24.05,23.95,23.96,8500,0
20150623,24.26,24.34,24.25,24.28,8448,0
20150624,24.47,24.47,24.22,24.27,13600,0
20150625,24.01,24.12,23.96,23.97,11500,0
20150626,23.73,23.83,23.62,23.63,7500,0
20150629,22.88,23.34,22.88,23.06,13400,0
20150630,23.41,23.53,23.33,23.5,32519,0
20150701,23.45,23.45,23.18,23.22,15800,0
20150702,23.51,23.57,23.4,23.44,6800,0
20150706,22.56,23,22.55,22.69,18200,0
20150707,22.07,22.31,21.69,22.31,50700,0
20150708,21.27,21.52,21.06,21.17,52400,0
20150709,21.98,21.98,21.69,21.71,39400,0
20150710,22.28,22.46,22.26,22.46,34700,0
20150713,22.56,22.65,22.55,22.64,26400,0
20150714,22.59,22.68,22.47,22.68,35706,0
20150715,22.49,22.52,22.28,22.3,21282,0
20150716,22.48,22.63,22.48,22.59,5700,0
20150717,22.71,22.78,22.69,22.73,5900,0
20150720,22.67,22.7,22.51,22.55,16400,0
20150721,22.74,22.87,22.65,22.72,20800,0
20150722,22.57,22.65,22.54,22.56,4000,0
20150723,22.55,22.59,22.33,22.33,12700,0
20150724,22.24,22.26,21.94,22.02,25500,0
20150727,21.39,21.48,21.28,21.35,46300,0
20150728,21.49,21.5,21.22,21.5,25600,0
20150729,21.47,21.79,21.47,21.74,10100,0
20150730,21.54,21.54,21.47,21.54,9300,0
20150731,21.62,21.69,21.46,21.47,10800,0
20150803,21.25,21.29,21.07,21.18,24485,0
20150804,21.23,21.32,21.21,21.3,6500,0
20150805,21.46,21.53,21.28,21.37,24600,0
20150806,21.13,21.23,21.07,21.14,10341,0
20150807,21.29,21.34,21.2,21.22,14500,0
