Date,Open,High,Low,Close,Volume,OpenInt
20110525,46.954,46.954,46.843,46.954,20949,0
20110526,47.253,47.253,47.094,47.094,1811,0
20110527,47.328,47.328,47.318,47.318,1494,0
20110531,47.494,47.504,47.494,47.504,426,0
20110601,47.6,47.805,47.6,47.6,2782,0
20110602,47.703,47.703,47.506,47.506,14616,0
20110603,47.74,48.056,47.74,48.047,4813,0
20110607,48.149,48.149,48.149,48.149,819,0
20110608,48.253,48.354,48.225,48.272,4867,0
20110609,48.101,48.101,47.989,47.989,2240,0
20110610,47.703,47.703,47.684,47.684,450,0
20110613,47.769,47.769,47.571,47.571,16013,0
20110615,47.609,47.656,47.468,47.581,8832,0
20110616,47.371,47.456,46.929,47.014,14804,0
20110617,47.314,47.324,47.034,47.109,4608,0
20110621,47.253,47.253,47.179,47.188,2778,0
20110622,47.328,47.374,47.253,47.262,36032,0
20110624,47.042,47.042,46.875,46.875,317,0
20110627,47.062,47.062,47.042,47.052,535,0
20110628,47.202,47.231,47.081,47.212,2673,0
20110629,47.299,47.402,47.299,47.365,2325,0
20110630,47.38,47.513,47.38,47.513,1708,0
20110705,47.617,47.617,47.504,47.504,1600,0
20110706,47.295,47.361,47.117,47.117,5564,0
20110707,47.041,47.475,47.041,47.437,8334,0
20110708,47.249,47.361,47.249,47.315,1489,0
20110711,46.642,47.249,46.633,46.94,17526,0
20110712,47.156,47.333,47.041,47.211,9697,0
20110713,47.267,47.437,47.175,47.437,3168,0
20110714,47.549,47.7,47.503,47.587,33859,0
20110715,47.389,47.749,47.389,47.749,15184,0
20110718,47.493,47.493,47.239,47.418,4777,0
20110719,47.749,47.749,47.635,47.645,6282,0
20110720,47.719,47.719,47.597,47.616,2343,0
20110721,48.046,48.327,47.916,48.243,3688,0
20110722,48.172,48.247,48.085,48.228,1831,0
20110725,48.206,48.336,48.055,48.336,6539,0
20110726,48.397,48.464,48.266,48.35,4624,0
20110727,48.14,48.159,47.953,48.159,2265,0
20110728,48.209,48.368,48.085,48.266,3771,0
20110729,48.454,48.925,48.397,48.925,20230,0
20110801,48.511,48.757,48.483,48.757,9455,0
20110802,48.483,48.71,48.474,48.7,7638,0
20110803,48.71,48.814,48.69,48.786,17471,0
20110804,48.368,48.511,48.368,48.464,5662,0
20110805,48.407,48.53,48.294,48.521,4044,0
20110808,48.238,48.358,48.105,48.294,3244,0
20110809,48.219,72.097,47.852,48.322,32016,0
20110810,48.831,49.05,48.738,48.896,3970,0
20110811,48.84,48.869,48.511,48.671,6920,0
20110812,49.001,49.011,48.896,48.896,1733,0
20110815,49.179,49.587,48.153,49.539,13623,0
20110816,49.501,49.736,49.416,49.681,5776,0
20110817,50.037,50.181,49.97,50.181,8582,0
20110818,50.037,50.162,49.812,49.979,2551,0
20110819,49.979,50.085,49.907,50.075,5017,0
20110822,49.87,49.87,49.433,49.663,7447,0
20110823,49.433,49.616,49.305,49.472,4405,0
20110824,49.237,49.333,48.869,48.887,9130,0
20110825,49.069,49.143,48.992,49.021,3129,0
20110826,49.087,49.17,49.078,49.078,1299,0
20110829,49.17,49.247,49.124,49.124,2672,0
20110830,49.189,49.199,49.143,49.199,4696,0
20110831,49.202,49.202,48.879,48.955,8155,0
20110901,48.69,49.114,48.596,48.887,30758,0
20110902,48.965,48.994,48.651,48.67,4419,0
20110906,48.257,48.331,47.852,47.852,5752,0
20110907,48.02,48.182,47.881,48.133,11141,0
20110908,48.312,48.312,48.114,48.172,7497,0
20110909,48.057,48.057,47.861,47.937,2982,0
20110912,47.692,47.692,47.447,47.447,3811,0
20110913,47.456,47.485,47.38,47.409,1797,0
20110914,47.137,47.137,46.986,46.986,1167,0
20110915,47.409,47.409,47.249,47.249,2225,0
20110916,47.371,47.371,47.267,47.267,1758,0
20110919,47.033,47.033,46.892,46.911,1274,0
20110920,46.892,47.023,46.892,47.023,779,0
20110921,46.733,46.733,46.733,46.733,612,0
20110922,46.123,46.252,45.942,45.942,6643,0
20110923,46.104,46.233,45.942,46.095,5709,0
20110926,46.17,46.17,45.869,46.133,4835,0
20110927,46.114,46.442,46.114,46.262,4515,0
20110928,46.386,46.386,46.104,46.104,1930,0
20110929,46.535,46.535,46.339,46.339,846,0
20110930,46.285,46.285,46.285,46.285,195,0
20111003,45.905,46.198,45.849,46.161,8430,0
20111004,46.048,46.143,45.924,46.104,5843,0
20111005,46.339,46.376,46.224,46.376,3613,0
20111006,46.442,46.688,46.405,46.535,2777,0
20111007,46.816,46.816,46.733,46.733,898,0
20111010,47.061,47.061,45.596,46.724,13701,0
20111011,46.612,46.621,46.612,46.621,2121,0
20111012,46.733,46.77,46.64,46.742,741,0
20111013,46.845,46.845,46.705,46.705,210,0
20111014,46.659,46.724,46.659,46.724,423,0
20111018,46.488,46.751,46.478,46.751,1513,0
20111019,46.902,46.902,46.902,46.902,582,0
20111020,46.544,46.544,46.535,46.535,378,0
20111021,46.854,46.854,46.854,46.854,323,0
20111024,46.948,47.041,46.883,46.986,2561,0
20111025,46.999,47.299,46.952,47.188,12318,0
20111026,47.184,47.267,46.995,46.995,1619,0
20111027,47.494,47.786,47.494,47.608,1441,0
20111028,47.692,47.749,47.692,47.749,2257,0
20111031,47.884,47.904,47.76,47.76,10369,0
20111101,47.593,47.668,47.536,47.659,6277,0
20111102,47.532,47.73,47.437,47.579,12594,0
20111103,47.678,47.687,47.603,47.687,4443,0
20111104,47.647,47.665,47.6,47.6,590,0
20111107,47.588,47.778,47.485,47.73,5813,0
20111108,48.02,48.02,47.984,47.984,927,0
20111109,47.517,47.517,47.299,47.299,1445,0
20111110,47.603,47.603,47.309,47.309,3893,0
20111111,47.768,47.768,47.673,47.673,423,0
20111114,47.38,47.399,47.258,47.276,4462,0
20111115,46.92,46.958,46.688,46.697,6929,0
20111116,46.733,46.948,46.733,46.807,4994,0
20111117,46.854,46.854,46.854,46.854,107,0
20111118,47.027,47.027,46.858,46.877,1230,0
20111121,46.64,46.64,46.64,46.64,210,0
20111122,46.705,47.041,46.678,47.041,11846,0
20111123,46.612,46.751,46.612,46.678,6086,0
20111125,46.255,46.491,46.255,46.313,423,0
20111128,46.583,46.697,46.544,46.602,4246,0
20111129,46.864,46.958,46.864,46.958,1696,0
20111130,47.376,47.453,47.271,47.453,761,0
20111201,47.593,47.593,47.489,47.489,258,0
20111202,47.593,47.593,47.337,47.545,1544,0
20111205,47.593,47.593,47.299,47.432,4389,0
20111207,47.371,47.714,47.371,47.714,1292,0
20111208,47.248,47.275,47.248,47.275,842,0
20111213,47.15,47.16,46.763,46.943,3263,0
20111214,46.82,46.896,46.82,46.896,632,0
20111215,47.206,47.206,46.98,46.98,791,0
20111216,47.285,47.456,47.285,47.456,1421,0
20111219,47.309,47.46,47.309,47.413,4460,0
20111220,47.8,47.97,47.8,47.97,996,0
20111221,47.583,47.65,47.583,47.583,632,0
20111227,47.619,47.628,47.361,47.495,3996,0
20111228,47.428,47.428,47.428,47.428,311,0
20111229,47.275,47.456,47.275,47.456,321,0
20111230,47.37,47.496,47.139,47.236,26685,0
20120103,47.21,47.304,47.21,47.304,530,0
20120104,47.295,47.361,47.295,47.361,1015,0
20120105,47.087,47.174,47.087,47.096,1913,0
20120106,47.23,47.275,47.145,47.192,10879,0
20120109,47.192,47.419,47.115,47.125,5109,0
20120110,47.285,47.285,47.266,47.266,840,0
20120111,47.232,47.241,47.213,47.213,1609,0
20120112,47.536,47.564,47.412,47.431,3832,0
20120113,47.456,47.466,47.324,47.466,2345,0
20120117,47.435,47.635,47.435,47.635,1413,0
20120118,47.836,47.836,47.771,47.816,1170,0
20120119,47.884,47.979,47.884,47.979,1096,0
20120123,47.951,47.951,47.816,47.816,2538,0
20120124,47.742,47.742,47.742,47.742,101,0
20120127,48.429,48.449,48.429,48.449,1006,0
20120130,48.623,48.623,48.452,48.547,1289,0
20120131,48.848,48.848,48.654,48.753,2765,0
20120201,48.943,48.943,48.904,48.904,838,0
20120202,49.059,49.114,49.059,49.114,247,0
20120203,48.876,48.876,48.829,48.829,925,0
20120206,48.913,48.913,48.913,48.913,209,0
20120207,48.949,49.017,48.949,49.017,634,0
20120208,49.017,49.017,48.949,48.987,2688,0
20120209,49.075,49.075,49.075,49.075,209,0
20120210,48.764,48.829,48.744,48.754,14297,0
20120213,48.885,49.097,48.885,49.04,597,0
20120214,48.913,48.913,48.725,48.774,5133,0
20120215,48.686,48.764,48.648,48.764,4831,0
20120216,48.923,48.952,48.885,48.885,1782,0
20120217,49.382,49.382,49.162,49.162,775,0
20120221,49.437,49.437,49.19,49.19,1470,0
20120222,49.553,49.553,49.326,49.336,2413,0
20120223,49.428,49.602,49.373,49.524,5177,0
20120224,49.665,49.73,49.656,49.72,3265,0
20120227,49.723,49.809,49.704,49.713,2189,0
20120228,49.858,49.925,49.858,49.887,1985,0
20120229,50.217,50.217,50.022,50.022,557,0
20120301,49.895,49.895,49.406,49.463,4764,0
20120302,49.591,49.591,49.315,49.315,6910,0
20120305,49.075,49.167,48.853,48.872,26276,0
20120306,48.873,48.873,48.588,48.751,11613,0
20120307,48.531,48.588,48.484,48.484,11171,0
20120308,48.761,48.901,48.683,48.79,3410,0
20120309,48.539,48.539,48.493,48.493,546,0
20120313,48.434,48.493,48.216,48.493,4371,0
20120314,48.273,48.273,47.903,47.903,1388,0
20120315,47.893,47.978,47.893,47.95,1312,0
20120316,48.062,48.062,47.978,48.053,2291,0
20120319,48.082,48.338,48.082,48.273,2437,0
20120320,48.062,48.1,47.883,47.978,3235,0
20120321,48.014,48.197,47.996,48.09,3112,0
20120322,47.921,48.024,47.912,47.987,8139,0
20120323,48.245,48.387,48.179,48.292,2243,0
20120326,48.235,48.444,48.235,48.444,594,0
20120327,48.653,48.653,48.291,48.366,2453,0
20120328,48.539,48.539,48.348,48.366,1469,0
20120329,48.376,48.376,48.376,48.376,101,0
20120330,48.664,48.664,48.326,48.326,3401,0
20120402,48.455,48.569,48.455,48.569,1052,0
20120403,48.529,48.567,48.118,48.118,3246,0
20120404,48.089,48.234,47.986,48.013,1533,0
20120405,48.099,48.099,47.833,47.882,2738,0
20120409,46.658,48.169,46.658,48.12,1694,0
20120410,48.236,48.236,48.216,48.216,626,0
20120411,47.664,48.569,46.542,48.569,1487,0
20120412,48.503,48.703,48.503,48.635,524,0
20120413,48.522,48.541,48.274,48.541,1362,0
20120416,47.655,48.464,47.655,48.464,1936,0
20120417,48.47,48.47,48.47,48.47,183,0
20120419,48.416,48.426,48.169,48.169,430,0
20120420,48.234,48.557,48.234,48.443,3073,0
20120423,48.33,48.33,48.216,48.216,5104,0
20120424,48.522,48.569,48.283,48.339,4567,0
20120425,48.569,48.569,48.255,48.512,1917,0
20120426,48.426,48.541,48.426,48.541,5222,0
20120427,48.662,48.853,48.596,48.643,11802,0
20120501,48.641,48.641,48.037,48.508,9914,0
20120502,48.596,48.596,48.529,48.529,1049,0
20120503,48.594,48.594,48.536,48.536,1686,0
20120504,48.789,48.789,48.51,48.51,415,0
20120507,48.789,48.789,48.577,48.577,626,0
20120510,48.641,48.641,48.401,48.401,1029,0
20120511,48.365,48.586,48.347,48.482,548,0
20120514,48.567,48.596,48.31,48.31,17915,0
20120515,48.177,48.262,48.177,48.262,586,0
20120516,48.356,48.356,48.167,48.167,526,0
20120517,48.089,48.099,48.089,48.089,611,0
20120522,48.214,48.214,47.853,47.853,6579,0
20120523,47.739,47.986,47.72,47.986,4227,0
20120524,47.862,47.862,47.653,47.653,1098,0
20120525,47.704,47.704,47.704,47.704,199,0
20120529,47.71,47.853,47.71,47.853,415,0
20120530,47.72,47.72,47.51,47.547,5247,0
20120531,46.337,46.337,46.337,46.337,312,0
20120601,45.338,49.983,45.338,47.626,523,0
20120604,48.008,48.056,47.751,48.028,1220,0
20120605,47.852,47.852,47.852,47.852,436,0
20120607,47.93,47.93,47.67,47.67,1146,0
20120608,48.997,48.997,47.463,47.636,10328,0
20120611,47.578,47.578,47.52,47.53,1487,0
20120612,47.337,47.502,47.261,47.367,41945,0
20120613,47.463,47.463,47.463,47.463,257,0
20120614,47.385,47.559,47.319,47.559,3308,0
20120615,47.915,47.972,47.915,47.972,847,0
20120618,48.008,48.008,47.664,47.962,1226,0
20120619,48.68,48.68,48.066,48.182,2329,0
20120620,48.23,48.24,47.999,48.24,1740,0
20120621,47.771,47.799,47.598,47.598,3464,0
20120622,47.777,47.777,47.632,47.641,3773,0
20120625,47.511,47.53,47.337,47.424,10155,0
20120626,47.385,47.53,47.329,47.53,8817,0
20120627,47.578,47.578,47.337,47.376,5986,0
20120628,47.415,47.415,47.242,47.337,7718,0
20120629,47.719,47.814,47.719,47.738,9035,0
20120702,47.535,48.063,47.525,48.063,3392,0
20120703,47.681,48.219,47.681,48.219,22513,0
20120705,47.824,47.824,47.633,47.748,1580,0
20120706,47.823,47.823,47.823,47.823,146,0
20120709,47.525,47.872,46.863,47.814,11440,0
20120710,47.94,47.94,47.583,47.93,2706,0
20120711,47.978,47.978,47.978,47.978,207,0
20120712,47.804,47.804,47.804,47.804,141,0
20120713,47.913,47.913,47.913,47.913,531,0
20120716,48.227,48.227,47.958,48.072,1663,0
20120717,47.952,48.037,47.865,47.895,14512,0
20120718,48.163,48.193,48.114,48.143,3901,0
20120719,48.323,48.323,48.082,48.313,24030,0
20120720,48.21,48.229,48.045,48.229,1150,0
20120723,47.814,47.862,47.814,47.862,1020,0
20120724,47.816,47.826,47.75,47.75,622,0
20120725,47.719,47.911,47.689,47.911,1114,0
20120726,48.256,48.256,48.12,48.256,3897,0
20120730,48.218,48.218,48.054,48.091,1143,0
20120731,48.249,48.249,48.162,48.162,3291,0
20120801,48.315,48.892,48.315,48.372,8383,0
20120802,48.364,48.364,48.056,48.056,1990,0
20120803,48.49,48.49,48.441,48.46,2000,0
20120806,48.352,48.799,48.352,48.691,1553,0
20120808,48.362,48.721,48.362,48.45,1130,0
20120809,48.372,48.411,48.268,48.268,1484,0
20120810,48.46,48.48,48.46,48.48,309,0
20120813,48.343,48.362,48.325,48.325,3820,0
20120814,48.411,48.411,48.276,48.276,931,0
20120815,48.152,48.152,48.045,48.045,620,0
20120816,48.171,48.171,48.074,48.074,207,0
20120817,48.219,48.219,48.036,48.036,328,0
20120820,48.268,48.268,48.268,48.268,910,0
20120821,48.093,48.093,47.987,48.045,1390,0
20120822,48.268,48.362,48.219,48.258,48123,0
20120823,48.401,48.46,48.391,48.391,974,0
20120827,48.391,48.75,48.382,48.75,1649,0
20120828,48.585,48.585,48.585,48.585,100,0
20120831,48.269,48.743,48.123,48.743,5239,0
20120904,49.011,49.011,48.644,48.703,1711,0
20120905,48.722,48.962,48.703,48.962,1925,0
20120906,48.913,48.913,48.634,48.634,2818,0
20120907,49.001,49.07,48.933,49.051,3327,0
20120910,48.982,49.089,48.982,49.011,805,0
20120911,49.272,49.301,49.07,49.213,14472,0
20120912,48.856,48.972,48.856,48.972,309,0
20120913,49.311,49.311,49.061,49.184,1154,0
20120914,49.763,49.763,49.492,49.686,1560,0
20120917,49.6,49.6,49.482,49.482,724,0
20120918,49.378,49.443,49.321,49.396,7884,0
20120919,49.65,49.65,49.453,49.472,3418,0
20120920,49.63,49.63,49.272,49.272,2644,0
20120921,49.331,49.61,49.331,49.406,12907,0
20120924,49.433,49.433,49.203,49.252,5576,0
20120925,49.378,49.378,49.107,49.107,12745,0
20120926,49.378,49.378,49.272,49.272,1079,0
20120927,49.522,49.522,49.282,49.292,5323,0
20120928,49.436,49.465,49.235,49.294,6081,0
20121001,49.369,49.396,49.292,49.292,1421,0
20121002,49.571,49.571,49.378,49.502,6615,0
20121003,49.61,49.61,49.482,49.512,1061,0
20121005,49.811,50.031,49.62,49.64,4235,0
20121009,49.387,49.753,49.387,49.387,7452,0
20121010,49.695,49.695,49.378,49.396,5434,0
20121011,49.62,49.62,49.581,49.61,3432,0
20121012,49.695,49.763,49.62,49.695,2177,0
20121015,49.561,49.713,49.522,49.581,5679,0
20121016,49.89,49.89,49.502,49.561,4716,0
20121017,49.667,49.713,49.522,49.522,4183,0
20121018,49.61,49.61,49.472,49.482,10047,0
20121019,49.65,49.65,49.406,49.424,11361,0
20121022,49.62,49.62,49.424,49.443,27745,0
20121023,49.354,49.428,49.354,49.428,1362,0
20121024,49.531,49.561,49.369,49.406,7036,0
20121025,49.361,49.424,49.321,49.351,12322,0
20121026,49.433,49.522,49.361,49.443,3427,0
20121031,49.574,49.604,49.565,49.565,837,0
20121101,49.782,49.831,49.532,49.6,6462,0
20121102,49.773,49.773,49.396,49.63,828,0
20121105,49.369,49.677,49.351,49.369,4845,0
20121106,49.476,49.644,49.354,49.644,3312,0
20121107,49.644,49.644,49.466,49.525,11396,0
20121108,49.535,49.595,49.535,49.595,519,0
20121109,49.551,49.551,49.512,49.551,620,0
20121112,49.571,49.723,49.107,49.561,11867,0
20121113,49.502,49.551,49.406,49.551,2791,0
20121114,49.369,49.581,49.341,49.416,3193,0
20121115,49.301,49.502,49.282,49.331,4206,0
20121116,49.496,49.585,49.372,49.437,8933,0
20121119,49.667,49.782,49.443,49.65,19470,0
20121120,49.659,49.686,49.551,49.591,19609,0
20121121,49.686,49.763,49.331,49.331,4785,0
20121123,49.855,49.875,49.728,49.777,2071,0
20121126,49.972,50.207,49.733,49.782,16899,0
20121127,49.972,50.217,49.88,49.89,8054,0
20121128,50.021,50.237,50.012,50.217,24176,0
20121129,50.361,50.409,50.262,50.262,7402,0
20121130,50.502,50.502,50.258,50.367,4330,0
20121203,50.454,50.656,50.415,50.492,18879,0
20121204,50.567,50.773,50.502,50.676,1591,0
20121205,50.676,50.755,50.474,50.607,26448,0
20121206,50.755,50.976,50.745,50.898,20672,0
20121207,51.044,51.044,50.791,50.947,4726,0
20121210,50.839,51.138,50.83,51.091,17692,0
20121211,51.286,51.305,51.025,51.237,10110,0
20121212,51.428,51.536,51.227,51.536,20412,0
20121213,51.526,51.526,51.381,51.401,12382,0
20121214,51.556,51.756,51.497,51.689,35012,0
20121217,51.968,51.968,51.64,51.726,34712,0
20121218,51.909,51.909,51.507,51.507,7859,0
20121219,51.939,51.939,51.593,51.679,13924,0
20121220,51.854,51.854,51.669,51.669,1655,0
20121221,51.526,51.948,51.526,51.87,8335,0
20121224,52.034,52.334,51.996,52.034,9595,0
20121226,52.038,52.173,52.028,52.038,698,0
20121227,52.299,52.379,52.135,52.28,4660,0
20121228,52.445,52.445,52.242,52.329,4744,0
20121231,52.556,52.583,52.399,52.417,13309,0
20130102,52.669,52.669,51.962,52.388,5538,0
20130103,52.078,52.445,51.797,51.827,18513,0
20130104,51.7,51.902,51.568,51.632,42555,0
20130107,52.018,52.018,51.479,51.999,11849,0
20130108,52.494,52.494,51.691,51.691,4055,0
20130109,51.759,51.999,51.7,51.942,4112,0
20130110,52.484,52.951,52.379,52.941,14803,0
20130111,52.776,53.598,52.465,52.746,6055,0
20130114,52.534,52.805,52.514,52.64,10130,0
20130115,52.706,52.706,52.543,52.66,5684,0
20130116,52.706,53.115,52.484,52.678,37415,0
20130117,52.746,52.746,52.465,52.6,17638,0
20130118,52.66,52.66,52.484,52.543,5610,0
20130122,52.62,52.726,52.425,52.475,13911,0
20130123,52.989,52.999,52.543,52.903,2059,0
20130124,52.845,52.883,52.572,52.686,29754,0
20130125,52.746,52.795,52.435,52.581,2659,0
20130128,52.581,52.581,52.144,52.435,12770,0
20130129,52.504,52.64,52.465,52.553,18350,0
20130130,52.425,52.883,52.425,52.64,17934,0
20130131,52.61,53.193,52.61,53.154,39751,0
20130201,53.183,53.229,52.941,53.105,31291,0
20130204,53.066,53.211,52.922,52.959,9400,0
20130205,52.969,53.135,52.678,52.903,7679,0
20130206,52.979,53.163,52.717,53.116,7054,0
20130207,53.019,53.183,52.932,52.969,35048,0
20130208,53.086,53.212,53.019,53.135,2208,0
20130211,53.095,53.095,52.6,52.873,23649,0
20130212,53.047,53.173,53.018,53.154,5604,0
20130213,52.979,53.698,52.825,53.038,19078,0
20130214,53.028,53.038,52.988,52.998,6026,0
20130215,52.969,52.969,52.854,52.913,7262,0
20130219,52.893,52.988,52.726,52.726,7123,0
20130220,52.776,52.776,52.272,52.534,6789,0
20130221,52.524,52.61,51.962,52.008,35358,0
20130222,53.502,53.502,52.173,52.505,17082,0
20130225,52.339,52.425,51.962,51.962,4306,0
20130226,52.28,52.28,51.892,52.078,3457,0
20130227,52.369,52.465,52.068,52.068,5388,0
20130228,52.403,52.431,52.112,52.14,2957,0
20130301,52.415,52.415,52.107,52.309,5257,0
20130304,52.252,52.572,52.252,52.398,3803,0
20130305,52.64,52.669,52.252,52.475,2609,0
20130306,52.212,52.746,52.212,52.543,16568,0
20130307,52.572,52.601,52.242,52.319,10606,0
20130308,52.319,52.319,51.952,52.193,4880,0
20130311,52.379,52.379,51.942,51.982,9104,0
20130312,52.008,52.252,52.008,52.252,2318,0
20130313,52.359,52.359,51.864,51.922,7843,0
20130314,52.203,52.203,51.912,52.048,4946,0
20130315,52.058,52.242,52.058,52.058,3327,0
20130318,52.465,52.524,52.3,52.3,7390,0
20130319,52.572,52.572,52.252,52.252,3705,0
20130320,52.581,52.581,52.028,52.272,3121,0
20130321,52.048,52.281,52.048,52.252,11386,0
20130322,52.183,52.514,52.183,52.329,3913,0
20130325,52.524,52.524,52.098,52.098,8153,0
20130326,52.435,52.435,52.203,52.319,3519,0
20130327,52.455,52.455,52.117,52.117,3832,0
20130328,52.222,52.495,52.222,52.495,3657,0
20130401,52.697,52.796,52.398,52.455,17608,0
20130402,52.435,52.65,52.143,52.143,5479,0
20130403,52.707,52.756,52.611,52.697,4945,0
20130404,52.795,52.912,52.562,52.912,11882,0
20130405,53.339,53.464,53.319,53.455,3050,0
20130408,53.436,53.436,53.154,53.358,4723,0
20130409,53.609,53.609,53.493,53.493,4026,0
20130410,53.717,53.717,53.154,53.154,23412,0
20130411,53.388,53.59,53.24,53.511,19806,0
20130412,53.649,53.649,53.202,53.289,1320,0
20130415,53.521,53.521,53.038,53.23,4236,0
20130416,53.193,53.193,52.979,53.019,24582,0
20130417,53.23,53.23,52.815,53.066,3027,0
20130418,53.193,53.193,53.047,53.047,410,0
20130419,53.125,53.173,52.999,52.999,5276,0
20130422,53.23,53.23,52.951,53.212,12441,0
20130423,53.202,53.222,52.912,53.135,2742,0
20130424,52.999,53.222,52.941,52.941,2287,0
20130425,53.173,53.173,52.989,53.047,5760,0
20130426,53.23,53.531,53.23,53.511,2600,0
20130429,53.239,53.551,53.239,53.551,8241,0
20130430,53.665,53.665,53.527,53.576,7221,0
20130501,53.765,53.822,53.473,53.708,3875,0
20130502,53.67,53.71,53.456,53.456,3210,0
20130503,53.678,53.727,53.551,53.58,2563,0
20130506,53.521,53.541,53.348,53.493,5852,0
20130507,53.31,53.456,53.058,53.156,48565,0
20130508,53.097,53.32,53.097,53.223,14142,0
20130509,53.241,53.241,52.914,52.914,25031,0
20130510,53.057,53.057,52.397,52.397,4472,0
20130513,52.825,52.825,52.299,52.553,3239,0
20130514,52.63,52.63,52.008,52.008,7723,0
20130515,52.368,52.368,51.807,52.126,6509,0
20130516,52.222,52.425,52.222,52.319,4442,0
20130517,52.088,52.117,51.778,52.038,4812,0
20130520,52.172,52.172,51.768,52.057,16251,0
20130521,51.882,52.057,51.738,52.018,10098,0
20130522,52.319,52.319,51.547,51.7,19336,0
20130523,51.681,51.681,51.401,51.401,1552,0
20130524,51.882,52.018,51.807,51.912,8816,0
20130528,51.768,51.768,51.342,51.342,4362,0
20130529,51.346,51.356,51.036,51.036,7479,0
20130530,51.187,51.372,51.12,51.372,19554,0
20130531,51.017,51.074,50.821,50.849,8114,0
20130603,50.896,51.187,50.594,50.994,52764,0
20130604,50.577,50.86,50.557,50.597,8334,0
20130605,50.335,50.755,50.043,50.716,14287,0
20130606,50.755,50.949,50.414,50.889,6850,0
20130607,50.564,50.819,50.199,50.199,5314,0
20130610,50.263,50.323,49.838,50.323,6932,0
20130611,49.848,50.228,49.372,50.228,14045,0
20130612,49.981,50.238,49.547,49.888,13446,0
20130613,49.964,50.07,49.419,49.74,14802,0
20130614,50.529,50.538,49.919,49.919,1953,0
20130617,50.45,50.48,49.75,49.75,9166,0
20130618,49.84,49.947,49.666,49.88,2734,0
20130619,49.926,50.08,48.874,48.874,4453,0
20130620,47.711,48.137,47.312,47.467,23431,0
20130621,47.281,47.554,46.924,47.167,9292,0
20130624,46.499,47.429,46.499,46.924,12010,0
20130625,47.545,47.545,47.34,47.34,1473,0
20130626,47.516,47.856,47.37,47.681,7257,0
20130627,47.633,47.906,47.633,47.856,1685,0
20130628,47.657,47.902,47.343,47.902,1211,0
20130701,47.721,47.953,47.711,47.906,6077,0
20130702,47.711,47.76,47.711,47.76,1286,0
20130703,47.721,47.798,47.711,47.711,1378,0
20130705,47.291,47.438,47.02,47.244,7230,0
20130708,47.428,47.428,46.856,47.177,3971,0
20130709,47.108,47.195,47.03,47.079,10135,0
20130710,47.254,47.507,46.933,47.088,9523,0
20130711,47.856,47.925,47.536,47.594,31956,0
20130712,47.408,47.507,47.408,47.428,923,0
20130715,47.807,47.846,47.691,47.691,4322,0
20130716,47.797,48.293,47.797,48.236,11038,0
20130717,48.051,48.451,47.954,48.352,1627,0
20130718,48.389,48.399,47.866,47.915,1642,0
20130719,48.206,48.206,48.03,48.03,357,0
20130722,48.507,48.732,48.507,48.732,5650,0
20130723,48.197,48.732,48.197,48.642,5514,0
20130724,48.087,48.369,48.001,48.187,1777,0
20130725,48.137,48.389,48.127,48.389,2771,0
20130726,48.38,48.38,48.079,48.331,2416,0
20130729,47.963,48.117,47.963,47.973,1833,0
20130730,47.935,47.935,47.826,47.836,1127,0
20130731,47.701,47.915,47.691,47.915,1694,0
20130801,47.681,47.788,47.496,47.584,5545,0
20130802,48.157,48.157,48.157,48.157,100,0
20130805,47.983,48.283,47.935,47.983,5182,0
20130806,48.108,48.276,48.108,48.148,1843,0
20130807,48.167,48.527,47.846,47.846,4210,0
20130808,48.469,48.596,48.04,48.42,2967,0
20130809,48.556,48.683,48.556,48.683,1170,0
20130812,48.653,48.801,48.43,48.489,4922,0
20130813,48.001,48.001,48.001,48.001,169,0
20130814,48.147,48.147,47.906,47.906,718,0
20130815,47.613,47.797,47.613,47.75,2057,0
20130816,47.604,47.604,47.584,47.584,796,0
20130819,47.253,47.32,47.253,47.32,411,0
20130820,46.514,47.624,46.514,47.594,13580,0
20130821,47.564,47.564,47.32,47.32,4461,0
20130822,47.028,47.33,47.028,47.33,21889,0
20130823,47.146,47.242,47.146,47.242,487,0
20130826,47.525,47.837,47.456,47.506,2206,0
20130827,47.643,47.74,47.515,47.671,2883,0
20130828,47.691,47.808,47.624,47.691,3659,0
20130829,48.227,48.227,47.545,47.554,2266,0
20130830,47.872,47.872,47.568,47.618,2424,0
20130903,47.176,47.28,47.126,47.271,4818,0
20130904,47.28,47.29,47.008,47.008,8435,0
20130905,47.166,47.166,46.766,46.766,2811,0
20130909,47.3,47.3,47.185,47.233,1099,0
20130910,47.146,47.271,47.136,47.146,533,0
20130911,47.476,47.643,47.476,47.643,6578,0
20130912,47.447,47.701,47.447,47.506,4414,0
20130913,47.545,47.545,47.545,47.545,205,0
20130916,48.207,48.207,47.817,47.925,2564,0
20130917,47.954,47.964,47.857,47.964,1032,0
20130918,48.108,48.793,47.857,48.793,7093,0
20130919,49.047,49.144,48.813,48.987,8679,0
20130920,48.997,48.997,48.755,48.822,5024,0
20130923,48.997,48.997,48.813,48.87,1754,0
20130924,48.803,48.918,48.725,48.908,23088,0
20130925,48.755,48.968,48.755,48.968,374,0
20130926,48.695,48.705,48.695,48.705,771,0
20130927,48.84,48.84,48.84,48.84,205,0
20130930,49.104,49.104,49.104,49.104,204,0
20131001,49.114,49.271,49.086,49.201,1304,0
20131002,49.162,49.378,49.162,49.378,2289,0
20131004,49.231,49.291,49.067,49.201,3297,0
20131007,49.211,49.271,49.211,49.261,2092,0
20131008,49.397,49.416,49.321,49.416,2426,0
20131010,49.172,49.261,49.153,49.153,882,0
20131011,49.162,49.162,49.134,49.134,2682,0
20131014,49.153,49.153,49.153,49.153,100,0
20131015,48.958,48.958,48.958,48.958,1932,0
20131016,49.172,49.221,49.153,49.211,534,0
20131017,49.614,49.671,49.614,49.614,627,0
20131018,49.788,49.798,49.614,49.699,2351,0
20131021,49.434,49.624,49.434,49.494,1669,0
20131022,49.788,49.963,49.788,49.963,684,0
20131023,50.05,50.099,49.98,50.099,1631,0
20131024,50.04,50.089,49.934,50.01,24332,0
20131025,49.925,50.139,49.925,50.05,716,0
20131028,49.963,50.169,49.963,50.169,1936,0
20131029,50.05,50.05,49.866,49.866,1675,0
20131030,50.04,50.04,49.758,49.827,2202,0
20131031,49.545,49.79,49.545,49.76,1225,0
20131104,49.281,49.281,49.211,49.241,951,0
20131105,48.977,48.977,48.917,48.927,535,0
20131106,48.937,49.085,48.888,48.888,743,0
20131107,48.802,48.907,48.802,48.869,1201,0
20131108,48.389,48.469,48.36,48.36,988,0
20131111,48.331,48.331,48.293,48.293,336,0
20131114,48.508,48.733,48.508,48.733,962,0
20131115,48.743,48.783,48.743,48.753,4494,0
20131118,49.201,49.201,48.997,48.997,1574,0
20131120,48.812,48.821,48.684,48.821,2370,0
20131121,48.479,48.713,48.479,48.674,4488,0
20131122,48.605,48.907,48.605,48.907,3570,0
20131125,48.967,48.987,48.84,48.987,4605,0
20131126,48.802,49.007,48.802,48.917,449,0
20131127,48.878,48.878,48.773,48.773,1149,0
20131129,48.537,49.007,48.537,49.007,2252,0
20131202,48.763,48.763,48.614,48.614,316,0
20131203,48.693,48.821,48.633,48.753,5422,0
20131204,48.527,48.527,48.438,48.438,306,0
20131205,48.458,48.458,48.369,48.369,318,0
20131206,48.792,48.792,48.792,48.792,272,0
20131209,48.84,48.84,48.84,48.84,381,0
20131210,48.927,48.947,48.849,48.947,1514,0
20131211,48.859,48.897,48.663,48.663,2358,0
20131212,48.623,48.633,48.623,48.623,516,0
20131216,48.821,49.007,48.723,48.723,635,0
20131217,48.633,48.802,48.614,48.802,5107,0
20131218,48.753,49.037,46.534,48.723,6861,0
20131220,48.398,48.673,48.398,48.418,2985,0
20131223,48.478,48.643,48.388,48.428,3575,0
20131224,48.604,48.604,48.555,48.585,513,0
20131226,48.205,48.311,48.195,48.292,2757,0
20131227,48.292,48.292,48.145,48.165,6512,0
20131230,48.398,48.663,48.398,48.663,5500,0
20131231,48.469,48.469,48.429,48.429,1937,0
20140102,48.224,48.224,48.195,48.195,3170,0
20140106,48.253,48.388,48.253,48.273,3531,0
20140107,48.292,48.292,48.292,48.292,4809,0
20140108,48.33,48.34,48.195,48.195,804,0
20140110,48.878,48.888,48.653,48.743,1597,0
20140114,48.83,48.83,48.663,48.663,2857,0
20140115,48.488,48.507,48.488,48.507,538,0
20140116,48.478,48.585,48.478,48.585,3136,0
20140117,48.683,48.683,48.673,48.673,1634,0
20140121,48.783,48.783,48.783,48.783,229,0
20140122,48.614,48.614,48.536,48.536,2562,0
20140123,48.802,48.802,48.693,48.693,1070,0
20140124,48.703,48.703,48.517,48.575,8521,0
20140127,47.627,48.683,47.627,48.517,2663,0
20140128,48.488,48.595,48.488,48.565,4143,0
20140129,48.614,48.743,48.614,48.743,513,0
20140130,48.488,48.527,48.488,48.527,804,0
20140131,48.479,48.595,48.479,48.555,2415,0
20140203,48.544,48.553,48.505,48.544,2801,0
20140204,48.505,48.505,48.505,48.505,366,0
20140205,48.583,48.583,48.583,48.583,201,0
20140206,48.602,48.661,48.544,48.544,932,0
20140207,48.781,48.781,48.701,48.741,1420,0
20140210,48.681,48.79,48.515,48.515,2214,0
20140211,48.563,48.711,48.563,48.701,2811,0
20140212,48.553,48.583,48.496,48.573,2633,0
20140213,48.681,48.781,48.681,48.781,5808,0
20140214,48.915,48.915,48.915,48.915,444,0
20140218,49.035,49.19,49.035,49.103,1405,0
20140219,48.895,48.895,48.857,48.857,688,0
20140220,48.828,48.965,48.828,48.886,642,0
20140221,49.015,49.142,49.015,49.035,2092,0
20140224,49.24,49.24,49.132,49.132,380,0
20140225,49.22,49.33,49.22,49.25,2843,0
20140227,49.378,49.396,48.416,48.416,1010,0
20140228,49.563,49.653,49.563,49.653,994,0
20140303,49.591,49.591,49.591,49.591,249,0
20140304,49.591,49.591,49.491,49.491,1169,0
20140305,49.641,49.669,49.621,49.621,3260,0
20140310,49.384,49.471,49.367,49.471,920,0
20140312,49.481,49.481,49.422,49.461,1449,0
20140313,49.679,49.766,49.679,49.766,6544,0
20140314,49.571,49.697,49.551,49.697,3827,0
20140317,49.716,49.716,49.716,49.716,759,0
20140318,49.805,49.805,49.805,49.805,280,0
20140319,49.756,49.756,49.091,49.237,13074,0
20140320,49.177,49.177,49.032,49.032,2728,0
20140321,49.357,49.403,49.297,49.403,1199,0
20140325,49.521,49.521,49.481,49.481,819,0
20140326,49.669,49.815,49.669,49.688,3068,0
20140328,50.059,50.059,49.855,49.895,15503,0
20140331,49.989,50.069,49.979,49.979,2044,0
20140401,49.922,49.977,49.893,49.893,7668,0
20140402,50.017,50.017,49.713,49.713,1806,0
20140403,49.833,49.833,49.833,49.833,544,0
20140404,50.057,50.137,50.057,50.137,5449,0
20140407,50.282,50.282,50.147,50.187,1123,0
20140408,50.292,50.527,50.292,50.499,2307,0
20140409,50.411,50.43,50.292,50.421,7954,0
20140410,50.665,50.685,50.655,50.655,1252,0
20140411,50.755,50.755,50.665,50.755,1117,0
20140414,50.735,50.735,50.615,50.735,678,0
20140415,50.774,50.774,50.774,50.774,321,0
20140416,50.725,50.725,50.725,50.725,244,0
20140421,50.715,50.715,50.715,50.715,272,0
20140422,50.555,50.725,50.555,50.725,31447,0
20140423,50.725,50.764,50.655,50.755,9096,0
20140424,50.84,50.84,50.84,50.84,256,0
20140429,50.782,50.812,50.705,50.735,18443,0
20140430,50.9,50.989,50.831,50.91,7838,0
20140501,51.056,51.056,50.988,51.056,4617,0
20140502,50.958,51.274,50.733,51.274,1069,0
20140505,51.264,51.264,51.134,51.184,7410,0
20140506,51.312,51.419,51.294,51.371,2404,0
20140507,51.381,51.381,51.381,51.381,519,0
20140508,51.498,51.508,51.459,51.508,2357,0
20140509,51.274,51.303,51.274,51.303,518,0
20140512,51.124,51.234,51.106,51.194,4519,0
20140513,51.194,51.194,51.194,51.194,528,0
20140514,51.429,51.429,51.429,51.429,697,0
20140515,51.615,51.665,51.615,51.665,2844,0
20140516,51.655,51.665,51.635,51.645,1088,0
20140519,51.645,51.645,51.538,51.587,1327,0
20140520,51.391,51.391,51.351,51.371,719,0
20140522,51.449,51.449,51.449,51.449,1133,0
20140523,51.578,51.597,51.508,51.508,2059,0
20140527,51.371,51.371,51.371,51.371,244,0
20140528,51.411,51.568,51.411,51.508,6659,0
20140529,51.625,51.822,51.625,51.792,1550,0
20140530,51.733,51.733,51.733,51.733,180,0
20140602,51.252,51.252,51.252,51.252,381,0
20140603,51.212,51.212,51.094,51.094,338,0
20140604,51.084,51.084,50.916,50.916,842,0
20140606,51.37,51.37,51.37,51.37,346,0
20140609,51.39,51.39,51.292,51.35,9199,0
20140610,51.132,51.182,51.132,51.162,1114,0
20140611,51.222,51.242,51.172,51.172,2360,0
20140612,51.478,51.478,51.448,51.448,1545,0
20140613,51.36,51.537,51.36,51.537,1043,0
20140616,51.517,51.517,51.517,51.517,530,0
20140617,51.34,51.39,51.172,51.172,5423,0
20140618,51.32,51.38,51.252,51.252,7479,0
20140619,51.733,51.753,51.37,51.448,24107,0
20140620,51.527,51.527,51.497,51.497,330,0
20140623,51.645,51.695,51.527,51.527,23864,0
20140624,51.655,51.783,51.655,51.695,34272,0
20140625,51.861,51.861,51.861,51.861,999,0
20140626,51.95,52.067,51.95,52.037,18587,0
20140627,52.127,52.127,51.98,52.087,7731,0
20140630,52.017,52.017,52.017,52.017,238,0
20140701,52.086,52.086,51.969,51.997,1014,0
20140702,51.643,51.741,51.643,51.663,2630,0
20140703,51.771,51.771,51.771,51.771,1593,0
20140707,51.83,51.879,51.781,51.79,32135,0
20140708,51.949,52.046,51.939,52.007,25426,0
20140709,51.969,52.046,51.969,52.046,1658,0
20140710,52.026,52.086,52.026,52.086,555,0
20140711,52.156,52.156,52.086,52.156,1146,0
20140714,52.076,52.076,52.056,52.066,783,0
20140715,52.096,52.185,51.929,52.076,5423,0
20140716,52.046,52.046,51.988,52.046,3861,0
20140717,52.026,52.156,51.997,52.156,4483,0
20140718,52.156,52.215,52.106,52.215,1713,0
20140721,52.274,52.274,52.215,52.255,3925,0
20140722,52.175,52.175,52.175,52.175,1123,0
20140723,52.274,52.274,52.274,52.274,1110,0
20140724,52.156,52.156,52.156,52.156,1338,0
20140725,52.235,52.235,52.195,52.195,5882,0
20140728,52.156,52.225,52.156,52.195,2111,0
20140729,52.185,52.235,52.185,52.235,948,0
20140730,51.79,51.969,51.771,51.8,2527,0
20140731,51.751,51.869,51.751,51.869,692,0
20140801,51.8,51.879,51.8,51.879,637,0
20140805,51.662,51.751,51.563,51.751,4227,0
20140806,51.622,51.741,51.622,51.741,3082,0
20140807,51.79,51.79,51.771,51.771,984,0
20140808,51.909,51.969,51.909,51.969,393,0
20140811,51.83,51.929,51.83,51.83,1891,0
20140812,51.84,51.84,51.84,51.84,640,0
20140813,51.909,51.919,51.909,51.919,1760,0
20140814,51.989,51.989,51.989,51.989,333,0
20140815,52.295,52.355,52.087,52.355,1256,0
20140819,52.157,52.157,52.027,52.027,2724,0
20140820,52.047,52.047,52.047,52.047,504,0
20140821,51.989,52.107,51.989,52.107,782,0
20140822,51.998,51.998,51.8,51.959,1671,0
20140825,51.879,51.969,51.879,51.969,2877,0
20140826,52.137,52.137,52.037,52.037,744,0
20140827,52.206,52.246,52.206,52.246,825,0
20140828,52.435,52.455,52.365,52.455,2507,0
20140829,52.544,52.544,52.465,52.465,1875,0
20140902,52.245,52.285,52.205,52.225,15623,0
20140903,52.285,52.295,52.225,52.245,5257,0
20140904,51.838,51.838,51.828,51.838,786,0
20140905,51.997,52.066,51.987,51.987,3113,0
20140908,51.619,51.779,51.321,51.361,2076,0
20140909,51.122,51.242,51.042,51.242,6831,0
20140910,50.953,50.962,50.913,50.913,877,0
20140911,50.992,51.052,50.992,51.052,900,0
20140912,50.773,50.813,50.713,50.753,2698,0
20140915,50.813,50.813,50.683,50.743,1377,0
20140916,50.683,50.843,50.683,50.733,3864,0
20140917,50.763,50.783,50.365,50.365,2513,0
20140918,50.473,50.603,50.473,50.563,8575,0
20140919,50.523,50.673,50.523,50.583,2798,0
20140922,50.613,50.693,50.613,50.663,970,0
20140923,50.743,50.743,50.613,50.733,3816,0
20140924,50.643,50.653,50.613,50.653,2165,0
20140926,50.414,50.414,50.414,50.414,284,0
20140929,50.405,50.405,50.345,50.405,814,0
20140930,50.225,50.355,50.225,50.345,669,0
20141001,50.414,50.424,50.385,50.424,1416,0
20141002,50.375,50.503,50.325,50.325,424,0
20141003,49.955,50.015,49.955,50.015,488,0
20141006,50.355,50.355,50.255,50.355,375,0
20141007,50.503,50.683,50.503,50.683,250,0
20141008,50.733,50.753,50.613,50.713,4664,0
20141010,50.793,50.903,50.793,50.823,879,0
20141013,51.122,51.122,51.022,51.022,3934,0
20141014,50.583,51.002,50.583,51.002,2732,0
20141015,51.471,51.481,50.933,50.933,12019,0
20141016,50.933,50.933,50.933,50.933,355,0
20141017,50.863,51.082,50.863,51.012,2344,0
20141020,51.042,51.282,51.042,51.282,829,0
20141021,51.082,51.132,51.042,51.042,1565,0
20141023,50.553,50.593,50.553,50.593,3006,0
20141027,50.673,50.713,50.603,50.713,1326,0
20141028,50.823,50.833,50.823,50.833,611,0
20141029,50.833,50.853,50.325,50.365,3562,0
20141030,50.813,50.813,50.803,50.803,2368,0
20141031,50.453,50.453,50.453,50.453,502,0
20141105,50.135,50.235,50.135,50.135,6343,0
20141106,50.105,50.105,49.806,49.826,6668,0
20141107,50.215,50.215,50.095,50.215,422,0
20141110,50.175,50.275,49.466,49.925,34922,0
20141111,50.305,50.305,50.125,50.125,470,0
20141112,50.315,50.315,49.876,49.975,2710,0
20141113,50.125,50.125,50.005,50.025,2318,0
20141117,49.726,49.766,49.726,49.766,521,0
20141118,50.065,50.065,49.876,49.876,1387,0
20141119,50.015,50.025,49.975,49.985,2407,0
20141120,49.995,50.095,49.965,49.965,635,0
20141121,50.145,50.305,50.135,50.185,3584,0
20141124,50.205,50.345,50.205,50.285,1484,0
20141125,50.613,50.813,50.513,50.593,12176,0
20141126,50.893,50.893,50.893,50.893,341,0
20141128,50.593,50.753,50.463,50.513,4211,0
20141201,50.683,50.683,50.673,50.673,698,0
20141202,50.235,50.235,50.005,50.015,936,0
20141203,50.035,50.185,50.035,50.055,1763,0
20141204,50.245,50.365,50.245,50.365,958,0
20141205,49.846,50.035,49.846,50.035,1397,0
20141208,50.115,50.175,50.035,50.165,1583,0
20141209,50.473,50.473,50.414,50.414,329,0
20141210,51.331,51.331,50.205,50.395,4031,0
20141211,50.075,50.165,50.025,50.145,1503,0
20141212,50.295,50.295,50.155,50.155,622,0
20141215,49.866,50.105,49.866,49.975,1618,0
20141216,50.005,50.005,50.005,50.005,311,0
20141217,50.055,50.245,49.616,49.706,33096,0
20141218,49.626,49.726,49.626,49.726,722,0
20141219,49.546,49.686,49.476,49.686,1380,0
20141222,49.726,49.726,49.726,49.726,374,0
20141223,49.416,49.416,49.237,49.247,10338,0
20141224,49.32,49.32,49.2,49.26,1082,0
20141226,49.16,49.37,49.16,49.37,2670,0
20141229,49.51,49.52,49.4,49.4,3878,0
20141230,49.64,49.65,49.59,49.65,8274,0
20150102,49.7,49.7,49.47,49.58,584,0
20150105,49.46,49.46,49.4,49.4,3447,0
20150106,49.63,49.63,49.35,49.35,1626,0
20150107,49.25,49.37,49.24,49.31,15335,0
20150108,49.18,49.2,49.13,49.13,1653,0
20150109,49.52,49.83,49.52,49.83,1870,0
20150112,49.51,49.65,49.51,49.62,3079,0
20150113,49.63,49.74,49.51,49.51,1238,0
20150114,49.89,50.03,49.89,49.96,1783,0
20150115,50.02,50.3,50.02,50.3,324,0
20150116,49.97,49.97,49.97,49.97,202,0
20150120,50.24,50.26,50.24,50.26,1262,0
20150121,50.419,50.419,50,50.22,1129,0
20150123,49.95,50.18,49.95,50.18,2019,0
20150126,50.02,50.08,50,50.08,1647,0
20150127,50.25,50.25,50.07,50.07,374,0
20150128,50.16,50.38,50.16,50.38,8712,0
20150129,50.11,50.11,50.11,50.11,500,0
20150130,49.89,49.9,49.89,49.89,300,0
20150202,50.1,50.1,50.1,50.1,188,0
20150204,49.91,49.91,49.89,49.89,469,0
20150205,49.79,49.88,49.79,49.88,833,0
20150206,49.17,49.24,49.17,49.24,8023,0
20150209,49.22,49.22,49.22,49.22,666,0
20150210,48.8,48.8,48.79,48.79,639,0
20150211,48.59,48.67,48.47,48.56,7091,0
20150218,48.65,48.93,48.63,48.87,10211,0
20150219,48.65,48.79,48.65,48.65,2459,0
20150220,48.7,48.75,48.7,48.75,394,0
20150223,48.82,48.89,48.82,48.89,665,0
20150224,49.04,49.21,48.98,49.11,11487,0
20150225,49.14,49.14,49.09,49.09,530,0
20150227,49.03,49.34,49.03,49.32,6190,0
20150302,49.43,49.43,48.89,48.92,1500,0
20150303,49.01,49.01,48.97,48.97,400,0
20150304,48.56,48.56,48.4,48.41,3304,0
20150305,48.62,48.62,48.25,48.33,9708,0
20150306,47.69,47.69,47.6,47.6,1500,0
20150309,47.61,47.65,47.59,47.59,5604,0
20150310,47.52,47.52,47.52,47.52,800,0
20150311,47.45,47.45,47.45,47.45,300,0
20150312,47.59,47.81,47.45,47.65,1000,0
20150313,47.111,47.131,47.111,47.131,300,0
20150316,47.39,47.76,47.23,47.42,2000,0
20150317,47.26,47.4,47.23,47.4,600,0
20150318,47.46,48.6,47.46,48.6,13212,0
20150319,48.6,48.6,48.6,48.6,100,0
20150320,48.6,48.6,48.6,48.6,1400,0
20150323,49.04,49.16,48.82,49.16,1600,0
20150324,48.92,49.22,48.92,49.22,1800,0
20150325,49.22,49.22,49.22,49.22,100,0
20150326,48.73,48.81,48.6,48.81,3004,0
20150327,48.76,48.97,48.73,48.73,1500,0
20150330,48.73,48.73,48.73,48.73,100,0
20150331,48.45,48.64,48.45,48.64,530,0
20150401,48.67,48.83,48.67,48.77,900,0
20150402,48.77,48.83,48.77,48.79,2000,0
20150406,49.16,49.16,49.1,49.1,700,0
20150407,49.18,49.18,49.18,49.18,257,0
20150408,49.21,49.23,49.07,49.23,700,0
20150409,49.23,49.23,49.23,49.23,67,0
20150410,49.23,49.23,49.23,49.23,100,0
20150413,48.79,48.79,48.55,48.55,300,0
20150414,48.94,49.08,48.89,48.89,13512,0
20150415,49.14,49.26,49.14,49.26,930,0
20150416,49.12,49.46,49.12,49.12,778,0
20150417,49.46,49.46,49.34,49.34,500,0
20150420,49.34,49.36,49.21,49.28,9683,0
20150421,49.24,49.25,49.21,49.25,1178,0
20150422,49.07,49.07,48.91,48.91,1364,0
20150423,49.28,49.45,49.28,49.33,1000,0
20150424,49.41,49.76,49.41,49.73,10208,0
20150427,49.73,49.73,49.62,49.62,2100,0
20150428,49.65,49.65,49.65,49.65,100,0
20150429,49.63,49.71,49.61,49.61,6004,0
20150430,49.56,49.77,49.56,49.73,21316,0
20150501,49.24,49.25,49.24,49.25,500,0
20150504,49.25,49.25,49.25,49.25,200,0
20150505,48.74,49.03,48.74,48.89,4103,0
20150506,48.82,48.82,48.82,48.82,392,0
20150507,48.97,49.05,48.95,49.05,2667,0
20150508,49.45,49.45,49.32,49.34,2000,0
20150511,49.31,49.31,49.15,49.15,400,0
20150512,49.15,49.26,49.13,49.13,1614,0
20150513,49.51,49.51,49.26,49.33,400,0
20150514,49.32,49.42,49.32,49.38,2200,0
20150515,49.86,49.86,49.86,49.86,296,0
20150518,49.39,49.39,49.28,49.28,508,0
20150519,49.2,49.2,48.96,49.02,6103,0
20150520,49.02,49.02,49.02,49.02,100,0
20150521,49.16,49.16,49.1,49.1,800,0
20150522,48.8,48.8,48.8,48.8,100,0
20150526,48.8,48.8,48.8,48.8,38,0
20150527,48.59,48.59,48.57,48.57,10506,0
20150528,48.45,48.63,48.45,48.63,1276,0
20150529,48.65,48.81,48.65,48.81,700,0
20150601,48.57,48.57,48.32,48.37,1640,0
20150602,48.61,48.62,48.47,48.47,8801,0
20150603,48.12,48.25,48.03,48.25,800,0
20150604,48.25,48.25,48.25,48.25,100,0
20150605,47.95,48.04,47.87,48.04,700,0
20150608,48.12,48.12,48.12,48.12,400,0
20150609,48.21,48.27,48.21,48.27,237,0
20150610,48.21,48.32,48.15,48.32,956,0
20150611,48.6,48.6,48.45,48.45,261,0
20150612,48.46,48.46,48.37,48.37,1100,0
20150615,48.33,48.46,48.33,48.46,700,0
20150616,48.46,48.46,48.46,48.46,100,0
20150617,48.64,48.67,48.64,48.67,1000,0
20150618,49.14,49.14,48.84,48.89,8604,0
20150619,48.98,48.98,48.93,48.94,3902,0
20150622,48.82,48.82,48.66,48.78,800,0
20150623,48.39,48.57,48.39,48.57,1642,0
20150624,48.45,48.57,48.45,48.57,4102,0
20150625,48.55,48.58,48.55,48.58,800,0
20150626,48.58,48.58,48.58,48.58,100,0
20150629,48.56,48.56,48.54,48.55,1400,0
20150630,48.68,48.68,48.62,48.62,570,0
20150701,48.62,48.62,48.62,48.62,100,0
20150702,48.62,48.62,48.62,48.62,100,0
20150706,48.39,48.39,48.39,48.39,600,0
20150707,48.53,48.53,48.52,48.52,1400,0
20150708,48.49,48.5,48.49,48.5,400,0
20150709,48.03,48.05,48.03,48.05,1000,0
20150710,47.88,47.88,47.88,47.88,300,0
20150713,47.81,47.86,47.81,47.81,400,0
20150714,47.81,47.81,47.81,47.81,52,0
20150715,47.81,47.81,47.81,47.81,486,0
20150716,48.06,48.24,48.06,48.16,2300,0
20150717,48,48,48,48,400,0
20150720,47.89,48,47.88,48,1000,0
20150721,47.99,47.99,47.99,47.99,200,0
20150722,48.2,48.2,48.2,48.2,200,0
20150723,48,48.14,47.99,48.05,1900,0
20150724,48.08,48.08,48.04,48.04,300,0
20150727,48.23,48.23,48.23,48.23,100,0
20150728,48.14,48.14,48.14,48.14,100,0
20150729,48.02,48.17,48.02,48.04,1900,0
20150730,48.07,48.07,48.04,48.04,200,0
20150731,48.04,48.04,48.04,48.04,100,0
20150803,48.31,48.33,48.2,48.2,2711,0
20150804,47.89,47.89,47.89,47.89,100,0
20150805,47.82,47.82,47.72,47.78,1800,0
20150806,47.73,47.73,47.73,47.73,355,0
20150807,48,48.26,48,48.26,900,0
