Date,Open,High,Low,Close,Volume,OpenInt
20120503,47.806,47.806,47.4,47.4,8691,0
20120504,47.514,47.796,47.505,47.589,25782,0
20120507,47.87,47.87,47.626,47.694,33883,0
20120508,47.862,48.109,47.825,47.919,29843,0
20120509,47.684,47.721,47.626,47.635,10248,0
20120510,47.626,47.776,47.609,47.776,11537,0
20120511,47.806,47.87,47.4,47.635,15414,0
20120514,48.04,48.04,47.214,47.449,24045,0
20120515,47.371,47.371,46.98,47.091,32620,0
20120516,46.866,47.023,46.808,46.903,14711,0
20120517,46.799,46.799,46.667,46.79,5110,0
20120518,46.92,47.543,46.92,47.195,4944,0
20120521,47.251,47.307,47.251,47.307,1275,0
20120522,47.371,47.635,47.233,47.233,8773,0
20120523,47.062,47.128,46.376,47.128,29929,0
20120524,47.101,47.148,46.95,46.95,10995,0
20120525,47.157,47.157,47.148,47.157,637,0
20120529,47.4,47.4,47.204,47.243,4604,0
20120530,47.195,47.195,46.98,46.989,1690,0
20120531,47.167,47.167,46.93,46.98,2575,0
20120601,47.167,47.186,47.071,47.186,17018,0
20120604,47.157,47.157,46.357,46.893,8068,0
20120605,47.138,47.138,46.366,46.92,3844,0
20120606,47.071,47.071,47.023,47.023,1614,0
20120607,46.97,47.12,46.97,47.091,894,0
20120608,46.393,47.023,46.393,47.007,7363,0
20120611,47.12,47.12,46.735,46.735,3125,0
20120612,46.638,46.647,46.442,46.46,1886,0
20120613,46.706,46.706,46.49,46.507,532,0
20120614,46.46,46.735,46.46,46.735,894,0
20120615,46.771,46.98,46.771,46.98,3532,0
20120618,46.98,47.053,46.98,46.98,1632,0
20120620,47.39,47.589,47.033,47.478,8559,0
20120621,47.26,47.26,47.053,47.053,4996,0
20120622,46.754,46.883,46.706,46.883,4763,0
20120625,46.79,46.836,46.555,46.744,1727,0
20120626,46.555,46.799,46.555,46.799,6006,0
20120627,46.638,47.071,46.638,46.94,14036,0
20120628,46.93,47.176,46.93,46.93,7815,0
20120629,47.354,47.645,47.307,47.552,6366,0
20120702,47.87,47.965,47.713,47.825,17009,0
20120703,47.946,47.965,47.862,47.965,11460,0
20120705,47.938,47.938,47.731,47.776,6206,0
20120706,47.694,47.694,47.496,47.579,5524,0
20120709,47.919,47.919,47.439,47.571,4886,0
20120710,47.645,47.645,47.635,47.635,850,0
20120711,47.713,47.786,47.713,47.786,2233,0
20120712,47.757,47.815,47.645,47.684,16427,0
20120713,47.825,47.835,47.704,47.835,1612,0
20120716,47.965,48.012,47.835,47.938,9676,0
20120717,47.965,47.965,47.749,47.815,48934,0
20120718,48.144,48.144,47.919,48.012,25339,0
20120719,47.965,48.191,47.928,48.191,6942,0
20120720,48.144,48.181,47.965,48.173,4891,0
20120723,47.993,48.134,47.786,48.05,10021,0
20120724,48.012,48.079,47.684,47.946,6964,0
20120725,47.825,47.946,47.825,47.899,3931,0
20120726,48.22,48.257,48.089,48.191,17519,0
20120727,48.597,48.597,48.2,48.248,9418,0
20120730,48.321,48.321,48.059,48.163,30760,0
20120731,48.059,48.266,48.059,48.257,6082,0
20120801,48.257,48.331,47.845,47.845,17713,0
20120802,48.379,48.53,47.825,47.825,75337,0
20120803,48.295,48.613,48.295,48.597,6520,0
20120806,48.972,48.972,48.605,48.613,8735,0
20120807,48.613,48.613,48.436,48.484,2615,0
20120808,48.446,48.558,48.446,48.511,16332,0
20120809,48.511,48.54,48.511,48.54,427,0
20120810,48.53,48.577,48.52,48.52,1760,0
20120813,48.765,48.765,48.351,48.351,4759,0
20120814,48.465,48.511,48.285,48.295,7614,0
20120815,48.134,48.163,48.099,48.163,4519,0
20120816,48.022,48.295,48.022,48.22,21791,0
20120817,48.116,48.191,48.05,48.099,9945,0
20120820,48.181,48.181,48.032,48.032,1153,0
20120821,48.032,48.359,48.032,48.295,8969,0
20120822,48.399,48.456,48.295,48.456,1730,0
20120823,48.613,48.718,48.605,48.632,12148,0
20120824,48.671,48.841,48.558,48.587,3634,0
20120827,48.52,48.597,48.484,48.597,1702,0
20120828,48.605,48.698,48.605,48.698,3380,0
20120829,48.671,48.671,48.55,48.55,6014,0
20120830,48.484,48.567,48.379,48.53,6729,0
20120831,48.502,48.841,48.502,48.812,24879,0
20120904,49.058,49.058,48.793,48.876,4327,0
20120905,48.964,48.981,48.954,48.981,2192,0
20120906,49.301,49.301,48.934,49.02,18120,0
20120907,49.414,49.677,49.414,49.658,10932,0
20120910,49.912,49.912,49.48,49.509,16456,0
20120911,49.792,49.792,49.62,49.697,8716,0
20120912,49.648,49.648,49.424,49.554,16498,0
20120913,49.471,49.999,49.451,49.99,8856,0
20120914,50.308,50.308,50.127,50.252,21903,0
20120917,50.232,50.336,49.999,50.016,17968,0
20120918,50.271,50.271,49.99,50.044,15921,0
20120919,49.883,50.336,49.883,50.089,28289,0
20120920,50.223,50.223,49.873,50.127,40662,0
20120921,50.213,50.213,50.137,50.204,6751,0
20120924,50.176,50.176,49.999,50.025,15120,0
20120925,50.185,50.185,50.035,50.137,16392,0
20120926,50.185,50.185,49.942,50.137,9363,0
20120927,50.271,50.355,50.118,50.345,10154,0
20120928,50.722,50.722,50.194,50.223,8361,0
20121001,50.534,50.534,50.318,50.486,564343,0
20121002,50.534,50.805,50.534,50.637,543500,0
20121003,50.694,50.994,50.553,50.655,48135,0
20121004,50.815,51.014,50.722,50.994,7859,0
20121005,50.976,50.976,50.722,50.759,8943,0
20121008,50.787,50.815,50.646,50.646,4519,0
20121009,50.732,50.732,50.391,50.466,60114,0
20121010,50.587,50.587,50.466,50.587,19995,0
20121011,50.694,50.704,50.553,50.684,12532,0
20121012,50.796,50.832,50.665,50.796,45923,0
20121015,50.842,50.871,50.741,50.871,25924,0
20121016,50.928,50.928,50.759,50.805,27555,0
20121017,50.881,50.956,50.832,50.947,27484,0
20121018,50.712,50.947,50.712,50.805,33940,0
20121019,51.032,51.032,50.579,50.732,30277,0
20121022,50.787,50.787,50.637,50.741,16381,0
20121023,50.607,50.684,50.381,50.439,34852,0
20121024,50.524,50.579,50.401,50.569,17023,0
20121025,50.318,50.411,50.232,50.262,66066,0
20121026,50.391,50.486,50.176,50.391,8053,0
20121031,50.421,50.646,50.421,50.617,18323,0
20121101,50.787,50.787,50.665,50.674,6027,0
20121102,50.587,50.587,50.466,50.466,15320,0
20121105,50.411,50.506,50.411,50.506,11021,0
20121106,50.617,50.617,50.411,50.486,27161,0
20121107,50.579,50.579,50.411,50.476,15381,0
20121108,50.345,50.411,50.176,50.372,30704,0
20121109,50.496,50.496,50.242,50.252,15859,0
20121112,50.252,50.318,50.194,50.252,14635,0
20121113,50.223,50.223,50.118,50.147,17168,0
20121114,50.364,50.364,50.118,50.204,24137,0
20121115,50.127,50.232,50.127,50.223,2675,0
20121116,50.213,50.242,50.035,50.083,20626,0
20121119,50.252,50.336,50.147,50.166,35019,0
20121120,50.242,50.336,50.137,50.232,111529,0
20121121,50.127,50.156,49.999,50.016,28518,0
20121123,50.298,50.411,50.176,50.381,14570,0
20121126,50.458,50.458,50.29,50.411,10416,0
20121127,50.355,50.569,50.318,50.381,20437,0
20121128,50.506,50.674,50.411,50.43,33305,0
20121129,50.458,50.694,50.458,50.534,22828,0
20121130,50.534,50.832,50.476,50.476,35005,0
20121203,50.796,50.825,50.561,50.704,18719,0
20121204,50.787,51.022,50.787,51.022,7348,0
20121205,51.05,51.173,50.956,51.143,6107,0
20121206,51.086,51.26,51.077,51.22,12902,0
20121207,51.35,51.465,50.994,51.465,33276,0
20121210,51.585,51.868,51.23,51.314,50777,0
20121211,51.623,51.623,51.26,51.331,18326,0
20121212,51.143,51.27,51.096,51.22,27845,0
20121213,51.341,51.35,51.004,51.06,18460,0
20121214,51.068,51.24,51.022,51.163,12503,0
20121217,51.286,51.407,51.153,51.202,9203,0
20121218,51.202,51.558,51.202,51.314,26727,0
20121219,51.493,51.539,51.436,51.436,2019,0
20121220,51.708,51.708,51.341,51.426,13566,0
20121221,51.25,51.314,51.163,51.183,13630,0
20121224,51.304,51.304,51.21,51.25,10347,0
20121226,51.163,51.27,51.163,51.163,2362,0
20121227,51.329,51.375,51.302,51.375,15106,0
20121228,51.385,51.529,51.348,51.357,2888,0
20121231,51.293,51.632,51.293,51.434,17256,0
20130102,50.677,51.444,50.677,51.217,18289,0
20130103,51.207,51.227,50.971,51.056,9496,0
20130104,50.875,51.102,50.79,50.952,26384,0
20130107,51.375,51.375,50.942,51.169,36335,0
20130108,51.139,51.159,51.037,51.082,9790,0
20130109,51.121,51.121,50.971,51.074,10075,0
20130110,51.102,51.348,51.102,51.159,172735,0
20130111,51.52,51.585,51.267,51.538,39648,0
20130114,51.642,51.672,51.463,51.672,23478,0
20130115,51.662,51.757,51.575,51.594,182699,0
20130116,51.738,51.738,51.385,51.585,11086,0
20130117,51.747,51.747,51.339,51.575,74292,0
20130118,51.691,51.691,51.434,51.52,11113,0
20130122,51.529,51.662,51.414,51.623,38613,0
20130123,51.747,51.747,51.529,51.691,24094,0
20130124,51.728,51.728,51.575,51.672,54390,0
20130125,51.652,51.718,51.444,51.444,28334,0
20130128,51.567,51.567,51.102,51.492,24396,0
20130129,51.575,51.642,51.444,51.557,37399,0
20130130,51.557,51.766,51.434,51.691,100843,0
20130131,51.718,51.718,51.483,51.613,14928,0
20130201,51.698,51.859,51.604,51.804,71465,0
20130204,51.691,51.822,51.492,51.529,39232,0
20130205,51.575,51.594,51.492,51.594,16559,0
20130206,51.395,51.483,51.339,51.375,11069,0
20130207,51.385,51.424,51.237,51.321,35310,0
20130208,51.267,51.293,51.199,51.199,12238,0
20130211,51.199,51.199,51.009,51.102,18095,0
20130212,51.652,51.652,50.961,51.13,11795,0
20130213,51.169,51.217,51.139,51.217,3603,0
20130214,51.217,51.217,51.074,51.199,22667,0
20130215,51.121,51.159,51.064,51.159,14431,0
20130219,51.102,51.189,51.009,51.189,18539,0
20130220,51.189,51.189,50.933,50.933,18416,0
20130221,50.847,50.847,50.687,50.772,9310,0
20130222,50.914,50.961,50.754,50.885,8788,0
20130225,50.875,51.046,50.799,50.856,20538,0
20130226,50.837,50.837,50.555,50.639,15844,0
20130227,50.725,50.971,50.725,50.914,13031,0
20130228,51.102,51.102,50.772,51.037,12516,0
20130301,50.924,50.924,50.677,50.866,6740,0
20130304,50.961,50.981,50.895,50.981,10821,0
20130305,51.009,51.102,51.009,51.102,54677,0
20130306,50.981,51.189,50.866,51.037,78973,0
20130307,50.952,51.121,50.952,51.046,43075,0
20130308,50.942,51.046,50.754,50.981,67763,0
20130311,50.999,50.999,50.819,50.952,21674,0
20130312,51.046,51.102,50.961,51.082,34181,0
20130313,50.961,51.082,50.837,50.933,52940,0
20130314,50.933,50.99,50.782,50.961,29017,0
20130315,51.046,51.064,50.847,50.942,21964,0
20130318,50.942,51.037,50.942,51.009,1696,0
20130319,51.009,51.046,50.961,51.046,2982,0
20130320,51.121,51.121,50.914,50.933,47519,0
20130321,50.961,51.009,50.772,50.809,56497,0
20130322,50.735,50.99,50.735,50.914,46550,0
20130325,51.312,51.312,50.745,50.819,27764,0
20130326,50.555,51.092,50.555,50.933,33568,0
20130327,51.102,51.102,50.875,50.961,6663,0
20130328,50.866,51.284,50.866,51.092,12192,0
20130401,51.046,51.339,50.648,50.961,5832,0
20130402,51.237,51.247,51.019,51.092,23131,0
20130403,51.111,51.339,50.819,50.999,21387,0
20130404,50.952,51.274,50.687,51.199,47987,0
20130405,51.217,51.869,50.837,51.869,16447,0
20130408,52.012,52.124,51.623,51.632,32276,0
20130409,51.747,51.926,51.718,51.849,15775,0
20130410,51.385,51.936,51.385,51.747,31713,0
20130411,51.83,52.085,51.83,51.907,3149,0
20130412,52.049,52.075,51.728,51.849,6903,0
20130415,51.757,51.757,51.444,51.492,10684,0
20130416,51.691,51.794,51.567,51.794,14392,0
20130417,51.766,51.965,51.159,51.405,14046,0
20130418,51.757,51.757,51.293,51.357,23579,0
20130419,51.652,51.784,51.207,51.207,21920,0
20130422,51.274,51.492,51.207,51.302,30356,0
20130423,51.907,51.907,51.434,51.594,8053,0
20130424,51.179,51.652,51.179,51.613,6983,0
20130425,51.613,51.814,51.567,51.567,8324,0
20130426,51.414,51.955,51.414,51.936,13695,0
20130429,51.623,52.095,51.623,51.965,14585,0
20130430,52.115,52.174,52.022,52.022,3283,0
20130501,52.095,52.184,51.936,52.105,20113,0
20130502,52.075,52.095,51.955,51.993,42478,0
20130503,52.095,52.192,51.975,52.075,46459,0
20130506,52.085,52.085,51.718,51.945,64913,0
20130507,51.936,52.012,51.784,52.012,36842,0
20130508,52.04,52.305,51.975,52.174,49326,0
20130509,52.231,52.231,51.955,52.002,26420,0
20130510,51.623,51.623,51.064,51.312,35963,0
20130513,51.149,51.293,50.942,51.019,38486,0
20130514,51.199,51.227,50.677,50.677,16835,0
20130515,50.648,50.819,50.337,50.45,14165,0
20130516,50.629,50.819,50.59,50.754,12265,0
20130517,50.725,50.725,50.337,50.346,15588,0
20130520,50.468,50.572,50.29,50.459,13277,0
20130521,50.365,50.383,49.968,50.155,18942,0
20130522,50.847,50.847,49.871,49.998,50071,0
20130523,49.74,50.658,49.665,50.043,25703,0
20130524,50.024,50.108,49.871,49.901,60260,0
20130528,49.55,49.852,49.124,49.134,25242,0
20130529,48.926,49.022,48.813,48.823,13743,0
20130530,48.263,49.013,48.263,48.728,21469,0
20130531,48.377,48.68,48.377,48.482,29423,0
20130603,47.865,48.367,47.865,48.226,35509,0
20130604,48.141,48.549,48.141,48.349,67762,0
20130605,48.292,48.292,47.989,48.046,33950,0
20130606,48.095,48.226,47.8,48.095,42363,0
20130607,48.095,48.17,48.027,48.037,17956,0
20130610,47.809,47.829,47.471,47.554,16483,0
20130611,46.824,47.392,46.815,47.279,45727,0
20130612,47.335,47.489,47.138,47.186,19048,0
20130613,47.289,47.725,47.269,47.725,38705,0
20130614,47.545,47.942,47.545,47.668,21058,0
20130617,47.678,47.839,47.326,47.432,12098,0
20130618,47.364,47.392,47.364,47.364,669,0
20130619,47.602,47.602,46.844,46.844,17683,0
20130620,46.022,46.022,44.612,44.763,135827,0
20130621,45.65,45.65,44.706,45.047,17337,0
20130624,44.631,45.076,44.631,45.076,12569,0
20130625,45.435,45.642,45.207,45.568,9471,0
20130626,45.568,45.756,45.568,45.595,4074,0
20130627,45.794,46.115,45.794,45.926,5639,0
20130628,45.841,45.926,45.729,45.765,4935,0
20130701,45.785,46.105,45.765,45.765,5488,0
20130702,46.143,46.143,45.756,45.831,5951,0
20130703,45.831,45.955,45.831,45.851,2854,0
20130705,45.528,45.528,44.877,44.932,23601,0
20130708,45.019,45.246,45.019,45.178,4504,0
20130709,45.246,45.501,45.168,45.358,7984,0
20130710,45.293,45.509,45.255,45.284,2835,0
20130711,45.689,45.984,45.595,45.984,8505,0
20130712,45.642,45.926,45.642,45.87,20584,0
20130715,45.794,46.231,45.794,46.231,25519,0
20130716,46.437,46.57,46.314,46.551,13245,0
20130717,46.693,46.742,46.551,46.627,9236,0
20130718,46.598,46.617,46.398,46.551,5088,0
20130719,46.561,46.778,46.561,46.77,12939,0
20130722,46.834,47.09,46.824,46.834,700,0
20130723,46.854,47.148,46.854,47.052,11961,0
20130724,46.634,46.834,46.371,46.408,11019,0
20130725,46.24,46.456,46.24,46.456,13789,0
20130726,46.333,46.333,46.105,46.297,1247,0
20130729,46.192,46.388,45.86,46.268,11398,0
20130730,46.163,46.163,46.163,46.163,2594,0
20130731,45.66,46.105,45.66,46.105,1143,0
20130801,45.945,46.022,45.749,45.804,5654,0
20130802,45.888,46.041,45.831,46.041,22141,0
20130805,45.916,46.153,45.916,46.041,7585,0
20130806,46.182,46.333,46.182,46.333,1224,0
20130807,46.095,46.379,46.095,46.371,2368,0
20130808,46.371,46.608,46.371,46.598,4333,0
20130809,46.742,46.742,46.59,46.608,1352,0
20130812,46.57,46.874,46.523,46.58,3750,0
20130813,46.075,46.075,45.831,45.945,12851,0
20130814,45.814,45.823,45.538,45.577,17692,0
20130815,45.443,45.595,45.084,45.453,47030,0
20130816,45.387,45.473,45.047,45.076,5807,0
20130819,44.773,44.904,44.582,44.592,21161,0
20130820,44.592,45.047,44.592,44.942,16528,0
20130821,44.763,44.763,44.612,44.666,6903,0
20130822,44.48,44.573,44.309,44.348,10377,0
20130823,44.44,45.047,44.44,44.971,30069,0
20130826,45.121,45.121,44.848,44.848,8569,0
20130827,44.838,45.178,44.734,45.047,22696,0
20130828,44.951,45.112,44.922,45.112,18526,0
20130829,44.904,44.904,44.666,44.715,1644,0
20130830,44.715,44.81,44.563,44.715,16827,0
20130903,44.507,44.534,44.241,44.338,6379,0
20130904,44.602,44.602,44.402,44.402,4621,0
20130905,44.329,44.384,44.099,44.157,20578,0
20130906,44.44,44.781,44.44,44.582,25154,0
20130909,44.648,45.019,44.639,44.867,17592,0
20130910,44.791,44.932,44.734,44.819,14718,0
20130911,44.81,45.027,44.801,45.027,32206,0
20130912,45.047,45.246,45.047,45.103,6928,0
20130913,45.158,45.197,45.076,45.103,10085,0
20130916,45.66,45.66,45.481,45.528,22129,0
20130917,45.435,45.568,45.425,45.568,724,0
20130918,45.729,46.703,45.435,46.703,6400,0
20130919,46.713,46.901,46.634,46.805,6719,0
20130920,46.787,46.787,46.608,46.644,6678,0
20130923,46.634,46.844,46.617,46.815,8524,0
20130924,46.58,46.854,46.486,46.608,13901,0
20130925,46.561,46.674,46.523,46.674,508,0
20130926,46.551,46.551,46.314,46.314,507,0
20130927,46.323,46.456,46.323,46.437,845,0
20130930,46.505,46.505,46.505,46.505,106,0
20131001,46.486,46.693,46.486,46.634,739,0
20131002,46.787,46.864,46.634,46.634,1434,0
20131003,46.541,46.644,46.541,46.644,424,0
20131004,46.815,46.815,46.627,46.674,2674,0
20131007,46.91,46.969,46.891,46.891,3064,0
20131008,46.752,46.752,46.693,46.703,1691,0
20131009,46.541,46.664,46.541,46.664,845,0
20131010,46.713,46.891,46.654,46.684,3333,0
20131011,46.674,46.881,46.654,46.881,5827,0
20131015,46.703,46.742,46.59,46.59,1472,0
20131016,46.742,46.752,46.59,46.752,3077,0
20131017,47.013,47.176,47.013,47.138,3997,0
20131018,47.298,47.298,47.176,47.176,1545,0
20131021,46.979,47.157,46.979,47.157,950,0
20131022,47.205,47.441,47.205,47.392,2571,0
20131023,47.289,47.422,47.279,47.422,2737,0
20131024,47.252,47.471,47.252,47.471,2023,0
20131025,47.355,47.461,47.298,47.382,627,0
20131028,47.471,47.648,47.392,47.392,13119,0
20131029,47.355,47.526,47.234,47.298,88346,0
20131030,47.252,47.422,47.252,47.345,751,0
20131031,47.022,47.042,46.76,46.76,1797,0
20131101,46.654,46.654,46.192,46.202,1968,0
20131105,46.297,46.297,45.935,45.935,4516,0
20131106,46.259,46.259,46.041,46.041,355,0
20131107,45.916,46.105,45.916,46.041,2524,0
20131108,45.669,45.669,45.558,45.558,11307,0
20131111,45.425,45.435,43.363,45.425,3277,0
20131112,45.425,45.425,45.284,45.284,316,0
20131113,45.473,45.518,45.473,45.518,9901,0
20131114,45.794,45.794,45.756,45.756,845,0
20131115,45.851,46.134,45.814,46.134,2416,0
20131118,46.388,46.388,46.163,46.343,1747,0
20131119,46.231,46.388,46.075,46.085,2244,0
20131120,45.994,46.067,45.945,46.041,5305,0
20131121,45.749,45.88,45.615,45.831,12980,0
20131122,46.004,46.105,45.888,46.095,3744,0
20131125,45.794,45.926,45.794,45.926,945,0
20131126,45.926,46.06,45.906,45.906,458,0
20131127,45.896,45.896,45.709,45.775,1267,0
20131129,45.568,45.568,45.443,45.501,12264,0
20131202,45.367,45.367,45.303,45.303,1087,0
20131203,45.568,45.568,45.303,45.339,12732,0
20131204,44.895,45.178,44.895,45.094,14654,0
20131205,45.236,45.236,45.121,45.121,567,0
20131206,45.377,45.586,45.303,45.395,6938,0
20131209,45.367,45.739,45.367,45.689,4606,0
20131210,45.558,45.841,45.558,45.841,3033,0
20131211,45.576,45.804,45.576,45.624,3656,0
20131212,45.366,45.576,45.366,45.366,1988,0
20131213,45.756,45.765,45.518,45.765,1292,0
20131216,45.719,45.804,45.709,45.709,2219,0
20131217,45.547,45.852,45.547,45.709,5726,0
20131218,45.975,45.975,45.709,45.709,821,0
20131219,45.699,45.699,45.024,45.576,16094,0
20131220,45.366,45.605,45.254,45.263,2655,0
20131223,45.146,45.442,45.146,45.311,4773,0
20131224,45.11,45.595,45.11,45.282,2597,0
20131226,44.465,45.101,44.083,44.597,12191,0
20131227,45.016,45.034,44.939,45.034,12271,0
20131230,44.968,45.567,44.968,45.348,67406,0
20131231,45.082,45.321,45.082,45.272,4237,0
20140102,45.063,45.138,45.044,45.138,2752,0
20140103,44.958,45.348,44.883,45.348,1011,0
20140106,45.311,45.311,45.263,45.263,1299,0
20140107,45.586,45.586,45.082,45.414,4947,0
20140109,45.215,45.263,45.215,45.215,1477,0
20140110,45.366,45.462,45.282,45.292,5336,0
20140113,45.348,45.936,45.338,45.414,1991,0
20140114,45.756,45.756,45.756,45.756,431,0
20140115,45.225,45.225,45.215,45.215,1061,0
20140116,45.357,45.414,45.321,45.321,2481,0
20140117,45.254,45.254,45.176,45.186,6258,0
20140121,45.442,45.48,45.225,45.394,5129,0
20140122,45.196,45.311,45.176,45.176,3002,0
20140123,45.225,45.394,45.166,45.166,646,0
20140124,45.166,45.215,45.063,45.215,17326,0
20140127,45.044,45.146,44.987,45.024,4706,0
20140128,45.016,45.082,45.016,45.024,9295,0
20140129,45.006,45.186,44.939,44.958,36118,0
20140130,44.948,45.034,44.911,44.929,14500,0
20140131,44.874,45.082,44.787,44.854,29311,0
20140203,44.911,44.948,44.854,44.864,7571,0
20140204,44.769,45.034,44.769,45.016,12136,0
20140205,44.834,45.357,43.905,45.263,36544,0
20140206,45.176,45.321,45.176,45.311,9662,0
20140207,45.016,45.605,45.016,45.321,423,0
20140210,45.321,45.605,45.321,45.404,3131,0
20140211,44.929,45.595,44.929,45.348,10135,0
20140212,44.958,45.386,44.958,45.146,3628,0
20140213,45.254,45.605,45.254,45.605,21500,0
20140214,45.462,45.508,45.196,45.196,13175,0
20140218,45.394,45.756,45.394,45.576,3001,0
20140219,45.605,45.794,45.605,45.719,18234,0
20140220,45.709,45.709,45.586,45.605,3124,0
20140221,45.699,45.699,45.669,45.669,1201,0
20140224,45.749,45.749,45.749,45.749,190,0
20140225,45.756,46.077,45.756,46.077,4214,0
20140226,45.547,45.605,45.537,45.605,938,0
20140227,46.145,46.145,46.051,46.051,893,0
20140228,46.005,46.43,46.005,46.204,1514,0
20140303,46.223,46.252,46.223,46.233,703,0
20140304,46.223,46.489,46.107,46.107,3688,0
20140305,46.097,46.44,46.097,46.223,576,0
20140306,46.27,46.364,46.26,46.364,4868,0
20140307,45.814,45.814,45.634,45.634,667,0
20140310,45.749,45.852,45.749,45.842,11642,0
20140311,46.354,46.354,46.145,46.145,1080,0
20140312,45.897,46.346,45.871,45.956,3292,0
20140313,45.985,46.498,45.985,46.223,3439,0
20140314,46.223,46.326,46.06,46.298,4033,0
20140317,46.354,46.545,46.354,46.545,4204,0
20140318,46.411,46.43,46.411,46.43,948,0
20140319,45.861,46.489,45.861,46.135,10549,0
20140320,45.861,46.289,45.861,46.289,11191,0
20140321,46.194,46.194,45.871,46.033,17124,0
20140324,46.43,46.43,45.917,45.965,16157,0
20140325,46.013,46.535,46.013,46.535,1876,0
20140326,45.871,46.411,45.871,46.364,10948,0
20140327,46.555,46.688,46.555,46.688,5343,0
20140328,46.555,46.859,46.45,46.859,3669,0
20140331,45.907,48.74,45.907,46.279,2881,0
20140401,45.871,47.028,45.861,46.717,5318,0
20140402,46.421,46.421,46.421,46.421,493,0
20140403,45.861,46.964,45.861,46.905,1233,0
20140404,46.668,47.505,46.668,46.697,1202,0
20140407,46.381,47.038,46.381,46.974,8231,0
20140408,47.038,47.362,46.033,47.333,23034,0
20140409,47.505,47.505,47.477,47.496,6315,0
20140410,48.427,48.427,46.223,47.733,3301,0
20140411,46.401,48.427,46.401,47.76,1285,0
20140414,47.58,47.856,47.58,47.58,2570,0
20140415,47.409,47.627,45.65,47.627,3202,0
20140416,47.477,47.552,47.477,47.552,619,0
20140417,47.552,47.552,47.362,47.448,19321,0
20140421,47.134,47.342,47.009,47.276,2383,0
20140422,47.389,47.389,47.144,47.362,791,0
20140423,47.505,47.505,47.399,47.505,5208,0
20140424,47.646,47.646,46.993,47.002,2935,0
20140425,47.22,47.22,47.018,47.124,6426,0
20140428,47.144,47.666,47.144,47.666,934,0
20140429,47.505,47.58,47.505,47.58,631,0
20140430,47.627,47.741,47.429,47.741,10661,0
20140501,47.741,47.741,47.399,47.741,2382,0
20140502,47.696,47.913,47.524,47.524,10393,0
20140505,47.59,47.874,47.59,47.646,1801,0
20140506,47.98,48.436,47.723,48.436,8896,0
20140507,48.34,48.368,48.217,48.368,1776,0
20140508,48.217,48.541,48.056,48.541,20595,0
20140509,48.293,48.368,48.122,48.311,11833,0
20140512,48.046,48.046,48.046,48.046,230,0
20140513,47.989,48.141,47.989,48.065,2290,0
20140514,48.398,48.456,48.359,48.456,1974,0
20140515,48.427,48.541,48.293,48.456,708,0
20140516,48.521,48.682,48.521,48.588,1198,0
20140519,48.32,48.625,48.32,48.55,1912,0
20140520,48.493,48.493,48.255,48.255,854,0
20140521,48.502,48.502,48.465,48.502,1043,0
20140522,48.33,48.33,48.33,48.33,584,0
20140523,48.664,48.664,48.664,48.664,1798,0
20140527,48.456,48.969,48.378,48.578,55482,0
20140528,48.541,49.025,48.493,48.644,15704,0
20140529,47.192,49.045,47.124,48.787,2409,0
20140530,48.88,48.88,48.88,48.88,710,0
20140602,48.35,48.456,48.35,48.446,1589,0
20140603,48.293,48.456,48.293,48.456,446,0
20140604,47.998,48.264,47.989,48.264,1763,0
20140605,48.122,48.644,48.122,48.217,19740,0
20140606,48.178,48.588,48.017,48.588,3000,0
20140609,48.615,48.835,48.588,48.607,6659,0
20140610,48.826,48.835,48.427,48.493,9789,0
20140611,48.578,48.578,48.568,48.568,924,0
20140612,48.446,48.835,48.446,48.502,27837,0
20140613,48.388,48.835,48.388,48.588,2936,0
20140616,48.521,48.74,48.493,48.493,7625,0
20140617,48.398,48.644,48.378,48.484,6342,0
20140618,48.493,48.55,48.303,48.456,14562,0
20140619,48.835,48.997,48.691,48.816,11524,0
20140620,48.797,48.797,48.578,48.578,2409,0
20140623,48.701,48.987,48.644,48.654,9264,0
20140624,48.701,48.701,48.701,48.701,428,0
20140625,49.386,49.386,48.939,48.949,4622,0
20140626,48.978,49.319,48.872,49.319,30072,0
20140627,49.452,49.452,49.157,49.234,2573,0
20140630,49.54,49.54,46.738,48.765,8499,0
20140701,49.224,49.368,49.091,49.091,4083,0
20140702,49.166,49.166,48.86,48.86,4183,0
20140703,49.262,50.6,48.785,49.368,4846,0
20140707,49.156,49.166,48.813,48.937,4676,0
20140708,49.053,49.166,48.937,49.062,35246,0
20140709,48.976,49.415,48.976,48.976,2749,0
20140710,49.483,49.483,48.995,48.995,1801,0
20140711,49.166,49.166,49.166,49.166,794,0
20140714,49.166,49.252,49.072,49.166,14908,0
20140715,49.166,49.166,48.937,48.985,18521,0
20140716,49.107,49.107,48.927,48.927,2682,0
20140717,48.878,48.907,48.878,48.888,1303,0
20140718,48.967,49.107,48.967,49.107,2589,0
20140721,49.483,49.502,49.205,49.502,2891,0
20140722,49.493,49.493,49.186,49.387,8959,0
20140723,49.502,49.826,49.406,49.644,3110,0
20140724,49.634,49.644,49.234,49.262,7425,0
20140725,49.224,49.281,49.117,49.166,2514,0
20140728,49.166,49.512,49.166,49.444,3239,0
20140729,49.127,49.512,49.107,49.107,7334,0
20140730,48.898,49.156,48.888,48.898,2865,0
20140731,48.686,48.726,48.408,48.553,3302,0
20140801,48.447,48.832,48.447,48.822,2403,0
20140804,48.368,48.609,48.368,48.581,2159,0
20140805,49.313,49.313,47.716,48.485,1536,0
20140806,48.253,48.447,48.253,48.428,3369,0
20140807,48.494,48.735,48.494,48.735,1318,0
20140808,48.667,48.667,48.667,48.667,336,0
20140811,48.852,48.852,48.774,48.774,473,0
20140812,49.073,49.073,48.957,49.025,5474,0
20140813,48.571,48.898,48.571,48.852,5609,0
20140814,48.977,48.977,48.648,48.667,3105,0
20140815,48.927,48.927,47.724,47.724,752,0
20140818,48.591,49.236,47.724,47.724,1919,0
20140819,49.448,49.448,48.869,48.869,22354,0
20140820,49.083,49.083,48.812,48.812,870,0
20140821,49.083,49.083,48.696,48.696,722,0
20140822,48.927,48.927,48.696,48.745,702,0
20140825,48.947,48.967,48.601,48.898,1026,0
20140826,48.677,49.015,48.677,48.716,2716,0
20140827,49.015,49.303,48.977,49.303,15092,0
20140828,49.148,49.41,49.073,49.41,1024,0
20140829,49.798,49.798,49.612,49.691,3196,0
20140902,48.536,49.574,48.536,49.235,2358,0
20140903,49.235,49.488,49.146,49.478,5116,0
20140904,49.691,49.691,48.993,49.022,1599,0
20140905,49.127,49.612,49.022,49.089,1921,0
20140908,49.205,49.205,48.798,48.798,5448,0
20140909,48.254,48.331,48.195,48.331,3561,0
20140910,48.273,48.273,47.905,48.245,832,0
20140911,49.816,49.816,48.321,48.321,2224,0
20140912,48.06,48.06,47.798,47.865,7380,0
20140915,47.934,47.934,47.934,47.934,397,0
20140916,48.07,48.07,48.07,48.07,430,0
20140917,48.293,48.303,47.712,47.712,6252,0
20140918,47.369,47.672,47.331,47.488,5062,0
20140919,47.594,47.614,47.379,47.379,1121,0
20140922,47.197,47.536,47.197,47.312,34904,0
20140923,47.459,47.469,47.197,47.469,2150,0
20140924,47.459,47.469,47.197,47.439,2971,0
20140925,47.351,47.361,47.351,47.361,510,0
20140926,46.875,47.341,46.866,46.895,72514,0
20140929,46.789,47.03,46.672,46.846,13558,0
20140930,46.751,46.751,46.526,46.593,15488,0
20141001,46.565,46.741,46.388,46.741,39101,0
20141002,46.369,46.731,46.369,46.731,1086,0
20141003,46.593,46.603,46.555,46.555,3204,0
20141006,46.731,46.924,46.701,46.924,9321,0
20141007,47.363,47.461,47.246,47.284,29694,0
20141008,47.695,47.84,47.246,47.635,7758,0
20141009,47.715,47.849,47.596,47.715,140208,0
20141010,47.625,47.791,47.421,47.606,11833,0
20141013,47.849,47.849,47.169,47.169,3360,0
20141014,47.51,48.084,47.51,48.084,1727,0
20141015,49,49,47.411,47.411,1427,0
20141016,47.519,47.695,47.323,47.685,2906,0
20141017,47.519,47.868,47.431,47.868,1335,0
20141020,47.695,47.723,47.695,47.723,594,0
20141021,47.616,47.645,47.343,47.566,2254,0
20141022,47.237,47.304,47.12,47.129,5322,0
20141023,47.003,47.481,47.003,47.011,2687,0
20141024,47.188,47.198,47.09,47.139,4780,0
20141027,47.11,47.11,46.954,47.031,3794,0
20141028,47.237,47.519,47.237,47.519,526,0
20141029,47.742,47.742,47.391,47.431,7411,0
20141030,47.061,47.08,47.061,47.061,708,0
20141031,46.984,47.812,46.984,47.812,1550,0
20141103,49.268,49.268,46.65,46.759,7010,0
20141104,46.815,46.815,46.788,46.788,1957,0
20141105,47.021,47.021,46.534,46.534,1506,0
20141106,46.396,46.396,46.299,46.299,1315,0
20141107,46.212,46.553,46.192,46.348,4229,0
20141110,46.602,46.602,46.319,46.319,4297,0
20141111,46.202,46.553,46.202,46.29,4981,0
20141112,46.396,46.396,46.357,46.396,1165,0
20141113,46.241,46.348,46.113,46.202,17972,0
20141114,45.997,46.192,45.997,46.192,10582,0
20141117,46.602,46.602,46.064,46.222,4667,0
20141118,46.152,46.28,46.073,46.28,2245,0
20141119,46.485,46.505,46.212,46.505,8840,0
20141120,46.299,46.485,46.29,46.485,2364,0
20141121,46.592,46.602,46.572,46.572,929,0
20141124,46.602,46.602,46.572,46.572,1951,0
20141125,46.835,46.914,46.66,46.769,5156,0
20141126,47.09,47.257,47.041,47.08,2301,0
20141128,47.325,47.325,46.983,47.179,4949,0
20141201,46.993,46.993,46.531,46.776,3573,0
20141202,46.373,46.402,46.04,46.04,5968,0
20141203,45.891,46.177,45.873,46.177,2274,0
20141204,46.118,46.334,46.118,46.237,4714,0
20141205,45.617,45.824,45.617,45.765,1437,0
20141208,45.617,45.666,45.587,45.656,3969,0
20141209,45.587,46.03,45.48,45.726,6170,0
20141210,45.726,45.755,45.46,45.646,932,0
20141211,45.539,45.539,45.391,45.44,3109,0
20141212,44.92,45.155,44.92,45.097,6949,0
20141215,44.92,45.097,44.783,44.842,1709,0
20141216,44.547,45.018,44.547,44.567,4436,0
20141217,44.96,46.03,44.636,44.645,3665,0
20141218,44.527,44.91,44.527,44.744,2591,0
20141219,45.116,45.165,44.616,44.842,5422,0
20141222,44.645,44.645,44.489,44.577,932,0
20141223,44.272,44.616,44.272,44.616,20608,0
20141224,44.616,44.616,44.351,44.537,2134,0
20141226,44.813,44.91,44.664,44.704,1958,0
20141229,44.951,44.951,44.488,44.734,4450,0
20141230,45.039,45.059,44.714,45.059,2886,0
20141231,45.207,45.375,44.833,45.157,7401,0
20150102,45.147,45.147,43.877,44.507,2591,0
20150105,44.004,44.654,44.004,44.408,1892,0
20150106,44.488,44.951,44.488,44.684,2716,0
20150107,44.684,44.684,44.546,44.546,1442,0
20150108,44.98,44.99,44.793,44.99,2426,0
20150109,44.773,45.217,44.773,45.217,2370,0
20150112,45.375,45.375,45.059,45.375,567,0
20150113,44.951,45.019,44.921,44.921,8341,0
20150114,45.118,45.336,44.645,45.099,2471,0
20150115,45.375,45.375,45.157,45.217,1506,0
20150116,45.336,45.336,45.177,45.227,1742,0
20150120,45.237,45.336,45.128,45.147,12133,0
20150121,45.147,45.443,45.128,45.227,7128,0
20150122,45.483,45.552,45.463,45.463,773,0
20150123,45.326,45.868,45.187,45.572,18599,0
20150126,45.522,45.71,45.414,45.414,9983,0
20150127,45.572,45.906,45.572,45.759,4596,0
20150128,45.916,45.916,45.346,45.346,625,0
20150129,45.019,45.128,45.019,45.128,2192,0
20150130,44.891,45.089,44.891,45.089,2017,0
20150202,45.564,45.564,44.564,44.94,3231,0
20150203,45.574,45.574,44.702,45.277,9285,0
20150204,45.327,45.672,45.327,45.327,1129,0
20150205,45.327,45.524,45.009,45.327,920,0
20150206,45.147,45.247,44.397,44.435,69825,0
20150209,44.544,44.604,43.852,44.534,4733,0
20150210,44.089,44.435,44.02,44.435,5300,0
20150211,43.742,44.167,43.634,44.119,5736,0
20150212,44.119,44.505,44.119,44.505,2502,0
20150213,44.534,44.534,43.96,44.435,1516,0
20150217,43.94,44.534,43.892,44.534,17333,0
20150218,44.544,44.604,44.544,44.604,4033,0
20150219,44.287,44.357,44.139,44.357,1617,0
20150220,44.387,44.455,44.387,44.387,2394,0
20150223,44.337,44.377,44.337,44.337,3535,0
20150224,44.287,44.515,44.287,44.515,16286,0
20150225,44.505,44.515,44.405,44.465,4090,0
20150226,44.999,44.999,44.524,44.524,1654,0
20150227,44.196,44.206,44.196,44.206,3899,0
20150302,44.386,44.584,44.186,44.415,23550,0
20150303,44.445,44.475,44.117,44.366,20934,0
20150304,44.018,44.246,43.849,44.246,1107,0
20150305,44.137,44.137,43.699,43.699,1611,0
20150306,43.332,43.729,41.236,41.871,9158,0
20150309,42.825,42.984,42.825,42.825,1611,0
20150310,42.249,42.895,42.249,42.895,805,0
20150311,42.278,42.845,42.278,42.755,2214,0
20150312,42.557,42.726,42.428,42.428,705,0
20150313,42.328,42.328,42.07,42.07,1006,0
20150316,42.18,42.18,41.891,41.941,1308,0
20150317,42.338,42.338,41.891,41.981,2617,0
20150318,42.488,43.104,42.488,43.104,1509,0
20150319,42.994,43.104,42.388,42.865,2114,0
20150320,43.163,43.312,43.124,43.222,2415,0
20150323,43.222,43.819,43.064,43.819,1509,0
20150324,43.819,43.819,43.819,43.819,201,0
20150325,44.186,44.186,43.471,43.719,705,0
20150326,43.719,43.719,43.719,43.719,201,0
20150327,43.62,43.62,43.193,43.302,1107,0
20150330,43.322,43.322,42.627,42.627,2114,0
20150331,43.355,43.355,42.806,43.265,1031,0
20150401,43.335,43.375,43.245,43.305,4109,0
20150402,43.305,43.305,43.305,43.305,100,0
20150406,43.944,44.014,43.944,44.014,601,0
20150407,43.545,43.545,43.545,43.545,553,0
20150408,44.183,44.183,43.505,43.515,501,0
20150409,43.335,43.335,43.335,43.335,643,0
20150410,43.325,43.864,43.325,43.824,2806,0
20150413,43.634,43.704,43.146,43.505,2405,0
20150414,43.535,43.884,43.535,43.684,5612,0
20150415,43.974,44.133,43.964,44.133,951,0
20150416,43.784,44.353,43.784,43.874,4392,0
20150417,43.874,43.874,43.874,43.874,200,0
20150420,43.934,44.014,43.934,44.014,1094,0
20150421,44.503,44.503,44.503,44.503,181,0
20150422,43.964,43.974,43.954,43.964,830,0
20150423,43.754,44.083,43.605,44.083,902,0
20150424,44.034,44.403,43.824,44.403,2105,0
20150427,44.153,44.692,44.153,44.692,2205,0
20150428,44.812,44.812,44.323,44.333,1203,0
20150429,44.243,44.562,44.243,44.293,1403,0
20150430,44.335,44.554,44.3,44.554,1650,0
20150501,44.27,44.27,44.09,44.09,1100,0
20150504,43.9,44.2,43.9,44.2,800,0
20150505,43.93,44.06,43.84,44.06,900,0
20150506,43.99,43.99,43.57,43.63,361,0
20150507,44.05,44.05,43.4,43.4,775,0
20150508,44.03,44.03,43.91,43.91,700,0
20150511,43.85,43.86,43.85,43.85,1300,0
20150512,43.99,44,43.99,44,1119,0
20150513,43.9,44.03,43.89,43.89,800,0
20150514,44,44.32,44,44,1300,0
20150515,44,44,44,44,146,0
20150518,44.27,44.5,43.91,43.91,3743,0
20150519,43.75,43.93,43.6,43.93,1700,0
20150520,43.35,43.92,43.35,43.92,1800,0
20150521,43.68,43.68,43.59,43.59,900,0
20150522,43.9,43.94,43.44,43.55,1800,0
20150526,44.09,44.09,43.12,43.37,985,0
20150527,43.07,43.11,42.9,43.11,1300,0
20150528,42.74,43.04,42.47,43.02,2143,0
20150529,43.06,43.06,42.8,42.8,1300,0
20150601,42.84,43.61,42.61,42.61,1012,0
20150602,43.68,43.69,43.68,43.69,699,0
20150603,43.69,43.69,43.69,43.69,100,0
20150604,43,43,42.9,42.9,1900,0
20150605,42.36,42.8,42.36,42.36,400,0
20150608,42.46,43.32,42.02,42.57,2700,0
20150609,42.8,42.8,42.8,42.8,396,0
20150610,43.54,43.54,42.59,42.8,3129,0
20150611,43.48,43.48,43.1,43.2,108736,0
20150612,43.3,43.54,43.3,43.35,1300,0
20150615,43.18,43.39,43.18,43.33,800,0
20150616,43.17,43.17,43.17,43.17,500,0
20150617,43.17,43.89,43.17,43.89,5100,0
20150618,43.79,43.79,43.5,43.6,4000,0
20150619,43.63,43.63,43.63,43.63,500,0
20150622,43.52,43.84,43.52,43.53,800,0
20150623,43.54,43.92,43.54,43.92,1728,0
20150624,43.23,43.87,43.21,43.41,13000,0
20150625,43.16,43.35,43.09,43.14,8100,0
20150626,43.79,43.79,42.91,42.96,1100,0
20150629,43.61,43.61,42.7,42.82,1900,0
20150630,42.98,43.89,42.98,43.89,1114,0
20150701,42.79,42.99,42.62,42.99,15400,0
20150702,42.65,43.27,42.65,43,2800,0
20150706,42.48,42.56,42.48,42.51,600,0
20150707,42.44,42.44,42.44,42.44,600,0
20150708,42.6,42.6,42.29,42.39,3900,0
20150709,43.55,43.55,42.41,42.41,800,0
20150710,42.65,43.52,42.5,43.01,3200,0
20150713,42.52,42.72,42.35,42.61,3400,0
20150714,42.29,43.15,42.29,43,24335,0
20150715,42.68,43.08,42.6,43.03,10702,0
20150716,42.71,42.81,42.37,42.72,10400,0
20150717,42.67,43.37,42.34,42.71,37100,0
20150720,42.82,42.84,42.76,42.76,1100,0
20150721,42.83,42.87,42.6,42.76,25100,0
20150722,43.41,43.41,42.78,42.81,700,0
20150723,42.09,42.74,42.09,42.66,25000,0
20150724,42.13,42.32,41.85,42.25,6200,0
20150727,42.14,42.14,41.68,42.07,34100,0
20150728,42.24,42.24,42.19,42.19,6700,0
20150729,42.4,42.43,42.18,42.18,700,0
20150730,41.63,42.23,41.63,42.03,35600,0
20150731,42.41,42.58,42.13,42.29,48600,0
20150803,41.99,42.3,41.86,41.96,71133,0
20150804,41.81,41.89,41.58,41.8,41500,0
20150805,41.78,41.78,41.31,41.31,94700,0
20150806,41.38,41.38,40.82,40.82,17910,0
20150807,41.15,41.96,41.15,41.48,51300,0
