Date,Open,High,Low,Close,Volume,OpenInt
20111123,21.137,21.137,21.085,21.102,2330,0
20111125,21.041,21.165,21.041,21.076,4536,0
20111128,21.646,21.646,21.271,21.271,4969,0
20111129,21.557,21.557,21.382,21.408,3349,0
20111130,21.871,22.212,21.697,21.751,1785,0
20111201,21.844,21.844,21.673,21.706,22481,0
20111202,22.177,22.177,21.426,21.81,43002,0
20111205,22.083,22.083,21.778,21.778,21211,0
20111206,21.778,21.924,21.778,21.915,26308,0
20111207,21.862,21.942,21.828,21.862,8053,0
20111208,21.82,21.82,21.646,21.689,16923,0
20111209,21.689,21.794,21.689,21.794,12688,0
20111212,22.065,22.065,21.452,21.514,4596,0
20111213,21.47,21.566,21.382,21.382,15710,0
20111214,21.271,21.271,21.128,21.128,11644,0
20111215,21.566,21.566,21.21,21.271,20499,0
20111216,21.304,21.304,21.191,21.246,18136,0
20111219,21.304,21.304,21.304,21.304,230,0
20111220,21.611,21.62,21.611,21.62,2174,0
20111221,21.601,21.725,21.549,21.725,43807,0
20111223,21.924,21.961,21.906,21.961,2964,0
20111227,21.844,21.844,21.743,21.769,23213,0
20111228,21.751,21.769,21.734,21.769,1201,0
20111229,21.804,21.804,21.689,21.689,10217,0
20111230,21.779,21.882,21.779,21.882,4383,0
20120103,22.389,22.389,21.951,22.021,4516,0
20120104,21.951,22.083,21.951,22.065,17894,0
20120105,21.862,21.961,21.862,21.924,10215,0
20120106,21.844,21.888,21.82,21.862,14977,0
20120109,21.862,21.996,21.828,21.996,12449,0
20120110,22.11,22.729,22.074,22.415,2704357,0
20120111,22.361,22.361,22.169,22.249,956336,0
20120112,22.361,22.37,22.194,22.353,64123,0
20120113,22.361,22.563,21.898,22.126,86718,0
20120117,22.318,22.442,22.126,22.152,38251,0
20120118,22.212,22.451,22.212,22.451,34989,0
20120119,22.502,22.554,22.311,22.451,19289,0
20120120,22.424,22.651,22.345,22.528,74611,0
20120123,23.141,23.141,22.406,22.651,17727,0
20120124,22.738,22.738,22.37,22.581,5073,0
20120125,22.345,22.711,22.345,22.711,57597,0
20120126,22.729,22.747,22.589,22.589,16850,0
20120127,22.589,22.669,22.573,22.598,27421,0
20120130,22.616,22.669,22.519,22.537,23833,0
20120131,22.604,22.685,22.604,22.65,18015,0
20120201,22.738,22.836,22.738,22.772,6136,0
20120202,22.809,22.845,22.755,22.755,11690,0
20120203,23.018,23.044,22.94,22.94,26739,0
20120206,22.991,23.026,22.854,22.964,24280,0
20120207,23.068,23.068,22.888,22.888,10643,0
20120208,23.114,23.409,22.897,23.131,20638,0
20120209,23.105,23.105,22.94,23.06,13446,0
20120210,23.018,23.665,22.678,22.702,27395,0
20120213,23.23,23.23,22.738,22.836,9832,0
20120214,22.88,22.88,22.616,22.686,19474,0
20120215,22.863,22.863,22.651,22.711,40401,0
20120216,22.711,22.836,22.573,22.755,11836,0
20120217,22.738,22.818,22.669,22.818,11569,0
20120221,22.799,22.964,22.764,22.764,14445,0
20120222,22.738,22.781,22.686,22.721,24838,0
20120223,22.854,22.922,22.781,22.809,17739,0
20120224,22.799,22.957,22.747,22.95,64819,0
20120227,22.913,22.957,22.573,22.711,43444,0
20120228,22.872,22.982,22.573,22.964,18287,0
20120229,23.01,23.196,22.904,22.973,15600,0
20120301,23.001,23.187,22.957,23.15,27386,0
20120302,23.131,23.131,22.897,23.06,18659,0
20120305,22.922,22.982,22.922,22.922,11320,0
20120306,22.922,22.922,22.537,22.563,17152,0
20120307,22.563,22.799,22.563,22.764,12342,0
20120308,22.799,22.982,22.799,22.982,7053,0
20120309,22.964,22.973,22.872,22.88,24229,0
20120312,22.872,22.872,22.79,22.854,11571,0
20120313,22.931,23.001,22.755,22.854,39390,0
20120314,22.827,22.964,22.702,22.827,14236,0
20120315,22.854,22.95,22.764,22.904,47270,0
20120316,22.95,22.95,22.747,22.88,18533,0
20120319,22.729,23.068,22.729,22.973,6780,0
20120320,22.738,22.931,22.738,22.836,19439,0
20120321,22.922,23.068,22.729,22.781,30452,0
20120322,22.729,22.729,22.563,22.581,23998,0
20120323,22.598,22.711,22.528,22.711,14829,0
20120326,22.872,23.315,22.659,22.922,22719,0
20120327,23.315,23.315,22.669,22.669,18696,0
20120328,22.88,22.88,22.528,22.573,16202,0
20120329,22.686,22.755,22.476,22.755,10540,0
20120330,23.137,23.137,22.674,22.736,19110,0
20120402,22.711,22.836,22.651,22.764,18493,0
20120403,22.79,22.872,22.598,22.827,17908,0
20120404,22.818,22.818,22.502,22.502,13876,0
20120405,22.519,22.755,22.519,22.519,8788,0
20120409,22.528,22.642,22.519,22.616,14142,0
20120410,22.616,22.79,22.311,22.528,22715,0
20120411,22.88,22.88,22.398,22.398,10819,0
20120412,22.88,22.88,22.642,22.781,56095,0
20120413,23.131,23.131,22.711,22.738,42534,0
20120416,22.669,22.827,22.573,22.772,31890,0
20120417,23.001,23.001,22.922,22.922,8837,0
20120418,22.931,23.018,22.747,22.764,11048,0
20120419,22.904,22.904,22.772,22.836,8597,0
20120420,23.035,23.168,22.897,23.01,22603,0
20120423,22.755,23.159,22.738,22.94,29543,0
20120424,22.854,23.01,22.854,22.991,10646,0
20120425,22.982,23.177,22.982,23.077,18278,0
20120426,23.068,23.196,23.044,23.15,18968,0
20120427,23.246,23.254,23.177,23.23,8767,0
20120430,23.146,23.304,22.995,23.278,25519,0
20120501,23.238,23.464,23.077,23.114,38242,0
20120502,23.28,23.28,22.957,23.213,20077,0
20120503,23.23,23.23,23.01,23.01,7023,0
20120504,22.836,22.991,22.836,22.88,10282,0
20120507,22.897,23.01,22.88,22.964,6479,0
20120508,22.799,22.872,22.738,22.845,20291,0
20120509,22.738,22.818,22.616,22.764,35475,0
20120510,22.854,23.23,22.702,22.845,25278,0
20120511,22.904,23.122,22.581,22.772,24205,0
20120514,22.772,22.781,22.642,22.642,137854,0
20120515,22.836,22.836,22.519,22.563,59249,0
20120516,22.502,22.545,22.37,22.424,24675,0
20120517,22.337,22.337,22.152,22.212,18233,0
20120518,22.101,22.23,21.996,21.996,25560,0
20120521,22.194,22.616,22.177,22.433,26465,0
20120522,22.563,22.563,21.979,22.057,12443,0
20120523,22.143,22.606,21.778,21.828,77465,0
20120524,21.879,22.11,21.725,21.778,17454,0
20120525,21.888,21.961,21.862,21.898,13795,0
20120529,22.249,22.249,21.862,21.951,12095,0
20120530,21.924,21.924,21.646,21.828,21527,0
20120531,21.682,21.873,21.592,21.682,30548,0
20120601,21.566,21.566,21.278,21.417,17525,0
20120604,21.655,21.655,21.201,21.382,13576,0
20120605,21.399,21.417,21.295,21.417,12585,0
20120606,21.478,21.682,21.39,21.682,21363,0
20120607,21.566,22.267,21.348,21.76,16692,0
20120608,21.871,21.871,21.54,21.786,10690,0
20120611,22.057,22.057,21.646,21.682,11313,0
20120612,21.697,21.828,21.574,21.646,20234,0
20120613,21.655,21.871,21.478,21.637,31408,0
20120614,21.794,21.836,21.592,21.725,11556,0
20120615,21.778,22.065,21.673,21.743,41044,0
20120618,21.682,21.871,21.655,21.794,10639,0
20120619,21.794,22.091,21.794,21.951,61094,0
20120620,22.03,22.057,21.646,21.836,8146,0
20120621,21.942,21.951,21.574,21.574,10496,0
20120622,21.487,21.828,21.487,21.778,6735,0
20120625,21.295,21.786,21.295,21.751,13226,0
20120626,21.778,21.961,21.743,21.951,17129,0
20120627,21.924,21.924,21.769,21.804,17639,0
20120628,21.646,21.804,21.646,21.673,15576,0
20120629,21.956,22.142,21.956,21.975,10217,0
20120702,22.134,22.134,21.987,22.119,11334,0
20120703,22.235,22.307,22.182,22.235,15155,0
20120705,22.37,22.37,22.126,22.221,30223,0
20120706,21.979,22.152,21.979,22.119,11546,0
20120709,22.23,22.23,21.987,22.126,9826,0
20120710,22.101,22.143,21.915,21.915,12065,0
20120711,22.143,22.152,22.021,22.134,6643,0
20120712,22.012,22.143,21.942,22.049,10641,0
20120713,22.254,22.254,22.165,22.165,4494,0
20120716,22.275,22.302,22.194,22.212,5946,0
20120717,22.118,22.407,22.118,22.275,19662,0
20120718,22.52,22.52,22.319,22.452,10421,0
20120719,22.311,22.519,22.311,22.467,22081,0
20120720,22.285,22.511,22.285,22.294,10531,0
20120723,22.24,22.345,22.177,22.294,12454,0
20120724,22.294,22.319,22.064,22.143,26665,0
20120725,22.302,22.311,22.11,22.186,10138,0
20120726,22.433,22.519,22.379,22.442,49227,0
20120727,22.517,22.665,22.481,22.665,32147,0
20120730,22.659,22.721,22.545,22.606,25430,0
20120731,22.677,22.773,22.579,22.65,18316,0
20120801,22.674,22.805,22.594,22.692,25275,0
20120802,22.583,22.766,22.52,22.635,58797,0
20120803,22.665,22.988,22.665,22.768,22864,0
20120806,22.778,22.988,22.778,22.814,11763,0
20120807,22.679,22.857,22.679,22.775,11793,0
20120808,22.894,22.946,22.682,22.946,4620,0
20120809,23.184,23.184,22.859,23.074,22902,0
20120810,22.988,23.184,22.953,23.128,11807,0
20120813,23.12,23.406,22.665,22.885,113756,0
20120814,23.471,23.471,22.699,22.778,28471,0
20120815,23.05,23.074,22.833,23.074,5972,0
20120816,23.074,23.193,22.859,23.102,60663,0
20120817,23.102,23.515,22.842,23.007,8611,0
20120820,23.12,23.12,22.894,23.111,27268,0
20120821,23.007,23.165,22.869,23.065,10812,0
20120822,23.007,23.138,22.787,23.111,11233,0
20120823,23.093,23.102,22.877,23.065,9038,0
20120824,23.083,23.192,22.831,23.005,17390,0
20120827,23.05,23.083,22.824,23.032,11457,0
20120828,23.093,23.093,22.928,22.946,8552,0
20120829,22.842,23.184,22.842,23.074,49387,0
20120830,23.119,23.119,22.876,22.978,30403,0
20120831,23.158,23.186,22.96,22.96,9987,0
20120904,23.155,23.174,22.944,22.968,16723,0
20120905,22.829,23.11,22.829,23.005,12327,0
20120906,22.944,23.235,22.944,23.211,19756,0
20120907,23.192,23.364,23.146,23.174,46040,0
20120910,23.303,23.303,23.056,23.056,39158,0
20120911,23.092,23.349,23.092,23.26,12898,0
20120912,23.435,23.435,23.244,23.349,19242,0
20120913,23.435,23.587,23.294,23.587,15575,0
20120914,23.65,23.754,23.445,23.445,19507,0
20120917,23.49,23.622,23.294,23.349,48994,0
20120918,23.453,23.463,23.364,23.417,10050,0
20120919,23.707,23.707,23.426,23.481,15827,0
20120920,23.383,23.463,23.364,23.453,6504,0
20120921,23.606,23.641,23.391,23.391,7811,0
20120924,23.357,23.444,23.357,23.373,7395,0
20120925,23.605,23.605,23.407,23.463,18544,0
20120926,23.383,23.427,23.365,23.427,9724,0
20120927,23.536,23.659,23.436,23.624,26872,0
20120928,23.562,23.562,23.433,23.461,7078,0
20121001,23.571,23.624,23.473,23.473,135987,0
20121002,23.597,23.701,23.445,23.554,17270,0
20121003,23.642,23.642,23.417,23.455,27937,0
20121004,23.624,23.666,23.417,23.51,16846,0
20121005,23.683,23.842,23.427,23.536,25705,0
20121008,23.632,23.632,23.365,23.51,3369,0
20121009,23.65,23.65,23.34,23.34,15814,0
20121010,23.323,23.501,23.323,23.427,19312,0
20121011,23.357,23.517,23.357,23.464,12478,0
20121012,23.391,23.51,23.391,23.492,12837,0
20121015,23.51,23.659,23.482,23.536,22634,0
20121016,23.659,23.659,23.374,23.473,14749,0
20121017,23.51,23.692,23.417,23.571,18966,0
20121018,23.614,23.641,23.349,23.436,15563,0
20121019,23.632,23.692,23.357,23.39,26434,0
20121022,23.408,23.408,23.323,23.331,11194,0
20121023,23.431,23.487,23.325,23.487,48371,0
20121024,23.614,23.614,23.391,23.492,23393,0
20121025,23.614,23.614,23.357,23.365,9792,0
20121026,23.563,23.588,23.365,23.544,17035,0
20121031,23.535,23.8,23.248,23.516,41566,0
20121101,23.544,23.544,23.357,23.464,166293,0
20121102,23.642,23.642,23.304,23.304,32679,0
20121105,23.436,23.445,23.313,23.357,36075,0
20121106,23.478,23.68,23.404,23.478,33244,0
20121107,23.568,23.568,23.387,23.422,14642,0
20121108,23.459,23.648,23.28,23.28,32348,0
20121109,23.374,23.464,23.211,23.235,51176,0
20121112,23.536,23.536,23.304,23.365,15880,0
20121113,23.501,23.501,23.268,23.322,13889,0
20121114,23.492,23.527,23.357,23.357,16719,0
20121115,23.278,23.455,23.183,23.365,37314,0
20121116,23.431,23.497,23.074,23.139,45114,0
20121119,23.119,23.527,23.119,23.365,22525,0
20121120,23.313,23.518,23.26,23.518,8273,0
20121121,23.563,23.58,23.33,23.473,17186,0
20121123,23.352,23.629,23.334,23.603,8849,0
20121126,23.51,23.563,23.482,23.492,8081,0
20121127,23.527,23.563,23.304,23.482,10714,0
20121128,23.33,23.597,23.33,23.588,11974,0
20121129,23.624,23.624,23.518,23.597,17580,0
20121130,23.543,23.641,23.535,23.641,18270,0
20121203,23.689,23.85,23.523,23.672,40748,0
20121204,23.84,23.868,23.679,23.688,17996,0
20121205,23.752,23.85,23.707,23.85,6745,0
20121206,23.761,23.815,23.487,23.689,18658,0
20121207,23.815,23.815,23.638,23.638,9980,0
20121210,23.514,23.815,23.514,23.779,13116,0
20121211,23.806,23.869,23.726,23.735,13645,0
20121212,23.965,23.965,23.788,23.888,12667,0
20121213,24.125,24.125,23.888,23.897,19183,0
20121214,24.021,24.021,23.761,23.923,30418,0
20121217,23.915,24.12,23.915,23.958,27735,0
20121218,24.111,24.111,24.012,24.067,25661,0
20121219,24.03,24.143,24.03,24.101,33804,0
20121220,24.162,24.314,24.058,24.314,45902,0
20121221,24.277,24.277,24.075,24.125,39728,0
20121224,24.224,24.296,24.143,24.215,10999,0
20121226,24.417,24.433,24.103,24.103,47986,0
20121227,24.27,24.27,23.959,23.966,23839,0
20121228,24.112,24.199,24.004,24.004,44511,0
20121231,24.507,24.507,23.958,24.186,55851,0
20130102,24.279,24.53,24.217,24.297,26664,0
20130103,24.316,24.333,24.068,24.068,23074,0
20130104,24.289,24.289,24.135,24.173,10428,0
20130107,24.173,24.37,24.103,24.244,21492,0
20130108,24.244,24.261,24.127,24.127,11871,0
20130109,24.234,24.253,24.121,24.153,7218,0
20130110,24.868,24.868,24.243,24.324,40198,0
20130111,24.279,24.379,24.279,24.379,14564,0
20130114,24.656,24.656,24.234,24.297,47970,0
20130115,24.19,24.503,24.19,24.389,13896,0
20130116,24.324,24.361,24.208,24.234,33502,0
20130117,24.343,24.398,24.19,24.261,87225,0
20130118,24.333,24.521,24.093,24.111,57164,0
20130122,24.343,24.343,24.145,24.199,22489,0
20130123,24.249,24.312,24.027,24.14,18035,0
20130124,23.87,24.112,23.87,24.041,19696,0
20130125,24.111,24.111,23.95,23.965,21459,0
20130128,24.04,24.076,23.906,24.04,34933,0
20130129,23.932,24.126,23.932,24.126,47270,0
20130130,24.144,24.208,24.05,24.111,90578,0
20130131,24.219,24.384,24.201,24.347,60499,0
20130201,24.426,24.426,24.208,24.407,26436,0
20130204,24.426,24.656,24.261,24.279,74407,0
20130205,24.491,24.491,24.186,24.312,46735,0
20130206,24.168,24.474,24.168,24.456,31105,0
20130207,24.528,24.528,24.302,24.395,30059,0
20130208,24.413,24.571,24.285,24.33,21308,0
20130211,24.261,24.379,24.216,24.269,40183,0
20130212,24.306,24.306,24.189,24.288,26799,0
20130213,24.306,24.389,24.216,24.269,30404,0
20130214,24.36,24.36,24.172,24.225,35177,0
20130215,24.58,24.58,24.132,24.257,20128,0
20130219,24.297,24.297,24.076,24.144,63744,0
20130220,24.063,24.063,23.855,23.883,35655,0
20130221,23.906,23.906,23.662,23.778,42453,0
20130222,23.81,23.874,23.666,23.855,21790,0
20130225,23.778,23.778,23.476,23.53,16046,0
20130226,23.557,23.671,23.53,23.628,21619,0
20130227,23.659,23.773,23.596,23.773,14868,0
20130228,23.882,23.882,23.528,23.609,628074,0
20130301,23.783,23.783,23.552,23.755,70496,0
20130304,23.683,23.828,23.683,23.791,29219,0
20130305,23.857,23.866,23.721,23.866,15506,0
20130306,23.793,23.793,23.632,23.693,12116,0
20130307,23.659,23.784,23.659,23.784,26305,0
20130308,23.791,23.846,23.755,23.828,36291,0
20130311,23.746,23.864,23.659,23.783,29788,0
20130312,23.675,23.893,23.675,23.855,37346,0
20130313,23.846,23.855,23.72,23.791,12944,0
20130314,23.91,23.961,23.818,23.883,17071,0
20130315,23.973,24.075,23.903,23.957,26412,0
20130318,23.945,24.027,23.818,23.818,15946,0
20130319,23.675,23.945,23.675,23.818,25788,0
20130320,23.818,23.927,23.818,23.92,27810,0
20130321,23.901,23.998,23.818,23.846,13533,0
20130322,23.866,24.02,23.866,23.973,13987,0
20130325,24.08,24.117,23.874,24.063,18389,0
20130326,24.14,24.168,24.017,24.149,12875,0
20130327,24.244,24.244,24.111,24.189,45515,0
20130328,24.271,24.372,24.172,24.208,38739,0
20130401,24.011,24.172,23.939,24.039,27645,0
20130402,24.292,24.292,24.004,24.104,20735,0
20130403,24.111,24.298,23.964,24.271,20118,0
20130404,24.004,24.328,24.004,24.328,10586,0
20130405,24.163,24.29,23.973,24.102,17327,0
20130408,23.82,24.316,23.82,24.298,25294,0
20130409,24.344,24.344,23.973,24.226,22264,0
20130410,24.273,24.319,24.184,24.292,12323,0
20130411,24.261,24.4,24.121,24.271,55509,0
20130412,24.384,24.403,24.184,24.228,39115,0
20130415,24.307,24.307,23.948,23.948,32936,0
20130416,24.111,24.135,24.039,24.039,70927,0
20130417,24.023,24.042,23.804,23.831,33867,0
20130418,23.885,24.084,23.812,23.903,20542,0
20130419,23.915,24.013,23.85,23.878,9767,0
20130422,23.878,24.032,23.859,23.915,16153,0
20130423,23.966,23.994,23.915,23.958,14824,0
20130424,24.051,24.051,23.923,23.985,25567,0
20130425,23.923,24.165,23.923,24.113,22790,0
20130426,24.211,24.247,24.042,24.165,20545,0
20130429,24.273,24.384,24.211,24.355,23327,0
20130430,24.471,24.471,24.259,24.314,21680,0
20130501,24.384,24.464,24.264,24.393,46766,0
20130502,24.464,24.481,24.244,24.392,31329,0
20130503,24.509,24.509,24.273,24.474,17331,0
20130506,24.464,24.481,24.31,24.422,21541,0
20130507,24.5,24.518,24.354,24.481,15888,0
20130508,24.402,24.571,24.308,24.464,39402,0
20130509,24.6,24.6,24.383,24.392,35963,0
20130510,24.338,24.403,24.085,24.301,56192,0
20130513,24.085,24.219,24.077,24.077,20821,0
20130514,24.069,24.121,23.966,24.004,36321,0
20130515,24.113,24.113,23.932,24.042,25969,0
20130516,24.032,24.128,23.975,24.051,49381,0
20130517,24.091,24.091,23.844,23.892,52802,0
20130520,23.795,24.077,23.795,24.06,44391,0
20130521,24.085,24.085,23.749,23.85,36276,0
20130522,23.804,23.897,23.598,23.695,129540,0
20130523,23.831,23.932,23.634,23.786,14916,0
20130524,23.854,23.91,23.637,23.882,41437,0
20130528,24.065,24.065,23.618,23.662,22651,0
20130529,23.496,23.767,23.467,23.578,24348,0
20130530,23.78,23.863,23.646,23.646,24406,0
20130531,23.683,23.693,23.229,23.263,1740398,0
20130603,23.415,23.454,23.052,23.353,369699,0
20130604,23.167,23.292,22.885,23.073,205140,0
20130605,23.02,23.148,22.973,22.983,146748,0
20130606,23.092,23.429,22.964,23.275,140482,0
20130607,23.253,23.444,23.246,23.389,115760,0
20130610,23.637,23.637,23.236,23.236,30353,0
20130611,22.962,23.361,22.962,23.108,40542,0
20130612,22.999,23.173,22.98,23.009,14361,0
20130613,22.891,23.298,22.891,23.173,27728,0
20130614,23.28,23.298,23.069,23.098,41616,0
20130617,23.298,23.298,23.089,23.272,10497,0
20130618,23.365,23.365,23.029,23.055,71490,0
20130619,23.089,23.317,22.874,22.874,16078,0
20130620,22.837,22.874,22.282,22.326,19356,0
20130621,22.255,22.4,22.189,22.189,43347,0
20130624,22.188,22.188,21.379,21.834,65552,0
20130625,21.816,22.072,21.764,21.906,92812,0
20130626,21.869,22.127,21.869,21.944,159770,0
20130627,21.915,22.145,21.897,21.954,31914,0
20130628,22.262,22.457,22.168,22.168,24534,0
20130701,22.045,22.153,21.85,22.145,18908,0
20130702,21.948,22.067,21.74,21.92,39899,0
20130703,21.874,22.069,21.74,22.023,10660,0
20130705,21.982,21.982,21.736,21.79,31660,0
20130708,21.799,22.1,21.799,21.825,42723,0
20130709,21.782,22.017,21.782,21.799,76515,0
20130710,21.736,22.036,21.654,21.833,67928,0
20130711,21.897,22.363,21.878,22.171,52453,0
20130712,22.264,22.428,22,22.162,19456,0
20130715,22.255,22.318,22.162,22.197,68975,0
20130716,22.306,22.452,21.977,22.297,34169,0
20130717,22.455,22.464,22.253,22.281,23506,0
20130718,22.264,22.327,22.255,22.292,23266,0
20130719,22.04,22.578,22.04,22.278,41190,0
20130722,22.036,22.409,22.036,22.171,75206,0
20130723,22.255,22.473,21.982,22.363,59486,0
20130724,22.301,22.455,22.292,22.301,26647,0
20130725,22.363,22.447,22.354,22.409,32891,0
20130726,22.452,22.469,22.341,22.397,45012,0
20130729,22.318,22.382,22.301,22.345,19413,0
20130730,22.278,22.478,22.278,22.297,29759,0
20130731,22.221,22.397,22.05,22.297,25918,0
20130801,22.527,22.527,22.107,22.117,40171,0
20130802,22.067,22.192,22.031,22.122,20190,0
20130805,22.25,22.26,21.948,22.122,18056,0
20130806,22.033,22.133,21.601,21.638,997167,0
20130807,21.638,21.929,21.481,21.793,399073,0
20130808,21.785,22.149,21.749,22.067,26978,0
20130809,21.901,22.114,21.846,21.91,16625,0
20130812,21.846,21.929,21.701,21.837,12771,0
20130813,21.837,21.91,21.518,21.81,79081,0
20130814,21.837,22.086,21.701,21.92,20682,0
20130815,21.629,22.003,21.61,21.873,124811,0
20130816,21.837,22.077,21.518,21.901,30992,0
20130819,21.776,22.04,21.676,21.793,19930,0
20130820,21.546,21.812,21.546,21.693,70448,0
20130821,21.767,21.81,21.5,21.591,77369,0
20130822,21.564,21.786,21.564,21.693,20529,0
20130823,21.786,21.893,21.648,21.794,36548,0
20130826,21.685,21.921,21.658,21.777,47899,0
20130827,21.731,21.988,21.731,21.856,63717,0
20130828,21.912,22.014,21.712,21.903,292183,0
20130829,21.804,21.931,21.794,21.812,123075,0
20130830,22.159,22.318,22.159,22.29,58080,0
20130903,22.033,22.097,21.874,21.884,80819,0
20130904,22.043,22.124,22.043,22.069,39629,0
20130905,22.061,22.097,21.94,21.95,37962,0
20130906,22.079,22.381,22.069,22.124,15779,0
20130909,22.244,22.263,22.043,22.169,33947,0
20130910,22.033,22.272,22.014,22.234,892900,0
20130911,22.107,22.318,22.043,22.244,108013,0
20130912,22.178,22.281,22.169,22.234,29159,0
20130913,22.3,22.362,22.152,22.205,74750,0
20130916,22.336,22.427,22.309,22.353,40252,0
20130917,22.427,22.555,22.309,22.447,48722,0
20130918,22.362,22.721,22.362,22.694,104714,0
20130919,22.694,22.756,22.482,22.721,41022,0
20130920,22.73,22.73,22.501,22.555,29912,0
20130923,22.537,22.702,22.464,22.583,15526,0
20130924,22.51,22.702,22.482,22.565,25886,0
20130925,22.656,22.756,22.518,22.527,20710,0
20130926,22.518,22.583,22.455,22.527,33761,0
20130927,22.527,22.648,22.527,22.592,26695,0
20130930,22.97,23.072,22.898,22.945,17538,0
20131001,22.554,22.766,22.544,22.554,19590,0
20131002,22.554,22.609,22.544,22.544,28847,0
20131003,22.609,22.619,22.564,22.573,14749,0
20131004,22.701,22.701,22.526,22.591,34851,0
20131007,22.582,22.675,22.536,22.536,10598,0
20131008,22.536,22.609,22.435,22.435,9220,0
20131009,22.425,22.509,22.352,22.369,17487,0
20131010,22.379,22.471,22.369,22.369,15017,0
20131011,22.526,22.619,22.342,22.619,6483,0
20131014,22.307,22.655,22.307,22.564,6940,0
20131015,22.655,22.655,22.417,22.425,13464,0
20131016,22.471,22.675,22.369,22.647,8355,0
20131017,22.573,22.823,22.573,22.647,9660,0
20131018,22.813,22.842,22.573,22.675,15891,0
20131021,22.852,22.852,22.72,22.813,19684,0
20131022,22.86,23.006,22.794,22.987,37211,0
20131023,22.852,22.852,22.683,22.729,21391,0
20131024,22.637,22.784,22.619,22.784,3386,0
20131025,22.784,22.784,22.647,22.748,3806,0
20131028,22.683,22.766,22.544,22.683,16620,0
20131029,22.675,22.711,22.609,22.711,2615,0
20131030,22.683,22.766,22.591,22.591,2510,0
20131031,23.297,23.561,23.018,23.179,8255,0
20131101,22.712,22.907,22.676,22.722,90668,0
20131104,22.844,22.844,22.722,22.74,35727,0
20131105,22.712,22.862,22.712,22.74,1886,0
20131106,22.834,22.97,22.702,22.702,9071,0
20131107,22.611,22.925,22.611,22.62,11072,0
20131108,22.74,22.805,22.63,22.722,8059,0
20131111,22.611,22.776,22.611,22.776,12635,0
20131112,22.805,22.805,22.537,22.712,7209,0
20131113,22.676,22.824,22.657,22.685,14548,0
20131114,22.565,22.824,22.565,22.766,42017,0
20131115,22.815,22.815,22.63,22.74,20035,0
20131118,22.844,22.844,22.731,22.815,5560,0
20131119,22.889,22.915,22.766,22.766,3207,0
20131120,22.722,22.75,22.639,22.75,10123,0
20131121,22.657,22.657,22.639,22.657,4271,0
20131122,22.63,22.824,22.62,22.824,8615,0
20131125,22.935,22.935,22.611,22.62,17773,0
20131126,22.881,22.881,22.685,22.766,3723,0
20131127,22.648,22.667,22.62,22.63,2972,0
20131129,23.208,23.208,22.907,22.907,1246,0
20131202,22.692,22.853,22.683,22.784,5063,0
20131203,22.88,23.018,22.607,22.627,7811,0
20131204,22.98,23.009,22.403,22.477,11097,0
20131205,22.843,22.843,22.459,22.607,7793,0
20131206,22.542,22.664,22.477,22.477,28170,0
20131209,22.523,22.683,22.468,22.683,36251,0
20131210,22.561,22.617,22.496,22.523,38476,0
20131211,22.496,22.756,22.403,22.413,26645,0
20131212,22.394,22.431,22.319,22.328,3587,0
20131213,22.374,22.413,22.374,22.394,2805,0
20131216,22.374,22.477,22.311,22.328,23772,0
20131217,22.617,22.617,22.338,22.486,8760,0
20131218,22.311,22.551,22.178,22.551,6077,0
20131219,22.468,22.853,22.234,22.234,9237,0
20131220,22.72,22.72,22.178,22.254,17860,0
20131223,22.254,22.523,22.205,22.254,122865,0
20131224,22.254,22.589,22.254,22.477,6679,0
20131226,22.563,22.601,22.318,22.383,4359,0
20131227,22.252,22.393,22.242,22.242,14513,0
20131230,22.383,22.534,22.346,22.441,9125,0
20131231,22.28,22.667,22.28,22.638,38730,0
20140102,22.459,22.609,22.374,22.374,28093,0
20140103,22.393,22.609,22.393,22.609,4172,0
20140106,22.779,22.779,22.402,22.524,12216,0
20140107,22.412,22.609,22.383,22.524,7810,0
20140108,22.383,22.478,22.383,22.431,7477,0
20140109,22.393,22.543,22.232,22.364,15966,0
20140110,22.337,22.402,22.184,22.393,10742,0
20140113,22.609,22.609,22.271,22.374,14999,0
20140114,22.478,22.657,22.262,22.327,15948,0
20140115,22.262,22.516,22.262,22.29,1613,0
20140116,22.451,22.451,22.262,22.364,10102,0
20140117,22.271,22.582,22.262,22.29,3578,0
20140121,22.496,22.496,22.242,22.242,10421,0
20140122,22.252,22.346,22.101,22.101,7111,0
20140123,22.184,22.487,22.101,22.101,8296,0
20140124,22.222,22.393,22.101,22.148,23727,0
20140127,22.138,22.601,21.998,22.148,32914,0
20140128,22.034,22.101,22.005,22.072,8020,0
20140129,22.101,22.101,21.852,22.044,5658,0
20140130,22.062,22.101,21.881,22.101,3134,0
20140131,21.959,22.156,21.862,21.969,6237,0
20140203,21.849,22.097,21.849,22.078,4061,0
20140204,21.975,22.181,21.975,22.059,5127,0
20140205,22.041,22.041,21.905,21.915,23916,0
20140206,21.994,22.097,21.915,21.955,9346,0
20140207,22.087,22.19,22.011,22.19,4695,0
20140210,22.287,22.287,22.011,22.041,3980,0
20140211,22.087,22.171,22.087,22.162,5196,0
20140212,22.343,22.361,22.153,22.199,21233,0
20140213,22.219,22.371,22.219,22.352,24709,0
20140214,22.428,22.514,22.4,22.514,2287,0
20140218,22.541,22.541,22.334,22.484,6650,0
20140219,22.504,22.504,22.153,22.171,8256,0
20140220,22.324,22.475,22.144,22.277,6725,0
20140221,22.153,22.316,22.134,22.199,11800,0
20140224,22.277,22.371,22.162,22.371,5058,0
20140225,22.352,22.381,22.199,22.361,11307,0
20140226,22.4,22.4,22.324,22.381,2653,0
20140227,22.219,22.371,22.209,22.371,6563,0
20140228,22.229,22.551,22.229,22.514,7039,0
20140303,22.636,22.636,22.285,22.427,5591,0
20140304,22.359,22.483,22.246,22.447,6291,0
20140305,22.427,22.531,22.379,22.531,10296,0
20140306,22.359,22.741,22.359,22.675,11932,0
20140307,22.389,22.513,22.359,22.503,2216,0
20140310,22.465,22.483,22.275,22.483,1367,0
20140311,22.379,22.503,22.304,22.447,4675,0
20140312,22.493,22.513,22.341,22.513,2989,0
20140313,22.351,22.55,22.351,22.351,7626,0
20140314,22.369,22.531,22.351,22.427,3790,0
20140317,22.588,22.636,22.399,22.503,79383,0
20140318,22.607,22.607,22.304,22.437,43782,0
20140319,22.521,22.531,22.151,22.151,9932,0
20140320,22.187,22.351,22.151,22.256,9329,0
20140321,22.399,22.399,22.206,22.304,23169,0
20140324,22.369,22.474,22.322,22.408,4032,0
20140325,22.427,22.456,22.246,22.379,9436,0
20140326,22.408,22.531,22.399,22.513,10501,0
20140327,22.531,22.675,22.474,22.665,3825,0
20140328,22.646,22.665,22.56,22.617,5399,0
20140331,22.627,22.731,22.55,22.675,5510,0
20140401,22.786,22.786,22.557,22.7,12670,0
20140402,22.71,22.757,22.567,22.72,5766,0
20140403,22.585,22.729,22.547,22.71,10653,0
20140404,22.921,22.921,22.71,22.71,4107,0
20140407,22.691,22.786,22.653,22.757,1519,0
20140408,22.816,23.044,22.653,23.044,6422,0
20140409,22.977,23.191,22.958,23.121,44443,0
20140410,23.072,23.161,22.903,22.903,22658,0
20140411,23.016,23.102,22.977,22.977,5764,0
20140414,23.007,23.082,22.884,22.884,3483,0
20140415,22.967,23.102,22.786,22.977,37994,0
20140416,23.121,23.131,22.796,22.967,9471,0
20140417,23.025,23.121,22.855,23.072,5860,0
20140421,23.64,23.64,22.875,23.063,7195,0
20140422,23.035,23.201,23.025,23.201,1747,0
20140423,23.072,23.284,22.875,23.191,12402,0
20140424,23.151,23.151,22.958,23.016,43370,0
20140425,22.786,23.191,22.786,23.121,3318,0
20140428,23.121,23.121,22.958,23.007,5649,0
20140429,23.121,23.801,23.121,23.332,161137,0
20140430,23.544,23.811,23.351,23.801,9051,0
20140501,23.723,23.907,23.445,23.907,14178,0
20140502,23.888,23.956,23.455,23.848,7594,0
20140505,23.761,24.033,23.628,23.878,3057,0
20140506,23.888,24.165,23.888,24.089,9435,0
20140507,24.319,24.319,24.023,24.145,25114,0
20140508,24.252,24.252,24.08,24.242,5587,0
20140509,24.165,24.252,24.08,24.08,4618,0
20140512,24.435,24.435,24.08,24.089,4119,0
20140513,24.089,24.089,23.848,24.033,6426,0
20140514,23.898,24.08,23.898,23.927,48882,0
20140515,23.638,24.013,23.638,23.888,23018,0
20140516,24.003,24.023,23.898,23.993,7740,0
20140519,24.023,24.062,23.751,23.8,36706,0
20140520,24.033,24.053,23.751,24.053,14642,0
20140521,23.848,23.927,23.741,23.848,29366,0
20140522,23.81,23.927,23.81,23.829,17476,0
20140523,23.713,24.099,23.713,24.099,10786,0
20140527,24.033,24.135,23.838,24.023,15057,0
20140528,23.973,24.261,23.8,23.838,2913,0
20140529,23.993,24.126,23.838,24.043,6472,0
20140530,24.119,24.119,23.713,23.963,6740,0
20140602,24.089,24.089,23.588,23.867,18604,0
20140603,23.77,23.973,23.617,23.712,51284,0
20140604,23.75,23.75,23.393,23.569,74766,0
20140605,23.906,23.906,23.423,23.433,7190,0
20140606,23.56,23.867,23.531,23.857,6260,0
20140609,24.043,24.043,23.646,23.722,5671,0
20140610,23.955,24.013,23.579,23.916,10375,0
20140611,23.955,24.033,23.955,23.973,1139,0
20140612,24.08,24.135,23.665,23.74,7030,0
20140613,24.291,24.301,23.712,23.712,6770,0
20140616,23.897,24.145,23.897,24.08,9190,0
20140617,24.062,24.062,23.867,23.867,8263,0
20140618,24.242,24.242,23.857,24.155,7630,0
20140619,24.214,24.232,24.089,24.204,7842,0
20140620,24.214,24.281,24.099,24.214,5627,0
20140623,24.311,24.311,24.099,24.135,12631,0
20140624,24.281,24.281,24.109,24.194,20789,0
20140625,24.301,24.301,23.945,24.281,11179,0
20140626,24.301,24.311,24.053,24.155,13827,0
20140627,24.089,24.465,24.089,24.34,6347,0
20140630,24.126,24.474,24.126,24.301,6982,0
20140701,24.647,24.704,24.278,24.578,9982,0
20140702,24.752,24.752,24.077,24.239,30616,0
20140703,24.52,24.578,24.151,24.578,4298,0
20140707,24.085,24.627,24.085,24.366,22967,0
20140708,24.317,24.462,24.229,24.356,13728,0
20140709,24.356,24.578,23.979,24.578,7618,0
20140710,24.268,24.558,24.141,24.491,26517,0
20140711,24.181,24.472,24.181,24.19,3879,0
20140714,24.452,24.452,24.19,24.356,51880,0
20140715,24.452,24.452,24.268,24.337,26853,0
20140716,24.462,24.462,24.258,24.258,11224,0
20140717,24.416,24.433,24.298,24.356,15904,0
20140718,24.258,24.337,24.161,24.278,23608,0
20140721,24.376,24.416,24.181,24.181,1788,0
20140722,24.229,24.433,24.171,24.249,8931,0
20140723,24.386,24.386,24.171,24.2,9110,0
20140724,24.268,24.376,24.181,24.249,8104,0
20140725,24.181,24.181,24.068,24.122,8569,0
20140728,24.122,24.22,23.941,24.21,8895,0
20140729,24.085,24.21,24.068,24.068,6204,0
20140730,24.229,24.327,23.931,23.989,11344,0
20140731,23.931,24.039,23.882,24.019,5718,0
20140801,23.959,24.048,23.94,23.998,6263,0
20140804,24.058,24.058,23.812,24.038,4341,0
20140805,24.048,24.048,23.891,23.891,4982,0
20140806,23.822,24.008,23.812,23.93,3966,0
20140807,23.715,23.743,23.659,23.725,7083,0
20140808,23.706,23.802,23.706,23.783,6654,0
20140811,23.783,23.901,23.62,23.871,9884,0
20140812,23.881,23.911,23.763,23.841,1202,0
20140813,23.871,24.008,23.735,23.901,8232,0
20140814,23.901,23.911,23.62,23.62,12028,0
20140815,23.629,23.921,23.571,23.881,10546,0
20140818,23.891,23.911,23.543,23.851,5087,0
20140819,23.911,23.911,23.763,23.832,7234,0
20140820,23.851,23.851,23.571,23.735,9270,0
20140821,23.743,23.832,23.591,23.773,14126,0
20140822,23.822,23.851,23.659,23.753,13774,0
20140825,23.959,23.959,23.677,23.725,8862,0
20140826,23.639,23.871,23.61,23.62,7544,0
20140827,23.514,23.95,23.514,23.95,7386,0
20140828,24.038,24.038,23.668,23.93,11118,0
20140829,23.968,24.132,23.881,23.881,4656,0
20140902,24.152,24.152,23.59,23.891,2709,0
20140903,24.142,24.142,23.522,23.802,9240,0
20140904,23.998,24.028,23.542,23.861,28793,0
20140905,23.753,23.871,23.753,23.812,11573,0
20140908,23.773,23.998,23.493,23.667,5269,0
20140909,23.638,23.638,23.336,23.57,24235,0
20140910,23.648,23.648,23.403,23.628,12416,0
20140911,23.336,23.58,23.297,23.561,24351,0
20140912,23.317,23.532,23.297,23.443,19046,0
20140915,23.307,23.57,23.307,23.346,22436,0
20140916,23.182,23.6,23.182,23.423,28313,0
20140917,23.463,23.978,23.287,23.619,36942,0
20140918,23.93,23.93,23.355,23.686,6695,0
20140919,23.483,23.743,23.355,23.676,12726,0
20140922,23.493,23.6,23.287,23.6,93416,0
20140923,23.307,23.628,23.287,23.513,6700,0
20140924,23.287,23.802,23.287,23.522,5787,0
20140925,23.503,23.513,23.122,23.384,14527,0
20140926,23.192,23.503,22.724,23.212,5793,0
20140929,23.364,23.393,23.112,23.287,7897,0
20140930,23.287,23.297,22.949,23.202,5183,0
20141001,22.948,23.287,22.948,23.258,3807,0
20141002,23.278,23.287,23.034,23.034,1897,0
20141003,23.346,23.346,22.655,22.723,11479,0
20141006,23.082,23.278,22.751,23.015,9449,0
20141007,23.092,23.268,22.986,23.268,6158,0
20141008,23.132,23.297,22.82,22.986,3050,0
20141009,23.307,23.307,23.015,23.082,3225,0
20141010,22.78,23.102,22.761,22.996,11461,0
20141013,22.986,23.024,22.626,22.84,3665,0
20141014,22.957,23.192,22.938,22.976,5040,0
20141015,22.684,23.043,22.665,23.006,17206,0
20141016,23.192,23.212,22.85,23.053,19034,0
20141017,23.258,23.307,22.684,22.957,9943,0
20141020,23.112,23.112,22.703,22.918,4831,0
20141021,23.24,23.24,22.723,22.87,6197,0
20141022,22.86,23.268,22.86,23.192,10633,0
20141023,23.297,23.317,22.938,23.053,6107,0
20141024,23.172,23.172,22.928,22.928,895,0
20141027,22.996,23.202,22.908,23.152,3175,0
20141028,23.152,23.336,22.928,23.112,4423,0
20141029,23.222,23.222,22.938,22.938,5433,0
20141030,22.957,22.966,22.948,22.966,6100,0
20141031,23.092,23.142,22.908,23.063,4665,0
20141103,23.152,23.152,22.928,22.966,4340,0
20141104,23.112,23.112,22.595,22.996,20937,0
20141105,22.996,23.162,22.799,23.082,7706,0
20141106,23.192,23.231,22.889,22.898,13655,0
20141107,22.741,23.162,22.741,22.938,9830,0
20141110,22.966,23.132,22.966,23.015,4830,0
20141111,23.112,23.142,22.898,23.102,5640,0
20141112,23.347,23.395,22.966,22.966,7771,0
20141113,23.318,23.357,22.869,22.966,11655,0
20141114,23.006,23.278,22.948,23.172,6339,0
20141117,23.182,23.212,22.741,22.996,29249,0
20141118,23.092,23.122,22.769,22.928,16522,0
20141119,22.859,23.102,22.731,23.102,29954,0
20141120,22.966,23.231,22.809,22.996,9577,0
20141121,23.212,23.298,22.908,23.249,6296,0
20141124,23.318,23.318,22.976,23.112,7761,0
20141125,23.172,23.386,22.986,23.063,10185,0
20141126,23.192,23.366,22.957,23.102,15621,0
20141128,23.366,23.366,22.722,22.829,4429,0
20141201,22.972,23.06,22.795,22.805,13087,0
20141202,22.785,22.825,22.57,22.65,26713,0
20141203,22.835,22.845,22.65,22.775,8881,0
20141204,22.855,22.914,22.59,22.875,28426,0
20141205,22.6,22.688,22.541,22.541,13861,0
20141208,22.55,22.59,22.052,22.365,4859,0
20141209,22.296,22.414,22.139,22.197,15573,0
20141210,22.385,22.385,22.081,22.129,17076,0
20141211,22.924,23.04,22.071,22.197,4265,0
20141212,21.903,22.267,21.903,22.267,15602,0
20141215,21.992,21.992,21.579,21.912,16717,0
20141216,21.759,21.854,21.589,21.609,28519,0
20141217,22.052,22.197,21.561,21.561,11958,0
20141218,21.579,22.032,21.579,21.629,29522,0
20141219,22.267,22.267,21.609,21.942,22950,0
20141222,21.57,22.062,21.57,21.719,12157,0
20141223,21.639,22.521,21.639,21.883,10420,0
20141224,21.875,22.2,21.875,21.944,6390,0
20141226,22.554,22.554,21.61,21.67,7862,0
20141229,21.904,21.904,21.571,21.61,27057,0
20141230,21.542,22.407,21.542,21.71,17325,0
20141231,21.64,22.859,21.64,22.121,13078,0
20150102,22.514,22.819,21.71,21.875,15567,0
20150105,21.827,21.944,21.72,21.818,7125,0
20150106,21.65,21.76,21.404,21.62,12627,0
20150107,21.394,21.7,21.394,21.513,5965,0
20150108,21.278,21.6,21.278,21.503,9398,0
20150109,21.374,21.522,21.199,21.228,12319,0
20150112,21.238,21.414,20.991,21.01,15729,0
20150113,21.05,21.58,21.01,21.434,6318,0
20150114,21.06,21.483,21.06,21.12,2735,0
20150115,21.12,21.483,21.03,21.03,750,0
20150116,21.552,21.562,20.825,21.258,5537,0
20150120,21.16,21.16,20.697,20.825,9848,0
20150121,21.12,21.12,20.756,20.903,5963,0
20150122,20.932,20.962,20.451,20.805,18875,0
20150123,20.53,20.658,20.421,20.46,21687,0
20150126,20.51,20.805,20.157,20.54,6313,0
20150127,20.038,20.864,20.038,20.717,7524,0
20150128,20.451,20.834,20.441,20.441,5597,0
20150129,20.451,20.678,20.117,20.245,11387,0
20150130,20.028,20.048,19.468,19.478,17427,0
20150202,20.149,20.149,19.458,20.07,7996,0
20150203,20.326,20.454,19.843,20.119,14459,0
20150204,20.02,20.514,19.784,20.119,19172,0
20150205,20.248,20.672,20.129,20.672,8629,0
20150206,20.474,20.474,19.922,20.129,8338,0
20150209,20.02,20.672,19.823,20.239,32901,0
20150210,20.179,20.701,19.823,20.613,31061,0
20150211,20.07,20.424,19.892,20.04,52247,0
20150212,20.07,20.394,20.07,20.375,5624,0
20150213,20.642,20.652,20.268,20.652,8629,0
20150217,20.583,20.583,20.297,20.564,8102,0
20150218,20.632,20.662,20.248,20.248,17024,0
20150219,20.219,20.652,20.219,20.652,24704,0
20150220,20.336,20.603,20.268,20.574,9153,0
20150223,20.464,20.603,20.229,20.404,5756,0
20150224,20.336,20.603,20.239,20.355,9757,0
20150225,20.534,20.534,20.248,20.534,3420,0
20150226,20.574,20.593,20.239,20.593,2374,0
20150227,20.307,20.554,20.248,20.534,6655,0
20150302,20.533,20.533,20.088,20.237,41535,0
20150303,20.296,20.463,20.237,20.443,2931,0
20150304,20.563,20.573,20.364,20.553,10510,0
20150305,20.493,20.583,20.355,20.573,12632,0
20150306,20.286,20.573,20.197,20.207,12026,0
20150309,20.711,20.711,20.187,20.266,3335,0
20150310,20.187,20.384,20.048,20.335,8893,0
20150311,20.038,20.593,19.81,19.989,3436,0
20150312,20.403,20.403,19.85,19.969,7983,0
20150313,19.87,20.187,19.84,19.85,12228,0
20150316,20.403,20.403,19.79,20.207,2223,0
20150317,20.088,20.088,19.8,19.879,11722,0
20150318,19.82,20.038,19.81,20.028,2829,0
20150319,20.068,20.207,19.82,20.058,6468,0
20150320,20.107,20.276,19.899,20.117,8287,0
20150323,20.246,20.266,20.127,20.266,18089,0
20150324,20.266,20.266,20.147,20.167,9803,0
20150325,20.266,20.325,19.939,20.286,11218,0
20150326,20.325,20.413,20.117,20.117,5760,0
20150327,19.959,20.403,19.949,20.306,6165,0
20150330,20.028,20.335,20.028,20.068,2223,0
20150331,20.038,20.038,19.82,19.879,12837,0
20150401,19.79,19.979,19.683,19.702,24961,0
20150402,19.889,19.929,19.712,19.751,7781,0
20150406,19.692,20.423,19.692,20.157,11218,0
20150407,20.157,20.167,19.86,20.009,17709,0
20150408,20.217,20.374,19.771,20.009,5255,0
20150409,19.929,20.393,19.79,19.939,9151,0
20150410,19.979,19.979,19.741,19.751,9903,0
20150413,19.929,19.939,19.573,19.702,23041,0
20150414,19.82,19.83,19.523,19.563,6366,0
20150415,19.741,19.879,19.533,19.879,12472,0
20150416,19.879,20.237,19.79,19.919,11337,0
20150417,19.979,20.058,19.84,19.979,6165,0
20150420,19.969,20.345,19.673,19.673,6490,0
20150421,19.939,19.939,19.84,19.889,9054,0
20150422,19.939,20.009,19.702,19.712,13347,0
20150423,19.949,20.246,19.751,20.097,12431,0
20150424,20.197,20.355,20.097,20.177,11824,0
20150427,20.107,20.316,19.81,20.117,9398,0
20150428,20.246,20.691,19.889,20.642,14249,0
20150429,20.721,20.859,20.632,20.632,14856,0
20150430,20.82,21.217,20.642,21.037,38402,0
20150501,21.812,21.812,21.057,21.544,9065,0
20150504,21.345,21.384,21.057,21.077,11584,0
20150505,20.958,21.603,20.958,21.524,82192,0
20150506,21.643,21.713,20.73,20.997,19671,0
20150507,20.968,21.832,20.651,21.434,1644995,0
20150508,21.394,21.693,21.345,21.454,673247,0
20150511,21.454,21.733,21.444,21.703,365229,0
20150512,21.802,21.93,21.713,21.901,258545,0
20150513,21.842,22.199,21.842,21.97,424355,0
20150514,22.11,22.13,21.95,22.01,77458,0
20150515,21.99,22.278,21.891,21.891,79317,0
20150518,21.792,21.901,21.733,21.792,115447,0
20150519,21.693,21.99,21.207,21.663,95084,0
20150520,21.683,21.743,21.187,21.653,38578,0
20150521,21.653,21.97,21.197,21.364,91357,0
20150522,22.249,22.249,21.177,21.177,85817,0
20150526,21.247,21.335,20.661,20.77,39623,0
20150527,20.74,20.997,20.651,20.71,22461,0
20150528,20.848,21.067,20.511,20.79,20664,0
20150529,20.77,20.898,20.551,20.809,126309,0
20150601,20.852,20.932,20.345,20.723,171876,0
20150602,20.882,20.882,20.444,20.564,80876,0
20150603,20.664,20.862,20.434,20.713,86243,0
20150604,20.693,20.793,20.325,20.574,91671,0
20150605,20.464,20.693,20.385,20.544,105341,0
20150608,20.614,20.723,20.365,20.614,38398,0
20150609,20.634,20.822,20.414,20.414,57666,0
20150610,20.882,21.061,20.394,20.564,61495,0
20150611,20.842,20.862,20.424,20.604,22507,0
20150612,20.594,20.842,20.484,20.793,77096,0
20150615,20.554,20.802,20.464,20.723,32869,0
20150616,20.693,20.713,20.454,20.664,79609,0
20150617,20.693,20.693,20.574,20.683,26135,0
20150618,20.703,21.131,20.693,20.842,11760,0
20150619,20.842,20.882,20.524,20.534,18797,0
20150622,20.683,20.773,20.126,20.216,83026,0
20150623,20.404,20.504,20.007,20.017,143639,0
20150624,19.997,20.265,19.788,19.867,113081,0
20150625,19.797,20.186,19.797,20.077,10252,0
20150626,19.997,19.997,19.698,19.897,10655,0
20150629,19.897,19.927,19.629,19.797,22717,0
20150630,19.847,20.126,19.44,19.569,35733,0
20150701,19.49,19.738,19.43,19.579,57696,0
20150702,19.664,19.724,19.275,19.614,28194,0
20150706,19.335,19.634,19.265,19.265,127226,0
20150707,19.265,19.385,19.056,19.126,65118,0
20150708,18.877,19.186,18.607,18.757,643455,0
20150709,18.787,19.006,18.009,18.239,1562433,0
20150710,18.069,18.807,18.069,18.438,898208,0
20150713,18.538,18.538,18.269,18.338,711683,0
20150714,18.239,18.578,18.239,18.538,231825,0
20150715,18.378,18.578,18.289,18.299,290412,0
20150716,18.358,18.697,18.259,18.428,275623,0
20150717,18.328,18.657,18.328,18.528,128932,0
20150720,18.548,18.916,18.538,18.558,41439,0
20150721,18.687,18.897,18.358,18.518,47058,0
20150722,18.438,18.747,18.308,18.458,70035,0
20150723,18.468,18.538,18.318,18.348,97727,0
20150724,18.338,18.657,18.159,18.318,203682,0
20150727,18.488,18.488,18.249,18.249,12943,0
20150728,18.428,18.468,18.328,18.408,11739,0
20150729,18.358,18.677,18.358,18.388,51071,0
20150730,18.308,18.657,18.239,18.269,5719,0
20150731,18.229,18.468,18.089,18.089,12642,0
20150803,18.099,18.269,18.089,18.089,4454,0
20150804,18.02,18.41,17.89,17.95,40200,0
20150805,17.96,18.37,17.95,18.06,22800,0
20150806,17.98,18.15,17.87,18.06,51841,0
20150807,18.05,18.12,17.97,18.09,100800,0
