Date,Open,High,Low,Close,Volume,OpenInt
20100714,3.0722,3.154,3.0722,3.0968,902628,0
20100715,3.1,3.1485,3.0935,3.1412,1198644,0
20100716,3.0165,3.0188,2.948,2.9592,755916,0
20100719,2.9345,2.9345,2.9235,2.9282,144648,0
20100720,2.9052,3.038,2.9052,3.038,52824,0
20100721,3.0858,3.0888,2.9942,2.9942,47796,0
20100722,3.0792,3.108,3.0792,3.108,128292,0
20100723,3.0705,3.2025,3.0435,3.2025,89052,0
20100726,3.1938,3.2718,3.1898,3.2718,44652,0
20100727,3.2948,3.2948,3.2948,3.2948,4800,0
20100728,3.1412,3.1412,3.1398,3.1398,2520,0
20100730,3.0238,3.0238,3.0238,3.0238,1260,0
20100802,3.2367,3.2367,3.2367,3.2367,1260,0
20100803,3.1445,3.1445,3.1445,3.1445,1260,0
20100804,3.1518,3.236,3.1518,3.2225,646488,0
20100805,3.2302,3.2302,3.2302,3.2302,1260,0
20100806,3.1508,3.1548,3.1508,3.1548,42768,0
20100809,3.2652,3.2995,3.2652,3.2718,12576,0
20100810,3.1992,3.2638,3.1992,3.2072,384876,0
20100811,3.108,3.123,3.1055,3.1055,7800,0
20100812,3.0858,3.0858,3.0825,3.084,3768,0
20100813,3.0625,3.0625,3.0198,3.0198,13836,0
20100816,3.0435,3.0435,3.0435,3.0435,12576,0
20100817,3.158,3.158,3.1062,3.1062,6804,0
20100818,3.1938,3.1938,3.1835,3.1835,5028,0
20100819,3.1795,3.1795,3.069,3.0778,144648,0
20100820,3.0522,3.0522,3.0522,3.0522,1260,0
20100823,3.139,3.1835,3.0818,3.0825,163512,0
20100824,2.9965,3.034,2.9782,3.034,22008,0
20100825,3.0388,3.1168,3.014,3.1128,44016,0
20100826,3.1245,3.1263,3.1102,3.1102,20820,0
20100827,3.0618,3.111,3.007,3.111,80496,0
20100830,2.9975,2.9975,2.9975,2.9975,15096,0
20100831,2.9655,3.034,2.9655,3.0332,36660,0
20100901,3.1445,3.1795,3.1405,3.1795,104400,0
20100902,3.24,3.302,3.236,3.302,31440,0
20100903,3.3702,3.414,3.3418,3.3688,15096,0
20100907,3.367,3.367,3.2922,3.2922,21888,0
20100908,3.3305,3.333,3.3225,3.329,6288,0
20100909,3.3845,3.3845,3.3178,3.3202,35220,0
20100910,3.3782,3.3782,3.3775,3.3775,6288,0
20100913,3.4435,3.4435,3.4435,3.4435,1260,0
20100914,3.55,3.5708,3.55,3.5708,2520,0
20100915,3.4968,3.5428,3.4968,3.5428,11952,0
20100916,3.546,3.546,3.5222,3.523,10356,0
20100917,3.5158,3.5158,3.5158,3.5158,1260,0
20100920,3.6262,3.6668,3.6262,3.6668,31764,0
20100921,3.915,3.915,3.6565,3.6565,17604,0
20100922,3.6955,3.6995,3.6645,3.6645,8808,0
20100924,3.8712,3.8712,3.8705,3.8705,13836,0
20100927,3.721,3.848,3.7042,3.829,76716,0
20100928,3.7678,3.8958,3.7678,3.8958,8172,0
20100929,3.8768,3.8768,3.8585,3.8585,13836,0
20100930,3.914,3.914,3.806,3.8362,18864,0
20101001,3.81,3.814,3.81,3.814,3768,0
20101005,3.8552,3.9132,3.8552,3.9038,94332,0
20101006,3.891,3.891,3.891,3.891,2520,0
20101007,3.9022,3.9022,3.9022,3.9022,2520,0
20101008,3.9268,3.9268,3.9268,3.9268,3768,0
20101011,3.95,3.95,3.95,3.95,3768,0
20101012,3.9252,3.9372,3.9252,3.9372,6288,0
20101013,3.9595,3.996,3.9005,3.9005,4524,0
20101014,3.8888,3.8888,3.8052,3.8052,13836,0
20101015,3.8958,3.9372,3.888,3.9372,18864,0
20101018,4.0532,4.0532,3.9015,3.911,54936,0
20101019,3.8505,3.876,3.7798,3.802,98964,0
20101020,3.8228,3.8792,3.8228,3.8625,15096,0
20101021,3.961,3.9945,3.914,3.957,123264,0
20101022,3.9818,3.984,3.9818,3.984,5028,0
20101025,4.0525,4.0525,4.0015,4.0015,9468,0
20101026,3.9745,4.035,3.9745,4.0262,13836,0
20101027,3.953,3.9618,3.8895,3.8965,89304,0
20101028,3.9698,3.9698,3.9292,3.9372,6540,0
20101029,3.9165,3.9365,3.9165,3.9365,11316,0
20101101,3.942,3.9752,3.9118,3.9388,125772,0
20101102,3.9705,4.0645,3.9625,4.019,189924,0
20101103,4.023,4.039,3.9858,4.039,71688,0
20101104,4.1295,4.1828,4.1288,4.1828,50436,0
20101105,4.1908,4.2655,4.1908,4.2272,173832,0
20101108,4.209,4.2242,4.1908,4.2002,103140,0
20101109,4.1758,4.2035,4.1232,4.1232,100620,0
20101110,4.1528,4.1798,4.0938,4.1798,12576,0
20101111,4.1232,4.1948,4.1185,4.19,70440,0
20101112,4.1662,4.1662,4.0635,4.0755,135120,0
20101115,4.0915,4.0915,4.0127,4.0238,105648,0
20101116,4.019,4.124,3.9968,4.0207,109428,0
20101117,4.0645,4.0682,4.0478,4.0532,76224,0
20101118,4.1598,4.2012,4.105,4.105,118224,0
20101119,4.0992,4.1805,4.0915,4.1805,237720,0
20101122,4.182,4.287,4.1678,4.264,120684,0
20101123,4.229,4.229,4.171,4.2108,75348,0
20101124,4.2878,4.38,4.2878,4.3712,83892,0
20101126,4.3362,4.3545,4.333,4.3538,23892,0
20101129,4.7258,4.7258,4.2545,4.3092,61812,0
20101130,4.2178,4.3592,4.2178,4.341,70692,0
20101201,4.4698,4.4708,4.3943,4.446,131088,0
20101202,4.4698,4.5678,4.4358,4.5565,138324,0
20101203,4.5295,4.5422,4.465,4.5342,431664,0
20101206,4.5367,4.5572,4.5367,4.5438,20004,0
20101207,4.644,4.644,4.5678,4.5678,30624,0
20101208,4.5382,4.5558,4.5382,4.5558,6288,0
20101209,4.6878,4.6878,4.5525,4.5525,13836,0
20101210,4.5572,4.5718,4.5542,4.5718,8676,0
20101213,4.5805,4.5835,4.5342,4.5405,26112,0
20101214,4.5047,4.5182,4.4905,4.5182,112440,0
20101215,4.489,4.532,4.489,4.532,52524,0
20101216,4.5113,4.57,4.3355,4.558,13032,0
20101217,4.5718,4.5852,4.5708,4.5708,5028,0
20101220,4.5645,4.5988,4.5645,4.5988,51564,0
20101221,4.593,4.6162,4.59,4.6043,33828,0
20101222,4.5668,4.5955,4.5652,4.5718,16980,0
20101223,4.555,4.5828,4.5532,4.5828,26628,0
20101227,4.5795,4.5795,4.578,4.578,3768,0
20101228,4.562,4.562,4.5398,4.5542,75336,0
20101229,4.5492,4.6115,4.5492,4.6018,22644,0
20101230,4.5948,4.6137,4.5948,4.601,13836,0
20110103,4.625,4.6568,4.625,4.6568,7548,0
20110105,4.535,4.5612,4.489,4.5215,34716,0
20110106,4.481,4.481,4.3038,4.3943,105144,0
20110107,4.4125,4.4125,4.3348,4.3832,37932,0
20110110,4.3475,4.4015,4.3475,4.4015,24528,0
20110111,4.4023,4.403,4.3975,4.3975,20748,0
20110112,4.4325,4.4708,4.4325,4.4492,15852,0
20110113,4.4682,4.4715,4.4522,4.4532,321984,0
20110114,4.4405,4.5145,4.4365,4.5105,227028,0
20110118,4.5025,4.5025,4.5025,4.5025,5028,0
20110119,4.4602,4.4602,4.435,4.4445,51564,0
20110120,4.5127,4.5375,4.5127,4.5375,67920,0
20110121,4.605,4.605,4.4945,4.4945,110688,0
20110124,4.5248,4.5248,4.5248,4.5248,4404,0
20110125,4.5485,4.5485,4.4953,4.535,13836,0
20110126,4.5772,4.6065,4.5772,4.5955,19344,0
20110127,4.6702,4.6782,4.6702,4.6735,16356,0
20110128,4.6258,4.6312,4.454,4.462,171312,0
20110131,4.4218,4.4275,4.4218,4.4275,13632,0
20110201,4.4842,4.5145,4.4842,4.504,36156,0
20110203,4.4675,4.5018,4.4668,4.5018,10068,0
20110204,4.497,4.582,4.497,4.5748,28656,0
20110207,4.562,4.6035,4.562,4.6035,5340,0
20110208,4.6702,4.6702,4.6702,4.6702,7548,0
20110209,4.7402,4.7402,4.7362,4.7378,15468,0
20110210,4.7108,4.7188,4.7108,4.7188,18864,0
20110211,4.6998,4.8015,4.6998,4.7998,11868,0
20110214,4.76,4.7608,4.76,4.7608,5364,0
20110215,4.753,4.7632,4.7498,4.7632,24024,0
20110216,4.8675,4.8675,4.8005,4.8142,91188,0
20110217,4.7775,4.85,4.7775,4.8212,13956,0
20110218,4.8452,4.8452,4.8315,4.8412,7848,0
20110222,4.7227,4.7227,4.6502,4.6502,14148,0
20110223,4.4755,4.4755,4.4755,4.4755,1260,0
20110224,4.4628,4.4628,4.4468,4.4468,13836,0
20110225,4.497,4.57,4.497,4.508,27360,0
20110301,4.508,4.5558,4.4372,4.4405,33960,0
20110302,4.4125,4.462,4.4125,4.461,16356,0
20110303,4.532,4.551,4.532,4.5445,7548,0
20110304,4.4492,4.4515,4.4492,4.4515,3768,0
20110307,4.3888,4.4142,4.3888,4.4142,36660,0
20110309,4.4922,4.5478,4.4922,4.5358,11316,0
20110310,4.469,4.4762,4.465,4.465,154704,0
20110311,4.4682,4.531,4.4682,4.5095,30816,0
20110314,4.2895,4.4332,4.2895,4.4325,17928,0
20110315,4.3912,4.3912,4.3728,4.3728,7548,0
20110316,4.279,4.279,4.2768,4.2768,17700,0
20110325,4.5438,4.5685,4.528,4.5328,10068,0
20110328,4.5455,4.566,4.4555,4.4555,29472,0
20110329,4.4992,4.5127,4.4992,4.5127,3768,0
20110330,4.57,4.632,4.5612,4.632,20748,0
20110331,4.6082,4.6142,4.5292,4.56,23268,0
20110401,4.6043,4.6575,4.5883,4.5883,13836,0
20110404,4.6192,4.636,4.6137,4.636,6288,0
20110405,4.691,4.7902,4.691,4.7578,38172,0
20110406,4.803,4.803,4.756,4.7648,27888,0
20110407,4.826,4.826,4.7902,4.8172,30396,0
20110408,4.7968,4.7968,4.7552,4.7552,37728,0
20110411,4.749,4.7665,4.749,4.7665,20124,0
20110412,4.7632,4.8205,4.7632,4.7822,60372,0
20110413,4.8038,4.8038,4.8038,4.8038,12576,0
20110414,4.768,4.784,4.768,4.784,16356,0
20110415,4.8205,4.8205,4.8102,4.8102,3768,0
20110418,4.6812,4.694,4.6812,4.694,7572,0
20110419,4.7362,4.7362,4.7362,4.7362,1260,0
20110420,4.8792,4.9335,4.8792,4.881,22644,0
20110421,4.8938,4.8938,4.8888,4.8888,11316,0
20110426,4.8475,4.8858,4.8475,4.8858,5028,0
20110427,4.9938,5.0582,4.9938,5.047,16032,0
20110428,5.0382,5.0408,5.0232,5.0232,31380,0
20110503,5.024,5.0382,5.024,5.0382,11316,0
20110505,4.974,5.0692,4.974,5.0098,24144,0
20110509,4.978,5.0455,4.978,5.0455,3768,0
20110510,5.1148,5.1615,5.1148,5.16,47604,0
20110511,5.16,5.1615,5.1137,5.1535,103632,0
20110512,5.2665,5.2752,5.2592,5.2752,15096,0
20110513,5.2855,5.3055,5.2108,5.2108,23616,0
20110516,5.075,5.075,5.043,5.0662,26412,0
20110517,5.067,5.0995,5.0255,5.0995,18864,0
20110523,4.9055,4.9182,4.854,4.9182,7500,0
20110525,4.7982,4.8085,4.7982,4.8085,9780,0
20110526,4.8388,4.8792,4.8388,4.8792,2520,0
20110531,4.9255,4.9262,4.9248,4.9262,16356,0
20110601,4.8872,4.8898,4.8872,4.8898,15096,0
20110602,4.7782,4.7782,4.659,4.659,5340,0
20110606,4.4858,4.4858,4.4858,4.4858,2196,0
20110614,4.4405,4.5088,4.4405,4.5058,591624,0
20110615,4.3888,4.4008,4.3888,4.3888,13836,0
20110616,4.3888,4.427,4.3792,4.3792,35220,0
20110617,4.5072,4.5095,4.4508,4.4522,28932,0
20110621,4.5542,4.6925,4.535,4.6925,16212,0
20110622,4.6115,4.6495,4.6115,4.6115,2580,0
20110623,4.6232,4.6648,4.566,4.6648,326700,0
20110624,4.691,4.6988,4.69,4.69,5028,0
20110628,4.718,4.729,4.7133,4.729,11640,0
20110629,4.7752,4.8015,4.729,4.7822,49680,0
20110630,4.775,4.7832,4.775,4.7832,2520,0
20110701,4.8085,4.9572,4.8085,4.9572,27672,0
20110705,4.9565,4.997,4.9565,4.9955,44016,0
20110706,5.0065,5.0248,4.9762,5.0248,50940,0
20110707,5.2133,5.2642,5.2108,5.237,14520,0
20110708,5.1352,5.1352,5.1352,5.1352,12576,0
20110711,5.0018,5.0287,5.0018,5.0287,8856,0
20110714,5.0598,5.0598,4.9915,4.9915,13836,0
20110715,4.9262,4.9262,4.9262,4.9262,10068,0
20110719,5.0605,5.0605,5.0605,5.0605,1608,0
20110720,5.0025,5.0025,5.0025,5.0025,1608,0
20110721,5.078,5.078,5.0645,5.0645,19236,0
20110722,5.0598,5.0828,5.0598,5.0828,25152,0
20110725,5.04,5.0408,5.04,5.0408,32700,0
20110727,5.0392,5.0392,5.0392,5.0392,25152,0
20110728,4.951,4.982,4.951,4.982,6288,0
20110801,4.7472,4.7472,4.7472,4.7472,1260,0
20110803,4.431,4.4325,4.3728,4.4325,22704,0
20110808,3.9738,4.0215,3.7838,3.7838,22644,0
20110809,3.7185,3.7185,3.7185,3.7185,1932,0
20110811,4.0168,4.0168,4.0168,4.0168,1932,0
20110812,4.054,4.0595,3.9158,4.0452,153444,0
20110815,4.1043,4.1043,4.1043,4.1043,3768,0
20110816,4.1265,4.1852,4.1265,4.1852,8172,0
20110819,4,4,3.8458,3.8458,7896,0
20110822,3.9482,3.9482,3.8695,3.8695,7548,0
20110824,4.116,4.143,4.1152,4.1368,8808,0
20110825,4.0985,4.0985,4.0985,4.0985,3768,0
20110826,4.2338,4.2345,4.2338,4.2345,3516,0
20110829,4.3538,4.3538,4.3538,4.3538,2520,0
20110830,4.4548,4.4548,4.4548,4.4548,3768,0
20110831,4.5033,4.5475,4.4368,4.4368,70440,0
20110902,4.2318,4.2318,4.2318,4.2318,3768,0
20110906,4.05,4.05,4.05,4.05,1260,0
20110907,4.3348,4.3468,4.2932,4.3348,4092,0
20110908,4.3435,4.388,4.3435,4.388,5028,0
20110912,4.0985,4.174,4.0868,4.174,55344,0
20110913,4.3888,4.3888,4.3625,4.3848,3768,0
20110914,4.5207,4.5207,4.5207,4.5207,7548,0
20110916,4.6885,4.7625,4.6885,4.7545,200232,0
20110919,4.7465,4.7465,4.7465,4.7465,2136,0
20110920,4.78,4.78,4.659,4.6622,115296,0
20110921,4.683,4.683,4.6408,4.6408,67920,0
20110922,4.2312,4.2615,4.2312,4.2608,19884,0
20110923,4.3252,4.3252,4.3252,4.3252,2184,0
20110928,4.5772,4.5772,4.481,4.481,7320,0
20110929,4.5718,4.5718,4.4532,4.4532,11952,0
20110930,4.2842,4.2842,4.2842,4.2842,5664,0
20111003,4.2075,4.2592,4.1495,4.1502,11952,0
20111004,3.95,3.95,3.95,3.95,1260,0
20111005,4.2312,4.337,4.2042,4.337,7548,0
20111006,4.3545,4.3728,4.3395,4.3658,14784,0
20111007,4.504,4.5415,4.4412,4.4412,13836,0
20111010,4.7545,4.7545,4.6718,4.706,25848,0
20111011,4.6973,4.7578,4.6702,4.7578,15096,0
20111012,4.8142,4.9135,4.8142,4.8938,75216,0
20111014,4.911,4.9285,4.8555,4.9285,177516,0
20111017,4.9335,4.9335,4.8475,4.8555,156588,0
20111018,4.8515,5.0718,4.8515,5.0367,28296,0
20111019,4.9962,4.9962,4.9962,4.9962,2316,0
20111020,4.9342,4.9342,4.9342,4.9342,6336,0
20111021,5.1002,5.1068,5.078,5.1068,23952,0
20111024,5.2395,5.2395,5.1808,5.1808,18192,0
20111025,5.0892,5.0988,4.9875,4.9875,52140,0
20111026,4.8355,4.846,4.7472,4.8388,71184,0
20111027,4.9995,5.0527,4.9995,5.0495,178812,0
20111028,4.9868,4.9868,4.9868,4.9868,1260,0
20111031,4.9492,4.9568,4.9292,4.9292,217596,0
20111101,4.8212,4.8442,4.795,4.7982,30936,0
20111102,4.9652,4.9652,4.9095,4.9095,22008,0
20111103,4.8675,5.0082,4.855,5.0018,84324,0
20111104,4.9158,5.02,4.8982,5.0082,305640,0
20111107,5.0582,5.0878,4.9485,5.086,305640,0
20111108,5.133,5.2012,5.009,5.2012,402348,0
20111109,5.0652,5.0652,4.9015,4.916,106392,0
20111110,5.0175,5.0418,4.8975,4.9408,61752,0
20111111,5.0615,5.1672,5.0615,5.1585,82380,0
20111114,5.1512,5.2005,5.113,5.1385,118296,0
20111115,5.117,5.117,5.0207,5.094,10260,0
20111116,5.0518,5.11,4.9325,4.9325,52236,0
20111117,4.931,4.9532,4.7848,4.811,13536,0
20111118,4.842,4.9055,4.7705,4.787,58548,0
20111121,4.671,4.69,4.574,4.6655,141048,0
20111122,4.625,4.6758,4.5805,4.6535,122736,0
20111123,4.508,4.5445,4.508,4.5445,4404,0
20111125,4.6118,4.6118,4.4758,4.4758,47040,0
20111128,4.714,4.7395,4.6502,4.683,89220,0
20111129,4.7307,4.8015,4.6958,4.8015,68988,0
20111130,5.025,5.025,4.8458,4.9492,86580,0
20111201,4.8945,5.0273,4.8945,4.985,90240,0
20111202,5.1358,5.15,5.0358,5.0358,28044,0
20111205,5.1488,5.2578,5.1488,5.176,9744,0
20111206,5.1482,5.2358,5.1142,5.2358,35400,0
20111207,5.17,5.2918,5.17,5.2918,176088,0
20111208,5.1768,5.2025,5.0125,5.0125,118104,0
20111209,5.0692,5.1732,5.0358,5.1525,25320,0
20111212,5.0193,5.0325,4.9675,5.0175,62256,0
20111213,5.115,5.115,4.7192,4.7192,47436,0
20111214,4.6532,4.7018,4.555,4.6792,46800,0
20111215,4.7992,4.7992,4.7082,4.7082,144900,0
20111216,4.82,4.8758,4.7558,4.775,157200,0
20111219,4.83,4.8458,4.5892,4.5892,133032,0
20111220,4.7732,4.9942,4.7732,4.9818,357084,0
20111221,4.9132,4.9368,4.9132,4.9368,13200,0
20111222,4.9858,4.9858,4.9308,4.9308,31200,0
20111223,4.9958,5.02,4.9308,5.0132,5760,0
20111227,5.0258,5.07,5.0232,5.0592,26700,0
20111228,5.0092,5.0092,4.925,4.9258,103200,0
20120103,5.0992,5.0992,4.97,4.97,13200,0
20120104,4.9975,5.0142,4.9975,5.0142,12000,0
20120105,4.8383,5.0408,4.7818,5.0325,163200,0
20120106,5.0325,5.0708,5.0325,5.0708,6000,0
20120109,4.96,4.9982,4.9208,4.9982,38400,0
20120110,5.0442,5.0442,5.0382,5.0382,2400,0
20120112,5.1,5.1,5.0068,5.0068,9984,0
20120113,4.985,5.0832,4.9768,5.0175,217524,0
20120117,5.1892,5.255,5.185,5.2225,74184,0
20120118,5.27,5.4832,5.27,5.4832,80400,0
20120119,5.5382,5.6768,5.5182,5.6768,44400,0
20120120,5.59,5.5992,5.5242,5.5242,15600,0
20120123,5.4008,5.4807,5.3768,5.4807,61200,0
20120124,5.4408,5.5033,5.4408,5.5033,32400,0
20120125,5.5018,5.6008,5.4682,5.5875,200400,0
20120126,5.6942,5.6942,5.55,5.6108,37200,0
20120127,5.64,5.6792,5.5582,5.6792,15600,0
20120130,5.6032,5.6032,5.4675,5.5367,40800,0
20120131,5.6675,5.6675,5.5042,5.6008,98400,0
20120202,5.6308,5.6308,5.6275,5.6275,3600,0
20120203,5.8232,5.8625,5.8232,5.8608,31200,0
20120206,5.8218,5.8218,5.8218,5.8218,2400,0
20120207,5.875,5.875,5.8675,5.8675,10200,0
20120209,5.7892,5.8975,5.7892,5.895,12600,0
20120213,5.9832,5.9832,5.9832,5.9832,8400,0
20120214,5.9982,5.9982,5.985,5.985,2400,0
20120215,6.0082,6.0082,5.8632,5.8632,16668,0
20120216,5.8943,5.895,5.8768,5.895,26604,0
20120217,6.0207,6.1108,6.0207,6.105,16800,0
20120221,6.0592,6.0592,5.9,5.9482,12000,0
20120222,5.7775,5.8725,5.7775,5.8725,9600,0
20120223,5.8242,5.8242,5.8032,5.8032,10800,0
20120224,5.9175,5.975,5.9175,5.975,3600,0
20120227,5.8768,6.0042,5.8768,6.0042,55200,0
20120228,6.0207,6.1443,6.0207,6.1443,14760,0
20120229,6.1725,6.1725,6.1558,6.1558,43200,0
20120301,6.185,6.2332,6.1625,6.2332,128400,0
20120302,6.2508,6.2608,6.25,6.2568,19200,0
20120305,6.2825,6.2992,6.1858,6.2968,70800,0
20120306,6.1658,6.1658,6.1658,6.1658,2400,0
20120307,6.2768,6.4132,6.2732,6.4132,21000,0
20120308,6.5318,6.6442,6.52,6.6432,124980,0
20120309,6.6458,6.6908,6.6332,6.6675,48084,0
20120312,6.76,6.76,6.7008,6.7325,38808,0
20120313,6.835,6.8808,6.7508,6.8808,48336,0
20120314,6.9408,6.9408,6.8468,6.9358,72000,0
20120315,6.9168,6.9868,6.9168,6.9608,41364,0
20120316,6.9982,6.9982,6.9208,6.9332,101904,0
20120319,6.835,6.9382,6.7958,6.91,106956,0
20120320,6.7982,7.1142,6.7982,7.1142,24756,0
20120321,7.1168,7.2092,7.1168,7.1692,15360,0
20120322,7.1418,7.2208,7.0825,7.1675,60288,0
20120323,6.9568,7.1332,6.9568,7.1308,11676,0
20120326,7.3092,7.4992,7.3092,7.4932,32400,0
20120327,7.5482,7.635,7.5008,7.5008,53760,0
20120328,7.5082,7.5108,7.2692,7.275,33540,0
20120329,7.2375,7.3132,7.1382,7.3132,38892,0
20120330,7.4058,7.4082,7.3258,7.3258,34236,0
20120402,7.3208,7.4292,7.2582,7.3858,75396,0
20120403,7.3875,7.4868,7.2492,7.32,55884,0
20120404,7.2092,7.2492,7.0432,7.0918,28392,0
20120405,7.085,7.3408,7.085,7.3408,14952,0
20120409,7.0718,7.1392,6.9868,7.12,107244,0
20120410,7.0875,7.0875,6.6392,6.6442,67596,0
20120411,6.8468,6.8768,6.8368,6.8375,30600,0
20120412,6.86,7.0792,6.86,7.0792,13176,0
20120416,7.1332,7.1332,6.975,7.0882,28080,0
20120417,7.2668,7.3818,7.2458,7.3818,25800,0
20120418,7.3475,7.5032,7.3242,7.4832,25668,0
20120419,7.3882,7.43,7.2292,7.2358,13932,0
20120420,7.36,7.4168,7.3168,7.4075,8700,0
20120423,7.0808,7.0808,6.855,6.99,33876,0
20120424,6.8692,6.9742,6.755,6.7658,33720,0
20120425,6.965,7.0332,6.965,7.0332,20400,0
20120426,7.0918,7.32,7.0692,7.3125,38604,0
20120427,7.6325,7.9168,7.6032,7.8358,126552,0
20120430,7.84,7.84,7.3958,7.6982,69192,0
20120501,7.6668,7.9242,7.6668,7.7875,48180,0
20120502,7.8225,7.9842,7.7475,7.9458,36444,0
20120503,8.0158,8.0282,7.7192,7.7258,48024,0
20120504,7.6218,7.6218,7.4058,7.445,47724,0
20120507,7.0842,7.4758,7.0832,7.4158,64668,0
20120508,7.1758,7.1832,6.99,7.1832,58812,0
20120509,7.1008,7.1582,7.1008,7.1358,7416,0
20120510,7.2168,7.29,7.1842,7.2292,16860,0
20120511,7.4242,7.4242,7.3225,7.3225,2400,0
20120514,7.14,7.14,7.01,7.01,16440,0
20120515,6.8982,7.0518,6.8875,7.0518,16800,0
20120516,6.9958,7.0118,6.9958,7.0118,4800,0
20120517,6.7668,6.7668,6.4975,6.4975,19116,0
20120518,6.5168,6.5942,6.3957,6.4275,17328,0
20120521,6.265,6.6092,6.265,6.5968,113760,0
20120522,6.6482,6.7582,6.6482,6.7375,16440,0
20120523,6.63,6.9225,6.5682,6.8832,32544,0
20120524,7.3575,7.3575,6.9692,6.9692,6060,0
20120525,7.1475,7.1732,7.1292,7.1392,8400,0
20120529,7.2718,7.3418,7.1675,7.3418,32484,0
20120530,7.1,7.1,7.0608,7.0608,9696,0
20120531,7.1375,7.1375,6.9358,7.1375,16800,0
20120601,6.9232,6.9232,6.5668,6.6292,53508,0
20120604,6.705,6.705,6.705,6.705,2400,0
20120606,7.0932,7.1282,7.0932,7.1132,6000,0
20120607,7.2775,7.3042,7.1958,7.205,28476,0
20120608,7.2242,7.5018,7.2242,7.495,37308,0
20120611,7.9175,7.9175,7.1392,7.1442,4800,0
20120612,7.25,7.3482,7.2482,7.3482,16284,0
20120613,7.2625,7.2625,6.9975,7,44040,0
20120614,7.1668,7.4042,7.1668,7.4042,58932,0
20120615,7.42,7.4692,7.34,7.4592,108060,0
20120618,7.4582,7.7082,7.4582,7.7082,38076,0
20120619,7.7682,7.8358,7.7582,7.815,15000,0
20120620,8.0332,8.0332,7.6918,7.7318,16908,0
20120621,7.7318,7.7318,7.2268,7.2268,22128,0
20120622,7.235,7.305,7.235,7.305,9600,0
20120625,7.0675,7.1325,7.0542,7.1108,6168,0
20120626,7.2082,7.2718,7.1668,7.2718,15600,0
20120627,7.2525,7.2525,7.1382,7.1692,5772,0
20120628,6.95,6.95,6.875,6.8932,9600,0
20120629,7.3292,7.5875,7.3292,7.5832,39840,0
20120702,8.0332,8.2418,7.5075,7.6275,38184,0
20120703,7.5908,7.62,7.4825,7.62,8124,0
20120705,7.6375,7.6932,7.6168,7.6868,32508,0
20120706,7.7442,7.745,7.7442,7.745,12000,0
20120709,7.8332,7.8332,7.7342,7.7418,6000,0
20120710,7.88,7.88,7.67,7.7258,4800,0
20120712,7.4142,7.4142,7.3608,7.3608,11664,0
20120713,7.5442,7.8618,7.5442,7.8618,16776,0
20120716,7.6758,7.8218,7.6758,7.8218,3600,0
20120717,7.6082,7.775,7.6082,7.735,19608,0
20120718,7.625,7.8158,7.625,7.8158,7200,0
20120719,7.9125,7.9642,7.9125,7.9642,2460,0
20120720,7.8082,7.8468,7.775,7.8468,8400,0
20120723,7.43,7.43,7.4168,7.4168,4440,0
20120724,7.5542,7.5542,7.55,7.55,3000,0
20120725,7.7418,7.7418,7.4358,7.5275,6168,0
20120726,7.7168,7.8018,7.7168,7.7958,19320,0
20120727,8.2408,8.3932,8.2232,8.3675,33804,0
20120730,8.4168,8.4168,8.2132,8.3525,21000,0
20120731,8.6468,8.6468,7.9168,8.1,13272,0
20120801,8.0692,8.0692,7.9168,7.9168,9600,0
20120802,7.9675,7.9675,7.7475,7.7475,3996,0
20120803,8.2018,8.25,8.2018,8.205,5580,0
20120806,8.2892,8.2942,8.265,8.265,26676,0
20120807,8.4125,8.4558,8.4125,8.4225,17160,0
20120808,8.4558,8.49,8.4425,8.4425,9600,0
20120809,8.475,8.475,8.3768,8.3875,27528,0
20120810,8.3442,8.3442,8.2768,8.2768,8064,0
20120813,8.3332,8.3332,7.8208,8.2582,36936,0
20120814,8.5382,8.5492,8.4425,8.4668,8460,0
20120815,8.525,8.655,8.525,8.5975,8700,0
20120816,8.6,8.7708,8.6,8.7708,9264,0
20120817,8.7942,8.9042,8.7942,8.8192,16656,0
20120820,8.7482,8.7482,8.6418,8.6418,12540,0
20120821,8.9008,9.3668,8.72,8.7508,29340,0
20120823,8.7858,8.7858,8.64,8.655,9036,0
20120824,9.2082,9.2082,8.8008,8.9068,43860,0
20120827,9,9,8.8268,8.8675,42432,0
20120828,8.9625,9.0325,8.9342,8.975,22692,0
20120829,9.0025,9.1625,9.0025,9.14,17772,0
20120830,9.0832,9.1068,9,9.0542,32364,0
20120831,9.1118,9.1675,9,9.1158,30612,0
20120904,9.1133,9.2118,8.9175,9.2118,24036,0
20120905,9.0832,9.15,9.0742,9.0918,16308,0
20120906,9.3343,9.562,9.2842,9.562,50028,0
20120907,9.661,9.661,9.4942,9.512,41340,0
20120910,9.564,9.672,9.564,9.646,14328,0
20120911,9.4742,9.525,9.3918,9.42,36276,0
20120912,9.548,9.548,9.4425,9.4425,22740,0
20120913,9.4682,9.861,9.4192,9.86,29880,0
20120914,9.997,10.083,9.833,9.833,51348,0
20120917,9.975,9.975,9.679,9.688,61200,0
20120918,9.532,9.592,9.4883,9.539,37068,0
20120919,9.65,9.918,9.575,9.918,44760,0
20120920,9.626,9.814,9.542,9.784,35484,0
20120921,9.892,9.892,9.829,9.852,8256,0
20120924,9.574,9.592,9.548,9.586,26844,0
20120925,9.618,9.768,9.3242,9.3242,10296,0
20120926,9.3758,9.4118,9.1668,9.3158,48072,0
20120927,9.5,9.513,9.2075,9.4775,67068,0
20120928,9.2318,9.3825,9.1668,9.3825,37800,0
20121001,9.502,9.65,9.4625,9.4968,24648,0
20121002,9.3882,9.3882,9.245,9.245,18408,0
20121003,9.3858,9.608,9.3858,9.582,44604,0
20121004,9.862,9.909,9.774,9.858,65016,0
20121005,10,10.186,10,10.04,44196,0
20121008,10.062,10.103,9.955,9.987,21696,0
20121009,9.667,9.667,9.588,9.588,21504,0
20121010,9.558,9.784,9.43,9.43,43308,0
20121011,9.551,9.602,9.2492,9.25,22416,0
20121012,9.2725,9.2725,9.1442,9.1642,50280,0
20121015,9.4,9.4,8.75,9.3482,58476,0
20121016,9.625,9.625,9.5,9.571,163056,0
20121017,9.762,9.783,9.512,9.651,49140,0
20121018,9.673,9.746,9.517,9.517,37128,0
20121019,9.3232,9.3232,9.2408,9.2408,3000,0
20121022,9.15,9.15,8.975,9.015,51600,0
20121023,8.8332,9.1108,8.3358,9.0132,50928,0
20121024,9.0882,9.4568,8.8,8.8425,20964,0
20121026,8.6518,8.855,8.6382,8.855,37584,0
20121031,9.285,9.285,8.98,9.1492,36600,0
20121101,9.2475,9.2475,9.165,9.1825,8580,0
20121102,9.3325,9.4575,9.0832,9.0832,41760,0
20121105,8.9708,9.2093,8.97,9.2093,27180,0
20121106,9.3918,9.4908,9.3525,9.3808,19680,0
20121107,9.1392,9.1892,8.4992,9.0675,45168,0
20121108,9.1168,9.1168,8.5832,8.5832,72300,0
20121109,8.3675,8.53,8.3675,8.53,10296,0
20121113,8.3375,8.8132,8.3375,8.6792,12312,0
20121114,8.5325,8.5325,8.3132,8.3132,9840,0
20121115,8.1092,8.2482,8.0592,8.2482,27396,0
20121116,8.3332,8.3408,8.0875,8.3242,58800,0
20121119,8.7468,8.8642,8.7132,8.8642,25716,0
20121120,8.8742,8.9433,8.8682,8.9433,23844,0
20121121,8.99,9.0742,8.8642,9.0658,37404,0
20121123,9.2532,9.375,9.2342,9.375,12000,0
20121126,9.375,9.375,9.1293,9.2892,36720,0
20121127,9.2918,9.375,9.1682,9.2468,99756,0
20121128,9.4508,9.667,9.4508,9.667,14544,0
20121129,9.525,9.624,9.1582,9.55,35280,0
20121130,9.531,9.792,9.531,9.792,66156,0
20121203,10.04,10.04,9.647,9.647,50772,0
20121204,9.581,9.581,9.4118,9.4118,13620,0
20121205,9.3368,9.53,9.2942,9.53,7080,0
20121207,9.4742,9.735,9.4742,9.545,7200,0
20121210,9.65,9.65,9.2892,9.2892,21312,0
20121211,9.2975,9.4168,9.0832,9.0832,91368,0
20121212,8.8108,8.8108,8.4242,8.575,35556,0
20121213,8.625,8.6425,8.625,8.6425,4800,0
20121214,8.4258,8.4258,8.3008,8.3008,15660,0
20121217,8.2925,8.6232,8.2925,8.5958,71868,0
20121218,8.7492,8.9992,8.7492,8.9392,28212,0
20121219,8.8658,8.8958,8.6882,8.6882,49680,0
20121220,8.5242,8.6168,8.4068,8.6168,49512,0
20121221,8.5008,8.5008,8.3292,8.3983,71028,0
20121224,8.3282,8.4225,8.3282,8.4218,31380,0
20121226,8.3332,8.3332,7.9918,8.0325,49608,0
20121227,8.0458,8.0775,7.7375,8,53976,0
20121228,7.7932,7.9968,7.7932,7.8675,40284,0
20121231,8.0218,8.3332,8.0208,8.2718,51156,0
20130102,8.5008,9.1668,8.4625,8.6008,77676,0
20130103,8.8707,8.9157,8.6632,8.6832,54528,0
20130104,8.7592,8.8275,8.7592,8.8092,12504,0
20130107,8.9157,8.9157,8.6568,8.7925,178116,0
20130108,8.685,8.7842,8.6325,8.6432,24444,0
20130109,8.7332,8.7332,8.68,8.6942,14400,0
20130110,8.6458,8.6458,8.4883,8.4883,6900,0
20130111,8.7018,8.76,8.7,8.76,21900,0
20130114,8.7868,8.8332,8.75,8.7958,16248,0
20130115,8.7918,9.01,8.7918,9.01,16560,0
20130116,9.0117,9.0668,9.0082,9.0632,56424,0
20130117,9.1125,9.2543,9.1125,9.23,32460,0
20130118,9.2,9.2242,9.1425,9.2242,29400,0
20130122,9.2232,9.39,9.2232,9.37,28788,0
20130123,9.3718,9.4418,9.2958,9.4157,98640,0
20130124,9.572,9.912,9.572,9.867,179220,0
20130125,9.899,10.145,9.878,10.116,17628,0
20130128,10.092,10.13,9.872,10,53148,0
20130129,9.863,9.947,9.694,9.851,27468,0
20130130,9.928,9.928,9.928,9.928,1200,0
20130131,9.886,9.886,9.74,9.798,12756,0
20130201,9.876,9.962,9.876,9.9,36696,0
20130204,9.747,9.792,9.583,9.595,21768,0
20130205,9.864,10.034,9.864,9.947,23160,0
20130207,9.692,9.718,9.692,9.718,8460,0
20130208,9.843,10.088,9.843,10.028,56124,0
20130211,10.054,10.054,9.951,9.99,125820,0
20130212,10.002,10.041,9.949,9.99,24576,0
20130213,10.217,10.217,10.081,10.1,11928,0
20130214,10,10.146,9.948,10.146,18360,0
20130215,10,10.091,9.771,9.857,25200,0
20130219,10.125,10.125,9.928,10.038,8904,0
20130220,9.98,10.125,9.98,9.995,57252,0
20130221,9.649,9.882,9.579,9.692,44496,0
20130222,9.523,9.692,9.523,9.623,32400,0
20130225,9.796,9.818,9.375,9.375,14400,0
20130226,9.521,9.521,9.4842,9.4842,2400,0
20130227,9.895,10.024,9.895,10.024,4956,0
20130228,9.903,10.217,9.871,10.079,30324,0
20130301,9.544,10.076,9.544,10.076,8400,0
20130304,10.417,10.451,10.417,10.45,7968,0
20130305,10.683,10.838,10.545,10.838,54660,0
20130306,11,11,10.696,10.696,22500,0
20130307,10.578,10.618,10.573,10.6,17160,0
20130308,10.579,10.847,10.579,10.847,160920,0
20130311,10.917,10.917,10.833,10.84,30096,0
20130312,11.015,11.015,10.867,10.867,3600,0
20130313,11.012,11.087,10.917,11.009,31200,0
20130314,11.1,11.1,10.867,10.867,8316,0
20130315,10.58,10.659,10.473,10.489,28152,0
20130318,10.404,10.558,10.375,10.558,5400,0
20130319,10.392,10.392,10.019,10.038,19500,0
20130320,10.425,10.588,10.425,10.588,20628,0
20130321,10.502,10.502,10.419,10.419,9900,0
20130322,10.643,10.667,10.643,10.667,10008,0
20130325,10.833,11,10.8,10.872,22956,0
20130326,10.949,10.949,10.928,10.928,4800,0
20130327,10.854,11.088,10.629,11.001,15852,0
20130328,10.952,11.078,10.943,11.07,25284,0
20130401,11.1,11.123,10.958,10.958,31932,0
20130402,11.14,11.26,11.102,11.2,31660,0
20130403,11.302,11.302,10.832,10.938,13708,0
20130404,10.828,11.208,10.415,11.142,92612,0
20130405,10.728,10.938,10.728,10.925,10380,0
20130408,11.235,11.438,11.18,11.438,19508,0
20130409,11.392,11.535,11.278,11.44,25956,0
20130410,11.582,11.65,11.445,11.625,13048,0
20130411,11.85,12.182,11.85,11.938,54344,0
20130412,11.938,12.215,11.935,12.215,43152,0
20130415,12.1,12.358,11.615,11.715,41948,0
20130416,11.75,11.885,11.618,11.85,16704,0
20130417,11.512,11.715,11.125,11.545,12260,0
20130418,11.335,11.458,11.018,11.19,39232,0
20130419,11.088,11.572,11.088,11.572,10656,0
20130422,11.582,11.622,11.532,11.592,4776,0
20130423,12,12.075,11.938,11.948,12736,0
20130424,12.125,12.24,12.02,12.025,6940,0
20130425,12.285,12.542,12.25,12.362,25252,0
20130426,12.365,12.365,11.998,12.152,15892,0
20130429,12.7,12.7,11.988,12.05,41944,0
20130430,12.095,12.16,11.975,12.148,34012,0
20130501,12.105,12.138,11.835,11.835,27760,0
20130502,12.2,12.2,11.932,12.115,16280,0
20130503,12.375,12.7,12.245,12.602,22168,0
20130506,12.602,12.728,12.545,12.692,22648,0
20130507,12.942,12.958,12.54,12.928,97832,0
20130508,13.115,13.115,12.848,13.02,60464,0
20130509,13.115,13.25,13,13.002,21916,0
20130510,13.25,13.428,13.162,13.382,35624,0
20130513,13.475,13.52,13.25,13.448,46096,0
20130514,13.24,13.898,13.24,13.898,49624,0
20130515,14,14.18,13.925,14,77556,0
20130516,14.21,14.21,13.138,13.65,78940,0
20130517,13.832,13.925,13.625,13.925,24480,0
20130520,13.99,13.99,13.688,13.718,53120,0
20130521,13.86,14.26,13.86,14.09,47232,0
20130522,14.112,14.39,13.515,13.675,52644,0
20130523,13.125,13.662,13,13.608,45492,0
20130524,13.42,13.598,13.338,13.598,15104,0
20130528,14,14.275,13.615,13.85,38508,0
20130529,13.868,13.868,13.305,13.51,24200,0
20130530,13.648,13.75,13.495,13.495,38592,0
20130531,13.375,13.68,13.198,13.215,96636,0
20130603,13.215,13.332,12.785,13.332,114724,0
20130604,13.432,13.518,12.815,13.115,33972,0
20130605,13.088,13.14,12.595,12.718,66812,0
20130606,12.64,13.012,12.575,12.982,56968,0
20130607,13.592,13.592,13.52,13.52,2800,0
20130610,13.875,13.875,13.5,13.5,62176,0
20130611,13.298,13.398,13.25,13.305,8600,0
20130612,13.095,13.095,12.858,12.858,9244,0
20130613,12.878,13.385,12.84,13.378,9204,0
20130614,13.568,13.568,13.165,13.272,32896,0
20130617,13.625,13.65,13.38,13.38,7520,0
20130618,13.435,13.82,13.435,13.818,15512,0
20130619,13.812,13.885,13.25,13.338,58192,0
20130620,13.002,13.002,12.325,12.388,62876,0
20130621,12.74,12.74,12.16,12.518,33788,0
20130624,12.165,12.348,11.75,12.235,72736,0
20130625,12.338,12.592,12.338,12.592,17920,0
20130626,12.892,12.952,12.815,12.952,13148,0
20130627,13.288,13.305,13.108,13.188,9600,0
20130628,13.292,13.39,13.12,13.242,20580,0
20130701,13.545,13.678,13.352,13.502,10344,0
20130702,13.502,13.99,13.442,13.69,128352,0
20130703,13.57,13.78,13.555,13.728,7000,0
20130705,14.025,14.12,13.618,13.925,32112,0
20130708,14.248,14.69,14.248,14.672,100828,0
20130709,14.675,14.96,14.588,14.868,61784,0
20130710,14.875,14.972,14.625,14.97,35904,0
20130711,15.42,15.512,15.225,15.485,74028,0
20130712,15.625,15.668,15.475,15.668,38616,0
20130715,15.708,15.87,15.532,15.558,57716,0
20130716,15.5,15.645,15.362,15.402,22632,0
20130717,15.65,15.678,15.492,15.5,35828,0
20130718,15.625,15.75,15.522,15.57,19268,0
20130719,15.8,15.8,15.42,15.525,17736,0
20130722,15.675,15.718,15.39,15.688,50160,0
20130723,15.55,15.738,15.508,15.608,18580,0
20130724,15.6,15.61,15.198,15.25,34288,0
20130725,15.385,15.385,15.162,15.385,39888,0
20130726,15.44,15.545,14.858,15.518,15268,0
20130729,15.525,15.525,15.398,15.398,8452,0
20130730,15.4,15.645,15.34,15.34,32384,0
20130731,15.268,15.862,15.268,15.6,23788,0
20130801,15.902,16.115,15.855,15.978,25052,0
20130802,15.825,16.285,15.798,16.24,52436,0
20130805,16.082,16.27,15.87,16.27,27388,0
20130806,16.275,16.275,15.065,15.692,39324,0
20130807,15.5,15.575,15.055,15.312,67060,0
20130808,15.608,15.608,15.252,15.52,17820,0
20130809,15.49,15.538,15.142,15.405,25704,0
20130812,15.222,15.5,15.22,15.452,9220,0
20130813,15.5,15.5,15.02,15.49,28288,0
20130814,15.34,15.34,14.828,14.918,32572,0
20130815,14.475,14.5,13.492,13.95,101980,0
20130816,14.005,14.2,13.755,13.755,24356,0
20130819,13.798,13.932,13.662,13.682,21900,0
20130820,13.96,14.195,13.96,14.122,9812,0
20130821,13.95,14.012,13.278,14.012,14644,0
20130822,14.068,14.068,13.892,13.998,9212,0
20130823,13.975,14.048,13.838,13.95,37532,0
20130826,14.2,14.342,14.105,14.105,21804,0
20130827,13.568,13.715,13.09,13.358,226960,0
20130828,13.618,13.628,13.29,13.628,21900,0
20130829,13.71,13.748,13.71,13.712,2800,0
20130830,13.5,13.558,13.378,13.38,14464,0
20130903,13,13.955,13,13.47,13964,0
20130904,13.372,13.95,13.372,13.892,43112,0
20130905,14.215,14.215,13.97,13.97,18160,0
20130906,14.35,14.35,13.572,13.95,22744,0
20130909,14.18,14.418,14.075,14.372,13744,0
20130910,14.54,14.688,14.458,14.532,31832,0
20130911,14.8,14.912,14.772,14.798,22464,0
20130912,14.772,14.84,14.658,14.675,7316,0
20130913,14.75,14.808,14.688,14.695,7888,0
20130916,15.742,15.742,14.872,14.888,22136,0
20130917,14.848,15.45,14.842,15.45,24924,0
20130918,15.175,16.135,14.922,16.058,49572,0
20130919,16.247,16.323,15.965,16.118,51456,0
20130920,16.25,16.337,15.745,15.745,53072,0
20130923,15.75,15.75,15.38,15.452,48932,0
20130924,15.378,15.792,15.365,15.562,22072,0
20130925,15.31,15.475,15,15.258,78484,0
20130926,15.552,15.618,15.44,15.47,5600,0
20130927,15.21,15.43,15.21,15.428,6168,0
20130930,14.908,15.288,14.908,15.238,14256,0
20131001,15.138,15.638,15.138,15.468,5600,0
20131002,15.362,15.765,15.362,15.765,24864,0
20131003,15.765,15.765,15.082,15.332,42496,0
20131004,15.42,15.528,15.42,15.47,3068,0
20131007,15.292,15.292,14.778,14.85,71660,0
20131008,14.828,14.912,14.212,14.23,33812,0
20131009,14.188,14.23,13.852,14.202,21232,0
20131010,14.668,14.892,14.668,14.892,12416,0
20131011,14.86,15.135,14.775,15.135,36148,0
20131014,15.02,15.31,14.99,15.31,17684,0
20131015,15.388,15.5,14.975,15.022,10212,0
20131016,15.082,15.528,15.052,15.46,29792,0
20131017,15.408,15.925,15.195,15.925,22764,0
20131018,16.175,16.25,15.832,16.1,26232,0
20131021,16.238,16.238,15.852,16.062,53896,0
20131022,16.498,16.75,16.275,16.568,17260,0
20131023,16.508,16.508,16.25,16.408,13460,0
20131024,16.5,16.862,16.5,16.835,17448,0
20131025,17,17.435,17,17.312,19880,0
20131028,17.5,17.58,17.265,17.265,69376,0
20131029,17.598,17.865,17.57,17.865,33872,0
20131030,17.958,18.23,17.53,17.945,98436,0
20131031,17.848,18.01,17.615,17.955,81392,0
20131101,18,18,17.415,17.728,53980,0
20131104,18.178,18.178,17.73,17.912,17672,0
20131105,17.912,18.098,17.5,18.098,12092,0
20131106,18.458,19.012,17.86,17.905,20072,0
20131107,18,18.268,17.015,17.015,25820,0
20131108,17.06,17.598,17.06,17.405,35908,0
20131111,18.048,18.15,17.375,18.142,27980,0
20131112,18.25,18.25,17.742,17.925,23820,0
20131113,17.75,18.835,17.75,18.74,75684,0
20131114,18.75,19.465,18.75,19.45,87756,0
20131115,19.422,20.445,19.205,19.66,144632,0
20131118,19.995,19.995,19.055,19.172,90360,0
20131119,19.25,19.555,19.052,19.052,21416,0
20131120,19.105,19.125,18.53,18.61,46088,0
20131121,18.6,19.035,18.5,19.035,29736,0
20131122,19.112,19.112,18.66,19.102,49204,0
20131125,19.102,19.46,19.102,19.3,27592,0
20131126,19.465,19.73,19.4,19.6,33960,0
20131127,19.6,19.92,19.6,19.872,49680,0
20131129,20,20.35,19.875,20.002,101804,0
20131202,20.08,20.08,19.5,19.6,56844,0
20131203,19.325,19.325,18.925,19.198,41760,0
20131204,19.22,19.388,18.545,18.915,89264,0
20131205,18.85,19.05,18.668,18.67,55172,0
20131206,18.975,19.142,18.805,18.978,18528,0
20131209,18.95,19.175,18.86,18.86,20492,0
20131210,18.825,18.998,18.725,18.825,10072,0
20131211,18.858,18.968,18.44,18.5,42312,0
20131212,18.395,18.578,18.25,18.302,24388,0
20131213,18.39,18.45,18.39,18.45,4368,0
20131216,18.735,18.75,18.43,18.512,14000,0
20131217,18.518,18.518,18.225,18.415,18272,0
20131218,18.512,19.238,18.142,19.195,26128,0
20131219,19.045,19.108,18.938,19.068,17000,0
20131220,19.325,19.405,19.132,19.185,18948,0
20131223,19.235,19.5,19.19,19.472,51520,0
20131224,19.625,19.672,19.422,19.425,15940,0
20131226,19.292,19.898,19.292,19.898,16508,0
20131227,19.9,20,19.46,19.555,41240,0
20131230,19.505,19.675,19.458,19.632,32000,0
20131231,19.888,19.918,19.655,19.655,17096,0
20140102,19.665,20.035,19.625,19.782,45036,0
20140103,19.948,20.145,19.702,19.728,28128,0
20140106,19.8,19.8,19.188,19.232,45576,0
20140107,19.37,19.562,19.235,19.345,16040,0
20140108,19,19.298,19,19.298,15504,0
20140109,19.378,19.378,18.93,19.312,27264,0
20140110,19.395,19.462,19.05,19.348,14904,0
20140113,19.262,19.262,18.14,18.29,50340,0
20140114,18.485,18.612,18.125,18.585,50596,0
20140115,18.725,18.725,18.318,18.405,45516,0
20140116,18.198,18.198,17.625,17.8,58384,0
20140117,17.65,17.81,17.53,17.59,62112,0
20140121,17.75,17.752,17.175,17.425,72876,0
20140122,17.478,17.5,17.125,17.3,36556,0
20140123,17,17.17,16.905,17.17,31436,0
20140124,16.95,16.975,16.44,16.448,37992,0
20140127,16.448,16.568,15.938,16.26,211184,0
20140128,16.482,16.61,16.375,16.588,13728,0
20140129,16.253,16.308,15.732,15.768,21436,0
20140130,15.968,16.5,15.968,16.5,13568,0
20140131,15.75,15.75,15.135,15.35,34700,0
20140203,15.278,15.3,14.092,14.092,68016,0
20140204,14.362,14.53,14.12,14.222,19320,0
20140205,14.062,14.495,13.752,14.495,88520,0
20140206,14.75,15.4,14.75,15.372,22556,0
20140207,15.65,15.768,15.37,15.742,32420,0
20140210,15.948,15.948,15.552,15.765,28888,0
20140211,15.89,16.305,15.85,16.25,48764,0
20140212,16.332,16.337,15.825,15.935,31376,0
20140213,15.658,16.282,15.65,16.282,17260,0
20140214,16.205,16.49,16.163,16.428,33172,0
20140218,16.09,16.298,16,16.298,20692,0
20140219,16,16.16,15.875,15.958,27020,0
20140220,15.742,15.988,15.742,15.988,11484,0
20140221,16.01,16.073,15.83,15.868,14816,0
20140224,16.075,16.34,16.075,16.25,22208,0
20140225,16.35,16.888,16.35,16.81,52664,0
20140226,17.255,18.08,17.252,17.712,68632,0
20140227,17.38,17.912,17.38,17.708,19680,0
20140228,17.83,18.18,17.615,17.968,31976,0
20140303,17.43,17.748,17.315,17.528,38108,0
20140304,18.168,18.21,18.015,18.105,18672,0
20140305,18.105,18.26,18.015,18.102,18572,0
20140306,18.132,18.132,17.692,17.932,35264,0
20140307,18.218,18.225,17.97,17.97,9252,0
20140310,17.79,17.935,17.79,17.92,12728,0
20140311,18.245,18.245,17.9,17.912,15328,0
20140312,17.748,17.938,17.602,17.938,13436,0
20140313,18.3,18.3,17.285,17.402,16948,0
20140314,17.625,17.838,17.422,17.565,15384,0
20140317,17.92,17.92,17.745,17.825,9896,0
20140318,17.875,18,17.8,17.875,7604,0
20140319,17.875,17.935,17.55,17.55,34548,0
20140320,17.458,17.688,17.458,17.618,9112,0
20140321,17.875,18.158,17.875,17.95,9372,0
20140324,17.532,18.098,17,17.085,25616,0
20140325,17.24,17.245,16.852,16.88,25040,0
20140326,17.028,17.028,16.542,16.542,6800,0
20140327,16.25,16.642,16.225,16.225,7116,0
20140328,16.395,16.59,16.315,16.458,6452,0
20140331,16.177,16.75,16.177,16.598,11760,0
20140401,16.61,17.165,16.61,17.092,22328,0
20140402,17.248,17.502,17.248,17.375,10056,0
20140403,17.375,17.375,16.86,16.86,9716,0
20140404,16.988,17,16.385,16.485,30148,0
20140407,16.247,16.247,15.455,15.66,46464,0
20140408,15.602,16.1,15.43,16.1,13420,0
20140409,16.095,16.438,16.005,16.438,11332,0
20140410,16.26,16.26,15.258,15.282,13568,0
20140411,15,15.022,14.56,14.65,32052,0
20140414,15.025,15.05,14.725,14.812,11548,0
20140415,14.968,14.968,14.565,14.565,15316,0
20140417,15.5,15.512,15.465,15.465,9228,0
20140421,15.205,15.725,15.205,15.712,10244,0
20140422,16.087,16.25,15.962,16.24,9200,0
20140423,15.998,16.02,15.822,15.822,7300,0
20140424,15.945,16.108,15.945,16.08,1984,0
20140425,15.75,15.75,15.25,15.285,19776,0
20140428,15.625,15.625,15.038,15.6,14844,0
20140429,15.278,15.562,15.278,15.562,6304,0
20140430,15.48,15.48,15.308,15.468,3632,0
20140501,15.632,15.75,15.632,15.682,4440,0
20140502,15.97,15.985,15.815,15.905,10612,0
20140505,15.625,15.625,15.52,15.52,5752,0
20140506,15.312,15.312,14.658,14.658,17728,0
20140507,14.522,14.522,14.18,14.448,27380,0
20140508,14.198,15,14.198,14.75,27824,0
20140509,14.648,14.938,14.648,14.938,3364,0
20140512,15.42,15.72,15.42,15.72,8576,0
20140513,15.8,15.8,15.505,15.505,12028,0
20140514,15.46,15.508,15.04,15.04,12756,0
20140515,14.45,14.558,14.25,14.558,30084,0
20140516,14.7,15,14.7,15,16196,0
20140519,14.95,15.065,14.865,15.065,3704,0
20140520,14.75,14.802,14.428,14.49,14972,0
20140521,14.57,14.57,14.475,14.475,5856,0
20140522,14.952,15.035,14.87,14.87,10612,0
20140523,14.995,15.108,14.965,15.108,6756,0
20140527,15.62,15.62,15.092,15.212,18172,0
20140528,14.842,15.08,14.842,15.06,9116,0
20140530,15.312,15.39,15.238,15.39,4000,0
20140602,15.275,15.502,15.275,15.468,5344,0
20140603,15.415,15.425,15.415,15.425,924,0
20140604,15.625,15.822,15.625,15.725,6408,0
20140605,15.74,16.25,15.66,16.188,16196,0
20140606,16.432,16.68,16.432,16.558,22032,0
20140609,17.048,17.048,16.412,16.508,12404,0
20140610,16.83,16.83,16.44,16.44,7592,0
20140611,16.4,16.512,16.282,16.29,23932,0
20140612,16.025,16.025,15.6,15.6,23964,0
20140613,15.6,15.6,15.452,15.478,10744,0
20140616,15.362,15.775,15.362,15.775,8172,0
20140617,15.978,15.992,15.865,15.992,5220,0
20140618,16.05,16.25,16.003,16.25,13576,0
20140619,16.345,16.415,16.183,16.208,13672,0
20140620,16.115,16.115,15.955,15.955,26652,0
20140623,16.067,16.17,16.067,16.17,892,0
20140624,16.43,16.45,16.3,16.3,11304,0
20140625,16.028,16.275,15.945,16.15,13640,0
20140626,16.025,16.025,15.808,15.882,10824,0
20140627,15.782,16.128,15.782,16.012,33784,0
20140630,16.152,16.19,16.082,16.19,6172,0
20140701,16.105,16.675,16.105,16.672,14268,0
20140702,16.995,16.995,16.662,16.662,7200,0
20140703,17.008,17.212,16.988,17.212,50460,0
20140707,17.062,17.102,16.925,16.925,20864,0
20140708,16.788,16.788,16.5,16.562,35916,0
20140709,16.88,16.88,16.75,16.875,6896,0
20140710,16.102,16.51,16.102,16.378,10968,0
20140711,16.425,16.75,16.425,16.75,3664,0
20140714,17,17,16.862,16.862,10892,0
20140715,16.812,16.88,16.798,16.865,31724,0
20140716,16.862,16.862,16.74,16.822,8268,0
20140717,16.5,16.675,16.425,16.425,11052,0
20140718,16.343,16.885,16.343,16.885,20300,0
20140721,16.575,16.63,16.575,16.63,2512,0
20140722,16.798,16.798,16.642,16.762,3788,0
20140723,16.642,16.788,16.618,16.752,9348,0
20140724,16.798,17.145,16.798,17.145,26720,0
20140725,16.038,16.515,15.9,15.935,34864,0
20140728,15.948,15.972,15.75,15.972,12616,0
20140729,16.108,16.25,15.97,15.97,5444,0
20140730,15.958,16.22,15.958,16.22,5444,0
20140731,15.818,16.028,15.492,15.508,19332,0
20140801,15.228,15.68,15.05,15.275,16792,0
20140804,15.428,15.745,15.428,15.64,22388,0
20140805,15.345,15.56,15.252,15.405,12896,0
20140806,15.768,15.768,15.682,15.682,2628,0
20140807,15.625,15.625,15.625,15.625,812,0
20140808,16.048,16.41,15.75,16.4,17692,0
20140811,16.575,16.615,16.332,16.532,18092,0
20140812,16.28,16.472,16.28,16.438,32784,0
20140813,16.152,16.49,16.152,16.258,8464,0
20140814,16.488,16.725,16.195,16.725,17824,0
20140815,16.865,16.865,16.27,16.27,3144,0
20140818,16.982,17.22,16.982,17.118,36240,0
20140819,17.588,18.138,17.588,18.098,80736,0
20140820,18.25,18.625,17.892,18.625,20328,0
20140821,18.568,18.858,18.538,18.67,18176,0
20140822,18.902,18.988,18.688,18.92,13516,0
20140825,19.39,19.39,18.995,19.045,35496,0
20140826,19.045,19.365,18.96,19.325,23928,0
20140827,19.22,19.415,19.178,19.348,6344,0
20140828,19.125,19.348,19.082,19.325,10168,0
20140829,19.205,19.355,19.205,19.292,15560,0
20140902,19.375,19.5,19.235,19.3,21484,0
20140903,19.488,19.592,19.25,19.25,11656,0
20140904,19.618,19.942,19.618,19.775,36280,0
20140905,19.292,20.058,19.292,20.028,15208,0
20140908,20.075,20.16,19.472,19.678,20564,0
20140909,19.41,19.41,19,19,25624,0
20140910,19.242,19.242,18.852,19.115,15424,0
20140911,18.995,19.038,18.902,19.038,4208,0
20140912,19.152,19.185,18.93,19.035,11464,0
20140915,18.89,18.89,18.68,18.74,4988,0
20140916,18.928,19.45,18.545,19.45,10048,0
20140917,19.5,19.5,19.138,19.325,11608,0
20140918,19.425,19.685,19.425,19.5,23152,0
20140919,19.702,19.995,19.7,19.838,14168,0
20140922,19.338,19.338,18.765,18.765,19808,0
20140923,18.698,18.78,18.565,18.568,15140,0
20140924,18.588,19.388,18.525,19.308,9628,0
20140925,19.255,19.255,18.625,18.65,14836,0
20140926,18.815,18.982,18.688,18.982,6116,0
20140929,18.535,18.77,18.478,18.57,18188,0
20140930,18.575,18.69,18.36,18.678,9716,0
20141001,18.262,18.345,18.098,18.098,15136,0
20141002,18.168,18.378,17.71,18.375,6120,0
20141003,19,19.17,18.92,19.17,16296,0
20141006,19.25,19.4,18.878,19.025,26160,0
20141007,18.512,18.65,18.325,18.325,8292,0
20141008,18.632,19.125,18.35,19.125,27016,0
20141009,19.125,19.16,18.41,18.435,7848,0
20141010,18.5,18.625,18.115,18.122,10400,0
20141013,18.062,18.062,17.718,17.75,11480,0
20141014,17.41,17.625,17.368,17.5,18916,0
20141015,17,17.145,15.525,16.112,56892,0
20141016,16,16.63,15.752,16.25,11424,0
20141017,16.75,16.888,16.608,16.762,8564,0
20141020,16.7,17.52,16.38,17.52,11496,0
20141021,17.7,18.618,17.7,18.618,92888,0
20141022,18.818,18.975,18.508,18.582,33432,0
20141023,18.982,19.188,18.71,18.908,18376,0
20141024,18.215,18.432,18.068,18.432,19816,0
20141027,18.41,18.708,18.315,18.612,12628,0
20141028,18.6,18.75,18.582,18.75,15588,0
20141029,18.9,19.035,18.648,18.65,30136,0
20141030,18.892,19.328,18.892,19.19,14872,0
20141031,19.875,19.898,19.568,19.568,25804,0
20141103,19.832,19.898,19.452,19.605,20616,0
20141104,19.515,19.618,19.25,19.545,18856,0
20141105,19.88,19.985,19.485,19.528,15648,0
20141106,19.625,20.105,19.625,20.105,36412,0
20141107,20.15,20.5,20,20.388,31444,0
20141110,20.338,20.825,20.338,20.825,95020,0
20141111,20.938,20.938,20.722,20.778,8516,0
20141112,20.85,21.415,20.692,21.37,32576,0
20141113,21.952,21.955,21.465,21.942,50336,0
20141114,21.908,22.255,21.822,22.235,125084,0
20141117,22.298,22.335,21.875,21.935,157388,0
20141118,21.67,21.938,21.535,21.862,70804,0
20141119,21.938,22.848,21.628,22.715,54228,0
20141120,22.958,23.392,22.262,23.285,73540,0
20141121,23.965,24.16,23.485,23.502,77916,0
20141124,24.075,24.095,23.762,23.882,66888,0
20141125,24.01,24.368,23.47,23.66,91296,0
20141126,23.612,23.86,23.5,23.658,55460,0
20141128,24.13,25.152,23.975,24.83,95028,0
20141201,24.502,25.048,23.62,23.77,244944,0
20141202,24.058,24.15,23.63,23.978,43548,0
20141203,24.588,24.588,23.675,23.928,63232,0
20141204,23.768,23.908,23.348,23.908,75576,0
20141205,24,24.14,23.472,23.665,29100,0
20141208,23.858,23.975,23.3,23.462,29528,0
20141209,23,23.67,22.862,23.67,67340,0
20141210,23.648,23.992,22.808,22.808,25196,0
20141211,23.492,24.362,23.492,23.705,81912,0
20141212,23.282,24.122,23.282,23.348,53792,0
20141215,23.945,24.2,23.112,23.722,51900,0
20141216,23.548,23.652,22.25,22.26,54324,0
20141217,22.56,23.572,22.445,23.55,70784,0
20141218,24.25,24.5,23.742,24.5,82960,0
20141219,24.938,24.938,24.175,24.512,116760,0
20141222,24.75,25.322,24.73,25.322,61040,0
20141223,25.368,25.892,25.368,25.738,58928,0
20141224,26,26.25,25.44,25.455,78272,0
20141226,25.478,25.952,25.478,25.768,41628,0
20141229,26.102,26.34,25.602,26.282,34480,0
20141230,26.148,26.482,25.91,26.188,57152,0
20141231,26.568,26.93,26.088,26.088,52236,0
20150102,26.36,26.382,25.175,25.548,70740,0
20150105,25.002,25.082,24.185,24.355,82440,0
20150106,24.448,24.9,23.548,24.152,97396,0
20150107,24.75,25.935,24.75,25.795,53748,0
20150108,26.568,27.005,26.262,26.875,60072,0
20150109,26.448,26.625,25.652,25.652,59008,0
20150112,25.648,25.648,25,25.425,39848,0
20150113,26.018,26.382,24.672,24.852,46256,0
20150114,24,24.392,23.5,24.062,75400,0
20150115,24.145,24.315,23.25,23.405,41796,0
20150116,23,24,22.75,24,27760,0
20150120,24.008,24.25,23,23.62,57844,0
20150121,23.448,24.66,23.448,24.412,34352,0
20150122,24.75,26.402,24.75,26.135,75584,0
20150123,26.362,26.988,26.17,26.568,61536,0
20150126,27.132,27.132,26.25,26.738,35448,0
20150127,26.375,26.75,25.858,26.375,42988,0
20150128,27,27,25.53,25.558,88864,0
20150129,25.528,26.65,25.425,26.418,35876,0
20150130,26.75,27.5,26.195,26.302,112764,0
20150202,26.232,27.128,25.01,26.935,54284,0
20150203,27.5,28.775,27.36,28.772,100308,0
20150204,28.552,29.488,28.455,29.09,101192,0
20150205,29.548,30.022,29.548,29.938,90884,0
20150206,30.148,30.372,29.605,29.702,51588,0
20150209,29.01,29.84,29.002,29.132,59176,0
20150210,30.228,30.25,29.555,30.118,41508,0
20150211,30.488,30.5,29.875,30.242,61912,0
20150212,30.488,30.6,30,30.6,44536,0
20150213,30.625,31.102,30.32,30.882,59500,0
20150217,30.625,30.852,29.918,30.622,52692,0
20150218,30.5,30.688,30.272,30.675,55880,0
20150219,30.325,30.845,30.17,30.17,64724,0
20150220,30.265,31.112,29.75,31.048,67688,0
20150223,31.542,31.815,30.788,31.012,33632,0
20150224,31.782,32,31.212,31.652,69928,0
20150225,31.812,32.2,31.405,31.97,51892,0
20150226,32.25,32.25,31.305,31.69,70920,0
20150227,31.812,31.97,31.45,31.692,35664,0
20150302,31.83,32.475,31.692,32.475,200800,0
20150303,32.89,32.89,31.342,32.055,94000,0
20150304,32.048,32.11,31.018,31.278,98000,0
20150305,31.25,32.1,31.25,32.025,39600,0
20150306,32.325,32.325,30.65,30.652,62400,0
20150309,30.682,31.37,30.578,31.192,46400,0
20150310,30.5,30.6,30.042,30.368,42000,0
20150311,30.362,30.825,29.752,29.802,34800,0
20150312,30.748,31.8,30.665,31.742,49600,0
20150313,31.42,31.87,30.575,31.232,24000,0
20150316,31.435,32.158,31.022,32.065,50400,0
20150317,31.825,32.335,31.5,31.875,39600,0
20150318,31.55,32.38,30.525,31.95,68800,0
20150319,31.975,32.278,31.75,32.06,43200,0
20150320,32.475,33.362,32.15,33.172,62800,0
20150323,33.3,33.732,33.01,33.01,41200,0
20150324,32.892,33.55,32.79,33.125,40400,0
20150325,32.715,33.21,31.502,31.502,64800,0
20150326,30.868,31.228,30.29,30.895,73200,0
20150327,31.275,31.51,31.035,31.312,20800,0
20150330,32,32.688,31.875,32.392,106400,0
20150331,31.768,33,31.768,32.228,18124,0
20150401,32.102,32.102,31,31.302,45200,0
20150402,31.25,32.125,31.25,32.075,15600,0
20150406,31.31,32.87,31.31,32.535,34000,0
20150407,32.732,32.872,31.762,31.875,46860,0
20150408,32.415,32.932,32.212,32.932,26000,0
20150409,32.95,32.95,32,32.565,39852,0
20150410,32.08,32.915,32.08,32.915,20800,0
20150413,32.958,33.068,32.368,32.368,24000,0
20150414,32.58,32.66,31.7,32.295,43600,0
20150415,33,33,31.762,31.768,46280,0
20150416,31.662,32.472,31.662,32.14,39136,0
20150417,31.618,31.928,30.4,30.462,116400,0
20150420,31,31.668,30.665,31.668,45252,0
20150421,31.892,32.21,31.625,31.865,69476,0
20150422,32.188,32.188,31.298,31.815,26448,0
20150423,31.75,32.625,31.75,32.398,84800,0
20150424,33.5,34.578,33.412,34.35,91708,0
20150427,34.562,34.75,33,33,71200,0
20150428,32.662,32.965,32.025,32.462,29924,0
20150429,32.125,32.125,30.75,31.062,65200,0
20150430,31.188,31.422,29.85,30.09,64000,0
20150501,30.3,31.5,30.3,31.5,39200,0
20150504,31.75,32.045,31.5,31.812,49200,0
20150505,31.802,31.802,30.752,30.91,37600,0
20150506,30.29,30.808,30.132,30.808,43828,0
20150507,30.675,31.99,30.675,31.795,42436,0
20150508,32.438,33.26,32.242,32.808,61600,0
20150511,32.505,33.295,32.505,32.588,32800,0
20150512,32.075,32.815,32,32.802,35108,0
20150513,32.5,32.71,31.54,31.628,60020,0
20150514,31.925,32.002,31.128,31.318,58000,0
20150515,31.415,32.25,31.415,32.25,33772,0
20150518,32.425,32.998,32.21,32.835,48008,0
20150519,33,33,31.8,31.9,40968,0
20150520,32.32,32.32,31.2,31.41,34769,0
20150521,31.43,32.44,31.4,31.97,25500,0
20150522,31.48,32.06,31.38,31.49,19700,0
20150526,31.91,31.91,30.66,30.8,18777,0
20150527,30.79,31.74,30.53,31.54,34600,0
20150528,31.25,31.49,31.17,31.4,4925,0
20150529,31.25,31.5,30.58,30.8,20900,0
20150601,30.97,31.2,30.56,30.85,69900,0
20150602,30.86,31.59,30.5,31.06,8164,0
20150603,31.6,32.29,31.41,32.12,21100,0
20150604,31.7,32.1,31.21,31.41,17600,0
20150605,31.42,31.42,30.65,30.84,16500,0
20150608,30.5,30.68,30,30.02,21500,0
20150609,30,30.29,29.72,30.15,30161,0
20150610,30.46,31.11,30.05,31.11,33458,0
20150611,31.5,31.89,31.12,31.12,26094,0
20150612,30.89,31.25,30.73,31,21900,0
20150615,30.61,30.75,30.06,30.4,18200,0
20150616,30.16,30.82,30.16,30.72,13700,0
20150617,31,31.35,30.42,31.23,12800,0
20150618,31.5,32.44,31.5,32.2,31000,0
20150619,32.2,32.45,32.2,32.21,18400,0
20150622,32.4,32.53,32.26,32.3,20500,0
20150623,32.4,32.91,32.31,32.79,25048,0
20150624,32.5,33.25,32.3,32.35,39400,0
20150625,32.26,32.47,31.98,31.98,19500,0
20150626,32.2,32.46,31.72,31.98,35000,0
20150629,31.51,31.83,30.2,30.34,21800,0
20150630,30.7,30.73,30,30.45,31920,0
20150701,30.73,31.78,30.7,31.26,21100,0
20150702,31.22,31.5,30.62,30.86,16100,0
20150706,30.04,31.45,30.04,31.02,20500,0
20150707,31.5,32.09,30.39,32,54100,0
20150708,31.61,31.96,30.58,30.78,13600,0
20150709,31.84,31.84,30.99,31.11,13600,0
20150710,31.61,32.47,31.61,32.26,14100,0
20150713,32.8,33.94,32.49,33.82,46500,0
20150714,34,34.25,33.55,34.15,43896,0
20150715,33.83,34.13,33.57,33.94,23541,0
20150716,34.43,35.5,34.38,35.5,56900,0
20150717,35.51,36,34.9,35.04,30000,0
20150720,35.73,36.24,34.75,35,45700,0
20150721,34.85,35.07,34.35,34.65,21800,0
20150722,34.01,35.5,34.01,35.16,13500,0
20150723,35.51,35.51,34,34.24,31100,0
20150724,37.4,37.69,34.92,35.11,101800,0
20150727,34.8,35.61,34.31,34.7,33000,0
20150728,35.01,35.07,33.78,35.02,23500,0
20150729,35.5,36.23,35.32,36.1,22500,0
20150730,36.1,36.79,35.41,36.4,20200,0
20150731,37,37.2,36.6,36.89,39000,0
20150803,37.59,37.59,35.65,36.33,62675,0
20150804,36.75,37.17,36,36.91,34800,0
20150805,38.5,38.5,37.62,38.17,41800,0
20150806,38.66,38.66,36.04,36.71,32467,0
20150807,36.25,36.89,35.25,35.97,35200,0
