Date,Open,High,Low,Close,Volume,OpenInt
20120501,28.453,28.726,28.453,28.669,4671,0
20120502,29.076,29.076,28.415,28.415,233,0
20120503,28.244,28.244,28.189,28.189,850,0
20120504,27.907,27.907,27.83,27.84,1661,0
20120507,27.661,27.661,27.661,27.661,478,0
20120509,27.604,27.604,27.604,27.604,213,0
20120510,27.624,27.624,27.54,27.567,533,0
20120511,27.492,27.492,27.492,27.492,4032,0
20120514,27.18,27.18,27.18,27.18,213,0
20120515,26.963,26.963,26.963,26.963,213,0
20120516,26.851,26.851,26.851,26.851,213,0
20120517,26.558,26.558,26.558,26.558,4418,0
20120523,26.2,26.2,26.145,26.153,399,0
20120524,26.549,26.549,26.549,26.549,213,0
20120525,26.558,26.558,26.558,26.558,1126,0
20120530,26.484,26.484,26.295,26.295,29076,0
20120601,26.069,26.069,26.069,26.069,1063,0
20120604,25.9,26.022,25.872,26.022,1275,0
20120605,25.862,26.116,25.862,26.05,54307,0
20120606,26.513,26.513,26.513,26.513,638,0
20120608,26.427,26.577,26.427,26.577,3152,0
20120612,26.419,26.419,26.381,26.419,20963,0
20120614,26.494,26.596,26.494,26.596,7130,0
20120615,26.691,26.804,26.691,26.804,5260,0
20120619,26.842,27.153,26.842,27.153,1272,0
20120620,27.104,27.104,27.104,27.104,2014,0
20120621,26.558,26.558,26.558,26.558,213,0
20120622,26.513,26.513,26.513,26.513,6230,0
20120625,26.295,26.295,26.268,26.268,352,0
20120626,26.352,26.352,26.352,26.352,204,0
20120627,26.587,26.654,26.587,26.654,956,0
20120628,26.522,26.522,26.522,26.522,106,0
20120629,27.081,27.081,27.081,27.081,106,0
20120703,27.595,27.624,27.595,27.624,1039,0
20120705,27.54,27.54,27.54,27.54,424,0
20120709,27.143,27.199,27.049,27.199,4172,0
20120710,27.162,27.162,26.897,26.897,478,0
20120711,27.067,27.133,27.067,27.124,2352,0
20120716,27.35,27.35,27.35,27.35,530,0
20120717,27.312,27.559,27.256,27.559,2503,0
20120718,27.521,27.586,27.521,27.586,3427,0
20120719,27.726,27.726,27.726,27.726,106,0
20120720,27.604,27.604,27.463,27.501,1263,0
20120723,27.095,27.946,27.031,27.208,2017,0
20120724,26.954,27.076,26.851,26.917,1417,0
20120725,26.983,27.143,26.983,27.133,920,0
20120726,27.388,27.388,27.265,27.265,1697,0
20120727,27.521,27.521,27.521,27.521,141,0
20120731,27.724,27.743,27.724,27.743,745,0
20120801,27.726,27.755,27.68,27.717,15732,0
20120802,27.379,27.651,27.379,27.472,3697,0
20120803,27.954,27.954,27.954,27.954,319,0
20120806,27.964,28.03,27.964,28.01,2208,0
20120807,28.094,28.179,28.094,28.131,638,0
20120808,28.112,28.14,28.058,28.094,3090,0
20120809,28.131,28.179,28.094,28.16,1749,0
20120810,27.974,28.16,27.974,28.16,1168,0
20120813,28.16,28.16,28.03,28.038,2628,0
20120814,28.048,28.077,27.917,27.974,44571,0
20120815,27.992,27.992,27.917,27.954,18097,0
20120816,28.077,28.226,28.038,28.226,1540,0
20120817,28.17,28.198,28.17,28.189,667,0
20120820,28.121,28.121,28.121,28.121,429,0
20120821,28.396,28.499,28.386,28.396,1453,0
20120822,28.207,28.368,28.17,28.368,968,0
20120823,28.433,28.433,28.189,28.263,6850,0
20120824,28.226,28.244,28.207,28.207,1273,0
20120827,28.198,28.312,28.198,28.216,796,0
20120828,28.216,28.235,28.189,28.189,973,0
20120829,28.14,28.15,28.038,28.038,1730,0
20120830,28.01,28.01,27.813,27.917,1828,0
20120904,28.01,28.046,28.01,28.01,424,0
20120905,28.037,28.037,28.037,28.037,1183,0
20120906,28.471,28.508,28.443,28.471,45361,0
20120907,28.736,28.886,28.736,28.877,5104,0
20120910,28.829,28.839,28.829,28.839,962,0
20120911,28.849,28.942,28.811,28.942,20089,0
20120912,28.877,28.971,28.839,28.952,19619,0
20120913,28.952,29.49,28.942,29.49,5989,0
20120914,29.917,29.974,29.794,29.851,24158,0
20120917,29.723,29.723,29.695,29.695,213,0
20120918,29.48,29.49,29.48,29.49,393,0
20120919,29.395,29.395,29.395,29.395,106,0
20120920,29.207,29.243,29.168,29.243,1447,0
20120921,29.398,29.406,29.245,29.265,4499,0
20120924,29.066,29.095,28.924,29.095,38987,0
20120925,29.132,29.159,28.791,28.791,5415,0
20120926,28.736,28.736,28.669,28.698,2022,0
20120927,28.858,29.087,28.83,29.048,20516,0
20120928,28.96,28.96,28.847,28.922,20493,0
20121001,29.058,29.058,28.858,28.981,78019,0
20121002,28.981,29.019,28.915,28.935,10488,0
20121003,28.83,28.877,28.782,28.782,6272,0
20121004,28.943,29.048,28.896,29.029,6594,0
20121005,29.17,29.17,28.877,28.877,25823,0
20121008,28.896,28.915,28.877,28.915,3333,0
20121009,29.058,29.058,28.773,28.896,12373,0
20121010,28.83,28.83,28.708,28.773,27573,0
20121011,28.935,29.029,28.935,28.953,10189,0
20121012,28.792,28.792,28.763,28.792,1265,0
20121015,28.82,28.82,28.802,28.802,1277,0
20121016,29.077,29.096,29.029,29.077,16792,0
20121017,29.17,29.236,29.133,29.236,9559,0
20121018,29.227,29.275,29.17,29.245,19694,0
20121019,29.189,29.199,28.935,28.981,34525,0
20121022,28.886,29,28.886,28.886,3874,0
20121024,28.585,28.773,28.452,28.462,16074,0
20121025,28.612,28.64,28.452,28.499,7402,0
20121031,28.763,28.802,28.679,28.736,14747,0
20121101,28.812,28.877,28.812,28.877,8303,0
20121102,28.689,28.726,28.528,28.538,10134,0
20121105,28.443,28.567,28.443,28.567,7817,0
20121106,28.718,28.82,28.65,28.812,14042,0
20121107,28.567,28.567,28.395,28.462,3748,0
20121108,28.367,28.471,28.339,28.405,21186,0
20121109,28.215,28.395,28.215,28.262,4387,0
20121112,28.358,28.358,28.234,28.292,6397,0
20121113,28.056,28.225,28.056,28.149,10343,0
20121114,27.915,27.924,27.811,27.811,6147,0
20121115,27.866,27.866,27.715,27.724,5228,0
20121116,27.631,27.802,27.518,27.782,20642,0
20121119,28.225,28.243,28.225,28.225,1765,0
20121120,28.225,28.225,28.093,28.188,10862,0
20121121,28.339,28.339,28.159,28.243,1494,0
20121123,28.339,28.339,28.339,28.339,334,0
20121126,28.905,28.905,28.339,28.538,684251,0
20121127,28.518,28.518,28.349,28.385,6660,0
20121128,28.178,28.48,28.093,28.48,11593,0
20121129,28.64,28.718,28.528,28.718,59635,0
20121130,28.627,28.695,28.61,28.695,3082,0
20121203,28.868,28.868,28.603,28.622,17933,0
20121204,28.669,28.669,28.499,28.612,17518,0
20121205,28.64,28.659,28.48,28.594,193498,0
20121206,28.603,28.64,28.547,28.612,14151,0
20121207,28.669,28.726,28.622,28.726,9087,0
20121210,28.736,28.84,28.689,28.84,19097,0
20121211,28.886,28.905,28.754,28.82,31667,0
20121212,28.943,28.991,28.83,28.915,34354,0
20121213,28.849,28.858,28.679,28.718,5965,0
20121214,28.792,28.858,28.782,28.83,4973,0
20121217,28.858,28.935,28.82,28.896,424782,0
20121218,28.868,29.067,28.868,29.01,29338,0
20121219,29.124,29.16,29.058,29.067,29108,0
20121220,29.067,29.142,29.01,29.124,8301,0
20121221,28.905,29.18,28.83,29,23684,0
20121224,28.83,28.953,28.83,28.935,4813,0
20121226,30.096,30.096,28.963,29.01,38333,0
20121227,29.11,29.11,28.928,29.081,8250,0
20121228,29.091,29.091,28.889,28.889,19180,0
20121231,28.867,29.22,28.867,29.211,668472,0
20130102,29.557,29.652,29.424,29.547,6202,0
20130103,29.528,29.537,29.299,29.309,29842,0
20130104,29.28,29.424,29.271,29.424,17765,0
20130107,29.251,29.395,29.223,29.395,63209,0
20130108,29.338,29.338,29.146,29.29,16237,0
20130109,29.347,29.385,29.29,29.357,7355,0
20130110,29.518,29.596,29.453,29.566,63537,0
20130111,29.528,29.547,29.414,29.491,26436,0
20130114,29.481,29.528,29.424,29.528,59343,0
20130115,29.509,29.576,29.491,29.547,39586,0
20130116,29.385,29.491,29.385,29.481,14978,0
20130117,29.518,29.633,29.491,29.596,23183,0
20130118,29.557,29.623,29.481,29.623,13123,0
20130122,29.652,29.747,29.614,29.737,16824,0
20130123,29.795,29.814,29.652,29.68,28318,0
20130124,29.708,29.776,29.643,29.688,51028,0
20130125,29.633,29.718,29.633,29.718,66885,0
20130128,29.737,29.737,29.528,29.586,27575,0
20130129,29.652,29.756,29.643,29.756,15272,0
20130130,29.766,29.871,29.68,29.68,12166,0
20130131,29.677,29.706,29.63,29.66,26856,0
20130201,29.863,29.871,29.804,29.833,18984,0
20130204,29.688,29.747,29.586,29.623,50858,0
20130205,29.633,29.728,29.633,29.688,15494,0
20130206,29.576,29.688,29.566,29.688,28667,0
20130207,29.728,29.728,29.463,29.528,54915,0
20130208,29.633,29.662,29.604,29.633,14475,0
20130211,30.034,30.034,29.518,29.547,9077,0
20130212,29.518,29.633,29.499,29.614,11575,0
20130213,29.698,29.698,29.586,29.633,32318,0
20130214,29.586,29.614,29.537,29.596,116891,0
20130215,29.537,29.547,29.357,29.424,17007,0
20130219,29.376,29.509,29.376,29.491,18784,0
20130220,29.366,29.366,29.052,29.052,11801,0
20130221,28.832,28.87,28.774,28.774,8431,0
20130222,28.946,28.966,28.842,28.966,57484,0
20130225,29.081,29.11,28.66,28.67,138094,0
20130226,28.784,28.814,28.631,28.727,68251,0
20130227,28.851,28.966,28.832,28.966,39766,0
20130228,29.315,29.315,28.853,28.891,45829,0
20130301,28.794,28.814,28.68,28.814,25612,0
20130304,28.68,28.784,28.65,28.737,16583,0
20130305,28.915,28.935,28.867,28.905,12951,0
20130306,28.877,28.982,28.867,28.935,9007,0
20130307,29.039,29.039,28.943,28.953,36906,0
20130308,28.991,29.011,28.915,29.011,19298,0
20130311,28.966,29.052,28.918,29.042,23097,0
20130312,29.185,29.185,29.014,29.062,277765,0
20130313,29.032,29.032,28.899,28.928,24543,0
20130314,28.966,29.128,28.966,29.128,13366,0
20130315,29.107,29.153,29.069,29.079,68600,0
20130318,28.946,29.014,28.908,28.918,55701,0
20130319,28.918,28.918,28.65,28.765,9800,0
20130320,28.781,28.925,28.781,28.849,52617,0
20130321,28.791,28.867,28.715,28.724,23883,0
20130322,28.886,28.886,28.81,28.857,33946,0
20130325,29.069,29.069,28.696,28.761,21905,0
20130326,28.839,28.915,28.81,28.915,32350,0
20130327,28.715,28.973,28.715,28.973,40282,0
20130328,28.877,28.973,28.877,28.953,39196,0
20130401,28.877,28.877,28.715,28.81,68896,0
20130402,29.03,29.03,28.761,28.761,4989,0
20130403,28.886,28.886,28.485,28.485,18924,0
20130404,28.543,28.686,28.543,28.676,12316,0
20130405,28.61,28.761,28.61,28.761,57110,0
20130408,28.715,28.829,28.706,28.829,23805,0
20130409,28.791,29.107,28.791,29.059,31403,0
20130410,29.059,29.098,29.011,29.011,28071,0
20130411,29.049,29.163,29.039,29.079,63560,0
20130412,28.925,28.925,28.801,28.857,9087,0
20130415,28.409,28.563,28.057,28.076,40210,0
20130416,28.352,28.371,28.208,28.352,50407,0
20130417,28.076,28.076,27.865,27.981,34804,0
20130418,27.894,28.01,27.846,27.981,47352,0
20130419,28.131,28.161,28.057,28.121,31670,0
20130422,28.121,28.246,28.067,28.217,10717,0
20130423,28.246,28.324,28.217,28.265,21634,0
20130424,28.324,28.637,28.324,28.627,23656,0
20130425,28.801,28.905,28.706,28.781,14354,0
20130426,28.686,28.696,28.6,28.666,21671,0
20130429,28.761,28.953,28.715,28.943,7545,0
20130430,28.863,28.998,28.824,28.998,19402,0
20130501,29.287,29.287,28.781,28.791,18791,0
20130502,28.801,28.915,28.801,28.895,11103,0
20130503,29.144,29.211,29.088,29.144,21306,0
20130506,29.03,29.192,29.03,29.182,14734,0
20130507,29.059,29.202,29.059,29.153,10086,0
20130508,29.345,29.411,29.202,29.393,25790,0
20130509,29.364,29.421,29.22,29.22,16380,0
20130510,29.098,29.144,29.02,29.144,12260,0
20130513,29.02,29.039,28.953,29.02,29198,0
20130514,28.991,29.059,28.943,28.973,16095,0
20130515,28.935,28.935,28.754,28.877,51650,0
20130516,28.849,28.973,28.754,28.761,66073,0
20130517,28.791,28.905,28.791,28.886,40605,0
20130520,28.915,29.088,28.895,29.049,36668,0
20130521,29.039,29.192,28.925,29.098,37827,0
20130522,29.172,29.268,28.6,28.637,42086,0
20130523,28.476,28.627,28.371,28.6,60549,0
20130524,28.352,28.466,28.334,28.457,41973,0
20130528,28.706,28.724,28.419,28.419,103411,0
20130529,28.343,28.363,28.198,28.343,16723,0
20130530,28.362,28.399,28.324,28.324,14125,0
20130531,28.324,28.324,27.94,27.94,20787,0
20130603,27.77,28.103,27.77,28.085,7279,0
20130604,28.198,28.198,27.987,28.083,15790,0
20130605,27.968,27.968,27.735,27.755,29704,0
20130606,27.591,27.88,27.591,27.88,21319,0
20130607,27.885,27.914,27.721,27.855,33736,0
20130610,27.751,27.837,27.721,27.76,8866,0
20130611,27.591,27.745,27.525,27.63,44950,0
20130612,27.483,27.493,27.246,27.254,5077,0
20130613,27.359,27.684,27.321,27.645,53687,0
20130614,27.668,27.716,27.582,27.582,4799,0
20130617,27.76,27.79,27.608,27.655,20251,0
20130618,27.755,27.842,27.745,27.765,6830,0
20130619,27.827,27.827,27.398,27.428,48671,0
20130620,26.987,27.101,26.358,26.407,63767,0
20130621,26.484,26.628,26.213,26.474,213284,0
20130624,25.976,26.29,25.775,26.109,105267,0
20130625,26.233,26.33,26.108,26.282,20293,0
20130626,26.32,26.417,26.282,26.359,45758,0
20130627,26.446,26.638,26.446,26.599,26913,0
20130628,26.607,26.878,26.588,26.878,369134,0
20130701,26.705,26.82,26.648,26.667,17010,0
20130702,26.84,26.878,26.648,26.763,18635,0
20130703,26.388,26.753,26.388,26.753,7860,0
20130705,27.079,27.079,26.484,26.618,9468,0
20130708,26.801,26.81,26.638,26.733,19016,0
20130709,27.36,27.36,26.85,26.974,78240,0
20130710,26.888,27.079,26.888,26.964,16311,0
20130711,27.429,27.582,27.37,27.525,39245,0
20130712,27.419,27.475,27.34,27.448,17926,0
20130715,27.475,27.544,27.465,27.535,60408,0
20130716,27.62,27.62,27.485,27.544,22854,0
20130717,27.706,27.735,27.62,27.648,17112,0
20130718,27.639,27.735,27.62,27.678,19131,0
20130719,27.745,27.814,27.716,27.814,14076,0
20130722,27.814,28.026,27.814,27.997,46725,0
20130723,28.026,28.101,27.978,28.074,45155,0
20130724,27.958,27.958,27.639,27.706,13103,0
20130725,27.563,27.814,27.563,27.785,80964,0
20130726,27.706,27.765,27.601,27.765,6446,0
20130729,27.601,27.688,27.572,27.668,10743,0
20130730,27.456,27.456,27.283,27.37,34502,0
20130731,27.138,27.429,27.118,27.264,34802,0
20130801,27.409,27.409,27.283,27.311,18507,0
20130802,27.321,27.34,27.245,27.254,7814,0
20130805,27.283,27.283,27.205,27.264,9443,0
20130806,27.215,27.215,27.042,27.042,6189,0
20130807,26.974,27.079,26.974,27.034,10909,0
20130808,27.235,27.429,27.178,27.399,7153,0
20130809,27.448,27.563,27.448,27.544,14116,0
20130812,27.563,27.639,27.544,27.572,8174,0
20130813,27.544,27.544,27.438,27.456,6064,0
20130814,27.572,27.572,27.505,27.554,11966,0
20130815,27.409,27.495,27.187,27.456,348463,0
20130816,27.448,27.448,27.245,27.321,19963,0
20130819,27.205,27.235,27.042,27.042,21168,0
20130820,27.024,27.245,27.024,27.158,37537,0
20130821,27.07,27.089,26.85,26.85,28862,0
20130822,27.034,27.475,26.917,27.034,7956,0
20130823,27.148,27.33,27.128,27.321,66495,0
20130826,27.456,27.456,27.321,27.33,5534,0
20130827,27.292,27.292,27.099,27.099,9254,0
20130828,27.178,27.254,27.128,27.178,11177,0
20130829,27.07,27.138,27.004,27.051,13613,0
20130830,27.215,27.215,26.964,27.003,31515,0
20130903,27.168,27.168,26.974,27.079,9700,0
20130904,27.128,27.197,27.128,27.197,138563,0
20130905,27.197,27.197,27.079,27.109,5308,0
20130906,27.205,27.36,27.205,27.264,17739,0
20130909,27.515,27.572,27.475,27.563,5513,0
20130910,27.716,27.716,27.62,27.678,7943,0
20130911,27.601,27.785,27.563,27.775,37232,0
20130912,27.582,27.745,27.582,27.639,11930,0
20130913,27.62,27.706,27.591,27.668,16140,0
20130916,27.91,27.978,27.804,27.804,7283,0
20130917,27.88,27.89,27.804,27.842,4081,0
20130918,27.755,28.477,27.725,28.477,15944,0
20130919,28.449,28.545,28.324,28.343,45317,0
20130920,28.353,28.363,28.035,28.064,21271,0
20130923,28.083,28.092,28.007,28.035,17881,0
20130924,27.968,28.092,27.88,27.987,189863,0
20130925,27.997,28.054,27.987,28.007,42394,0
20130926,28.11,28.11,27.958,28.044,8515,0
20130927,27.958,28.007,27.95,27.968,11912,0
20130930,27.736,27.872,27.736,27.815,10236,0
20131001,27.776,27.852,27.707,27.833,18425,0
20131002,27.746,27.951,27.746,27.901,12527,0
20131003,27.988,27.988,27.795,27.815,6909,0
20131004,27.736,27.872,27.736,27.833,8909,0
20131007,27.766,27.882,27.766,27.815,9390,0
20131008,27.833,27.843,27.659,27.659,1807,0
20131009,27.736,27.736,27.564,27.659,15768,0
20131010,27.717,27.979,27.717,27.97,19903,0
20131011,27.882,28.036,27.882,28.036,17953,0
20131014,28.008,28.131,27.97,28.131,9814,0
20131015,28.093,28.102,28.036,28.066,19801,0
20131016,28.121,28.237,28.121,28.19,67824,0
20131017,28.228,28.461,28.228,28.461,20938,0
20131018,28.538,28.605,28.498,28.595,9518,0
20131021,28.731,28.731,28.498,28.576,24241,0
20131022,28.605,28.847,28.605,28.759,150218,0
20131023,28.633,28.682,28.558,28.568,12857,0
20131024,28.751,28.751,28.614,28.643,11182,0
20131025,28.751,28.751,28.653,28.731,8960,0
20131028,28.722,28.818,28.702,28.741,8142,0
20131029,28.682,28.788,28.682,28.682,194101,0
20131030,28.731,28.769,28.558,28.633,19598,0
20131031,28.518,28.586,28.451,28.508,65424,0
20131101,28.382,28.402,28.218,28.306,51489,0
20131104,28.277,28.498,28.277,28.498,5937,0
20131105,28.489,28.498,28.326,28.355,22756,0
20131106,28.422,28.498,28.392,28.441,6338,0
20131107,28.382,28.382,28.076,28.111,16544,0
20131108,27.891,28.161,27.882,28.161,96906,0
20131111,28.076,28.181,28.076,28.171,4641,0
20131112,28.046,28.093,27.96,27.988,5034,0
20131113,27.852,28.102,27.843,28.102,20047,0
20131114,28.141,28.267,28.141,28.267,6631,0
20131115,28.382,28.392,28.316,28.345,60719,0
20131118,28.489,28.489,28.247,28.257,16755,0
20131119,28.141,28.392,28.141,28.181,64658,0
20131120,28.345,28.345,27.97,28.027,20676,0
20131121,27.97,28.093,27.97,28.093,23767,0
20131122,28.102,28.151,28.066,28.131,53756,0
20131125,28.036,28.056,27.97,28.027,76222,0
20131126,28.056,28.056,27.911,27.931,16290,0
20131127,27.96,27.96,27.882,27.96,8718,0
20131129,27.823,28.065,27.823,28.036,7630,0
20131202,28.036,28.036,27.766,27.766,4922,0
20131203,27.823,27.823,27.64,27.697,23713,0
20131204,27.697,27.795,27.659,27.776,35951,0
20131205,27.707,27.756,27.669,27.717,36043,0
20131206,27.815,27.882,27.786,27.805,9677,0
20131209,27.882,27.911,27.833,27.911,18852,0
20131210,27.872,27.988,27.688,27.901,105718,0
20131211,27.891,27.891,27.573,27.591,18052,0
20131212,27.621,27.621,27.36,27.36,8750,0
20131213,27.555,27.555,27.38,27.476,52938,0
20131216,27.621,27.631,27.555,27.591,11110,0
20131217,27.486,27.555,27.409,27.545,282546,0
20131218,27.429,27.736,27.429,27.717,12538,0
20131219,27.697,27.726,27.649,27.726,52591,0
20131220,27.688,27.852,27.688,27.823,211595,0
20131223,27.843,27.998,27.843,27.941,523654,0
20131224,27.901,28.017,27.901,28.008,37599,0
20131226,28.066,28.121,28.017,28.046,879925,0
20131227,28.205,28.234,28.136,28.166,39776,0
20131230,28.253,28.313,28.186,28.186,51455,0
20131231,28.273,28.323,28.166,28.323,181535,0
20140102,28.196,28.196,28.04,28.06,6596,0
20140103,28.021,28.126,28.021,28.04,3457,0
20140106,28.021,28.079,27.982,28.021,34705,0
20140107,28.06,28.07,28.002,28.06,37855,0
20140108,27.973,28.021,27.914,27.982,37052,0
20140109,27.864,27.982,27.747,27.825,25966,0
20140110,28.04,28.098,28.002,28.088,18882,0
20140113,28.05,28.05,27.845,27.864,12890,0
20140114,27.953,28.07,27.953,28.06,20332,0
20140115,27.944,28.156,27.944,28.156,10131,0
20140116,28.136,28.234,28.116,28.214,23630,0
20140117,28.176,28.283,28.146,28.205,9339,0
20140121,28.205,28.243,28.136,28.224,26903,0
20140122,28.273,28.273,28.186,28.243,14467,0
20140123,28.205,28.205,27.992,28.031,137693,0
20140124,28.031,28.031,27.601,27.669,14208,0
20140127,27.777,27.777,27.337,27.464,66591,0
20140128,27.554,27.621,27.524,27.621,47941,0
20140129,27.64,27.64,27.455,27.544,157693,0
20140130,27.631,27.631,27.437,27.611,10384,0
20140131,27.377,27.514,27.347,27.427,18746,0
20140203,27.337,27.357,27.017,27.017,84814,0
20140204,27.192,27.289,27.133,27.201,140317,0
20140205,27.211,27.25,27.093,27.173,105547,0
20140206,27.649,27.649,27.221,27.446,87222,0
20140207,27.631,27.817,27.582,27.817,67588,0
20140210,27.787,27.835,27.747,27.747,81866,0
20140211,27.874,28.136,27.787,28.116,90831,0
20140212,28.186,28.186,28.04,28.079,94985,0
20140213,27.854,28.243,27.854,28.214,18255,0
20140214,28.362,28.429,28.293,28.352,30864,0
20140218,28.878,28.878,28.488,28.595,90861,0
20140219,28.595,28.693,28.468,28.488,92841,0
20140220,28.527,28.633,28.478,28.576,8514,0
20140221,28.624,28.663,28.547,28.624,48566,0
20140224,28.732,28.81,28.653,28.713,40663,0
20140225,28.78,28.78,28.557,28.576,81565,0
20140226,28.732,28.732,28.459,28.507,108569,0
20140227,28.633,28.683,28.293,28.517,47715,0
20140228,28.605,28.703,28.576,28.576,34774,0
20140303,28.537,28.673,28.459,28.488,26233,0
20140304,28.713,28.8,28.713,28.79,16463,0
20140305,28.819,28.819,28.653,28.703,124784,0
20140306,28.849,28.946,28.849,28.897,12784,0
20140307,28.703,28.77,28.653,28.732,12835,0
20140310,28.703,28.742,28.478,28.497,12125,0
20140311,28.605,28.614,28.381,28.439,17974,0
20140312,28.253,28.439,28.253,28.4,7717,0
20140313,28.41,28.468,28.176,28.176,12155,0
20140314,28.05,28.362,28.05,28.323,10328,0
20140317,28.313,28.41,28.313,28.39,8133,0
20140318,28.42,28.557,28.381,28.507,26834,0
20140319,28.429,28.459,28.156,28.214,26395,0
20140320,28.205,28.273,27.953,28.156,8739,0
20140321,28.05,28.371,28.05,28.263,6289,0
20140324,28.031,28.439,28.031,28.176,56228,0
20140325,28.42,28.507,28.333,28.449,10137,0
20140326,28.371,28.527,28.303,28.303,52122,0
20140327,28.429,28.567,28.42,28.567,67044,0
20140328,28.663,28.752,28.643,28.653,15082,0
20140331,28.815,28.815,28.765,28.765,6737,0
20140401,29.225,29.225,28.737,28.785,10162,0
20140402,28.873,28.873,28.765,28.873,16645,0
20140403,28.873,28.873,28.747,28.863,19146,0
20140404,28.961,29.019,28.834,28.912,30964,0
20140407,28.99,28.99,28.756,28.863,16209,0
20140408,28.922,29.099,28.922,29.089,45094,0
20140409,29.244,29.244,29.029,29.225,23229,0
20140410,29.44,29.44,28.912,28.912,14334,0
20140411,28.932,28.99,28.805,28.844,17165,0
20140414,28.892,29.059,28.892,29.029,13905,0
20140415,28.892,29.039,28.834,29.019,22591,0
20140416,29.225,29.244,29.156,29.206,21376,0
20140417,29.244,29.274,29.166,29.225,25272,0
20140421,29.322,29.322,29.206,29.274,23318,0
20140422,29.254,29.371,29.254,29.362,95615,0
20140423,29.352,29.391,29.264,29.352,28241,0
20140424,29.342,29.42,29.313,29.401,8856,0
20140425,29.43,29.43,29.215,29.293,9147,0
20140428,29.303,29.352,29.166,29.322,25056,0
20140429,29.244,29.489,29.244,29.47,14895,0
20140430,29.44,29.536,29.362,29.527,43622,0
20140501,29.43,29.46,29.362,29.45,24598,0
20140502,29.489,29.566,29.41,29.527,32052,0
20140505,29.47,29.536,29.46,29.536,7958,0
20140506,29.556,29.605,29.479,29.536,16178,0
20140507,29.536,29.692,29.527,29.692,29704,0
20140508,29.791,29.791,29.605,29.654,15780,0
20140509,29.596,29.596,29.517,29.517,8454,0
20140512,29.527,29.751,29.527,29.722,16938,0
20140513,29.791,29.83,29.702,29.81,12379,0
20140514,29.722,29.927,29.722,29.87,7799,0
20140515,29.751,29.81,29.634,29.683,141418,0
20140516,29.673,29.761,29.624,29.761,210838,0
20140519,29.8,29.86,29.722,29.732,169669,0
20140520,29.712,29.712,29.556,29.624,132746,0
20140521,29.664,29.722,29.624,29.702,41626,0
20140522,29.751,29.751,29.702,29.722,85859,0
20140523,29.8,29.8,29.742,29.781,23188,0
20140527,29.879,29.879,29.702,29.761,16333,0
20140528,29.761,29.761,29.596,29.664,29222,0
20140529,29.732,29.771,29.702,29.771,19835,0
20140530,29.8,29.8,29.605,29.673,14645,0
20140602,29.712,29.712,29.624,29.683,20375,0
20140603,29.605,29.624,29.566,29.624,11751,0
20140604,29.673,29.673,29.536,29.566,62802,0
20140605,29.556,29.8,29.517,29.8,25342,0
20140606,29.732,29.908,29.732,29.908,9350,0
20140609,29.84,29.937,29.83,29.879,21958,0
20140610,29.84,29.84,29.751,29.81,20484,0
20140611,29.732,29.781,29.683,29.732,16436,0
20140612,29.83,29.888,29.761,29.83,13112,0
20140613,29.81,29.888,29.781,29.87,11653,0
20140616,29.87,29.947,29.86,29.927,12212,0
20140617,29.879,29.937,29.8,29.937,9489,0
20140618,29.996,30.26,29.987,30.26,27423,0
20140619,30.328,30.378,30.279,30.378,25780,0
20140620,30.435,30.435,30.318,30.378,33240,0
20140623,30.444,30.494,30.426,30.474,63410,0
20140624,30.494,30.573,30.279,30.338,32158,0
20140625,30.444,30.444,30.289,30.387,16813,0
20140626,30.289,30.416,30.289,30.416,8718,0
20140627,30.396,30.444,30.338,30.416,24762,0
20140630,30.637,30.637,30.312,30.42,773970,0
20140701,30.617,30.617,30.42,30.479,35014,0
20140702,30.489,30.519,30.4,30.519,14433,0
20140703,30.459,30.608,30.4,30.519,9568,0
20140707,30.372,30.372,30.263,30.312,68192,0
20140708,30.382,30.382,30.184,30.253,25947,0
20140709,30.302,30.352,30.253,30.322,10192,0
20140710,30.164,30.282,30.135,30.234,27750,0
20140711,30.154,30.174,30.085,30.164,35908,0
20140714,30.214,30.272,30.164,30.272,32704,0
20140715,30.234,30.234,30.026,30.135,21038,0
20140716,30.253,30.362,30.253,30.362,21258,0
20140717,30.263,30.292,30.105,30.164,17861,0
20140718,30.174,30.272,30.174,30.263,19826,0
20140721,30.184,30.282,30.154,30.263,35843,0
20140722,30.489,30.489,30.342,30.362,13740,0
20140723,30.372,30.42,30.352,30.41,13911,0
20140724,30.4,30.528,30.352,30.4,18065,0
20140725,30.862,30.862,30.302,30.352,10094,0
20140728,30.332,30.41,30.243,30.372,13859,0
20140729,30.322,30.352,30.234,30.282,8522,0
20140730,30.194,30.253,30.075,30.174,24166,0
20140731,29.938,30.026,29.77,29.77,47047,0
20140801,29.76,29.948,29.603,29.622,230437,0
20140804,29.672,29.84,29.652,29.82,26025,0
20140805,29.672,29.682,29.554,29.632,33601,0
20140806,29.544,29.711,29.083,29.662,12365,0
20140807,29.495,29.701,29.486,29.544,26851,0
20140808,29.574,29.682,29.514,29.682,7181,0
20140811,29.741,29.87,29.741,29.8,10003,0
20140812,29.76,29.8,29.711,29.76,12268,0
20140813,29.82,29.82,29.75,29.8,14509,0
20140814,29.86,29.86,29.741,29.76,6176,0
20140815,29.84,29.86,29.76,29.86,39224,0
20140818,29.997,29.997,29.84,29.928,14063,0
20140819,29.85,29.988,29.85,29.968,16356,0
20140820,29.938,30.007,29.908,29.978,18643,0
20140821,30.007,30.007,29.938,29.978,25207,0
20140822,29.938,30.046,29.79,29.85,12633,0
20140825,29.85,29.938,29.85,29.918,16378,0
20140826,29.988,30.046,29.978,29.988,114280,0
20140827,30.065,30.065,30.007,30.056,69719,0
20140828,30.026,30.026,29.938,29.968,12842,0
20140829,29.968,30.026,29.958,30.026,18524,0
20140902,30.007,30.065,29.79,29.82,63270,0
20140903,29.898,29.988,29.86,29.908,35907,0
20140904,29.928,29.958,29.711,29.75,47063,0
20140905,29.83,29.83,29.672,29.76,56982,0
20140908,29.76,29.76,29.476,29.534,24265,0
20140909,29.564,29.564,29.299,29.348,25966,0
20140910,29.397,29.397,29.151,29.22,12177,0
20140911,29.112,29.22,29.093,29.201,17051,0
20140912,29.033,29.063,28.855,28.944,30683,0
20140915,28.875,28.935,28.826,28.895,16173,0
20140916,28.915,29.151,28.905,29.063,9189,0
20140917,29.122,29.141,28.944,28.974,29435,0
20140918,28.521,28.983,28.137,28.905,133395,0
20140919,29.003,29.003,28.757,28.817,28300,0
20140922,28.629,28.679,28.481,28.501,26997,0
20140923,28.452,28.59,28.423,28.442,27598,0
20140924,28.432,28.521,28.335,28.471,31235,0
20140925,28.403,28.403,28.147,28.187,12036,0
20140926,28.265,28.305,28.127,28.295,23255,0
20140929,28.03,28.187,28.001,28.167,29455,0
20140930,28.159,28.159,27.972,28.002,57752,0
20141001,27.528,27.972,27.528,27.795,124630,0
20141002,27.755,27.755,27.498,27.637,296622,0
20141003,27.646,27.646,27.488,27.538,37541,0
20141006,27.558,27.735,27.538,27.715,25357,0
20141007,27.637,27.666,27.449,27.449,20511,0
20141008,27.41,27.735,27.34,27.735,169042,0
20141009,27.637,27.637,27.252,27.291,35467,0
20141010,27.291,27.291,27.025,27.025,47354,0
20141013,27.301,27.301,26.985,26.985,102098,0
20141014,27.143,27.192,26.995,26.995,25091,0
20141015,26.887,27.005,26.651,26.955,31182,0
20141016,26.709,27.133,26.709,27.035,44430,0
20141017,27.202,27.301,27.123,27.192,14254,0
20141020,27.222,27.34,27.153,27.34,13662,0
20141021,27.518,27.646,27.43,27.637,24309,0
20141022,27.548,27.676,27.39,27.39,9767,0
20141023,27.458,27.617,27.458,27.558,9697,0
20141024,27.498,27.607,27.498,27.577,18967,0
20141027,27.548,27.548,27.32,27.488,14672,0
20141028,27.607,27.775,27.587,27.765,12119,0
20141029,27.952,27.952,27.577,27.676,79420,0
20141030,27.577,27.775,27.577,27.676,13288,0
20141031,27.715,28.002,27.656,28.002,296876,0
20141103,28.09,28.09,27.735,27.745,30045,0
20141104,27.617,27.627,27.478,27.558,259129,0
20141105,27.518,27.637,27.518,27.627,25892,0
20141106,27.637,27.637,27.518,27.597,71173,0
20141107,27.676,27.853,27.567,27.815,35770,0
20141110,27.775,27.913,27.715,27.765,52589,0
20141111,27.666,27.853,27.646,27.795,31910,0
20141112,27.785,27.805,27.686,27.686,8544,0
20141113,27.725,27.735,27.538,27.567,18646,0
20141114,27.567,27.765,27.567,27.765,14519,0
20141117,27.735,27.765,27.617,27.735,21085,0
20141118,27.785,27.873,27.755,27.863,14934,0
20141119,27.725,27.805,27.627,27.646,18488,0
20141120,27.695,27.795,27.646,27.775,16556,0
20141121,28.1,28.149,27.982,28.071,34046,0
20141124,28.08,28.169,27.933,27.943,14170,0
20141125,28.011,28.041,27.903,27.933,19665,0
20141126,27.943,27.982,27.903,27.913,25939,0
20141128,27.972,27.972,27.212,27.232,19423,0
20141201,27.173,27.291,27.103,27.212,22468,0
20141202,27.133,27.32,27.123,27.212,20436,0
20141203,27.35,27.41,27.281,27.31,15761,0
20141204,27.222,27.252,27.143,27.182,95109,0
20141205,27.143,27.143,27.015,27.045,23472,0
20141208,26.896,26.925,26.69,26.719,37313,0
20141209,26.591,26.867,26.571,26.857,49505,0
20141210,26.817,26.817,26.473,26.561,78517,0
20141211,26.483,26.591,26.374,26.433,18662,0
20141212,26.305,26.325,26.048,26.048,38846,0
20141215,26.166,26.176,25.772,25.781,118989,0
20141216,25.743,26.118,25.723,25.851,302585,0
20141217,25.999,26.463,25.999,26.236,382853,0
20141218,26.325,26.493,26.295,26.473,111431,0
20141219,26.551,26.778,26.541,26.748,41410,0
20141222,26.975,26.975,26.621,26.7,397223,0
20141223,26.67,26.748,26.651,26.67,248749,0
20141224,26.729,26.877,26.541,26.621,220748,0
20141226,26.641,26.729,26.641,26.67,24977,0
20141229,26.664,26.782,26.584,26.624,61569,0
20141230,26.624,26.693,26.574,26.624,109696,0
20141231,26.634,26.664,26.406,26.406,213827,0
20150102,26.386,26.455,26.366,26.415,20629,0
20150105,26.386,26.386,25.989,26.048,71962,0
20150106,26.019,26.148,25.909,25.959,60054,0
20150107,26.118,26.177,26.058,26.098,42656,0
20150108,26.306,26.376,26.306,26.316,6184,0
20150109,26.396,26.396,26.247,26.386,8938,0
20150112,26.177,26.197,26.078,26.187,19297,0
20150113,26.217,26.217,25.89,26.038,148366,0
20150114,25.87,25.969,25.721,25.969,44991,0
20150115,26.098,26.108,25.989,26.028,14785,0
20150116,26.237,26.366,26.157,26.366,28273,0
20150120,26.257,26.306,26.237,26.267,117922,0
20150121,26.376,26.485,26.366,26.445,37072,0
20150122,26.703,26.703,26.485,26.604,205181,0
20150123,26.455,26.544,26.415,26.415,56484,0
20150126,26.465,26.614,26.435,26.594,947363,0
20150127,26.525,26.644,26.485,26.574,34976,0
20150128,26.574,26.574,26.257,26.267,78342,0
20150129,26.227,26.286,26.068,26.247,23281,0
20150130,26.118,26.406,26.088,26.247,193719,0
20150202,26.227,26.594,26.227,26.525,50571,0
20150203,26.742,27.04,26.732,26.97,149171,0
20150204,26.821,26.861,26.693,26.693,88270,0
20150205,26.841,27.089,26.821,27.079,73381,0
20150206,27.03,27.03,26.732,26.801,28335,0
20150209,26.801,26.921,26.801,26.841,18838,0
20150210,26.723,26.93,26.614,26.732,9048,0
20150211,26.634,26.654,26.525,26.594,75312,0
20150212,26.811,26.95,26.801,26.901,9193,0
20150213,27.119,27.159,26.911,27.159,36925,0
20150217,27.02,27.139,27.01,27.109,33856,0
20150218,27.04,27.139,26.99,27.099,41785,0
20150219,26.871,26.99,26.871,26.911,6082,0
20150220,27.059,27.059,26.911,26.98,16956,0
20150223,26.861,26.94,26.831,26.911,20988,0
20150224,26.911,27.059,26.851,27,20732,0
20150225,26.861,27.119,26.801,27.119,16689,0
20150226,26.911,26.98,26.851,26.871,61847,0
20150227,26.94,27.03,26.901,27,108178,0
20150302,26.94,26.94,26.811,26.841,19364,0
20150303,26.891,26.96,26.772,26.801,39634,0
20150304,26.762,26.772,26.544,26.624,111138,0
20150305,26.664,26.664,26.564,26.584,7060,0
20150306,26.495,26.495,26.078,26.098,20069,0
20150309,26.118,26.128,26.058,26.088,11396,0
20150310,25.83,25.83,25.711,25.721,10993,0
20150311,25.681,25.741,25.681,25.721,6252,0
20150312,25.929,25.929,25.79,25.82,19364,0
20150313,25.681,25.81,25.512,25.552,23398,0
20150316,25.592,25.691,25.562,25.671,8471,0
20150317,25.582,25.651,25.532,25.641,4740,0
20150318,25.632,26.207,25.632,26.157,28844,0
20150319,25.949,25.969,25.8,25.939,52140,0
20150320,26.148,26.356,26.148,26.336,9783,0
20150323,26.415,26.505,26.296,26.465,78967,0
20150324,26.376,26.425,26.366,26.366,8471,0
20150325,26.525,26.594,26.326,26.336,12707,0
20150326,26.277,26.316,26.247,26.247,19565,0
20150327,26.138,26.187,26.088,26.088,13211,0
20150330,26.157,26.267,26.138,26.237,21279,0
20150331,26.196,26.196,25.988,25.988,9500,0
20150401,26.166,26.226,26.077,26.186,14915,0
20150402,26.226,26.276,26.196,26.266,9675,0
20150406,26.424,26.573,26.424,26.474,13101,0
20150407,26.553,26.672,26.514,26.514,6249,0
20150408,26.682,26.782,26.444,26.444,8264,0
20150409,26.444,26.484,26.395,26.405,290562,0
20150410,26.504,26.534,26.464,26.464,15721,0
20150413,26.474,26.514,26.365,26.365,17435,0
20150414,26.573,26.633,26.563,26.593,7760,0
20150415,26.672,26.831,26.593,26.811,381434,0
20150416,26.811,26.99,26.742,26.96,6412,0
20150417,26.792,26.861,26.742,26.831,13101,0
20150420,26.742,26.871,26.742,26.782,13631,0
20150421,26.722,26.801,26.643,26.702,345743,0
20150422,26.702,26.782,26.623,26.672,9394,0
20150423,26.712,26.921,26.712,26.921,9070,0
20150424,26.98,27.02,26.921,26.99,14210,0
20150427,27.079,27.129,27.04,27.04,24691,0
20150428,27.119,27.188,27.069,27.089,25799,0
20150429,27.02,27.089,26.95,27.02,16427,0
20150430,26.881,26.96,26.861,26.901,12597,0
20150501,27.01,27.069,26.97,27.03,10682,0
20150504,27.059,27.139,27.01,27.079,21970,0
20150505,27.079,27.099,26.921,26.921,9070,0
20150506,26.95,27.02,26.782,26.821,6242,0
20150507,26.702,26.792,26.702,26.712,5187,0
20150508,27.069,27.129,26.97,27.069,5946,0
20150511,26.93,27.05,26.911,26.93,20156,0
20150512,26.98,27.05,26.97,26.99,9603,0
20150513,27.198,27.198,27.04,27.04,12194,0
20150514,27.099,27.258,27.099,27.218,35776,0
20150515,27.079,27.308,27.079,27.308,8114,0
20150518,27.298,27.298,27.129,27.149,6330,0
20150519,26.921,26.95,26.861,26.861,3326,0
20150520,26.921,27.02,26.871,26.94,14109,0
20150521,26.99,27.059,26.98,27.059,24691,0
20150522,26.901,26.95,26.861,26.95,2923,0
20150526,26.682,26.732,26.534,26.543,8764,0
20150527,26.375,26.543,26.375,26.514,4938,0
20150528,26.414,26.524,26.365,26.484,5828,0
20150529,26.494,26.504,26.434,26.494,6047,0
20150601,26.365,26.405,26.365,26.365,2744,0
20150602,26.494,26.583,26.444,26.494,8073,0
20150603,26.583,26.583,26.375,26.375,13101,0
20150604,26.196,26.246,26.127,26.166,9272,0
20150605,25.998,26.097,25.958,26.067,15117,0
20150608,25.968,25.998,25.938,25.998,15318,0
20150609,26.057,26.077,26.018,26.047,10293,0
20150610,26.295,26.305,26.137,26.246,5734,0
20150611,26.256,26.256,26.186,26.216,12752,0
20150612,26.087,26.166,26.047,26.067,9876,0
20150615,25.968,25.998,25.968,25.978,26505,0
20150616,25.978,26.107,25.978,26.107,7054,0
20150617,25.968,26.176,25.879,26.117,10783,0
20150618,26.206,26.285,26.206,26.266,1713,0
20150619,26.196,26.196,26.107,26.147,26505,0
20150622,26.524,26.543,26.166,26.166,231286,0
20150623,26.127,26.246,26.127,26.186,8783,0
20150624,26.216,26.246,26.107,26.107,61475,0
20150625,26.097,26.107,26.037,26.047,5442,0
20150626,26.008,26.047,25.978,26.047,14411,0
20150629,25.889,25.889,25.73,25.76,8667,0
20150630,25.84,25.86,25.77,25.86,28256,0
20150701,25.74,25.76,25.7,25.76,8500,0
20150702,25.92,25.92,25.78,25.83,22300,0
20150706,25.61,25.61,25.46,25.5,9300,0
20150707,25.32,25.45,25.12,25.44,11200,0
20150708,25.33,25.33,25.15,25.2,5500,0
20150709,25.4,25.4,25.25,25.25,6000,0
20150710,25.44,25.49,25.43,25.49,5800,0
20150713,25.41,25.62,25.41,25.55,59900,0
20150714,25.53,25.64,25.53,25.59,63256,0
20150715,25.49,25.49,25.4,25.42,4139,0
20150716,25.51,25.51,25.46,25.46,4500,0
20150717,25.35,25.47,25.3,25.37,9000,0
20150720,25.2,25.25,25.14,25.16,5600,0
20150721,25.26,25.26,25.15,25.15,3500,0
20150722,25.03,25.1,24.97,24.97,62900,0
20150723,24.81,24.96,24.77,24.78,10200,0
20150724,24.65,24.68,24.55,24.62,47000,0
20150727,24.55,24.57,24.39,24.42,52200,0
20150728,24.54,24.7,24.51,24.66,11500,0
20150729,24.74,24.87,24.73,24.8,8700,0
20150730,24.7,24.79,24.69,24.77,3800,0
20150731,24.8,24.8,24.69,24.71,6600,0
20150803,24.52,24.52,24.46,24.49,10468,0
20150804,24.63,24.63,24.46,24.47,30800,0
20150805,24.64,24.64,24.45,24.47,30500,0
20150806,24.45,24.51,24.38,24.51,9423,0
20150807,24.51,24.51,24.44,24.47,26800,0
