Date,Open,High,Low,Close,Volume,OpenInt
20061107,46.825,47.238,46.825,46.922,16250,0
20061109,47.142,47.142,47.066,47.083,520,0
20061110,47.103,47.151,47.103,47.151,6877,0
20061113,47.748,47.814,47.748,47.814,833,0
20061114,47.641,47.709,47.641,47.709,1667,0
20061115,48.535,48.535,48.535,48.535,418,0
20061116,48.39,48.39,48.39,48.39,101,0
20061117,48.467,48.467,48.37,48.37,623,0
20061121,48.601,48.601,48.601,48.601,101,0
20061122,48.965,49.12,48.965,49.12,623,0
20061124,48.774,49.062,48.774,49.062,2497,0
20061127,48.842,48.842,47.758,47.758,3436,0
20061128,47.526,47.526,47.497,47.497,833,0
20061130,47.988,47.988,47.988,47.988,205,0
20061201,47.43,47.43,47.364,47.364,1667,0
20061204,48.409,48.409,48.409,48.409,315,0
20061205,48.572,48.572,48.486,48.486,1352,0
20061207,48.171,48.198,47.881,47.891,31662,0
20061208,47.718,47.909,47.718,47.909,315,0
20061211,48.034,48.034,47.919,47.919,205,0
20061212,47.603,47.603,47.603,47.603,101,0
20061214,48.073,48.429,48.073,48.285,2293,0
20061215,48.64,48.64,48.409,48.409,730,0
20061219,47.758,47.767,47.738,47.758,418,0
20061220,47.728,47.872,47.728,47.872,730,0
20061221,47.699,47.699,47.393,47.393,1561,0
20061226,47.305,47.305,47.305,47.305,520,0
20061229,47.689,47.689,47.689,47.689,315,0
20070103,47.046,47.354,47.037,47.354,520,0
20070104,47.497,48.237,47.497,48.237,418,0
20070105,47.777,47.777,47.777,47.777,101,0
20070109,47.843,48.054,47.738,48.034,1042,0
20070110,48.132,48.429,48.005,48.419,9270,0
20070111,48.582,48.698,48.582,48.698,12708,0
20070112,48.582,48.726,48.582,48.717,3436,0
20070116,48.698,48.698,48.563,48.563,5623,0
20070117,48.362,48.362,48.171,48.171,205,0
20070118,47.814,47.814,47.257,47.257,11977,0
20070119,47.354,47.354,47.305,47.305,205,0
20070122,46.835,46.835,46.739,46.739,205,0
20070123,46.98,47.037,46.98,47.037,418,0
20070124,47.544,47.544,47.497,47.497,315,0
20070125,47.872,47.872,47.238,47.248,1561,0
20070126,47.403,47.488,47.403,47.488,623,0
20070129,47.458,47.573,47.286,47.296,418,0
20070130,47.345,47.507,47.345,47.403,3020,0
20070131,47.209,47.65,47.209,47.65,623,0
20070201,47.862,47.862,47.862,47.862,101,0
20070202,48.063,48.063,48.063,48.063,101,0
20070205,48.102,48.102,48.102,48.102,205,0
20070206,47.909,48.034,47.862,48.034,730,0
20070207,48.276,48.486,48.276,48.429,730,0
20070212,48.102,48.102,47.834,47.834,6249,0
20070213,47.978,47.978,47.978,47.978,101,0
20070214,48.601,48.783,48.601,48.783,205,0
20070215,48.956,49.015,48.956,49.015,205,0
20070216,48.861,49.034,48.861,49.024,3751,0
20070220,48.832,49.206,48.708,49.206,1251,0
20070221,49.005,49.091,49.005,49.043,418,0
20070226,49.465,49.465,49.465,49.465,101,0
20070227,48.842,48.842,47.526,47.526,15933,0
20070228,47.699,47.699,47.699,47.699,1042,0
20070302,47.219,47.219,46.748,46.748,315,0
20070307,46.758,47.046,46.758,46.884,5936,0
20070308,47.449,47.449,47.19,47.19,623,0
20070309,47.037,47.257,47.037,47.257,2188,0
20070313,46.835,46.835,46.835,46.835,101,0
20070314,46.864,47.151,46.758,47.151,1561,0
20070315,47.238,47.238,47.238,47.238,2082,0
20070316,47.325,47.345,47.046,47.046,3335,0
20070319,47.286,47.286,47.286,47.286,101,0
20070320,47.478,47.478,47.43,47.43,418,0
20070321,47.814,48.525,47.738,48.409,3335,0
20070322,48.438,48.438,48.323,48.323,1352,0
20070326,48.293,48.293,47.891,48.005,3751,0
20070328,47.949,47.949,47.862,47.862,205,0
20070330,47.507,47.622,47.238,47.622,1772,0
20070402,47.853,47.891,47.554,47.641,102382,0
20070403,47.958,48.38,47.958,48.323,1145,0
20070404,48.39,48.458,48.39,48.458,418,0
20070405,48.563,48.563,48.545,48.553,730,0
20070409,48.793,48.793,48.744,48.744,205,0
20070412,48.227,48.563,48.227,48.563,4272,0
20070413,48.516,48.516,48.516,48.516,315,0
20070416,48.985,48.985,48.985,48.985,1042,0
20070417,49.072,49.129,49.072,49.12,1352,0
20070418,49.303,49.303,49.303,49.303,101,0
20070419,49.303,49.303,49.275,49.275,315,0
20070425,50.07,50.07,50.07,50.07,101,0
20070426,50.416,50.416,50.416,50.416,205,0
20070427,50.369,50.369,50.369,50.369,101,0
20070501,49.793,49.793,49.764,49.764,205,0
20070502,49.975,49.975,49.975,49.975,101,0
20070503,50.446,50.446,50.369,50.369,730,0
20070504,50.369,50.369,50.369,50.369,2082,0
20070507,50.551,50.551,50.378,50.378,418,0
20070508,50.349,50.349,50.349,50.349,1042,0
20070509,50.531,50.656,50.464,50.656,418,0
20070514,50.292,50.292,50.292,50.292,101,0
20070515,50.531,50.579,50.531,50.579,315,0
20070516,50.223,50.223,50.07,50.109,2605,0
20070521,50.676,50.782,50.676,50.782,315,0
20070522,50.744,50.744,50.744,50.744,1145,0
20070525,50.004,50.004,49.887,49.887,205,0
20070529,50.195,50.446,50.195,50.446,2497,0
20070530,50.205,50.205,50.1,50.128,937,0
20070531,51.089,51.089,51.089,51.089,101,0
20070601,51.549,51.549,51.272,51.272,520,0
20070604,51.472,51.472,51.472,51.472,205,0
20070606,51.089,51.089,51.059,51.059,315,0
20070607,50.896,50.896,50.474,50.502,520,0
20070608,50.416,50.588,50.416,50.588,623,0
20070611,51.108,51.108,51.108,51.108,101,0
20070612,50.695,50.772,50.695,50.724,520,0
20070613,51.146,51.146,51.146,51.146,101,0
20070614,51.31,51.492,51.31,51.492,418,0
20070615,51.627,51.74,51.627,51.74,41869,0
20070618,51.856,51.856,51.856,51.856,205,0
20070619,51.712,51.712,51.712,51.712,10416,0
20070620,51.712,51.712,51.657,51.657,20832,0
20070621,51.365,52.067,51.365,52.067,11665,0
20070622,51.962,51.962,51.54,51.598,833,0
20070625,51.375,51.712,51.175,51.365,12498,0
20070627,51.069,51.443,51.069,51.443,4480,0
20070628,51.894,51.982,51.778,51.778,7916,0
20070629,51.837,51.837,51.394,51.424,1458,0
20070703,51.847,51.972,51.847,51.972,315,0
20070705,51.933,52.268,51.933,52.268,3541,0
20070706,52.288,52.606,52.278,52.597,4480,0
20070709,52.548,52.72,52.529,52.711,1145,0
20070710,52.49,52.587,52.327,52.327,2811,0
20070711,52.164,52.577,52.164,52.577,3228,0
20070712,52.73,53.257,52.624,53.257,3856,0
20070713,53.48,53.48,53.238,53.451,3751,0
20070716,53.383,53.566,53.383,53.432,2918,0
20070717,53.651,53.987,53.651,53.806,14581,0
20070718,53.296,53.306,53.048,53.172,5103,0
20070719,53.893,54.112,53.864,54.112,2188,0
20070720,53.95,53.95,53.49,53.49,2188,0
20070723,53.757,53.96,53.575,53.575,1667,0
20070724,53.172,53.191,52.624,52.662,7498,0
20070725,52.74,52.74,52.317,52.538,7082,0
20070726,51.808,51.992,50.705,51.385,33330,0
20070727,51.05,51.185,50.272,50.272,31246,0
20070730,50.369,50.695,50.369,50.695,1145,0
20070731,51.195,51.195,49.811,49.811,12079,0
20070801,50.031,50.041,49.332,49.677,47181,0
20070802,50.311,50.311,50.08,50.282,623,0
20070803,50.138,50.138,48.92,48.92,5520,0
20070806,48.822,49.015,48.822,49.015,2497,0
20070807,49.11,49.572,49.11,49.572,2394,0
20070808,50.061,50.446,49.841,49.878,15832,0
20070809,49.389,49.985,49.293,49.293,16872,0
20070810,48.458,49.303,48.342,48.965,8852,0
20070813,49.716,49.801,49.716,49.801,520,0
20070814,49.35,49.35,48.92,49.062,520,0
20070815,48.66,48.803,47.843,47.843,11040,0
20070816,47.478,47.478,46.642,46.642,833,0
20070817,48.553,48.553,47.853,48.005,17187,0
20070820,48.477,48.592,48.477,48.592,730,0
20070821,48.822,48.822,48.582,48.764,10522,0
20070822,49.187,49.187,49.187,49.187,418,0
20070823,49.187,49.187,49.139,49.139,833,0
20070824,49.629,49.629,49.629,49.629,205,0
20070827,49.513,49.581,49.513,49.581,205,0
20070828,49.072,49.072,48.467,48.467,730,0
20070829,48.688,49.408,48.688,49.408,1042,0
20070830,49.226,49.513,49.226,49.513,418,0
20070831,50.004,50.118,49.793,49.955,1772,0
20070904,50.597,51.137,50.597,50.81,1145,0
20070905,50.522,50.522,50.061,50.167,5417,0
20070906,50.474,50.551,50.474,50.551,2293,0
20070907,49.811,49.907,49.552,49.552,7186,0
20070910,49.916,49.916,49.542,49.542,833,0
20070911,49.716,49.955,49.716,49.897,833,0
20070912,50.031,50.031,50.031,50.031,101,0
20070913,49.734,49.734,49.658,49.658,418,0
20070914,49.591,49.591,49.591,49.591,205,0
20070917,49.196,49.398,49.196,49.398,418,0
20070918,49.687,50.262,49.687,50.262,623,0
20070919,50.676,50.878,50.676,50.878,833,0
20070920,50.763,50.782,50.695,50.695,2293,0
20070921,51.069,51.069,50.934,50.934,418,0
20070924,51.098,51.098,50.541,50.541,937,0
20070925,50.569,50.934,50.569,50.934,1458,0
20070926,51.28,51.28,51.146,51.146,3436,0
20070927,51.175,51.3,51.175,51.3,315,0
20070928,51.146,51.146,51.146,51.146,7293,0
20071001,51.54,51.54,51.54,51.54,101,0
20071002,51.702,51.702,51.702,51.702,101,0
20071003,51.933,51.933,51.598,51.598,1352,0
20071004,51.559,51.559,51.559,51.559,101,0
20071005,52.337,52.337,52.268,52.268,623,0
20071008,52.414,52.567,52.414,52.567,1978,0
20071009,52.434,52.73,52.405,52.73,1352,0
20071010,52.834,52.834,52.834,52.834,101,0
20071011,53.104,53.201,53.104,53.201,315,0
20071012,52.606,52.779,52.558,52.779,418,0
20071015,53.104,53.104,52.558,52.558,2918,0
20071016,52.45,52.46,52.346,52.346,520,0
20071017,53.009,53.048,52.854,52.854,6457,0
20071018,52.47,52.577,52.47,52.577,3643,0
20071019,52.067,52.145,51.492,51.675,4166,0
20071022,51.098,51.75,51.098,51.693,8021,0
20071023,52.04,52.221,51.943,52.221,9583,0
20071024,51.721,51.74,50.597,51.326,206328,0
20071025,51.74,51.992,51.234,51.234,3228,0
20071026,51.837,51.884,51.837,51.884,26662,0
20071029,52.414,52.45,52.25,52.25,2082,0
20071030,52.317,52.558,52.221,52.47,37183,0
20071031,52.597,53.009,52.597,53.009,2188,0
20071101,52.45,52.45,51.75,51.769,33225,0
20071102,52.049,52.067,51.972,51.992,11771,0
20071105,51.502,51.992,51.433,51.992,12601,0
20071106,51.559,51.721,51.559,51.712,52701,0
20071107,51.424,51.443,50.724,50.724,13853,0
20071108,49.975,50.128,48.965,49.841,12810,0
20071109,48.91,49.206,48.688,48.688,1667,0
20071112,48.429,48.545,48.025,48.025,2707,0
20071113,48.399,48.985,48.399,48.985,61345,0
20071114,49.284,49.284,48.813,48.813,9788,0
20071115,48.553,48.678,48.093,48.247,11665,0
20071116,48.025,48.572,48.025,48.572,26873,0
20071119,48.093,48.093,47.787,47.787,12601,0
20071120,47.978,48.285,46.845,47.345,17497,0
20071121,47.142,47.142,46.557,47.103,32910,0
20071123,47.17,47.17,46.99,46.99,3125,0
20071126,47.536,47.738,46.49,46.49,20726,0
20071127,46.902,46.902,46.892,46.892,1145,0
20071128,48.303,48.66,48.303,48.66,15521,0
20071129,48.506,48.506,48.506,48.506,101,0
20071130,48.975,48.975,48.073,48.073,65200,0
20071203,48.293,48.438,48.293,48.438,2707,0
20071204,47.988,48.093,47.988,47.988,12291,0
20071205,48.688,49.091,48.688,48.965,52701,0
20071206,49.206,49.629,49.072,49.552,10103,0
20071207,49.562,49.734,49.562,49.734,11457,0
20071210,49.955,50.051,49.955,50.051,833,0
20071211,50.157,50.157,49.332,49.332,8750,0
20071212,50.118,50.118,49.062,49.062,7395,0
20071213,49.159,49.167,48.736,49.167,4166,0
20071214,48.822,49.062,48.698,48.698,1352,0
20071217,48.409,48.409,47.767,47.767,4059,0
20071218,47.919,47.919,47.421,47.872,2605,0
20071219,47.824,48.102,47.824,48.102,205,0
20071220,48.467,48.64,48.276,48.64,1251,0
20071221,49.206,49.206,48.929,49.177,3020,0
20071224,49.341,49.341,49.341,49.341,205,0
20071226,49.275,49.446,49.196,49.446,6666,0
20071227,49.072,49.072,48.572,48.572,9059,0
20071228,48.506,48.708,48.506,48.708,6768,0
20071231,48.429,48.429,48.063,48.141,5623,0
20080102,47.738,47.738,47.066,47.066,1667,0
20080103,47.325,47.325,46.566,46.566,1561,0
20080104,45.99,45.99,44.549,44.647,7605,0
20080107,44.733,44.78,44.021,44.021,6977,0
20080108,44.618,44.618,43.071,43.071,1458,0
20080109,43.147,43.569,43.023,43.023,8645,0
20080110,43.177,43.725,43.177,43.341,16975,0
20080111,43.475,43.475,42.716,42.783,3643,0
20080114,43.091,43.504,43.091,43.504,5623,0
20080115,43.042,43.042,42.399,42.419,10522,0
20080116,42.101,42.957,41.843,42.745,14581,0
20080117,42.706,42.745,42.553,42.553,13228,0
20080118,42.081,42.245,41.756,41.833,13541,0
20080122,40.507,41.189,40.507,40.718,6768,0
20080123,39.846,40.921,39.23,40.921,1458,0
20080124,41.708,42.38,41.708,42.38,2082,0
20080125,43.081,43.081,41.785,41.919,26247,0
20080128,41.909,42.342,41.66,42.342,5207,0
20080129,42.389,42.389,42.389,42.389,1042,0
20080130,42.821,43.494,42.821,43.494,15933,0
20080131,42.264,43.322,42.264,43.263,19478,0
20080201,44.253,44.943,44.099,44.904,6768,0
20080204,44.627,44.627,44.377,44.377,5831,0
20080205,43.638,43.686,43.215,43.215,5417,0
20080206,43.215,43.215,43.215,43.215,5207,0
20080207,42.218,42.563,42.208,42.563,16145,0
20080208,42.495,42.831,42.495,42.755,24996,0
20080211,42.821,43.387,42.821,43.387,22914,0
20080212,43.647,43.954,43.312,43.312,24061,0
20080213,43.907,44.06,43.849,44.06,10831,0
20080214,44.07,44.224,43.465,43.465,24996,0
20080215,43.312,43.351,43.1,43.205,20832,0
20080219,43.322,43.322,42.994,42.994,520,0
20080220,42.994,43.551,42.994,43.551,10934,0
20080221,44.012,44.012,43.302,43.302,17706,0
20080222,43.36,43.446,42.696,43.446,20934,0
20080225,43.608,44.136,43.608,44.002,38536,0
20080226,43.963,44.559,43.868,44.328,26352,0
20080227,44.723,44.742,44.675,44.675,3436,0
20080228,44.263,44.3,43.821,43.821,16145,0
20080229,43.195,43.341,42.667,42.667,20519,0
20080304,41.909,42.293,41.909,42.293,12395,0
20080305,43.062,43.283,42.716,42.85,21873,0
20080306,42.821,42.821,42.063,42.063,4792,0
20080307,42.293,42.428,41.717,41.948,21976,0
20080310,41.843,41.843,41.209,41.266,15101,0
20080311,41.968,42.475,41.401,42.475,18016,0
20080312,42.976,42.976,42.332,42.332,623,0
20080313,41.948,42.639,41.948,42.639,20832,0
20080314,42.524,42.524,41.401,41.534,25205,0
20080317,40.065,41.276,40.065,41.276,29268,0
20080318,41.958,41.958,41.524,41.544,23123,0
20080319,42.764,42.764,41.524,41.524,1352,0
20080320,41.524,42.218,41.524,42.218,10103,0
20080324,43.234,43.234,43.205,43.205,833,0
20080331,41.968,41.968,41.968,41.968,205,0
20080401,43.436,43.436,43.436,43.436,101,0
20080402,43.792,43.792,43.792,43.792,101,0
20080403,44.021,44.136,44.021,44.136,2188,0
20080404,44.08,44.08,44.08,44.08,205,0
20080407,43.926,43.926,43.926,43.926,101,0
20080408,43.368,43.551,43.368,43.551,937,0
20080409,43.377,43.377,43.377,43.377,1042,0
20080410,43.973,43.973,43.934,43.934,520,0
20080411,43.177,43.177,42.63,42.63,623,0
20080414,42.495,42.649,42.495,42.649,1642,0
20080416,42.985,42.985,42.985,42.985,1042,0
20080417,43.446,43.446,43.446,43.446,1042,0
20080418,44.666,44.943,44.666,44.866,1875,0
20080421,45.021,45.317,45.021,45.317,262,0
20080422,44.377,44.377,44.146,44.146,205,0
20080423,44.848,44.848,44.848,44.848,101,0
20080424,45.087,46.018,44.953,45.797,2599,0
20080425,45.769,45.769,45.471,45.471,339,0
20080428,45.683,45.683,45.635,45.635,619,0
20080429,45.606,45.865,45.606,45.827,4550,0
20080430,46.038,46.038,45.241,45.251,16250,0
20080501,45.116,46.528,45.116,46.471,1722,0
20080502,47.305,47.305,46.355,46.374,2188,0
20080505,46.152,46.152,46,46,205,0
20080506,46.855,46.892,46.855,46.892,205,0
20080507,46.999,46.999,46.087,46.087,1042,0
20080508,46.067,46.096,46.048,46.096,4792,0
20080512,46.662,46.691,46.662,46.691,3125,0
20080513,46.932,46.932,46.932,46.932,101,0
20080514,47.709,47.805,47.709,47.787,2021,0
20080515,47.66,48.38,47.66,48.37,1513,0
20080516,48.621,48.63,48.553,48.63,30650,0
20080519,49.043,49.043,48.141,48.141,8514,0
20080520,47.544,47.65,47.526,47.65,5310,0
20080521,47.901,47.901,47.613,47.613,6249,0
20080522,47.027,47.266,47.027,47.219,10159,0
20080523,46.776,46.776,46.776,46.776,315,0
20080527,47.132,47.564,47.132,47.497,13336,0
20080528,47.824,47.824,47.526,47.526,623,0
20080529,48.005,48.313,48.005,48.303,4583,0
20080530,48.467,48.736,48.448,48.736,2396,0
20080602,47.718,47.834,47.544,47.834,927,0
20080603,48.247,48.247,47.613,47.853,2394,0
20080604,47.997,48.66,47.997,48.256,10206,0
20080605,48.458,48.929,48.458,48.92,3436,0
20080606,48.332,48.332,47.544,47.544,1772,0
20080609,47.056,47.345,47.017,47.142,9270,0
20080610,46.902,46.951,46.748,46.951,3125,0
20080611,46.681,46.681,45.75,45.75,2497,0
20080612,46.048,46.422,45.943,45.943,856,0
20080613,46.576,46.586,46.576,46.586,1192,0
20080616,46.767,47.17,46.767,47.17,353,0
20080617,46.951,46.951,46.614,46.614,418,0
20080618,46.23,46.23,45.807,45.943,8123,0
20080619,45.75,46.077,45.75,46.077,1458,0
20080620,45.884,45.884,45.701,45.74,2707,0
20080623,45.701,45.701,45.078,45.078,1145,0
20080624,45.204,45.413,45.011,45.021,44682,0
20080625,45.616,45.913,45.578,45.856,11388,0
20080626,44.647,44.647,44.117,44.146,2605,0
20080627,43.992,43.992,43.368,43.696,418,0
20080630,43.608,43.676,43.608,43.676,3125,0
20080701,42.957,43.293,42.563,43.263,10934,0
20080702,43.686,43.686,43.686,43.686,1042,0
20080703,42.745,42.745,42.15,42.428,8331,0
20080707,43.215,43.215,42.111,42.553,11788,0
20080708,42.639,42.889,42.361,42.889,15310,0
20080709,42.456,42.456,41.717,41.717,5000,0
20080710,40.622,41.909,40.622,41.909,9449,0
20080711,41.524,41.601,41.132,41.583,5191,0
20080714,41.217,41.217,41.132,41.132,520,0
20080715,40.44,41.151,40.44,41.151,544,0
20080716,41.227,42.352,40.959,42.283,8245,0
20080717,42.706,42.706,42.322,42.322,1978,0
20080718,42.889,42.889,42.889,42.889,101,0
20080721,42.706,42.706,42.504,42.504,2441,0
20080722,42.514,42.514,42.514,42.514,101,0
20080723,42.803,43.023,42.764,42.764,17497,0
20080725,42.121,42.121,42.121,42.121,101,0
20080728,41.852,41.852,41.459,41.459,477,0
20080729,41.689,42.293,41.689,42.293,5926,0
20080730,42.582,42.687,42.13,42.437,1917,0
20080731,42.716,42.716,42.236,42.236,735,0
20080801,42.428,42.428,41.891,41.891,237,0
20080804,43.559,43.559,41.785,41.881,9693,0
20080805,42.38,42.573,42.081,42.573,1458,0
20080806,42.504,43.455,42.485,43.36,6231,0
20080807,42.841,43.725,42.841,43.406,1671,0
20080808,43.387,44.328,43.368,44.273,4581,0
20080811,46.048,46.048,44.53,44.838,10493,0
20080812,46.51,46.51,44.454,44.51,11291,0
20080813,44.549,44.742,44.464,44.733,896,0
20080814,44.3,45.155,44.3,44.953,4711,0
20080815,46.528,46.528,44.914,45.336,4329,0
20080818,45.664,45.664,44.405,44.405,5006,0
20080819,45.827,45.827,43.743,43.743,7849,0
20080820,43.917,43.917,43.917,43.917,152,0
20080821,43.782,43.839,43.494,43.839,24684,0
20080822,44.166,44.166,44.166,44.166,101,0
20080825,45.336,45.336,43.599,43.599,6765,0
20080826,42.927,43.397,42.927,43.293,2293,0
20080827,45.087,45.087,43.579,43.868,537,0
20080828,43.973,44.224,43.973,44.224,2392,0
20080829,43.743,43.743,43.205,43.36,2343,0
20080902,45.069,45.069,42.831,42.831,6134,0
20080903,42.524,42.573,42.199,42.208,1681,0
20080904,41.286,41.459,40.892,40.921,2865,0
20080905,39.587,40.786,39.029,40.786,1157,0
20080908,41.18,41.295,40.69,40.69,5910,0
20080909,41.17,41.305,39.99,39.99,4426,0
20080910,40.374,40.374,40.084,40.084,654,0
20080911,39.374,40.132,39.374,40.019,2647,0
20080912,39.874,40.326,39.874,40.326,3125,0
20080915,37.022,40.056,37.022,38.971,8558,0
20080916,39.626,39.626,38.194,38.482,10032,0
20080917,38.116,38.923,37.502,37.502,61041,0
20080918,37.704,38.836,37.339,38.732,3332,0
20080919,41.524,41.524,40.009,40.009,833,0
20080922,39.644,39.644,38.242,38.242,1488,0
20080923,37.619,38.942,37.619,37.742,28270,0
20080924,37.791,37.925,37.791,37.925,315,0
20080925,38.377,38.694,38.377,38.626,3957,0
20080926,36.466,38.52,36.466,38.52,916,0
20080929,37.619,37.619,34.969,35.669,11985,0
20080930,35.985,36.628,35.985,36.618,6611,0
20081001,36.37,36.495,36.043,36.215,21377,0
20081002,35.314,35.314,34.449,34.459,5176,0
20081003,34.766,35.304,34.094,34.103,15728,0
20081006,34.21,34.21,30.896,32.261,13670,0
20081007,32,32,31.694,31.77,1042,0
20081008,29.572,31.224,29.572,30.82,6270,0
20081009,30.512,30.57,28.747,28.747,32718,0
20081010,28.439,29.649,25.894,28.948,29238,0
20081013,30.108,31.119,30.108,31.119,251,0
20081014,31.675,31.942,30.744,30.792,1910,0
20081015,30.053,30.053,30.053,30.053,520,0
20081016,29.043,29.043,26.951,28.967,2433,0
20081017,28.948,29.994,28.948,29.189,11040,0
20081020,29.543,29.976,29.428,29.976,3780,0
20081021,28.986,29.111,28.986,29.111,1320,0
20081022,28.151,28.151,26.884,26.884,4272,0
20081023,26.912,26.912,25.817,26.777,10290,0
20081024,23.907,26.491,23.907,26.403,14736,0
20081027,25.233,26.586,25.223,25.617,8613,0
20081028,25.865,27.661,25.865,27.661,1458,0
20081029,27.949,27.988,27.949,27.988,392,0
20081030,28.516,28.516,28.18,28.18,1470,0
20081031,28.516,29.102,28.41,29.102,835,0
20081103,28.775,28.775,28.775,28.775,1254,0
20081104,29.313,29.725,29.313,29.725,205,0
20081105,29.563,29.592,28.458,28.458,681,0
20081106,27.325,27.383,26.951,26.951,418,0
20081107,27.258,27.334,27.104,27.229,5199,0
20081110,27.67,27.67,27.325,27.325,1179,0
20081111,25.733,25.733,25.733,25.733,1042,0
20081113,23.897,25.733,23.897,25.733,2820,0
20081117,24.214,24.724,23.907,24.147,7927,0
20081120,21.957,22.668,21.9,22.668,5661,0
20081121,22.026,22.208,20.825,22.198,4685,0
20081124,22.754,23.292,22.754,23.284,4146,0
20081125,23.792,23.811,23.292,23.609,20995,0
20081126,24.493,24.838,24.493,24.838,593,0
20081203,24.378,24.772,24.176,24.772,5453,0
20081204,24.214,24.387,24.214,24.387,1881,0
20081205,24.493,24.578,24.493,24.578,1263,0
20081208,25.233,25.233,25.233,25.233,205,0
20081209,25.655,25.655,25.655,25.655,125,0
20081211,25.846,25.865,25.846,25.865,290,0
20081212,25.068,25.665,25.068,25.665,2394,0
20081215,25.826,25.826,25.011,25.011,520,0
20081216,25.778,26.442,25.617,26.413,12148,0
20081217,26.326,26.738,26.326,26.567,1318,0
20081218,26.307,26.307,26.173,26.173,205,0
20081219,26.164,26.471,26.164,26.471,205,0
20081222,25.981,25.981,25.252,25.271,730,0
20081223,25.319,25.319,24.914,24.914,667,0
20081224,24.914,25.04,24.914,25.04,1790,0
20081226,25.289,25.289,25.03,25.03,6459,0
20081229,24.944,24.944,24.578,24.704,12624,0
20081230,25.107,25.559,25.107,25.559,10942,0
20081231,25.511,26.078,25.511,26.068,38811,0
20090105,28.112,28.112,27.113,27.526,430,0
20090107,28.046,28.141,27.708,27.708,3072,0
20090108,27.229,27.911,27.229,27.911,6404,0
20090109,27.536,27.536,27.161,27.2,6583,0
20090112,26.529,26.529,26.529,26.529,1351,0
20090113,26.596,26.596,26.23,26.461,3125,0
20090114,25.501,25.501,25.501,25.501,105,0
20090115,24.801,25.933,24.801,25.733,5935,0
20090116,25.694,26.145,25.511,26.145,1952,0
20090120,25.778,25.924,24.53,24.53,1529,0
20090121,25.021,25.021,24.792,24.792,367,0
20090122,25.06,25.166,24.944,24.944,833,0
20090123,25.52,25.559,25.52,25.559,205,0
20090126,26.117,26.183,25.75,25.75,6208,0
20090127,26.164,26.164,26.164,26.164,418,0
20090128,27.239,27.239,26.999,27.151,3363,0
20090129,26.606,26.606,26.193,26.193,1355,0
20090130,25.713,25.875,25.375,25.375,2191,0
20090203,25.55,25.55,25.55,25.55,315,0
20090205,25.807,27.151,25.807,26.875,4166,0
20090206,26.951,27.46,26.951,27.46,1749,0
20090209,27.642,27.642,27.623,27.623,1458,0
20090210,27.325,27.334,26.23,26.23,3856,0
20090211,26.078,26.269,25.962,26.21,3197,0
20090212,25.933,26.374,25.713,26.374,4375,0
20090213,26.615,26.912,26.615,26.912,470,0
20090219,24.733,24.733,24.493,24.493,1561,0
20090220,24.033,24.511,24.033,24.483,2191,0
20090223,23.897,23.897,23.897,23.897,1042,0
20090224,23.888,24.224,23.888,24.224,315,0
20090225,24.07,24.07,24.033,24.033,315,0
20090226,25.05,25.05,25.05,25.05,315,0
20090227,24.435,24.483,24.34,24.368,11665,0
20090302,22.938,22.938,22.938,22.938,126,0
20090303,23.177,23.177,23.177,23.177,101,0
20090304,23.974,23.974,23.811,23.811,418,0
20090305,23.705,23.705,23.13,23.187,5451,0
20090306,23.254,23.254,22.495,22.631,1693,0
20090309,22.832,22.832,22.745,22.745,937,0
20090311,24.464,24.598,24.282,24.368,4792,0
20090312,24.464,25.28,24.464,25.28,5963,0
20090316,25.655,25.655,24.991,24.991,2702,0
20090317,25.107,25.107,25.107,25.107,101,0
20090318,26.288,27.048,26.288,26.951,2257,0
20090319,31.377,31.377,26.816,26.816,1119,0
20090320,26.738,26.738,26.738,26.738,937,0
20090323,30.849,30.849,26.989,26.989,553,0
20090324,26.989,27.642,26.931,27.229,10206,0
20090325,27.642,28.008,26.748,27.249,18874,0
20090326,28.689,28.823,28.535,28.803,11204,0
20090327,28.679,28.679,28.141,28.161,8963,0
20090330,26.576,27.239,26.576,26.836,3477,0
20090331,27.364,27.699,27.364,27.699,3703,0
20090401,31.405,31.405,27.028,27.603,1773,0
20090402,28.851,29.476,28.65,29.476,2080,0
20090403,29.131,29.686,29.131,29.62,1935,0
20090406,28.803,28.803,28.803,28.803,101,0
20090407,28.275,28.324,28.275,28.324,1352,0
20090409,29.63,29.669,29.63,29.669,2082,0
20090413,29.686,29.686,29.686,29.686,122,0
20090414,29.514,29.889,29.514,29.553,861,0
20090415,29.284,29.284,29.092,29.159,3631,0
20090416,29.879,30.503,29.879,30.397,3465,0
20090417,31.011,31.011,30.57,30.696,2105,0
20090420,29.389,29.592,29.389,29.533,1360,0
20090421,29.62,29.822,29.543,29.773,833,0
20090422,30.053,31.001,30.053,30.754,2337,0
20090423,31.684,31.684,30.176,30.176,5842,0
20090424,30.541,31.386,30.541,31.386,2293,0
20090427,30.877,30.877,30.877,30.877,1042,0
20090428,31.444,31.444,30.792,30.858,2733,0
20090429,31.329,31.655,31.329,31.405,7909,0
20090430,30.55,33.125,30.55,31.704,7544,0
20090501,31.492,31.905,31.415,31.684,106153,0
20090504,32.578,32.74,32.529,32.74,105458,0
20090505,33.912,33.912,32.326,32.864,10074,0
20090506,33.797,33.797,32.452,32.903,9942,0
20090507,33.777,33.777,30.282,31.742,7067,0
20090508,31.952,31.952,31.522,31.714,5183,0
20090511,31.684,31.876,30.964,31.588,7152,0
20090512,31.732,31.732,30.906,31.165,3591,0
20090513,30.512,30.57,29.985,30.157,5808,0
20090514,30.666,30.896,30.666,30.725,2297,0
20090515,31.04,31.04,30.627,30.627,1512,0
20090518,31.011,31.559,31.011,31.549,999,0
20090519,31.655,32.298,31.655,32.279,2341,0
20090520,32.184,32.674,32.184,32.336,2303,0
20090521,31.684,31.684,31.233,31.233,807,0
20090522,31.473,31.559,31.473,31.539,1475,0
20090526,31.405,32.346,31.405,32.261,15608,0
20090527,32.627,32.787,32.529,32.529,2925,0
20090528,31.933,32.336,31.933,32.326,623,0
20090529,32.48,32.874,32.279,32.874,3570,0
20090601,33.413,34.22,33.413,34.132,23666,0
20090602,33.806,34.22,33.574,33.797,9228,0
20090603,33.509,33.509,33.01,33.058,51946,0
20090604,33.69,34.027,33.594,34.027,6195,0
20090605,33.892,34.123,33.71,33.816,18641,0
20090608,33.661,33.661,33.125,33.229,2507,0
20090609,33.836,34.314,33.816,34.267,10993,0
20090610,34.392,34.392,34.065,34.248,2359,0
20090611,34.181,34.469,34.181,34.239,2324,0
20090612,34.085,34.085,33.537,33.594,5891,0
20090615,33.642,33.642,33.058,33.191,29996,0
20090616,33.238,33.238,32.778,32.845,8648,0
20090617,32.655,33.029,32.646,32.893,1580,0
20090618,32.749,32.749,32.413,32.578,1130,0
20090619,32.835,32.991,32.655,32.655,949,0
20090622,32.529,32.558,31.78,31.78,1260,0
20090623,31.742,31.8,31.396,31.684,148882,0
20090624,32.403,32.403,32.308,32.308,73982,0
20090625,32.019,32.73,31.867,32.73,10210,0
20090626,32.758,32.787,32.701,32.768,6720,0
20090629,32.981,33.019,32.942,32.942,2093,0
20090630,33.277,33.277,32.588,32.787,3459,0
20090701,32.962,33.346,32.962,33.096,6485,0
20090702,32.5,32.51,32.375,32.394,4322,0
20090706,32.126,32.126,31.655,31.761,5152,0
20090707,31.752,31.761,31.148,31.156,13156,0
20090708,31.138,31.138,30.627,30.686,6075,0
20090709,31.194,31.655,31.194,31.492,5814,0
20090710,31.301,31.559,31.301,31.559,32106,0
20090713,31.309,32.078,31.165,32.049,3160,0
20090714,32.298,32.336,32.298,32.336,435,0
20090715,33.134,33.739,33.134,33.739,3330,0
20090716,33.671,34.333,33.671,34.333,1949,0
20090717,34.372,34.564,34.161,34.517,4540,0
20090720,34.91,35.044,34.834,35.044,32251,0
20090721,35.101,35.101,34.633,35.016,5113,0
20090722,34.737,35.352,34.737,35.333,2799,0
20090723,35.236,36.121,35.199,36.014,10432,0
20090724,35.659,36.102,35.362,36.102,5808,0
20090727,36.072,36.102,35.899,36.102,3794,0
20090728,35.909,36.215,35.87,36.215,4178,0
20090729,35.909,35.966,35.689,35.966,5106,0
20090730,36.562,36.562,36.092,36.244,3059,0
20090731,36.141,36.215,36.121,36.205,2537,0
20090803,36.312,36.476,36.195,36.476,4263,0
20090804,36.35,36.714,36.35,36.686,6854,0
20090805,36.802,36.802,36.195,36.476,8504,0
20090806,36.224,36.234,36.112,36.195,2744,0
20090807,36.505,36.763,36.505,36.543,1250,0
20090810,36.486,36.515,36.15,36.37,3842,0
20090811,36.264,36.264,35.88,36.063,2547,0
20090812,36.628,36.936,36.628,36.793,8770,0
20090813,36.983,37.225,36.879,37.225,77097,0
20090814,36.744,36.744,36.437,36.706,1705,0
20090817,35.966,36.004,35.64,35.64,14861,0
20090818,35.689,36.205,35.689,36.141,73886,0
20090819,35.746,36.456,35.524,36.312,20309,0
20090820,36.302,36.628,36.302,36.618,7358,0
20090821,36.889,37.357,36.889,37.357,12052,0
20090824,37.464,37.647,37.186,37.186,11200,0
20090825,37.406,37.464,37.292,37.292,2773,0
20090826,37.348,37.57,37.33,37.531,1481,0
20090827,36.974,37.609,36.974,37.609,8317,0
20090828,38.155,38.443,37.676,37.877,4491,0
20090831,37.541,37.541,37.196,37.282,6286,0
20090901,37.348,37.357,36.505,36.525,103589,0
20090902,36.389,36.505,36.389,36.427,98032,0
20090903,36.676,36.879,36.57,36.879,28921,0
20090904,37.215,37.647,37.215,37.647,1364,0
20090908,38.136,38.223,37.867,38.223,25537,0
20090909,38.732,38.817,38.52,38.742,2732,0
20090910,39.384,39.403,39.259,39.403,1257,0
20090911,39.49,39.577,39.249,39.433,99211,0
20090914,39.288,39.549,39.22,39.549,98665,0
20090915,39.616,39.836,39.616,39.768,1708,0
20090916,39.952,40.297,39.846,40.297,10653,0
20090917,40.21,40.384,39.913,40.065,25239,0
20090918,40.122,40.258,39.952,40.161,10992,0
20090921,39.932,40.258,39.923,40.191,5932,0
20090922,40.413,40.489,40.268,40.345,4739,0
20090923,40.584,41.084,40.307,40.307,7347,0
20090924,40.527,40.527,39.49,39.68,1295,0
20090925,39.69,39.69,39.297,39.49,2683,0
20090928,39.729,40.345,39.729,40.229,5105,0
20090929,40.345,40.345,39.893,40.009,2541,0
20090930,39.596,40.2,39.596,39.99,4659,0
20091001,39.826,39.826,38.769,38.808,22018,0
20091002,38.126,38.529,38.126,38.385,70087,0
20091005,38.655,39.01,38.587,39.01,2723,0
20091006,39.249,39.748,39.249,39.5,10713,0
20091007,39.529,39.606,39.403,39.558,3134,0
20091008,39.961,40.104,39.758,39.903,16263,0
20091009,40.094,40.45,40.094,40.45,2874,0
20091012,40.69,40.978,40.527,40.681,14219,0
20091013,40.748,40.882,40.469,40.69,6530,0
20091014,41.391,41.401,41.093,41.391,40779,0
20091015,41.199,41.199,40.902,41.036,14452,0
20091016,40.834,40.902,40.335,40.642,21316,0
20091019,40.815,41.217,40.681,41.151,5521,0
20091020,41.41,41.41,40.863,41.017,4538,0
20091021,41.007,41.544,41.007,41.074,11668,0
20091022,40.681,41.132,40.258,41.065,9810,0
20091023,40.612,40.612,40.364,40.374,6180,0
20091026,40.45,40.959,40.056,40.075,4360,0
20091027,40.094,40.094,39.51,39.51,23354,0
20091028,39.335,39.335,38.539,38.539,11028,0
20091029,39.01,39.481,38.99,39.481,9803,0
20091030,39.201,39.345,38.29,38.549,14032,0
20091102,38.492,38.808,38.098,38.567,6445,0
20091103,38.357,38.655,38.05,38.597,7428,0
20091104,38.894,39.288,38.894,39.155,7518,0
20091105,39.709,39.807,39.626,39.7,3204,0
20091106,39.596,39.923,39.596,39.855,318359,0
20091109,40.132,40.805,40.047,40.805,19164,0
20091110,40.767,40.873,40.546,40.671,29046,0
20091111,40.968,40.988,40.834,40.978,3823,0
20091112,41.151,41.199,40.843,40.863,22258,0
20091113,40.921,41.247,40.796,41.189,4521,0
20091116,41.66,41.899,41.66,41.766,14358,0
20091117,41.593,41.833,41.43,41.833,7658,0
20091118,41.699,41.699,41.286,41.516,23436,0
20091119,41.16,41.16,40.393,40.7,11395,0
20091120,40.393,40.393,40.161,40.364,3960,0
20091123,40.796,41.17,40.796,40.882,6210,0
20091124,40.902,40.902,40.584,40.777,6518,0
20091125,40.95,41.045,40.882,41.036,7964,0
20091127,38.213,40.546,38.021,40.268,6054,0
20091130,40.104,40.316,39.893,40.277,5848,0
20091201,40.95,41.217,40.95,41.045,7764,0
20091202,41.18,41.534,41.18,41.237,10721,0
20091203,41.189,41.497,41.189,41.276,1625,0
20091204,42.014,42.014,41.42,41.795,4717,0
20091207,42.14,42.14,41.804,41.833,5296,0
20091208,41.266,41.776,41.256,41.573,7143,0
20091209,41.41,41.785,41.315,41.785,4533,0
20091210,41.938,42.034,41.814,41.833,9025,0
20091211,41.948,41.976,41.601,41.67,2293,0
20091214,42.014,42.245,41.852,42.227,214977,0
20091215,42.283,42.322,41.976,42.073,226538,0
20091216,42.303,43.003,42.303,42.465,13946,0
20091217,42.293,42.293,41.938,42.024,27372,0
20091218,42.264,42.504,42.034,42.495,15808,0
20091221,42.726,43.139,42.726,43.062,12070,0
20091222,43.205,43.416,43.205,43.377,21697,0
20091223,43.541,43.772,43.455,43.743,380271,0
20091224,43.859,44.156,43.801,44.156,15824,0
20091228,44.283,44.283,43.849,44.031,8998,0
20091229,44.09,44.09,43.917,43.963,4694,0
20091230,44.09,44.273,44.09,44.263,4680,0
20091231,44.328,44.328,43.926,43.926,10172,0
20100104,44.338,44.579,44.3,44.425,8704,0
20100105,44.473,44.598,44.357,44.54,18132,0
20100106,44.51,44.666,44.405,44.425,5750,0
20100107,44.377,44.377,44.012,44.263,9890,0
20100108,44.127,44.588,44.117,44.588,8417,0
20100111,44.675,44.675,44.253,44.415,15840,0
20100112,44.099,44.109,43.455,43.657,30296,0
20100113,43.801,44.328,43.406,44.273,13131,0
20100114,44.117,44.348,44.07,44.328,12660,0
20100115,44.292,44.292,43.312,43.485,15195,0
20100119,43.579,44.175,43.579,44.175,9214,0
20100120,43.752,43.752,43.129,43.628,15340,0
20100121,43.36,43.504,43.205,43.377,6075,0
20100122,43.139,43.177,41.65,41.66,41776,0
20100125,41.891,42.111,41.727,41.909,19291,0
20100126,41.899,42.312,41.899,42.014,3827,0
20100127,41.766,42.189,41.737,42.189,8556,0
20100128,42.15,42.15,40.805,41.112,13973,0
20100129,41.247,41.247,40.094,40.191,16797,0
20100201,40.459,41.112,40.459,41.112,5847,0
20100202,41.256,41.621,41.065,41.621,39766,0
20100203,41.315,41.621,41.315,41.621,4959,0
20100204,41.286,41.286,40.277,40.287,5780,0
20100205,40.277,40.517,39.709,40.517,17382,0
20100208,40.479,40.902,40.45,40.497,3877,0
20100209,40.843,40.997,40.497,40.748,9289,0
20100210,40.728,40.863,40.469,40.709,4334,0
20100211,40.671,41.362,40.497,41.305,3630,0
20100212,40.892,41.516,40.748,41.324,6509,0
20100216,41.699,42.13,41.679,42.053,9285,0
20100217,42.283,42.283,42.101,42.273,7100,0
20100218,42.121,42.524,42.121,42.485,19108,0
20100219,42.485,42.803,42.332,42.696,3789,0
20100222,42.773,42.773,42.465,42.465,4223,0
20100223,42.371,42.371,41.67,41.881,5028,0
20100224,42.063,42.543,42.063,42.312,3825,0
20100225,41.766,42.312,41.478,42.312,8572,0
20100226,41.995,42.428,41.968,42.352,26538,0
20100301,42.465,43.273,42.465,43.273,7585,0
20100302,43.465,43.532,43.186,43.254,27836,0
20100303,43.494,43.725,43.341,43.416,8679,0
20100304,43.283,43.387,43.062,43.387,4048,0
20100305,43.782,44.243,43.743,44.195,9680,0
20100308,44.319,44.367,44.273,44.319,3384,0
20100309,44.136,44.742,44.136,44.51,154408,0
20100310,44.78,45.059,44.78,44.894,2753,0
20100311,44.848,44.943,44.713,44.923,10594,0
20100312,45.185,45.185,44.904,44.972,320901,0
20100315,44.982,44.982,44.618,44.866,19428,0
20100316,44.962,45.278,44.894,45.278,34260,0
20100317,45.443,45.943,45.443,45.75,20184,0
20100318,45.75,45.75,45.491,45.626,6427,0
20100319,45.75,45.75,44.923,45.069,18884,0
20100322,44.838,45.664,44.838,45.664,4182,0
20100323,45.75,46.162,45.701,46.162,23270,0
20100324,46.096,46.096,45.559,45.578,11272,0
20100325,46.01,46.162,45.443,45.443,129641,0
20100326,45.549,45.74,45.146,45.433,12550,0
20100329,45.683,45.683,45.423,45.51,29251,0
20100330,45.616,45.807,45.317,45.73,5705,0
20100331,45.481,45.75,45.395,45.481,17480,0
20100401,45.923,46.057,45.251,45.443,38445,0
20100405,45.692,46.326,45.597,46.297,16800,0
20100406,46.067,46.48,46.067,46.374,5576,0
20100407,46.335,46.441,46.018,46.116,6078,0
20100408,46.106,46.106,45.626,46.038,3444,0
20100409,46.126,46.461,46.057,46.441,6665,0
20100412,46.412,46.815,46.412,46.642,6272,0
20100413,46.518,46.786,46.518,46.767,17470,0
20100414,47.027,47.891,47.027,47.872,418252,0
20100415,47.862,48.093,47.738,47.997,10861,0
20100416,47.767,47.862,47.046,47.374,20554,0
20100419,47.335,47.345,46.538,47.151,24900,0
20100420,47.276,47.777,47.248,47.758,35392,0
20100421,47.939,47.997,47.354,47.709,46911,0
20100422,46.961,48.161,46.874,48.093,41209,0
20100423,48.105,48.461,47.941,48.461,4809,0
20100426,48.458,48.65,48.323,48.429,12273,0
20100427,48.285,48.467,47.19,47.248,18985,0
20100428,47.497,47.573,46.99,47.421,11821,0
20100429,47.65,48.083,47.573,48.083,16845,0
20100430,47.843,47.843,46.48,46.48,12781,0
20100503,46.951,47.458,46.806,47.305,5661,0
20100504,46.518,46.518,45.423,45.894,31840,0
20100505,45.405,46.067,45.087,45.588,65713,0
20100506,45.288,45.51,40.326,44.08,25356,0
20100507,43.686,44.07,42.283,43.062,41545,0
20100510,45.011,45.346,44.923,45.336,15466,0
20100511,44.933,45.884,44.856,45.423,12771,0
20100512,45.405,46.191,45.405,46.191,14011,0
20100513,46.018,46.538,45.5,45.597,28483,0
20100514,45.136,45.136,43.963,44.405,42029,0
20100517,44.501,44.752,43.743,44.752,23945,0
20100518,44.933,44.933,43.638,43.934,54435,0
20100519,43.868,43.888,43.1,43.667,19340,0
20100520,42.773,42.947,41.919,42.063,144644,0
20100521,41.334,43.205,41.16,42.899,56036,0
20100524,42.534,43.062,42.475,42.475,13574,0
20100525,41.391,42.456,40.988,42.456,61283,0
20100526,42.745,43.416,42.312,42.38,29163,0
20100527,43.436,44.099,43.283,44.099,278641,0
20100528,43.934,43.973,43.205,43.706,67499,0
20100601,43.263,43.735,42.534,42.573,56744,0
20100602,42.773,43.647,42.573,43.647,24228,0
20100603,43.657,44.415,43.657,44.357,32281,0
20100604,43.551,43.859,42.399,42.524,17233,0
20100607,42.726,42.821,41.468,41.524,7426,0
20100608,41.573,41.573,40.825,41.544,21198,0
20100609,41.746,42.456,41.324,41.324,12005,0
20100610,42.352,42.735,42.13,42.726,9890,0
20100611,42.524,43.273,42.419,43.273,6863,0
20100614,43.782,43.888,43.224,43.224,10438,0
20100615,43.368,44.819,43.368,44.819,44920,0
20100616,44.559,44.992,44.348,44.723,16616,0
20100617,44.982,44.982,44.454,44.962,7771,0
20100618,45.069,45.097,44.771,44.894,4727,0
20100621,45.356,45.395,44.348,44.569,36734,0
20100622,44.618,45.395,43.829,43.934,60127,0
20100623,43.715,44.195,43.465,43.907,22117,0
20100624,43.735,43.735,42.783,42.841,62071,0
20100625,42.706,43.109,42.361,42.947,11534,0
20100628,43.042,43.322,42.696,42.927,18572,0
20100629,42.227,42.227,40.882,41.17,25399,0
20100630,41.112,41.305,40.476,40.486,23990,0
20100701,40.527,40.671,39.606,40.507,112305,0
20100702,40.469,40.612,39.942,40.229,10029,0
20100706,40.825,41.256,40.2,40.384,21068,0
20100707,40.364,41.968,40.364,41.958,11388,0
20100708,42.563,42.563,41.727,42.179,9417,0
20100709,42.255,42.524,42.236,42.514,2949,0
20100712,42.409,42.899,42.361,42.687,5372,0
20100713,43.109,43.715,43.109,43.579,18848,0
20100714,43.676,44.09,43.579,43.752,12656,0
20100715,43.647,43.801,43.205,43.801,4512,0
20100716,43.494,43.494,42.371,42.485,16713,0
20100719,42.831,43.032,42.582,42.918,32353,0
20100720,42.245,43.426,42.15,43.416,32336,0
20100721,43.752,43.752,42.543,42.639,9808,0
20100722,43.36,43.926,43.36,43.715,18827,0
20100723,43.657,44.283,43.426,44.253,7062,0
20100726,44.328,44.733,44.214,44.733,8239,0
20100727,45.001,45.001,44.395,44.51,10608,0
20100728,44.377,44.51,43.944,44.012,15398,0
20100729,44.234,44.234,43.081,43.638,8605,0
20100730,43.071,43.322,42.773,43.263,14773,0
20100802,43.829,44.127,43.829,44.08,5240,0
20100803,43.907,43.934,43.706,43.772,21412,0
20100804,44.031,44.377,43.667,44.348,50475,0
20100805,44.146,44.175,43.839,44.07,6668,0
20100806,43.735,44.021,43.426,43.954,11004,0
20100809,43.992,44.253,43.992,44.253,3040,0
20100810,43.569,43.829,43.244,43.551,721512,0
20100811,42.687,42.726,42.091,42.264,12980,0
20100812,41.468,41.621,41.017,41.534,43797,0
20100813,41.334,41.66,41.334,41.371,38611,0
20100816,41.132,41.66,41.132,41.41,5106,0
20100817,41.899,42.342,41.899,42.024,38490,0
20100818,41.919,42.447,41.861,42.293,5620,0
20100819,42.342,42.399,41.909,42.227,2837,0
20100820,42.044,42.322,41.976,42.283,8811,0
20100823,42.236,42.236,41.861,41.861,14186,0
20100824,41.256,41.516,41.074,41.217,50934,0
20100825,40.882,41.631,40.21,41.459,18294,0
20100826,41.814,41.814,41.084,41.16,21852,0
20100827,41.468,41.948,40.805,41.899,10459,0
20100830,41.785,41.871,41.189,41.189,8703,0
20100831,40.805,41.19,40.7,40.853,4610,0
20100901,41.679,42.264,41.65,42.16,6448,0
20100902,42.602,42.899,42.543,42.889,14137,0
20100903,43.293,43.686,43.081,43.524,14341,0
20100907,43.302,43.302,43.003,43.081,11517,0
20100908,43.062,43.387,43.032,43.322,7977,0
20100909,43.676,43.686,43.205,43.312,4600,0
20100910,43.283,43.446,42.966,43.254,25369,0
20100913,43.898,44.195,43.898,44.117,790,0
20100914,44.569,44.79,44.464,44.559,6286,0
20100915,44.367,44.627,44.283,44.627,4663,0
20100916,44.647,44.923,44.549,44.923,6071,0
20100917,45.214,45.214,44.51,45.001,8180,0
20100920,45.395,45.807,45.307,45.73,3884,0
20100921,45.626,45.943,45.423,45.588,27657,0
20100922,45.395,45.462,44.828,44.914,15954,0
20100923,44.656,45.462,44.656,45.001,10193,0
20100924,45.606,46.268,45.606,46.268,3103,0
20100927,46.181,46.49,46.144,46.144,3910,0
20100928,46.287,46.5,45.588,46.5,18619,0
20100929,46.605,46.739,46.471,46.614,5004,0
20100930,46.864,47.21,46.115,46.412,7795,0
20101001,46.729,46.758,46.152,46.278,9627,0
20101004,46.152,46.191,45.433,45.75,9611,0
20101005,46.307,46.941,46.307,46.941,12366,0
20101006,46.806,46.806,45.759,45.827,4111,0
20101007,46.126,46.162,45.971,46.135,2071,0
20101008,45.923,46.48,45.923,46.48,3395,0
20101011,46.48,46.845,46.48,46.49,8999,0
20101012,46.422,46.98,46.24,46.932,10242,0
20101013,47.083,47.403,47.083,47.305,2999,0
20101014,47.345,47.421,47.017,47.093,6809,0
20101015,47.544,47.544,47.257,47.517,2036,0
20101018,47.536,47.583,47.345,47.573,4513,0
20101019,46.99,47.383,46.614,46.729,6368,0
20101020,47.132,47.497,46.902,47.315,14418,0
20101021,47.517,47.699,46.902,47.296,21121,0
20101022,47.613,47.949,47.573,47.872,3040,0
20101025,48.112,48.516,48.073,48.332,45609,0
20101026,48.015,48.122,47.622,48.063,5271,0
20101027,47.805,48.188,47.805,48.188,12301,0
20101028,48.496,48.496,48.093,48.323,2340,0
20101029,48.444,48.781,48.444,48.724,4919,0
20101101,48.92,49.062,48.399,48.63,9142,0
20101102,48.975,49.052,48.956,49.052,2458,0
20101103,49.043,49.149,48.717,49.149,5914,0
20101104,49.926,50.138,49.926,50.09,5358,0
20101105,50.272,50.407,50.138,50.388,11786,0
20101108,50.33,50.464,50.292,50.378,25257,0
20101109,50.436,50.569,50.024,50.031,6768,0
20101110,49.734,50.233,49.734,50.233,5112,0
20101111,49.484,49.754,48.947,49.696,9603,0
20101112,49.436,49.754,48.822,49.167,6595,0
20101115,49.36,49.36,48.937,48.995,3670,0
20101116,48.708,48.708,47.814,47.814,7520,0
20101117,47.997,48.303,47.958,48.054,32687,0
20101118,48.563,49.177,48.563,49.005,17794,0
20101119,48.965,49.436,48.965,49.37,7660,0
20101122,49.12,49.734,49.12,49.734,10116,0
20101123,49.332,49.332,48.92,49.139,40971,0
20101124,49.465,50.138,49.465,50.09,8773,0
20101126,50.004,50.07,49.897,50.014,2380,0
20101129,49.572,49.677,49.043,49.591,24857,0
20101130,49.153,49.153,48.875,49.095,8242,0
20101201,49.849,50.446,49.849,50.378,5135,0
20101202,50.522,51.059,50.436,51.01,38635,0
20101203,50.953,51.414,50.934,51.346,7442,0
20101206,51.346,51.356,51.04,51.336,6433,0
20101207,51.933,51.933,51.463,51.463,4530,0
20101208,51.817,52.001,51.424,51.982,18277,0
20101209,52.211,52.211,51.712,51.914,20036,0
20101210,51.894,52.174,51.856,52.135,41031,0
20101213,52.346,52.356,52.059,52.059,6263,0
20101214,51.904,52.086,51.712,51.827,7804,0
20101215,51.721,51.943,51.394,51.414,24001,0
20101216,51.404,51.866,51.404,51.693,7595,0
20101217,51.702,51.837,51.665,51.75,3622,0
20101220,51.847,51.894,51.453,51.693,12163,0
20101221,52.001,52.115,51.856,52.076,8657,0
20101222,52.125,52.125,51.894,52.011,13420,0
20101223,51.847,51.953,51.759,51.798,14714,0
20101227,51.788,52.059,51.657,51.904,30291,0
20101228,52.049,52.049,51.657,51.759,10296,0
20101229,51.991,52.04,51.816,51.816,10191,0
20101230,51.991,52,51.835,51.991,6271,0
20101231,51.694,51.76,51.589,51.628,22276,0
20110103,52.221,52.711,52.154,52.424,7046,0
20110104,52.519,52.587,52.067,52.288,7948,0
20110105,52.24,52.825,52.201,52.825,6968,0
20110106,53.038,53.412,53.038,53.306,11350,0
20110107,53.451,53.451,52.807,53.172,11567,0
20110110,53.095,53.316,52.903,53.316,5910,0
20110111,53.432,53.461,53.191,53.402,19089,0
20110112,53.69,53.978,53.546,53.94,5952,0
20110113,54.151,54.209,53.845,54.026,11309,0
20110114,54.16,54.833,54.054,54.833,14100,0
20110118,54.958,55.159,54.833,55.159,46587,0
20110119,54.841,55.034,54.141,54.315,17682,0
20110120,54.016,54.016,53.057,53.622,19140,0
20110121,54.083,54.112,53.363,53.393,37585,0
20110124,53.566,54.268,53.48,54.248,24708,0
20110125,54.006,54.006,53.528,53.815,22998,0
20110126,54.026,54.325,53.845,54.268,15891,0
20110127,54.593,54.737,54.41,54.612,11675,0
20110128,54.785,54.785,53.143,53.335,39473,0
20110131,53.245,53.767,53.16,53.69,16050,0
20110201,54.449,55.016,54.315,54.958,15799,0
20110202,55.016,55.524,54.929,55.409,23597,0
20110203,55.447,55.591,54.948,55.515,38581,0
20110204,55.745,56.254,55.591,56.177,47738,0
20110207,56.436,56.733,56.273,56.378,51111,0
20110208,56.714,56.714,56.177,56.522,29293,0
20110209,56.368,56.648,56.013,56.244,31821,0
20110210,55.88,56.638,55.667,56.59,13090,0
20110211,56.504,57.098,56.312,57.041,41745,0
20110214,57.253,57.434,57.012,57.224,42909,0
20110215,57.176,57.176,56.618,56.667,77137,0
20110216,57.098,57.482,56.936,57.396,21482,0
20110218,57.827,57.865,57.415,57.695,15055,0
20110222,56.657,56.992,55.706,55.88,24472,0
20110223,55.765,55.765,54.371,54.919,39710,0
20110224,54.689,55.495,54.603,55.391,24905,0
20110225,55.88,56.446,55.88,56.368,19586,0
20110228,56.461,56.749,55.689,56.152,21592,0
20110301,56.587,56.587,55.068,55.135,8291,0
20110302,55.268,55.769,54.913,55.5,17590,0
20110303,56.232,56.597,56.038,56.472,30936,0
20110304,56.58,56.58,55.726,56.081,49448,0
20110307,56.495,57.608,54.583,55.159,20928,0
20110308,55.477,55.955,54.986,55.6,17434,0
20110309,54.88,55.524,54.612,54.709,15096,0
20110310,54.432,54.432,53.53,53.682,17038,0
20110311,53.52,54.153,53.297,53.999,25690,0
20110314,53.767,54.17,53.593,53.884,12681,0
20110315,52.424,53.49,52.04,53.247,33928,0
20110316,52.864,53.363,51.817,52.201,14769,0
20110317,53.05,53.05,52.51,52.617,11808,0
20110318,53.365,53.365,52.519,52.642,31732,0
20110321,53.297,53.808,53.297,53.604,8218,0
20110322,53.5,53.558,53.182,53.182,6931,0
20110323,53.219,53.798,52.893,53.701,19884,0
20110324,54.338,55,54.202,55,19228,0
20110325,55.058,55.259,54.865,54.865,19635,0
20110328,55.183,55.183,54.75,54.75,4949,0
20110329,54.374,55.038,54.28,55.028,8945,0
20110330,55.423,55.423,55.077,55.317,7508,0
20110331,55.205,55.281,55.03,55.175,21216,0
20110401,55.347,55.567,54.827,54.913,13517,0
20110404,55.028,55.087,54.432,54.655,6988,0
20110405,55.337,55.615,55.154,55.308,21745,0
20110406,55.751,55.76,55.239,55.605,12614,0
20110407,55.538,55.798,55.202,55.519,51431,0
20110408,55.876,55.876,55.058,55.058,13098,0
20110411,55.317,55.366,54.75,54.865,9414,0
20110412,54.664,54.673,54.143,54.346,12580,0
20110413,54.817,55.028,54.528,54.75,6424,0
20110414,54.251,54.741,54.057,54.741,17888,0
20110415,54.664,54.981,54.383,54.933,7292,0
20110418,54.655,54.655,53.585,54.096,16159,0
20110419,54.299,54.383,53.98,54.383,5245,0
20110420,55.423,56.029,55.423,55.99,10459,0
20110421,56.384,56.528,56.135,56.27,9563,0
20110425,56.404,58.098,56.25,56.413,46956,0
20110426,56.404,56.846,56.28,56.644,51704,0
20110427,56.701,56.914,56.355,56.894,10168,0
20110428,56.789,56.789,56.462,56.74,11459,0
20110429,56.834,56.834,56.478,56.651,7407,0
20110502,56.691,57.105,56.364,56.364,7598,0
20110503,56.241,56.241,55.442,55.808,36116,0
20110504,55.866,55.885,55.087,55.557,37088,0
20110505,55.538,56.27,55.317,55.673,25820,0
20110506,56.336,56.76,55.866,56.096,15576,0
20110509,55.885,56.433,55.885,56.202,10403,0
20110510,56.404,57.029,56.336,57.019,13874,0
20110511,56.856,57.105,56.173,56.308,3886,0
20110512,56.212,57.039,56.212,57.01,26981,0
20110513,56.577,56.904,56.326,56.326,3823,0
20110516,55.99,56.299,55.249,55.288,12777,0
20110517,54.943,55.183,54.49,55.028,9188,0
20110518,55.308,55.914,55.308,55.721,16928,0
20110519,55.721,55.932,55.376,55.788,12754,0
20110520,55.857,55.951,55.548,55.673,10274,0
20110523,54.817,54.817,54.49,54.616,24875,0
20110524,54.807,54.817,54.251,54.26,4355,0
20110525,54.251,54.616,54.251,54.616,5008,0
20110526,54.328,54.971,54.328,54.952,8153,0
20110527,55.093,55.324,55.064,55.324,7682,0
20110531,55.822,55.899,55.503,55.725,12546,0
20110601,55.741,55.942,54.616,54.616,4336,0
20110602,54.338,54.712,54.308,54.577,3413,0
20110603,53.896,54.104,53.433,53.433,12729,0
20110606,53.413,53.443,52.981,52.981,4932,0
20110607,52.973,53.493,52.973,53.146,36399,0
20110608,52.51,52.712,52.058,52.268,8033,0
20110609,52.268,52.588,52.105,52.405,36821,0
20110610,52.105,52.25,51.45,51.864,7131,0
20110613,51.855,51.932,51.269,51.461,58042,0
20110614,51.903,52.5,51.903,52.278,12776,0
20110615,51.401,51.971,51.21,51.362,6380,0
20110616,51.258,51.489,50.497,50.497,15211,0
20110617,51.372,51.44,50.699,50.854,42967,0
20110620,50.699,51.191,50.65,51.045,62922,0
20110621,51.268,52.182,51.268,52.076,5630,0
20110622,51.971,52.258,51.806,51.845,26558,0
20110623,51.142,52.02,51.065,52.02,33028,0
20110624,52.02,52.02,51.24,51.24,6797,0
20110627,51.104,51.796,50.93,51.615,21221,0
20110628,51.738,52.24,51.728,52.23,3662,0
20110629,52.317,52.761,52.317,52.761,2344,0
20110630,52.85,53.641,52.85,53.583,20314,0
20110701,53.636,54.388,53.349,54.388,5897,0
20110705,54.417,54.437,53.965,54.206,13098,0
20110706,54.051,54.332,53.811,54.177,5384,0
20110707,54.698,55.255,54.698,55.093,3373,0
20110708,54.572,54.572,53.965,54.456,11217,0
20110711,54.003,54.07,53.089,53.127,12257,0
20110712,52.963,52.963,52.268,52.366,15278,0
20110713,52.396,52.983,52.268,52.268,9281,0
20110714,52.425,52.644,51.401,51.401,8769,0
20110715,51.932,51.932,51.411,51.71,6515,0
20110718,51.421,51.673,50.824,51.161,9026,0
20110719,52.23,52.617,52.125,52.461,14680,0
20110720,52.451,52.529,51.883,52.095,19674,0
20110721,51.816,52.49,51.691,52.337,5637,0
20110722,52.366,53.241,52.366,53.136,15519,0
20110725,52.49,53.021,52.49,52.712,7084,0
20110726,52.987,53.324,52.755,53.045,7607,0
20110727,52.644,52.644,51.201,51.24,6289,0
20110728,50.932,51.502,50.885,50.951,8601,0
20110729,50.161,50.922,50.007,50.498,32583,0
20110801,50.515,50.515,49.582,49.996,8091,0
20110802,49.88,50.034,48.724,48.724,8953,0
20110803,48.714,49.503,48.156,49.484,27195,0
20110804,48.502,48.56,46.796,46.903,62645,0
20110805,47.414,47.414,45.091,46.46,35886,0
20110808,44.763,45.584,43.492,44.455,49382,0
20110809,43.982,45.4,42.818,45.4,33760,0
20110810,44.561,45.208,43.734,43.734,12100,0
20110811,44.571,46.479,44.09,45.978,34633,0
20110812,46.44,46.557,45.92,46.256,11050,0
20110815,47.018,47.424,46.922,47.424,6154,0
20110816,47.211,47.288,46.256,46.884,3383,0
20110817,47.133,47.133,45.871,46.238,18095,0
20110818,44.822,44.822,43.096,43.366,8142,0
20110819,42.866,43.934,42.538,42.587,33894,0
20110822,43.395,43.522,42.769,42.856,53149,0
20110823,43.261,44.763,42.981,44.715,18685,0
20110824,44.745,44.995,44.494,44.502,2731,0
20110825,45.11,45.322,44.166,44.455,6480,0
20110826,44.205,45.525,43.597,45.254,5786,0
20110829,45.959,46.912,45.959,46.893,8127,0
20110830,46.343,47.211,46.343,47.211,5382,0
20110831,47.662,47.922,47.083,47.209,20104,0
20110901,47.201,47.673,46.557,46.557,23277,0
20110902,45.492,45.637,44.972,44.972,5653,0
20110906,43.833,44.759,43.67,44.759,11026,0
20110907,45.743,46.506,45.685,46.457,10204,0
20110908,46.659,46.969,46.186,46.186,1576,0
20110909,45.377,45.965,44.932,44.932,1587,0
20110912,44.541,45.602,44.541,45.584,3957,0
20110913,46.147,46.147,45.781,46.139,1451,0
20110914,46.698,47.77,46.428,47.422,8677,0
20110915,47.885,48.176,47.644,48.088,6035,0
20110916,48.425,48.56,48.116,48.145,9066,0
20110919,47.499,47.662,47.122,47.469,3907,0
20110920,47.874,48.106,47.132,47.219,14572,0
20110921,47.479,47.518,46.293,46.293,3013,0
20110922,44.741,45.069,44.016,44.586,5300,0
20110923,44.095,45.136,44.095,45.049,4174,0
20110926,45.205,45.406,44.471,45.406,3941,0
20110927,46.639,47.469,46.293,46.525,581637,0
20110928,46.602,46.602,45.435,45.435,6179,0
20110929,46.196,46.254,44.557,45.222,8644,0
20110930,44.581,44.851,43.74,43.74,3929,0
20111003,43.428,43.67,42.242,42.242,7615,0
20111004,41.712,43.641,41.509,43.641,18464,0
20111005,43.641,45.097,43.641,45.087,25969,0
20111006,44.962,46.111,44.827,46.111,19205,0
20111007,46.293,46.408,45.599,46.157,523996,0
20111010,46.804,47.365,46.804,47.365,4517,0
20111011,47.662,47.682,47.404,47.545,4996,0
20111012,47.913,48.337,47.865,47.865,50532,0
20111013,47.826,48.251,47.555,48.251,22082,0
20111014,48.859,49.1,48.541,48.993,4792,0
20111017,48.675,48.675,47.789,47.789,6354,0
20111018,47.77,48.898,47.15,48.79,6454,0
20111019,48.271,48.521,47.575,47.575,15912,0
20111020,47.499,47.585,46.679,47.527,5431,0
20111021,48.665,48.714,48.183,48.551,2401,0
20111024,49.186,50.007,48.8,49.851,6330,0
20111025,49.35,49.398,48.588,48.588,36002,0
20111026,49.166,49.436,48.83,49.128,5982,0
20111027,50.951,51.789,50.373,51.413,26602,0
20111028,51.618,51.867,51.008,51.741,4188,0
20111031,50.931,51.008,50.467,50.467,2798,0
20111101,48.964,49.215,48.531,48.81,7870,0
20111102,49.264,49.62,49.003,49.35,2772,0
20111103,49.775,50.672,49.1,50.652,14906,0
20111104,50.527,50.951,50.034,50.769,7906,0
20111107,50.672,50.797,49.803,50.76,10101,0
20111108,51.126,51.335,50.498,51.309,10540,0
20111109,49.919,49.968,48.993,49.051,29241,0
20111110,49.456,49.572,48.647,49.205,9566,0
20111111,49.843,50.691,49.843,50.546,13079,0
20111114,50.613,50.73,49.968,49.968,2709,0
20111115,49.843,50.769,49.843,50.75,13342,0
20111116,50.305,50.865,50.247,50.74,7426,0
20111117,49.987,49.987,48.347,48.482,10918,0
20111118,48.464,48.464,48.192,48.308,620,0
20111121,47.335,47.469,46.583,47.345,26296,0
20111122,46.979,47.306,46.525,46.814,5659,0
20111123,46.264,46.535,45.541,45.647,4842,0
20111125,45.387,45.937,45.214,45.214,5142,0
20111128,46.997,47.026,46.544,46.774,8462,0
20111129,46.862,47.112,46.506,46.583,15946,0
20111130,47.905,48.94,47.781,48.893,18970,0
20111201,48.637,49.176,48.637,49.061,22596,0
20111202,49.523,49.775,49.041,49.09,5259,0
20111205,49.601,50.227,49.466,49.717,15060,0
20111206,49.66,49.785,49.408,49.62,7763,0
20111207,49.08,49.765,49.08,49.611,5113,0
20111208,49.148,49.166,48.531,48.531,2799,0
20111209,48.627,49.563,48.627,49.533,3279,0
20111212,48.935,48.935,48.165,48.588,27244,0
20111213,48.425,48.879,47.672,47.721,5153,0
20111214,47.074,47.404,46.621,46.862,4146,0
20111215,47.404,47.404,46.843,46.94,6951,0
20111216,47.092,47.76,47.017,47.141,4847,0
20111219,46.774,46.794,46.573,46.649,3954,0
20111220,46.891,48.087,46.891,48.048,9602,0
20111221,47.856,47.856,46.573,47.199,6367,0
20111222,47.248,48.289,47.248,48.183,8708,0
20111223,48.202,48.578,48.192,48.531,4331,0
20111227,48.415,48.714,48.415,48.472,6624,0
20111228,48.328,48.328,47.74,47.798,24703,0
20111229,47.865,48.367,47.856,48.347,35243,0
20111230,48.213,48.446,48.126,48.213,6045,0
20120103,49.186,49.35,48.751,48.751,6247,0
20120104,48.328,48.627,48.328,48.617,2754,0
20120105,48.695,49.128,48.598,49.022,1697,0
20120106,49.166,49.166,48.761,49.013,7960,0
20120109,49.225,49.436,49.118,49.427,1786,0
20120110,49.997,50.026,49.795,49.87,5663,0
20120111,49.968,50.247,49.968,50.083,2174,0
20120112,50.103,50.488,49.89,50.488,3245,0
20120113,50.007,50.007,49.582,49.765,7607,0
20120117,50.286,50.441,49.987,50.007,6550,0
20120118,50.459,51.666,50.459,51.666,9273,0
20120119,52.108,52.484,52.108,52.33,8208,0
20120120,52.369,52.436,52.291,52.291,3246,0
20120123,52.35,52.667,52.108,52.311,7029,0
20120124,52.194,52.784,52.138,52.639,66760,0
20120125,52.621,52.822,52.204,52.822,10255,0
20120126,53.294,53.314,52.233,52.233,5783,0
20120127,52.301,52.755,52.301,52.629,3909,0
20120130,52.243,52.474,51.925,52.399,3189,0
20120131,52.806,52.806,52.067,52.533,6204,0
20120201,52.889,53.537,52.889,53.372,5849,0
20120202,53.479,53.68,53.45,53.45,2290,0
20120203,53.855,54.538,53.855,54.471,4524,0
20120206,54.046,54.202,54.027,54.123,3251,0
20120207,53.875,54.433,53.875,54.328,19198,0
20120208,54.509,54.674,54.499,54.646,10068,0
20120209,54.915,55.33,54.838,55.31,97506,0
20120210,54.808,54.808,54.384,54.433,5195,0
20120213,54.722,54.789,54.433,54.684,20144,0
20120214,54.49,54.818,54.452,54.818,5003,0
20120215,55.222,55.407,54.973,54.973,6627,0
20120216,55.222,55.927,55.185,55.927,8160,0
20120217,56.091,56.091,55.599,55.706,24621,0
20120221,55.667,55.861,55.146,55.33,47530,0
20120222,55.252,55.407,54.973,54.973,11916,0
20120223,54.684,55.242,54.684,55.156,4066,0
20120224,55.32,55.561,55.281,55.281,14169,0
20120227,55.07,55.571,54.895,55.484,19247,0
20120228,55.735,55.745,55.426,55.589,12297,0
20120229,55.807,55.837,55.109,55.109,4471,0
20120301,55.214,55.34,55.146,55.281,6340,0
20120302,55.379,55.379,54.836,54.836,487,0
20120305,54.241,54.241,53.951,54.114,3300,0
20120306,53.387,53.465,53.23,53.387,6702,0
20120307,53.753,54.004,53.607,53.976,2779,0
20120308,54.391,54.807,54.325,54.702,5290,0
20120309,55.021,55.204,54.991,55.069,2460,0
20120312,54.846,55.022,54.818,54.973,2912,0
20120313,55.32,56.122,55.261,56.122,7498,0
20120314,56.141,56.141,55.755,55.843,1957,0
20120315,56.285,56.449,55.975,56.439,2813,0
20120316,56.557,56.557,56.451,56.5,909,0
20120319,56.431,56.857,56.431,56.664,2016,0
20120320,56.065,56.297,56.006,56.17,3196,0
20120321,56.287,56.596,56.219,56.509,3860,0
20120322,55.938,56.161,55.928,56.141,5935,0
20120323,55.861,56.219,55.861,56.2,3794,0
20120326,56.547,57.069,56.547,57.069,3539,0
20120327,57.146,57.253,57.078,57.078,9034,0
20120328,56.925,56.925,56.441,56.547,260012,0
20120329,56.248,56.809,56.2,56.809,31613,0
20120330,56.541,56.881,56.541,56.774,2359,0
20120402,56.683,57.176,56.683,57.176,3122,0
20120403,57.031,57.078,56.372,56.509,8442,0
20120404,56.084,56.084,55.251,55.513,168180,0
20120405,55.484,55.542,55.32,55.513,4190,0
20120409,54.769,55.001,54.624,54.875,35515,0
20120410,54.759,54.981,54.033,54.033,29932,0
20120411,54.45,54.759,54.362,54.478,6166,0
20120412,55.251,55.455,55.251,55.369,2110,0
20120413,55.194,55.194,54.74,54.74,1553,0
20120416,54.488,54.585,54.46,54.526,850707,0
20120417,55.088,55.609,54.972,55.542,358129,0
20120418,55.155,55.31,55.03,55.165,13844,0
20120419,55.079,55.794,54.702,54.836,318783,0
20120420,54.933,54.933,54.344,54.344,222723,0
20120423,53.851,53.9,53.358,53.871,566588,0
20120424,53.851,53.91,53.221,53.475,299089,0
20120425,53.995,54.46,53.995,54.46,6538,0
20120426,54.517,55.175,54.517,55.145,10244,0
20120427,55.069,55.136,54.759,55.117,11086,0
20120430,54.901,54.93,54.63,54.726,145456,0
20120501,54.855,55.397,54.74,54.991,10989,0
20120502,54.47,55.001,54.43,55.001,10932,0
20120503,54.644,54.884,54.043,54.092,3371,0
20120504,53.57,53.58,52.864,53,4551,0
20120507,52.556,52.798,52.507,52.615,46364,0
20120508,52.254,52.343,51.434,52.323,10866,0
20120509,51.318,52.323,51.318,52.178,5702,0
20120510,52.323,52.323,51.483,51.733,13535,0
20120511,51.917,52.216,51.713,51.752,25852,0
20120514,51.271,51.677,51.183,51.394,3336,0
20120515,51.443,51.781,51.125,51.154,16315,0
20120516,51.318,51.345,50.525,50.535,2708,0
20120517,50.505,50.505,49.867,49.994,5055,0
20120518,49.926,49.926,48.746,48.746,6513,0
20120521,48.988,50.081,48.968,50.081,8231,0
20120522,50.061,50.119,49.732,49.732,4433,0
20120523,49.404,49.975,48.988,49.975,7761,0
20120524,50.051,50.051,49.095,49.191,6419,0
20120525,49.684,49.684,49.549,49.646,1328,0
20120529,50.042,50.313,50.014,50.294,5493,0
20120530,49.791,49.791,49.337,49.337,58374,0
20120531,49.368,49.368,48.514,49.019,4469,0
20120601,48.135,48.192,47.515,47.525,6969,0
20120604,47.461,47.644,47.151,47.644,6296,0
20120605,47.592,48.474,47.592,48.425,18208,0
20120606,48.822,49.907,48.822,49.907,72978,0
20120607,50.421,50.421,49.49,49.49,8323,0
20120608,49.23,49.956,49.23,49.956,2518,0
20120611,50.284,50.284,49.394,49.432,2109,0
20120612,49.122,49.665,49.122,49.636,3806,0
20120613,49.327,49.704,49.084,49.171,9289,0
20120614,49.191,49.48,49.171,49.318,4470,0
20120615,49.588,50.363,49.559,50.333,44103,0
20120618,50.13,50.732,50.13,50.614,3535,0
20120619,50.933,51.236,50.933,51.08,4877,0
20120620,51.09,51.487,51.09,51.293,1798,0
20120621,51.226,51.226,49.529,49.597,9977,0
20120622,49.976,50.295,49.976,50.295,2782,0
20120625,49.289,49.289,48.939,49.152,4254,0
20120626,49.161,49.259,48.948,49.161,1904,0
20120627,49.403,49.792,49.403,49.724,2531,0
20120628,49.152,49.152,48.658,48.658,2738,0
20120629,50.106,50.824,50.106,50.795,2986,0
20120702,51.197,51.197,50.692,50.867,4967,0
20120703,50.905,51.457,50.905,51.447,1331,0
20120705,51.418,51.633,51.001,51.477,18137,0
20120706,50.914,50.914,49.627,49.926,1810,0
20120709,49.269,49.355,49.239,49.355,2499,0
20120710,48.754,48.754,48.425,48.483,932,0
20120711,48.677,48.707,48.096,48.445,7151,0
20120712,47.96,48.155,47.419,47.911,309643,0
20120713,47.96,48.261,47.96,48.165,3594,0
20120716,48.222,48.358,47.96,48.348,4129,0
20120717,47.709,48.281,47.515,48.126,5099,0
20120718,48.156,49.698,48.156,49.553,7266,0
20120719,49.858,50.198,49.858,50.052,9075,0
20120720,49.946,49.946,49.365,49.365,7773,0
20120723,48.376,48.649,47.892,48.552,9239,0
20120724,48.679,48.679,47.796,48.008,6346,0
20120725,48.271,48.744,48.242,48.425,5364,0
20120726,49.375,50.025,49.375,49.84,11400,0
20120727,50.421,51.148,50.411,51.099,6873,0
20120730,50.972,51.148,50.411,50.604,3008,0
20120731,50.688,50.891,50.571,50.619,6187,0
20120801,50.489,50.614,50.421,50.441,2026,0
20120802,49.917,50.712,49.792,50.208,36562,0
20120803,50.808,51.515,50.808,51.369,1842,0
20120806,51.835,52.068,51.805,51.971,41085,0
20120807,52.503,53.075,52.503,52.998,10597,0
20120808,52.756,53.173,52.756,53.057,3896,0
20120809,53.163,53.454,53.163,53.454,83409,0
20120810,53.163,53.483,53.133,53.483,7971,0
20120813,53.424,53.424,53.057,53.278,6117,0
20120814,53.569,53.569,52.969,52.969,3522,0
20120815,53.047,53.522,53.047,53.385,4132,0
20120816,53.587,54.372,53.587,54.258,17284,0
20120817,54.326,54.431,54.268,54.401,2245,0
20120820,54.15,54.286,53.851,54.228,19178,0
20120821,54.703,54.799,54.14,54.219,3017,0
20120822,54.072,54.12,53.743,54.101,4974,0
20120823,53.871,53.871,53.444,53.665,13829,0
20120824,53.395,53.861,53.219,53.695,6730,0
20120827,53.753,53.966,53.636,53.636,2907,0
20120828,53.772,53.851,53.616,53.704,3578,0
20120829,53.704,53.704,53.512,53.655,2793,0
20120830,53.375,53.375,52.736,52.736,4170,0
20120831,53.038,53.048,53.038,53.038,333,0
20120904,52.96,52.998,52.464,52.95,76871,0
20120905,52.852,53.066,52.639,52.832,3907,0
20120906,53.562,54.473,53.533,54.435,5477,0
20120907,54.212,54.483,54.212,54.483,18632,0
20120910,54.421,54.431,53.966,53.966,7564,0
20120911,54.258,54.345,54.228,54.286,2070,0
20120912,54.363,54.586,54.306,54.441,19398,0
20120913,54.382,55.254,54.306,55.051,25559,0
20120914,55.259,55.968,55.259,55.687,19090,0
20120917,55.7,55.7,55.197,55.254,5780,0
20120918,54.988,55.037,54.979,55.027,8642,0
20120919,55.192,55.192,55.105,55.163,1516,0
20120920,54.717,54.793,54.541,54.717,4676,0
20120921,55.086,55.115,54.678,54.678,12265,0
20120924,54.271,54.329,54.075,54.232,23692,0
20120925,54.415,54.415,53.552,53.552,4788,0
20120926,53.193,53.193,52.368,52.707,4669,0
20120927,52.95,53.667,52.95,53.581,5961,0
20120928,53.387,53.387,53.174,53.24,4557,0
20121001,53.416,53.446,53.086,53.154,826,0
20121002,53.183,53.183,52.891,53.183,5021,0
20121003,53.174,53.269,52.998,52.998,2013,0
20121004,53.076,53.309,52.901,53.25,3807,0
20121005,53.571,53.687,53.008,53.008,2675,0
20121008,52.95,52.95,52.602,52.677,2128,0
20121009,52.368,52.368,51.921,51.96,37173,0
20121010,51.843,51.843,51.366,51.415,4605,0
20121011,51.755,52.01,51.552,51.67,27561,0
20121012,51.572,51.726,51.346,51.543,3110,0
20121015,51.572,51.833,51.425,51.833,2884,0
20121016,51.95,52.746,51.95,52.737,3442,0
20121017,52.503,52.677,52.388,52.533,1826,0
20121018,52.427,52.621,52.105,52.105,8622,0
20121019,52.144,52.144,51.096,51.204,6085,0
20121022,51.077,51.319,50.921,51.262,7925,0
20121023,50.571,51.154,50.571,50.978,3687,0
20121024,51.027,51.027,50.339,50.339,5834,0
20121025,50.6,50.649,50.339,50.494,3024,0
20121026,50.475,50.553,50.213,50.485,3521,0
20121031,50.465,50.465,49.882,50,9072,0
20121101,50.629,51.28,50.629,51.233,2751,0
20121102,50.968,51.086,50.6,50.619,6466,0
20121105,50.639,51.145,50.639,51.106,8108,0
20121106,51.376,52.183,51.376,52.058,2511,0
20121107,51.523,51.523,50.815,51.017,4442,0
20121108,50.805,50.805,50.3,50.3,3104,0
20121109,50.174,50.911,50.174,50.494,6041,0
20121112,50.456,50.533,50.221,50.329,3412,0
20121113,50.01,50.494,49.911,50.135,5181,0
20121114,50.446,50.446,49.503,49.523,8164,0
20121115,49.503,49.503,49.282,49.33,5078,0
20121116,49.407,49.669,48.795,49.484,10919,0
20121119,50,50.3,50,50.3,2623,0
20121120,50.115,50.261,49.931,50.047,4042,0
20121121,50.378,50.475,50.271,50.436,5481,0
20121123,51.204,51.262,51.164,51.262,22512,0
20121126,51.262,51.346,51.116,51.319,364219,0
20121127,51.29,51.346,51.077,51.3,4008,0
20121128,51.027,51.592,51.027,51.592,731,0
20121129,51.881,51.911,51.784,51.863,1165,0
20121130,51.781,51.86,51.667,51.821,3248,0
20121203,52.085,52.085,51.689,51.697,4282,0
20121204,51.881,52.085,51.612,52.085,3513,0
20121205,52.058,52.368,51.736,52.26,5959,0
20121206,52.533,52.737,52.407,52.677,4225,0
20121207,52.533,52.786,52.533,52.756,1370,0
20121210,52.756,53.096,52.756,53.096,2006,0
20121211,53.338,53.95,53.338,53.795,3169,0
20121212,53.997,54.085,53.804,53.804,3745,0
20121213,53.608,53.735,53.22,53.426,3345,0
20121214,53.475,53.485,53.319,53.358,4788,0
20121217,53.562,53.717,53.367,53.504,9340,0
20121218,54.017,54.658,54.017,54.62,48327,0
20121219,54.881,54.979,54.64,54.64,4995,0
20121220,54.357,54.851,54.357,54.813,7330,0
20121221,54.022,54.286,53.973,54.257,7004,0
20121224,54.138,54.138,53.897,54.031,1693,0
20121226,54.08,54.286,53.72,53.818,3040,0
20121227,53.651,53.788,53.184,53.788,2197,0
20121228,53.32,53.428,53.106,53.106,4245,0
20121231,53.153,53.889,53.075,53.859,36489,0
20130102,55.728,55.825,55.279,55.825,3792,0
20130103,55.921,56.098,55.542,55.542,5856,0
20130104,55.425,55.757,55.425,55.62,9257,0
20130107,55.513,55.61,55.338,55.503,84690,0
20130108,55.123,55.21,54.928,55.123,6027,0
20130109,55.298,55.523,55.298,55.503,4991,0
20130110,56.009,56.009,55.455,55.825,4928,0
20130111,55.835,56.107,55.835,56.107,2245,0
20130114,56.127,56.136,55.718,56.136,18066,0
20130115,55.931,56.136,55.921,56.117,6800,0
20130116,56.079,56.536,56.079,56.439,10847,0
20130117,56.75,56.975,56.75,56.946,8971,0
20130118,56.711,56.77,56.536,56.653,26736,0
20130122,56.77,56.887,56.643,56.887,12405,0
20130123,57.09,57.267,56.926,57.12,7777,0
20130124,56.868,57.559,56.868,57.16,8871,0
20130125,57.627,57.89,57.53,57.784,3337,0
20130128,57.949,58.007,57.764,57.821,10093,0
20130129,57.296,57.296,56.985,57.179,6121,0
20130130,57.326,57.336,57.062,57.062,4000,0
20130131,57.205,57.496,57.205,57.215,69861,0
20130201,57.647,57.959,57.53,57.86,6461,0
20130204,57.89,57.997,57.277,57.286,21781,0
20130205,57.539,58.241,57.539,58.145,53297,0
20130206,58.232,58.269,58.007,58.164,8624,0
20130207,58.027,58.027,57.356,57.794,6666,0
20130208,58.027,58.486,58.027,58.357,17153,0
20130211,58.407,58.446,58.357,58.427,2838,0
20130212,58.329,58.612,58.329,58.524,13169,0
20130213,58.573,58.661,58.309,58.506,56366,0
20130214,58.367,58.796,58.155,58.708,43915,0
20130215,58.777,58.933,58.456,58.661,59852,0
20130219,58.708,59.216,58.708,59.216,40296,0
20130220,59.128,59.235,58.183,58.183,7557,0
20130221,57.841,58.067,57.033,57.296,40220,0
20130222,57.764,58.183,57.764,58.135,3842,0
20130225,58.446,58.543,57.209,57.209,5497,0
20130226,57.277,57.461,56.877,57.277,31179,0
20130227,57.306,58.212,57.306,58.126,6229,0
20130228,58.098,58.341,57.94,57.95,119191,0
20130301,57.742,58.201,57.302,58.005,47423,0
20130304,57.949,58.164,57.726,58.164,1938,0
20130305,58.795,59.079,58.795,59.001,5371,0
20130306,59.146,59.322,59.118,59.225,6928,0
20130307,59.392,59.567,59.225,59.362,21738,0
20130308,59.567,59.673,59.362,59.673,3606,0
20130311,59.382,59.712,59.382,59.712,2492,0
20130312,59.653,59.653,59.332,59.567,4669,0
20130313,59.597,59.782,59.332,59.712,5233,0
20130314,59.928,60.073,59.83,60.017,11692,0
20130315,59.948,59.948,59.332,59.479,54545,0
20130318,58.805,59.41,58.805,59.079,32710,0
20130319,59.156,59.312,58.336,58.756,25761,0
20130320,59.225,59.625,59.156,59.499,46990,0
20130321,59.136,59.136,58.64,58.865,66539,0
20130322,59.02,59.079,58.855,58.952,10360,0
20130325,59.264,59.264,58.621,58.865,2784,0
20130326,59.215,59.302,59.06,59.255,8428,0
20130327,59.001,59.518,58.991,59.44,18338,0
20130328,59.42,59.869,59.292,59.811,39539,0
20130401,60.007,60.007,59.166,59.235,7053,0
20130402,59.469,59.518,59.098,59.098,8941,0
20130403,59.195,59.322,58.248,58.425,9774,0
20130404,58.464,58.591,58.307,58.571,6128,0
20130405,57.332,57.771,57.235,57.771,9165,0
20130408,57.751,58.191,57.733,58.181,8759,0
20130409,58.484,59.264,58.248,59.195,4792,0
20130410,59.283,60.191,59.195,60.181,56218,0
20130411,59.987,60.249,59.83,60.007,21272,0
20130412,59.752,59.762,59.312,59.742,11947,0
20130415,59.538,59.538,58.365,58.435,22390,0
20130416,58.775,59.322,58.611,59.255,12801,0
20130417,58.611,58.697,57.771,58.084,6633,0
20130418,57.848,58.22,57.019,57.205,83950,0
20130419,57.254,57.389,56.785,57.166,12515,0
20130422,56.892,57.751,56.892,57.526,4760,0
20130423,57.848,58.591,57.81,58.346,10976,0
20130424,58.307,59.02,58.307,58.942,3707,0
20130425,59.108,59.772,59.03,59.42,39031,0
20130426,59.274,59.274,59.05,59.195,6445,0
20130429,59.283,59.801,59.283,59.801,2421,0
20130430,59.722,60.32,59.547,60.32,25504,0
20130501,60.132,60.191,59.791,59.811,11791,0
20130502,60.007,60.66,60.007,60.61,15568,0
20130503,61.138,61.685,61.138,61.528,64875,0
20130506,61.587,61.947,61.528,61.851,27370,0
20130507,61.88,61.967,61.537,61.722,21083,0
20130508,61.812,62.544,61.685,62.514,17691,0
20130509,62.446,62.924,62.368,62.544,358597,0
20130510,62.661,63.07,62.661,63.041,17168,0
20130513,63.099,63.149,62.778,62.856,46364,0
20130514,62.934,63.393,62.894,63.363,26108,0
20130515,63.247,63.773,63.247,63.773,28482,0
20130516,63.831,64.174,63.608,63.656,24510,0
20130517,63.716,64.457,63.637,64.457,40115,0
20130520,64.271,64.633,64.233,64.271,51522,0
20130521,64.447,64.525,64.086,64.251,14127,0
20130522,64.358,64.613,63.041,63.305,44384,0
20130523,62.719,63.519,62.651,63.422,28119,0
20130524,63.119,63.324,62.778,63.305,13386,0
20130528,64.046,64.213,63.617,63.744,9434,0
20130529,63.471,63.961,63.471,63.785,24678,0
20130530,63.89,64.71,63.881,64.525,17570,0
20130531,64.241,64.722,63.868,63.976,51511,0
20130603,63.793,63.958,63.06,63.89,86868,0
20130604,63.921,64.235,63.335,63.589,19635,0
20130605,63.354,63.354,62.698,62.816,15751,0
20130606,62.816,63.159,62.376,63.159,13598,0
20130607,63.501,64.049,63.306,64.049,18960,0
20130610,64.056,64.193,63.929,64.076,16863,0
20130611,63.688,63.892,63.168,63.188,99629,0
20130612,63.822,63.822,62.25,62.29,15858,0
20130613,62.241,63.296,62.152,63.296,8834,0
20130614,63.286,63.345,62.698,62.855,21000,0
20130617,63.441,63.909,63.403,63.529,8689,0
20130618,63.756,64.333,63.756,64.235,53211,0
20130619,64.363,64.422,63.727,63.756,18381,0
20130620,62.934,63.109,61.944,62.062,12275,0
20130621,62.346,62.454,61.426,62.053,25936,0
20130624,61.652,61.652,60.702,61.024,42122,0
20130625,61.768,61.886,61.446,61.886,14921,0
20130626,62.698,62.698,62.169,62.376,581482,0
20130627,62.698,63.198,62.698,62.924,53319,0
20130628,62.708,63.09,62.326,62.796,129277,0
20130701,63.471,63.599,62.894,63.041,13390,0
20130702,63.08,63.442,62.572,62.973,50060,0
20130703,62.778,63.481,62.582,63.315,10155,0
20130705,64.098,64.098,63.276,64.041,95596,0
20130708,64.178,64.235,63.688,63.736,46922,0
20130709,64.412,64.412,63.971,64.255,23259,0
20130710,64.255,64.725,64.255,64.696,22994,0
20130711,65.479,66.018,65.43,66.018,82495,0
20130712,66.114,66.321,65.998,66.292,38808,0
20130715,66.243,66.487,66.243,66.39,43971,0
20130716,66.459,66.575,66.077,66.292,56931,0
20130717,66.439,66.604,66.213,66.506,30912,0
20130718,66.604,66.831,66.43,66.644,55532,0
20130719,66.331,66.331,65.891,66.123,76529,0
20130722,66.123,66.263,65.978,66.163,37652,0
20130723,66.39,66.39,65.762,65.831,18177,0
20130724,66.302,66.341,65.684,65.792,15394,0
20130725,65.921,66.243,65.703,66.193,34357,0
20130726,65.743,66.105,65.529,66.105,30293,0
20130729,65.978,66.077,65.654,65.723,9080,0
20130730,66.018,66.565,65.998,66.459,63957,0
20130731,66.565,67.017,66.439,66.575,169941,0
20130801,67.134,67.642,67.134,67.622,15789,0
20130802,67.447,67.652,67.31,67.632,15080,0
20130805,67.544,67.849,67.544,67.751,38854,0
20130806,67.799,67.799,67.203,67.418,35005,0
20130807,67.24,67.3,66.821,67.183,22661,0
20130808,67.486,67.771,67.055,67.486,14843,0
20130809,67.408,67.584,67.124,67.29,31762,0
20130812,67.074,67.701,67.074,67.612,22749,0
20130813,67.701,68.053,67.369,68.004,16954,0
20130814,67.868,67.927,67.602,67.741,43482,0
20130815,67.632,67.632,66.233,66.292,157879,0
20130816,66.311,66.614,66.203,66.321,14885,0
20130819,66.282,66.449,65.752,65.782,20763,0
20130820,65.762,66.272,65.664,66.123,11727,0
20130821,65.772,66.213,65.597,65.782,26926,0
20130822,65.931,66.811,65.743,66.38,47013,0
20130823,66.506,66.624,66.439,66.516,29784,0
20130826,66.585,66.713,66.243,66.253,25260,0
20130827,65.617,65.617,64.618,64.754,26815,0
20130828,64.677,65.195,64.618,65.009,14175,0
20130829,64.901,65.568,64.901,65.381,22559,0
20130830,65.509,65.509,64.804,64.931,9910,0
20130903,65.87,66.017,65.211,65.498,77470,0
20130904,65.567,66.4,65.478,66.351,14889,0
20130905,66.292,66.645,66.292,66.506,14086,0
20130906,66.723,66.978,66.056,66.615,13898,0
20130909,67.28,67.799,67.231,67.672,11449,0
20130910,68.087,68.509,68.077,68.499,76733,0
20130911,68.425,68.748,68.347,68.671,48532,0
20130912,68.583,68.778,68.366,68.406,40689,0
20130913,68.459,68.598,68.185,68.598,29667,0
20130916,69.268,69.268,68.719,68.867,25483,0
20130917,68.97,69.225,68.881,69.106,34595,0
20130918,69.294,70,69.07,69.871,11723,0
20130919,69.96,70.068,69.746,69.833,15953,0
20130920,70.029,70.029,69.342,69.432,12388,0
20130923,69.48,69.48,68.676,68.99,41605,0
20130924,68.98,69.255,68.676,68.97,31452,0
20130925,68.99,69.362,68.862,69.05,18378,0
20130926,69.265,69.528,68.96,69.04,15494,0
20130927,68.783,69.01,68.588,68.763,38630,0
20130930,68.067,68.647,67.959,68.459,179756,0
20131001,68.568,69.185,68.568,69.04,29297,0
20131002,68.656,69.079,68.627,69.06,20879,0
20131003,69.01,69.01,67.901,68.449,54290,0
20131004,68.439,69.245,68.4,69.195,14806,0
20131007,68.97,68.97,68.429,68.598,20997,0
20131008,68.578,68.705,67.252,67.371,70459,0
20131009,67.429,67.674,66.478,67.292,26697,0
20131010,67.969,68.489,67.822,68.459,993797,0
20131011,68.284,69.01,68.244,68.881,58599,0
20131014,68.548,69.372,68.548,69.333,16126,0
20131015,69.106,69.106,68.274,68.333,32230,0
20131016,68.656,69.05,68.588,68.96,64880,0
20131017,68.763,69.265,68.449,69.265,40946,0
20131018,69.518,70.038,69.412,70,35348,0
20131021,70.343,70.481,70.168,70.373,35145,0
20131022,70.609,70.647,69.97,70.381,142653,0
20131023,70.293,70.293,69.185,69.412,33826,0
20131024,69.47,69.627,69.245,69.48,50588,0
20131025,69.804,69.804,69.352,69.656,37958,0
20131028,69.597,69.823,69.47,69.726,111275,0
20131029,70.088,70.52,70.088,70.52,37660,0
20131030,70.441,70.461,69.716,69.96,39421,0
20131031,69.746,70.178,69.557,69.756,61765,0
20131101,70.068,70.207,69.686,70.019,21481,0
20131104,70.381,70.381,70.009,70.197,35935,0
20131105,69.97,70.197,69.528,70.098,89826,0
20131106,70.411,70.411,70.038,70.363,51318,0
20131107,70.599,70.599,69.489,69.567,48613,0
20131108,69.696,70.55,69.696,70.55,28619,0
20131111,70.421,70.784,70.353,70.746,14420,0
20131112,70.687,71.128,70.579,71.128,98286,0
20131113,70.843,71.854,70.843,71.854,56687,0
20131114,71.659,71.678,71.344,71.678,34861,0
20131115,71.883,71.913,71.432,71.913,45399,0
20131118,71.923,72.081,71.255,71.255,50245,0
20131119,71.393,71.432,70.687,70.746,51675,0
20131120,70.962,71.109,70.481,70.56,22253,0
20131121,70.923,71.55,70.814,71.55,32763,0
20131122,71.52,71.59,71.383,71.57,18823,0
20131125,71.716,71.716,71.148,71.374,26428,0
20131126,71.471,71.678,71.344,71.56,71994,0
20131127,71.687,71.992,71.61,71.962,30840,0
20131129,71.943,72.101,71.943,71.952,11107,0
20131202,71.972,72.032,71.64,71.64,54065,0
20131203,71.678,72.032,71.61,71.756,40594,0
20131204,71.64,72.101,71.374,71.883,30990,0
20131205,72.235,72.235,71.5,71.678,15841,0
20131206,72.196,72.551,72.119,72.532,26493,0
20131209,72.707,72.727,72.395,72.453,54596,0
20131210,72.433,72.608,72.216,72.423,29542,0
20131211,72.414,72.503,71.364,71.49,28345,0
20131212,71.452,71.471,70.893,71.069,18360,0
20131213,71.402,71.61,71.236,71.354,17164,0
20131216,72.168,72.483,72.101,72.335,26069,0
20131217,72.365,72.896,72.315,72.747,47358,0
20131218,72.58,73.238,71.65,73.238,31171,0
20131219,73.238,73.571,73.188,73.473,36469,0
20131220,73.811,74.537,73.811,74.468,61283,0
20131223,74.911,75.069,74.587,75.069,83001,0
20131224,75.029,75.158,74.951,75.158,30092,0
20131226,75.285,75.355,75.099,75.305,40114,0
20131227,75.502,75.609,75.168,75.295,22651,0
20131230,75.246,75.532,75.186,75.493,97135,0
20131231,75.579,75.856,75.579,75.787,36587,0
20140102,75.542,75.542,74.804,75.049,45137,0
20140103,75.049,75.226,74.814,75.079,58751,0
20140106,75.009,75.009,74.42,74.577,49906,0
20140107,74.873,75.532,74.823,75.473,31399,0
20140108,75.502,75.934,75.413,75.827,47828,0
20140109,76.013,76.071,75.315,75.57,36212,0
20140110,75.579,75.757,75.216,75.718,95320,0
20140113,75.787,76.042,74.686,74.882,169386,0
20140114,75,76.28,75,76.28,52899,0
20140115,76.544,77.144,76.436,77.085,50034,0
20140116,77.125,77.125,76.8,76.947,41365,0
20140117,76.907,77.251,76.741,76.927,70013,0
20140121,77.241,77.39,76.701,77.184,56479,0
20140122,77.194,77.568,77.144,77.508,41592,0
20140123,77.32,77.32,76.475,76.79,60643,0
20140124,76.436,76.436,75.089,75.109,372360,0
20140127,75.099,75.236,74.036,74.458,70400,0
20140128,74.392,74.814,74.244,74.794,111370,0
20140129,74.224,74.706,73.751,74.204,52422,0
20140130,74.656,75.295,74.439,75.177,70939,0
20140131,74.468,74.96,74.362,74.607,31406,0
20140203,74.507,74.735,72.599,72.778,87153,0
20140204,73.062,73.31,72.405,73.171,81262,0
20140205,72.609,73.31,72.148,73.191,39030,0
20140206,73.564,74.362,73.564,74.224,27820,0
20140207,74.517,75.373,74.322,75.325,67215,0
20140210,75.423,75.56,75.315,75.56,59491,0
20140211,75.668,76.633,75.668,76.514,76864,0
20140212,76.711,76.967,76.534,76.819,128072,0
20140213,76.524,77.4,76.21,77.34,137235,0
20140214,77.468,77.714,77.105,77.596,248375,0
20140218,77.684,77.97,77.458,77.911,79217,0
20140219,77.891,78.186,77.568,77.646,33075,0
20140220,77.694,78.215,77.36,78.196,66018,0
20140221,78.422,78.58,78.129,78.167,151296,0
20140224,78.274,79.052,78.167,78.658,78566,0
20140225,78.628,78.648,78.139,78.362,50007,0
20140226,78.362,79.062,78.304,78.688,67472,0
20140227,78.845,79.13,78.502,79.1,44599,0
20140228,79.052,79.268,78.167,78.894,781897,0
20140303,77.901,78.333,77.538,78.129,85102,0
20140304,78.914,79.533,78.914,79.523,80206,0
20140305,79.562,79.631,79.376,79.552,36043,0
20140306,79.671,79.76,79.445,79.582,79662,0
20140307,79.711,79.78,79.043,79.317,54010,0
20140310,79.455,79.455,78.737,78.993,36551,0
20140311,79.179,79.416,78.412,78.551,131751,0
20140312,78.353,78.795,77.989,78.795,27074,0
20140313,79.003,79.023,77.194,77.38,59414,0
20140314,77.458,77.821,77.203,77.33,39425,0
20140317,77.558,78.382,77.558,78.224,28699,0
20140318,78.274,79.298,78.274,79.199,34930,0
20140319,79.258,79.79,78.795,79.189,33955,0
20140320,79.033,80.173,78.894,80.024,34737,0
20140321,80.466,80.466,79.392,79.49,66332,0
20140324,79.52,79.716,78.337,78.988,91166,0
20140325,79.313,79.786,78.741,79.283,42199,0
20140326,79.647,79.845,78.198,78.198,41822,0
20140327,78.218,78.298,77.431,77.884,41225,0
20140328,78.122,78.741,77.992,78.122,24982,0
20140331,78.692,79.204,78.594,79.047,35139,0
20140401,79.323,80.051,79.323,80.051,50072,0
20140402,80.209,80.318,79.875,80.209,71785,0
20140403,80.416,80.494,79.323,79.627,90672,0
20140404,80.081,80.081,77.894,78.042,198021,0
20140407,77.746,78.102,76.702,77.028,89728,0
20140408,77.196,77.954,76.938,77.756,67414,0
20140409,78.16,78.82,77.874,78.79,59614,0
20140410,78.919,78.919,76.455,76.673,240604,0
20140411,75.953,76.594,75.244,75.401,228077,0
20140414,75.796,76.574,75.638,76.347,208018,0
20140415,76.347,76.908,75.333,76.771,60490,0
20140416,77.402,77.411,76.436,77.411,57208,0
20140417,77.156,77.874,76.988,77.697,33547,0
20140421,77.992,78.112,77.431,77.973,40395,0
20140422,78.072,78.662,78.022,78.456,57958,0
20140423,78.466,78.466,77.844,77.924,106041,0
20140424,78.622,78.652,77.58,78.082,38647,0
20140425,77.431,77.687,76.445,76.475,75304,0
20140428,76.692,77.037,75.353,76.357,49850,0
20140429,76.752,77.008,76.23,76.811,175445,0
20140430,76.564,77.382,76.397,77.322,1054828,0
20140501,77.51,77.973,77.136,77.352,222092,0
20140502,77.253,77.795,77.233,77.52,28100,0
20140505,76.968,77.678,76.761,77.618,24626,0
20140506,77.589,77.589,76.752,76.752,30872,0
20140507,77.086,77.086,76.081,76.722,241003,0
20140508,76.534,77.854,76.29,76.801,41036,0
20140509,76.938,77.136,76.445,77.086,48377,0
20140512,77.55,78.357,77.53,78.347,39413,0
20140513,78.366,78.545,78.002,78.062,42527,0
20140514,78.082,78.112,77.48,77.58,37383,0
20140515,77.766,77.766,76.504,76.968,26942,0
20140516,77.186,77.52,76.712,77.49,22780,0
20140519,77.431,78.179,77.223,78.179,28870,0
20140520,77.884,78.012,77.342,77.55,17522,0
20140521,77.795,78.092,77.727,78.012,19570,0
20140522,78.102,78.506,77.924,78.406,22579,0
20140523,78.436,78.968,78.426,78.968,29616,0
20140527,79.313,79.697,79.303,79.697,34846,0
20140528,79.608,79.736,79.432,79.598,20744,0
20140529,79.835,80.002,79.667,79.983,48025,0
20140530,79.913,80.071,79.558,79.913,26936,0
20140602,80.14,80.14,79.568,80.041,99811,0
20140603,79.923,80.14,79.726,80.061,76092,0
20140604,79.796,80.406,79.796,80.318,71148,0
20140605,80.466,80.899,80.061,80.859,35815,0
20140606,81.037,81.431,81.037,81.431,47351,0
20140609,81.46,81.854,81.352,81.519,22376,0
20140610,81.559,81.618,81.362,81.589,60443,0
20140611,81.431,81.756,81.362,81.628,19588,0
20140612,81.756,81.756,80.947,81.057,21005,0
20140613,81.441,81.746,81.214,81.559,20876,0
20140616,81.569,82.022,81.401,81.883,33316,0
20140617,81.873,82.544,81.826,82.455,28857,0
20140618,82.544,82.799,82.022,82.78,37615,0
20140619,82.929,82.929,82.17,82.534,23491,0
20140620,82.572,82.611,82.255,82.453,17626,0
20140623,82.542,82.63,82.324,82.552,17660,0
20140624,82.552,83.085,82.029,82.137,46909,0
20140625,82.077,82.562,82.029,82.503,14976,0
20140626,82.572,82.572,81.822,82.235,15800,0
20140627,82.147,82.443,82.117,82.443,14010,0
20140630,82.443,82.868,82.315,82.76,223100,0
20140701,82.938,83.845,82.938,83.649,155083,0
20140702,83.757,83.806,83.46,83.559,42929,0
20140703,84.083,84.191,83.835,84.143,20844,0
20140707,84.054,84.123,83.569,83.679,35867,0
20140708,83.708,83.796,82.334,82.798,34442,0
20140709,82.966,83.303,82.947,83.214,19127,0
20140710,82.324,83.244,82.087,82.918,177662,0
20140711,83.184,83.234,82.868,83.105,19985,0
20140714,83.747,83.767,83.44,83.509,17802,0
20140715,83.796,83.924,82.898,83.372,19250,0
20140716,83.904,83.974,83.519,83.767,20993,0
20140717,83.055,83.796,82.512,82.582,66313,0
20140718,82.996,83.629,82.818,83.569,52596,0
20140721,83.539,83.767,83.204,83.619,22942,0
20140722,83.994,84.438,83.924,84.269,26783,0
20140723,83.884,83.884,83.332,83.381,21596,0
20140724,83.639,83.914,83.639,83.865,20184,0
20140725,83.747,83.747,83.342,83.539,18727,0
20140728,83.629,83.727,82.966,83.539,14478,0
20140729,83.737,83.767,83.204,83.273,17939,0
20140730,83.679,83.815,83.224,83.727,91784,0
20140731,83.4,83.4,82.097,82.167,42970,0
20140801,81.979,82.413,81.387,81.879,54418,0
20140804,82.068,82.67,81.317,82.512,40522,0
20140805,82.197,82.601,81.662,81.979,30621,0
20140806,81.051,82.207,81.051,81.859,23582,0
20140807,82.226,82.285,81.061,81.278,23203,0
20140808,81.297,82.048,81.248,81.989,39174,0
20140811,82.413,82.818,82.187,82.522,28725,0
20140812,82.562,82.562,81.879,82.255,21610,0
20140813,82.63,83.055,82.542,83.045,24294,0
20140814,83.43,83.43,82.966,83.214,67052,0
20140815,83.669,83.777,82.62,83.214,29026,0
20140818,83.669,84.093,83.669,84.093,47860,0
20140819,84.329,84.645,84.221,84.587,36546,0
20140820,84.518,84.873,84.498,84.853,55547,0
20140821,84.883,85.278,84.764,85.208,33359,0
20140822,85.218,85.318,85.071,85.139,24208,0
20140825,85.496,85.496,84.942,85.101,40028,0
20140826,85.278,85.416,85.218,85.347,36477,0
20140827,85.506,85.506,84.982,85.091,16321,0
20140828,84.843,85.159,84.567,85.071,40149,0
20140829,85.288,85.544,85.101,85.506,25426,0
20140902,85.703,85.771,85.188,85.516,30852,0
20140903,85.781,85.911,85.536,85.663,36673,0
20140904,86.395,86.395,85.406,85.573,23919,0
20140905,85.891,85.97,85.466,85.96,14886,0
20140908,86.029,86.444,85.871,86.166,31924,0
20140909,85.911,86.146,85.396,85.406,22908,0
20140910,85.554,85.95,85.308,85.871,15267,0
20140911,85.713,86.009,85.446,86.009,21098,0
20140912,85.871,86.029,85.318,85.476,31376,0
20140915,85.811,85.811,84.607,84.684,55942,0
20140916,84.458,85.544,84.448,85.486,24823,0
20140917,85.516,85.989,85.416,85.603,23536,0
20140918,85.93,86.395,85.92,86.395,153919,0
20140919,86.72,86.76,85.344,85.701,21447,0
20140922,85.562,85.562,84.394,84.67,23835,0
20140923,84.453,84.889,84.304,84.473,37256,0
20140924,84.314,85.126,84.166,85.097,26633,0
20140925,85.195,85.195,83.493,83.552,32213,0
20140926,83.799,84.284,83.592,84.087,123728,0
20140929,83.384,84.254,83.186,84.254,30967,0
20140930,85.136,85.136,83.928,84.176,31509,0
20141001,83.888,83.908,82.463,82.553,162613,0
20141002,82.483,82.819,81.434,82.573,61129,0
20141003,84.225,84.225,82.998,83.334,39708,0
20141006,83.542,83.77,82.829,83.097,197228,0
20141007,82.751,82.751,81.552,81.562,47981,0
20141008,81.632,83.087,80.78,82.968,38612,0
20141009,82.741,82.761,81.166,81.266,29373,0
20141010,80.464,80.523,78.028,78.038,131511,0
20141013,77.978,78.603,76.84,76.879,77345,0
20141014,77.612,78.296,77.168,77.335,60930,0
20141015,75.92,77.662,75.504,77.534,143066,0
20141016,75.83,77.88,75.83,77.534,63323,0
20141017,78.919,79.236,78.246,78.612,37409,0
20141020,78.108,79.176,77.88,79.166,362466,0
20141021,79.721,81.286,79.721,81.256,77325,0
20141022,81.473,81.532,80.246,80.266,66173,0
20141023,81.068,81.801,80.9,81.424,24781,0
20141024,81.652,82.354,81.473,82.324,48619,0
20141027,82.187,82.641,81.878,82.533,25927,0
20141028,82.761,83.819,82.761,83.74,121462,0
20141029,84.147,84.304,83.246,83.819,62405,0
20141030,83.799,84.562,83.612,84.503,52832,0
20141031,85.968,86.414,85.749,86.324,74649,0
20141103,86.611,87.017,86.541,86.651,118414,0
20141104,86.551,86.938,86.324,86.631,35263,0
20141105,87.294,87.294,86.68,87.196,53838,0
20141106,87.225,87.354,86.898,87.324,105886,0
20141107,87.374,87.374,86.631,87.026,22477,0
20141110,87.066,87.482,86.908,87.403,37911,0
20141111,87.502,87.532,87.026,87.206,86219,0
20141112,86.859,87.374,86.859,87.264,33851,0
20141113,87.512,87.68,86.987,87.196,25464,0
20141114,87.206,87.918,87.206,87.908,54294,0
20141117,87.849,87.928,87.314,87.779,31116,0
20141118,87.869,88.601,87.869,88.403,62361,0
20141119,88.086,88.235,87.482,87.869,30699,0
20141120,87.71,88.195,87.413,88.066,59263,0
20141121,88.967,89.116,88.393,88.611,52208,0
20141124,89.017,89.274,88.858,89.274,40545,0
20141125,89.283,89.73,89.283,89.462,68146,0
20141126,89.522,90.185,89.522,90.185,55110,0
20141128,90.254,90.768,90.214,90.601,17917,0
20141201,90.185,90.462,89.572,89.64,199515,0
20141202,89.798,90.156,89.542,90.046,48699,0
20141203,89.996,91.037,89.996,90.967,55606,0
20141204,90.878,91.116,90.472,90.818,55637,0
20141205,91.174,91.254,90.898,91.184,40522,0
20141208,91.077,91.164,89.7,90.076,98215,0
20141209,89.116,90.224,88.295,90.214,267688,0
20141210,90.026,90.175,88.551,88.631,89366,0
20141211,89.403,90.116,88.947,89.096,41285,0
20141212,88.621,88.897,87.71,87.71,49536,0
20141215,88.432,88.621,87.007,87.462,113200,0
20141216,86.69,88.413,86.521,86.74,52117,0
20141217,86.948,88.373,86.71,88.344,101721,0
20141218,89.64,90.69,89.502,90.671,96140,0
20141219,91.039,91.487,90.779,91.137,111711,0
20141222,91.477,91.875,91.397,91.875,45172,0
20141223,92.352,92.561,92.083,92.083,184589,0
20141224,92.452,92.512,92.133,92.173,25457,0
20141226,92.342,92.561,92.223,92.223,29762,0
20141229,92.223,92.223,91.795,91.875,62808,0
20141230,91.615,91.765,91.187,91.347,55122,0
20141231,91.347,91.715,90.332,90.332,55326,0
20150102,90.73,91.059,89.576,90.332,152176,0
20150105,90.123,90.123,88.59,88.818,109802,0
20150106,88.809,88.968,86.878,87.416,199008,0
20150107,87.714,88.401,87.545,88.102,69017,0
20150108,89.048,90.232,89.048,90.063,56811,0
20150109,90.332,90.461,89.366,89.834,156206,0
20150112,89.904,89.904,88.371,88.65,48321,0
20150113,89.158,90.352,87.515,88.262,53793,0
20150114,87.406,87.784,86.759,87.654,143386,0
20150115,88.092,88.192,86.471,86.481,43206,0
20150116,86.211,87.764,86.072,87.615,175435,0
20150120,87.903,88.312,87.107,88.003,52862,0
20150121,88.072,88.5,87.286,88.252,87340,0
20150122,88.58,89.476,87.704,89.366,72265,0
20150123,89.286,89.764,89.267,89.516,105174,0
20150126,89.128,89.366,88.51,89.257,133143,0
20150127,88.102,88.352,86.928,87.585,138508,0
20150128,88.878,88.878,86.967,86.967,100943,0
20150129,87.017,87.684,86.023,87.495,102904,0
20150130,87.286,87.585,85.883,85.973,110547,0
20150202,86.191,86.958,84.808,86.799,153291,0
20150203,87.595,88.43,87.227,88.371,106327,0
20150204,88.46,89.058,88.182,88.49,93855,0
20150205,88.69,89.207,88.44,89.188,93617,0
20150206,89.556,89.964,88.8,89.038,112629,0
20150209,89.018,89.237,88.63,88.79,77584,0
20150210,89.466,90.232,88.77,90.153,174075,0
20150211,90.571,90.73,90.003,90.501,1301398,0
20150212,91.167,91.964,90.989,91.944,30077,0
20150213,92.203,92.7,92.123,92.671,52035,0
20150217,92.76,92.85,92.283,92.71,86199,0
20150218,92.621,92.91,92.392,92.74,86474,0
20150219,92.492,93.208,92.492,93.118,50217,0
20150220,93.168,93.994,92.87,93.974,115371,0
20150223,93.954,93.954,93.208,93.486,63968,0
20150224,93.586,94.124,93.208,93.924,45757,0
20150225,93.865,94.144,93.646,93.855,46695,0
20150226,94.303,94.621,93.924,94.293,94200,0
20150227,94.353,94.552,93.905,94.174,47865,0
20150302,94.333,95.199,94.174,95.179,217024,0
20150303,94.552,94.801,93.656,93.845,229482,0
20150304,93.746,93.826,92.88,93.486,104996,0
20150305,93.716,93.836,93.318,93.746,104895,0
20150306,93.546,93.566,92.312,92.442,139659,0
20150309,92.671,93.039,92.531,92.92,63399,0
20150310,92.322,92.352,90.889,90.939,80881,0
20150311,90.949,91.437,90.591,90.69,70332,0
20150312,90.571,91.447,90.551,91.387,60787,0
20150313,91.387,91.477,90.342,91.099,95149,0
20150316,91.645,92.432,91.317,92.432,46017,0
20150317,92.233,92.243,91.685,92.054,35668,0
20150318,92.083,93.388,91.287,93.039,60686,0
20150319,93.148,93.248,92.91,93.059,46620,0
20150320,93.498,94.127,93.468,93.917,31078,0
20150323,93.927,94.077,93.668,93.678,69178,0
20150324,93.738,93.788,93.099,93.099,37797,0
20150325,93.079,93.079,90.416,90.416,110685,0
20150326,89.569,90.646,89.07,90.327,103467,0
20150327,90.426,91.414,90.037,91.344,156904,0
20150330,92.052,92.451,91.763,92.351,80808,0
20150331,92.122,92.311,91.663,91.663,51269,0
20150401,91.653,91.653,90.566,91.095,302580,0
20150402,91.234,91.803,91.005,91.344,52636,0
20150406,90.765,91.843,90.317,91.653,159611,0
20150407,91.474,92.411,91.474,91.763,43707,0
20150408,92.062,92.461,91.823,92.242,50029,0
20150409,92.192,92.83,91.962,92.76,46998,0
20150410,92.551,93.139,92.551,93.139,110585,0
20150413,93.379,93.379,92.371,92.481,34389,0
20150414,92.331,92.571,91.723,92.192,33887,0
20150415,92.531,93.379,92.521,93.129,36249,0
20150416,92.571,93.03,92.561,92.85,53186,0
20150417,91.922,92.252,91.204,91.563,44414,0
20150420,92.102,92.621,91.773,92.511,50976,0
20150421,93.279,93.279,92.78,92.94,46188,0
20150422,93.219,93.847,92.75,93.758,82674,0
20150423,93.259,94.127,93.109,93.808,38900,0
20150424,93.887,93.897,92.94,93.269,141483,0
20150427,93.359,93.798,93.01,93.05,57649,0
20150428,93.259,93.558,92.411,93.409,35801,0
20150429,92.97,93.319,92.331,93.06,113693,0
20150430,92.671,92.99,91.703,92.142,71284,0
20150501,92.75,93.648,92.75,93.548,270597,0
20150504,93.828,94.017,93.648,93.788,83214,0
20150505,93.259,93.508,92.232,92.391,65770,0
20150506,92.81,92.89,91.573,92.022,41376,0
20150507,92.052,92.82,92.052,92.651,35032,0
20150508,93.468,93.798,93.329,93.688,50330,0
20150511,93.468,93.738,93.369,93.389,33988,0
20150512,92.81,93.169,92.212,92.85,37981,0
20150513,93.089,93.598,93.01,93.289,36856,0
20150514,93.778,94.635,93.758,94.615,59955,0
20150515,94.915,94.915,94.087,94.236,32771,0
20150518,94.236,94.905,94.167,94.835,43400,0
20150519,95.014,95.054,94.456,94.536,54690,0
20150520,94.955,95.004,94.516,94.586,20047,0
20150521,94.416,94.815,94.256,94.675,33687,0
20150522,94.596,95.034,94.566,94.825,35391,0
20150526,94.256,94.536,93.169,93.508,50171,0
20150527,93.738,95.433,93.658,95.364,34288,0
20150528,95.054,95.274,94.975,95.214,27959,0
20150529,95.374,95.374,94.576,94.865,291150,0
20150601,95.034,95.374,94.486,95.094,44934,0
20150602,94.506,95.294,94.316,94.885,24297,0
20150603,95.054,95.443,94.855,94.955,39602,0
20150604,94.326,94.825,93.788,94.017,138056,0
20150605,93.927,94.286,93.299,94.207,33386,0
20150608,94.316,94.316,92.83,92.94,35391,0
20150609,92.84,92.91,92.082,92.76,55039,0
20150610,93.06,94.217,93.06,94.077,157797,0
20150611,94.486,94.556,94.117,94.177,97974,0
20150612,93.957,93.957,93.439,93.608,26368,0
20150615,92.94,93.089,92.172,93.01,46720,0
20150616,92.671,93.618,92.671,93.538,42008,0
20150617,93.708,93.977,93.229,93.738,47924,0
20150618,93.808,94.785,93.808,94.745,47121,0
20150619,94.68,94.76,94.09,94.36,29400,0
20150622,94.73,95.03,94.58,94.84,26000,0
20150623,95.03,95.03,94.41,94.63,104879,0
20150624,94.53,94.57,93.83,93.84,34800,0
20150625,94.04,94.12,93.49,93.61,71700,0
20150626,93.3,93.35,92.07,92.35,74900,0
20150629,91.44,91.81,90.15,90.26,76300,0
20150630,90.88,90.88,89.96,90.24,106638,0
20150701,90.85,91.16,90.38,90.76,185100,0
20150702,90.85,90.87,90.32,90.74,59900,0
20150706,90,90.57,89.58,90.05,46100,0
20150707,89.75,90.37,88.26,90.24,65200,0
20150708,89.51,89.64,88.62,88.63,42700,0
20150709,89.71,90.04,88.57,88.58,72700,0
20150710,89.53,89.95,89.1,89.8,88600,0
20150713,90.24,90.78,90.06,90.69,162900,0
20150714,91.02,91.31,90.97,91.13,90871,0
20150715,91.19,91.21,90.62,90.81,56082,0
20150716,91.37,91.46,91.09,91.45,54900,0
20150717,91.42,91.59,91.19,91.52,47600,0
20150720,91.7,91.89,91.53,91.58,41800,0
20150721,91.42,91.87,91.21,91.33,55900,0
20150722,90.3,90.8,90.3,90.6,339400,0
20150723,91.09,91.79,90.74,90.89,40000,0
20150724,91.17,91.32,89.95,90.18,688600,0
20150727,89.63,89.8,89.11,89.16,109400,0
20150728,89.63,90.62,88.91,90.47,80600,0
20150729,90.42,91.26,90.15,91.2,49500,0
20150730,90.88,91.67,90.52,91.48,43300,0
20150731,91.71,91.71,91.17,91.24,101400,0
20150803,91.25,91.25,90.38,90.99,1042630,0
20150804,91.01,91.14,90.47,90.78,63800,0
20150805,91.48,92.54,91.48,92.09,86500,0
20150806,92.15,92.15,90.56,90.73,60826,0
20150807,90.72,91.04,90.38,91.01,77700,0
