Date,Open,High,Low,Close,Volume,OpenInt
20071221,45.558,45.759,45.558,45.759,11004,0
20071224,45.75,45.75,45.75,45.75,10898,0
20071227,46.577,46.577,46.577,46.577,111,0
20071228,46.006,46.006,45.934,45.934,546,0
20080102,46.906,46.925,46.906,46.925,763,0
20080104,45.906,45.906,45.834,45.834,1418,0
20080107,44.888,44.888,44.888,44.888,111,0
20080109,45.438,45.438,45.438,45.438,111,0
20080116,42.172,42.172,41.822,41.869,6100,0
20080118,43.346,43.346,43.015,43.015,982,0
20080122,40.592,40.592,40.592,40.592,111,0
20080124,42.263,42.263,42.263,42.263,111,0
20080125,43.888,43.888,43.227,43.227,1308,0
20080128,43.071,43.759,42.556,43.732,27785,0
20080129,43.97,43.97,42.997,43.191,27675,0
20080130,44.052,44.052,42.712,42.759,7737,0
20080131,44.512,44.677,44.044,44.677,10569,0
20080201,44.906,44.906,44.273,44.548,23971,0
20080204,44.97,44.97,44.769,44.879,6972,0
20080205,44.557,44.557,43.576,44.098,9915,0
20080206,43.594,43.594,42.776,42.776,11332,0
20080207,43.034,43.079,42.63,42.97,20704,0
20080208,42.694,42.694,42.125,42.144,4250,0
20080211,41.529,42.345,41.529,42.345,3596,0
20080212,42.226,42.226,41.685,41.777,14601,0
20080213,41.62,41.62,41.282,41.437,8827,0
20080214,42.492,42.538,42.282,42.282,3596,0
20080215,42.447,43.181,42.447,43.153,6100,0
20080219,43.942,43.942,43.117,43.713,12749,0
20080220,42.795,42.795,42.061,42.189,5448,0
20080221,43.135,43.135,43.098,43.098,2725,0
20080222,43.3,43.3,42.914,43.143,1744,0
20080225,43.191,44.052,43.191,44.052,2725,0
20080226,43.52,43.52,43.015,43.438,3051,0
20080227,44.787,44.787,44.273,44.401,4577,0
20080228,44.548,44.548,43.382,43.382,20483,0
20080229,44.191,44.191,43.749,43.749,1961,0
20080303,43.749,43.749,43.079,43.079,6211,0
20080304,42.888,42.888,42.135,42.172,3269,0
20080305,43.053,43.053,42.025,42.236,2288,0
20080306,43.41,43.41,42.07,42.218,5230,0
20080307,42.888,42.888,42.254,42.254,2288,0
20080310,42.575,42.575,41.749,41.749,1199,0
20080311,42.538,42.538,42.409,42.409,546,0
20080312,42.814,42.814,42.786,42.786,217,0
20080313,42.354,42.354,41.538,42.08,3705,0
20080314,42.016,42.016,41.3,41.3,1634,0
20080317,41.282,41.556,41.079,41.079,2615,0
20080318,41.638,41.638,41.088,41.291,12966,0
20080319,42.319,42.319,40.804,40.914,14492,0
20080320,40.601,41.841,40.601,41.841,5884,0
20080324,43.135,43.382,42.447,43.382,4577,0
20080325,42.989,42.989,42.989,42.989,111,0
20080326,43.548,43.603,43.548,43.603,653,0
20080327,43.585,44.329,43.585,43.723,3596,0
20080328,44.557,44.557,44.392,44.502,1526,0
20080331,43.007,44.116,43.007,44.044,6429,0
20080401,44.613,44.658,44.521,44.658,5013,0
20080402,44.658,44.695,43.585,43.896,4904,0
20080403,44.329,44.787,44.145,44.502,6864,0
20080404,44.419,44.419,43.961,44.3,1526,0
20080407,45.09,45.09,44.75,44.75,4358,0
20080408,44.457,44.457,44.199,44.199,327,0
20080409,43.869,43.869,43.41,43.41,546,0
20080410,43.566,43.566,43.015,43.015,1526,0
20080411,44.585,44.585,43.456,43.732,2180,0
20080414,43.612,43.612,43.612,43.612,217,0
20080415,43.768,43.768,43.658,43.658,1308,0
20080416,44.401,44.401,44.355,44.355,653,0
20080417,44.41,44.41,43.925,44.052,1130,0
20080418,44.044,44.347,44.044,44.199,5775,0
20080421,43.861,44.007,43.813,44.007,1081,0
20080422,43.997,43.997,43.63,43.63,763,0
20080423,43.98,43.98,43.723,43.942,3487,0
20080424,43.685,43.813,42.896,43.813,3377,0
20080425,42.327,44.632,42.327,44.282,4467,0
20080428,44.494,44.685,44.494,44.685,1133,0
20080429,45.219,45.219,44.714,44.714,3160,0
20080501,44.548,44.97,44.548,44.97,1502,0
20080502,45.135,45.135,44.916,44.916,599,0
20080505,45.494,45.494,45.494,45.494,1089,0
20080506,45.622,45.678,45.503,45.678,3217,0
20080507,45.411,45.411,45.163,45.163,327,0
20080508,45.878,46.274,45.878,46.274,5413,0
20080509,45.575,45.631,45.521,45.521,1744,0
20080512,45.566,45.687,45.485,45.485,3976,0
20080513,45.622,45.622,45.247,45.247,1972,0
20080514,45.887,45.887,45.347,45.594,5150,0
20080515,46.871,47.174,46.715,47.081,20197,0
20080516,46.898,47.265,46.898,47.227,9833,0
20080519,47.218,47.724,46.246,47.155,22700,0
20080520,46.724,46.852,46.44,46.778,2288,0
20080521,46.677,46.677,46.127,46.127,1052,0
20080522,46.109,46.641,46.109,46.641,6100,0
20080523,45.897,46.98,45.897,46.403,12570,0
20080527,46.016,46.219,46.016,46.219,5540,0
20080528,45.887,45.887,45.301,45.521,11332,0
20080529,45.916,46.173,45.916,46.163,4087,0
20080530,46.595,46.769,46.347,46.622,12454,0
20080602,47.393,47.393,46.549,46.549,3261,0
20080603,46.274,46.347,46.137,46.137,1418,0
20080604,45.328,46.962,45.328,46.962,2500,0
20080605,46.733,47.09,46.733,47.09,7796,0
20080606,46.44,46.44,45.466,45.466,7693,0
20080609,45.291,45.291,45.126,45.126,871,0
20080610,44.622,44.622,44.126,44.145,3051,0
20080611,44.603,44.603,43.915,43.915,893,0
20080612,43.648,43.823,43.135,43.374,7540,0
20080613,43.401,43.851,43.392,43.851,14601,0
20080616,44.466,44.75,43.778,44.329,100880,0
20080617,45.402,45.972,44.164,44.181,28911,0
20080618,44.714,45.044,43.648,43.768,202324,0
20080619,43.594,43.594,42.694,43.429,39770,0
20080620,43.778,43.778,42.447,42.648,57760,0
20080623,42.888,42.888,42.676,42.731,14124,0
20080624,42.859,42.859,42.282,42.667,16982,0
20080625,42.63,43.456,42.63,42.997,25463,0
20080626,42.74,42.74,41.941,42.144,20756,0
20080627,42.585,42.979,41.63,42.74,42569,0
20080630,43.558,43.558,43.153,43.273,7084,0
20080701,42.85,42.96,42.547,42.951,233240,0
20080702,42.686,42.75,41.492,41.667,19765,0
20080703,42.483,42.483,41.455,41.575,6548,0
20080707,42.621,42.621,41.566,41.749,7426,0
20080708,41.501,42.016,40.382,41.987,10655,0
20080709,41.474,41.474,40.712,40.85,21258,0
20080710,40.85,40.932,40.795,40.814,4087,0
20080711,41.253,41.786,40.262,40.748,7529,0
20080714,42.199,42.199,40.611,40.758,5448,0
20080715,41.207,41.207,39.923,40.804,11256,0
20080716,41.051,41.483,41.051,41.483,2408,0
20080717,41.584,41.732,41.051,41.732,12803,0
20080718,41.006,41.006,40.125,40.428,22402,0
20080721,40.666,40.766,40.666,40.766,4164,0
20080722,41.272,41.335,40.409,40.997,11042,0
20080723,41.088,41.758,41.088,41.3,8007,0
20080724,41.63,41.63,41.291,41.391,4141,0
20080725,41.3,41.612,41.3,41.492,1838,0
20080728,41.758,41.758,41.061,41.152,5397,0
20080729,41.069,41.529,40.895,41.207,4408,0
20080730,41.758,41.758,41.575,41.575,5027,0
20080731,41.62,41.62,41.437,41.437,1526,0
20080801,41.732,41.732,40.904,40.904,12046,0
20080804,40.392,40.392,39.51,39.683,21115,0
20080805,39.648,40.143,39.527,40.014,29486,0
20080806,41.253,41.391,39.813,39.813,3492,0
20080807,40.152,40.152,39.436,39.436,11903,0
20080808,39.271,39.767,39.198,39.767,9826,0
20080811,40.089,40.089,39.748,39.977,7047,0
20080812,40.17,40.17,39.455,39.501,13376,0
20080813,39.355,39.355,38.509,38.509,9312,0
20080814,38.583,38.583,37.802,38.399,16671,0
20080815,38.646,38.646,38.078,38.124,4852,0
20080818,38.427,38.849,38.427,38.536,944,0
20080819,38.446,38.446,37.793,37.84,8172,0
20080820,38.602,38.602,38.253,38.546,9807,0
20080821,38.721,38.821,37.628,38.821,10898,0
20080822,38.518,38.546,38.518,38.546,5671,0
20080825,38.5,38.5,38.134,38.152,3389,0
20080826,37.959,39.29,36.408,38.509,17395,0
20080827,38.437,38.583,38.408,38.583,6100,0
20080828,38.839,39.252,38.839,39.033,15036,0
20080829,39.658,39.658,39.336,39.39,4304,0
20080902,38.518,38.693,38.381,38.491,21745,0
20080903,38.399,38.408,38.161,38.28,10787,0
20080904,38.087,38.087,37.4,37.445,11254,0
20080905,37.583,37.637,37.298,37.637,7978,0
20080908,37.921,38.143,37.426,37.921,28439,0
20080909,38.408,38.408,37.445,37.445,15478,0
20080910,37.849,37.849,37.464,37.628,11986,0
20080911,37.683,37.72,36.986,37.618,63742,0
20080912,37.766,37.921,37.729,37.921,19503,0
20080915,36.114,37.132,35.701,36.555,13620,0
20080916,37.115,37.115,36.564,37.031,16998,0
20080917,36.775,38.143,35.399,35.738,18752,0
20080918,35.627,38.161,35.627,37.812,22186,0
20080919,39.096,39.29,36.784,38.611,3134,0
20080922,37.931,38.344,36.701,36.794,5475,0
20080923,35.959,37.123,35.609,35.949,44931,0
20080924,36.829,37.546,36.82,37.087,28724,0
20080925,37.674,37.912,37.371,37.647,14656,0
20080926,36.94,37.418,36.683,37.418,4972,0
20080929,41.162,41.162,34.994,34.994,18630,0
20080930,36.307,36.325,35.352,36.325,12671,0
20081001,34.508,36.279,34.508,36.206,9701,0
20081002,34.874,34.874,33.718,34.416,24462,0
20081003,34.665,34.665,33.481,33.481,6335,0
20081006,34.104,34.104,31.36,32.562,37789,0
20081007,34.05,34.05,30.286,31.442,21722,0
20081008,31.691,31.828,30.011,30.534,7785,0
20081009,30.433,32.47,28.863,28.863,7681,0
20081010,28.01,28.983,25.946,26.597,11784,0
20081013,27.166,30.69,26.661,30.69,7955,0
20081014,33.223,33.875,30.47,31.461,5846,0
20081015,31.663,31.663,29.157,29.157,14334,0
20081016,29.469,30.405,29.148,30.368,12962,0
20081017,30.828,31.755,28.919,31.259,19928,0
20081020,33.315,33.315,32.306,32.938,5056,0
20081021,31.691,32.067,31.47,31.891,9459,0
20081022,29.864,31.351,29.368,30.065,20080,0
20081023,32.847,32.847,29.827,29.91,17221,0
20081024,26.183,30.718,26.183,30.011,15207,0
20081027,28.451,29.277,27.9,28.781,8280,0
20081028,28.937,32.673,28.937,32.644,17340,0
20081029,32.288,32.288,30.58,30.58,4141,0
20081030,33.041,33.041,31.901,32.113,2861,0
20081031,32.562,32.829,32.123,32.426,6484,0
20081103,33.379,33.489,32.397,33.489,7494,0
20081104,33.984,34.718,33.984,34.718,14097,0
20081105,35.774,35.774,31.91,33.196,43038,0
20081106,33.471,33.471,31.535,31.654,4904,0
20081107,31.626,33.269,31.626,33.131,5953,0
20081110,33.921,34.059,33.36,33.36,7129,0
20081111,34.665,34.665,32.048,32.323,5797,0
20081112,32.92,32.92,31.939,31.939,113728,0
20081113,32.865,33.25,31.82,33.25,119561,0
20081114,31.755,33.453,31.755,32.901,63702,0
20081117,31.204,32.782,31.204,32.782,11274,0
20081118,32.416,33.048,31.975,33.048,14384,0
20081119,32.452,32.452,30.792,30.792,7227,0
20081120,31.782,31.782,30.194,30.286,13060,0
20081121,32.242,32.728,30.57,32.297,12231,0
20081124,32.875,34.718,32.875,33.994,149959,0
20081125,34.874,34.874,31.957,33.196,18348,0
20081126,32.673,33.489,32.644,33.489,7403,0
20081128,33.343,33.343,33.041,33.041,54589,0
20081201,32.92,32.92,30.883,31.553,20716,0
20081202,32.313,33.196,30.864,32.838,6661,0
20081203,32.616,33.766,32.6,33.463,6333,0
20081204,33.168,33.425,32.572,32.782,5340,0
20081205,32.131,33.241,31.663,32.894,5660,0
20081208,35.224,35.224,34.233,34.958,32916,0
20081209,35.527,35.527,33.223,34.268,8626,0
20081210,35.875,35.875,33.453,34.554,65997,0
20081211,35.792,35.792,33.662,34.571,5392,0
20081212,34.242,35.536,34.242,35.425,6592,0
20081215,35.692,35.692,33.884,35.352,17795,0
20081216,35.765,36.949,35.765,36.949,7448,0
20081217,36.307,37.123,36.307,37.106,15091,0
20081218,37.628,37.628,35.425,35.425,4722,0
20081219,35.334,35.747,34.912,34.994,14513,0
20081222,35.499,35.728,33.856,34.05,16263,0
20081223,34.718,34.718,33.71,33.847,3818,0
20081224,34.416,34.665,34.416,34.571,2180,0
20081226,35.692,35.692,35.159,35.297,16542,0
20081229,35.187,35.921,35.187,35.894,21971,0
20081230,37.344,37.344,35.6,37.022,6058,0
20081231,38.308,38.308,35.811,36.665,7005,0
20090102,36.775,37.528,36.252,36.262,11222,0
20090105,34.994,35.435,33.949,35.242,8934,0
20090106,34.371,35.242,34.031,34.737,6900,0
20090107,34.518,34.518,32.91,33.7,4441,0
20090108,33.681,34.637,33.681,34.416,4707,0
20090109,34.627,34.627,34.187,34.187,1037,0
20090112,33.965,34.287,33.076,33.481,32253,0
20090113,33.36,33.618,33.36,33.379,12228,0
20090114,32.857,32.875,32.067,32.572,2861,0
20090115,33.041,33.792,32.213,33.7,10661,0
20090116,33.902,33.949,33.425,33.756,6737,0
20090120,33.15,33.15,32.251,32.625,2016,0
20090121,32.884,33.902,32.884,33.718,7217,0
20090122,33.434,33.481,32.681,32.681,4622,0
20090123,32.332,33.628,32.332,33.628,5707,0
20090127,34.379,34.562,34.278,34.425,4777,0
20090128,34.784,35.031,34.784,34.949,18089,0
20090129,34.085,34.085,33.131,33.131,808,0
20090130,33.36,33.637,32.875,33.041,4091,0
20090202,32.792,33.397,32.792,33.204,8158,0
20090203,33.16,33.599,33.16,33.36,9360,0
20090204,33.646,33.681,33.204,33.434,6972,0
20090205,32.92,33.582,32.838,33.481,32215,0
20090206,33.131,33.26,32.782,33.013,26977,0
20090209,32.444,32.81,32.242,32.591,7867,0
20090210,31.626,31.626,31.626,31.626,217,0
20090211,31.663,31.691,31.663,31.691,6536,0
20090212,31.654,31.654,31.507,31.544,1871,0
20090213,31.691,31.691,31.479,31.479,1199,0
20090217,30.745,31.269,30.534,30.735,13542,0
20090218,30.8,31.176,30.735,30.966,8284,0
20090219,30.984,31.214,30.149,30.149,8952,0
20090220,28.882,30.084,28.882,29.68,15122,0
20090223,29.938,29.938,28.845,29.066,5993,0
20090224,29.157,29.791,28.863,29.791,9681,0
20090225,29.259,29.478,28.542,28.818,8960,0
20090226,28.579,29.543,28.313,28.313,4118,0
20090227,28.148,29.268,28.148,28.451,8901,0
20090302,28.653,28.653,27.745,27.762,6688,0
20090303,28.35,28.35,27.689,27.882,982,0
20090304,28.359,29.277,28.359,29.139,7355,0
20090305,29.084,29.084,28.304,28.304,3297,0
20090306,28.313,28.57,27.707,27.717,16049,0
20090309,27.992,28.074,27.707,27.707,2132,0
20090310,28.991,29.121,28.763,28.763,7426,0
20090311,28.726,28.726,28.726,28.726,111,0
20090312,28.662,28.726,28.662,28.726,871,0
20090313,28.56,28.698,28.203,28.698,6936,0
20090316,29.497,29.91,29.497,29.727,2909,0
20090317,29.176,29.698,28.882,29.698,5868,0
20090318,29.001,29.938,29.001,29.938,4112,0
20090319,30.534,30.589,30.534,30.589,6857,0
20090320,30.286,30.286,29.827,29.827,763,0
20090323,31.195,31.259,31.131,31.259,2397,0
20090324,30.902,31.102,30.397,30.397,5144,0
20090325,30.919,31.929,30.902,31.517,37391,0
20090326,31.745,32.039,31.745,32.039,2668,0
20090327,32.085,33.048,31.498,31.626,6627,0
20090330,31.204,31.204,30.415,30.516,763,0
20090401,30.617,31.507,30.617,31.507,4250,0
20090402,32.029,33.646,31.91,32.141,7464,0
20090403,31.654,31.654,31.278,31.278,26880,0
20090406,30.69,30.69,30.258,30.333,2138,0
20090407,30.397,30.773,30.397,30.561,6757,0
20090408,30.8,30.828,30.718,30.792,4904,0
20090409,31.663,31.682,31.663,31.682,663,0
20090413,31.58,31.598,31.58,31.598,436,0
20090414,31.517,31.975,31.517,31.975,2243,0
20090415,31.379,31.975,31.379,31.975,4564,0
20090416,31.865,32.039,31.847,32.039,2725,0
20090417,32.029,32.029,31.891,31.891,3269,0
20090420,31.517,32.011,31.452,31.517,2498,0
20090421,31.314,31.939,31.314,31.929,110590,0
20090422,31.855,32.489,31.855,32.113,18094,0
20090423,32.141,32.297,32.141,32.297,1254,0
20090424,32.625,33.031,32.608,32.819,3345,0
20090427,32.847,33.25,32.535,32.763,103226,0
20090428,32.123,32.176,32.048,32.176,871,0
20090429,32.213,32.92,32.213,32.635,6864,0
20090430,32.663,32.719,31.985,32.149,21085,0
20090501,34.416,34.416,31.948,32.02,38854,0
20090504,32.104,33.066,32.104,32.857,3893,0
20090505,32.947,33.122,32.947,33.076,4081,0
20090506,33.085,33.766,33.085,33.766,546,0
20090507,33.609,33.609,32.232,32.8,33251,0
20090508,33.296,33.7,33.296,33.7,839,0
20090511,33.231,33.691,33.231,33.306,29364,0
20090512,33.81,34.233,33.783,34.031,11658,0
20090513,33.965,33.965,33.498,33.637,5191,0
20090514,33.792,34.362,33.766,33.956,22856,0
20090515,34.59,34.82,34.122,34.416,17464,0
20090518,34.949,36.159,34.691,35.233,8825,0
20090519,35.499,35.499,34.646,34.939,54383,0
20090520,35.664,35.738,35.233,35.407,18106,0
20090521,34.737,35.215,34.737,34.976,11566,0
20090522,35.407,35.454,35.242,35.399,2288,0
20090526,35.811,36.683,35.811,36.665,9854,0
20090527,35.894,36.086,35.527,35.527,6285,0
20090528,35.563,35.802,35.233,35.765,9976,0
20090529,35.692,36.086,35.692,36.086,3513,0
20090601,36.417,36.794,36.398,36.509,1858,0
20090602,36.344,36.858,36.344,36.756,5359,0
20090603,36.38,36.38,35.967,35.967,1744,0
20090604,36.555,36.949,36.555,36.581,7075,0
20090605,35.967,36.334,35.967,36.114,1918,0
20090608,36.124,36.178,35.472,36.178,19001,0
20090609,36.453,36.591,36.279,36.591,1744,0
20090610,36.949,36.949,36.013,36.683,14369,0
20090611,37.334,37.499,35.573,37.161,8794,0
20090612,36.922,37.078,36.884,36.884,6420,0
20090615,37.262,37.849,36.6,36.812,38962,0
20090616,38.078,39.373,36.371,36.417,26409,0
20090617,37.106,38.427,37.106,37.344,120226,0
20090618,37.464,37.775,37.178,37.371,41278,0
20090619,36.72,37.353,36.72,37.161,7797,0
20090622,37.298,37.298,36.481,36.526,4642,0
20090623,36.711,37.215,36.646,37.097,15219,0
20090624,37.353,37.601,37.022,37.031,2273,0
20090625,37.197,37.996,37.068,37.996,4091,0
20090626,37.912,38.381,37.912,38.344,1984,0
20090629,38.262,38.262,37.996,38.215,2028,0
20090630,38.041,38.087,37.325,37.693,5233,0
20090701,38.143,38.464,38.143,38.308,9405,0
20090702,37.729,37.766,37.262,37.353,83605,0
20090706,37.729,38.087,37.628,37.931,49639,0
20090707,38.023,38.023,37.362,37.362,9136,0
20090708,37.555,37.858,37.454,37.647,39553,0
20090709,37.445,37.775,36.637,37.729,1634,0
20090710,37.583,37.583,37.014,37.481,2751,0
20090713,36.72,37.078,36.701,37.022,6773,0
20090714,37.004,37.004,36.728,36.728,5541,0
20090715,37.334,37.454,37.097,37.454,1413,0
20090716,36.922,37.022,36.867,36.949,16246,0
20090717,37.041,37.041,36.784,36.922,4866,0
20090720,37.106,37.573,37.106,37.537,8510,0
20090721,38.087,38.087,37.84,37.84,2075,0
20090722,38.041,38.5,38.041,38.234,6684,0
20090723,38.17,38.655,38.051,38.638,9731,0
20090724,38.253,38.693,38.253,38.509,4262,0
20090727,37.94,38.968,37.876,38.408,18692,0
20090728,38.096,38.482,38.051,38.179,7505,0
20090729,38.198,38.418,38.023,38.078,21333,0
20090730,38.335,38.958,38.335,38.812,3088,0
20090731,38.812,39.023,38.629,39.023,6186,0
20090803,39.38,39.583,39.38,39.38,327,0
20090804,39.326,39.373,38.939,39.133,8114,0
20090805,38.674,38.793,38.556,38.739,5670,0
20090806,38.757,38.757,38.546,38.583,1227,0
20090807,38.418,38.629,38.188,38.621,5192,0
20090810,38.096,38.308,38.087,38.096,2908,0
20090811,38.482,38.924,38.482,38.611,7023,0
20090812,38.905,39.161,38.684,39.096,19422,0
20090813,39.364,39.364,39.142,39.161,3514,0
20090814,39.683,39.849,39.005,39.243,7597,0
20090817,38.711,39.271,38.592,38.821,14008,0
20090818,38.821,39.198,38.821,39.115,2668,0
20090819,39.07,39.602,39.07,39.51,3061,0
20090820,39.729,40.107,39.464,40.042,5191,0
20090821,40.235,40.52,39.969,40.52,34338,0
20090824,40.436,40.436,39.721,39.822,14194,0
20090825,40.042,40.685,38.877,40.501,6458,0
20090826,40.538,40.538,40.254,40.455,14679,0
20090827,40.758,40.904,40.298,40.841,4380,0
20090828,40.988,40.988,40.436,40.748,5895,0
20090831,40.647,40.647,40.373,40.647,2725,0
20090901,40.538,40.611,39.693,39.794,7545,0
20090902,40.089,40.492,39.804,40.133,15307,0
20090903,40.208,40.208,39.721,39.767,4919,0
20090904,39.474,40.133,39.426,40.024,7434,0
20090908,40.245,40.373,39.913,40.143,118185,0
20090909,40.254,40.895,40.245,40.592,6347,0
20090910,40.639,41.051,40.501,40.831,27519,0
20090911,41.024,41.263,40.979,41.171,9950,0
20090914,40.695,41.015,40.501,40.969,13877,0
20090915,40.556,40.712,40.189,40.547,3868,0
20090916,40.657,40.657,40.152,40.226,6748,0
20090917,40.272,40.272,39.84,40.061,4995,0
20090918,40.089,40.841,40.051,40.152,2700,0
20090921,39.639,39.739,39.464,39.739,2309,0
20090922,40.133,40.216,40.014,40.208,3710,0
20090923,40.418,40.418,39.729,39.867,28126,0
20090924,40.859,40.859,39.84,39.84,8859,0
20090925,40.436,40.436,40.436,40.436,111,0
20090928,40.373,41.061,40.373,40.914,18207,0
20090929,40.336,40.336,39.739,39.776,6493,0
20090930,40.436,40.582,39.767,40.061,34592,0
20091001,39.62,39.62,39.087,39.28,7802,0
20091002,38.352,38.905,38.352,38.509,14283,0
20091005,38.179,38.73,38.179,38.665,6912,0
20091006,38.821,39.28,38.711,38.924,2534,0
20091007,38.905,39.464,38.905,39.096,915,0
20091008,39.464,39.969,39.464,39.593,10337,0
20091009,39.648,39.648,39.345,39.593,2450,0
20091012,40.033,40.097,39.574,39.602,3765,0
20091013,39.38,39.629,39.38,39.555,631,0
20091014,39.923,40.024,39.721,40.024,4573,0
20091015,39.555,39.639,39.106,39.355,14531,0
20091016,38.812,38.886,38.408,38.684,21234,0
20091019,39.078,39.602,39.078,39.574,2303,0
20091020,39.474,39.474,39.005,39.005,1308,0
20091021,39.399,39.62,39.399,39.602,1775,0
20091022,38.996,39.564,38.895,39.564,8142,0
20091023,38.895,39.061,38.418,38.546,6094,0
20091026,38.73,39.38,38.527,38.527,8092,0
20091027,38.592,38.629,38.115,38.362,2830,0
20091028,38.243,38.546,38.087,38.134,9141,0
20091029,38.289,38.684,38.289,38.482,10492,0
20091030,38.655,38.793,38.087,38.087,3336,0
20091102,38.868,39.418,38.693,39.061,3347,0
20091103,38.308,39.005,38.308,38.803,9638,0
20091104,38.775,39.042,38.638,38.638,15800,0
20091105,39.033,39.28,38.812,39.161,10629,0
20091106,38.472,38.565,38.408,38.527,853,0
20091109,39.033,39.171,38.958,39.142,2737,0
20091110,38.665,38.877,38.546,38.812,16642,0
20091111,38.749,38.749,38.215,38.491,5794,0
20091112,37.784,37.812,37.142,37.4,9975,0
20091113,37.738,37.977,37.49,37.637,7094,0
20091116,37.637,38.134,37.637,38.059,22181,0
20091117,37.289,37.344,36.803,37.344,6045,0
20091118,37.206,37.206,36.462,37.041,18518,0
20091119,36.637,36.646,36.133,36.233,26960,0
20091120,36.756,36.848,36.509,36.848,5311,0
20091123,37.022,37.418,37.022,37.298,1166,0
20091124,36.701,36.903,36.031,36.252,6154,0
20091125,36.665,36.665,36.481,36.61,1295,0
20091127,36.61,37.27,36.61,36.894,1101,0
20091130,37.418,37.445,37.068,37.445,2500,0
20091201,38.418,38.574,38.17,38.574,4369,0
20091202,38.621,38.621,38.27,38.27,5898,0
20091203,38.583,38.793,38.371,38.371,2976,0
20091204,38.308,38.757,38.308,38.39,752,0
20091207,38.087,38.087,37.849,37.849,436,0
20091208,37.931,37.931,37.729,37.849,1700,0
20091209,38.344,38.344,38.087,38.124,4104,0
20091210,38.179,38.335,37.996,37.996,4674,0
20091211,37.912,37.912,37.784,37.912,1875,0
20091214,38.179,38.352,37.931,38.352,5954,0
20091215,37.95,37.95,37.802,37.812,2848,0
20091216,37.876,38.253,37.876,38.096,2725,0
20091217,37.748,37.748,37.49,37.565,2180,0
20091218,37.565,37.886,37.454,37.674,6021,0
20091221,37.858,37.858,37.628,37.712,5450,0
20091222,37.142,37.142,36.784,36.848,4385,0
20091223,37.28,37.28,37.041,37.059,2013,0
20091224,37.142,37.169,37.142,37.169,2205,0
20091228,37.106,37.464,37.106,37.344,26555,0
20091229,37.546,37.546,37.307,37.307,7965,0
20091230,36.545,37.307,36.545,36.875,5673,0
20091231,36.949,36.949,36.701,36.701,1902,0
20100104,37.464,37.712,37.371,37.712,7166,0
20100105,37.712,37.821,37.61,37.702,7270,0
20100106,37.729,37.812,37.481,37.693,36286,0
20100107,37.142,37.518,37.142,37.518,10783,0
20100108,37.802,37.912,37.546,37.912,3863,0
20100111,38.5,38.5,37.849,38.096,3786,0
20100112,37.959,38.464,37.959,38.28,8492,0
20100113,38.335,38.767,38.335,38.739,7138,0
20100114,38.793,39.18,38.362,39.052,16049,0
20100115,38.886,39.106,38.536,38.821,7823,0
20100119,39.061,39.336,39.042,39.234,25798,0
20100120,38.638,38.638,38.224,38.362,37313,0
20100121,38.621,38.73,38.115,38.381,3441,0
20100122,38.188,38.472,38.051,38.059,3336,0
20100125,38.454,38.527,38.179,38.262,3291,0
20100126,38.427,38.5,38.179,38.179,1961,0
20100127,37.977,37.977,37.628,37.793,2180,0
20100128,38.078,38.078,37.316,37.381,697,0
20100129,37.565,37.592,37.225,37.225,3487,0
20100201,37.197,37.225,37.106,37.161,1180,0
20100202,37.784,38.105,37.464,38.023,9028,0
20100203,37.775,37.775,37.528,37.546,3160,0
20100204,37.546,37.546,37.197,37.215,1449,0
20100205,36.959,37.334,36.784,37.031,14188,0
20100208,36.922,37.39,36.922,37.05,4487,0
20100209,37.435,37.537,37.142,37.4,3077,0
20100211,37.161,37.362,37.161,37.28,738,0
20100212,37.031,37.115,36.94,37.041,10736,0
20100216,37.215,37.499,37.215,37.454,1575,0
20100217,37.454,37.454,37.353,37.353,2190,0
20100218,37.555,37.555,37.206,37.4,1227,0
20100219,37.078,37.078,36.701,36.949,34644,0
20100222,37.115,37.215,37.097,37.106,2559,0
20100223,37.078,37.078,36.94,37.078,5345,0
20100224,37.262,37.499,37.262,37.499,1961,0
20100225,37.472,37.472,37.187,37.28,1923,0
20100226,37.592,37.986,37.592,37.986,2640,0
20100301,38.299,38.408,38.134,38.27,4786,0
20100302,38.28,38.583,38.28,38.399,6931,0
20100303,38.629,38.793,38.629,38.629,1696,0
20100304,38.289,38.381,38.179,38.381,1594,0
20100305,38.583,38.749,38.418,38.721,5408,0
20100308,38.655,38.895,38.536,38.592,7821,0
20100309,38.454,38.775,38.454,38.592,3881,0
20100310,38.5,38.629,38.472,38.629,2020,0
20100311,38.638,38.721,38.638,38.638,490,0
20100312,39.115,39.115,38.868,38.877,17666,0
20100315,38.958,39.014,38.655,38.877,13837,0
20100316,39.033,39.252,39.033,39.142,1356,0
20100317,39.464,39.721,39.336,39.527,21402,0
20100318,39.62,39.62,39.299,39.317,6654,0
20100319,39.555,39.555,39.005,39.087,3735,0
20100322,39.014,39.39,39.005,39.217,7366,0
20100323,39.483,39.564,39.29,39.564,7867,0
20100324,39.161,39.161,38.932,39.078,225963,0
20100325,38.968,39.061,38.793,38.793,4898,0
20100326,38.932,39.408,38.932,39.152,6429,0
20100329,39.408,39.658,39.408,39.658,2615,0
20100330,40.005,40.279,39.804,40.143,13444,0
20100331,39.961,39.986,39.629,39.702,1217,0
20100401,40.061,40.254,39.995,40.216,3856,0
20100405,40.097,40.336,40.097,40.289,1819,0
20100406,40.216,40.336,40.107,40.336,3883,0
20100407,40.262,40.52,40.245,40.428,5829,0
20100408,40.189,40.63,40.189,40.501,1194,0
20100409,40.556,40.739,40.556,40.73,2560,0
20100412,40.556,40.895,40.556,40.823,4828,0
20100413,40.565,40.565,40.565,40.565,327,0
20100414,40.601,40.885,40.529,40.885,1895,0
20100415,40.814,41.079,40.795,41.024,5013,0
20100416,40.565,40.565,40.152,40.373,7636,0
20100419,40.152,40.327,40.07,40.327,2087,0
20100420,40.492,40.492,40.308,40.308,1131,0
20100421,40.582,40.611,40.428,40.538,1623,0
20100422,40.189,40.364,40.17,40.317,2969,0
20100423,40.721,41.042,40.685,40.969,13571,0
20100426,41.263,41.354,41.162,41.181,13369,0
20100427,40.997,40.997,40.336,40.354,16670,0
20100428,40.547,40.547,40.152,40.373,1517,0
20100429,40.62,40.868,40.582,40.859,15282,0
20100430,40.885,40.95,40.482,40.482,16060,0
20100503,40.344,40.739,40.344,40.739,888,0
20100504,39.923,39.932,39.28,39.546,16519,0
20100505,38.886,39.455,38.812,39.455,6255,0
20100506,39.593,40.024,31.479,39.133,37701,0
20100507,38.977,39.51,38.749,38.987,12241,0
20100510,40.143,40.409,40.143,40.208,19253,0
20100511,38.812,40.024,38.812,39.648,3188,0
20100512,39.729,39.913,39.648,39.794,4917,0
20100513,39.418,39.739,39.39,39.39,4904,0
20100514,39.436,39.51,39.123,39.29,9673,0
20100517,39.189,39.208,38.958,39.161,5423,0
20100518,39.005,39.096,38.381,38.381,5685,0
20100519,38.28,38.527,38.28,38.527,3634,0
20100520,38.371,38.556,38.005,38.399,23740,0
20100521,37.831,38.198,37.738,38.198,1441,0
20100524,37.775,38.115,37.775,37.912,5685,0
20100525,37.123,37.601,36.912,37.601,19256,0
20100526,37.334,37.353,37.031,37.059,28061,0
20100527,37.481,37.757,37.435,37.748,10212,0
20100528,37.555,37.555,37.555,37.555,111,0
20100601,37.812,37.967,37.702,37.702,4253,0
20100602,37.481,37.931,37.481,37.921,6127,0
20100603,37.996,38.005,37.665,37.683,2522,0
20100604,37.4,37.4,36.986,37.068,5971,0
20100607,36.894,37.151,36.619,36.619,6891,0
20100608,36.72,37.115,36.72,37.115,5361,0
20100609,37.325,37.325,36.986,36.986,2419,0
20100610,37.647,37.84,37.647,37.84,5031,0
20100611,37.435,37.656,37.418,37.656,506,0
20100615,38.206,38.621,38.198,38.621,5607,0
20100616,38.536,38.536,38.464,38.464,3322,0
20100617,38.546,38.821,38.418,38.711,5604,0
20100618,38.932,38.932,38.932,38.932,327,0
20100621,39.123,39.123,38.987,38.987,327,0
20100622,39.39,39.39,39.087,39.087,5492,0
20100623,38.793,38.793,38.536,38.536,4141,0
20100624,38.509,38.509,38.509,38.509,653,0
20100625,38.335,38.39,38.27,38.39,2871,0
20100628,38.17,38.362,38.069,38.262,9663,0
20100629,37.656,37.656,37.187,37.243,8684,0
20100630,37.728,37.728,37.535,37.535,2341,0
20100701,37.674,37.674,37.142,37.454,4743,0
20100702,37.94,37.94,37.49,37.665,2507,0
20100706,38.646,39.033,38.646,38.812,6157,0
20100707,38.546,38.849,38.546,38.849,5938,0
20100708,38.767,38.767,38.767,38.767,116,0
20100712,38.27,38.27,38.27,38.27,111,0
20100713,38.28,38.335,38.096,38.17,4509,0
20100714,38.243,38.243,38.234,38.234,653,0
20100715,37.986,38.015,37.967,37.967,881,0
20100716,37.84,37.84,37.225,37.28,2621,0
20100719,37.353,37.426,37.353,37.426,982,0
20100720,37.518,37.986,37.426,37.986,723,0
20100721,37.712,37.712,37.712,37.712,557,0
20100722,37.886,38.115,37.886,37.95,6900,0
20100723,37.821,38.051,37.821,38.015,2675,0
20100726,37.967,38.335,37.967,38.335,4009,0
20100727,38.289,38.362,38.289,38.335,2746,0
20100728,38.362,38.399,38.243,38.399,1037,0
20100729,38.629,38.629,38.629,38.629,111,0
20100730,38.041,38.427,37.996,38.318,15086,0
20100802,38.318,38.821,38.318,38.775,4731,0
20100803,38.611,38.611,38.536,38.536,436,0
20100804,38.408,38.408,38.399,38.399,327,0
20100805,38.299,38.299,38.299,38.299,546,0
20100806,38.646,38.83,38.371,38.621,3715,0
20100809,38.886,38.886,38.785,38.839,1138,0
20100810,38.17,38.556,38.087,38.556,2626,0
20100811,37.4,37.472,37.178,37.298,17368,0
20100812,37.132,37.132,36.967,36.967,856,0
20100813,37.142,37.371,37.142,37.197,970,0
20100816,37.344,37.344,37.334,37.334,1089,0
20100817,37.618,37.895,37.618,37.876,4250,0
20100818,37.674,37.72,37.674,37.683,4577,0
20100819,37.738,37.738,37.298,37.4,1885,0
20100820,36.959,36.977,36.931,36.959,9392,0
20100823,37.169,37.169,36.858,36.858,4062,0
20100824,36.858,37.059,36.839,36.94,4479,0
20100825,36.894,36.977,36.765,36.848,1253,0
20100826,37.289,37.289,37.106,37.106,653,0
20100827,37.481,37.876,37.481,37.712,20421,0
20100830,37.876,37.876,37.592,37.592,2948,0
20100831,37.381,37.381,37.197,37.243,1607,0
20100901,37.647,37.95,37.518,37.95,6701,0
20100902,37.72,37.757,37.445,37.757,8445,0
20100903,38.005,38.124,37.95,38.078,3717,0
20100907,38.318,38.427,38.198,38.198,4686,0
20100908,38.253,38.381,38.253,38.381,1569,0
20100909,38.536,38.536,38.243,38.243,1744,0
20100910,38.289,38.289,38.289,38.289,515,0
20100913,38.518,38.702,38.518,38.702,1634,0
20100914,38.721,38.886,38.611,38.886,2451,0
20100915,38.179,38.362,38.087,38.362,2993,0
20100916,38.032,38.069,37.858,38.069,3184,0
20100917,38.352,38.39,37.959,37.977,20057,0
20100920,38.344,38.527,38.344,38.527,547,0
20100921,38.472,38.472,38.28,38.299,1318,0
20100922,38.472,38.472,38.253,38.253,3025,0
20100923,37.986,38.206,37.904,38.059,5993,0
20100924,38.344,38.518,38.344,38.427,5102,0
20100927,38.757,38.785,38.546,38.611,7737,0
20100928,38.655,38.932,38.629,38.932,6345,0
20100929,39.399,39.501,39.399,39.501,923,0
20100930,39.225,39.243,39.023,39.023,2032,0
20101001,39.052,39.052,38.785,38.958,2791,0
20101004,38.684,38.684,38.134,38.134,4606,0
20101005,38.949,39.189,38.949,39.152,6985,0
20101006,39.355,39.355,39.198,39.198,5949,0
20101007,39.527,39.555,39.436,39.555,814,0
20101008,39.602,39.602,39.602,39.602,750,0
20101011,39.804,39.804,39.639,39.693,4669,0
20101012,38.895,38.895,38.767,38.803,620,0
20101013,39.014,39.208,38.987,39.208,3215,0
20101014,39.326,39.38,39.189,39.189,833,0
20101015,38.793,38.793,38.793,38.793,111,0
20101018,39.198,39.261,39.18,39.261,768,0
20101019,38.905,39.171,38.721,38.721,1856,0
20101020,38.958,39.189,38.958,39.189,827,0
20101021,38.932,38.968,38.785,38.785,2610,0
20101022,38.849,38.858,38.849,38.858,2043,0
20101025,38.987,39.29,38.949,39.087,2812,0
20101026,38.602,38.602,38.491,38.491,1468,0
20101027,38.234,38.437,37.94,38.437,25876,0
20101028,38.326,38.454,38.318,38.454,10779,0
20101029,38.542,38.542,38.45,38.45,368,0
20101101,38.335,38.335,38.105,38.179,926,0
20101102,38.215,38.308,38.215,38.289,2759,0
20101103,38.206,38.491,38.096,38.418,4778,0
20101104,39.033,39.096,38.858,39.014,83262,0
20101105,39.142,39.217,39.096,39.133,1884,0
20101108,39.418,39.492,39.355,39.355,6009,0
20101109,39.667,39.932,39.483,39.629,1699,0
20101110,39.299,39.336,39.078,39.336,436,0
20101111,39.087,39.189,39.087,39.123,2234,0
20101112,39.123,39.123,38.968,38.996,5230,0
20101115,39.18,39.18,39.152,39.152,2180,0
20101116,38.821,38.821,38.243,38.262,1854,0
20101117,38.83,38.895,38.711,38.775,1764,0
20101118,39.758,39.758,39.758,39.758,256,0
20101119,39.748,39.748,39.729,39.729,777,0
20101122,39.729,39.729,39.464,39.464,682,0
20101123,39.189,39.189,38.877,38.877,4709,0
20101124,39.555,39.739,39.555,39.739,2260,0
20101126,39.658,39.658,39.492,39.492,7737,0
20101129,39.492,39.492,39.142,39.142,4948,0
20101130,39.271,39.501,39.189,39.399,4674,0
20101201,39.913,39.923,39.913,39.923,1143,0
20101202,40.115,40.73,40.097,40.657,6128,0
20101203,40.666,40.666,40.666,40.666,111,0
20101206,40.85,41.483,40.85,41.446,4447,0
20101207,41.648,41.648,41.207,41.207,5910,0
20101208,41.006,41.126,40.804,41.079,9260,0
20101209,41.015,41.015,40.878,40.914,1854,0
20101210,40.841,41.098,40.721,41.051,9931,0
20101213,41.575,41.923,41.575,41.851,19711,0
20101214,41.96,42.457,41.96,42.172,19015,0
20101216,42.088,42.236,41.979,42.106,5600,0
20101217,41.896,42.457,41.851,42.125,4302,0
20101220,41.96,42.135,41.878,42.135,5461,0
20101221,41.675,41.675,41.501,41.575,3936,0
20101222,41.483,41.593,41.41,41.429,1880,0
20101223,41.593,41.602,41.364,41.602,1629,0
20101227,41.602,41.732,41.602,41.694,2697,0
20101228,41.915,41.987,41.915,41.951,2393,0
20101229,42.694,42.731,42.666,42.666,779,0
20101230,42.721,42.721,42.37,42.527,4391,0
20101231,42.617,42.825,42.617,42.825,459,0
20110103,42.768,43.135,42.768,43.061,2844,0
20110104,43.263,43.263,42.989,43.199,9131,0
20110105,42.84,43.191,42.84,43.191,6651,0
20110106,43.117,43.153,42.74,42.74,4662,0
20110107,43.071,43.071,42.832,42.906,7912,0
20110110,42.85,42.96,42.612,42.924,15207,0
20110111,43.273,43.603,43.273,43.576,20288,0
20110112,43.236,43.768,43.236,43.742,4658,0
20110113,43.942,44.044,43.658,43.658,7104,0
20110114,43.41,43.942,43.401,43.778,12689,0
20110118,43.997,44.116,43.869,43.933,243632,0
20110119,44.401,44.401,43.961,43.961,3961,0
20110120,43.896,43.896,43.566,43.64,653,0
20110121,43.098,43.217,42.906,42.906,17487,0
20110124,43.043,43.429,43.043,43.429,2299,0
20110125,43.768,43.768,43.52,43.648,9295,0
20110126,43.804,43.925,43.787,43.888,6852,0
20110127,43.63,43.648,43.456,43.576,6638,0
20110128,43.484,43.501,43.089,43.089,1754,0
20110131,43.286,43.493,43.286,43.352,1428,0
20110201,44.007,44.429,43.997,44.329,6156,0
20110202,44.466,44.466,44.209,44.447,4419,0
20110203,44.191,44.75,44.052,44.714,8293,0
20110204,44.769,44.769,44.429,44.649,30117,0
20110207,44.869,45.017,44.805,44.897,26313,0
20110208,44.925,45.044,44.815,44.832,13305,0
20110209,44.585,44.722,44.502,44.632,11276,0
20110210,44.383,44.557,44.282,44.548,7344,0
20110211,44.282,44.677,44.282,44.53,11354,0
20110214,44.796,44.85,44.667,44.841,7327,0
20110215,44.695,44.722,44.494,44.548,9137,0
20110216,44.741,45.053,44.741,45.035,23070,0
20110217,45.099,45.301,45.099,45.118,14686,0
20110218,45.201,45.272,45.044,45.255,36110,0
20110222,44.512,44.769,44.228,44.228,26705,0
20110223,44.484,44.576,44.145,44.438,32057,0
20110224,44.145,44.154,43.778,44.044,7429,0
20110225,44.53,44.787,44.53,44.695,74333,0
20110228,45.496,45.597,45.247,45.477,23008,0
20110301,45.659,45.659,44.998,45.108,19098,0
20110302,44.769,44.988,44.741,44.888,17750,0
20110303,45.153,45.319,45.035,45.319,3586,0
20110304,44.815,44.906,44.566,44.824,7166,0
20110307,44.769,44.85,44.126,44.164,6045,0
20110308,44.026,44.3,43.933,44.273,3479,0
20110309,44.273,44.273,43.915,44.126,3902,0
20110310,43.3,43.318,43.071,43.117,10835,0
20110311,42.282,42.502,42.034,42.254,225674,0
20110314,37.674,38.877,37.518,38.839,146544,0
20110315,34.976,38.437,34.874,38.059,375545,0
20110316,37.528,37.628,35.839,36.665,132628,0
20110317,39.042,39.436,38.546,38.924,273820,0
20110318,39.83,40.766,39.786,40.639,79756,0
20110321,41.088,41.886,41.061,41.878,144295,0
20110322,41.933,41.979,41.401,41.979,75529,0
20110323,41.584,42.08,41.382,41.869,39601,0
20110324,41.584,42.244,41.584,42.18,21235,0
20110325,41.556,41.593,41.126,41.126,53276,0
20110328,41.474,41.483,40.997,40.997,24467,0
20110329,41.134,41.429,41.088,41.401,10496,0
20110330,41.96,42.263,41.96,42.208,11711,0
20110331,42.016,42.147,41.921,41.921,14939,0
20110401,41.345,41.556,41.188,41.483,17002,0
20110404,40.979,41.162,40.85,40.885,14416,0
20110405,40.097,40.097,39.693,39.886,35630,0
20110406,39.261,39.474,39.171,39.28,35633,0
20110407,39.152,39.152,38.454,38.711,24631,0
20110408,39.38,39.574,39.307,39.307,8793,0
20110411,39.786,39.794,39.39,39.474,14352,0
20110412,39.408,39.408,39.152,39.307,11726,0
20110413,39.813,39.813,39.464,39.658,6933,0
20110414,40.089,40.344,40.089,40.344,4112,0
20110415,40.418,40.538,40.317,40.463,6510,0
20110418,40.152,40.317,40.061,40.298,7013,0
20110419,40.446,40.647,40.344,40.647,13319,0
20110420,40.932,41.107,40.895,41.079,12679,0
20110421,41.216,41.291,41.051,41.098,5948,0
20110425,41.098,41.245,41.032,41.144,2526,0
20110426,41.079,41.391,41.079,41.382,8342,0
20110427,41.015,41.079,40.85,41.079,8892,0
20110428,41.979,42.391,41.979,42.391,42296,0
20110429,42.317,42.58,42.317,42.448,8050,0
20110502,42.74,42.824,42.492,42.612,18287,0
20110503,42.492,42.832,42.438,42.438,10531,0
20110504,42.383,42.383,42.218,42.383,4582,0
20110505,42.409,42.419,41.941,42.034,20983,0
20110506,42.906,43.043,42.502,42.593,6912,0
20110509,42.593,42.795,42.401,42.795,19606,0
20110510,42.896,43.015,42.84,42.951,7441,0
20110511,42.521,42.521,42.144,42.244,18278,0
20110512,42.025,42.511,42.025,42.492,18338,0
20110513,41.722,42.088,41.364,41.446,13486,0
20110516,41.3,41.566,41.171,41.171,21265,0
20110517,40.766,41.126,40.685,41.117,18837,0
20110518,41.483,41.667,41.419,41.529,9073,0
20110519,41.032,41.079,40.895,41.069,3084,0
20110520,40.868,40.868,40.639,40.785,6107,0
20110523,40.289,40.373,40.042,40.208,5505,0
20110524,40.455,40.712,40.455,40.601,65254,0
20110525,40.511,40.721,40.336,40.657,8438,0
20110526,40.942,40.969,40.712,40.95,3120,0
20110527,41.032,41.327,41.032,41.117,4671,0
20110531,41.548,41.575,41.464,41.575,5539,0
20110601,41.758,41.758,41.335,41.335,7342,0
20110602,41.492,41.657,41.391,41.602,1232,0
20110603,41.171,41.364,41.088,41.263,4353,0
20110606,41.162,41.207,40.979,41.032,3236,0
20110607,41.428,41.603,41.27,41.27,8922,0
20110608,41.529,41.593,41.343,41.343,14839,0
20110609,41.612,41.88,41.612,41.796,3416,0
20110610,41.5,41.51,41.159,41.307,14165,0
20110613,41.465,41.602,41.354,41.429,7106,0
20110614,41.851,42.208,41.851,42.052,9804,0
20110615,41.282,41.593,41.282,41.282,291,0
20110616,41.371,41.409,41.104,41.242,17395,0
20110617,41.223,41.38,41.204,41.233,7941,0
20110620,41.235,41.694,41.235,41.62,26077,0
20110621,42.111,42.296,42.046,42.204,3437,0
20110622,42.454,42.611,42.194,42.194,17930,0
20110623,41.787,42.111,41.779,42.065,54903,0
20110624,42.25,42.278,42.185,42.24,1100,0
20110627,42.101,42.361,42.101,42.259,3093,0
20110628,42.444,42.5,42.333,42.5,21479,0
20110629,42.999,43.138,42.768,43.138,38475,0
20110630,43.427,43.85,43.36,43.746,25934,0
20110701,43.369,43.896,43.314,43.785,8500,0
20110705,43.471,43.711,43.442,43.637,21600,0
20110706,43.619,43.766,43.572,43.609,12674,0
20110707,43.905,44.266,43.905,44.117,11094,0
20110708,43.766,43.941,43.591,43.757,38310,0
20110711,43.776,43.905,43.461,43.628,7976,0
20110712,44.099,44.146,43.831,43.831,4211,0
20110713,44.506,44.987,44.506,44.7,11330,0
20110714,44.838,44.838,44.413,44.442,2737,0
20110715,44.691,44.923,44.673,44.811,4304,0
20110718,44.488,44.488,44.09,44.322,21215,0
20110719,44.886,45.107,44.886,45.052,8130,0
20110720,45.181,45.32,45.015,45.264,47174,0
20110721,45.107,45.682,45.107,45.496,7802,0
20110722,45.44,45.597,45.421,45.587,12649,0
20110725,45.403,45.663,45.403,45.458,14472,0
20110726,45.543,45.763,45.505,45.551,6777,0
20110727,45.228,45.357,44.793,44.793,20278,0
20110728,44.802,45.125,44.775,44.775,4621,0
20110729,44.618,45.107,44.618,45.107,21845,0
20110801,45.449,45.663,44.802,44.942,14725,0
20110802,44.895,45.005,44.256,44.256,14011,0
20110803,44.266,44.58,43.85,44.58,24579,0
20110804,42.944,42.944,41.593,41.593,41513,0
20110805,42.398,42.768,41.28,42.25,36455,0
20110808,41.639,41.639,39.929,40.364,44788,0
20110809,41.631,42.287,40.567,42.287,37147,0
20110810,41.593,41.593,40.845,41.002,15786,0
20110811,41.585,42.925,41.585,42.694,12411,0
20110812,42.361,42.694,42.222,42.222,11565,0
20110815,42.703,42.805,42.435,42.647,7719,0
20110816,42.425,42.583,42.24,42.583,8069,0
20110817,43.12,43.12,42.694,42.694,2530,0
20110818,41.529,41.621,41.131,41.39,31334,0
20110819,41.343,41.973,41.343,41.353,5564,0
20110822,41.538,41.566,40.937,40.937,18231,0
20110823,41.251,41.805,41.242,41.676,5200,0
20110824,41.519,41.714,41.334,41.714,5126,0
20110825,41.612,41.639,40.669,40.669,9103,0
20110826,41.38,41.973,41.159,41.741,6176,0
20110829,42.324,42.416,42.324,42.37,542,0
20110830,42.509,42.776,42.37,42.592,8594,0
20110831,43.304,43.342,43.238,43.238,1622,0
20110901,42.85,42.907,42.519,42.519,4911,0
20110902,42.053,42.09,41.865,41.865,9795,0
20110906,40.937,41.316,40.863,41.251,7073,0
20110907,41.741,42.046,41.724,42.028,2611,0
20110908,41.926,41.926,41.483,41.75,4869,0
20110909,41.159,41.195,40.456,40.603,51678,0
20110912,40.613,41.029,40.336,41.029,6331,0
20110913,41.538,41.954,41.5,41.815,14879,0
20110914,41.631,42.028,41.289,41.76,7413,0
20110915,41.88,42.204,41.88,42.167,10522,0
20110916,42.583,42.685,42.49,42.685,2134,0
20110919,42.101,42.287,41.918,42.287,1751,0
20110920,42.158,42.259,41.741,41.815,13443,0
20110921,41.5,41.724,41.038,41.038,14984,0
20110922,40.779,40.965,40.289,40.752,6035,0
20110923,40.613,41.029,40.613,40.974,4464,0
20110926,40.77,40.965,40.392,40.918,6517,0
20110927,41.908,42.296,41.705,41.741,6611,0
20110928,42.971,42.971,42.37,42.37,26165,0
20110929,43.239,43.628,43.156,43.341,15856,0
20110930,42.692,42.768,42.24,42.297,19408,0
20111003,42.333,42.398,41.796,41.853,3851,0
20111004,41.362,41.585,41.141,41.585,7866,0
20111005,41.298,41.658,41.085,41.556,13848,0
20111006,41.353,42.269,41.353,41.695,7455,0
20111007,41.796,41.899,41.51,41.566,2709,0
20111010,42.231,42.278,42.231,42.278,542,0
20111011,42.194,42.194,42.028,42.084,3843,0
20111012,42.406,42.666,42.222,42.416,14616,0
20111013,42.269,42.287,42.222,42.287,1929,0
20111014,42.056,42.056,41.621,41.981,64585,0
20111017,41.843,42.01,41.815,41.862,38039,0
20111018,41.805,42.38,41.621,42.259,41224,0
20111019,41.889,42.038,41.556,41.843,65459,0
20111020,41.724,41.724,41.242,41.38,29958,0
20111021,41.853,42,41.714,41.973,31919,0
20111024,41.981,42.37,41.981,42.296,3785,0
20111025,41.88,41.926,41.603,41.668,6939,0
20111026,41.779,41.954,41.585,41.815,18215,0
20111027,42.768,43.036,42.647,42.776,114664,0
20111028,42.471,42.731,42.471,42.731,14059,0
20111031,40.849,40.952,40.735,40.763,34424,0
20111101,40.058,40.392,40.039,40.262,7408,0
20111102,40.446,40.503,40.327,40.503,11692,0
20111103,40.798,41.057,40.733,41.057,10709,0
20111104,40.754,40.773,40.398,40.491,28299,0
20111107,40.584,40.909,40.446,40.909,125348,0
20111108,40.584,40.705,40.345,40.705,10215,0
20111109,40.279,40.419,39.983,40.031,3113,0
20111110,40.354,40.437,40.178,40.271,22972,0
20111111,40.446,40.698,40.373,40.698,1672,0
20111114,40.54,40.54,40.336,40.401,9174,0
20111115,40.456,40.622,40.428,40.428,2405,0
20111116,40.087,40.188,39.633,39.633,4409,0
20111117,40.039,40.078,39.652,39.678,14313,0
20111118,40.383,40.383,40.096,40.188,20522,0
20111121,39.523,39.836,39.467,39.836,5805,0
20111122,40.123,40.123,39.697,40.049,20321,0
20111123,39.392,39.486,39.004,39.023,87969,0
20111125,38.884,39.143,38.671,39.143,3477,0
20111128,39.514,39.624,39.504,39.504,7529,0
20111129,39.939,39.983,39.819,39.939,20481,0
20111130,41.206,41.215,41.206,41.215,2165,0
20111201,40.456,40.679,40.308,40.354,30870,0
20111202,40.707,40.782,40.398,40.398,6981,0
20111205,40.89,41.038,40.733,40.752,8130,0
20111206,40.35,40.52,40.143,40.462,8654,0
20111207,40.501,41.046,40.407,40.877,26242,0
20111208,40.924,40.924,40.152,40.152,1558,0
20111209,40.67,41.149,40.67,41.113,4777,0
20111212,40.419,40.567,40.216,40.567,3354,0
20111213,40.914,40.914,40.511,40.511,542,0
20111214,40.011,40.322,39.767,40.19,2892,0
20111215,40.002,40.178,39.892,39.92,1146,0
20111216,39.842,39.842,39.514,39.588,3295,0
20111219,39.729,39.87,39.419,39.485,4650,0
20111220,40.444,40.472,40.312,40.472,1437,0
20111221,40.03,40.039,39.757,40.039,6374,0
20111222,39.748,40.088,39.748,40.068,1123,0
20111223,40.322,40.529,40.124,40.529,2539,0
20111227,40.088,40.096,39.87,39.87,1382,0
20111228,39.795,39.992,39.466,39.504,1777,0
20111229,39.757,40.143,39.757,40.143,3738,0
20111230,40.629,40.791,40.6,40.762,10650,0
20120103,41.31,41.592,41.282,41.497,3818,0
20120104,41.536,41.536,41.178,41.206,13714,0
20120105,40.792,41.253,40.792,41.235,25403,0
20120106,40.812,40.943,40.726,40.792,6189,0
20120109,40.812,40.812,40.68,40.68,372,0
20120110,41.225,41.235,41.113,41.149,6114,0
20120111,40.868,41.093,40.868,41.093,4160,0
20120112,40.745,40.83,40.745,40.83,1430,0
20120113,40.802,40.802,40.623,40.707,11066,0
20120117,41.159,41.159,41.056,41.149,8764,0
20120118,41.018,41.356,41.018,41.356,4439,0
20120119,41.423,41.573,41.423,41.573,1784,0
20120120,41.695,41.912,41.63,41.865,2006,0
20120123,42.157,42.335,42.025,42.279,11617,0
20120124,41.638,41.638,41.536,41.564,1208,0
20120125,41.667,42.006,41.48,42.006,2446,0
20120126,41.968,42.222,41.874,42.053,15855,0
20120127,42.24,42.26,42.232,42.232,6328,0
20120130,42.184,42.335,42.184,42.335,1196,0
20120131,42.428,42.657,42.295,42.485,1938,0
20120201,43.031,43.192,42.891,43.041,16705,0
20120202,42.899,43.126,42.852,42.956,1570,0
20120203,42.891,42.928,42.862,42.899,6251,0
20120206,42.749,42.749,42.749,42.749,106,0
20120207,42.768,42.985,42.702,42.909,4030,0
20120208,42.834,43.013,42.796,42.899,22499,0
20120209,42.956,42.993,42.815,42.909,5307,0
20120210,42.194,42.485,42.138,42.138,14891,0
20120213,42.458,42.561,42.458,42.561,319,0
20120214,42.664,42.749,42.401,42.749,1134,0
20120215,42.993,42.993,42.561,42.617,13606,0
20120216,42.476,42.956,42.476,42.928,5454,0
20120217,42.909,42.909,42.664,42.72,14057,0
20120221,42.401,42.524,42.391,42.391,3410,0
20120222,42.956,43.097,42.759,42.899,6590,0
20120223,43.059,43.559,43.059,43.539,9556,0
20120224,43.454,43.454,43.257,43.352,1241,0
20120227,42.891,43.304,42.891,43.304,1400,0
20120228,43.718,44,43.652,43.84,1345,0
20120229,43.41,43.496,42.943,43.066,2782,0
20120301,42.646,43.031,42.646,43.031,923,0
20120302,42.834,42.956,42.796,42.806,2025,0
20120305,42.796,42.796,42.561,42.664,808,0
20120307,43.116,43.286,43.022,43.257,9596,0
20120308,43.624,43.624,43.483,43.615,18288,0
20120309,43.559,43.624,43.464,43.596,4330,0
20120312,43.031,43.059,42.965,43.059,9727,0
20120313,42.871,43.276,42.815,43.229,19796,0
20120314,42.786,42.852,42.495,42.495,7494,0
20120315,42.692,42.975,42.692,42.862,27065,0
20120316,43.209,43.209,43.041,43.201,19160,0
20120319,42.965,43.069,42.937,43.069,2203,0
20120320,42.72,42.777,42.664,42.777,1734,0
20120321,42.401,42.768,42.363,42.551,2705,0
20120322,42.74,42.918,42.74,42.918,2045,0
20120323,42.985,42.985,42.985,42.985,319,0
20120326,42.899,43.087,42.899,42.947,11603,0
20120327,43.322,43.501,43.201,43.201,4748,0
20120328,43.36,43.51,43.097,43.182,79001,0
20120329,43.689,43.84,43.577,43.84,8542,0
20120330,44.286,44.381,44.113,44.113,744,0
20120402,43.699,44.112,43.681,44.056,33013,0
20120403,43.624,43.709,43.257,43.257,5762,0
20120404,42.458,42.589,42.297,42.589,9436,0
20120405,42.514,42.514,42.24,42.317,9975,0
20120409,42.401,42.541,42.401,42.541,2047,0
20120410,42.297,42.297,41.959,42.174,1109,0
20120411,42.599,42.674,42.41,42.655,24980,0
20120412,43.022,43.022,42.956,42.965,813,0
20120413,42.448,42.73,42.448,42.524,637,0
20120416,42.749,42.965,42.655,42.711,6247,0
20120417,42.993,43.153,42.993,43.153,1276,0
20120418,42.891,42.965,42.871,42.909,3524,0
20120419,42.599,42.599,42.373,42.41,1515,0
20120420,42.655,43.192,42.655,42.786,1048,0
20120423,42.269,42.448,42.232,42.448,1396,0
20120424,42.777,42.891,42.72,42.881,16737,0
20120425,42.842,43.097,42.759,42.985,19840,0
20120426,43.087,43.304,43.087,43.304,1770,0
20120427,43.041,43.069,43.003,43.069,2847,0
20120430,43.152,43.152,42.99,42.99,3136,0
20120501,42.796,43.059,42.796,43.059,1921,0
20120502,42.899,43.013,42.899,43.013,234,0
20120503,42.965,42.965,42.551,42.636,53523,0
20120504,42.561,42.561,42.325,42.325,5277,0
20120507,42.57,42.627,42.57,42.627,1382,0
20120508,42.053,42.288,41.921,42.288,18646,0
20120509,41.46,41.856,41.46,41.676,6962,0
20120510,42.1,42.317,42.025,42.317,6257,0
20120511,41.215,41.385,41.036,41.385,6644,0
20120514,40.792,40.792,40.35,40.389,9369,0
20120515,40.18,40.359,39.992,40.001,9654,0
20120516,39.665,39.815,39.514,39.757,12015,0
20120517,39.815,40.078,39.815,39.973,3033,0
20120518,39.681,39.757,39.514,39.531,7833,0
20120521,39.588,39.956,39.588,39.956,1736,0
20120522,39.956,39.956,39.729,39.738,2011,0
20120523,39.447,39.447,38.947,39.222,25192,0
20120524,39.297,39.38,39.175,39.175,1716,0
20120525,38.967,38.996,38.902,38.939,2668,0
20120529,39.136,39.363,39.136,39.212,13982,0
20120530,39.033,39.053,38.967,39.043,5109,0
20120531,39.581,39.715,39.39,39.715,16103,0
20120601,38.573,38.573,38.573,38.573,134,0
20120604,38.695,38.797,38.496,38.76,32065,0
20120605,38.925,39.039,38.81,39.02,5729,0
20120606,39.124,39.562,39.124,39.562,1065,0
20120607,39.601,39.695,39.39,39.39,728,0
20120608,38.81,39.068,38.81,39.068,6253,0
20120611,39.061,39.061,38.939,38.939,266,0
20120612,39.146,39.212,39.146,39.175,637,0
20120614,39.136,39.399,39.089,39.399,13882,0
20120615,39.591,39.791,39.591,39.791,1942,0
20120618,39.973,40.021,39.927,39.973,8485,0
20120619,40.209,40.453,40.209,40.302,14753,0
20120620,40.369,40.548,40.369,40.462,4008,0
20120621,40.781,40.781,40.267,40.267,2048,0
20120622,40.276,40.496,40.191,40.259,3144,0
20120625,40.029,40.162,39.934,40.068,7453,0
20120626,40.259,40.429,40.077,40.429,6519,0
20120627,40.877,40.895,40.877,40.877,735,0
20120628,40.867,40.944,40.867,40.944,1995,0
20120629,41.524,41.809,41.524,41.809,598,0
20120702,41.705,41.942,41.705,41.942,9507,0
20120705,41.667,41.667,41.657,41.657,421,0
20120706,41.457,41.647,41.42,41.514,7042,0
20120709,41.43,41.457,41.43,41.457,1057,0
20120710,41.467,41.467,41.42,41.42,1055,0
20120712,40.562,40.705,40.524,40.705,1168,0
20120713,41.086,41.296,41.086,41.296,421,0
20120716,41.457,41.457,41.209,41.209,4096,0
20120717,40.885,41.029,40.877,40.885,6530,0
20120718,40.515,40.839,40.515,40.781,3740,0
20120719,41.038,41.067,41.038,41.067,634,0
20120720,40.181,40.181,40.181,40.181,185,0
20120723,39.533,39.743,39.478,39.743,15326,0
20120724,39.325,39.325,39.247,39.247,1995,0
20120725,39.581,39.669,39.438,39.572,9609,0
20120726,40.324,40.496,40.229,40.496,4804,0
20120727,40.438,40.438,40.438,40.438,524,0
20120730,40.609,40.687,40.59,40.687,3098,0
20120731,40.714,40.714,40.524,40.554,22463,0
20120801,40.58,40.687,40.572,40.658,13358,0
20120802,40.143,40.153,39.876,39.876,2100,0
20120803,40.096,40.466,40.096,40.363,5627,0
20120806,40.619,40.619,40.619,40.619,314,0
20120807,40.877,40.992,40.839,40.839,669,0
20120808,40.895,41.001,40.895,40.972,1166,0
20120809,40.82,40.849,40.82,40.849,209,0
20120810,40.924,41.134,40.914,41.057,3066,0
20120813,41.134,41.134,41.057,41.115,3203,0
20120814,41.42,41.477,41.333,41.333,4618,0
20120815,41.067,41.162,41.067,41.152,1121,0
20120816,41.152,41.162,41.152,41.152,837,0
20120817,41.524,41.524,41.524,41.524,314,0
20120820,41.467,41.467,41.381,41.381,367,0
20120821,41.742,41.742,41.514,41.514,977,0
20120822,41.287,41.582,41.277,41.582,11138,0
20120823,41.504,41.524,41.438,41.438,2085,0
20120824,41.305,41.534,41.305,41.534,2189,0
20120827,41.486,41.6,41.371,41.6,7467,0
20120828,41.067,41.105,41.057,41.057,521,0
20120829,41.249,41.267,41.115,41.172,1465,0
20120830,40.867,40.867,40.639,40.733,2415,0
20120831,40.953,40.953,40.771,40.771,4438,0
20120904,40.276,40.285,40.124,40.133,4010,0
20120905,39.954,40.02,39.954,40.02,314,0
20120906,40.259,40.429,39.972,40.285,4663,0
20120907,40.305,40.466,40.305,40.334,2683,0
20120910,40.524,40.619,40.334,40.334,9640,0
20120911,40.58,40.733,40.58,40.639,14479,0
20120912,41.057,41.086,40.972,41.086,26673,0
20120913,41.287,41.799,41.277,41.799,17124,0
20120914,41.819,41.819,41.705,41.705,2312,0
20120917,41.4,41.42,41.343,41.42,1051,0
20120918,41.333,41.333,41.333,41.333,1051,0
20120919,41.42,41.572,41.287,41.534,7351,0
20120920,41.257,41.287,41.182,41.219,25200,0
20120921,41.562,41.591,41.467,41.467,5881,0
20120924,41.371,41.553,41.371,41.543,3049,0
20120925,42.085,42.143,41.924,41.924,1959,0
20120926,41.61,41.657,41.61,41.657,735,0
20120927,42.067,42.124,41.972,42.124,2018,0
20120928,41.61,41.61,41.572,41.572,2837,0
20121001,41.486,41.486,41.486,41.486,189,0
20121002,40.972,40.972,40.697,40.771,8348,0
20121003,40.438,40.515,40.353,40.515,12796,0
20121005,41.219,41.277,40.962,40.982,6201,0
20121008,40.849,40.934,40.791,40.839,3151,0
20121009,40.496,40.496,40.392,40.392,221,0
20121010,40.029,40.058,39.98,40.058,9458,0
20121011,40.162,40.476,40.087,40.259,193162,0
20121012,40.324,40.343,40.124,40.191,68564,0
20121015,40.419,40.658,40.276,40.496,19390,0
20121016,40.781,41.287,40.781,41.086,61039,0
20121017,41.438,41.477,41.333,41.333,8336,0
20121018,41.371,41.371,41.343,41.343,209,0
20121019,41.19,41.19,40.697,40.705,8893,0
20121022,41.438,41.438,41.182,41.239,14540,0
20121023,40.59,40.59,40.466,40.496,4332,0
20121024,40.904,40.972,40.904,40.904,3821,0
20121025,41.352,41.43,41.105,41.105,2986,0
20121026,41.172,41.172,41.172,41.172,421,0
20121031,41.019,41.115,40.82,41.029,11417,0
20121101,41.182,41.457,41.182,41.457,1051,0
20121102,41.553,41.553,41.267,41.267,4701,0
20121105,41.125,41.239,41.125,41.239,879,0
20121106,41.086,41.504,41.086,41.447,4418,0
20121107,40.733,40.733,40.687,40.687,1905,0
20121108,40.619,40.743,40.619,40.619,605,0
20121109,40.639,40.667,40.619,40.619,1025,0
20121112,40.133,40.219,40.133,40.191,1069,0
20121113,40.087,40.476,40.087,40.191,14027,0
20121114,40.229,40.229,39.98,39.98,3782,0
20121115,40.219,40.219,40.162,40.171,998,0
20121116,40.372,40.486,40.343,40.476,2101,0
20121119,40.972,41.182,40.972,41.019,137221,0
20121120,40.934,40.962,40.867,40.962,19181,0
20121121,40.885,41.001,40.885,40.982,3829,0
20121123,41.314,41.314,41.314,41.314,265,0
20121126,41.267,41.267,41.182,41.182,5912,0
20121127,41.277,41.381,41.277,41.324,1292,0
20121128,40.877,41.305,40.82,41.305,14231,0
20121129,41.638,41.838,41.582,41.838,5159,0
20121130,41.287,41.457,41.219,41.457,7685,0
20121203,41.477,41.477,41.296,41.296,3534,0
20121204,41.676,41.705,41.572,41.572,5994,0
20121205,41.494,41.6,41.381,41.562,3104,0
20121206,41.695,41.742,41.695,41.742,8416,0
20121207,41.772,41.79,41.715,41.782,1977,0
20121210,41.629,41.629,41.619,41.619,1154,0
20121211,41.752,41.752,41.619,41.647,4529,0
20121212,41.629,41.848,41.629,41.848,781,0
20121213,41.362,41.42,41.249,41.249,3919,0
20121214,41.371,41.61,41.371,41.61,4516,0
20121217,41.591,41.725,41.514,41.657,9076,0
20121218,41.4,41.543,41.324,41.534,12775,0
20121219,41.829,41.848,41.534,41.742,82790,0
20121220,41.895,42.428,41.895,42.4,29591,0
20121221,42.057,42.495,42.047,42.495,15536,0
20121224,42.153,42.343,42.153,42.295,1995,0
20121226,42.467,42.467,42.467,42.467,3256,0
20121227,42.095,42.277,41.981,42.277,2508,0
20121228,42.029,42.067,41.819,41.981,59254,0
20121231,41.915,42.267,41.915,42.267,941,0
20130102,43.028,43.248,42.79,43.228,31551,0
20130103,43.218,43.371,42.933,42.952,13188,0
20130104,42.533,42.619,42.409,42.572,14547,0
20130107,42.21,42.515,42.21,42.362,8043,0
20130108,41.99,41.99,41.619,41.829,37404,0
20130109,42.124,42.495,42.124,42.362,10244,0
20130110,42.533,42.82,42.533,42.771,10936,0
20130111,42.705,42.78,42.533,42.705,89712,0
20130114,42.82,42.971,42.82,42.943,6547,0
20130115,42.705,42.82,42.61,42.8,14355,0
20130116,42.419,42.485,42.295,42.448,8192,0
20130117,42.4,42.476,42.124,42.476,9267,0
20130118,42.381,42.419,42.343,42.419,1617,0
20130122,42.428,42.515,42.277,42.515,6047,0
20130123,42.257,42.419,42.257,42.305,6782,0
20130124,42.485,42.962,42.485,42.771,7558,0
20130125,43.115,43.115,42.686,42.705,4259,0
20130128,42.723,42.723,42.247,42.485,16844,0
20130129,42.705,42.763,42.667,42.733,2105,0
20130130,43.048,43.218,43.048,43.105,12712,0
20130131,43.343,43.429,43.276,43.276,5074,0
20130201,43.266,43.496,43.266,43.352,5863,0
20130204,43.209,43.218,42.99,43.028,13042,0
20130205,42.981,43.218,42.923,43.2,5212,0
20130206,42.867,43.01,42.829,43.01,16453,0
20130207,42.99,43.134,42.971,43.105,8978,0
20130208,43.171,43.276,43.142,43.218,6376,0
20130211,43.543,43.761,43.41,43.676,18273,0
20130212,43.028,43.134,42.905,43.028,19710,0
20130213,42.705,42.763,42.61,42.686,9127,0
20130214,42.562,42.581,42.458,42.533,7235,0
20130215,42.285,42.324,42.153,42.295,13203,0
20130219,42.838,43.39,42.838,43.39,6296,0
20130220,43.638,43.666,43.295,43.39,23398,0
20130221,43.314,43.314,43.191,43.248,2167,0
20130222,43.6,43.656,43.504,43.647,4144,0
20130225,43.724,43.724,43.134,43.134,20760,0
20130226,43.886,44.191,43.866,44.113,37661,0
20130227,44.181,44.599,44.181,44.599,19408,0
20130228,44.636,44.854,44.538,44.636,15818,0
20130301,44.999,45.104,44.943,45.009,4177,0
20130304,45.372,45.552,45.2,45.552,16778,0
20130305,45.667,45.828,45.57,45.713,10142,0
20130306,45.932,46.056,45.848,46.056,42972,0
20130307,45.704,45.732,45.446,45.533,10211,0
20130308,45.294,45.579,45.141,45.505,38273,0
20130311,45.533,45.637,45.372,45.543,37925,0
20130312,45.2,45.2,44.819,44.819,18485,0
20130313,45.104,45.456,45.104,45.437,5671,0
20130314,45.667,46.065,45.667,45.874,29388,0
20130315,46.37,46.591,46.37,46.438,13204,0
20130318,46.895,47.094,46.866,46.885,25503,0
20130319,46.885,46.942,46.647,46.912,18953,0
20130320,47.075,47.294,46.942,47.266,4737,0
20130321,47.628,47.694,47.485,47.571,9347,0
20130322,47.646,47.884,47.636,47.856,11996,0
20130325,47.923,48.057,47.466,47.561,29051,0
20130326,48.151,48.218,48.047,48.18,6954,0
20130327,48.504,48.674,48.342,48.674,4726,0
20130328,48.684,48.77,48.361,48.77,6777,0
20130401,47.314,47.314,46.095,46.276,59186,0
20130402,46.552,46.847,46.37,46.77,10025,0
20130403,47.133,47.143,46.665,46.742,16046,0
20130404,48.189,48.579,48.122,48.504,31725,0
20130405,48.084,48.618,48.065,48.494,37298,0
20130408,48.618,49.009,48.409,48.884,27480,0
20130409,48.332,48.56,48.057,48.446,16282,0
20130410,48.56,48.77,48.504,48.589,53308,0
20130411,48.313,48.484,48.141,48.361,45319,0
20130412,48.18,48.332,47.904,48.332,16185,0
20130415,48.313,48.399,47.799,47.998,9039,0
20130416,48.522,48.741,48.274,48.656,12065,0
20130417,48.713,48.713,48.389,48.542,5179,0
20130418,48.426,48.56,48.418,48.456,7771,0
20130419,48.579,49.322,48.579,49.294,16760,0
20130422,49.513,49.675,49.169,49.627,19496,0
20130423,50.17,50.465,50.141,50.418,22400,0
20130424,50.77,50.941,50.712,50.913,11792,0
20130425,50.978,51.331,50.961,51.055,18683,0
20130426,50.513,50.75,50.513,50.712,24469,0
20130429,50.818,50.97,50.579,50.961,7006,0
20130430,51.419,51.667,51.419,51.599,8758,0
20130501,51.293,51.674,51.266,51.541,27102,0
20130502,51.808,52.151,51.76,52.036,26317,0
20130503,52.541,52.75,52.322,52.674,39332,0
20130506,52.608,52.683,52.369,52.541,23911,0
20130507,52.531,52.683,52.369,52.599,39319,0
20130508,52.446,52.826,52.427,52.826,48223,0
20130509,52.313,52.465,52.083,52.369,65047,0
20130510,51.741,51.95,51.503,51.827,53726,0
20130513,51.902,52.197,51.655,51.778,23561,0
20130514,51.655,52.407,51.655,52.398,30784,0
20130515,51.122,51.266,50.808,51.226,145407,0
20130516,50.065,50.379,50.027,50.15,27397,0
20130517,51.075,51.561,51.075,51.551,8503,0
20130520,51.778,51.959,51.768,51.911,18120,0
20130521,51.817,51.941,51.665,51.808,71424,0
20130522,51.865,52.254,50.864,50.864,34769,0
20130523,46.903,48.694,46.266,48.694,95161,0
20130524,47.512,48.075,47.351,48.018,39898,0
20130528,48.446,48.446,47.636,47.866,28137,0
20130529,47.39,47.449,47.008,47.39,27059,0
20130530,46.695,47.133,46.695,47.037,23354,0
20130531,46.702,46.778,46.366,46.48,21328,0
20130603,45.751,46.123,45.381,46.123,77214,0
20130604,46.797,46.893,46.356,46.797,20018,0
20130605,46.165,46.165,45.535,45.571,40847,0
20130606,44.463,44.702,43.794,44.663,53877,0
20130607,44.714,45.971,44.541,45.932,54609,0
20130610,46.695,46.866,46.36,46.714,39024,0
20130611,46.138,46.348,45.706,45.793,54639,0
20130612,46.675,46.856,45.932,45.981,31885,0
20130613,46.685,47.512,46.504,47.512,29670,0
20130614,46.51,46.539,45.936,46.041,11433,0
20130617,47.628,48.084,47.256,47.475,6325,0
20130618,48.002,48.3,48.002,48.069,4925,0
20130619,48.057,48.094,47.266,47.266,19772,0
20130620,46.418,46.494,45.495,45.533,10374,0
20130621,46.931,47.103,46.434,47.065,58657,0
20130624,46.252,46.299,45.601,46.299,8714,0
20130625,46.262,46.605,46.223,46.605,83079,0
20130626,45.679,45.803,45.591,45.803,8654,0
20130627,46.424,46.931,46.424,46.682,7926,0
20130628,47.151,47.621,47.151,47.486,13170,0
20130701,47.974,48.117,47.898,47.917,1986,0
20130702,48.548,48.692,47.984,48.223,9562,0
20130703,48.156,48.395,47.945,48.28,7613,0
20130705,48.845,48.998,48.692,48.873,5016,0
20130708,48.663,48.863,48.663,48.863,3908,0
20130709,49.017,49.017,48.749,48.749,4848,0
20130710,48.663,48.816,48.653,48.816,3222,0
20130711,49.419,50.041,49.419,49.964,24028,0
20130712,49.936,50.108,49.916,50.012,24920,0
20130715,50.318,50.5,50.251,50.5,13526,0
20130716,50.261,50.261,49.926,50.108,4004,0
20130717,50.557,50.557,50.261,50.452,3401,0
20130718,50.624,50.758,50.548,50.73,25837,0
20130719,49.983,50.079,49.763,49.993,8340,0
20130722,50.222,50.299,49.993,50.271,8379,0
20130723,50.481,50.481,50.098,50.261,3299,0
20130724,50.098,50.098,49.668,49.849,6979,0
20130725,49.199,49.486,49.035,49.409,59791,0
20130726,48.911,48.921,48.414,48.663,20333,0
20130729,47.792,47.792,47.371,47.449,36882,0
20130730,48.126,48.414,48.06,48.069,2531,0
20130731,47.667,48.204,47.667,47.878,21520,0
20130801,49.045,49.333,49.008,49.008,6215,0
20130802,49.438,49.715,49.246,49.524,42975,0
20130805,49.849,50.136,49.849,50.108,5616,0
20130806,50.061,50.232,50.041,50.041,13551,0
20130807,49.869,49.954,49.562,49.562,52521,0
20130808,49.323,49.534,49.065,49.438,9694,0
20130809,49.505,49.524,49.295,49.333,4584,0
20130812,48.836,49.218,48.836,49.209,3287,0
20130813,49.228,49.611,49.065,49.515,5534,0
20130814,49.352,49.428,49.237,49.256,6521,0
20130815,49.055,49.055,48.653,48.653,4977,0
20130816,48.998,49.122,48.826,48.911,2509,0
20130819,49.055,49.228,48.739,48.797,10105,0
20130820,48.797,48.969,48.558,48.845,1589,0
20130821,48.156,48.27,48.108,48.213,6548,0
20130822,48.644,48.682,48.606,48.606,1893,0
20130823,48.682,48.797,48.625,48.797,20639,0
20130826,48.558,48.558,48.423,48.482,4736,0
20130827,48.309,48.318,47.792,47.802,8690,0
20130828,47.533,48.108,47.533,47.945,4819,0
20130829,47.84,48.126,47.84,47.936,24135,0
20130830,47.275,47.275,46.884,46.911,7082,0
20130903,47.926,48.146,47.687,47.725,7460,0
20130904,48.042,48.663,48.042,48.519,11065,0
20130905,48.079,48.318,48.079,48.318,1411,0
20130906,48.126,48.501,48.126,48.328,3509,0
20130909,49.524,49.821,49.466,49.821,12014,0
20130910,50.261,50.423,50.194,50.423,10476,0
20130911,49.829,50.155,49.648,50.155,15060,0
20130912,50.069,50.118,49.879,49.926,10414,0
20130913,50.271,50.472,50.271,50.472,8058,0
20130916,50.978,51.227,50.978,51.103,5897,0
20130917,51.026,51.237,51.026,51.122,17262,0
20130918,51.284,52.48,51.151,52.48,11623,0
20130919,52.548,52.548,52.146,52.499,6958,0
20130920,52.012,52.078,52.012,52.049,1713,0
20130923,52.192,52.192,51.869,52.108,5158,0
20130924,52.508,52.518,52.29,52.442,9999,0
20130925,52.012,52.108,51.859,51.964,2473,0
20130926,52.518,52.863,52.518,52.769,24709,0
20130927,52.567,52.844,52.499,52.616,7059,0
20130930,52.576,52.883,52.508,52.815,11144,0
20131001,52.31,52.625,52.222,52.434,25495,0
20131002,51.629,51.964,51.629,51.935,3682,0
20131003,51.419,51.657,51.266,51.475,3834,0
20131004,51.218,51.697,51.179,51.697,4035,0
20131007,50.519,50.758,50.232,50.557,9629,0
20131008,50.664,50.797,50.49,50.49,8702,0
20131009,51.438,51.906,51.284,51.782,27364,0
20131010,51.878,52.499,51.878,52.442,4257,0
20131011,52.166,52.759,52.166,52.759,51244,0
20131014,52.424,52.825,52.424,52.796,5258,0
20131015,52.424,52.434,52.117,52.232,18108,0
20131016,52.251,52.662,52.232,52.606,21699,0
20131017,52.749,52.968,52.74,52.968,15155,0
20131018,53.379,53.437,53.275,53.285,39809,0
20131021,53.561,53.561,53.389,53.514,39756,0
20131022,53.629,53.811,53.6,53.695,31496,0
20131023,52.786,52.786,52.499,52.625,24230,0
20131024,53.418,53.524,53.389,53.457,20171,0
20131025,53.065,53.293,52.72,52.893,263651,0
20131028,52.815,52.893,52.776,52.776,11427,0
20131029,52.921,53.111,52.921,53.102,18975,0
20131030,52.642,52.642,52.642,52.642,105,0
20131031,52.586,52.786,52.472,52.616,10639,0
20131101,51.945,51.945,51.687,51.925,5860,0
20131104,51.743,51.791,51.687,51.687,471,0
20131105,51.697,51.869,51.657,51.83,23461,0
20131106,52.04,52.251,52.04,52.166,2786,0
20131107,51.724,51.724,50.845,50.97,247228,0
20131108,51.361,51.59,51.361,51.495,2551,0
20131111,51.313,51.381,51.313,51.381,208,0
20131112,51.772,51.85,51.59,51.85,29041,0
20131113,51.753,52.29,51.753,52.29,6918,0
20131114,52.625,52.805,52.528,52.73,39431,0
20131115,53.161,53.255,53.074,53.189,6034,0
20131118,53.102,53.265,52.902,52.921,14180,0
20131119,52.642,52.959,52.625,52.863,11358,0
20131120,53.074,53.083,52.997,53.065,11614,0
20131121,53.083,53.102,52.997,53.027,5897,0
20131122,52.681,52.863,52.518,52.769,11436,0
20131125,52.192,52.472,52.166,52.184,6759,0
20131126,52.212,52.222,52.175,52.184,8683,0
20131127,52.242,52.242,52.059,52.184,11258,0
20131129,52.136,52.3,52.136,52.222,2403,0
20131202,52.175,52.327,52.117,52.117,3123,0
20131203,51.791,51.83,51.524,51.648,44489,0
20131204,51.084,51.667,51.084,51.59,9987,0
20131205,51.257,51.313,51.113,51.275,5620,0
20131206,51.438,51.743,51.438,51.743,8107,0
20131209,51.553,51.687,51.505,51.629,6349,0
20131210,51.475,51.648,51.475,51.553,5179,0
20131211,51.485,51.485,51.208,51.341,10176,0
20131212,51.697,51.697,51.294,51.524,8239,0
20131213,50.96,51.313,50.921,51.026,2548,0
20131216,50.825,50.825,50.654,50.701,19167,0
20131217,50.654,50.758,50.606,50.654,15475,0
20131218,51.239,51.287,50.851,51.103,11787,0
20131219,50.491,50.559,50.374,50.559,8586,0
20131220,50.675,50.869,50.647,50.86,36535,0
20131223,50.733,51.21,50.733,51.142,10235,0
20131224,50.482,50.482,50.21,50.297,38289,0
20131226,51.297,51.491,51.21,51.443,5656,0
20131227,51.977,52.335,51.841,51.861,5149,0
20131230,52.5,52.801,52.5,52.801,16047,0
20131231,52.831,52.831,52.626,52.705,15022,0
20140102,52.656,52.656,51.977,51.987,107491,0
20140103,51.928,52.278,51.889,52.044,5626,0
20140106,52.569,52.569,52.123,52.365,29579,0
20140107,52.414,52.609,52.219,52.559,19935,0
20140108,52.52,52.695,52.491,52.589,51435,0
20140109,52.666,52.725,52.434,52.559,16730,0
20140110,52.92,53.201,52.91,53.132,14796,0
20140113,53.016,53.112,52.666,52.831,29588,0
20140114,52.801,53.152,52.715,52.967,30962,0
20140115,53.016,53.228,53.016,53.122,47864,0
20140116,52.744,53.152,52.744,53.152,9004,0
20140117,53.608,53.773,53.608,53.608,126006,0
20140121,53.744,53.754,53.511,53.705,6329,0
20140122,53.539,53.803,53.539,53.803,52028,0
20140123,53.211,53.211,52.589,52.821,21643,0
20140124,52.54,52.609,52.239,52.326,10971,0
20140127,52.007,52.035,51.22,51.772,84353,0
20140128,51.822,52.181,51.53,52.152,88301,0
20140129,52.298,52.782,51.743,52.384,69506,0
20140130,52.278,52.735,52.278,52.55,39228,0
20140131,51.375,51.706,50.733,51.375,10471,0
20140203,50.685,50.733,49.754,49.87,63003,0
20140204,49.074,49.676,48.559,49.423,28227,0
20140205,49.656,49.656,49.112,49.307,36866,0
20140206,50.015,50.452,50.015,50.346,18668,0
20140207,50.491,50.958,50.336,50.948,19865,0
20140210,50.958,50.958,50.588,50.608,13541,0
20140211,50.977,51.365,50.977,51.306,10861,0
20140212,51.17,51.22,51.015,51.152,26786,0
20140213,50.568,51.064,50.404,50.909,26587,0
20140214,50.268,50.675,50.21,50.578,8864,0
20140218,51.16,51.617,50.968,51.462,25069,0
20140219,51.355,51.355,50.918,50.918,35058,0
20140220,50.54,50.783,50.491,50.753,14440,0
20140221,51.269,51.316,51.035,51.035,10721,0
20140224,51.395,51.851,51.269,51.637,3933,0
20140225,51.443,51.646,51.433,51.471,5084,0
20140226,51.316,51.316,51.064,51.064,17892,0
20140227,51.044,51.306,51.015,51.306,2686,0
20140228,51.306,51.656,51.306,51.646,7382,0
20140303,50.54,50.54,50.19,50.268,21000,0
20140304,51.287,51.471,51.287,51.433,6815,0
20140305,50.841,51.22,50.841,50.918,19523,0
20140306,51.462,51.656,51.462,51.637,3338,0
20140307,51.617,51.617,51.287,51.287,3842,0
20140310,51.414,51.597,51.297,51.56,3747,0
20140311,51.259,51.269,51.064,51.074,5373,0
20140312,50.501,50.627,50.462,50.588,4339,0
20140313,50.647,50.841,49.782,49.928,52743,0
20140314,49.423,49.822,49.423,49.559,5753,0
20140317,49.375,49.695,49.375,49.666,13436,0
20140318,50.131,50.394,50.093,50.307,27460,0
20140319,49.889,49.918,49.462,49.744,15383,0
20140320,48.869,49.093,48.783,49.044,27389,0
20140321,49.229,49.403,48.996,48.996,17758,0
20140324,49.676,49.899,49.403,49.608,481122,0
20140325,49.754,49.986,49.704,49.84,19715,0
20140326,50.239,50.287,49.909,49.996,31617,0
20140327,50.21,50.608,50.21,50.598,15331,0
20140328,51.259,51.385,51.2,51.249,14368,0
20140331,51.16,51.306,50.918,50.928,19076,0
20140401,51.113,51.501,51.094,51.365,7425,0
20140402,51.462,51.656,51.423,51.656,6626,0
20140403,51.21,51.462,51.015,51.18,43662,0
20140404,51.278,51.336,50.714,50.753,14609,0
20140407,50.714,50.763,50.54,50.568,16093,0
20140408,49.754,49.889,49.471,49.501,10023,0
20140409,49.704,50.171,49.608,50.171,13642,0
20140410,49.453,49.539,48.841,48.869,3498,0
20140411,48.938,49.074,48.783,48.783,3935,0
20140414,49.335,49.453,49.084,49.297,16213,0
20140415,49.21,49.326,49.064,49.268,1109,0
20140416,49.88,50.258,49.88,50.131,6909,0
20140417,50.21,50.404,50.123,50.326,8768,0
20140421,50.239,50.442,50.229,50.366,4422,0
20140422,49.724,50.083,49.724,49.947,5574,0
20140423,50.113,50.248,50.103,50.2,17891,0
20140424,50.055,50.2,49.967,50.2,20852,0
20140425,50.277,50.356,50.065,50.113,4202,0
20140428,50.19,50.366,50.073,50.346,3874,0
20140429,50.442,50.608,50.394,50.559,10041,0
20140430,49.918,50.171,49.918,50.123,5099,0
20140501,50.851,50.918,50.851,50.918,364,0
20140502,50.948,50.948,50.627,50.627,3644,0
20140505,50.559,50.588,50.559,50.588,858,0
20140506,50.491,50.491,50.366,50.462,2518,0
20140507,49.938,50.161,49.938,50.161,9838,0
20140508,49.976,50.103,49.976,49.996,1040,0
20140509,49.947,50.258,49.947,50.181,4059,0
20140512,49.772,50.151,49.772,50.093,16038,0
20140513,50.093,50.472,50.093,50.452,41482,0
20140514,50.452,50.452,50.2,50.21,8908,0
20140515,50.452,50.452,49.782,49.938,95393,0
20140516,50.015,50.151,50.015,50.151,966,0
20140519,49.87,49.986,49.822,49.986,7119,0
20140520,49.676,49.676,49.549,49.549,4777,0
20140521,50.005,50.181,49.976,50.103,4937,0
20140522,50.346,50.598,50.346,50.578,15634,0
20140523,50.657,50.938,50.657,50.928,1881,0
20140527,51.395,51.462,51.259,51.462,14611,0
20140528,51.462,51.56,51.462,51.55,6660,0
20140529,51.715,51.948,51.715,51.948,1482,0
20140530,52.113,52.113,51.898,52.025,3365,0
20140602,52.53,52.764,52.424,52.685,12238,0
20140603,52.609,52.656,52.53,52.579,3382,0
20140604,52.365,52.725,52.308,52.626,47375,0
20140605,52.424,52.831,52.298,52.831,1608,0
20140606,52.927,53.006,52.764,52.967,3851,0
20140609,52.725,52.88,52.725,52.88,1404,0
20140610,52.298,52.473,52.298,52.473,2263,0
20140611,52.559,52.735,52.559,52.646,8859,0
20140612,53.211,53.211,52.744,52.744,18472,0
20140613,53.268,53.347,53.142,53.171,4943,0
20140616,53.228,53.384,53.228,53.375,9694,0
20140617,53.404,53.608,53.404,53.521,9952,0
20140618,54.045,54.326,53.803,54.259,193740,0
20140619,54.56,54.987,54.521,54.987,119681,0
20140620,54.987,55.006,54.803,54.919,5562,0
20140623,54.677,54.677,54.452,54.667,7599,0
20140624,55.171,55.239,55.026,55.026,3330,0
20140625,54.728,55.07,54.728,55.07,2512,0
20140626,54.718,54.865,54.67,54.845,4190,0
20140627,54.552,54.601,54.552,54.581,26629,0
20140630,55.324,55.597,55.314,55.5,14751,0
20140701,55.969,56.272,55.95,56.164,129314,0
20140702,56.009,56.027,55.852,55.91,7572,0
20140703,55.92,55.92,55.783,55.91,6707,0
20140707,55.676,55.734,55.52,55.597,36457,0
20140708,55.793,55.813,55.451,55.706,64707,0
20140709,55.706,55.901,55.607,55.901,25953,0
20140710,54.533,54.943,54.523,54.943,13330,0
20140711,55.031,55.138,54.973,55.138,25854,0
20140714,55.657,55.686,55.539,55.686,13505,0
20140715,55.686,55.706,55.461,55.607,65595,0
20140716,55.657,55.793,55.637,55.676,10924,0
20140717,55.373,55.588,55.236,55.236,8129,0
20140718,55.51,55.813,55.5,55.734,19998,0
20140721,55.5,55.637,55.304,55.597,166428,0
20140722,55.901,56.009,55.862,55.94,12627,0
20140723,56.057,56.077,55.813,55.989,42068,0
20140724,55.989,55.989,55.793,55.793,5796,0
20140725,56.243,56.263,55.94,55.94,10067,0
20140728,56.37,56.467,56.077,56.448,23300,0
20140729,56.526,56.604,56.302,56.448,9089,0
20140730,56.311,56.566,56.096,56.35,29698,0
20140731,55.559,55.823,54.63,54.63,16929,0
20140801,55.129,55.294,55.06,55.11,18376,0
20140804,55.373,55.51,55.177,55.51,5429,0
20140805,54.767,55.276,54.425,54.533,7432,0
20140806,54.357,54.377,54.249,54.377,11260,0
20140807,54.464,54.63,54.102,54.122,19815,0
20140808,54.083,54.591,54.074,54.571,5949,0
20140811,55.001,55.52,55.001,55.168,5005,0
20140812,55.011,55.11,54.943,55.05,8061,0
20140813,55.51,55.597,55.324,55.49,2620,0
20140814,55.285,55.617,55.285,55.588,1855,0
20140815,55.666,55.744,55.431,55.744,3028,0
20140818,55.706,56.027,55.706,55.969,7828,0
20140819,55.891,56.086,55.774,55.833,105361,0
20140820,55.431,55.559,55.373,55.559,4524,0
20140821,55.666,55.862,55.637,55.803,3748,0
20140822,55.187,55.334,55.187,55.304,8266,0
20140825,55.49,55.627,55.373,55.597,7227,0
20140826,55.403,55.422,55.285,55.294,5704,0
20140827,55.168,55.334,55.168,55.334,114095,0
20140828,55.129,55.227,55.129,55.177,1337,0
20140829,55.207,55.207,55.06,55.177,3676,0
20140902,55.383,55.578,55.383,55.5,15139,0
20140903,55.569,55.569,55.266,55.354,25590,0
20140904,55.11,55.11,54.874,54.914,9990,0
20140905,54.562,54.718,54.523,54.621,4550,0
20140908,54.67,54.826,54.581,54.708,44334,0
20140909,54.24,54.24,53.937,54.112,5927,0
20140910,54.337,54.571,54.278,54.542,11463,0
20140911,54.074,54.151,53.947,54.074,22836,0
20140912,53.819,53.965,53.761,53.838,24389,0
20140915,53.721,53.897,53.624,53.897,21127,0
20140916,53.927,54.191,53.927,54.112,7371,0
20140917,53.672,53.741,53.555,53.712,2892,0
20140918,53.575,53.634,53.535,53.624,10996,0
20140919,53.594,53.79,53.477,53.731,57565,0
20140922,53.721,53.721,53.526,53.721,12291,0
20140923,53.721,53.721,53.507,53.507,2134,0
20140924,53.644,54.132,53.644,53.995,5525,0
20140925,53.819,53.917,53.497,53.604,27190,0
20140926,54.024,54.288,54.024,54.22,7134,0
20140929,53.653,53.858,53.653,53.848,19933,0
20140930,53.458,53.585,53.331,53.468,6230,0
20141001,53.194,53.194,52.656,52.802,17841,0
20141002,52.011,52.011,51.346,51.885,13919,0
20141003,52.509,52.725,52.353,52.618,5997,0
20141006,52.626,52.744,52.588,52.656,12425,0
20141007,52.382,52.432,52.089,52.129,8698,0
20141008,52.021,52.04,51.826,52.04,3794,0
20141009,51.396,51.473,50.76,50.877,106629,0
20141010,50.428,50.692,49.92,49.92,32124,0
20141013,50.233,50.33,49.451,49.48,36034,0
20141014,50.047,50.243,50.027,50.116,4556,0
20141015,49.695,49.841,49.245,49.793,92558,0
20141016,49.236,49.822,49.148,49.538,127010,0
20141017,49.48,49.969,49.48,49.969,8331,0
20141020,50.584,50.985,50.584,50.985,2164,0
20141021,50.584,50.78,50.428,50.74,1683,0
20141022,51.142,51.366,50.926,50.926,19596,0
20141023,51.259,51.532,51.259,51.356,7162,0
20141024,51.053,51.473,51.053,51.473,220666,0
20141027,51.152,51.317,51.112,51.269,4433,0
20141028,51.435,51.582,51.317,51.582,3902,0
20141029,51.903,51.903,51.63,51.728,921,0
20141030,51.738,52.05,51.738,52.011,2539,0
20141031,54.298,54.298,53.644,54.151,31748,0
20141103,54.2,54.943,54.024,54.523,23948,0
20141104,52.031,52.441,51.826,52.441,17383,0
20141105,52.099,52.148,51.865,52.089,27426,0
20141106,51.249,51.269,51.132,51.19,10602,0
20141107,50.985,51.043,50.916,51.024,2676,0
20141110,51.523,51.835,51.337,51.816,5603,0
20141111,51.835,51.835,51.582,51.728,2294,0
20141112,51.249,51.425,51.2,51.425,11635,0
20141113,51.718,51.718,51.445,51.493,8244,0
20141114,51.307,51.6,51.307,51.532,8458,0
20141117,50.819,50.839,50.702,50.721,6137,0
20141118,51.142,51.386,51.093,51.317,6235,0
20141119,50.956,51.132,50.849,50.985,5787,0
20141120,50.643,50.721,50.526,50.536,3939,0
20141121,51.18,51.473,50.995,51.053,11537,0
20141124,51.229,51.229,51.024,51.073,11615,0
20141125,51.337,51.386,50.956,51.112,10131,0
20141126,51.396,51.396,51.288,51.366,1078,0
20141128,51.269,51.405,51.21,51.405,1581,0
20141201,51.61,51.718,51.582,51.718,1822,0
20141202,52.04,52.216,52.04,52.148,3899,0
20141203,52.021,52.158,52.021,52.148,2022,0
20141204,51.855,51.943,51.796,51.796,3731,0
20141205,51.63,51.766,51.63,51.689,13230,0
20141208,51.19,51.405,51.132,51.132,12054,0
20141209,51.132,51.288,50.907,51.269,13474,0
20141210,51.19,51.317,50.819,50.829,21199,0
20141211,51.62,51.776,51.239,51.239,37378,0
20141212,51.043,51.17,50.78,50.829,8588,0
20141215,50.457,50.799,49.969,50.076,15827,0
20141216,50.496,50.712,50.203,50.203,9129,0
20141217,50.755,51.123,50.656,51.053,8489,0
20141218,51.719,52.076,51.679,52.076,13632,0
20141219,51.609,52.007,51.609,52.007,15394,0
20141222,51.748,51.748,51.46,51.629,7279,0
20141223,51.59,51.758,51.55,51.669,5792,0
20141224,51.53,51.599,51.361,51.391,7832,0
20141226,52.007,52.066,51.937,51.997,6621,0
20141229,51.619,51.679,51.441,51.669,10126,0
20141230,51.441,51.669,51.321,51.659,5142,0
20141231,51.46,51.52,51.311,51.311,4510,0
20150105,51.192,51.192,50.924,51.043,5324,0
20150106,50.924,51.023,50.149,50.269,5756,0
20150107,51.153,51.321,51.053,51.222,16221,0
20150108,51.57,51.719,51.52,51.639,4261,0
20150109,51.172,51.172,50.874,50.974,7066,0
20150112,50.884,50.914,50.775,50.775,905,0
20150113,51.719,51.719,51.063,51.371,5646,0
20150114,51.063,51.57,51.063,51.391,2920,0
20150115,52.344,52.344,51.748,51.768,2326,0
20150116,51.927,52.116,51.858,52.066,19039,0
20150120,52.285,52.563,52.086,52.185,31357,0
20150121,51.937,52.205,51.937,52.185,1311,0
20150122,52.146,52.424,51.967,52.404,4719,0
20150123,52.295,52.414,52.255,52.374,14579,0
20150126,52.513,52.861,52.454,52.811,5771,0
20150127,52.434,52.851,52.434,52.851,5503,0
20150128,53.507,53.546,52.96,52.96,5135,0
20150129,52.98,53.556,52.98,53.427,33252,0
20150130,53.069,53.437,52.99,53.05,16772,0
20150202,53.675,53.675,53.228,53.497,8216,0
20150203,52.891,53.228,52.871,53.199,6500,0
20150204,53.079,53.318,53.01,53.119,14226,0
20150205,53.189,53.616,53.189,53.616,11727,0
20150206,53.169,53.298,53,53.04,14815,0
20150209,52.642,52.642,52.434,52.434,12100,0
20150210,52.891,52.891,52.623,52.672,7190,0
20150211,52.692,52.801,52.692,52.801,5825,0
20150212,52.92,53.06,52.92,52.97,2832,0
20150213,53.626,53.765,53.586,53.695,5024,0
20150217,53.834,54.003,53.755,53.884,1278,0
20150218,54.301,54.688,54.301,54.569,6821,0
20150219,54.659,54.967,54.659,54.967,1013,0
20150220,55.116,55.364,55.006,55.294,8720,0
20150223,54.897,55.165,54.887,55.155,1350,0
20150224,55.086,55.423,54.927,55.423,4039,0
20150225,55.423,55.423,55.215,55.364,5662,0
20150226,55.622,55.801,55.622,55.622,14668,0
20150227,55.543,55.592,55.543,55.592,428,0
20150302,55.553,55.662,55.483,55.592,5135,0
20150303,55.284,55.374,55.284,55.364,3222,0
20150304,54.957,55.265,54.957,55.265,1007,0
20150305,55.433,55.463,55.374,55.374,604,0
20150306,55.304,55.324,55.056,55.076,3725,0
20150309,54.957,55.096,54.867,55.096,1510,0
20150310,54.639,54.639,54.251,54.599,4732,0
20150311,54.788,54.788,54.649,54.688,2215,0
20150312,55.781,55.861,55.543,55.731,20035,0
20150313,55.791,55.821,55.592,55.821,3322,0
20150316,56.268,56.298,56.109,56.218,10471,0
20150317,55.96,55.96,55.652,55.851,6343,0
20150318,56.129,56.347,56.129,56.278,5034,0
20150319,56.149,56.357,56.089,56.268,1510,0
20150320,56.754,57.122,56.754,57.062,5034,0
20150323,57.152,57.39,57.152,57.39,7752,0
20150324,57.47,57.489,57.301,57.301,2920,0
20150325,57.47,57.748,57.201,57.201,1007,0
20150326,56.298,56.923,56.298,56.784,22250,0
20150327,57.013,57.013,56.715,56.754,2618,0
20150330,57.003,57.003,56.963,56.963,2215,0
20150331,56.764,56.844,56.705,56.844,4343,0
20150401,56.516,56.675,56.288,56.367,12384,0
20150402,57.092,57.102,56.983,57.082,3926,0
20150406,58.274,59.545,57.966,59.545,78731,0
20150407,58.026,58.205,58.026,58.095,3529,0
20150408,58.264,58.433,58.205,58.205,2819,0
20150409,58.145,58.284,57.926,58.234,11825,0
20150410,58.264,58.552,58.264,58.552,2819,0
20150413,58.264,58.383,58.135,58.135,11276,0
20150414,58.781,58.86,58.691,58.82,19129,0
20150415,58.731,58.9,58.632,58.9,26900,0
20150416,58.88,58.959,58.88,58.88,1243,0
20150417,58.344,58.453,58.095,58.254,12082,0
20150420,57.956,58.115,57.956,58.105,733,0
20150421,58.622,58.632,58.463,58.463,4829,0
20150422,58.691,58.93,58.622,58.751,9596,0
20150423,58.423,58.751,58.403,58.483,16914,0
20150424,58.801,59.029,58.801,59.029,5106,0
20150427,59.019,59.148,58.989,58.999,5839,0
20150428,58.691,59.138,58.652,58.681,11200,0
20150429,58.572,58.572,58.095,58.125,2416,0
20150430,58.145,58.224,57.44,57.45,6947,0
20150501,57.291,57.708,57.211,57.708,9061,0
20150504,58.056,58.354,57.638,58.145,19935,0
20150505,57.748,57.778,56.913,57.122,104505,0
20150506,56.983,56.993,56.715,56.983,7271,0
20150507,56.983,57.152,56.923,57.152,3794,0
20150508,58.006,58.542,58.006,58.513,5739,0
20150511,58.393,58.393,58.135,58.135,2014,0
20150512,58.046,58.135,57.926,58.066,8282,0
20150513,58.493,58.81,58.463,58.483,2049,0
20150514,58.761,58.84,58.761,58.84,2517,0
20150515,58.999,59.198,58.999,59.188,4619,0
20150518,59.267,59.377,59.218,59.357,7622,0
20150519,59.595,59.635,59.486,59.496,1541,0
20150520,59.287,59.575,59.248,59.575,3154,0
20150521,59.178,59.416,59.138,59.416,2718,0
20150522,59.675,59.784,59.635,59.784,2416,0
20150526,58.88,59.188,58.483,58.691,5819,0
20150527,58.95,59.029,58.93,58.959,3222,0
20150528,58.244,58.532,58.125,58.503,7689,0
20150529,58.036,58.135,57.946,58.056,5839,0
20150601,58.622,58.86,58.572,58.602,9621,0
20150602,58.671,58.741,58.532,58.592,4609,0
20150603,58.701,58.999,58.483,58.999,191895,0
20150604,58.562,58.741,58.483,58.552,22754,0
20150605,58.393,58.681,58.364,58.493,16511,0
20150608,58.135,58.244,58.056,58.244,11880,0
20150609,57.857,58.105,57.648,57.768,16373,0
20150610,58.642,58.979,58.622,58.751,6999,0
20150611,59.138,59.138,59.039,59.089,3147,0
20150612,58.632,58.761,58.503,58.761,8759,0
20150615,58.612,58.92,58.552,58.92,3725,0
20150616,58.443,58.761,58.334,58.761,5940,0
20150617,58.373,58.661,58.095,58.661,9967,0
20150618,58.632,59.009,58.552,59.009,6645,0
20150619,59.029,59.118,59.019,59.059,6141,0
20150622,59.585,59.804,59.327,59.625,9867,0
20150623,60.062,60.062,59.804,59.973,9175,0
20150624,59.516,59.595,59.446,59.456,6846,0
20150625,59.95,59.95,59.564,59.564,3169,0
20150626,59.88,60.04,59.88,60.01,184100,0
20150629,59.36,59.36,58.47,58.47,28800,0
20150630,59.42,59.42,59,59,6989,0
20150701,59.59,59.99,59.59,59.88,17700,0
20150702,59.83,59.83,59.5,59.7,5400,0
20150706,58.77,58.98,58.73,58.97,8400,0
20150707,58.91,59.33,58.53,59.25,44500,0
20150708,57.49,57.56,56.67,56.82,17200,0
20150709,57.38,57.45,56.94,57.04,17300,0
20150710,57.4,57.49,57.13,57.47,9000,0
20150713,58.46,58.46,58.14,58.28,3800,0
20150714,58.54,58.83,58.54,58.78,5854,0
20150715,59.77,59.77,58.77,58.81,10641,0
20150716,59.2,59.21,59.06,59.06,4900,0
20150717,59.15,59.34,59.07,59.09,3100,0
20150720,59.59,59.59,59.09,59.18,6900,0
20150721,59.06,59.11,58.95,59.02,12100,0
20150722,59.02,59.07,58.97,58.99,1500,0
20150723,59.12,59.13,58.84,58.86,9600,0
20150724,58.86,58.9,58.46,58.47,12500,0
20150727,57.6,58.25,57.6,58.06,131400,0
20150728,58.42,58.75,58.23,58.73,2803600,0
20150729,58.4,58.85,58.35,58.81,26900,0
20150730,58.56,58.62,58.27,58.51,19600,0
20150731,58.99,59.06,58.85,58.85,41500,0
20150803,59.26,59.26,58.97,59.19,34019,0
20150804,59.29,59.46,59.24,59.43,43400,0
20150805,59.82,59.83,59.68,59.7,47400,0
20150806,59.39,59.39,59.1,59.19,27720,0
20150807,59.35,59.35,59.1,59.27,13800,0
