Date,Open,High,Low,Close,Volume,OpenInt
20140806,28.808,29.625,28.755,29.235,18308,0
20140807,29.452,29.58,28.762,28.98,6240,0
20140808,29.002,29.58,28.942,29.55,8668,0
20140811,29.805,30.488,29.73,30.105,10060,0
20140812,29.94,30.075,29.415,29.648,9360,0
20140813,29.895,30.21,29.768,30.105,5332,0
20140814,30.21,30.27,30.082,30.195,14148,0
20140815,30.63,30.638,29.558,30.082,24268,0
20140818,30.645,30.998,30.645,30.975,13360,0
20140819,31.095,31.305,31.095,31.185,16000,0
20140820,30.938,31.058,30.81,30.96,3272,0
20140821,30.735,31.132,30.712,31.02,16020,0
20140826,31.838,31.838,31.815,31.815,800,0
20140827,31.755,31.792,31.62,31.702,13472,0
20140828,31.192,31.312,31.192,31.312,640,0
20140829,31.748,31.748,31.748,31.748,1332,0
20140902,31.92,32.212,31.718,32.048,28552,0
20140903,32.288,32.34,31.575,31.62,4400,0
20140904,31.8,32.205,31.38,31.395,9332,0
20140905,31.162,31.538,31.162,31.538,19868,0
20140908,31.68,31.755,31.29,31.605,27732,0
20140909,31.155,31.155,31.155,31.155,1072,0
20140910,30.84,31.26,30.652,31.192,12672,0
20140911,31.088,31.538,31.088,31.538,400,0
20140912,31.275,31.282,30.922,30.968,1468,0
20140915,30.352,30.352,30.352,30.352,132,0
20140916,30.33,30.518,29.632,30.308,31600,0
20140917,30.285,30.855,30.225,30.442,46668,0
20140918,30.735,31.035,30.652,31.035,19892,0
20140919,31.275,31.32,30.352,30.36,2000,0
20140922,29.865,29.918,29.385,29.475,17332,0
20140923,29.46,29.46,28.898,28.905,2392,0
20140924,28.935,29.422,28.8,29.362,8400,0
20140925,28.815,28.815,28.432,28.432,2168,0
20140926,28.582,28.935,28.575,28.935,8932,0
20140929,28.545,28.898,28.545,28.898,3492,0
20140930,28.815,28.815,28.35,28.35,1812,0
20141001,27.608,27.998,27.18,27.24,23600,0
20141002,27.465,27.982,26.888,27.758,11200,0
20141003,28.245,28.455,28.178,28.178,3412,0
20141006,28.35,28.35,27.705,27.705,2532,0
20141007,27.465,27.465,26.798,26.798,2400,0
20141008,26.738,27.548,26.288,27.548,2932,0
20141009,27.15,27.352,26.378,26.378,4668,0
20141010,26.235,26.362,25.71,25.71,6668,0
20141013,25.755,26.108,25.56,25.665,13336,0
20141014,25.928,26.692,25.838,26.01,4268,0
20141015,25.47,26.67,25.418,26.58,6800,0
20141016,26.4,27.135,26.34,27.12,3528,0
20141017,27.502,27.525,26.828,27.015,4132,0
20141020,27.285,27.532,27.225,27.532,11468,0
20141021,28.088,28.448,28.02,28.448,29732,0
20141022,28.485,28.718,27.892,27.892,4060,0
20141023,28.282,28.92,28.282,28.628,12400,0
20141024,28.718,28.86,28.53,28.86,4268,0
20141027,28.29,28.808,28.23,28.778,2932,0
20141028,29.408,30.398,29.408,30.375,5092,0
20141029,30.712,30.712,30.015,30.24,6268,0
20141030,30.06,30.945,30.015,30.75,2908,0
20141031,31.432,31.8,31.372,31.8,6132,0
20141103,31.882,31.98,31.365,31.432,2600,0
20141104,31.62,31.62,31.102,31.312,4468,0
20141105,31.62,31.672,31.268,31.402,3068,0
20141106,31.372,31.515,31.238,31.515,1068,0
20141107,31.372,31.68,31.245,31.65,1468,0
20141110,31.725,31.972,31.725,31.928,2376,0
20141111,31.958,32.04,31.958,31.98,532,0
20141112,31.98,32.513,31.965,32.4,9960,0
20141113,32.528,32.565,31.718,31.83,15332,0
20141114,31.852,31.905,31.71,31.71,1732,0
20141117,31.688,31.74,31.238,31.282,2400,0
20141118,31.735,31.775,31.59,31.59,10004,0
20141119,31.05,31.25,30.542,30.9,28008,0
20141120,31.252,31.598,31.24,31.598,25920,0
20141121,32.19,32.263,32.1,32.112,5600,0
20141124,31.778,32.452,31.738,32.44,27400,0
20141125,32.638,32.638,32.315,32.43,22600,0
20141126,32.362,32.712,32.358,32.678,27320,0
20141128,32.585,32.597,31.728,31.748,9616,0
20141201,30.862,31.045,30.705,30.728,4800,0
20141202,31.002,31.615,31.002,31.48,17996,0
20141203,31.438,32.245,31.438,32.068,47868,0
20141204,31.975,31.975,31.565,31.732,26660,0
20141205,32.12,32.347,32.018,32.235,14000,0
20141208,32.458,32.458,31.62,31.62,9044,0
20141209,30.925,32.377,30.852,32.377,10244,0
20141211,31.42,31.558,31.42,31.558,1224,0
20141215,30.79,30.79,30.78,30.79,3072,0
20141218,32.57,32.57,32.57,32.57,808,0
20141219,33.03,33.03,33.03,33.03,940,0
20141224,33.602,33.7,33.55,33.55,28680,0
20141226,34.11,34.11,34.075,34.075,200012,0
20141229,34.288,34.292,34.285,34.285,2000,0
20141230,33.808,33.808,33.808,33.808,4000,0
20141231,34.385,34.385,33.558,33.558,11600,0
20150106,30.698,30.72,30.698,30.72,876,0
20150108,32.235,32.29,32.23,32.29,4020,0
20150109,32.825,32.892,32.095,32.228,9200,0
20150112,32.057,32.057,31.808,31.808,2000,0
20150113,32.492,32.492,32.232,32.232,20800,0
20150116,31.692,31.692,31.692,31.692,4000,0
20150120,31.318,31.37,31.318,31.37,2000,0
20150121,31.17,31.17,31.17,31.17,1108,0
20150122,32.482,32.482,32.482,32.482,400,0
20150123,32.432,32.508,32.432,32.508,800,0
20150126,32.95,32.95,32.95,32.95,4000,0
20150127,32.305,32.305,32.27,32.27,2796,0
20150210,32.832,32.832,32.832,32.832,400,0
20150211,32.945,32.945,32.945,32.945,456,0
20150302,32.945,32.945,32.945,32.945,400,0
20150313,34.562,34.602,34.562,34.562,2800,0
20150319,34.562,34.562,34.562,34.562,400,0
20150320,34.562,34.562,34.562,34.562,400,0
20150326,34.562,34.562,34.562,34.562,400,0
20150406,34.562,34.562,34.562,34.562,400,0
20150421,36.822,36.922,36.65,36.868,22960,0
20150422,36.73,36.73,36.655,36.655,840,0
20150427,37.185,37.185,36.902,36.902,20400,0
20150429,35.1,35.1,35.1,35.1,800,0
20150430,35.1,35.1,35.1,35.1,400,0
20150501,35.1,35.1,35.1,35.1,400,0
20150505,33.905,33.938,33.905,33.938,4000,0
20150508,33.938,33.938,33.938,33.938,400,0
20150514,33.938,33.938,33.938,33.938,400,0
20150515,33.938,33.938,33.938,33.938,32,0
20150520,36.43,36.43,36.07,36.43,8900,0
20150521,36.61,36.63,36.32,36.32,7600,0
20150522,36.29,36.29,36.29,36.29,100,0
20150526,36.29,36.29,36.29,36.29,1,0
20150602,36.29,36.29,36.29,36.29,80,0
20150616,36.55,37.02,36.52,36.92,11000,0
20150617,36.98,36.99,36.87,36.87,2200,0
20150618,37.62,37.83,37.6,37.83,3900,0
20150619,37.83,37.83,37.83,37.83,100,0
20150622,37.83,37.83,37.83,37.83,100,0
20150623,37.83,37.83,37.83,37.83,500,0
20150625,37.85,37.85,37.85,37.85,100,0
20150629,35.88,35.88,35.88,35.88,100,0
20150707,35.01,35.15,34.77,35.15,1000,0
20150708,35.1,35.1,34.49,34.52,1100,0
20150709,35.03,35.03,34.95,34.95,2500,0
20150713,36.38,36.38,36.38,36.38,200,0
20150714,37.03,37.03,37.02,37.02,1000,0
20150715,37.1,37.1,36.47,36.47,2130,0
20150716,37.02,37.02,37.01,37.01,1100,0
20150720,36.42,36.45,36.42,36.45,1000,0
20150721,35.93,35.93,35.9,35.9,10800,0
20150724,34.31,34.31,34.31,34.31,400,0
20150727,34.31,34.31,34.31,34.31,100,0
20150728,34.31,34.31,34.31,34.31,100,0
20150729,34.26,34.26,33.8,33.8,900,0
20150730,34.65,34.65,34.65,34.65,200,0
20150731,34.67,34.67,34.67,34.67,100,0
20150805,34.69,34.69,34.69,34.69,1400,0
20150807,34.69,34.69,34.69,34.69,100,0
