Date,Open,High,Low,Close,Volume,OpenInt
20070201,61.359,61.359,61.359,61.359,658,0
20070202,62.307,62.527,62.307,62.527,220,0
20070205,62.772,62.772,62.772,62.772,112,0
20070207,64.967,64.967,64.867,64.867,878,0
20070208,65.287,65.442,65.287,65.442,878,0
20070209,65.696,65.797,64.904,65.233,4609,0
20070212,65.177,65.214,65.177,65.214,330,0
20070213,65.989,65.989,65.989,65.989,330,0
20070214,66.671,67.163,66.671,66.726,2414,0
20070215,66.015,66.197,66.015,66.152,6696,0
20070216,65.651,65.916,65.632,65.916,6475,0
20070220,66.107,66.107,66.107,66.107,220,0
20070221,65.933,65.933,65.569,65.861,3953,0
20070222,66.353,66.353,65.952,65.952,220,0
20070223,67.18,67.18,67.18,67.18,220,0
20070226,71.984,71.984,70.261,70.317,28534,0
20070227,69.551,69.551,66.089,66.362,3953,0
20070228,66.562,66.709,66.562,66.699,2088,0
20070301,65.396,67.41,64.429,67.154,2088,0
20070302,66.18,66.18,65.496,65.496,1208,0
20070305,63.746,64.53,63.628,63.628,1099,0
20070306,63.755,64.63,63.619,64.63,2414,0
20070307,65.149,65.149,64.841,64.841,220,0
20070308,65.424,65.761,65.049,65.049,1099,0
20070309,65.214,65.632,65.214,65.35,1644,0
20070312,65.387,66.498,65.387,66.498,550,0
20070314,65.287,65.287,65.259,65.269,1208,0
20070315,65.734,66.853,65.734,66.853,658,0
20070316,66.863,67.465,66.408,66.408,5596,0
20070319,66.863,66.899,66.863,66.899,220,0
20070320,68.44,69.278,68.44,69.278,987,0
20070321,68.987,71.127,68.987,70.891,5047,0
20070322,71.145,71.219,70.589,71.099,3732,0
20070323,70.836,71.656,70.836,71.656,3622,0
20070326,71.509,72.43,71.317,72.358,5925,0
20070327,72.029,72.403,71.62,72.167,1644,0
20070328,72.795,72.812,72.176,72.176,2526,0
20070329,72.512,72.941,71.984,71.984,2964,0
20070330,72.904,72.904,70.38,71.308,2306,0
20070402,72.029,74.371,72.029,74.371,6475,0
20070403,74.507,74.845,74.17,74.462,6364,0
20070404,74.516,74.516,73.706,73.87,4719,0
20070405,73.543,74.534,73.543,74.534,2414,0
20070409,74.754,75.693,74.754,75.592,7243,0
20070410,75.483,76.139,75.483,76.111,3509,0
20070411,76.302,76.302,75.409,75.437,7025,0
20070412,75.301,75.301,74.435,74.782,2088,0
20070413,74.89,75.455,74.562,74.982,2526,0
20070416,75.356,75.901,75.109,75.901,3732,0
20070417,76.503,76.986,76.256,76.868,12511,0
20070418,76.603,77.14,76.458,77.14,1317,0
20070419,76.221,76.494,76.148,76.448,3622,0
20070420,77.478,77.851,77.149,77.26,2853,0
20070423,77.961,79.145,77.961,78.609,9001,0
20070424,78.672,79.828,78.59,79.491,23155,0
20070425,80.131,80.858,79.921,80.594,11634,0
20070426,80.613,80.622,79.939,79.939,4060,0
20070427,78.955,78.972,78.471,78.581,12949,0
20070430,79.356,79.437,76.868,77.242,19207,0
20070501,78.016,79,77.242,78.873,22827,0
20070502,78.782,79.72,78.691,79.692,4281,0
20070503,80.094,80.156,78.955,79.5,10316,0
20070504,79.802,80.156,79.237,79.356,6696,0
20070507,80.393,81.005,80.393,80.886,9106,0
20070508,80.53,80.53,79.711,80.01,3953,0
20070509,79.965,80.649,79.856,80.594,25133,0
20070510,80.165,80.339,78.79,78.79,11414,0
20070511,79.136,79.931,79.136,79.931,3953,0
20070514,80.267,80.74,80.258,80.459,10865,0
20070515,81.04,82.288,80.576,80.576,11083,0
20070516,81.396,81.578,80.814,81.559,4719,0
20070517,81.324,81.414,80.713,81.005,8889,0
20070518,81.433,81.971,80.978,81.971,8231,0
20070521,82.115,82.288,81.578,82.125,7900,0
20070522,82.288,82.536,81.587,81.587,9106,0
20070523,81.741,82.027,79.464,79.846,17010,0
20070524,79.318,79.611,75.347,75.51,30618,0
20070525,75.966,76.575,74.161,74.982,27000,0
20070529,75.656,77.114,75.656,76.284,9106,0
20070530,75.52,78.052,75.52,77.97,16901,0
20070531,78.089,78.836,77.897,78.517,8012,0
20070601,78.644,79.019,77.433,77.588,13389,0
20070604,77.451,77.506,76.284,77.168,19645,0
20070605,77.069,77.069,75.081,75.419,11414,0
20070606,73.979,74.116,72.639,72.695,15036,0
20070607,72.685,72.685,68.366,68.421,32377,0
20070608,68.193,69.723,68.193,69.487,42361,0
20070611,70.025,71.766,69.551,70.99,19755,0
20070612,70.407,70.407,68.94,69.006,12623,0
20070613,70.589,71.602,70.308,71.437,27985,0
20070614,72.541,72.904,71.656,72.157,11634,0
20070615,73.515,74.717,73.515,74.481,10646,0
20070618,74.261,74.261,72.685,73.25,10646,0
20070619,72.676,73.332,72.238,73.204,10535,0
20070620,73.47,73.47,69.579,69.595,9219,0
20070621,69.469,71,68.721,70.116,8231,0
20070622,69.669,70.188,67.838,68.202,10205,0
20070625,68.248,70.088,68.093,68.622,23155,0
20070626,69.049,69.953,67.418,67.418,20084,0
20070627,66.581,69.259,66.479,69.259,15036,0
20070628,69.698,70.744,69.122,69.122,6696,0
20070629,69.333,70.361,68.385,69.305,10205,0
20070702,71.163,71.911,70.7,71.911,45545,0
20070703,72.622,72.977,71.429,71.892,21620,0
20070705,71.948,72.568,70.034,71.49,30838,0
20070706,71.273,71.273,69.861,70.981,21402,0
20070709,71.089,71.802,71.089,71.49,6803,0
20070710,71.099,71.173,69.651,69.651,9440,0
20070711,69.378,70.053,69.278,70.053,3184,0
20070712,70.864,72.029,70.716,72.02,5707,0
20070713,72.02,74.207,71.948,73.833,13937,0
20070716,73.716,73.77,71.892,71.892,4499,0
20070717,72.568,73.313,71.682,71.682,12180,0
20070718,70.953,72.411,70.953,72.202,20743,0
20070719,73.487,75.483,73.487,75.483,14816,0
20070720,75.301,75.301,73.059,73.059,5377,0
20070723,73.879,74.808,73.77,73.825,8231,0
20070724,72.95,72.95,68.567,68.693,15145,0
20070725,70.289,70.572,67.629,69.077,39509,0
20070726,67.091,68.093,63.354,65.396,72322,0
20070727,64.394,64.949,62.653,62.653,13498,0
20070730,62.489,63.829,61.979,63.619,7684,0
20070731,65.014,66.034,63.209,63.347,11194,0
20070801,63.728,66.909,63.655,66.909,36545,0
20070802,69.369,69.56,66.626,67.847,39181,0
20070803,68.357,68.357,62.945,62.945,52018,0
20070806,63.628,66.426,61.432,66.426,13719,0
20070807,65.442,69.487,65.35,69.022,13829,0
20070808,70.252,71.455,68.749,69.587,11854,0
20070809,68.239,69.231,67.264,67.264,5596,0
20070810,64.831,66.835,64.457,66.535,8453,0
20070813,67.965,68.093,66.544,66.544,1539,0
20070814,65.806,65.806,64.221,64.284,9766,0
20070815,64.11,65.269,62.371,62.7,7463,0
20070816,61.313,61.423,57.896,60.885,5047,0
20070817,62.107,65.087,61.597,64.831,5047,0
20070820,64.914,64.995,63.482,64.895,3071,0
20070821,64.329,65.588,64.329,65.114,2526,0
20070822,66.562,66.726,65.378,66.581,3184,0
20070823,67.273,67.345,66.18,66.717,3842,0
20070824,66.825,68.011,66.133,68.011,2633,0
20070827,66.133,66.133,64.11,64.221,7243,0
20070828,64.083,64.367,62.233,62.233,2414,0
20070829,63.838,65.259,63.227,65.259,7792,0
20070830,64.822,65.378,64.039,64.039,3293,0
20070831,65.742,65.742,63.966,64.831,3842,0
20070904,65.322,67.391,65.322,67.391,6584,0
20070905,65.924,66.225,65.087,66.225,7684,0
20070906,65.788,67.364,65.788,66.918,1758,0
20070907,65.87,66.325,64.841,65.469,19645,0
20070910,65.588,65.651,64.184,65.588,8012,0
20070911,65.642,66.652,65.642,66.362,7134,0
20070912,66.398,67.638,66.398,67.484,9106,0
20070913,67.783,68.084,67.364,67.364,9766,0
20070914,66.998,67.883,66.918,67.82,1864,0
20070917,67.345,67.546,66.699,66.699,1758,0
20070918,67.692,70.562,67.537,69.997,9106,0
20070919,70.589,71.948,70.589,71.911,8339,0
20070920,71.327,71.729,70.28,70.343,6696,0
20070921,71.082,71.783,70.99,70.99,987,0
20070924,70.908,71.701,70.817,70.817,2853,0
20070925,70.691,71.037,70.043,70.043,3293,0
20070926,71.065,71.62,70.972,71.182,5487,0
20070927,70.735,70.744,70.28,70.416,6475,0
20070928,70.735,70.735,68.767,68.776,7792,0
20071001,69.66,70.874,69.66,70.509,5818,0
20071002,70.917,70.917,70.107,70.481,2744,0
20071003,70.416,70.607,69.823,70.572,13170,0
20071004,71.117,71.656,71.117,71.656,1758,0
20071005,72.384,72.977,72.029,72.494,9219,0
20071008,72.476,72.731,72.003,72.029,2306,0
20071009,72.276,74.207,72.276,74.207,2414,0
20071010,73.505,73.505,72.685,72.932,2853,0
20071011,74.207,74.863,72.985,73.742,6364,0
20071012,74.553,74.754,74.116,74.207,8339,0
20071015,75.072,75.072,72.029,72.503,6914,0
20071016,72.531,72.985,72.421,72.421,1539,0
20071017,72.896,72.95,70.772,71.719,8012,0
20071018,71.411,71.892,71.411,71.473,1427,0
20071019,71.154,71.154,68.239,68.239,7463,0
20071022,67.218,69.369,67.218,69.369,29631,0
20071023,69.88,69.88,68.44,69.022,39290,0
20071024,68.731,69.861,68.074,69.679,5047,0
20071025,70.543,72.321,70.416,72.276,44669,0
20071026,73.15,74.489,72.777,74.489,14158,0
20071029,75.857,75.911,75.036,75.546,6475,0
20071030,75.428,76.039,75.054,75.208,4060,0
20071031,75.61,77.514,75.61,77.06,11743,0
20071101,75.947,76.723,74.371,74.427,31716,0
20071102,74.635,75.4,74.38,75.245,23596,0
20071105,75.938,76.458,75.684,75.938,9440,0
20071106,76.421,76.841,75.264,76.841,6035,0
20071107,76.056,76.056,73.77,73.77,4719,0
20071108,73.979,76.093,73.979,75.811,9219,0
20071109,74.061,75.647,73.652,74.307,8562,0
20071112,74.189,74.207,71.892,72.029,5377,0
20071113,72.541,73.059,70.589,73.059,7684,0
20071114,73.124,73.906,72.658,72.658,6364,0
20071115,72.812,73.67,72.167,73.241,11305,0
20071116,73.77,73.77,72.029,73.451,1317,0
20071119,73.241,74.207,72.896,73.086,40935,0
20071120,73.031,76.377,73.031,75.182,9440,0
20071121,75.208,75.208,73.733,73.733,6147,0
20071123,73.306,74.179,73.306,74.179,29849,0
20071126,75.811,75.811,73.15,73.25,10482,0
20071127,73.67,74.6,72.63,74.016,20632,0
20071128,74.745,75.956,74.226,75.956,4938,0
20071129,75.947,76.239,75.173,75.966,4938,0
20071130,76.522,76.522,75.811,75.911,3732,0
20071203,77.98,77.98,76.794,77.506,11425,0
20071204,77.177,79.41,77.023,78.917,9106,0
20071205,81.578,81.578,79.183,80.931,11743,0
20071206,83.146,83.146,79.846,81.105,15694,0
20071207,81.241,81.999,80.267,81.324,56628,0
20071210,82.443,82.443,81.151,81.688,42586,0
20071211,82.227,82.443,78.062,78.126,41923,0
20071212,80.685,80.685,77.287,78.59,15203,0
20071213,78.408,80.294,77.907,79.837,10865,0
20071214,78.982,79.291,77.242,77.242,12180,0
20071217,76.603,76.986,75.227,75.546,43187,0
20071218,76.494,77.807,76.494,77.807,7134,0
20071219,77.734,78.263,77.296,77.496,3184,0
20071220,77.688,77.688,76.312,77.14,10427,0
20071221,78.18,78.744,78.052,78.581,23484,0
20071224,78.436,78.599,78.152,78.398,17889,0
20071226,78.135,78.343,77.514,77.87,15584,0
20071227,77.661,78.08,76.621,76.621,3293,0
20071228,77.369,77.943,77.369,77.496,2964,0
20071231,77.451,77.596,75.938,75.938,9106,0
20080102,76.266,76.575,74.198,74.525,16791,0
20080103,75.091,76.111,74.88,74.89,8339,0
20080104,74.764,75.62,74.516,74.717,8562,0
20080107,75.857,77.952,75.857,77.952,31388,0
20080108,80.304,80.304,77.087,77.087,18988,0
20080109,76.667,78.809,76.667,78.772,13970,0
20080110,79.01,79.529,77.242,79.055,24033,0
20080111,77.697,77.797,77.196,77.523,9878,0
20080114,79.939,79.939,74.261,77.851,11414,0
20080115,75.737,77.907,75.601,75.601,10205,0
20080116,75.647,76.575,73.806,73.806,11305,0
20080117,72.758,73.55,68.175,68.32,36437,0
20080118,69.049,69.049,65.523,66.225,30961,0
20080122,60.139,63.801,52.376,62.326,24253,0
20080123,56.566,65.742,56.566,65.632,19975,0
20080124,65.979,65.979,62.616,62.799,13719,0
20080125,63.136,63.564,61.05,61.705,15292,0
20080128,60.703,62.58,60.703,62.398,13281,0
20080129,62.873,64.02,62.681,62.972,17231,0
20080130,63.637,65.149,60.42,63.337,53993,0
20080131,61.605,65.97,61.605,64.803,10535,0
20080201,65.159,67.292,65.159,67.081,31937,0
20080204,67.647,70.098,67.647,69.249,20961,0
20080205,67.71,67.71,64.967,64.967,32377,0
20080206,66.426,66.507,64.476,64.494,10427,0
20080207,63.655,64.703,63.136,64.066,6803,0
20080208,63.409,64.039,63.027,63.82,5377,0
20080211,65.049,65.049,63.455,64.512,8453,0
20080212,66.562,66.562,65.597,65.597,6584,0
20080213,66.772,66.863,65.532,66.079,2853,0
20080214,66.973,66.998,65.104,65.104,2633,0
20080215,65.187,65.187,65.187,65.187,112,0
20080219,66.444,66.444,65.177,65.551,9327,0
20080220,64.203,65.861,64.02,65.588,32815,0
20080221,63.792,65.815,63.4,63.546,6256,0
20080222,64.147,64.85,63.2,64.85,14377,0
20080225,65.14,65.606,64.602,65.287,7025,0
20080226,65.25,66.599,65.149,66.599,7243,0
20080227,66.089,66.235,64.376,64.521,3293,0
20080228,63.956,64.247,63.054,63.911,6584,0
20080229,62.379,62.379,59.865,60.477,12126,0
20080303,60.147,61.761,59.902,61.696,5047,0
20080304,61.869,63.328,61.788,62.854,12731,0
20080305,62.444,63.683,61.961,63.409,14267,0
20080306,62.945,63.163,60.739,60.749,28424,0
20080307,60.139,60.503,59.227,60.503,9878,0
20080310,59.501,60.329,59.136,59.472,14389,0
20080311,62.398,62.626,59.328,62.552,12623,0
20080312,63.373,63.71,61.397,61.397,8121,0
20080313,59.856,61.834,59.637,61.597,24583,0
20080314,61.752,61.752,58.862,60.43,11523,0
20080317,58.763,60.147,58.507,60.147,14926,0
20080318,61.131,61.971,60.685,61.742,18767,0
20080319,63.246,63.246,59.472,59.472,9878,0
20080320,58.834,59.746,57.176,59.746,10535,0
20080324,60.001,60.038,58.763,59.39,16681,0
20080325,59.491,59.783,58.954,58.954,4499,0
20080326,58.936,60.121,58.936,59.692,13610,0
20080327,60.576,61.469,60.304,60.304,8889,0
20080328,60.95,61.077,59.11,59.11,10316,0
20080331,59.373,60.676,58.918,59.601,10756,0
20080401,60.995,63.281,60.995,63.064,21181,0
20080402,63.674,64.904,63.664,64.12,5159,0
20080403,63.364,63.693,63.29,63.555,2964,0
20080404,63.655,65.715,63.655,64.203,12731,0
20080407,64.002,64.967,63.683,64.321,7134,0
20080408,64.694,65.223,64.694,65.087,3953,0
20080409,65.861,65.861,65.077,65.168,5047,0
20080410,64.348,64.394,64.194,64.376,2192,0
20080411,63.902,64.284,63.902,64.284,550,0
20080414,64.429,64.75,64.429,64.75,4499,0
20080415,65.788,65.797,65.532,65.632,9106,0
20080416,67.783,68.776,66.171,68.759,16972,0
20080417,68.814,69.669,68.421,68.858,7851,0
20080418,69.342,69.46,68.987,69.46,10584,0
20080421,68.403,68.604,67.719,68.138,4005,0
20080422,68.23,68.23,67.546,67.546,2526,0
20080423,68.712,68.712,68.594,68.594,4938,0
20080424,68.613,68.795,67.446,68.512,12334,0
20080425,68.649,69.039,68.275,68.33,9245,0
20080428,68.111,69.16,68.111,68.858,2490,0
20080429,68.294,68.294,67.564,67.564,6803,0
20080430,68.32,68.521,67.283,67.847,27927,0
20080501,67.163,68.703,67.163,68.567,18713,0
20080502,69.515,70.654,69.515,70.116,4657,0
20080505,69.478,69.478,68.613,68.658,6727,0
20080506,67.984,69.039,67.546,69.039,3637,0
20080507,68.44,68.44,67.119,67.119,2076,0
20080508,66.681,68.057,66.681,67.657,4666,0
20080509,66.954,68.275,66.954,68.275,1004,0
20080512,68.458,69.032,67.892,68.977,3689,0
20080513,68.703,68.977,68.567,68.885,2295,0
20080514,69.707,70.015,69.295,69.707,1663,0
20080515,69.487,69.534,69.487,69.534,2414,0
20080516,70.161,70.78,70.161,70.509,3306,0
20080519,71.537,72.276,71.537,72.103,3719,0
20080520,72.595,73.306,72.549,72.549,7760,0
20080521,73.259,74.253,72.238,72.238,21466,0
20080522,72.896,72.896,71.883,72.731,3543,0
20080523,72.148,72.148,70.153,70.216,2114,0
20080527,71.829,71.829,70.499,71.082,2177,0
20080528,71.099,71.145,70.772,71.145,2382,0
20080529,72.211,72.666,71.864,71.874,2987,0
20080530,70.753,71.984,70.753,71.956,5601,0
20080602,71.145,71.145,70.079,70.864,2088,0
20080603,70.762,70.78,69.642,69.88,3622,0
20080604,71.145,71.62,70.135,71.411,31920,0
20080605,71.792,72.868,71.009,72.868,31166,0
20080606,72.74,73.15,70.252,70.407,8453,0
20080609,70.972,72.011,70.972,71.346,8965,0
20080610,70.471,71.846,70.471,71.846,6180,0
20080611,71.629,72.238,70.616,70.953,28205,0
20080612,70.243,70.735,69.988,69.988,12401,0
20080613,70.799,72.093,70.799,71.939,2769,0
20080616,71.775,72.339,70.845,72.276,16175,0
20080617,72.896,73.15,72.896,73.15,1208,0
20080618,74.217,74.217,71.629,72.531,17751,0
20080619,72.257,72.63,71.792,72.503,7902,0
20080620,72.439,72.439,70.407,70.589,3372,0
20080623,72.084,72.704,71.775,71.775,1298,0
20080624,72.722,72.722,70.71,70.772,44827,0
20080625,70.981,71.62,70.855,71.455,17411,0
20080626,70.654,70.654,68.212,68.32,3414,0
20080627,68.731,68.731,66.853,67.017,4650,0
20080630,67.883,70.216,67.501,70.107,9057,0
20080701,67.319,70.827,67.319,70.827,4002,0
20080702,69.515,71.229,69.378,69.378,6950,0
20080703,69.515,69.515,67.792,67.792,10026,0
20080707,68.421,68.913,65.688,66.408,27101,0
20080708,66.745,67.564,65.177,66.618,26435,0
20080709,65.277,68.448,65.277,67.647,20335,0
20080710,68.594,68.594,67.619,68.175,37964,0
20080711,67.072,68.576,66.954,68.093,15841,0
20080714,67.537,67.537,66.015,66.507,7216,0
20080715,64.11,66.225,64.11,64.976,29886,0
20080716,64.63,64.63,62.233,62.672,15774,0
20080717,62.233,62.233,59.683,61.067,30457,0
20080718,62.243,62.873,60.23,61.414,16264,0
20080721,63.054,63.064,61.542,62.972,35900,0
20080722,63.966,64.066,62.379,62.589,13663,0
20080723,64.221,64.221,59.529,60.139,26848,0
20080724,59.865,60.529,57.651,59.227,11624,0
20080725,59.082,59.182,58.362,58.488,13060,0
20080728,58.007,59.182,58.007,58.044,10726,0
20080729,55.51,58.67,55.51,58.67,12739,0
20080730,58.452,60.667,58.452,60.548,3898,0
20080731,60.603,60.631,59.847,59.847,22792,0
20080801,59.865,59.865,56.821,57.368,9311,0
20080804,56.639,56.84,55.018,55.018,9497,0
20080805,55.018,56.758,54.818,56.247,18360,0
20080806,55.728,57.586,55.728,56.384,8584,0
20080807,55.327,57.396,55.126,55.7,51706,0
20080808,55.828,56.886,54.972,56.886,14556,0
20080811,58.217,58.306,56.794,57.914,21714,0
20080812,57.914,57.914,55.327,55.774,18494,0
20080813,56.065,57.359,55.583,56.94,15087,0
20080814,55.957,56.238,55.491,55.846,6932,0
20080815,57.195,57.195,55.975,56.521,25532,0
20080818,56.949,57.296,56.429,56.667,11359,0
20080819,57.623,57.623,56.575,57.013,14967,0
20080820,57.049,57.806,56.931,57.723,29867,0
20080821,57.132,58.991,57.132,58.643,38712,0
20080822,59.227,59.347,58.343,58.343,19530,0
20080825,58.516,58.516,57.214,57.787,18712,0
20080826,57.214,59.198,57.214,59.082,18139,0
20080827,59.446,60.266,59.446,59.884,24866,0
20080828,60.375,60.557,59.664,60.503,13996,0
20080829,60.557,60.566,58.381,58.381,24769,0
20080902,58.991,59.007,56.037,56.037,23455,0
20080903,56.037,56.411,54.579,55.154,87806,0
20080904,53.331,55.219,53.331,53.761,31282,0
20080905,54.17,54.17,51.127,52.12,33184,0
20080908,53.214,54.125,52.895,54.125,45755,0
20080909,54.125,54.234,50.571,50.571,26085,0
20080910,49.669,51.82,49.669,51.537,31241,0
20080911,50.098,52.466,49.879,52.466,29257,0
20080912,52.758,54.57,52.758,54.106,22097,0
20080915,51.946,55.583,50.169,50.315,34678,0
20080916,50.125,50.125,45.477,49.959,51585,0
20080917,47.073,47.265,44.675,44.73,59477,0
20080918,44.567,48.202,44.567,48.12,32641,0
20080919,49.942,52.885,48.831,50.617,18470,0
20080922,49.871,50.461,48.648,48.648,11998,0
20080923,48.566,49.221,47.171,47.199,29745,0
20080924,46.353,46.807,45.833,46.709,9714,0
20080925,45.742,49.724,45.742,49.094,19259,0
20080926,47.846,48.504,47.209,48.365,13306,0
20080929,46.743,46.743,42.215,43.546,13824,0
20080930,44.648,44.656,42.808,44.43,5990,0
20081001,43.281,48.029,42.444,44.1,31160,0
20081002,42.261,43.828,41.232,41.424,31226,0
20081003,43.546,43.546,40.411,40.539,19409,0
20081006,38.971,40.839,33.86,36.13,25016,0
20081007,37.796,38.306,33.34,33.549,17245,0
20081008,33.796,34.315,30.78,32.065,37094,0
20081009,33.058,33.058,27.91,28.565,39745,0
20081010,28.338,31.418,20.721,25.421,159396,0
20081013,28.028,32.393,27.391,32.074,96562,0
20081014,35.126,36.458,29.159,32.147,219120,0
20081015,29.897,30.069,26.68,26.734,54232,0
20081016,28.32,28.848,24.146,28.848,207917,0
20081017,27.335,32.273,26.551,29.431,170900,0
20081020,31.272,34.262,29.604,34.151,123210,0
20081021,34.862,34.862,31.591,31.974,135564,0
20081022,29.705,30.26,26.123,28.037,179519,0
20081023,27.636,31.118,26.215,30.352,150390,0
20081024,26.187,29.395,25.768,28.529,127325,0
20081027,27.098,28.52,26.306,26.306,68459,0
20081028,27.427,31.345,25.768,31.181,102618,0
20081029,30.515,32.628,29.613,30.506,67330,0
20081030,33.104,33.458,30.926,33.458,39798,0
20081031,33.458,33.714,31.754,32.502,54217,0
20081103,33.531,33.531,31.527,32.247,38405,0
20081104,33.704,34.743,32.611,34.023,66622,0
20081105,33.487,33.577,30.98,31.245,47651,0
20081106,31.581,31.581,28.147,28.785,67447,0
20081107,29.45,31.381,29.304,31.326,31163,0
20081110,32.703,33.714,29.112,30.087,40852,0
20081111,29.122,30.807,28.402,29.924,36266,0
20081112,29.413,29.558,27.756,28.102,30469,0
20081113,27.681,31.892,27.044,31.819,63549,0
20081114,31.7,32.922,29.159,30.179,42354,0
20081117,29.613,31.892,29.159,30.069,27576,0
20081118,30.306,31.045,28.538,29.897,67702,0
20081119,29.332,31.381,27.618,27.618,90202,0
20081120,28.611,28.611,24.375,24.931,76219,0
20081121,25.085,29.159,24.902,29.159,68655,0
20081124,30.124,31.408,28.538,30.06,217653,0
20081125,31.053,31.745,29.814,30.935,37257,0
20081126,30.188,31.572,28.838,31.235,169939,0
20081128,31.764,32.348,31.118,32.348,12644,0
20081201,29.851,31.172,28.028,28.064,56578,0
20081202,28.364,29.468,27.791,29.376,50795,0
20081203,28.766,30.525,28.275,30.452,122078,0
20081204,30.379,30.488,26.881,27.982,87381,0
20081205,27.044,29.159,25.741,28.985,112048,0
20081208,31.199,31.199,28.72,29.523,69072,0
20081209,29.159,29.705,28.476,28.757,26467,0
20081210,29.941,30.205,29.012,29.678,134522,0
20081211,30.252,30.771,28.72,29.012,55019,0
20081212,28.665,29.613,27.536,29.577,43170,0
20081215,29.169,29.859,27.947,28.675,29552,0
20081216,29.376,30.525,28.191,30.471,99901,0
20081217,29.851,30.214,28.911,28.911,112003,0
20081218,28.921,30.078,28.693,29.076,20664,0
20081219,28.338,30.826,28.338,29.122,30446,0
20081222,29.741,29.741,28.147,28.921,28251,0
20081223,28.665,28.665,27.662,27.973,24347,0
20081224,27.427,28.302,27.427,27.965,8594,0
20081226,28.492,28.72,28.374,28.511,4083,0
20081229,28.703,29.659,27.765,27.982,11118,0
20081230,28.876,29.376,28.046,29.203,67732,0
20081231,28.848,30.615,28.848,30.534,20209,0
20090102,30.807,32.202,30.425,31.838,177779,0
20090105,32.384,32.474,31.291,32.348,40606,0
20090106,32.684,33.477,31.719,31.764,23724,0
20090107,30.734,31.436,30.497,30.715,29076,0
20090108,29.786,31.08,29.786,31.008,10645,0
20090109,30.361,31.727,30.142,30.406,36439,0
20090112,30.406,30.734,30.069,30.279,20109,0
20090113,29.814,30.032,28.457,29.332,44072,0
20090114,30.042,30.042,27.254,28.429,64842,0
20090115,28.476,28.838,27.555,28.684,45556,0
20090116,29.332,30.343,29.103,30.042,36636,0
20090120,29.959,30.506,28.556,28.556,43123,0
20090121,29.021,29.541,28.018,29.541,49028,0
20090122,28.492,29.705,28.492,29.194,49999,0
20090123,28.028,29.577,28.018,29.44,14997,0
20090126,28.21,31.208,28.21,30.872,47232,0
20090127,30.862,31.436,30.361,30.999,37804,0
20090128,31.436,31.782,30.953,31.436,48197,0
20090129,30.962,32.166,30.798,31.017,25997,0
20090130,32.22,32.22,29.376,29.641,49780,0
20090202,28.812,30.288,28.812,30.051,18786,0
20090203,30.379,30.835,29.932,30.515,18017,0
20090204,31.026,31.554,30.525,30.971,38478,0
20090205,31.035,31.682,30.433,31.418,30570,0
20090206,31.108,32.567,30.98,32.074,38762,0
20090209,31.828,31.828,30.98,31.473,19785,0
20090210,31.045,31.581,29.341,29.732,54753,0
20090211,30.352,30.352,28.876,29.231,52081,0
20090212,28.256,30.042,27.527,28.848,37895,0
20090213,29.176,29.276,28.52,28.794,15133,0
20090217,26.106,27.901,25.932,26.005,112127,0
20090218,25.822,25.822,24.931,25.185,44291,0
20090219,25.367,26.069,25.177,25.359,38756,0
20090220,24.393,24.931,23.18,24.073,43404,0
20090223,24.056,24.264,22.689,22.825,34101,0
20090224,23.482,24.393,23.217,24.228,25599,0
20090225,24.757,24.757,23.627,23.881,43731,0
20090226,23.881,24.328,22.998,23.099,15451,0
20090227,22.434,23.18,21.685,22.424,71036,0
20090302,22.288,24.22,20.602,20.648,79304,0
20090303,21.03,21.185,19.189,19.199,102504,0
20090304,19.045,20.374,18.679,19.955,30889,0
20090305,18.361,19.007,18.024,18.433,45718,0
20090306,19.591,19.591,17.741,18.598,48230,0
20090309,18.442,19.582,17.467,17.696,29308,0
20090310,18.397,18.962,18.188,18.525,63970,0
20090311,18.698,18.906,18.333,18.488,202717,0
20090312,18.488,19.135,18.097,18.944,32546,0
20090313,19.145,19.663,19.145,19.6,59688,0
20090316,20.092,21.167,20.092,20.501,150239,0
20090317,21.339,21.339,20.083,21.222,218662,0
20090318,22.898,22.898,20.092,22.37,69404,0
20090319,22.689,23.189,22.306,23.035,88634,0
20090320,23.236,23.745,22.624,22.707,79406,0
20090323,22.516,24.501,22.516,24.501,74430,0
20090324,24.011,24.146,23.236,23.291,21370,0
20090325,21.503,24.065,21.503,23.208,78283,0
20090326,23.692,24.001,22.88,23.937,20337,0
20090327,23.572,23.572,23.035,23.162,16437,0
20090330,22.288,23.144,21.877,22.415,26535,0
20090331,22.579,23.674,21.868,23.008,18351,0
20090401,22.405,23.417,21.868,23.189,35904,0
20090402,23.881,24.283,23.062,23.754,36055,0
20090403,23.535,24.184,22.77,23.973,20619,0
20090406,23.454,24.174,23.399,23.646,10421,0
20090407,24.039,24.039,22.779,23.244,9865,0
20090408,23.335,23.918,23.335,23.918,8361,0
20090409,24.584,24.602,23.591,23.992,17753,0
20090413,23.417,23.637,23.118,23.517,13506,0
20090414,22.825,23.071,22.735,22.806,18067,0
20090415,23.226,23.454,22.744,23.409,11660,0
20090416,24.137,24.137,23.39,23.591,17317,0
20090417,23.591,23.873,23.535,23.708,16222,0
20090420,23.782,23.782,22.971,22.971,121193,0
20090421,23.362,23.38,21.868,23.208,12258,0
20090422,22.735,23.217,22.689,22.689,18612,0
20090423,22.616,22.716,22.37,22.634,22159,0
20090424,22.242,23.025,22.242,22.415,34689,0
20090427,22.297,23.38,22.297,22.936,12651,0
20090428,22.779,23.517,22.77,23.053,15835,0
20090429,23.544,23.856,23.217,23.535,42491,0
20090430,24.366,25.395,23.118,23.563,39071,0
20090501,23.591,24.584,23.591,24.584,12140,0
20090504,24.821,25.294,24.557,25.294,23408,0
20090505,24.976,25.304,24.812,25.294,21435,0
20090506,25.613,25.677,25.012,25.149,48392,0
20090507,25.603,25.795,25.322,25.495,41193,0
20090508,25.505,27.263,25.505,26.425,52095,0
20090511,28.911,28.911,25.86,26.133,50486,0
20090512,26.653,27.91,25.286,26.279,72500,0
20090513,25.749,25.995,24.794,24.948,32738,0
20090514,24.838,25.248,24.292,24.829,19457,0
20090515,24.995,24.995,23.263,23.683,73075,0
20090518,24.31,24.31,23.326,23.745,27227,0
20090519,23.927,24.912,23.927,24.621,54514,0
20090520,25.286,25.286,23.909,23.918,29585,0
20090521,24.11,24.11,23.136,23.409,23219,0
20090522,23.464,24.081,23.39,23.937,28292,0
20090526,23.399,24.986,23.399,24.986,51327,0
20090527,25.239,25.239,24.091,24.127,16752,0
20090528,24.292,25.35,24.292,25.085,18761,0
20090529,25.649,25.649,24.829,25.286,47268,0
20090601,26.023,27.382,24.146,27.19,59026,0
20090602,26.67,27.382,26.67,26.689,39462,0
20090603,26.425,26.47,25.149,25.668,15633,0
20090604,26.324,26.324,25.841,26.206,19413,0
20090605,26.315,26.889,25.814,26.206,25975,0
20090608,26.369,26.369,25.421,25.951,17701,0
20090609,26.061,26.123,25.613,25.759,23281,0
20090610,26.416,26.634,25.888,26.425,16835,0
20090611,26.57,28.129,26.57,27.573,29925,0
20090612,27.573,28.538,26.952,28.338,69839,0
20090615,27.965,27.965,26.707,27.044,36408,0
20090616,27.344,27.545,26.526,26.899,48697,0
20090617,26.606,27.19,26.507,26.734,32156,0
20090618,27.09,27.973,26.871,27.901,29855,0
20090619,28.448,28.448,27.254,27.335,19995,0
20090622,27.117,27.564,26.862,27.254,117538,0
20090623,27.254,27.254,26.416,26.597,34701,0
20090624,27.108,27.108,26.47,26.762,29343,0
20090625,26.551,27.872,26.507,27.7,49078,0
20090626,28.556,28.556,27.227,27.508,25486,0
20090629,27.583,28.293,27.508,28.237,18767,0
20090630,28.247,28.247,27.326,27.982,15210,0
20090701,28.32,28.876,28.32,28.848,44639,0
20090702,27.882,28.037,26.989,27.134,40651,0
20090706,26.689,27.436,26.551,27.299,17232,0
20090707,27.335,27.335,26.096,26.114,53225,0
20090708,26.379,26.68,25.551,25.96,24440,0
20090709,26.369,26.526,25.559,26.169,29593,0
20090710,25.677,26.079,25.505,25.978,36253,0
20090713,25.987,26.771,25.613,26.68,20080,0
20090714,26.634,27.171,26.516,27.171,15662,0
20090715,27.592,28.329,27.517,28.256,24386,0
20090716,28.32,28.584,27.564,28.448,22481,0
20090717,28.018,28.329,27.655,28.046,21291,0
20090720,28.201,28.484,27.746,28.448,30965,0
20090721,28.776,29.122,28.556,29.068,22205,0
20090722,28.911,29.222,28.729,28.83,24248,0
20090723,28.712,30.506,28.712,30.27,35828,0
20090724,30.26,31.235,30.26,31.226,28356,0
20090727,30.98,31.262,30.788,31.172,39111,0
20090728,31.262,31.262,29.814,30.314,52764,0
20090729,30.288,30.324,29.24,30.024,9863,0
20090730,30.461,31.245,30.352,30.817,34759,0
20090731,30.625,30.88,30.233,30.352,12839,0
20090803,30.615,30.853,30.17,30.761,18587,0
20090804,30.333,30.598,29.659,30.132,43071,0
20090805,29.632,29.832,29.267,29.678,17053,0
20090806,29.613,29.887,29.423,29.777,14316,0
20090807,30.124,30.57,29.796,30.361,15312,0
20090810,30.087,30.561,29.824,30.552,9793,0
20090811,30.615,30.615,30.069,30.379,23274,0
20090812,30.243,31.118,30.132,30.715,18540,0
20090813,30.926,30.926,30.252,30.68,30634,0
20090814,30.506,30.862,30.069,30.598,12571,0
20090817,29.878,29.978,29.696,29.869,9420,0
20090818,29.613,29.951,28.885,29.832,18879,0
20090819,29.523,30.452,29.523,30.37,23213,0
20090820,30.433,30.734,30.188,30.698,17108,0
20090821,30.98,31.892,30.98,31.81,24708,0
20090824,32.1,34.169,31.655,31.946,64842,0
20090825,32.065,32.32,31.636,31.636,16796,0
20090826,31.345,31.847,30.132,31.682,24916,0
20090827,31.482,31.572,31.181,31.473,11811,0
20090828,31.736,31.736,31.08,31.445,8398,0
20090831,30.99,31.053,30.607,30.661,15740,0
20090901,30.452,31.089,30.042,30.188,69528,0
20090902,30.069,30.087,29.541,29.732,33353,0
20090903,29.941,29.941,29.423,29.869,16536,0
20090904,29.859,30.198,29.696,30.106,7468,0
20090908,30.252,30.461,30.069,30.314,8889,0
20090909,30.279,30.57,30.279,30.279,7813,0
20090910,30.361,30.48,29.914,30.48,8580,0
20090911,30.707,30.78,30.198,30.26,13052,0
20090914,30.734,31.172,30.151,31.172,8031,0
20090915,31.39,31.665,30.862,31.627,9009,0
20090916,31.955,32.675,31.436,32.602,24647,0
20090917,32.575,32.758,32.229,32.301,14627,0
20090918,32.446,32.638,32.301,32.428,6328,0
20090921,32.367,32.367,31.619,32.109,12329,0
20090922,32.21,32.292,31.993,32.138,17574,0
20090923,31.983,32.74,31.655,31.7,16485,0
20090924,31.572,31.882,31.235,31.372,7206,0
20090925,31.3,31.345,31.071,31.108,10848,0
20090928,31.408,31.955,31.408,31.709,15921,0
20090929,31.674,31.955,31.564,31.937,5693,0
20090930,31.892,31.9,31.061,31.364,14669,0
20091001,31.053,31.235,30.214,30.252,14433,0
20091002,29.641,29.914,29.35,29.869,11905,0
20091005,30.087,30.497,29.359,30.452,12852,0
20091006,31.281,31.372,30.433,30.962,13211,0
20091007,30.688,30.926,30.48,30.872,5931,0
20091008,30.999,31.272,30.744,31.118,19517,0
20091009,30.99,31.499,30.99,31.427,5723,0
20091012,31.436,31.983,30.98,31.801,17298,0
20091013,31.499,31.646,31.39,31.473,2872,0
20091014,31.918,31.918,31.436,31.682,27591,0
20091015,31.436,32.229,31.436,32.229,10954,0
20091016,31.727,32.367,31.691,32.329,4148,0
20091019,32.428,33.313,32.357,33.213,14420,0
20091020,33.577,33.704,32.202,32.465,24547,0
20091021,32.421,33.241,32.421,32.465,16613,0
20091022,32.091,32.647,31.993,32.647,9916,0
20091023,32.575,32.575,31.354,31.591,19557,0
20091026,31.892,32.348,30.506,30.698,79934,0
20091027,30.661,30.962,30.343,30.552,37543,0
20091028,30.343,30.698,29.613,29.859,55136,0
20091029,30.534,30.534,29.777,30.452,29125,0
20091030,30.16,30.406,29.24,29.24,26020,0
20091102,29.185,29.832,28.757,29.094,8586,0
20091103,29.249,29.249,28.794,29.076,9434,0
20091104,29.458,30.032,29.359,29.796,5751,0
20091105,29.231,30.252,29.222,30.188,4555,0
20091106,30.188,30.525,30.142,30.205,5349,0
20091109,30.807,31.318,30.653,31.318,13760,0
20091110,31.144,31.709,31.144,31.572,10352,0
20091111,31.908,31.927,31.354,31.427,10926,0
20091112,31.636,31.636,30.561,30.588,7850,0
20091113,30.506,31.199,30.506,31.108,5047,0
20091116,31.118,32.011,31.118,31.937,10702,0
20091117,32.011,32.011,31.636,31.801,2744,0
20091118,31.773,31.773,31.491,31.518,2611,0
20091119,30.835,30.898,30.352,30.497,1719,0
20091120,30.306,30.807,30.306,30.807,3599,0
20091123,31.061,31.9,31.061,31.581,3981,0
20091124,31.508,31.847,31.508,31.828,2526,0
20091125,31.855,32.521,31.838,32.455,5856,0
20091127,32.184,32.384,31.144,31.427,11113,0
20091130,31.764,31.882,31.418,31.81,3794,0
20091201,32.376,32.985,32.376,32.985,6587,0
20091202,33.03,33.788,33.03,33.741,18679,0
20091203,34.015,34.397,33.559,33.788,21041,0
20091204,34.58,34.799,32.993,33.623,11545,0
20091207,34.224,34.543,34.061,34.243,18521,0
20091208,33.714,34.252,33.504,34.005,7711,0
20091209,33.888,34.133,33.687,34.133,3773,0
20091210,34.679,35.08,34.435,35.044,7539,0
20091211,35.426,36.156,35.136,36.13,45839,0
20091214,36.72,36.72,36.219,36.485,155796,0
20091215,36.529,36.529,35.92,36.293,21087,0
20091216,36.448,36.52,35.991,36.139,28560,0
20091217,35.765,36.037,35.444,35.799,22105,0
20091218,36.238,36.285,35.444,35.911,16434,0
20091221,35.79,36.675,34.743,36.285,16575,0
20091222,36.876,36.876,35.845,35.938,46257,0
20091223,36.093,36.093,35.5,35.79,35476,0
20091224,36.018,36.401,36.018,36.32,39253,0
20091228,36.458,42.205,36.146,36.448,169787,0
20091229,36.373,36.675,36.373,36.411,18502,0
20091230,36.103,36.411,36.103,36.401,3700,0
20091231,36.392,36.392,35.281,35.327,19276,0
20100104,35.583,36.056,35.417,35.574,60138,0
20100105,35.537,35.583,34.551,34.844,49469,0
20100106,34.725,35.373,34.725,35.244,25670,0
20100107,34.935,35.071,34.743,34.935,12696,0
20100108,34.809,34.898,34.488,34.889,6205,0
20100111,35.383,35.599,35.126,35.546,31022,0
20100112,35.408,35.654,35.145,35.21,17114,0
20100113,35.672,35.972,35.217,35.972,23398,0
20100114,35.845,35.972,35.5,35.782,6634,0
20100115,35.454,35.482,34.689,35.373,13100,0
20100119,35.035,36.247,35.035,36.247,26752,0
20100120,35.591,35.7,34.898,35.5,10481,0
20100121,35.809,35.809,34.334,34.478,12898,0
20100122,34.097,34.288,32.914,33.104,17569,0
20100125,33.714,33.714,33.03,33.487,12955,0
20100126,31.017,33.878,31.017,33.631,11039,0
20100127,32.876,33.25,32.254,33.25,13717,0
20100128,33.696,33.696,32.376,32.722,8339,0
20100129,32.801,33.049,32.273,32.329,9132,0
20100201,32.311,32.53,32.091,32.511,16838,0
20100202,32.801,33.231,32.784,33.175,3562,0
20100203,33.021,33.021,32.575,32.758,4657,0
20100204,32.128,32.128,31.017,31.017,11997,0
20100205,30.98,32.156,30.069,30.817,24867,0
20100208,30.661,30.872,30.205,30.205,7130,0
20100209,30.734,31.399,30.734,30.926,3225,0
20100210,30.543,30.715,30.132,30.534,7579,0
20100211,30.433,31.035,30.214,30.99,5539,0
20100212,30.406,30.761,30.27,30.753,7112,0
20100216,31.326,31.865,31.326,31.865,3943,0
20100217,32.194,32.194,31.665,31.801,13694,0
20100218,31.463,32.156,30.106,32.147,7613,0
20100219,31.527,33.122,30.888,33.002,94405,0
20100222,33.623,34.142,32.628,32.628,31335,0
20100223,32.465,32.638,32.037,32.081,9477,0
20100224,32.202,32.202,31.609,32.109,5545,0
20100225,31.463,32.047,31.118,32.02,81520,0
20100226,32.239,32.239,31.655,31.655,5061,0
20100301,32.029,32.54,31.436,32.393,9429,0
20100302,32.848,32.848,32.666,32.666,4868,0
20100303,32.82,33.068,32.567,32.694,4552,0
20100304,32.684,32.703,32.338,32.703,10149,0
20100305,33.194,33.477,32.949,33.259,11100,0
20100308,33.659,33.659,33.458,33.514,7565,0
20100309,33.641,33.641,33.203,33.349,22655,0
20100310,33.404,33.522,33.259,33.504,10058,0
20100311,33.269,33.659,33.259,33.641,9556,0
20100312,33.668,33.788,33.269,33.286,15181,0
20100315,33.259,33.504,33.139,33.487,5537,0
20100316,33.714,34.061,33.714,33.961,3398,0
20100317,34.315,34.497,34.224,34.262,13780,0
20100318,34.262,34.271,34.033,34.051,10616,0
20100319,34.378,34.444,33.577,33.978,4704,0
20100322,33.668,33.788,33.395,33.605,6037,0
20100323,33.458,33.85,33.458,33.85,31080,0
20100324,33.942,33.942,32.985,33.122,5287,0
20100325,33.796,33.796,32.483,32.493,22013,0
20100326,32.493,32.904,32.483,32.647,12761,0
20100329,32.985,33.477,32.975,33.423,16696,0
20100330,33.157,33.704,33.157,33.386,5302,0
20100331,33.458,33.487,33.03,33.259,10861,0
20100401,34.005,34.497,33.395,33.788,4956,0
20100405,33.668,34.416,33.668,34.416,4367,0
20100406,34.252,35.026,34.252,34.972,9230,0
20100407,35.08,35.08,34.252,34.361,16419,0
20100408,34.169,34.169,33.732,33.961,5626,0
20100409,33.905,34.07,33.677,33.969,1860,0
20100412,34.444,34.78,34.444,34.734,6391,0
20100413,34.488,34.488,34.033,34.397,7169,0
20100414,34.351,34.462,33.714,34.462,9360,0
20100415,34.388,34.453,34.388,34.435,1901,0
20100416,34.378,34.378,33.549,33.804,10190,0
20100419,33.623,33.769,33.349,33.769,4014,0
20100420,34.16,34.497,34.088,34.497,6358,0
20100421,34.551,34.645,34.524,34.617,4279,0
20100422,34.435,34.844,34.243,34.844,877,0
20100423,34.836,35.477,34.809,35.477,12072,0
20100426,35.537,35.664,35.299,35.299,7507,0
20100427,35.364,35.364,34.061,34.061,3857,0
20100428,34.061,34.78,34.061,34.78,7891,0
20100429,35.145,35.217,34.78,34.862,6615,0
20100430,34.972,35.782,34.972,35.262,2897,0
20100503,35.299,36.173,35.225,36,6312,0
20100504,34.916,34.999,34.397,34.762,3382,0
20100505,34.105,34.734,33.951,34.224,7266,0
20100506,33.804,36.266,29.068,32.194,69496,0
20100507,31.536,32.602,30.898,31.691,24260,0
20100510,33.049,34.079,33.049,33.869,17237,0
20100511,34.124,34.652,33.942,33.942,68905,0
20100512,33.961,34.771,33.942,34.636,36944,0
20100513,34.524,35.2,34.351,34.425,17665,0
20100514,33.823,33.905,33.414,33.823,5435,0
20100517,33.442,34.115,32.775,33.942,9140,0
20100518,34.462,34.462,33.122,33.194,4810,0
20100519,33.122,33.122,32.119,32.474,4866,0
20100520,31.235,31.3,30.324,30.324,8334,0
20100521,29.44,30.48,28.967,30.48,8048,0
20100524,30.024,30.607,30.014,30.506,1819,0
20100525,29.159,29.596,28.028,29.596,11374,0
20100526,29.878,30.343,29.549,29.705,22299,0
20100527,30.561,30.844,30.433,30.844,3953,0
20100528,31.108,31.281,30.807,31.281,7827,0
20100601,30.671,30.761,29.505,29.523,9272,0
20100602,29.769,30.252,29.759,30.252,2361,0
20100603,31.061,31.326,30.98,31.281,3773,0
20100604,30.688,30.725,29.332,29.44,4331,0
20100607,29.513,30.352,29.513,29.75,2548,0
20100608,29.732,30.387,29.44,30.387,7617,0
20100609,30.288,30.78,30.288,30.607,1591,0
20100610,31.071,31.691,31.071,31.691,5332,0
20100611,31.017,31.682,31.017,31.682,17025,0
20100614,32.119,32.511,32.119,32.311,7073,0
20100615,32.483,33.304,32.446,33.295,10861,0
20100616,33.122,33.896,33.122,33.586,4567,0
20100617,33.814,34.105,33.386,33.905,6480,0
20100618,34.342,34.397,34.243,34.297,2469,0
20100621,34.771,34.826,34.088,34.088,14172,0
20100622,33.631,33.631,31.955,32.02,39883,0
20100623,31.937,31.937,31.281,31.291,3117,0
20100624,31.564,31.682,31.099,31.099,2815,0
20100625,31.118,31.418,30.935,31.354,1999,0
20100628,31.436,32.002,31.436,31.801,5294,0
20100629,30.57,30.734,30.279,30.525,6584,0
20100630,30.275,30.837,29.925,29.989,16023,0
20100701,29.723,29.924,29.367,29.824,9398,0
20100702,29.796,30.124,29.759,29.887,17231,0
20100706,30.725,30.725,30.124,30.179,2215,0
20100707,31.581,32.109,31.491,32.109,12935,0
20100708,32.575,32.922,32.329,32.829,33779,0
20100709,32.885,33.259,32.885,33.231,2603,0
20100712,33.331,33.487,33.331,33.487,2872,0
20100713,33.75,33.75,33.468,33.714,3715,0
20100714,33.788,33.788,33.213,33.677,4809,0
20100715,33.804,34.188,33.25,34.188,2327,0
20100716,33.304,33.304,33.295,33.295,316,0
20100719,33.404,33.942,33.404,33.76,3445,0
20100720,33.095,34.388,33.095,34.351,8172,0
20100721,34.351,34.351,33.241,33.241,915,0
20100722,34.488,34.809,34.488,34.771,3015,0
20100723,34.378,34.809,34.224,34.809,3376,0
20100726,34.889,35.336,34.889,35.336,20898,0
20100727,35.873,36.373,35.518,36.373,12020,0
20100728,36.439,36.439,35.818,35.855,2177,0
20100729,36.12,36.12,34.707,34.771,9001,0
20100730,34.124,34.661,34.023,34.407,40241,0
20100802,35.509,35.664,35.235,35.546,3844,0
20100803,35.527,35.972,35.527,35.664,1427,0
20100804,35.244,35.682,35.098,35.682,6159,0
20100805,34.818,35.537,34.818,35.537,6546,0
20100806,35.527,35.782,35.527,35.782,6814,0
20100810,35.565,36.621,35.336,36.373,5999,0
20100811,35.454,35.454,34.844,34.844,8272,0
20100812,33.888,34.78,33.86,34.652,4567,0
20100813,35.044,35.4,35.044,35.21,1707,0
20100816,34.435,34.972,34.388,34.972,971,0
20100817,35.682,36.046,35.682,36,1222,0
20100818,35.574,35.574,35.364,35.364,1250,0
20100819,34.324,34.324,34.16,34.288,1731,0
20100820,34.37,34.444,33.723,34.435,6833,0
20100823,34.425,35.254,34.425,35.089,4936,0
20100824,34.407,35.217,34.388,34.944,21150,0
20100825,34.105,34.752,34.051,34.752,4493,0
20100826,34.981,34.981,34.497,34.497,11469,0
20100827,34.78,35.837,34.488,35.837,3849,0
20100830,35.719,35.719,34.907,34.953,1135,0
20100831,34.394,35.157,34.238,34.78,4479,0
20100901,36.139,36.729,36.13,36.593,10018,0
20100902,36.448,36.584,36.12,36.356,2859,0
20100903,36.902,36.995,36.537,36.885,10217,0
20100907,37.013,37.085,36.775,36.848,3057,0
20100908,36.729,36.729,36.2,36.2,3568,0
20100909,36.648,36.958,36.648,36.92,13823,0
20100910,37.022,37.022,36.42,36.565,1245,0
20100913,36.831,37.131,36.831,36.958,2048,0
20100914,36.667,37.004,36.52,36.876,15684,0
20100915,36.439,36.493,36.276,36.466,3427,0
20100916,36.018,36.247,35.947,36.028,4608,0
20100917,36.13,36.164,35.756,35.92,1827,0
20100920,36.593,36.939,36.593,36.939,3065,0
20100921,36.411,36.529,36.411,36.529,987,0
20100922,35.864,36.995,35.864,36.858,3898,0
20100923,36.276,36.448,35.991,36,8717,0
20100924,36.821,37.195,36.775,37.112,34813,0
20100927,37.359,37.577,37.177,37.422,10888,0
20100928,37.103,37.477,37.103,37.468,1037,0
20100929,37.177,37.294,36.995,37.159,5896,0
20100930,37.726,37.792,37.102,37.111,10630,0
20101001,37.304,37.714,37.304,37.669,2507,0
20101004,37.678,37.75,37.013,37.103,3085,0
20101005,37.851,38.235,37.851,38.235,10021,0
20101006,37.941,37.941,37.706,37.75,1184,0
20101007,38.061,38.061,37.724,37.922,2426,0
20101008,37.706,38.297,37.706,38.278,2446,0
20101011,38.226,38.526,38.226,38.226,1791,0
20101012,38.708,38.708,37.75,37.887,6688,0
20101013,38.624,38.624,38.189,38.325,2398,0
20101014,38.544,38.544,38.061,38.061,1682,0
20101015,38.699,38.699,38.235,38.306,2119,0
20101018,38.325,39.073,38.325,39.073,1986,0
20101019,38.745,39.007,38.306,38.306,2999,0
20101020,39.091,39.418,39.091,39.091,19418,0
20101021,39.609,39.609,38.727,38.727,2521,0
20101022,38.287,38.287,38.189,38.198,1535,0
20101025,38.671,38.736,38.226,38.226,5701,0
20101026,37.815,38.18,37.714,38.034,2005,0
20101027,37.714,37.714,37.094,37.477,4236,0
20101028,38.207,38.235,37.796,38.095,1010,0
20101029,37.817,38.225,37.64,38.206,3657,0
20101101,38.507,38.507,37.131,37.313,3700,0
20101102,38.259,38.571,38.226,38.441,2275,0
20101103,38.268,38.268,37.122,38.235,911,0
20101104,38.989,39.162,38.843,38.98,4244,0
20101105,38.762,39.18,38.762,38.998,5080,0
20101108,39.208,39.208,38.398,38.736,3735,0
20101109,38.727,39.153,38.571,38.571,1663,0
20101110,38.078,38.17,38.078,38.17,749,0
20101111,37.905,38.078,37.905,38.043,961,0
20101112,37.651,37.651,37.495,37.605,2526,0
20101115,37.833,38.207,37.833,37.988,6166,0
20101116,37.04,37.04,36.537,36.537,3515,0
20101117,36.694,37.058,36.694,36.902,5751,0
20101118,37.177,37.359,37.177,37.304,5505,0
20101119,36.766,36.986,36.631,36.986,13570,0
20101122,36.612,37.24,36.602,37.159,1883,0
20101123,36.485,36.621,35.855,36.537,2557,0
20101124,36.813,36.848,36.813,36.821,1447,0
20101126,36.503,36.503,36.503,36.503,220,0
20101129,36.476,36.493,35.765,36.466,3659,0
20101130,36.084,36.349,35.991,36.287,21266,0
20101201,36.92,37.231,36.785,37.204,15803,0
20101202,36.93,37.413,36.93,37.404,9251,0
20101203,37.277,37.514,37.277,37.514,1343,0
20101206,37.505,37.586,37.313,37.413,2961,0
20101207,37.524,37.806,36.804,36.939,6750,0
20101208,36.976,36.976,36.565,36.667,4475,0
20101209,36.867,36.948,36.729,36.92,7601,0
20101210,36.948,37.25,36.948,37.25,926,0
20101213,37.595,37.714,37.45,37.714,4704,0
20101214,37.806,38.006,37.669,37.669,4718,0
20101215,37.669,37.851,37.221,37.221,1668,0
20101216,37.013,37.605,37.013,37.605,2079,0
20101217,37.605,37.641,37.605,37.641,1035,0
20101220,38.306,38.389,38.006,38.287,2428,0
20101221,38.689,38.689,38.306,38.306,951,0
20101222,38.362,38.798,38.362,38.798,7742,0
20101223,38.562,38.562,38.451,38.497,921,0
20101227,38.216,38.589,38.095,38.479,1252,0
20101228,38.226,38.624,38.226,38.598,3664,0
20101229,38.45,38.625,38.351,38.573,4317,0
20101230,38.591,38.591,38.285,38.37,16139,0
20101231,38.525,38.581,38.199,38.271,2434,0
20110103,38.507,38.834,38.371,38.689,8614,0
20110104,38.689,39.109,38.287,39.054,8560,0
20110105,38.661,38.78,38.516,38.745,1716,0
20110106,38.488,38.633,38.18,38.516,7371,0
20110107,38.598,38.971,38.389,38.971,5770,0
20110110,38.398,38.68,38.142,38.661,2855,0
20110111,38.753,38.89,38.571,38.78,10282,0
20110112,39.18,39.354,39.054,39.054,3286,0
20110113,38.944,39.18,38.843,39.026,57466,0
20110114,39.291,39.499,39.282,39.464,7791,0
20110118,39.227,39.673,38.516,39.609,1742,0
20110119,39.619,39.728,39.499,39.499,1720,0
20110120,39.482,40.074,39.482,39.901,3061,0
20110121,40.147,40.147,39.782,39.891,64035,0
20110124,39.755,40.484,39.755,40.302,12370,0
20110125,40.348,40.348,39.873,40.102,260712,0
20110126,40.121,40.121,39.863,39.863,3665,0
20110127,40.083,40.393,39.855,40.293,5985,0
20110128,40.357,40.357,39.308,39.317,3490,0
20110131,39.547,39.547,39.314,39.314,7423,0
20110201,39.791,40.037,39.737,40.037,658,0
20110202,40.393,40.393,39.801,39.81,3310,0
20110203,39.728,40.21,39.728,40.21,2567,0
20110204,40.184,40.184,39.563,39.609,3303,0
20110207,40.064,40.192,40.02,40.192,6058,0
20110208,40.137,40.219,40.111,40.111,1529,0
20110209,39.847,40.147,39.829,40.147,3549,0
20110210,40.165,40.165,40.002,40.011,5432,0
20110211,40.21,40.21,40.147,40.147,896,0
20110214,40.102,40.102,39.4,39.681,8884,0
20110215,39.555,39.937,39.555,39.929,6803,0
20110216,39.746,39.855,39.746,39.855,575,0
20110218,40.02,40.02,40.002,40.002,2633,0
20110222,39.381,39.983,39.381,39.782,10412,0
20110223,39.582,39.929,39.474,39.474,2735,0
20110224,39.563,39.563,39.143,39.143,3457,0
20110225,39.536,39.782,39.536,39.782,1644,0
20110228,40.664,40.664,40.48,40.48,1317,0
20110301,40.868,41.005,39.958,39.976,2613,0
20110302,40.115,40.188,39.775,40.077,6776,0
20110303,40.859,41.005,40.859,40.969,1842,0
20110307,41.059,41.069,40.803,40.811,685,0
20110308,41.204,41.831,41.204,41.831,3199,0
20110309,41.915,42.361,41.915,42.333,4398,0
20110310,41.629,41.684,41.391,41.391,1428,0
20110311,41.419,41.657,41.087,41.657,2006,0
20110314,40.284,40.548,40.202,40.548,9184,0
20110315,38.881,39.4,38.571,39.4,9004,0
20110316,38.614,38.614,37.351,37.969,3762,0
20110317,38.451,38.451,37.681,38.277,5991,0
20110318,38.729,38.773,38.379,38.379,1482,0
20110321,38.984,39.656,38.984,39.389,6877,0
20110322,39.582,39.865,39.582,39.619,2531,0
20110323,39.178,39.545,39.04,39.535,5018,0
20110324,39.572,39.572,39.572,39.572,218,0
20110325,39.903,39.922,39.903,39.922,1850,0
20110328,40.096,40.371,40.023,40.023,1527,0
20110329,39.628,40.197,39.472,40.197,936,0
20110330,41.419,41.419,41.27,41.27,3204,0
20110331,40.841,41.286,40.841,41.242,4274,0
20110401,41.429,41.73,41.429,41.73,1158,0
20110404,41.794,41.794,41.445,41.584,3211,0
20110405,41.584,41.712,41.5,41.712,1764,0
20110406,41.831,41.952,41.831,41.952,1050,0
20110407,41.262,41.445,41.254,41.429,6410,0
20110408,41.593,41.703,41.087,41.179,3212,0
20110411,41.115,41.115,40.233,40.289,1948,0
20110412,40.123,40.123,39.691,39.857,4165,0
20110413,40.17,40.17,40.132,40.132,1879,0
20110414,39.582,39.582,39.582,39.582,980,0
20110415,40.509,41.519,40.417,41.289,2809,0
20110418,40.215,40.977,40.215,40.537,2041,0
20110420,41.115,41.556,41.115,41.556,445,0
20110421,41.565,41.952,41.565,41.758,8552,0
20110425,41.952,41.987,41.794,41.794,546,0
20110426,42.612,42.649,42.465,42.547,2023,0
20110427,42.867,43.329,42.867,43.329,1461,0
20110428,43.531,44.072,43.32,44.063,3267,0
20110429,44.114,44.265,43.947,44.265,4374,0
20110502,44.412,44.605,44.036,44.144,4908,0
20110503,44.144,44.916,44.144,44.53,1492,0
20110504,43.898,44.457,43.898,44.3,4516,0
20110505,44.045,44.045,43.612,43.612,433,0
20110506,44.677,44.677,43.951,43.951,1850,0
20110509,44.237,44.668,44.237,44.558,908,0
20110510,45.734,45.908,45.569,45.743,1850,0
20110511,45.862,45.862,44.788,45.192,2613,0
20110512,45.522,46.063,45.173,46.063,3264,0
20110513,46.166,46.166,45.064,45.54,2932,0
20110516,46.063,46.073,45.338,45.457,4803,0
20110517,45.78,45.908,45.578,45.898,5991,0
20110518,45.879,46.119,45.329,45.879,6713,0
20110519,46.157,46.22,45.715,45.87,5065,0
20110520,45.87,46.385,45.87,46.228,2169,0
20110523,45.669,45.669,44.843,44.888,11222,0
20110524,44.87,45.045,44.723,44.723,10304,0
20110525,44.163,44.963,43.979,44.658,7130,0
20110526,44.282,44.751,43.988,44.614,2881,0
20110527,44.916,45.201,44.805,44.888,4549,0
20110531,45.382,45.401,44.991,45.401,2172,0
20110601,45.311,45.311,44.595,44.76,2346,0
20110602,44.291,44.291,43.706,44.063,5921,0
20110603,43.235,43.732,43.051,43.494,2354,0
20110606,43.126,43.154,42.97,43.108,4657,0
20110607,43.192,43.761,43.192,43.385,2755,0
20110608,43.41,43.542,43.41,43.439,762,0
20110609,43.827,43.827,43.375,43.689,546,0
20110610,43.145,43.216,42.933,42.933,3729,0
20110613,43.126,43.216,43.126,43.216,492,0
20110614,43.63,43.63,43.494,43.548,1526,0
20110615,43.409,43.583,42.319,42.547,2768,0
20110616,42.914,43.283,42.885,43.173,12430,0
20110617,43.661,43.883,43.392,43.836,1224,0
20110620,44.098,44.182,44.09,44.182,7471,0
20110621,44.177,44.684,44.102,44.436,3185,0
20110622,44.38,44.38,43.779,43.836,5050,0
20110623,42.582,43.136,42.397,43.136,8427,0
20110624,43.486,43.55,43.216,43.264,1626,0
20110627,43.089,43.973,43.089,43.954,2977,0
20110628,44.102,44.102,44.086,44.086,431,0
20110629,44.583,44.878,44.583,44.878,3324,0
20110630,44.804,45.204,44.786,45.204,11545,0
20110701,45.366,46.407,45.366,46.38,4853,0
20110705,46.463,46.463,45.772,45.846,7375,0
20110706,45.79,46.223,45.697,46.011,17791,0
20110707,46.186,46.416,46.15,46.38,2386,0
20110708,45.763,46.076,45.726,46.076,867,0
20110711,45.477,45.477,44.905,44.971,2222,0
20110712,44.611,45.146,44.462,45.146,2419,0
20110713,45.689,45.689,45.254,45.254,2123,0
20110714,45.522,45.522,44.637,44.767,8040,0
20110715,44.565,44.952,44.565,44.952,1952,0
20110718,44.674,44.674,43.954,44.086,759,0
20110719,44.002,44.555,44.002,44.555,2063,0
20110720,44.952,45.551,44.758,45.228,2175,0
20110721,45.531,46.666,45.531,46.62,7630,0
20110722,46.223,46.223,46.03,46.076,2279,0
20110725,46.223,46.573,46.15,46.26,1679,0
20110726,45.993,46.105,45.762,45.762,4936,0
20110727,45.385,45.855,45.385,45.541,3944,0
20110728,45.394,45.496,44.952,44.952,2137,0
20110729,43.862,44.445,43.814,44.39,2721,0
20110801,45.21,45.21,44.002,44.215,5474,0
20110802,43.657,43.657,42.858,42.858,1000,0
20110803,42.701,42.701,41.781,42.6,3116,0
20110804,42.316,42.316,39.918,39.918,5429,0
20110805,40.24,40.645,38.72,40.278,12062,0
20110808,38.342,39.355,35.786,35.786,4042,0
20110809,35.955,38.332,35.024,38.304,4160,0
20110810,37.364,38.536,36.867,36.912,6523,0
20110811,37.355,40.24,37.355,40.055,10760,0
20110812,40.664,40.766,39.382,39.382,7083,0
20110815,41.347,42.037,41.347,42.037,3489,0
20110816,41.347,41.973,41.347,41.973,975,0
20110817,43.254,43.254,42.36,42.481,1804,0
20110818,40.83,41.162,40.526,41.097,6656,0
20110819,40.471,41.228,40.416,40.424,5505,0
20110822,41.384,41.485,40.103,40.121,8677,0
20110823,40.148,41.881,40.148,41.881,4773,0
20110824,43.283,43.708,43.051,43.708,10000,0
20110825,44.269,44.269,42.323,42.691,2661,0
20110826,41.421,42.767,41.209,42.481,7536,0
20110829,43.901,44.049,43.892,44.002,2496,0
20110830,44.011,44.508,44.011,44.445,2440,0
20110831,44.786,44.915,44.786,44.915,691,0
20110901,44.859,44.997,44.371,44.407,4792,0
20110902,43.335,43.761,43.167,43.454,9557,0
20110906,41.302,42.349,41.033,42.349,3551,0
20110907,43.528,43.6,43.5,43.537,1437,0
20110908,43.138,44.472,43.138,43.881,4509,0
20110909,43.324,43.324,41.433,42.053,8594,0
20110912,41.374,42.342,41.374,42.342,1498,0
20110913,42.212,43.041,42.212,42.979,1428,0
20110914,43.339,44.252,43.339,43.761,1027,0
20110915,44.269,44.776,44.269,44.748,2006,0
20110916,45.631,45.845,45.382,45.548,3370,0
20110919,44.555,45.264,44.555,45.264,1045,0
20110920,45.92,47.267,45.92,46.27,13097,0
20110921,46.356,46.447,44.557,44.557,14024,0
20110922,43.257,43.257,41.923,42.867,7227,0
20110923,42.858,43.824,42.858,43.481,5119,0
20110926,43.731,44.195,43.731,44.195,891,0
20110927,45.288,45.455,44.676,44.751,3989,0
20110928,44.694,44.798,44.686,44.789,1404,0
20110929,44.686,45.112,44,44.871,4540,0
20110930,45.013,45.145,44.143,44.143,7623,0
20111003,44.028,44.408,41.914,41.914,11418,0
20111004,40.653,41.552,39.678,41.552,3043,0
20111005,41.626,41.942,41.024,41.923,8289,0
20111006,42.276,43.267,41.952,43.267,13664,0
20111007,43.481,44.019,43.257,43.749,3082,0
20111010,44.361,45.215,44.361,45.084,1604,0
20111011,45.288,45.288,44.269,44.575,3753,0
20111012,44.472,44.639,44.333,44.594,1215,0
20111013,43.722,44.129,43.722,44.075,2891,0
20111014,44.955,45.206,44.955,45.122,2324,0
20111017,45.353,45.419,44.982,44.982,4569,0
20111018,44.528,45.993,44.427,45.975,3701,0
20111019,46.577,46.743,45.548,45.78,6477,0
20111020,46.289,46.485,45.596,45.64,2541,0
20111021,47.365,47.688,47.141,47.688,3176,0
20111024,48.033,48.033,47.403,47.459,4180,0
20111025,46.903,47.151,46.252,46.262,5803,0
20111026,46.913,47.06,46.356,46.994,3909,0
20111027,48.617,49.332,48.478,49.313,7182,0
20111028,48.542,48.793,48.172,48.69,20724,0
20111031,48.105,48.787,48.105,48.105,27700,0
20111101,46.179,46.641,45.622,45.78,5926,0
20111102,47.503,48.041,47.17,47.403,9114,0
20111103,47.987,48.913,47.617,48.756,18820,0
20111104,48.646,48.646,47.166,48.348,89735,0
20111107,48.69,48.756,47.608,48.756,46808,0
20111108,49.451,49.508,48.145,49.489,42612,0
20111109,48.302,48.394,47.051,47.132,43545,0
20111110,48.199,48.338,47.283,47.793,16845,0
20111111,48.942,49.137,48.83,49.108,16557,0
20111114,49.303,49.303,47.95,48.041,29233,0
20111115,48.348,48.532,47.745,48.356,13008,0
20111116,48.155,48.283,47.107,47.107,20194,0
20111117,47.107,47.541,46.215,46.567,34520,0
20111118,46.929,47.512,46.929,47.265,17618,0
20111121,46.865,46.875,45.243,46.012,36137,0
20111122,46.271,46.271,44.852,44.965,32747,0
20111123,44.399,44.667,43.238,43.6,22362,0
20111125,43.166,44.399,43.166,43.99,15458,0
20111128,45.64,45.734,44.714,45.075,16825,0
20111129,45.511,46.409,45.511,46.142,27114,0
20111130,48.011,48.73,47.75,48.73,21639,0
20111201,48.366,48.969,48.366,48.506,7393,0
20111202,49.256,49.256,47.608,47.67,44872,0
20111205,48.626,48.811,47.856,48.023,27023,0
20111206,48.144,48.85,48.135,48.571,17226,0
20111207,48.543,48.543,47.743,48.302,9100,0
20111208,48.302,48.302,46.722,46.722,4525,0
20111209,47.419,48.208,47.333,48.208,3602,0
20111212,47.617,47.617,46.438,47.198,11963,0
20111213,47.17,48.422,47.17,47.346,18879,0
20111214,47.503,47.598,46.708,46.929,35379,0
20111215,47.485,48.078,47.255,47.883,9116,0
20111216,48.321,48.44,47.595,47.782,4686,0
20111219,48.19,48.209,46.974,47.022,10722,0
20111220,48.097,49.137,47.764,49.006,9086,0
20111221,49.766,50.545,49.413,50.406,34021,0
20111222,50.581,50.748,50.2,50.553,20521,0
20111223,51.493,51.613,51.046,51.149,20334,0
20111227,51.427,52.329,51.381,52.153,8256,0
20111228,52.563,52.563,51.483,51.576,8570,0
20111229,52.273,52.478,52.005,52.349,7077,0
20111230,52.791,52.791,51.728,51.755,5878,0
20120103,51.921,52.191,49.789,50.125,22130,0
20120104,49.753,50.19,49.539,49.539,4979,0
20120105,49.512,49.771,48.795,49.585,7613,0
20120106,50.088,50.088,49.009,49.073,17724,0
20120109,48.479,49.354,48.479,49.278,4246,0
20120110,49.808,49.985,49.231,49.38,7116,0
20120111,49.063,49.063,48.842,48.963,5599,0
20120112,48.991,48.991,48.479,48.701,3789,0
20120113,48.413,48.675,47.864,48.655,8517,0
20120117,49.567,49.575,48.498,48.748,11582,0
20120118,48.404,48.729,48.321,48.665,11368,0
20120119,48.097,48.18,47.753,47.809,7458,0
20120120,47.595,48.097,47.576,48.097,8905,0
20120123,48.748,48.748,48.013,48.413,6021,0
20120124,47.772,47.854,47.538,47.633,5900,0
20120125,47.447,49.158,46.933,49.158,10092,0
20120126,49.009,49.789,48.878,49.372,2713,0
20120127,49.045,49.045,48.097,48.366,5561,0
20120130,48.068,48.068,47.371,47.782,7615,0
20120131,47.979,48.005,47.808,48.005,2391,0
20120201,48.46,48.795,48.366,48.581,4271,0
20120202,48.748,48.981,48.283,48.283,1721,0
20120203,48.832,48.832,48.264,48.581,7868,0
20120206,48.331,48.469,48.171,48.189,4412,0
20120207,48.331,49.213,48.331,49.102,4971,0
20120208,49.213,49.213,48.525,49.027,6881,0
20120209,48.86,48.915,48.636,48.665,2721,0
20120210,48.218,48.655,48.218,48.655,1939,0
20120213,48.767,49.092,48.562,48.562,4264,0
20120214,48.469,48.469,48.144,48.469,323,0
20120215,48.571,48.571,47.809,47.809,4306,0
20120216,48.655,49.372,48.655,49.231,2473,0
20120217,49.082,49.222,49.073,49.213,2211,0
20120221,49.213,49.249,48.785,48.832,7149,0
20120222,49.045,49.177,48.758,49.177,4306,0
20120223,49.018,49.082,49.018,49.082,266,0
20120224,49.092,49.464,49.092,49.408,3151,0
20120227,49.24,49.268,48.906,49.24,2809,0
20120228,49.102,49.24,48.552,48.758,2578,0
20120229,48.637,48.985,48.159,48.985,4757,0
20120301,48.878,49.194,48.683,48.963,12347,0
20120302,49.039,49.039,48.843,48.843,644,0
20120305,48.636,49.177,48.273,49.14,4752,0
20120306,48.927,48.927,48.188,48.553,7477,0
20120307,48.179,48.619,48.076,48.619,4726,0
20120308,48.956,49.31,48.711,49.133,6768,0
20120309,49.235,49.675,49.001,49.598,6324,0
20120312,49.725,50.692,49.725,50.619,4837,0
20120313,50.796,50.796,50.31,50.777,5318,0
20120314,50.953,51,49.455,49.455,2029,0
20120315,49.464,49.753,48.981,49.483,17698,0
20120316,49.44,49.88,49.152,49.243,1464,0
20120319,49.24,49.436,48.767,48.767,8249,0
20120320,48.264,48.86,48.264,48.842,1846,0
20120321,48.927,48.927,48.591,48.74,3198,0
20120322,48.422,48.796,48.114,48.693,6079,0
20120323,48.769,48.983,48.375,48.87,8888,0
20120326,49.272,49.656,48.862,49.421,9557,0
20120327,49.74,50.057,49.74,49.823,4235,0
20120328,49.553,49.553,48.702,49.066,3533,0
20120329,48.591,49.421,48.525,49.421,3618,0
20120330,49.514,49.834,49.514,49.814,2631,0
20120402,49.852,50.384,49.852,50.384,967,0
20120403,49.823,50.113,49.823,50.113,538,0
20120404,49.833,50.29,49.833,50.13,4692,0
20120405,49.711,49.721,49.18,49.18,1818,0
20120409,48.572,48.815,48.572,48.749,1256,0
20120410,48.226,48.226,47.284,47.376,3341,0
20120411,47.721,47.975,47.486,47.582,24815,0
20120412,47.452,47.937,47.452,47.843,13510,0
20120413,48.039,48.292,47.592,47.592,1370,0
20120416,48.011,48.533,47.984,48.311,29067,0
20120417,48.806,49.02,48.188,49.02,2458,0
20120418,48.711,49.207,48.711,48.749,1715,0
20120419,48.45,48.946,48.311,48.45,3472,0
20120420,48.834,49.563,48.834,49.44,5389,0
20120423,48.572,48.908,48.572,48.806,2032,0
20120424,49.507,49.617,49.412,49.525,2193,0
20120425,49.665,50.281,49.665,50.197,1695,0
20120426,50.103,50.767,50.103,50.701,538,0
20120427,51.16,51.169,50.71,51.169,1183,0
20120430,51.192,51.435,50.814,51.342,8929,0
20120501,51.234,52.168,51.234,51.879,1326,0
20120502,50.505,51.588,50.505,51.215,3233,0
20120503,51.561,51.636,50.683,50.786,2752,0
20120504,51.074,51.243,50.777,50.777,3811,0
20120507,50.561,50.692,50.327,50.505,2018,0
20120508,49.944,50.832,49.944,50.832,2755,0
20120509,50.356,51.066,50.113,50.72,3549,0
20120510,51.654,51.943,51.654,51.739,1017,0
20120511,51.579,52.346,51.579,51.748,2905,0
20120514,51.205,51.543,51.018,51.346,2792,0
20120515,50.628,51.346,50.599,50.777,6754,0
20120516,50.57,51.122,50.57,50.814,5467,0
20120517,50.738,50.738,50.123,50.13,6127,0
20120518,50.72,50.738,49.862,49.88,2241,0
20120521,49.675,50.264,49.656,50.169,2237,0
20120522,50.441,50.983,50.441,50.757,2601,0
20120523,50.628,50.628,49.675,50.03,4815,0
20120524,50.29,50.599,50.159,50.159,1346,0
20120525,51.001,51.018,50.767,50.954,1603,0
20120529,51.018,51.356,51.018,51.356,749,0
20120530,51.384,51.384,50.58,50.58,426,0
20120531,51.096,51.502,50.55,51.502,3535,0
20120601,49.953,51.028,49.953,50.618,3826,0
20120604,50.738,50.897,50.673,50.897,1701,0
20120605,50.758,51.78,50.673,51.423,3025,0
20120606,52.775,52.775,51.725,52.682,2126,0
20120607,53.414,53.592,53.292,53.424,4272,0
20120608,53.244,53.771,53.244,53.771,6444,0
20120611,54.774,54.774,53.401,53.401,4052,0
20120612,53.401,53.401,53.335,53.335,328,0
20120613,53.335,53.7,52.887,53.579,1714,0
20120614,53.7,54.28,53.69,54.28,2002,0
20120615,54.624,54.812,54.558,54.698,3702,0
20120618,54.812,55.167,54.802,55.037,1381,0
20120619,54.941,55.661,54.941,54.999,2667,0
20120620,54.634,54.634,54.098,54.098,585,0
20120621,54.051,54.427,53.141,53.141,1489,0
20120622,53.057,53.207,52.793,53.207,4949,0
20120625,52.372,52.784,52.315,52.784,2665,0
20120626,52.784,53.264,52.662,53.264,3865,0
20120627,54.089,54.296,53.863,54.21,4105,0
20120628,54.698,54.698,53.488,53.93,4480,0
20120629,55.413,55.864,54.706,54.885,5350,0
20120702,53.978,55.919,53.978,55.861,21848,0
20120703,56.406,56.406,55.45,55.684,7659,0
20120705,55.187,55.656,55.187,55.375,5293,0
20120706,55.038,55.084,54.793,55.084,3681,0
20120709,55.563,55.563,54.219,54.643,5358,0
20120710,54.858,55.12,54.858,55.12,3854,0
20120711,55.506,55.506,54.886,55.365,12023,0
20120712,55.496,55.702,55.094,55.412,896,0
20120713,56.603,56.707,56.585,56.632,1290,0
20120716,56.613,56.613,56.425,56.425,8205,0
20120717,56.444,57.28,56.444,56.942,2724,0
20120718,56.977,57.279,56.977,57.1,1261,0
20120719,56.904,57.101,56.904,57.101,620,0
20120720,57.665,57.675,57.401,57.675,1598,0
20120723,57.241,57.429,56.613,56.613,1759,0
20120724,56.609,56.609,55.694,55.694,1434,0
20120725,55.13,55.89,55.13,55.769,904,0
20120726,57.12,57.401,56.876,56.876,1483,0
20120727,58.256,58.763,58.068,58.754,17185,0
20120730,58.095,59.306,58.095,59.306,10509,0
20120731,59.653,59.653,58.372,58.372,3079,0
20120801,58.499,59.296,57.317,57.71,6088,0
20120802,56.556,56.689,55.834,56.472,7163,0
20120803,56.801,58.068,56.801,58.068,5170,0
20120806,58.283,58.594,57.73,57.853,2652,0
20120807,57.317,57.945,56.735,56.735,6417,0
20120808,57.092,57.092,55.834,56.623,1983,0
20120809,56.942,56.942,56.463,56.707,1959,0
20120810,56.782,56.979,56.472,56.979,2927,0
20120813,57.101,57.101,56.867,56.997,1393,0
20120814,57.241,57.241,56.773,57.157,424,0
20120815,56.529,56.529,56.472,56.472,253,0
20120816,56.304,56.698,56.181,56.304,5614,0
20120817,55.834,56.266,55.693,55.929,2527,0
20120820,55.741,56.031,55.524,55.957,4507,0
20120821,55.947,56.266,55.524,55.524,3422,0
20120822,55.111,55.44,54.624,55.375,3621,0
20120823,54.906,54.906,53.816,53.949,5327,0
20120824,53.647,54.576,53.647,54.436,2989,0
20120827,54.37,54.952,54.041,54.85,4820,0
20120828,54.634,54.708,54.286,54.484,2212,0
20120829,54.239,54.615,54.201,54.475,2091,0
20120830,53.863,53.863,53.714,53.714,958,0
20120831,54.151,54.394,53.386,53.386,2994,0
20120904,53.49,54.404,53.425,54.112,5369,0
20120905,54.112,54.112,54.112,54.112,758,0
20120906,54.508,55.027,54.385,55.027,4855,0
20120907,55.054,55.054,54.914,54.914,3074,0
20120910,54.906,54.914,54.802,54.914,504,0
20120911,54.398,54.745,54.398,54.407,2707,0
20120912,53.612,53.771,53.612,53.694,2325,0
20120913,53.592,54.793,52.86,54.427,2378,0
20120914,54.791,55.093,54.215,54.215,3734,0
20120917,54.21,54.352,53.498,53.742,1492,0
20120918,53.49,53.499,53.274,53.425,1653,0
20120919,53.265,53.857,53.265,53.546,3469,0
20120920,53.687,53.914,53.687,53.914,693,0
20120921,54.215,54.215,53.953,54.017,1598,0
20120924,53.876,55.158,53.876,55.093,2079,0
20120925,55.564,55.733,55.299,55.356,3336,0
20120926,55.328,55.743,55.28,55.28,743,0
20120927,55.225,55.225,54.706,54.941,1565,0
20120928,54.661,55.04,54.328,55.04,1178,0
20121001,55.299,55.574,54.781,54.781,14539,0
20121002,55.083,55.318,54.66,54.866,5589,0
20121003,55.225,55.883,55.225,55.497,4695,0
20121004,56.185,56.657,56.185,56.337,3975,0
20121005,56.657,56.836,56.167,56.167,3245,0
20121008,56.167,56.44,55.979,56.204,6151,0
20121009,56.638,56.638,56.062,56.289,2873,0
20121010,56.026,56.298,55.724,56.062,8042,0
20121011,56.119,56.328,55.799,56.167,690,0
20121012,55.79,55.893,55.206,55.206,4584,0
20121015,55.083,55.714,55.083,55.714,865,0
20121016,56.053,56.11,56.053,56.11,212,0
20121017,56.686,57.956,56.686,57.882,7550,0
20121018,57.956,58.053,57.956,57.976,3639,0
20121019,58.107,58.107,56.967,57.166,3356,0
20121022,56.911,56.911,56.241,56.449,1212,0
20121023,55.582,55.827,55.177,55.79,3570,0
20121024,55.602,55.903,55.083,55.083,4491,0
20121025,55.883,55.883,54.696,55.177,1752,0
20121026,55.422,55.666,55.337,55.507,1731,0
20121031,55.507,56.535,55.507,56.497,3538,0
20121101,56.072,56.072,55.422,55.422,1485,0
20121102,55.129,55.694,54.433,54.433,2227,0
20121105,54.329,54.329,53.009,53.009,3353,0
20121106,53.377,53.697,53.377,53.434,1046,0
20121107,52.246,52.246,50.747,51.247,5839,0
20121108,51.351,51.992,51.285,51.285,3465,0
20121109,50.418,50.889,49.297,50.003,10436,0
20121112,49.834,49.834,48.958,49.22,14483,0
20121113,48.09,50.23,47.882,49.694,12403,0
20121114,49.946,49.946,48.532,48.532,6782,0
20121115,48.986,49.354,47.656,47.872,5949,0
20121116,48.061,48.958,47.921,48.731,9762,0
20121119,50.202,50.202,49.014,49.014,1732,0
20121120,49.014,49.014,48.25,48.458,2439,0
20121121,48.863,48.89,48.08,48.438,1081,0
20121123,48.41,48.41,48.157,48.157,2507,0
20121126,49.476,49.711,49.476,49.476,1702,0
20121127,50.134,50.588,50.042,50.126,3051,0
20121128,49.946,50.474,49.757,50.409,3471,0
20121129,50.54,50.926,50.521,50.738,2165,0
20121130,51.571,51.827,51.164,51.827,9765,0
20121203,51.926,51.926,50.776,51.228,3526,0
20121204,51.105,51.105,50.946,50.946,2603,0
20121205,50.975,52.622,50.965,52.622,1487,0
20121206,52.36,52.397,52.209,52.379,2977,0
20121207,52.077,52.632,51.851,52.067,23119,0
20121210,51.605,52.453,51.454,52.35,5900,0
20121211,52.35,52.775,52.181,52.181,5631,0
20121212,52.181,52.935,52.181,52.209,4067,0
20121213,52.058,52.086,51.473,51.879,6332,0
20121214,51.634,51.823,51.426,51.426,1060,0
20121217,51.907,52.783,51.898,52.783,1886,0
20121218,53.329,53.566,53.329,53.566,1537,0
20121219,53.066,53.085,53.066,53.066,1133,0
20121220,53.339,53.566,52.869,53.566,3700,0
20121221,51.831,53.169,50.889,52.775,3945,0
20121224,52.209,52.209,52.048,52.209,5094,0
20121226,51.977,52.206,51.684,51.684,1964,0
20121227,50.879,51.029,50.309,50.745,6914,0
20121228,50.347,51.427,50.347,50.897,8450,0
20121231,50.067,51.172,49.761,51.172,2395,0
20130102,52.46,54.65,52.46,53.086,8307,0
20130103,53.19,54.042,53.105,54.042,34584,0
20130104,53.627,54.318,53.627,54.318,3081,0
20130107,54.318,54.318,53.057,53.067,9938,0
20130108,52.774,52.963,52.63,52.697,3695,0
20130109,52.47,52.47,52.47,52.47,141,0
20130110,52.963,53.739,52.849,53.029,33737,0
20130114,53.34,53.437,53.303,53.303,887,0
20130115,53.199,53.35,53.199,53.35,476,0
20130116,53.303,53.303,52.98,52.98,932,0
20130117,53.322,53.53,53.285,53.53,619,0
20130118,51.068,53.929,51.068,53.91,3527,0
20130122,54.441,55.151,54.441,55.151,3331,0
20130123,55.52,55.52,54.554,54.849,2582,0
20130124,55.511,55.587,55.209,55.209,1821,0
20130125,55.492,55.52,55.029,55.52,1826,0
20130128,55.473,55.739,55.417,55.682,1138,0
20130129,55.407,56.572,55.407,56.572,3428,0
20130130,56.61,56.61,56.553,56.562,1625,0
20130131,56.011,57.001,56.011,56.782,2218,0
20130201,57.293,57.454,57.293,57.303,2468,0
20130204,56.43,56.43,56.43,56.43,108,0
20130205,56.932,57.065,56.78,56.885,3486,0
20130206,56.8,57.15,56.752,57.094,949,0
20130207,57.794,58.023,57.321,57.605,7952,0
20130208,57.415,57.644,57.34,57.644,2176,0
20130211,57.52,57.898,57.52,57.898,1139,0
20130212,56.591,58.354,55.284,58.354,5990,0
20130213,58.544,58.544,58.125,58.125,1033,0
20130214,58.373,58.393,57.463,57.585,1673,0
20130215,57.585,57.917,57.585,57.843,420,0
20130219,58.364,58.743,58.364,58.373,984,0
20130220,58.078,59.471,58.078,58.6,1277,0
20130221,58.115,58.223,57.765,57.935,4314,0
20130222,58.826,59.045,58.826,58.97,1329,0
20130225,59.69,59.888,57.955,57.955,4088,0
20130226,58.8,58.8,57.974,58.411,833,0
20130227,58.467,58.809,58.467,58.809,761,0
20130228,58.831,60.125,58.831,59.886,40391,0
20130301,58.848,60.078,58.848,59.783,1794,0
20130304,60.143,61.216,60.143,61.158,1583,0
20130305,61.575,61.993,61.565,61.822,2792,0
20130306,61.584,61.965,61.497,61.516,2491,0
20130307,61.431,61.431,61.183,61.364,1012,0
20130308,60.755,61.316,60.755,61.306,949,0
20130311,61.717,61.849,61.594,61.594,370,0
20130312,62.02,62.02,61.586,61.586,909,0
20130313,61.868,62.002,61.793,61.839,949,0
20130314,62.002,62.267,61.756,62.257,61992,0
20130315,61.678,63.05,61.678,63.012,2480,0
20130318,61.586,62.787,61.586,61.793,1266,0
20130319,61.774,62.485,61.774,62.485,1224,0
20130320,63.06,63.518,62.65,63.05,5448,0
20130321,62.298,63.488,62.298,63.002,1168,0
20130322,63.488,63.488,63.002,63.002,1535,0
20130325,62.764,62.764,62.764,62.764,107,0
20130326,63.46,64.051,63.46,63.916,1259,0
20130327,63.965,64.764,63.965,64.546,840,0
20130328,65.145,65.86,64.546,65.66,3494,0
20130401,66.098,66.098,65.727,65.918,3907,0
20130402,66.203,66.805,66.183,66.183,29958,0
20130403,66.584,66.985,65.87,65.87,7038,0
20130404,66.536,67.261,64.764,67.261,5249,0
20130405,66.614,67.29,66.565,67.29,1831,0
20130408,67.565,68.594,67.327,68.594,5585,0
20130409,68.727,68.727,68.385,68.443,3395,0
20130410,68.966,69.804,68.814,69.451,10254,0
20130411,69.727,69.957,69.566,69.775,5213,0
20130412,69.538,70.27,69.157,70.119,6992,0
20130415,74.205,74.205,68.004,68.327,8817,0
20130416,68.488,69.661,66.898,69.613,9079,0
20130417,68.956,69.338,67.965,68.033,4172,0
20130418,70.233,70.395,67.861,69.394,5570,0
20130419,69.994,71.166,69.994,71.166,9028,0
20130422,71.47,72.68,70.184,71.205,6479,0
20130423,71.063,71.396,70.965,71.185,7635,0
20130424,72.671,72.671,71.347,71.9,2093,0
20130425,72.547,72.728,72.033,72.051,3360,0
20130426,72.595,72.632,72.214,72.242,5168,0
20130429,72.757,73.757,72.242,73.653,22328,0
20130430,73.349,73.942,72.87,73.675,5755,0
20130501,73.062,73.919,72.023,72.023,13961,0
20130502,71.814,72.395,71.443,71.976,17480,0
20130503,73.7,73.7,71.909,72.309,32284,0
20130506,71.851,71.851,70.233,70.233,25363,0
20130507,70.251,71.396,69.727,71.185,32276,0
20130508,70.681,71.424,69.661,70.013,61965,0
20130509,70.395,70.395,68.261,68.443,57208,0
20130510,67.784,68.708,66.87,68.708,29697,0
20130513,67.985,68.898,67.632,67.965,18468,0
20130514,68.814,69.27,68.614,69.109,45687,0
20130515,69.538,71.136,69.538,70.528,14753,0
20130516,69.432,70.27,68.966,69.033,5786,0
20130517,69.299,70.413,69.299,70.413,1154,0
20130520,70.31,70.613,69.842,69.975,3516,0
20130521,69.957,70.5,69.957,70.5,805,0
20130522,71.089,71.27,67.662,67.918,5210,0
20130523,66.46,67.127,65.498,67.127,9324,0
20130524,66.242,66.356,65.326,65.507,17874,0
20130528,65.06,65.851,63.269,64.279,13932,0
20130529,62.778,62.969,61.418,62.28,13932,0
20130530,62.298,65.023,62.298,63.213,8080,0
20130531,63.017,64.319,62.672,62.854,2231,0
20130603,61.803,62.993,60.936,62.402,16822,0
20130604,61.724,62.26,61.273,61.811,13436,0
20130605,61.14,61.14,60.747,60.996,1291,0
20130606,61.34,62.039,60.776,61.964,5471,0
20130607,62.535,63.593,62.039,62.039,2438,0
20130610,63.327,63.793,62.708,62.945,12953,0
20130611,62.156,62.92,62.156,62.576,7117,0
20130612,62.498,62.498,61.479,61.479,735,0
20130613,62.156,62.298,61.975,61.975,470,0
20130614,63.821,64.156,63.496,63.802,4971,0
20130617,64.879,64.879,63.907,63.907,1497,0
20130618,63.726,65.037,63.726,64.913,1905,0
20130619,64.367,64.587,62.165,62.165,2333,0
20130620,60.977,60.977,58.486,58.546,15783,0
20130621,57.665,59.578,57.665,59.369,2530,0
20130624,57.867,60.526,57.798,60.489,3281,0
20130625,61.666,61.666,60.087,60.776,418,0
20130626,61.724,63.151,61.724,63.151,1046,0
20130627,64.042,64.281,63.284,63.284,366,0
20130628,63.738,64.453,63.738,64.453,3563,0
20130701,63.199,63.716,62.556,63.275,1901,0
20130702,61.437,61.437,61.437,61.437,158,0
20130703,61.235,61.82,61.235,61.714,544,0
20130705,60.545,61.666,60.029,61.283,66908,0
20130708,62.442,63.122,62.442,63.122,965,0
20130709,63.314,64.299,63.314,64.299,334,0
20130710,63.879,64.702,63.87,64.702,1693,0
20130711,65.775,66.377,65.775,66.31,689,0
20130712,66.599,67.308,66.215,67.308,1528,0
20130715,67.028,69.221,67.028,69.068,2950,0
20130716,68.619,68.619,68.255,68.255,975,0
20130717,68.857,68.857,67.91,68.063,959,0
20130718,69.279,69.94,69.116,69.777,84898,0
20130719,69.47,69.652,69.47,69.652,1672,0
20130722,69.662,69.806,69.422,69.47,1702,0
20130723,69.806,70.006,69.701,70.006,1801,0
20130724,68.082,68.082,67.45,67.47,2802,0
20130725,68.379,68.954,68.379,68.905,3288,0
20130726,68.178,69.5,67.775,69.5,1626,0
20130729,69.078,69.921,69.078,69.376,806,0
20130730,70.342,70.591,69.749,69.749,736,0
20130731,69.078,69.711,69.078,69.711,314,0
20130801,70.132,70.132,69.921,70.055,1105,0
20130806,68.447,68.571,68.054,68.063,2366,0
20130807,67.499,67.957,67.499,67.853,1148,0
20130808,68.685,69.529,68.685,69.337,947,0
20130809,68.513,69.211,68.513,68.886,1732,0
20130812,67.584,67.603,67.584,67.603,1767,0
20130813,67.172,67.555,67.077,67.077,626,0
20130814,65.861,65.861,65.727,65.775,1371,0
20130815,65.603,65.603,64.166,64.195,986,0
20130816,63.476,63.476,62.711,62.874,1146,0
20130819,63.802,63.802,61.857,61.857,1724,0
20130820,62.012,63.218,61.906,62.96,3193,0
20130821,61.38,61.906,61.38,61.906,209,0
20130822,61.35,62.576,61.35,62.576,7422,0
20130823,62.566,62.874,62.566,62.874,314,0
20130826,62.903,62.903,62.357,62.374,1270,0
20130827,61.283,62.614,61.283,62.614,416,0
20130828,62.24,62.556,62.24,62.556,523,0
20130829,62.357,62.357,62.357,62.357,177,0
20130830,62.147,62.147,61.915,61.915,1582,0
20130903,61.648,62.903,60.643,60.643,939,0
20130904,60.049,60.613,59.436,60.422,1570,0
20130905,59.999,60.049,59.665,59.952,8864,0
20130906,61.091,61.178,60.623,60.939,626,0
20130909,60.526,60.526,60.526,60.526,416,0
20130910,61.331,61.331,61.331,61.331,106,0
20130911,61.714,61.714,60.555,60.585,1329,0
20130912,61.447,61.484,60.211,60.269,72008,0
20130913,61.255,61.494,61.255,61.293,2454,0
20130916,62.471,63.075,61.876,62.308,5483,0
20130917,61.811,62.193,61.811,62.193,523,0
20130918,62.25,65.995,62.25,65.803,1984,0
20130919,66.3,66.32,65.019,65.019,6115,0
20130920,64.146,64.146,63.639,63.639,416,0
20130923,65.258,65.258,65.258,65.258,356,0
20130924,64.894,65.449,64.625,64.741,2430,0
20130925,64.163,64.163,64.163,64.163,105,0
20130926,64.81,64.84,64.386,64.482,48961,0
20130927,63.796,64.269,63.16,63.16,1346,0
20130930,63.16,63.276,62.823,63.141,1863,0
20131001,62.832,63.411,62.832,63.411,493,0
20131002,63.498,63.498,63.498,63.498,725,0
20131003,63.401,63.411,62.029,62.958,3963,0
20131004,62.744,62.908,62.186,62.851,1188,0
20131007,62.387,62.561,62.387,62.561,258,0
20131008,62.233,62.233,61.712,62.013,413,0
20131009,62.823,63.518,62.823,63.208,708,0
20131010,63.257,63.662,62.377,63.643,53186,0
20131014,64.269,64.367,64.269,64.367,208,0
20131016,63.691,64.279,63.604,63.816,1341,0
20131017,63.574,66.026,63.574,65.823,718,0
20131018,65.177,65.177,65.177,65.177,126,0
20131021,66.345,66.682,66.268,66.277,2834,0
20131022,67.908,68.371,67.743,68.371,1346,0
20131023,68.371,68.371,68.207,68.207,1657,0
20131028,69.173,69.21,68.853,69.21,623,0
20131029,69.819,69.819,69.595,69.595,1451,0
20131030,69.49,69.53,69.49,69.53,363,0
20131031,68.207,68.66,66.239,68.207,7903,0
20131101,67.888,69.288,66.904,69.288,13781,0
20131104,68.197,69.238,67.985,69.238,13080,0
20131106,69.867,69.867,69.442,69.442,257,0
20131107,70.166,70.166,69.684,69.684,468,0
20131108,67.677,67.802,66.866,67.802,1225,0
20131111,68.98,68.98,67.879,68.246,1043,0
20131112,67.704,67.84,67.704,67.84,413,0
20131113,67.357,67.357,64.936,66.875,2377,0
20131114,68.034,68.758,68.034,68.758,582,0
20131118,69.539,69.539,69.258,69.258,570,0
20131119,68.381,68.516,68.381,68.516,570,0
20131120,67.965,67.965,67.667,67.695,1400,0
20131121,67.117,67.494,67.117,67.474,2599,0
20131122,66.973,67.232,66.904,67.232,696,0
20131125,65.544,67.396,65.534,67.174,1888,0
20131126,65.901,66.016,65.612,65.612,413,0
20131127,65.137,65.137,65.137,65.137,865,0
20131202,64.79,65.235,64.173,65.137,1014,0
20131203,63.835,65.042,63.835,65.042,363,0
20131204,64.684,65.35,64.626,65.109,1451,0
20131205,65.109,65.109,64.617,64.617,606,0
20131206,65.475,66.277,65.475,66.277,6387,0
20131209,65.92,65.92,65.766,65.766,583,0
20131210,64.51,64.51,64.51,64.51,377,0
20131211,63.401,63.98,63.266,63.362,2448,0
20131212,62.426,63.961,62.426,63.961,431,0
20131213,63.362,63.362,63.362,63.362,235,0
20131216,64.8,64.887,64.433,64.433,544,0
20131217,65.321,65.321,64.347,64.347,369,0
20131218,64.25,65.003,64.25,65.003,300,0
20131223,65.968,65.968,65.968,65.968,1567,0
20131226,65.695,65.695,65.695,65.695,212,0
20131227,63.815,66.268,62.059,65.938,5157,0
20131230,66.52,66.52,66.258,66.258,736,0
20131231,66.326,66.869,66.326,66.52,1680,0
20140103,64.629,64.629,64.222,64.338,1723,0
20140106,64.164,64.173,64.164,64.173,402,0
20140107,65.182,65.182,65.182,65.182,567,0
20140109,65.366,65.366,65.221,65.26,740,0
20140110,67.392,67.402,67.392,67.402,422,0
20140113,67.141,67.141,65.861,65.9,2075,0
20140115,66.152,66.152,65.996,65.996,291,0
20140116,65.996,66.384,65.996,66.384,527,0
20140117,66.705,66.705,66.705,66.705,273,0
20140122,68.362,68.566,68.218,68.246,2080,0
20140124,68.129,68.265,66.705,66.705,1900,0
20140128,66.705,66.705,66.705,66.705,117,0
20140129,67.179,67.179,67.179,67.179,105,0
20140130,68.905,69.477,68.905,69.477,238,0
20140131,69.138,70.447,69.138,70.292,1654,0
20140203,70.292,71.513,68.847,68.847,6647,0
20140204,69.719,69.719,67.684,68.236,5932,0
20140205,67.092,67.636,67.092,67.092,706,0
20140206,67.169,67.169,67.169,67.169,288,0
20140207,69.187,69.971,68.78,69.768,104690,0
20140210,69.719,70.467,68.751,70.35,37568,0
20140211,70.738,72.144,70.302,71.96,20699,0
20140212,72.415,72.415,71.164,71.611,15257,0
20140213,71.678,73.967,71.659,73.967,12724,0
20140214,75.519,75.519,73.21,74.917,17874,0
20140218,76.09,76.09,74.723,75.412,20310,0
20140219,75.296,75.635,73.579,73.589,5866,0
20140220,74.24,75.296,73.87,75.189,5261,0
20140221,75.868,76.265,75.151,75.635,4389,0
20140224,76.226,76.759,74.897,74.947,7164,0
20140225,74.957,75.878,74.763,74.985,5962,0
20140226,75.76,75.76,74.315,74.315,4185,0
20140227,73.696,74.589,73.608,73.743,7150,0
20140228,74.18,74.18,73.997,74.093,1122,0
20140303,73.812,73.89,73.309,73.599,5168,0
20140304,73.987,75.062,73.822,74.733,4141,0
20140305,74.424,74.482,73.541,73.686,3443,0
20140306,73.861,73.861,72.726,73.143,33300,0
20140307,72.6,73.162,71.757,73.066,5743,0
20140310,73.356,73.356,72.648,73.017,2737,0
20140311,73.425,73.425,72.533,72.552,25125,0
20140312,72.697,74.17,72.697,74.17,2798,0
20140313,74.947,76.071,74.743,75.819,11045,0
20140314,76.014,76.887,76.014,76.798,3117,0
20140317,76.643,77.535,76.633,77.535,3296,0
20140318,77.535,77.778,77.41,77.691,2798,0
20140319,77.807,77.807,74.433,75.276,18675,0
20140320,74.442,74.859,73.696,74.801,4913,0
20140321,77.109,77.565,76.633,76.633,1727,0
20140324,76.906,76.906,75.858,76.459,3955,0
20140325,76.585,77.137,75.897,77.08,1371,0
20140326,77.796,79.148,76.608,76.648,7811,0
20140327,76.453,77.494,76.083,77.494,1495,0
20140328,77.455,78.049,77.455,78.049,3015,0
20140331,79.119,80.053,78.34,79.596,4332,0
20140401,79.596,80.228,78.312,78.837,3677,0
20140402,78.078,78.662,77.758,78.497,3775,0
20140403,78.516,78.944,78.516,78.818,954,0
20140404,79.643,81.513,79.013,79.938,8754,0
20140407,79.938,80.793,79.781,79.868,4440,0
20140408,79.781,81.688,78.507,80.89,11792,0
20140409,82.03,82.175,79.781,81.143,14817,0
20140410,81.289,82.039,80.753,80.753,8970,0
20140411,80.998,81.23,79.858,80.317,13613,0
20140414,80.89,81.765,80.667,80.948,7171,0
20140415,81.765,83,81.669,83,4950,0
20140416,83.925,84.509,83.185,84.461,8163,0
20140417,84.752,84.752,82.525,83.39,14394,0
20140421,83.584,83.673,82.02,82.03,11901,0
20140422,82.739,83.05,81.97,82.769,5163,0
20140423,83.157,84.646,83.069,83.175,11689,0
20140424,83.37,84.082,83.37,83.916,4670,0
20140425,83.284,85.415,83.284,85.23,11243,0
20140428,85.736,86.757,85.131,86.757,17137,0
20140429,87.185,87.312,85.21,85.636,19240,0
20140430,86.591,86.835,85.97,86.251,10120,0
20140501,86.707,87.03,85.376,86.717,23217,0
20140502,85.812,86.591,82.924,83.419,17202,0
20140505,82.749,84.646,82.749,84.432,16288,0
20140506,83.944,84.821,83.749,83.799,7238,0
20140507,84.86,86.476,84.724,86.357,9633,0
20140508,86.697,86.697,84.47,84.801,5180,0
20140509,84.432,84.84,82.38,82.594,10151,0
20140512,82.594,82.64,81.095,81.095,23517,0
20140513,81.318,82.039,80.938,81.25,12582,0
20140514,81.726,83.254,81.415,82.495,8308,0
20140515,82.611,82.72,81.58,81.63,2136,0
20140516,81.24,81.755,81.182,81.755,3088,0
20140519,80.753,80.753,79.548,79.781,17099,0
20140520,79.217,81.007,79.217,79.733,9860,0
20140521,79.781,79.858,79.353,79.653,10132,0
20140522,79.323,81.27,79.323,80.86,7585,0
20140523,81.035,81.338,80.695,80.823,6462,0
20140527,81.6,82.485,81.6,82.03,7646,0
20140528,82.039,82.954,82.039,82.954,6093,0
20140529,82.805,83.304,82.35,83.304,4428,0
20140530,83.555,84.217,83.555,84.062,2057,0
20140602,84.48,84.675,84.344,84.422,3189,0
20140603,84.383,85.201,84.159,84.831,2770,0
20140604,84.159,84.84,84.159,84.84,3602,0
20140605,84.937,86.495,84.937,86.145,4707,0
20140606,86.67,87.067,85.726,85.726,3013,0
20140609,85.619,85.646,84.519,84.567,4895,0
20140610,84.374,86.106,84.139,84.305,4317,0
20140611,83.769,84.082,82.535,82.603,11369,0
20140612,81.435,83.069,80.297,83.069,81900,0
20140613,82.495,83.877,82.115,83.664,3282,0
20140616,83.05,86.106,83.05,84.937,6113,0
20140617,84.217,85.092,84.217,84.646,12932,0
20140618,86.106,88.323,86.106,88.323,3230,0
20140619,88.966,90.017,88.187,89.452,5293,0
20140620,90.357,90.357,88.586,88.966,6035,0
20140623,90.103,90.103,87.525,88.431,28155,0
20140624,88.002,89.209,88.002,89.024,4236,0
20140625,88.693,89.602,87.391,89.602,4425,0
20140626,88.995,90.09,88.995,90.09,2451,0
20140627,90.728,91.266,88.986,91.266,4101,0
20140630,91.108,92.272,90.961,92.096,10104,0
20140701,92.096,92.096,90.502,90.658,10276,0
20140702,90.422,90.422,86.308,86.746,10123,0
20140703,86.746,86.746,84.233,85.231,12996,0
20140707,84.487,86.248,84.487,85.574,28177,0
20140708,85.368,87.373,85.368,87.078,5291,0
20140709,86.434,87.039,85.76,86.952,4448,0
20140710,85.574,87.539,85.504,87.529,4879,0
20140711,86.982,86.982,86.042,86.112,5087,0
20140714,86.082,86.503,84.547,84.683,5253,0
20140715,84.145,85.524,84.105,84.79,4008,0
20140716,84.956,85.484,84.595,85.484,5127,0
20140717,84.751,84.937,84.105,84.105,3894,0
20140718,84.095,85.378,83.352,85.378,1860,0
20140721,84.614,85.64,84.614,85.113,2623,0
20140722,84.986,85.534,84.986,85.288,1400,0
20140723,85.016,85.122,84.741,84.879,5166,0
20140724,84.713,85.484,84.409,85.397,7205,0
20140725,85.554,85.554,83.763,83.763,2422,0
20140728,83.138,86.484,83.138,86.102,3254,0
20140729,85.74,86.012,85.113,85.298,4699,0
20140730,85.806,85.806,81.808,81.905,8620,0
20140731,81.26,81.867,79.227,79.227,6586,0
20140801,78.228,80.664,78.228,79.636,7075,0
20140804,79.645,80.193,76.468,78.795,14164,0
20140805,78.042,78.746,76.859,77.035,2999,0
20140806,76.145,76.537,75.039,75.401,9122,0
20140807,75.471,77.436,75.471,76.693,62132,0
20140808,76.487,79.911,76.487,79.911,4372,0
20140811,80.712,80.712,79.343,79.46,8638,0
20140812,79.412,79.881,79.412,79.881,737,0
20140813,78.297,80.409,78.297,80.145,2189,0
20140814,81.778,81.808,80.997,81.612,2840,0
20140815,82.933,82.933,81.758,82.15,1289,0
20140818,82.247,83.216,81.798,81.798,5125,0
20140819,82.6,83.813,82.6,83.627,2894,0
20140820,83.881,84.125,83.597,84.125,4011,0
20140821,85.122,85.564,84.859,84.869,1595,0
20140822,83.657,84.517,83.607,84.517,2144,0
20140825,84.732,85.64,84.732,85.045,1416,0
20140826,85.846,85.846,83.529,83.773,3125,0
20140827,84.556,85.006,84.351,84.849,2326,0
20140828,85.73,86.474,85.73,86.474,1346,0
20140829,87.021,87.715,86.52,87.715,3717,0
20140902,87.021,87.793,85.965,86.052,8717,0
20140903,87.039,87.373,86.687,86.972,2317,0
20140904,86.962,86.962,85.045,86.55,4315,0
20140905,87.773,88.888,86.726,88.546,2883,0
20140908,88.918,88.918,87.871,87.871,2211,0
20140909,87.068,87.068,85.544,85.544,3527,0
20140910,85.231,86.042,84.683,85.093,3388,0
20140911,85.846,86.855,85.846,86.855,2212,0
20140912,86.092,86.092,82.903,83.305,3565,0
20140915,83.343,84.135,83.343,83.969,3045,0
20140916,85.769,85.797,85.474,85.65,1933,0
20140917,86.062,86.168,85.279,85.279,5926,0
20140918,83.823,84.213,83.538,84.213,965,0
20140919,83.861,85.065,83.861,85.035,3664,0
20140922,84.595,85.152,83.773,83.891,80473,0
20140923,83.129,84.087,83.129,84.087,3891,0
20140924,82.731,83.065,82.554,82.574,37431,0
20140925,83.349,83.349,81.796,82.19,2322,0
20140926,82.377,82.377,80.861,81.698,1309,0
20140929,80.98,82.621,80.98,82.584,16370,0
20140930,83.606,84.452,83.606,84.452,1089,0
20141001,82.878,85.18,81.521,83.469,7566,0
20141002,83.085,84.354,83.085,83.586,1964,0
20141003,83.429,84.491,82.848,84.402,3359,0
20141006,85.544,85.544,84.137,84.905,9662,0
20141007,84.905,86.182,84.412,84.569,5746,0
20141008,84.943,88.032,84.943,88.032,4751,0
20141009,88.1,89.005,85.406,85.494,3446,0
20141010,85.671,87.344,85.671,86.162,3971,0
20141013,86.065,88.209,85.828,85.828,16030,0
20141014,86.359,88.75,86.312,87.923,5649,0
20141015,87.541,88.484,82.337,85.621,17407,0
20141016,84.019,85.888,82.818,85.78,46701,0
20141017,84.933,86.95,84.933,86.89,3177,0
20141020,87.304,89.369,87.058,89.369,10897,0
20141021,89.508,90.187,88.986,90.187,17197,0
20141022,91.651,92.34,90.718,91.553,7344,0
20141023,91.406,92.645,91.396,91.465,5564,0
20141024,91.474,93.718,91.474,93.245,4620,0
20141027,92.97,93.835,92.823,93.077,34122,0
20141028,93.383,93.992,92.311,93.992,11273,0
20141029,94.523,95.35,92.813,92.813,4481,0
20141030,92.369,97.219,92.369,96.963,75827,0
20141031,97.072,97.867,96.196,97.69,20192,0
20141103,97.957,99.365,97.623,98.987,37072,0
20141104,98.37,99.345,97.042,97.396,11442,0
20141105,98.831,102.02,98.633,102.02,20675,0
20141106,100.86,102.24,97.79,98.535,91090,0
20141107,100.17,100.5,98.743,100.5,7990,0
20141110,101.03,101.88,100.08,101.88,6362,0
20141111,101.31,101.87,100.4,100.64,6978,0
20141112,99.475,101.59,97.002,97.78,9386,0
20141113,97.77,97.867,95.409,95.97,11641,0
20141114,94.082,95.645,94.082,95.241,9035,0
20141117,94.326,97.297,94.326,96.756,42820,0
20141118,97.209,98.633,96.933,97.877,3970,0
20141119,98.36,98.36,96.55,97.426,6120,0
20141120,96.688,97.523,96.688,97.239,2036,0
20141121,98.331,98.683,96.107,98.251,4456,0
20141124,97.917,97.917,96.324,96.393,3765,0
20141125,95.832,96.432,95.163,96.432,6381,0
20141126,97.11,97.839,96.511,97.269,3395,0
20141128,97.867,99.84,97.867,98.653,3500,0
20141201,98.921,100.52,97.671,98.841,7000,0
20141202,99.69,100.49,99.69,100.49,2910,0
20141203,100.57,100.57,99.037,100.04,3967,0
20141204,99.84,100.61,99.196,99.99,1687,0
20141205,98.134,99.276,96.924,97.858,20174,0
20141208,99.57,100.77,97.858,100.54,5547,0
20141209,99.166,101.46,99.166,101.3,4158,0
20141210,101.51,102.03,98.37,99.097,7924,0
20141211,102.1,102.1,100.57,100.57,2105,0
20141212,100.44,100.57,99.077,100.16,3782,0
20141215,99.68,99.68,95.498,96.885,13463,0
20141216,96.078,99.75,95.409,97.159,2718,0
20141217,97.376,100.75,97.376,100.61,40290,0
20141218,101.56,104.44,101.56,104.44,7670,0
20141219,104.66,105.66,103.36,105,6726,0
20141222,105.81,105.81,103.3,104.6,18681,0
20141223,103.96,106.23,103.96,105.29,5442,0
20141224,105.83,109.76,105.83,109.42,11912,0
20141226,110.12,112.49,109.79,111.98,40122,0
20141229,112.37,115.79,112.37,114.63,16450,0
20141230,114.27,115.82,109.64,110.25,16341,0
20141231,109.98,110.61,105.48,106.39,10112,0
20150102,107.95,107.95,105.03,107.27,12348,0
20150105,107.19,107.19,103.36,103.74,10313,0
20150106,104.31,107.88,104.31,104.96,54841,0
20150107,104.35,107.36,104.35,106.79,6277,0
20150108,108.41,108.79,106.87,108.46,6347,0
20150109,107.46,108.55,105.83,106.28,4833,0
20150112,105.83,106.29,104.18,106.29,3516,0
20150113,108.73,109.48,106.83,106.83,3728,0
20150114,107.49,109.01,105.36,108.91,14491,0
20150115,108.85,110.55,108.53,110.32,41784,0
20150116,110.39,112.12,110.02,112.12,10101,0
20150120,114.2,114.2,110.47,112.75,10561,0
20150121,112.75,114.42,109.98,112.96,6102,0
20150122,115.12,115.12,112.45,114.12,6994,0
20150123,114.77,115.57,114.25,114.3,10020,0
20150126,114.25,115.54,112.21,114.96,18426,0
20150127,112.98,116.02,112.98,114.72,8449,0
20150128,116.48,117.21,111.99,112.37,16462,0
20150129,113.75,115.36,111.73,115.23,10078,0
20150130,116.07,116.07,110.3,110.31,10615,0
20150202,111.58,112.29,107.75,111.63,15343,0
20150203,111.77,112.56,110.97,111.96,18717,0
20150204,111.81,112.43,109.76,109.76,10652,0
20150205,109.81,111.97,109.81,111.97,2252,0
20150206,109.07,111.09,101.23,102.06,13116,0
20150209,101.78,103.52,99.64,100.78,31571,0
20150210,100.86,104.66,100.06,104.66,13161,0
20150211,101.78,101.78,99.56,99.66,8957,0
20150212,100.87,100.87,98.871,99.057,44287,0
20150213,96.705,97.951,94.48,96.497,25881,0
20150217,96.121,97.575,94.766,95.735,41244,0
20150218,95.36,100.81,95.36,100.81,20755,0
20150219,99.76,100.4,97.901,98.584,9583,0
20150220,98.337,99.047,96.596,99.047,15899,0
20150223,99.74,99.9,98.415,99.69,6851,0
20150224,100.64,102.61,99.84,101.28,6173,0
20150225,101.33,102.09,99.007,99.405,4002,0
20150226,97.209,98.911,96.715,96.932,4517,0
20150227,96.447,97.031,95.468,96.893,13093,0
20150302,96.279,96.279,91.65,93.282,23456,0
20150303,92.412,94.202,91.987,93.579,8796,0
20150304,93.608,93.608,92.234,92.966,3033,0
20150305,92.877,94.756,92.145,94.44,8290,0
20150306,90.423,91.937,87.842,88.238,14862,0
20150309,88.455,89.811,88.386,88.742,25679,0
20150310,88.525,90.701,88.525,88.921,17086,0
20150311,88.762,88.802,87.258,88.03,5561,0
20150312,87.575,91.472,87.575,91.324,11020,0
20150313,90.117,90.117,87.249,89.128,3943,0
20150316,91.492,93.332,91.363,91.739,10616,0
20150317,93.065,93.065,91.492,91.631,4347,0
20150318,92.432,98.307,91.868,97.259,12436,0
20150319,97.091,98.713,94.262,95.162,4954,0
20150320,95.894,96.843,94.924,96.635,3741,0
20150323,97.625,97.625,96.438,97.427,15569,0
20150324,97.417,97.427,94.212,94.756,22344,0
20150325,94.422,94.422,93.079,93.875,3519,0
20150326,91.806,93.328,90.583,92.124,6736,0
20150327,92.114,92.86,91.567,92.542,3921,0
20150330,95.238,95.476,92.84,94.342,19303,0
20150331,94.352,95.158,93.487,94.382,2195,0
20150401,93.487,95.039,92.95,94.432,3318,0
20150402,95.466,95.476,95.436,95.476,905,0
20150406,95.397,98.669,95.397,97.714,22621,0
20150407,96.252,96.889,95.387,95.387,6435,0
20150408,95.088,95.347,93.815,94.651,15583,0
20150409,94.054,94.432,92.781,93.994,8833,0
20150410,93.825,95.884,93.825,95.456,4725,0
20150413,94.521,95.436,94.312,94.312,1307,0
20150414,93.686,94.651,93.686,94.382,2413,0
20150415,95.944,95.944,95.257,95.337,2280,0
20150416,92.94,94.492,92.492,93.368,1986,0
20150417,92.701,94.044,92.701,93.616,5027,0
20150420,94.939,97.028,94.124,96.282,5674,0
20150421,96.859,96.918,93.497,93.706,1830,0
20150422,94.253,94.959,93.557,94.223,2677,0
20150423,94.7,96.182,94.7,96.023,7842,0
20150424,96.481,98.57,96.481,98.102,5960,0
20150427,97.873,97.873,94.631,95.088,3820,0
20150428,95.019,96.093,94.084,95.715,4369,0
20150429,95.894,96.332,94.203,96.043,10154,0
20150430,93.497,93.537,92.492,92.681,3921,0
20150501,92.075,94.482,92.075,94.482,704,0
20150504,94.979,96.729,94.492,96.63,43432,0
20150505,94.81,95.198,90.891,91.15,7038,0
20150506,92.433,92.433,88.553,89.996,4668,0
20150507,91.259,91.518,90.483,90.831,2856,0
20150508,92.323,93.497,91.08,91.965,3519,0
20150511,92.075,93,91.279,91.378,1005,0
20150512,89.379,90.98,89.11,90.026,2587,0
20150513,90.752,90.752,88.782,88.981,2762,0
20150514,90.115,91,90.115,90.612,57608,0
20150515,91,93.099,91,92.651,16559,0
20150518,92.721,93.755,92.721,93.576,2221,0
20150519,93.994,94.591,93.994,94.591,939,0
20150520,93.755,95.496,93.755,95.486,3032,0
20150521,94.412,94.472,93.944,94.014,1609,0
20150522,92.95,93.626,92.572,93.626,2111,0
20150526,92.582,93.596,92.094,92.522,18213,0
20150527,92.641,94.183,92.641,93.944,44538,0
20150528,93.706,93.746,93.706,93.746,1046,0
20150529,94.412,94.879,93.487,94.452,3016,0
20150601,94.153,94.889,93.596,94.889,2451,0
20150602,93.964,93.964,90.513,91.995,3355,0
20150603,89.628,89.628,88.225,88.961,3820,0
20150604,89.11,89.19,88.126,88.275,16187,0
20150605,85.639,87.668,84.764,85.749,7641,0
20150608,85.52,86.604,85.281,85.639,31368,0
20150609,85.42,85.689,84.555,84.993,2715,0
20150610,85.54,86.634,85.54,86.634,3507,0
20150611,86.743,87.28,86.743,86.763,2751,0
20150612,86.763,86.763,86.763,86.763,201,0
20150615,85.42,85.749,84.426,85.749,1810,0
20150616,85.281,85.54,85.241,85.54,905,0
20150617,86.057,86.534,84.973,84.973,2111,0
20150618,89.419,89.528,88.852,89.27,6535,0
20150619,89.379,89.379,88.623,88.623,1005,0
20150622,88.225,88.325,87.062,87.43,2111,0
20150623,86.136,86.355,85.142,85.192,2136,0
20150624,86.4,86.4,84.58,84.58,500,0
20150625,83.44,84,83.02,84,2900,0
20150626,82.74,83.9,82.69,83.38,2300,0
20150629,84.34,85.65,82.01,82.01,32500,0
20150630,82.78,83,82.44,82.44,2693,0
20150701,82.72,82.81,82.72,82.81,700,0
20150702,85.24,85.67,84.73,85.2,3600,0
20150706,86.09,86.1,84.33,85.86,2400,0
20150707,87.25,89.95,87.25,89.95,4600,0
20150708,90.5,90.5,88.94,88.94,700,0
20150709,88.56,88.56,88.56,88.56,300,0
20150710,88.21,88.91,86.73,88.1,900,0
20150713,89.25,89.25,87.43,87.45,15300,0
20150714,87.35,88.7,87.35,88.5,5891,0
20150715,87.36,88.35,87.36,87.99,687,0
20150716,89.5,91.64,89.5,91.64,2000,0
20150717,90.75,90.75,89.8,89.8,1000,0
20150720,88.54,88.79,88.17,88.27,2600,0
20150721,89.16,89.16,88.57,89.16,700,0
20150722,88.41,88.41,88.41,88.41,900,0
20150723,84.58,84.58,84.58,84.58,700,0
20150724,84.57,85.71,84.51,85.68,13800,0
20150727,86,87.99,86,87.99,4400,0
20150728,87.66,88.53,87.63,88.53,11000,0
20150729,87.15,88.43,87.15,88.42,1300,0
20150730,90.26,90.62,90.14,90.62,1300,0
20150731,93,93.14,91.92,92.65,8100,0
20150803,93.49,93.5,92.23,92.83,15891,0
20150804,92.85,92.85,90.66,90.66,1100,0
20150805,91.43,91.53,90.25,90.51,1300,0
20150806,89,89.91,89,89.91,652,0
20150807,91.19,93.6,91.19,93.6,2100,0
