Date,Time,Open,High,Low,Close,Volume,OpenInt
2013-10-09,17:00:00,60.59,60.59,60.59,60.59,1200,0
2013-10-09,18:00:00,60.4,60.4,60.4,60.4,100,0
2013-10-15,16:00:00,62.41,62.41,62.41,62.41,600,0
2013-10-15,19:00:00,62.41,62.41,62.41,62.41,400,0
2013-10-15,20:00:00,62.32,62.4,62.31,62.4,1200,0
2013-10-16,16:00:00,62.4,62.4,62.4,62.4,200,0
2013-10-17,19:00:00,63.23,63.23,63.23,63.23,200,0
2013-10-17,21:00:00,63.21,63.21,63.21,63.21,100,0
2013-10-18,17:00:00,63.5,63.52,63.5,63.52,360,0
2013-10-18,18:00:00,63.54,63.54,63.54,63.54,1150,0
2013-10-18,19:00:00,63.54,63.54,63.54,63.54,100,0
2013-10-18,20:00:00,63.62,63.62,63.61,63.61,600,0
2013-10-21,16:00:00,64.0,64.0,64.0,64.0,100,0
2013-10-21,17:00:00,63.64,63.64,63.64,63.64,250,0
2013-10-21,18:00:00,63.56,63.56,63.56,63.56,500,0
2013-10-21,20:00:00,63.58,63.58,63.56,63.58,695,0
2013-10-21,21:00:00,63.56,63.56,63.54,63.55,900,0
2013-10-21,22:00:00,63.58,63.58,63.58,63.58,200,0
2013-10-22,18:00:00,64.02,64.02,64.02,64.02,250,0
2013-10-22,21:00:00,64.08,64.17,64.08,64.17,300,0
2013-10-23,20:00:00,63.91,63.91,63.91,63.91,200,0
2013-10-24,17:00:00,64.02,64.02,63.99,63.99,1200,0
2013-10-25,16:00:00,64.02,64.02,64.02,64.02,400,0
2013-10-25,19:00:00,64.09,64.09,64.09,64.09,405,0
2013-10-28,21:00:00,64.62,64.62,64.45,64.53,947,0
2013-10-29,19:00:00,64.81,64.81,64.81,64.81,300,0
2013-10-29,20:00:00,64.87,64.87,64.87,64.87,616,0
2013-10-31,15:00:00,64.49,64.57,64.49,64.57,900,0
2013-10-31,17:00:00,64.49,64.49,64.48,64.48,809,0
2013-10-31,18:00:00,64.48,64.48,64.48,64.48,100,0
2013-10-31,20:00:00,64.74,64.74,64.74,64.74,100,0
2013-10-31,21:00:00,64.57,64.6,64.57,64.6,280,0
2013-11-01,20:00:00,64.45,64.45,64.44,64.44,487,0
2013-11-04,18:00:00,64.66,64.66,64.66,64.66,235,0
2013-11-04,19:00:00,64.69,64.69,64.69,64.69,300,0
2013-11-04,22:00:00,64.88,64.88,64.88,64.88,200,0
2013-11-06,17:00:00,64.95,64.95,64.84,64.84,12184,0
2013-11-06,22:00:00,64.79,64.79,64.79,64.79,100,0
2013-11-07,16:00:00,64.89,64.89,64.89,64.89,1000,0
2013-11-07,17:00:00,64.54,64.54,64.54,64.54,100,0
2013-11-07,18:00:00,64.52,64.52,64.51,64.51,2097,0
2013-11-07,19:00:00,64.62,64.63,64.62,64.63,3500,0
2013-11-07,20:00:00,64.43,64.43,64.43,64.43,300,0
2013-11-08,19:00:00,64.53,64.53,64.53,64.53,100,0
2013-11-11,16:00:00,64.91,64.95,64.81,64.95,1000,0
2013-11-11,17:00:00,64.94,64.94,64.94,64.94,500,0
2013-11-11,19:00:00,64.81,64.81,64.81,64.81,100,0
2013-11-13,17:00:00,64.64,64.64,64.64,64.64,500,0
2013-11-13,18:00:00,64.63,64.63,64.63,64.63,200,0
2013-11-13,19:00:00,64.67,64.67,64.67,64.67,102,0
2013-11-13,20:00:00,64.96,64.96,64.96,64.96,106,0
2013-11-14,18:00:00,65.58,65.58,65.5,65.5,1138,0
2013-11-14,19:00:00,65.51,65.51,65.51,65.51,763,0
2013-11-14,20:00:00,65.53,65.53,65.51,65.51,1150,0
2013-11-15,18:00:00,65.67,65.67,65.67,65.67,400,0
2013-11-15,20:00:00,65.67,65.67,65.67,65.67,1600,0
2013-11-15,22:00:00,65.81,65.81,65.81,65.81,200,0
2013-11-18,16:00:00,65.92,65.92,65.92,65.92,304,0
2013-11-18,17:00:00,65.82,65.82,65.82,65.82,233,0
2013-11-18,19:00:00,65.82,65.82,65.82,65.82,200,0
2013-11-18,21:00:00,65.75,65.75,65.75,65.75,435,0
2013-11-18,22:00:00,65.57,65.57,65.57,65.57,152,0
2013-11-19,16:00:00,65.41,65.41,65.41,65.41,100,0
2013-11-20,17:00:00,65.77,65.77,65.77,65.77,340,0
2013-11-20,19:00:00,65.62,65.62,65.62,65.62,200,0
2013-11-20,22:00:00,65.21,65.21,65.21,65.21,765,0
2013-11-21,19:00:00,65.63,65.64,65.63,65.64,500,0
2013-11-21,21:00:00,65.73,65.73,65.73,65.73,100,0
2013-11-22,17:00:00,65.91,65.91,65.91,65.91,300,0
2013-11-22,18:00:00,66.07,66.07,66.07,66.07,100,0
2013-11-22,20:00:00,66.11,66.11,66.08,66.08,200,0
2013-11-22,21:00:00,66.18,66.2,66.18,66.2,300,0
2013-11-22,22:00:00,66.26,66.27,66.26,66.26,1000,0
2013-11-25,16:00:00,66.5,66.5,66.5,66.5,200,0
2013-11-25,18:00:00,66.28,66.28,66.28,66.28,1000,0
2013-11-25,20:00:00,66.21,66.21,66.21,66.21,252,0
2013-11-26,16:00:00,66.3,66.3,66.3,66.3,100,0
2013-11-26,17:00:00,66.13,66.13,66.13,66.13,400,0
2013-11-26,21:00:00,66.27,66.28,66.24,66.28,853,0
2013-12-02,16:00:00,69.33,69.33,65.74,65.78,701,0
2013-12-02,21:00:00,65.91,65.93,65.91,65.93,1565,0
2013-12-03,19:00:00,65.59,65.59,65.59,65.59,150,0
2013-12-03,20:00:00,65.59,65.59,65.52,65.52,500,0
2013-12-03,22:00:00,65.54,65.54,65.54,65.54,200,0
2013-12-04,16:00:00,65.27,65.27,65.27,65.27,2303,0
2013-12-04,17:00:00,65.65,65.65,65.65,65.65,100,0
2013-12-04,18:00:00,65.55,65.55,65.55,65.55,200,0
2013-12-04,20:00:00,65.03,65.03,65.03,65.03,450,0
2013-12-05,20:00:00,65.25,65.25,65.25,65.25,500,0
2013-12-05,21:00:00,65.29,65.29,65.29,65.29,320,0
2013-12-05,22:00:00,65.13,65.13,65.13,65.13,300,0
2013-12-06,18:00:00,65.73,65.73,65.73,65.73,1263,0
2013-12-09,16:00:00,66.28,66.28,66.11,66.11,400,0
2013-12-09,20:00:00,66.05,66.05,66.05,66.05,600,0
2013-12-11,18:00:00,65.42,65.42,65.42,65.42,600,0
2013-12-11,19:00:00,65.21,65.21,65.21,65.21,100,0
2013-12-11,22:00:00,65.11,65.11,64.99,64.99,300,0
2013-12-12,16:00:00,64.92,64.92,64.92,64.92,165,0
2013-12-12,17:00:00,64.96,64.96,64.96,64.96,500,0
2013-12-12,18:00:00,64.83,64.83,64.83,64.83,300,0
2013-12-12,19:00:00,64.63,64.69,64.63,64.69,1200,0
2013-12-12,20:00:00,64.73,64.73,64.7,64.7,600,0
2013-12-13,16:00:00,64.81,64.81,64.72,64.72,300,0
2013-12-13,21:00:00,64.56,64.56,64.56,64.56,117,0
2013-12-16,16:00:00,65.02,65.02,65.02,65.02,200,0
2013-12-16,17:00:00,65.14,65.14,65.14,65.14,1500,0
2013-12-16,20:00:00,65.0,65.0,65.0,65.0,1300,0
2013-12-17,21:00:00,64.9,64.91,64.9,64.91,2135,0
2013-12-18,17:00:00,64.99,64.99,64.99,64.99,308,0
2013-12-18,19:00:00,64.92,64.92,64.92,64.92,650,0
2013-12-18,22:00:00,65.7,65.7,65.7,65.7,200,0
2013-12-19,17:00:00,65.71,65.71,65.71,65.71,100,0
2013-12-20,16:00:00,65.93,66.06,65.9,65.93,8419,0
2013-12-20,17:00:00,66.16,66.21,66.16,66.21,460,0
2013-12-20,19:00:00,66.38,66.38,66.38,66.38,195,0
2013-12-20,22:00:00,66.38,66.38,66.38,66.38,1000,0
2013-12-23,22:00:00,66.4,66.4,66.4,66.4,292,0
2013-12-24,18:00:00,66.6,66.6,66.6,66.6,800,0
2013-12-27,19:00:00,67.08,67.08,67.05,67.05,400,0
2013-12-30,20:00:00,66.95,66.95,66.95,66.95,223,0
2013-12-31,22:00:00,67.02,67.16,67.02,67.16,1000,0
2014-01-02,19:00:00,66.66,66.66,66.57,66.57,1900,0
2014-01-02,20:00:00,66.53,66.53,66.53,66.53,100,0
2014-01-02,21:00:00,66.55,66.55,66.44,66.44,500,0
2014-01-02,22:00:00,66.44,66.53,66.44,66.53,495,0
2014-01-03,17:00:00,66.64,66.64,66.64,66.64,244,0
2014-01-03,21:00:00,66.54,66.54,66.54,66.54,100,0
2014-01-03,22:00:00,66.57,66.57,66.57,66.57,1520,0
2014-01-06,16:00:00,66.71,66.71,66.71,66.71,197,0
2014-01-06,22:00:00,66.34,66.34,66.34,66.34,100,0
2014-01-08,17:00:00,66.61,66.64,66.61,66.64,400,0
2014-01-08,21:00:00,66.59,66.59,66.59,66.59,450,0
2014-01-08,22:00:00,66.5,66.5,66.5,66.5,200,0
2014-01-09,16:00:00,66.8,66.89,66.8,66.89,824,0
2014-01-09,17:00:00,66.69,66.69,66.69,66.69,200,0
2014-01-13,20:00:00,66.6,66.6,66.6,66.6,198,0
2014-01-13,21:00:00,66.5,66.5,66.5,66.5,320,0
2014-01-13,22:00:00,66.2,66.27,66.2,66.27,427,0
2014-01-14,19:00:00,66.83,66.87,66.83,66.83,985,0
2014-01-14,22:00:00,66.92,66.92,66.92,66.92,200,0
2014-01-15,16:00:00,67.09,67.09,66.94,66.97,3800,0
2014-01-15,18:00:00,67.13,67.13,67.07,67.07,3500,0
2014-01-15,20:00:00,67.0,67.0,67.0,67.0,400,0
2014-01-15,22:00:00,67.03,67.03,67.03,67.03,200,0
2014-01-16,18:00:00,66.78,66.87,66.78,66.87,3616,0
2014-01-16,22:00:00,66.99,67.0,66.92,66.92,300,0
2014-01-17,18:00:00,66.99,66.99,66.99,66.99,300,0
2014-01-17,22:00:00,66.8,66.8,66.8,66.8,200,0
2014-01-21,16:00:00,75.05,75.05,75.05,75.05,500,0
2014-01-21,17:00:00,67.25,67.25,66.92,66.92,2500,0
2014-01-21,18:00:00,66.8,66.8,66.8,66.8,2300,0
2014-01-21,21:00:00,66.98,66.98,66.98,66.98,3000,0
2014-01-22,16:00:00,67.33,67.33,67.33,67.33,300,0
2014-01-22,17:00:00,67.1,67.16,67.1,67.16,620,0
2014-01-22,18:00:00,67.08,67.08,67.06,67.06,400,0
2014-01-22,19:00:00,67.14,67.14,67.14,67.14,1000,0
2014-01-22,20:00:00,67.16,67.17,67.1,67.12,1450,0
2014-01-22,21:00:00,67.13,67.18,67.13,67.18,5587,0
2014-01-22,22:00:00,67.24,67.24,67.24,67.24,225,0
2014-01-23,16:00:00,67.0,67.0,66.76,66.76,700,0
2014-01-23,17:00:00,66.64,66.64,66.64,66.64,150,0
2014-01-23,18:00:00,66.5,66.59,66.5,66.59,991,0
2014-01-23,19:00:00,66.55,66.55,66.55,66.55,100,0
2014-01-23,21:00:00,66.29,66.29,66.29,66.29,200,0
2014-01-24,18:00:00,65.56,65.56,65.47,65.47,1096,0
2014-01-24,21:00:00,65.39,65.39,65.38,65.38,800,0
2014-01-27,16:00:00,65.1,65.1,65.1,65.1,200,0
2014-01-27,18:00:00,64.88,64.88,64.88,64.88,3000,0
2014-01-27,21:00:00,65.24,65.24,65.24,65.24,1000,0
2014-01-29,18:00:00,65.17,65.17,65.17,65.17,1600,0
2014-01-29,21:00:00,64.82,64.83,64.82,64.83,400,0
2014-01-29,22:00:00,64.84,64.84,64.84,64.84,900,0
2014-01-30,22:00:00,65.41,65.41,65.41,65.41,500,0
2014-01-31,16:00:00,64.58,64.58,64.58,64.58,1420,0
2014-02-03,16:00:00,64.55,64.9,64.55,64.58,3700,0
2014-02-03,17:00:00,64.55,64.58,64.55,64.58,300,0
2014-02-03,18:00:00,64.04,64.04,64.04,64.04,100,0
2014-02-03,19:00:00,63.89,63.89,63.89,63.89,100,0
2014-02-03,22:00:00,63.38,63.38,63.38,63.38,350,0
2014-02-04,19:00:00,63.91,63.91,63.91,63.91,300,0
2014-02-07,16:00:00,64.81,64.88,64.81,64.88,11000,0
2014-02-07,19:00:00,65.05,65.05,65.05,65.05,1000,0
2014-02-07,21:00:00,65.27,65.27,65.27,65.27,1000,0
2014-02-07,22:00:00,65.28,65.28,65.28,65.28,100,0
2014-02-10,16:00:00,65.39,65.39,65.39,65.39,800,0
2014-02-10,17:00:00,65.36,65.36,65.36,65.36,100,0
2014-02-10,18:00:00,65.35,65.35,65.35,65.35,750,0
2014-02-10,20:00:00,65.36,65.36,65.36,65.36,1400,0
2014-02-11,18:00:00,65.92,66.06,65.92,66.06,950,0
2014-02-12,19:00:00,66.29,66.31,66.29,66.31,200,0
2014-02-12,20:00:00,66.37,66.44,66.37,66.44,1300,0
2014-02-13,20:00:00,66.72,66.72,66.67,66.68,600,0
2014-02-14,16:00:00,71.71,71.71,71.71,71.71,700,0
2014-02-14,20:00:00,66.96,66.96,66.96,66.96,1800,0
2014-02-18,16:00:00,67.05,67.05,67.05,67.05,500,0
2014-02-18,17:00:00,66.93,66.98,66.93,66.98,625,0
2014-02-18,22:00:00,67.05,67.05,67.05,67.05,300,0
2014-02-19,16:00:00,66.82,66.82,66.82,66.82,400,0
2014-02-19,21:00:00,67.01,67.01,67.01,67.01,200,0
2014-02-21,21:00:00,67.2,67.2,67.2,67.2,300,0
2014-02-24,22:00:00,67.62,67.62,67.62,67.62,200,0
2014-02-26,19:00:00,67.52,67.52,67.52,67.52,836,0
2014-02-27,16:00:00,67.26,67.4,67.26,67.4,456,0
2014-02-27,18:00:00,67.49,67.49,67.49,67.49,400,0
2014-02-27,20:00:00,67.6,67.6,67.6,67.6,387,0
2014-02-27,21:00:00,67.57,67.57,67.57,67.57,600,0
2014-02-28,17:00:00,68.13,68.13,68.13,68.13,800,0
2014-03-03,17:00:00,67.4,67.4,67.4,67.4,306,0
2014-03-03,22:00:00,67.3,67.3,67.3,67.3,300,0
2014-03-04,16:00:00,68.2,68.32,68.2,68.32,600,0
2014-03-05,18:00:00,68.47,68.47,68.47,68.47,600,0
2014-03-05,19:00:00,68.49,68.49,68.49,68.49,3200,0
2014-03-06,17:00:00,68.7,68.7,68.7,68.7,500,0
2014-03-07,16:00:00,70.04,70.04,68.72,68.72,600,0
2014-03-07,17:00:00,68.6,68.6,68.6,68.6,113,0
2014-03-10,17:00:00,68.42,68.42,68.42,68.42,3000,0
2014-03-11,19:00:00,68.38,68.38,68.38,68.38,370,0
2014-03-11,21:00:00,68.14,68.14,68.14,68.14,100,0
2014-03-12,18:00:00,68.14,68.14,68.14,68.14,226,0
2014-03-13,19:00:00,67.47,67.47,67.47,67.47,300,0
2014-03-17,16:00:00,67.74,67.74,67.74,67.74,225,0
2014-03-17,17:00:00,67.76,67.76,67.76,67.76,735,0
2014-03-18,15:00:00,67.98,67.98,67.98,67.98,100,0
2014-03-18,16:00:00,68.3,68.3,68.3,68.3,1000,0
2014-03-18,20:00:00,68.47,68.47,68.4,68.4,436,0
2014-03-19,21:00:00,67.99,67.99,67.99,67.99,100,0
2014-03-21,15:00:00,68.84,68.84,68.67,68.7,11076,0
2014-03-21,19:00:00,68.5,68.5,68.5,68.5,400,0
2014-03-24,18:00:00,67.78,67.78,67.78,67.78,100,0
2014-03-24,19:00:00,67.8,67.81,67.8,67.8,300,0
2014-03-26,17:00:00,68.57,68.57,68.57,68.57,16,0
2014-03-26,18:00:00,68.53,68.53,68.53,68.53,5,0
2014-03-26,20:00:00,68.16,68.16,68.16,68.16,148,0
2014-03-26,21:00:00,68.19,68.19,68.19,68.19,100,0
2014-03-27,17:00:00,67.99,67.99,67.64,67.65,900,0
2014-03-27,18:00:00,67.63,67.8,67.63,67.8,800,0
2014-03-27,19:00:00,67.78,67.83,67.72,67.77,800,0
2014-03-27,20:00:00,67.73,67.8,67.73,67.8,400,0
2014-03-27,21:00:00,67.75,67.9,67.75,67.81,850,0
2014-03-28,15:00:00,68.33,68.33,68.33,68.33,10560,0
2014-03-28,20:00:00,68.1,68.1,68.09,68.09,1000,0
2014-04-02,17:00:00,69.29,69.29,69.29,69.29,356,0
2014-04-04,16:00:00,71.01,71.01,71.01,71.01,500,0
2014-04-04,19:00:00,68.82,68.82,68.82,68.82,394,0
2014-04-04,21:00:00,68.5,68.5,68.5,68.5,300,0
2014-04-07,16:00:00,68.0,68.02,68.0,68.02,300,0
2014-04-07,17:00:00,68.34,68.34,68.19,68.24,800,0
2014-04-07,18:00:00,68.05,68.06,68.05,68.06,200,0
2014-04-07,19:00:00,67.81,67.86,67.81,67.86,200,0
2014-04-07,20:00:00,67.68,67.68,67.68,67.68,100,0
2014-04-07,21:00:00,67.63,67.67,67.63,67.67,200,0
2014-04-07,22:00:00,67.76,67.85,67.73,67.73,400,0
2014-04-09,21:00:00,68.5,68.5,68.5,68.5,150,0
2014-04-10,17:00:00,68.45,68.45,68.45,68.45,500,0
2014-04-11,20:00:00,66.95,66.95,66.95,66.95,1000,0
2014-04-11,21:00:00,66.7,66.7,66.7,66.7,4260,0
2014-04-11,22:00:00,66.56,66.56,66.56,66.56,950,0
2014-04-14,16:00:00,67.0,67.0,67.0,67.0,800,0
2014-04-14,19:00:00,67.19,67.19,67.19,67.19,815,0
2014-04-15,19:00:00,66.85,66.85,66.85,66.85,420,0
2014-04-15,21:00:00,67.3,67.3,67.3,67.3,1236,0
2014-04-16,21:00:00,68.39,68.39,68.39,68.39,102,0
2014-04-21,16:00:00,68.85,68.85,68.85,68.85,100,0
2014-04-21,17:00:00,68.96,68.96,68.96,68.96,100,0
2014-04-21,18:00:00,68.82,68.98,68.82,68.98,1460,0
2014-04-21,22:00:00,69.12,69.12,69.12,69.12,100,0
2014-04-23,21:00:00,69.39,69.39,69.36,69.36,400,0
2014-04-24,17:00:00,69.22,69.22,69.22,69.22,208,0
2014-04-24,18:00:00,69.65,69.65,69.58,69.58,1000,0
2014-04-24,19:00:00,69.54,69.56,69.5,69.51,7300,0
2014-04-24,20:00:00,69.31,69.31,69.31,69.31,100,0
2014-04-24,21:00:00,69.36,69.36,69.3,69.3,300,0
2014-04-24,22:00:00,69.4,69.47,69.4,69.42,1100,0
2014-04-25,17:00:00,68.96,68.96,68.85,68.85,6200,0
2014-04-25,18:00:00,68.83,68.88,68.83,68.88,300,0
2014-04-25,21:00:00,68.77,68.77,68.7,68.7,291,0
2014-04-25,22:00:00,68.81,68.81,68.81,68.81,150,0
2014-04-28,16:00:00,69.06,69.06,69.06,69.06,400,0
2014-04-28,18:00:00,69.02,69.02,68.95,68.95,1200,0
2014-04-28,19:00:00,68.84,68.84,68.84,68.84,600,0
2014-04-28,22:00:00,69.13,69.13,69.13,69.13,200,0
2014-04-29,16:00:00,69.45,69.45,69.45,69.45,400,0
2014-04-29,17:00:00,69.35,69.41,69.35,69.41,330,0
2014-04-29,18:00:00,69.5,69.5,69.5,69.5,1500,0
2014-04-29,20:00:00,69.5,69.5,69.5,69.5,500,0
2014-04-29,21:00:00,69.55,69.55,69.55,69.55,400,0
2014-04-29,22:00:00,69.41,69.41,69.41,69.41,200,0
2014-04-30,17:00:00,69.38,69.38,69.37,69.37,500,0
2014-04-30,20:00:00,69.5,69.5,69.5,69.5,300,0
2014-04-30,21:00:00,69.5,69.67,69.5,69.67,4851,0
2014-05-02,18:00:00,69.5,69.5,69.5,69.5,1200,0
2014-05-02,22:00:00,69.34,69.42,69.34,69.42,383,0
2014-05-05,20:00:00,69.55,69.55,69.52,69.55,1800,0
2014-05-05,21:00:00,69.6,69.7,69.58,69.7,7200,0
2014-05-05,22:00:00,69.65,69.68,69.62,69.63,5400,0
2014-05-06,17:00:00,69.57,69.59,69.51,69.59,1200,0
2014-05-06,19:00:00,69.58,69.58,69.58,69.58,500,0
2014-05-07,16:00:00,69.35,69.35,69.35,69.35,500,0
2014-05-08,21:00:00,69.56,69.57,69.4,69.4,1980,0
2014-05-09,20:00:00,69.43,69.43,69.32,69.35,5800,0
2014-05-09,22:00:00,69.3,69.35,69.28,69.32,3500,0
2014-05-12,16:00:00,69.8,69.83,69.79,69.83,1588,0
2014-05-12,19:00:00,70.1,70.1,70.03,70.06,1800,0
2014-05-13,16:00:00,70.26,70.26,70.21,70.21,620,0
2014-05-13,17:00:00,70.44,70.5,70.44,70.5,1920,0
2014-05-13,22:00:00,70.4,70.4,70.4,70.4,800,0
2014-05-14,17:00:00,70.28,70.28,70.28,70.28,1400,0
2014-05-14,18:00:00,70.3,70.3,70.27,70.27,1600,0
2014-05-14,20:00:00,70.4,70.41,70.36,70.39,745,0
2014-05-14,21:00:00,70.35,70.38,70.35,70.38,600,0
2014-05-14,22:00:00,70.19,70.19,70.19,70.19,200,0
2014-05-15,16:00:00,70.06,70.06,69.65,69.65,2295,0
2014-05-15,19:00:00,69.31,69.31,69.31,69.31,100,0
2014-05-15,21:00:00,69.43,69.43,69.41,69.41,450,0
2014-05-16,18:00:00,69.46,69.46,69.42,69.42,200,0
2014-05-16,20:00:00,69.35,69.35,69.35,69.35,224,0
2014-05-19,18:00:00,69.94,69.94,69.94,69.94,100,0
2014-05-19,19:00:00,70.0,70.0,70.0,70.0,200,0
2014-05-19,21:00:00,70.02,70.02,69.98,70.01,1100,0
2014-05-23,17:00:00,70.48,70.48,70.43,70.43,300,0
2014-05-23,18:00:00,70.5,70.5,70.5,70.5,600,0
2014-05-23,19:00:00,70.47,70.47,70.47,70.47,3300,0
2014-05-27,16:00:00,70.72,70.72,70.72,70.72,1040,0
2014-05-27,19:00:00,70.72,70.72,70.72,70.72,200,0
2014-05-27,21:00:00,70.84,70.84,70.84,70.84,423,0
2014-05-27,22:00:00,70.93,70.93,70.93,70.93,210,0
2014-05-29,20:00:00,71.14,71.14,71.14,71.14,312,0
2014-06-02,17:00:00,71.25,71.25,71.11,71.11,800,0
2014-06-02,18:00:00,71.45,71.45,71.45,71.45,400,0
2014-06-02,21:00:00,71.44,71.44,71.44,71.44,100,0
2014-06-02,22:00:00,71.44,71.44,71.44,71.44,100,0
2014-06-03,18:00:00,71.28,71.28,71.25,71.25,600,0
2014-06-03,19:00:00,71.27,71.27,71.27,71.27,300,0
2014-06-03,21:00:00,71.44,71.44,71.44,71.44,210,0
2014-06-04,17:00:00,71.4,71.4,71.4,71.4,139,0
2014-06-04,21:00:00,71.47,71.47,71.47,71.47,100,0
2014-06-05,17:00:00,71.5,71.5,71.5,71.5,495,0
2014-06-05,20:00:00,71.97,71.99,71.92,71.93,2400,0
2014-06-06,20:00:00,72.3,72.3,72.3,72.3,800,0
2014-06-09,16:00:00,72.52,72.52,72.52,72.52,1375,0
2014-06-10,19:00:00,72.31,72.31,72.25,72.25,384,0
2014-06-10,21:00:00,72.34,72.34,72.34,72.34,116,0
2014-06-11,16:00:00,72.15,72.15,72.15,72.15,266,0
2014-06-11,20:00:00,72.25,72.25,72.25,72.25,276,0
2014-06-12,20:00:00,72.0,72.0,72.0,72.0,735,0
2014-06-12,22:00:00,71.82,71.82,71.82,71.82,142,0
2014-06-13,22:00:00,72.24,72.24,72.24,72.24,500,0
2014-06-17,16:00:00,72.16,72.16,72.16,72.16,300,0
2014-06-17,19:00:00,72.29,72.3,72.29,72.3,400,0
2014-06-19,17:00:00,72.9,72.9,72.88,72.88,208,0
2014-06-19,18:00:00,72.86,72.86,72.86,72.86,282,0
2014-06-23,16:00:00,73.48,73.48,73.48,73.48,400,0
2014-06-23,17:00:00,73.49,73.49,73.46,73.46,3100,0
2014-06-23,19:00:00,73.36,73.36,73.36,73.36,600,0
2014-06-24,17:00:00,73.48,73.48,73.48,73.48,4000,0
2014-06-24,20:00:00,73.23,73.23,73.21,73.22,700,0
2014-06-24,21:00:00,73.0,73.0,73.0,73.0,186,0
2014-06-24,22:00:00,72.79,72.79,72.73,72.73,200,0
2014-06-25,17:00:00,72.82,72.92,72.8,72.92,3842,0
2014-06-25,18:00:00,73.0,73.0,73.0,73.0,130,0
2014-06-25,19:00:00,72.91,72.91,72.91,72.91,111,0
2014-06-25,21:00:00,73.04,73.1,73.04,73.1,600,0
2014-06-26,17:00:00,72.84,72.84,72.84,72.84,747,0
2014-06-26,20:00:00,73.11,73.11,73.1,73.1,1275,0
2014-06-27,17:00:00,72.94,72.94,72.94,72.94,300,0
2014-06-30,17:00:00,73.21,73.21,73.14,73.14,900,0
2014-06-30,18:00:00,73.14,73.17,73.11,73.17,800,0
2014-06-30,21:00:00,73.19,73.19,73.19,73.19,200,0
2014-06-30,22:00:00,73.11,73.11,73.11,73.11,200,0
2014-07-01,22:00:00,73.71,73.71,73.71,73.71,100,0
2014-07-02,17:00:00,73.77,73.77,73.77,73.77,170,0
2014-07-02,19:00:00,73.76,73.76,73.76,73.76,50,0
2014-07-03,17:00:00,73.89,73.89,73.89,73.89,100,0
2014-07-03,19:00:00,74.15,74.15,74.15,74.15,150,0
2014-07-07,16:00:00,74.17,74.17,74.17,74.17,100,0
2014-07-07,17:00:00,73.98,73.98,73.98,73.98,500,0
2014-07-07,19:00:00,73.81,73.81,73.76,73.76,600,0
2014-07-07,20:00:00,73.77,73.77,73.77,73.77,700,0
2014-07-07,22:00:00,73.72,73.72,73.69,73.69,410,0
2014-07-08,17:00:00,73.28,73.28,73.28,73.28,100,0
2014-07-08,18:00:00,73.25,73.25,73.09,73.1,600,0
2014-07-08,19:00:00,73.08,73.09,73.06,73.06,550,0
2014-07-08,22:00:00,73.28,73.31,73.28,73.31,919,0
2014-07-09,21:00:00,73.5,73.5,73.5,73.5,850,0
2014-07-09,22:00:00,73.5,73.5,73.5,73.5,175,0
2014-07-11,21:00:00,73.29,73.29,73.29,73.29,270,0
2014-07-11,22:00:00,73.29,73.29,73.29,73.29,170,0
2014-07-14,17:00:00,73.77,73.77,73.77,73.77,400,0
2014-07-14,20:00:00,73.78,73.78,73.78,73.78,700,0
2014-07-14,22:00:00,73.78,73.78,73.78,73.78,700,0
2014-07-15,17:00:00,73.65,73.65,73.65,73.65,120,0
2014-07-15,22:00:00,73.5,73.5,73.5,73.5,300,0
2014-07-16,16:00:00,73.91,73.91,73.89,73.89,600,0
2014-07-16,17:00:00,73.81,73.81,73.79,73.79,200,0
2014-07-16,18:00:00,73.74,73.74,73.74,73.74,100,0
2014-07-16,19:00:00,73.88,73.88,73.74,73.87,700,0
2014-07-16,20:00:00,73.89,73.89,73.89,73.89,200,0
2014-07-16,21:00:00,74.0,74.0,74.0,74.0,100,0
2014-07-16,22:00:00,73.99,73.99,73.99,73.99,300,0
2014-07-17,18:00:00,73.5,73.5,73.5,73.5,270,0
2014-07-17,20:00:00,73.5,73.5,73.5,73.5,300,0
2014-07-17,22:00:00,73.5,73.5,73.5,73.5,100,0
2014-07-18,19:00:00,73.56,73.56,73.56,73.56,272,0
2014-07-21,17:00:00,73.44,73.44,73.32,73.32,2200,0
2014-07-21,20:00:00,73.46,73.46,73.46,73.46,363,0
2014-07-21,22:00:00,73.6,73.6,73.6,73.6,1004,0
2014-07-22,19:00:00,74.2,74.2,74.2,74.2,744,0
2014-07-22,20:00:00,74.16,74.16,74.16,74.16,3000,0
2014-07-22,22:00:00,74.13,74.13,74.09,74.1,840,0
2014-07-23,21:00:00,74.28,74.28,74.28,74.28,200,0
2014-07-23,22:00:00,74.35,74.35,74.35,74.35,200,0
2014-07-24,19:00:00,74.36,74.36,74.36,74.36,200,0
2014-07-24,22:00:00,74.36,74.36,74.36,74.36,200,0
2014-07-28,18:00:00,73.61,73.62,73.61,73.62,3787,0
2014-07-28,22:00:00,73.62,73.62,73.62,73.62,100,0
2014-07-29,16:00:00,73.97,73.97,73.97,73.97,520,0
2014-07-29,21:00:00,73.92,73.92,73.92,73.92,356,0
2014-07-29,22:00:00,73.73,73.73,73.67,73.67,701,0
2014-07-31,18:00:00,72.5,72.5,72.47,72.47,905,0
2014-08-01,19:00:00,71.45,71.45,71.45,71.45,1400,0
2014-08-01,21:00:00,71.88,71.88,71.88,71.88,400,0
2014-08-04,16:00:00,71.75,71.75,71.75,71.75,488,0
2014-08-04,19:00:00,71.8,71.8,71.8,71.8,200,0
2014-08-05,21:00:00,71.5,71.5,71.5,71.5,300,0
2014-08-05,22:00:00,71.6,71.61,71.6,71.61,385,0
2014-08-07,17:00:00,71.67,71.7,71.67,71.7,2400,0
2014-08-07,21:00:00,71.09,71.09,71.09,71.09,150,0
2014-08-07,22:00:00,70.95,70.95,70.95,70.95,100,0
2014-08-08,17:00:00,71.16,71.16,71.16,71.16,100,0
2014-08-11,17:00:00,72.23,72.23,72.23,72.23,800,0
2014-08-11,18:00:00,72.38,72.44,72.38,72.44,642,0
2014-08-12,16:00:00,72.12,72.12,72.12,72.12,500,0
2014-08-12,22:00:00,71.86,71.86,71.86,71.86,235,0
2014-08-14,19:00:00,72.64,72.64,72.64,72.64,225,0
2014-08-14,21:00:00,72.6,72.6,72.6,72.6,100,0
2014-08-14,22:00:00,72.6,72.6,72.6,72.6,150,0
2014-08-18,21:00:00,73.38,73.4,73.36,73.36,37689,0
2014-08-18,22:00:00,73.39,73.39,73.39,73.39,3000,0
2014-08-19,17:00:00,73.75,73.75,73.75,73.75,134,0
2014-08-19,18:00:00,73.72,73.72,73.72,73.72,100,0
2014-08-20,16:00:00,73.82,73.87,73.82,73.87,1300,0
2014-08-20,21:00:00,74.07,74.07,74.07,74.07,429,0
2014-08-21,22:00:00,74.31,74.31,74.27,74.27,2800,0
2014-08-22,20:00:00,74.14,74.14,74.08,74.08,2100,0
2014-08-25,16:00:00,74.35,74.35,74.35,74.35,400,0
2014-08-25,20:00:00,74.3,74.3,74.3,74.3,300,0
2014-08-26,21:00:00,74.65,74.65,74.65,74.65,364,0
2014-08-27,18:00:00,74.61,74.61,74.61,74.61,600,0
2014-08-28,19:00:00,74.38,74.38,74.38,74.38,200,0
2014-08-29,17:00:00,74.42,74.42,74.42,74.42,472,0
2014-08-29,18:00:00,74.55,74.55,74.55,74.55,400,0
2014-08-29,19:00:00,74.64,74.64,74.64,74.64,600,0
2014-08-29,20:00:00,74.57,74.57,74.57,74.57,200,0
2014-08-29,21:00:00,74.55,74.55,74.52,74.52,200,0
2014-08-29,22:00:00,74.6,74.6,74.6,74.6,200,0
2014-09-02,18:00:00,74.64,74.64,74.64,74.64,400,0
2014-09-02,20:00:00,74.25,74.25,74.25,74.25,390,0
2014-09-03,18:00:00,74.46,74.46,74.46,74.46,252,0
2014-09-04,17:00:00,74.81,74.83,74.81,74.83,10100,0
2014-09-04,22:00:00,74.03,74.03,74.01,74.01,285,0
2014-09-05,17:00:00,74.04,74.04,74.04,74.04,300,0
2014-09-05,18:00:00,74.05,74.05,74.05,74.05,1200,0
2014-09-08,21:00:00,74.17,74.17,74.17,74.17,108,0
2014-09-08,22:00:00,74.32,74.32,74.32,74.32,135,0
2014-09-11,18:00:00,73.89,73.89,73.89,73.89,300,0
2014-09-11,21:00:00,74.1,74.1,74.09,74.09,925,0
2014-09-11,22:00:00,74.07,74.2,74.07,74.2,600,0
2014-09-12,20:00:00,73.7,73.7,73.7,73.7,200,0
2014-09-15,16:00:00,73.63,73.63,73.54,73.54,320,0
2014-09-15,17:00:00,73.46,73.46,73.44,73.44,1500,0
2014-09-16,18:00:00,73.69,73.69,73.69,73.69,604,0
2014-09-17,21:00:00,74.25,74.25,74.15,74.15,915,0
2014-09-19,18:00:00,74.74,74.74,74.74,74.74,200,0
2014-09-23,21:00:00,73.49,73.49,73.49,73.49,314,0
2014-09-24,16:00:00,73.5,73.5,73.38,73.38,350,0
2014-09-25,18:00:00,72.91,72.91,72.91,72.91,733,0
2014-09-26,21:00:00,73.14,73.14,73.14,73.14,531,0
2014-09-29,18:00:00,73.14,73.16,73.14,73.16,3000,0
2014-09-29,21:00:00,72.95,72.95,72.95,72.95,532,0
2014-09-29,22:00:00,73.25,73.25,73.25,73.25,100,0
2014-09-30,18:00:00,73.4,73.4,73.4,73.4,400,0
2014-09-30,22:00:00,73.07,73.07,73.07,73.07,253,0
2014-10-01,21:00:00,71.85,71.85,71.81,71.81,3417,0
2014-10-02,16:00:00,71.5,71.5,71.5,71.5,300,0
2014-10-02,17:00:00,71.64,71.64,71.31,71.31,2100,0
2014-10-02,18:00:00,71.18,71.22,71.07,71.07,1225,0
2014-10-02,21:00:00,71.71,71.79,71.71,71.79,1748,0
2014-10-02,22:00:00,71.7,71.7,71.7,71.7,200,0
2014-10-03,18:00:00,72.3,72.32,72.29,72.32,4416,0
2014-10-06,21:00:00,72.32,72.32,72.32,72.32,200,0
2014-10-08,18:00:00,71.32,71.32,71.32,71.32,300,0
2014-10-08,21:00:00,72.11,72.11,72.11,72.11,1200,0
2014-10-09,22:00:00,71.43,71.43,71.43,71.43,100,0
2014-10-10,16:00:00,71.27,71.48,71.27,71.48,505,0
2014-10-10,17:00:00,70.94,70.94,70.94,70.94,608,0
2014-10-10,19:00:00,71.37,71.37,71.37,71.37,300,0
2014-10-13,16:00:00,70.89,70.89,70.89,70.89,633,0
2014-10-13,17:00:00,70.26,70.26,70.15,70.15,1000,0
2014-10-13,20:00:00,70.45,70.45,70.45,70.45,384,0
2014-10-13,21:00:00,70.52,70.52,70.52,70.52,300,0
2014-10-13,22:00:00,69.56,69.61,69.56,69.56,400,0
2014-10-14,16:00:00,69.68,69.68,69.47,69.47,11085,0
2014-10-14,17:00:00,69.45,69.45,69.45,69.45,854,0
2014-10-14,21:00:00,69.94,69.94,69.94,69.94,200,0
2014-10-15,17:00:00,69.05,69.05,69.0,69.0,300,0
2014-10-15,18:00:00,69.05,69.05,68.51,69.05,420,0
2014-10-15,20:00:00,68.0,68.12,67.83,68.12,3606,0
2014-10-15,21:00:00,67.94,67.94,67.94,67.94,100,0
2014-10-16,18:00:00,68.84,68.84,68.79,68.79,2606,0
2014-10-16,21:00:00,69.2,69.2,69.0,69.0,1574,0
2014-10-17,18:00:00,70.01,70.07,70.0,70.07,7700,0
2014-10-17,19:00:00,70.06,70.06,70.06,70.06,2000,0
2014-10-17,22:00:00,70.01,70.01,69.99,69.99,246,0
2014-10-20,16:00:00,69.93,69.93,69.93,69.93,441,0
2014-10-21,16:00:00,70.94,70.94,70.94,70.94,300,0
2014-10-21,17:00:00,71.25,71.31,71.25,71.31,3000,0
2014-10-21,18:00:00,71.33,71.33,71.33,71.33,1300,0
2014-10-22,17:00:00,71.91,71.92,71.91,71.92,1800,0
2014-10-23,16:00:00,72.17,72.17,72.17,72.17,400,0
2014-10-23,19:00:00,72.45,72.45,72.45,72.45,200,0
2014-10-24,17:00:00,72.52,72.52,72.52,72.52,170,0
2014-10-27,15:00:00,72.86,72.86,72.86,72.86,400,0
2014-10-27,17:00:00,72.97,72.97,72.97,72.97,220,0
2014-10-27,18:00:00,73.07,73.07,73.07,73.07,1700,0
2014-10-28,15:00:00,73.54,73.63,73.52,73.55,14831,0
2014-10-28,16:00:00,73.54,73.54,73.54,73.54,400,0
2014-10-28,17:00:00,73.53,73.53,73.53,73.53,109,0
2014-10-28,19:00:00,73.57,73.57,73.57,73.57,5440,0
2014-10-29,15:00:00,74.0,74.0,74.0,74.0,500,0
2014-10-29,17:00:00,73.97,73.97,73.97,73.97,658,0
2014-10-29,20:00:00,73.62,73.62,73.62,73.62,375,0
2014-10-29,21:00:00,73.91,73.91,73.91,73.91,600,0
2014-10-30,15:00:00,73.8,73.8,73.8,73.8,300,0
2014-10-30,16:00:00,73.85,73.85,73.85,73.85,100,0
2014-10-30,17:00:00,74.0,74.0,74.0,74.0,200,0
2014-10-30,19:00:00,74.44,74.44,74.44,74.44,200,0
2014-10-30,21:00:00,74.11,74.11,74.11,74.11,600,0
2014-10-31,15:00:00,75.26,75.26,75.26,75.26,200,0
2014-10-31,16:00:00,75.06,75.06,75.06,75.06,400,0
2014-10-31,18:00:00,75.01,75.01,75.01,75.01,300,0
2014-10-31,20:00:00,75.02,75.02,75.0,75.0,1252,0
2014-10-31,21:00:00,75.1,75.1,75.1,75.1,200,0
2014-11-03,16:00:00,76.15,76.18,75.13,75.21,900,0
2014-11-03,17:00:00,75.19,75.21,74.96,75.1,1300,0
2014-11-03,22:00:00,75.16,75.16,75.16,75.16,200,0
2014-11-04,22:00:00,75.36,75.37,75.35,75.37,900,0
2014-11-05,16:00:00,75.82,75.82,75.61,75.61,200,0
2014-11-05,17:00:00,75.57,75.63,75.5,75.5,500,0
2014-11-05,18:00:00,75.56,75.56,75.56,75.56,200,0
2014-11-05,20:00:00,75.45,75.45,75.45,75.45,150,0
2014-11-05,21:00:00,75.55,75.55,75.55,75.55,150,0
2014-11-05,22:00:00,75.63,75.63,75.63,75.63,500,0
2014-11-06,16:00:00,75.79,75.79,75.79,75.79,654,0
2014-11-06,18:00:00,75.86,75.89,75.86,75.89,438,0
2014-11-06,21:00:00,75.93,75.93,75.93,75.93,1000,0
2014-11-07,18:00:00,75.89,75.89,75.89,75.89,300,0
2014-11-07,19:00:00,75.88,75.89,75.88,75.89,850,0
2014-11-07,22:00:00,75.77,75.77,75.77,75.77,200,0
2014-11-10,16:00:00,75.85,75.85,75.75,75.75,800,0
2014-11-10,17:00:00,75.92,75.93,75.91,75.93,1028,0
2014-11-10,18:00:00,76.14,76.14,76.14,76.14,100,0
2014-11-10,19:00:00,76.15,76.15,76.15,76.15,200,0
2014-11-10,20:00:00,76.19,76.19,76.19,76.19,300,0
2014-11-10,21:00:00,76.16,76.22,76.16,76.22,500,0
2014-11-11,16:00:00,76.27,76.27,76.25,76.25,668,0
2014-11-11,18:00:00,76.39,76.39,76.34,76.34,1500,0
2014-11-11,20:00:00,76.14,76.14,76.14,76.14,394,0
2014-11-13,20:00:00,76.25,76.25,76.25,76.25,100,0
2014-11-14,20:00:00,76.29,76.29,76.29,76.29,650,0
2014-11-17,21:00:00,76.49,76.49,76.49,76.49,190,0
2014-11-17,22:00:00,76.48,76.5,76.48,76.5,400,0
2014-11-18,16:00:00,76.84,76.84,76.84,76.84,300,0
2014-11-18,17:00:00,76.88,76.88,76.88,76.88,300,0
2014-11-18,21:00:00,77.13,77.13,77.13,77.13,160,0
2014-11-18,22:00:00,77.23,77.23,77.13,77.13,890,0
2014-11-19,17:00:00,76.68,76.68,76.68,76.68,1600,0
2014-11-19,22:00:00,76.86,76.86,76.86,76.86,214,0
2014-11-20,19:00:00,76.94,76.95,76.94,76.94,900,0
2014-11-21,22:00:00,77.2,77.2,77.2,77.2,380,0
2014-11-24,16:00:00,77.25,77.42,77.25,77.42,1603,0
2014-11-24,19:00:00,77.43,77.43,77.43,77.43,380,0
2014-11-24,20:00:00,77.41,77.41,77.41,77.41,100,0
2014-11-24,21:00:00,77.5,77.5,77.46,77.46,1000,0
2014-11-24,22:00:00,77.47,77.47,77.47,77.47,254,0
2014-11-26,17:00:00,77.67,77.74,77.67,77.74,900,0
2014-11-26,21:00:00,77.79,77.79,77.79,77.79,200,0
2014-11-28,17:00:00,78.43,78.43,78.43,78.43,400,0
2014-12-01,16:00:00,77.78,77.78,77.78,77.78,200,0
2014-12-02,19:00:00,77.87,77.87,77.87,77.87,2000,0
2014-12-02,22:00:00,78.09,78.09,78.09,78.09,122,0
2014-12-03,20:00:00,78.16,78.16,78.15,78.15,775,0
2014-12-05,22:00:00,78.27,78.27,78.27,78.27,206,0
2014-12-08,19:00:00,78.27,78.27,78.27,78.27,1000,0
2014-12-09,19:00:00,77.29,77.29,77.29,77.29,282,0
2014-12-10,18:00:00,77.48,77.48,77.0,77.0,1400,0
2014-12-11,17:00:00,77.58,77.58,77.54,77.54,1400,0
2014-12-12,16:00:00,76.55,76.55,76.55,76.55,110,0
2014-12-12,17:00:00,76.94,76.94,76.94,76.94,300,0
2014-12-12,18:00:00,76.42,76.42,76.42,76.42,200,0
2014-12-16,16:00:00,75.0,75.0,75.0,75.0,300,0
2014-12-16,19:00:00,76.11,76.11,76.11,76.11,8648,0
2014-12-16,20:00:00,75.68,75.68,75.68,75.68,345,0
2014-12-16,21:00:00,75.72,75.72,75.72,75.72,100,0
2014-12-16,22:00:00,75.0,75.0,74.87,74.87,600,0
2014-12-17,21:00:00,75.68,75.68,75.56,75.56,400,0
2014-12-19,17:00:00,78.29,78.29,78.18,78.18,1637,0
2014-12-19,18:00:00,78.17,78.23,78.17,78.23,1700,0
2014-12-19,20:00:00,78.12,78.12,78.08,78.08,7380,0
2014-12-19,21:00:00,78.18,78.23,78.18,78.23,400,0
2014-12-19,22:00:00,78.38,78.38,78.38,78.38,100,0
2014-12-22,16:00:00,78.25,78.25,78.25,78.25,400,0
2014-12-22,17:00:00,78.25,78.25,78.25,78.25,500,0
2014-12-22,20:00:00,78.33,78.36,78.33,78.36,6740,0
2014-12-23,17:00:00,78.38,78.44,78.31,78.31,3900,0
2014-12-23,22:00:00,78.42,78.46,78.3,78.3,3594,0
2014-12-26,16:00:00,79.16,79.16,78.78,78.78,225,0
2014-12-26,17:00:00,78.73,78.73,78.66,78.66,400,0
2014-12-26,19:00:00,78.7,78.7,78.7,78.7,900,0
2014-12-29,16:00:00,78.7,78.7,78.55,78.55,1705,0
2014-12-29,21:00:00,78.64,78.64,78.64,78.64,200,0
2014-12-29,22:00:00,78.66,78.66,78.66,78.66,244,0
2014-12-30,17:00:00,78.38,78.38,78.38,78.38,400,0
2014-12-30,19:00:00,78.36,78.36,78.36,78.36,600,0
2014-12-30,22:00:00,78.3,78.3,78.3,78.3,500,0
2014-12-31,21:00:00,77.75,77.75,77.75,77.75,200,0
2015-01-02,16:00:00,77.68,77.69,77.68,77.69,1083,0
2015-01-02,17:00:00,77.67,77.67,77.63,77.63,4550,0
2015-01-05,22:00:00,76.26,76.35,76.26,76.35,1100,0
2015-01-06,17:00:00,76.35,76.35,76.35,76.35,100,0
2015-01-06,18:00:00,76.03,76.03,76.03,76.03,700,0
2015-01-07,16:00:00,76.32,76.32,76.32,76.32,500,0
2015-01-07,19:00:00,76.84,76.85,76.84,76.85,800,0
2015-01-07,21:00:00,76.77,76.82,76.77,76.82,400,0
2015-01-08,16:00:00,77.54,77.54,77.54,77.54,200,0
2015-01-08,17:00:00,77.93,77.96,77.93,77.96,705,0
2015-01-08,18:00:00,78.02,78.02,78.02,78.02,252,0
2015-01-08,22:00:00,78.19,78.19,78.19,78.19,128,0
2015-01-09,21:00:00,77.72,77.72,77.72,77.72,100,0
2015-01-09,22:00:00,77.96,77.96,77.82,77.82,300,0
2015-01-12,16:00:00,77.89,77.9,77.48,77.48,700,0
2015-01-12,17:00:00,77.24,77.24,77.24,77.24,100,0
2015-01-12,18:00:00,77.47,77.47,77.29,77.29,800,0
2015-01-12,22:00:00,77.18,77.18,77.18,77.18,100,0
2015-01-13,20:00:00,77.52,77.52,77.18,77.18,745,0
2015-01-14,20:00:00,76.32,76.32,76.32,76.32,320,0
2015-01-14,21:00:00,76.53,76.53,76.51,76.51,946,0
2015-01-14,22:00:00,76.85,76.85,76.8,76.82,740,0
2015-01-15,17:00:00,76.89,76.89,76.89,76.89,600,0
2015-01-16,16:00:00,75.68,75.68,75.68,75.68,1116,0
2015-01-16,18:00:00,76.43,76.43,76.43,76.43,456,0
2015-01-16,19:00:00,76.45,76.8,76.43,76.8,2892,0
2015-01-16,22:00:00,76.8,76.8,76.8,76.8,1300,0
2015-01-20,16:00:00,76.4,77.54,76.4,77.32,2994,0
2015-01-20,17:00:00,77.1,77.1,77.1,77.1,555,0
2015-01-20,20:00:00,76.95,77.06,76.95,77.06,1574,0
2015-01-20,21:00:00,77.25,77.25,77.25,77.25,103,0
2015-01-20,22:00:00,77.53,77.53,77.46,77.46,900,0
2015-01-21,16:00:00,77.17,77.17,77.17,77.17,197,0
2015-01-21,17:00:00,77.6,77.86,77.6,77.86,1800,0
2015-01-21,22:00:00,77.74,77.74,77.74,77.74,100,0
2015-01-22,16:00:00,77.65,77.65,77.65,77.65,100,0
2015-01-22,17:00:00,78.36,78.37,78.36,78.37,465,0
2015-01-22,18:00:00,78.28,78.28,78.28,78.28,300,0
2015-01-22,21:00:00,78.37,78.52,78.37,78.52,580,0
2015-01-23,21:00:00,78.62,78.62,78.58,78.58,1100,0
2015-01-26,17:00:00,78.16,78.16,78.16,78.16,266,0
2015-01-26,18:00:00,78.21,78.21,78.21,78.21,1000,0
2015-01-26,21:00:00,78.25,78.25,78.25,78.25,897,0
2015-01-26,22:00:00,78.3,78.44,78.3,78.44,1364,0
2015-01-27,18:00:00,77.0,77.0,77.0,77.0,230,0
2015-01-27,20:00:00,77.51,77.51,77.51,77.51,600,0
2015-01-27,22:00:00,77.35,77.35,77.35,77.35,129,0
2015-01-28,18:00:00,77.19,77.19,77.19,77.19,300,0
2015-01-28,20:00:00,77.6,77.6,77.6,77.6,600,0
2015-01-28,22:00:00,76.93,76.93,76.93,76.93,142,0
2015-01-29,17:00:00,76.11,76.11,76.11,76.11,100,0
2015-01-29,20:00:00,76.35,76.42,76.35,76.42,3163,0
2015-01-29,21:00:00,76.66,76.71,76.66,76.71,900,0
2015-01-30,18:00:00,76.48,76.53,76.48,76.53,849,0
2015-01-30,22:00:00,76.26,76.26,76.26,76.26,300,0
2015-02-02,16:00:00,75.76,75.76,75.76,75.76,300,0
2015-02-02,21:00:00,75.92,75.92,75.92,75.92,226,0
2015-02-02,22:00:00,76.17,76.17,76.17,76.17,200,0
2015-02-03,16:00:00,77.26,77.26,77.26,77.26,100,0
2015-02-03,18:00:00,77.01,77.01,77.01,77.01,100,0
2015-02-03,19:00:00,76.86,77.01,76.86,77.01,700,0
2015-02-04,16:00:00,77.32,77.32,77.32,77.32,129,0
2015-02-04,17:00:00,77.35,77.35,77.35,77.35,500,0
2015-02-05,17:00:00,77.94,77.94,77.94,77.94,100,0
2015-02-05,18:00:00,77.88,77.88,77.84,77.84,372,0
2015-02-05,19:00:00,77.82,77.82,77.77,77.77,266,0
2015-02-05,21:00:00,77.88,77.91,77.88,77.91,830,0
2015-02-06,20:00:00,77.92,77.95,77.92,77.95,476,0
2015-02-06,21:00:00,78.01,78.01,78.01,78.01,1152,0
2015-02-09,22:00:00,77.18,77.18,77.18,77.18,210,0
2015-02-10,17:00:00,77.66,77.66,77.66,77.66,840,0
2015-02-10,18:00:00,77.71,77.76,77.71,77.71,479,0
2015-02-10,19:00:00,77.75,77.77,77.75,77.77,940,0
2015-02-10,20:00:00,77.86,77.86,77.86,77.86,2320,0
2015-02-11,16:00:00,78.34,78.34,78.34,78.34,510,0
2015-02-11,19:00:00,78.23,78.23,78.23,78.23,100,0
2015-02-11,20:00:00,78.22,78.22,78.22,78.22,103,0
2015-02-11,22:00:00,78.53,78.53,78.53,78.53,2128,0
2015-02-12,16:00:00,78.78,78.78,78.78,78.78,200,0
2015-02-12,22:00:00,78.95,78.95,78.84,78.91,1604,0
2015-02-13,17:00:00,79.04,79.04,79.02,79.02,937,0
2015-02-13,19:00:00,79.09,79.09,79.09,79.09,910,0
2015-02-13,21:00:00,79.05,79.06,78.99,78.99,1032,0
2015-02-13,22:00:00,79.19,79.19,79.11,79.11,837,0
2015-02-17,16:00:00,79.13,79.13,79.01,79.01,300,0
2015-02-17,17:00:00,79.19,79.19,79.19,79.19,200,0
2015-02-17,18:00:00,79.16,79.22,79.16,79.22,544,0
2015-02-17,19:00:00,79.22,79.22,79.22,79.22,100,0
2015-02-17,20:00:00,79.4,79.4,79.4,79.4,400,0
2015-02-17,21:00:00,79.36,79.38,79.36,79.38,500,0
2015-02-17,22:00:00,79.33,79.33,79.33,79.33,125,0
2015-02-18,16:00:00,79.42,79.42,79.4,79.4,2024,0
2015-02-18,17:00:00,79.27,79.4,79.27,79.4,1450,0
2015-02-18,18:00:00,79.41,79.41,79.41,79.41,1258,0
2015-02-18,19:00:00,79.44,79.44,79.43,79.43,1600,0
2015-02-18,20:00:00,79.36,79.36,79.36,79.36,500,0
2015-02-18,21:00:00,79.53,79.55,79.47,79.49,1100,0
2015-02-18,22:00:00,79.57,79.65,79.57,79.6,1319,0
2015-02-19,17:00:00,79.76,79.76,79.76,79.76,573,0
2015-02-19,19:00:00,79.68,79.68,79.68,79.68,200,0
2015-02-19,20:00:00,79.58,79.58,79.58,79.58,125,0
2015-02-19,21:00:00,79.66,79.66,79.66,79.66,750,0
2015-02-19,22:00:00,79.63,79.63,79.6,79.6,900,0
2015-02-20,16:00:00,79.14,79.47,79.14,79.43,1329,0
2015-02-20,18:00:00,79.57,79.63,79.57,79.63,800,0
2015-02-20,19:00:00,79.7,79.7,79.7,79.7,1000,0
2015-02-20,20:00:00,79.74,79.88,79.74,79.88,1900,0
2015-02-20,21:00:00,80.06,80.06,80.06,80.06,405,0
2015-02-20,22:00:00,80.21,80.21,80.21,80.21,1293,0
2015-02-23,17:00:00,80.12,80.19,80.12,80.19,610,0
2015-02-23,18:00:00,80.21,80.29,80.21,80.28,5685,0
2015-02-23,19:00:00,80.15,80.15,80.15,80.15,100,0
2015-02-23,20:00:00,80.15,80.21,80.15,80.21,1113,0
2015-02-24,16:00:00,80.47,80.47,80.13,80.13,1152,0
2015-02-24,19:00:00,80.33,80.33,80.19,80.19,1779,0
2015-02-24,21:00:00,80.33,80.33,80.33,80.33,600,0
2015-02-24,22:00:00,80.44,80.45,80.43,80.44,1724,0
2015-02-25,16:00:00,80.43,80.43,80.43,80.43,200,0
2015-02-25,17:00:00,80.28,80.32,80.27,80.27,5698,0
2015-02-25,18:00:00,80.33,80.33,80.3,80.3,403,0
2015-02-25,20:00:00,80.39,80.39,80.39,80.39,1290,0
2015-02-25,21:00:00,80.21,80.21,80.21,80.21,200,0
2015-02-25,22:00:00,80.18,80.18,80.18,80.18,1190,0
2015-02-26,18:00:00,80.38,80.38,80.38,80.38,3500,0
2015-02-26,22:00:00,80.18,80.3,80.18,80.3,322,0
2015-02-27,16:00:00,80.27,80.33,80.27,80.33,1400,0
2015-02-27,17:00:00,80.29,80.29,80.29,80.29,100,0
2015-02-27,18:00:00,80.33,80.33,80.33,80.33,348,0
2015-03-02,16:00:00,80.25,80.4,80.25,80.4,281,0
2015-03-02,17:00:00,80.47,80.47,80.47,80.47,125,0
2015-03-02,18:00:00,80.52,80.54,80.52,80.54,143,0
2015-03-02,19:00:00,80.56,80.56,80.41,80.47,1071,0
2015-03-02,21:00:00,80.47,80.47,80.47,80.47,9,0
2015-03-02,22:00:00,80.71,80.71,80.65,80.71,415,0
2015-03-03,16:00:00,80.2,80.2,80.2,80.2,300,0
2015-03-03,17:00:00,80.24,80.24,80.24,80.24,100,0
2015-03-03,18:00:00,79.94,79.94,79.934,79.934,1074,0
2015-03-03,20:00:00,80.02,80.02,80.02,80.02,215,0
2015-03-03,21:00:00,80.0419,80.0419,80.0419,80.0419,245,0
2015-03-04,18:00:00,79.8299,79.8299,79.8299,79.8299,150,0
2015-03-04,21:00:00,79.8,79.8051,79.79,79.79,2158,0
2015-03-04,22:00:00,79.826,79.826,79.826,79.826,100,0
2015-03-05,16:00:00,80.11,80.11,80,80,200,0
2015-03-05,17:00:00,80.09,80.09,80.0632,80.0632,325,0
2015-03-05,18:00:00,79.96,80.07,79.96,80.07,11371,0
2015-03-05,19:00:00,80.05,80.05,79.99,80,1798,0
2015-03-05,20:00:00,79.85,79.85,79.85,79.85,100,0
2015-03-05,21:00:00,79.9596,79.9596,79.9596,79.9596,100,0
2015-03-05,22:00:00,79.95,80.07,79.95,80.07,12000,0
2015-03-06,16:00:00,79.5399,79.548,79.5399,79.548,325,0
2015-03-06,17:00:00,79.55,79.55,79.55,79.55,100,0
2015-03-06,18:00:00,79.1387,79.1387,79.04,79.04,300,0
2015-03-06,21:00:00,78.84,78.84,78.72,78.74,981,0
2015-03-09,15:00:00,79.21,79.21,78.87,78.87,226,0
2015-03-09,16:00:00,78.99,78.99,78.99,78.99,100,0
2015-03-09,17:00:00,78.99,78.99,78.99,78.99,115,0
2015-03-10,16:00:00,78.45,78.45,78.45,78.45,100,0
2015-03-10,17:00:00,78.57,78.57,78.57,78.57,200,0
2015-03-10,20:00:00,78.3072,78.3072,78.3072,78.3072,324,0
2015-03-10,21:00:00,78.179,78.179,78.179,78.179,100,0
2015-03-11,16:00:00,77.894,77.894,77.894,77.894,100,0
2015-03-11,17:00:00,77.87,77.87,77.87,77.87,100,0
2015-03-11,20:00:00,77.7699,77.7699,77.7699,77.7699,128,0
2015-03-11,21:00:00,77.6314,77.7,77.6314,77.69,1628,0
2015-03-12,15:00:00,78,78,78,78,370,0
2015-03-12,17:00:00,78.2399,78.2399,78.2399,78.2399,200,0
2015-03-12,19:00:00,78.301,78.301,78.301,78.301,879,0
2015-03-13,17:00:00,77.6679,77.73,77.6679,77.67,416,0
2015-03-13,18:00:00,77.851,77.851,77.851,77.851,129,0
2015-03-17,19:00:00,78.95,78.95,78.9385,78.9385,2590,0
2015-03-17,20:00:00,78.95,78.95,78.95,78.95,500,0
2015-03-17,21:00:00,79.184,79.184,79.184,79.184,200,0
2015-03-18,16:00:00,78.72,78.72,78.72,78.72,315,0
2015-03-18,20:00:00,79.5699,79.5699,79.5699,79.5699,200,0
2015-03-19,20:00:00,79.77,79.78,79.77,79.77,3100,0
2015-03-19,21:00:00,79.73,79.73,79.73,79.73,294,0
2015-03-20,16:00:00,80.2301,80.2301,80.2301,80.2301,200,0
2015-03-20,18:00:00,80.3273,80.3273,80.3273,80.3273,125,0
2015-03-20,21:00:00,80.34,80.34,80.34,80.34,1237,0
2015-03-23,15:00:00,80.4,80.44,80.28,80.44,445,0
2015-03-23,16:00:00,80.44,80.459,80.44,80.459,400,0
2015-03-23,20:00:00,80.5358,80.5358,80.5358,80.5358,175,0
2015-03-24,21:00:00,80.0068,80.0106,79.8428,79.8428,461,0
2015-03-25,15:00:00,79.79,79.79,79.79,79.79,100,0
2015-03-25,16:00:00,79.7895,79.7895,79.7895,79.7895,104,0
2015-03-25,17:00:00,79.6,79.6,79.6,79.6,750,0
2015-03-25,18:00:00,79.06,79.06,79.06,79.06,110,0
2015-03-25,19:00:00,78.89,78.89,78.89,78.89,100,0
2015-03-26,15:00:00,77.86,77.86,77.86,77.86,140,0
2015-03-26,16:00:00,78.328,78.328,78.328,78.328,100,0
2015-03-26,17:00:00,78.41,78.41,78.38,78.38,256,0
2015-03-30,21:00:00,79.62,79.62,79.62,79.62,259,0
2015-03-30,22:00:00,79.62,79.62,79.5935,79.5935,224,0
2015-03-31,16:00:00,79.2097,79.2097,79.2097,79.2097,100,0
2015-03-31,19:00:00,79.2097,79.2097,79.1365,79.1365,241,0
2015-03-31,20:00:00,79.1365,79.1365,79.1365,79.1365,74,0
2015-03-31,21:00:00,79.1365,79.1365,79.1365,79.1365,16,0
2015-03-31,22:00:00,79.1365,79.1365,79.1365,79.1365,2,0
2015-04-01,16:00:00,78,78,78,78,100,0
2015-04-01,20:00:00,78,78,78,78,9,0
2015-04-01,21:00:00,78.25,78.25,78.25,78.25,317,0
2015-04-01,22:00:00,78.25,78.25,78.25,78.25,86,0
2015-04-06,16:00:00,78.38,78.38,78.329,78.33,300,0
2015-04-06,17:00:00,78.64,78.906,78.64,78.9,1696,0
2015-04-06,18:00:00,78.9,78.9,78.9,78.9,1,0
2015-04-06,19:00:00,79.1,79.1,79.1,79.1,1271,0
2015-04-06,20:00:00,79.2659,79.2659,79.2659,79.2659,116,0
2015-04-06,22:00:00,79.2659,79.2659,79.2659,79.2659,48,0
2015-04-07,18:00:00,79.345,79.345,79.345,79.345,252,0
2015-04-07,19:00:00,79.345,79.345,79.345,79.345,114,0
2015-04-07,20:00:00,79.4,79.4,79.4,79.4,312,0
2015-04-07,21:00:00,79.2972,79.3199,79.2972,79.3199,342,0
2015-04-07,22:00:00,79.244,79.244,79.244,79.244,126,0
2015-04-08,16:00:00,78.81,79.129,78.81,79.129,1638,0
2015-04-08,17:00:00,79.03,79.06,79.02,79.06,812,0
2015-04-08,19:00:00,79.06,79.06,79.06,79.06,24,0
2015-04-08,20:00:00,79.18,79.18,79.12,79.12,652,0
2015-04-08,22:00:00,79.12,79.12,79.12,79.12,15,0
2015-04-10,22:00:00,80.0613,80.0613,80.0613,80.0613,150,0
2015-04-13,17:00:00,80.2925,80.2925,80.2925,80.2925,400,0
2015-04-13,19:00:00,80.2925,80.2925,80.2925,80.2925,67,0
2015-04-13,22:00:00,80.2925,80.2925,80.2925,80.2925,49,0
2015-04-14,17:00:00,79.3145,79.3145,79.3145,79.3145,112,0
2015-04-14,22:00:00,79.73,79.73,79.73,79.73,381,0
2015-04-15,17:00:00,79.99,79.99,79.99,79.99,381,0
2015-04-15,18:00:00,79.83,79.83,79.83,79.83,393,0
2015-04-15,19:00:00,79.83,79.83,79.83,79.83,92,0
2015-04-15,20:00:00,80.067,80.067,80.067,80.067,250,0
2015-04-15,22:00:00,80.04,80.04,79.9966,79.9966,411,0
2015-04-17,17:00:00,79.0099,79.0099,79.0099,79.0099,545,0
2015-04-17,18:00:00,79.0101,79.0101,79.0101,79.0101,1000,0
2015-04-17,20:00:00,79,79,78.75,78.81,1350,0
2015-04-17,21:00:00,78.83,78.83,78.83,78.83,3700,0
2015-04-17,22:00:00,78.88,79.02,78.88,79.02,167,0
2015-04-20,16:00:00,79.22,79.22,79.22,79.22,100,0
2015-04-20,17:00:00,79.5601,79.5601,79.5601,79.5601,11,0
2015-04-20,18:00:00,79.828,79.83,79.828,79.83,347,0
2015-04-20,19:00:00,79.7349,79.7899,79.7349,79.7799,174,0
2015-04-20,22:00:00,79.83,79.83,79.7107,79.75,365,0
2015-04-21,16:00:00,80.0199,80.0199,80.0199,80.0199,100,0
2015-04-21,18:00:00,79.9101,79.92,79.9101,79.92,68,0
2015-04-21,21:00:00,79.91,79.91,79.91,79.91,156,0
2015-04-21,22:00:00,79.8616,79.8616,79.84,79.84,1177,0
2015-04-22,17:00:00,79.71,79.71,79.6872,79.6872,200,0
2015-04-24,16:00:00,80.48,80.48,80.25,80.25,550,0
2015-04-24,18:00:00,80.3135,80.3135,80.3135,80.3135,150,0
2015-04-24,22:00:00,80.3,80.3,80.3,80.3,747,0
2015-04-27,16:00:00,80.44,80.44,80.43,80.43,1100,0
2015-04-29,17:00:00,79.75,79.75,79.6,79.6,800,0
2015-04-29,19:00:00,79.4999,79.4999,79.359,79.36,460,0
2015-04-30,18:00:00,79.35,79.35,79.35,79.35,200,0
2015-04-30,19:00:00,79.1795,79.18,78.9899,79.0199,600,0
2015-04-30,20:00:00,79.076,79.076,79.076,79.076,100,0
2015-04-30,21:00:00,78.9497,78.9497,78.9497,78.9497,100,0
2015-04-30,22:00:00,78.7193,78.7193,78.64,78.71,3137,0
2015-05-01,19:00:00,79.25,79.25,79.25,79.25,175,0
2015-05-04,17:00:00,80.09,80.09,80.09,80.09,100,0
2015-05-04,18:00:00,80.055,80.055,79.97,79.97,353,0
2015-05-04,19:00:00,80.06,80.06,80.06,80.06,160,0
2015-05-04,20:00:00,79.979,79.979,79.979,79.979,190,0
2015-05-04,22:00:00,79.99,79.99,79.99,79.99,190,0
2015-05-05,17:00:00,79.52,79.52,79.52,79.52,312,0
2015-05-05,20:00:00,79.0669,79.0669,79.0669,79.0669,400,0
2015-05-05,21:00:00,79.07,79.07,79.07,79.07,100,0
2015-05-05,22:00:00,78.87,78.87,78.87,78.87,359,0
2015-05-06,21:00:00,78.4499,78.4499,78.28,78.28,200,0
2015-05-06,22:00:00,78.38,78.5001,78.3793,78.5001,1334,0
2015-05-07,17:00:00,78.87,78.87,78.87,78.87,100,0
2015-05-08,16:00:00,79.98,79.98,79.98,79.98,300,0
2015-05-08,17:00:00,80.1399,80.17,80.1399,80.17,710,0
2015-05-08,18:00:00,80.14,80.14,80.1399,80.1399,400,0
2015-05-08,22:00:00,80.02,80.02,80.02,80.02,110,0
2015-05-11,22:00:00,79.9901,80.002,79.9901,80.002,570,0
2015-05-13,18:00:00,79.7782,79.7782,79.7782,79.7782,238,0
2015-05-13,19:00:00,79.84,79.84,79.84,79.84,165,0
2015-05-15,18:00:00,80.7101,80.7599,80.7101,80.7599,945,0
2015-05-18,16:00:00,80.75,80.75,80.75,80.75,590,0
2015-05-18,19:00:00,81.01,81.01,80.9748,80.9748,550,0
2015-05-18,20:00:00,81.08,81.08,81.0799,81.0799,200,0
2015-05-18,21:00:00,81.135,81.135,81.135,81.135,123,0
2015-05-19,18:00:00,81.03,81.03,81.03,81.03,701,0
2015-05-19,21:00:00,81.149,81.149,81.122,81.122,300,0
2015-05-20,17:00:00,80.8977,81,80.8977,81,250,0
2015-05-20,18:00:00,80.92,80.92,80.92,80.92,522,0
2015-05-20,19:00:00,80.92,80.9649,80.92,80.9649,764,0
2015-05-20,21:00:00,80.96,81.11,80.96,81.11,200,0
2015-05-21,20:00:00,81.2,81.2,81.2,81.2,100,0
2015-05-22,17:00:00,81.034,81.034,81.034,81.034,150,0
2015-05-27,21:00:00,80.78,80.78,80.7201,80.7201,518,0
2015-05-27,22:00:00,80.93,80.93,80.93,80.93,200,0
2015-05-28,17:00:00,80.59,80.59,80.5,80.5,400,0
2015-05-28,22:00:00,80.73,80.73,80.73,80.73,100,0
2015-05-29,16:00:00,80.6,80.6,80.6,80.6,400,0
2015-05-29,17:00:00,80.43,80.43,80.43,80.43,5158,0
2015-05-29,21:00:00,80.23,80.23,80.23,80.23,128,0
2015-06-01,17:00:00,80.22,80.22,80.22,80.22,191,0
2015-06-01,18:00:00,80.22,80.3999,80.22,80.39,641,0
2015-06-02,16:00:00,80.24,80.24,80.24,80.24,169,0
2015-06-02,19:00:00,80.49,80.49,80.484,80.484,540,0
2015-06-03,20:00:00,80.45,80.45,80.45,80.45,100,0
2015-06-03,21:00:00,80.52,80.52,80.52,80.52,1210,0
2015-06-08,19:00:00,79.1399,79.1399,79.1399,79.1399,100,0
2015-06-08,22:00:00,79.1,79.1,79.1,79.1,100,0
2015-06-10,20:00:00,79.8994,79.8994,79.8994,79.8994,100,0
2015-06-11,16:00:00,80.39,80.39,80.39,80.39,200,0
2015-06-11,17:00:00,80.05,80.05,80.05,80.05,245,0
2015-06-11,22:00:00,80.18,80.18,80.0806,80.0806,880,0
2015-06-12,18:00:00,79.541,79.541,79.541,79.541,350,0
2015-06-12,22:00:00,79.456,79.456,79.45,79.45,400,0
2015-06-15,17:00:00,78.8499,78.8499,78.8499,78.8499,500,0
2015-06-15,18:00:00,78.9907,78.9907,78.9907,78.9907,375,0
2015-06-15,22:00:00,79.05,79.05,79.05,79.05,100,0
2015-06-17,22:00:00,79.8199,79.8199,79.8199,79.8199,100,0
2015-06-18,20:00:00,80.5942,80.5942,80.59,80.59,401,0
2015-06-19,22:00:00,80.41,80.41,80.41,80.41,1000,0
2015-06-22,21:00:00,80.869,80.869,80.869,80.869,300,0
2015-06-23,16:00:00,80.9,80.9,80.9,80.9,168,0
2015-06-23,22:00:00,80.7475,80.7475,80.7475,80.7475,100,0
2015-06-24,20:00:00,80.4,80.4,80.4,80.4,150,0
2015-06-25,16:00:00,80.42,80.42,80.34,80.34,500,0
2015-06-25,19:00:00,80.3247,80.3247,80.3247,80.3247,1000,0
2015-06-25,21:00:00,80.21,80.21,80.21,80.21,580,0
2015-06-25,22:00:00,80.16,80.16,80.16,80.16,100,0
2015-06-26,22:00:00,80.017,80.017,79.88,79.88,2342,0
2015-07-01,22:00:00,79,79,79,79,100,0
2015-07-07,16:00:00,78.81,78.81,78.81,78.81,149,0
2015-07-07,21:00:00,78.7407,78.7407,78.7407,78.7407,155,0
2015-07-08,17:00:00,78.74,78.74,78.74,78.74,200,0
2015-07-08,19:00:00,78.46,78.47,78.46,78.47,293,0
2015-07-09,16:00:00,79.38,79.38,79.38,79.38,127,0
2015-07-09,17:00:00,79,79,78.9599,78.9599,600,0
2015-07-10,16:00:00,79.18,79.18,79.18,79.18,200,0
2015-07-10,17:00:00,79.21,79.21,79.21,79.21,250,0
2015-07-13,16:00:00,79.888,79.8969,79.888,79.8969,200,0
2015-07-13,20:00:00,79.91,79.91,79.91,79.91,1179,0
2015-07-13,21:00:00,80.0388,80.0388,80.0388,80.0388,108,0
2015-07-14,17:00:00,80.32,80.32,80.32,80.32,100,0
2015-07-15,22:00:00,80.3,80.3,80.3,80.3,300,0
2015-07-16,16:00:00,80.173,80.9283,80.173,80.9283,1315,0
2015-07-16,22:00:00,81.102,81.1199,81.06,81.06,544,0
2015-07-17,19:00:00,81.2,81.21,81.2,81.21,21075,0
2015-07-17,20:00:00,81.21,81.21,81.15,81.15,200,0
2015-07-20,19:00:00,81.52,81.5253,81.52,81.5253,2364,0
2015-07-20,21:00:00,81.68,81.68,81.68,81.68,16,0
2015-07-20,22:00:00,81.61,81.6363,81.61,81.6363,77,0
2015-07-21,16:00:00,81.379,81.379,81.379,81.379,120,0
2015-07-21,17:00:00,81.19,81.19,81.19,81.19,100,0
2015-07-21,18:00:00,81.12,81.1443,81.0657,81.0657,749,0
2015-07-21,22:00:00,81.1001,81.1243,81.1001,81.1243,400,0
2015-07-22,19:00:00,80.724,80.724,80.724,80.724,200,0
2015-07-23,16:00:00,80.76,80.84,80.74,80.8,2840,0
2015-07-24,16:00:00,80.66,80.66,80.66,80.66,250,0
2015-07-24,19:00:00,79.822,79.822,79.822,79.822,100,0
2015-07-27,20:00:00,79.1299,79.1299,79.1299,79.1299,315,0
2015-07-27,21:00:00,79.0785,79.0785,79.0785,79.0785,153,0
2015-07-27,22:00:00,79.0286,79.07,79.01,79.07,1759,0
2015-07-28,17:00:00,79.2716,79.2716,79.2598,79.2598,320,0
2015-07-28,21:00:00,80.2299,80.23,80.2299,80.2299,891,0
2015-07-29,21:00:00,80.7,80.7,80.7,80.7,124,0
2015-07-30,19:00:00,80.55,80.55,80.5299,80.53,2759,0
2015-07-30,21:00:00,80.5801,80.64,80.58,80.64,1500,0
2015-07-30,22:00:00,80.644,80.644,80.644,80.644,109,0
2015-07-31,21:00:00,80.7399,80.7399,80.68,80.7399,919,0
2015-08-04,17:00:00,80.57,80.57,80.3984,80.3984,260,0
2015-08-05,16:00:00,80.28,80.28,80.28,80.28,134,0
2015-08-05,17:00:00,81.1799,81.1799,81.1799,81.1799,125,0
2015-08-05,21:00:00,81.0069,81.03,81.0069,81.03,874,0
2015-08-06,16:00:00,81.09,81.09,81.09,81.09,110,0
2015-08-07,16:00:00,79.66,79.66,79.66,79.66,358,0
2015-08-07,18:00:00,79.48,79.4806,79.48,79.4806,4702,0
