Date,Time,Open,High,Low,Close,Volume,OpenInt
2013-03-11,16:00:00,25.36,25.36,25.36,25.36,929,0
2013-03-13,20:00:00,25.64,25.64,25.64,25.64,300,0
2013-03-13,21:00:00,25.62,25.62,25.62,25.62,165,0
2013-03-14,15:00:00,25.59,25.65,25.59,25.65,665,0
2013-03-21,19:00:00,25.72,25.72,25.72,25.72,300,0
2013-03-21,20:00:00,25.73,25.73,25.73,25.73,100,0
2013-03-21,21:00:00,25.72,25.73,25.72,25.72,1100,0
2013-03-22,21:00:00,25.82,25.82,25.82,25.82,500,0
2013-03-26,20:00:00,25.91,25.91,25.91,25.91,500,0
2013-04-01,17:00:00,25.63,25.65,25.63,25.64,6400,0
2013-04-01,21:00:00,25.67,25.67,25.67,25.67,245,0
2013-04-01,22:00:00,25.92,25.92,25.92,25.92,300,0
2013-04-03,18:00:00,25.84,25.84,25.84,25.84,1715,0
2013-04-10,18:00:00,25.89,25.89,25.89,25.89,116,0
2013-04-10,19:00:00,25.75,25.75,25.75,25.75,780,0
2013-04-10,20:00:00,25.7,25.7,25.69,25.69,800,0
2013-04-11,17:00:00,25.75,25.75,25.75,25.75,213,0
2013-04-17,19:00:00,25.47,25.47,25.47,25.47,123,0
2013-04-17,20:00:00,25.33,25.33,25.33,25.33,400,0
2013-04-23,17:00:00,25.38,25.38,25.38,25.38,100,0
2013-04-29,21:00:00,25.72,25.76,25.72,25.76,500,0
2013-04-29,22:00:00,25.72,25.72,25.67,25.67,400,0
2013-04-30,17:00:00,25.77,25.77,25.72,25.75,1000,0
2013-05-01,16:00:00,25.79,25.79,25.78,25.78,1100,0
2013-05-01,18:00:00,25.73,25.73,25.73,25.73,200,0
2013-05-01,22:00:00,25.69,25.69,25.69,25.69,100,0
2013-05-07,17:00:00,25.87,25.94,25.87,25.9,800,0
2013-05-07,18:00:00,26.12,26.12,26.12,26.12,440,0
2013-05-09,18:00:00,26.02,26.02,26.02,26.02,450,0
2013-05-10,22:00:00,26.01,26.01,26.01,26.01,787,0
2013-05-14,17:00:00,25.78,25.78,25.78,25.78,2058,0
2013-05-14,18:00:00,25.79,25.85,25.79,25.83,3100,0
2013-05-15,20:00:00,25.8,25.8,25.8,25.8,100,0
2013-05-16,19:00:00,25.98,26.1,25.98,26.06,1900,0
2013-05-16,20:00:00,26.1,26.1,26.02,26.06,1200,0
2013-05-16,21:00:00,25.95,26.05,25.94,26.0,4800,0
2013-05-17,22:00:00,26.07,26.16,25.98,25.98,2900,0
2013-05-20,19:00:00,26.31,26.31,26.31,26.31,1000,0
2013-05-21,21:00:00,26.08,26.14,26.08,26.13,3108,0
2013-05-22,21:00:00,26.41,26.41,26.41,26.41,100,0
2013-05-23,20:00:00,26.3,26.3,26.28,26.28,200,0
2013-05-23,22:00:00,26.15,26.15,26.15,26.15,200,0
2013-05-28,19:00:00,26.46,26.46,26.46,26.46,500,0
2013-05-29,22:00:00,26.48,26.6,26.47,26.6,2300,0
2013-05-30,17:00:00,26.65,26.65,26.53,26.6,2900,0
2013-05-30,20:00:00,26.8,26.8,26.8,26.8,600,0
2013-05-31,17:00:00,26.95,26.95,26.95,26.95,1000,0
2013-06-03,16:00:00,26.94,26.96,26.93,26.95,1169,0
2013-06-03,17:00:00,26.95,26.95,26.95,26.95,500,0
2013-06-03,18:00:00,26.95,26.96,26.95,26.96,1900,0
2013-06-04,19:00:00,27.11,27.11,27.11,27.11,867,0
2013-06-05,22:00:00,27.11,27.12,27.11,27.12,1000,0
2013-06-06,16:00:00,27.08,27.08,27.08,27.08,1100,0
2013-06-06,17:00:00,27.09,27.09,27.03,27.03,1250,0
2013-06-06,20:00:00,27.04,27.04,26.99,26.99,1157,0
2013-06-07,19:00:00,27.12,27.23,27.12,27.22,3705,0
2013-06-07,20:00:00,27.12,27.12,27.12,27.12,100,0
2013-06-07,22:00:00,26.99,27.08,26.99,27.08,500,0
2013-06-10,16:00:00,27.21,28.0,27.07,27.07,6528,0
2013-06-10,17:00:00,27.18,27.18,27.18,27.18,516,0
2013-06-10,18:00:00,27.19,27.19,27.19,27.19,100,0
2013-06-10,22:00:00,27.21,27.21,27.1,27.1,3300,0
2013-06-11,19:00:00,27.14,27.14,27.14,27.14,3690,0
2013-06-11,20:00:00,27.08,27.08,27.02,27.04,1100,0
2013-06-11,21:00:00,27.04,27.07,27.04,27.07,500,0
2013-06-12,19:00:00,27.12,27.12,27.12,27.12,200,0
2013-06-12,20:00:00,27.1,27.1,27.03,27.05,1000,0
2013-06-12,22:00:00,27.05,27.15,27.05,27.15,400,0
2013-06-13,18:00:00,27.18,27.18,27.1,27.1,900,0
2013-06-13,19:00:00,27.1,27.14,27.1,27.14,900,0
2013-06-13,20:00:00,27.26,27.27,27.11,27.21,7202,0
2013-06-13,21:00:00,27.19,27.21,27.08,27.15,11000,0
2013-06-13,22:00:00,27.19,27.32,27.13,27.32,2800,0
2013-06-14,16:00:00,27.05,27.05,27.04,27.04,600,0
2013-06-14,17:00:00,27.02,27.02,27.02,27.02,100,0
2013-06-14,18:00:00,27.01,27.01,27.01,27.01,200,0
2013-06-14,21:00:00,27.15,27.18,27.15,27.18,1160,0
2013-06-14,22:00:00,27.15,27.16,27.15,27.16,600,0
2013-06-17,17:00:00,27.12,27.12,27.12,27.12,1000,0
2013-06-17,22:00:00,27.06,27.06,27.06,27.06,800,0
2013-06-18,16:00:00,26.69,26.8,26.69,26.79,4100,0
2013-06-18,17:00:00,26.79,26.79,26.79,26.79,5800,0
2013-06-19,16:00:00,26.77,26.77,26.77,26.77,1500,0
2013-06-19,21:00:00,26.95,26.95,26.95,26.95,100,0
2013-06-19,22:00:00,27.09,27.09,27.09,27.09,150,0
2013-06-20,16:00:00,27.0,27.35,27.0,27.2,1000,0
2013-06-20,17:00:00,27.21,27.21,27.2,27.2,200,0
2013-06-20,18:00:00,27.26,27.26,27.26,27.26,100,0
2013-06-20,20:00:00,27.27,27.27,27.27,27.27,350,0
2013-06-20,22:00:00,27.22,27.34,27.22,27.34,900,0
2013-06-21,16:00:00,27.27,27.27,27.27,27.27,300,0
2013-06-21,17:00:00,27.27,27.29,27.27,27.27,2300,0
2013-06-21,18:00:00,27.28,27.28,27.21,27.28,841,0
2013-06-21,20:00:00,27.19,27.23,27.18,27.23,17383,0
2013-06-24,16:00:00,27.2,27.2,27.2,27.2,1000,0
2013-06-24,17:00:00,27.04,27.04,27.04,27.04,111,0
2013-06-24,18:00:00,27.07,27.07,27.07,27.07,111,0
2013-06-24,20:00:00,26.99,26.99,26.98,26.98,4025,0
2013-06-24,21:00:00,26.75,26.75,26.74,26.74,402,0
2013-06-24,22:00:00,26.95,26.95,26.95,26.95,150,0
2013-06-25,16:00:00,26.17,26.74,25.7,26.7,4181,0
2013-06-25,18:00:00,26.9,26.9,26.9,26.9,1501,0
2013-06-26,16:00:00,26.97,26.97,26.97,26.97,1000,0
2013-06-26,19:00:00,26.88,26.88,26.88,26.88,700,0
2013-06-26,20:00:00,26.73,26.73,26.73,26.73,200,0
2013-06-27,18:00:00,26.75,26.75,26.75,26.75,240,0
2013-06-28,16:00:00,27.13,27.13,26.96,26.96,200,0
2013-06-28,19:00:00,26.94,26.94,26.93,26.93,900,0
2013-06-28,20:00:00,26.93,26.97,26.87,26.97,2427,0
2013-06-28,21:00:00,26.95,26.95,26.95,26.95,213,0
2013-07-01,20:00:00,27.26,27.26,26.55,26.85,2599,0
2013-07-01,22:00:00,27.1,27.1,26.7,26.7,1100,0
2013-07-02,19:00:00,26.83,26.83,26.83,26.83,2600,0
2013-07-03,16:00:00,26.97,26.97,26.68,26.68,400,0
2013-07-03,17:00:00,26.64,26.68,26.64,26.68,2400,0
2013-07-05,16:00:00,26.7,26.71,26.65,26.69,2828,0
2013-07-05,17:00:00,26.68,26.73,26.67,26.72,2100,0
2013-07-05,18:00:00,26.72,26.74,26.7,26.73,3300,0
2013-07-05,19:00:00,26.73,26.73,26.71,26.71,600,0
2013-07-05,20:00:00,26.71,26.71,26.69,26.7,800,0
2013-07-05,21:00:00,26.7,26.73,26.68,26.73,900,0
2013-07-05,22:00:00,26.71,26.8,26.69,26.73,3700,0
2013-07-08,16:00:00,26.64,26.64,26.64,26.64,150,0
2013-07-08,17:00:00,26.54,26.54,26.54,26.54,500,0
2013-07-08,20:00:00,26.54,26.54,26.4,26.45,2500,0
2013-07-08,22:00:00,26.64,26.64,26.64,26.64,150,0
2013-07-09,22:00:00,26.65,26.65,26.55,26.55,200,0
2013-07-11,22:00:00,26.56,26.56,26.56,26.56,400,0
2013-07-12,17:00:00,26.54,26.54,26.54,26.54,250,0
2013-07-12,19:00:00,26.33,26.33,26.33,26.33,7838,0
2013-07-12,22:00:00,26.27,26.27,26.22,26.22,1000,0
2013-07-15,17:00:00,26.28,26.28,26.28,26.28,400,0
2013-07-15,18:00:00,26.34,26.54,26.34,26.54,2111,0
2013-07-15,20:00:00,26.33,26.33,26.33,26.33,1000,0
2013-07-17,16:00:00,26.42,26.42,26.42,26.42,140,0
2013-07-17,19:00:00,26.47,26.47,26.42,26.47,8265,0
2013-07-17,20:00:00,26.67,26.67,26.67,26.67,800,0
2013-07-22,20:00:00,26.58,26.58,26.58,26.58,1700,0
2013-07-23,18:00:00,26.62,26.62,26.62,26.62,106,0
2013-07-29,17:00:00,26.57,26.57,26.57,26.57,600,0
2013-07-29,22:00:00,26.67,26.67,26.67,26.67,100,0
2013-07-30,16:00:00,26.57,26.57,26.54,26.56,440,0
2013-07-30,17:00:00,26.54,26.54,26.54,26.54,100,0
2013-07-30,19:00:00,26.66,26.7,26.66,26.7,300,0
2013-07-31,20:00:00,26.74,26.74,26.72,26.74,2400,0
2013-08-01,19:00:00,26.69,26.69,26.69,26.69,125,0
2013-08-06,19:00:00,26.6,26.6,26.6,26.6,125,0
2013-08-07,16:00:00,26.65,26.65,26.65,26.65,724,0
2013-08-07,18:00:00,26.62,26.62,26.62,26.62,100,0
2013-08-20,21:00:00,26.82,26.95,26.82,26.94,21300,0
2013-08-20,22:00:00,26.89,26.94,26.76,26.76,32900,0
2013-08-21,17:00:00,26.86,26.86,26.7,26.75,9200,0
2013-08-21,18:00:00,26.81,26.83,26.73,26.81,10000,0
2013-08-21,19:00:00,26.81,26.81,26.81,26.81,300,0
2013-08-21,20:00:00,26.68,26.77,26.65,26.65,4200,0
2013-08-21,21:00:00,26.8,26.83,26.61,26.72,4200,0
2013-08-21,22:00:00,26.66,26.66,26.66,26.66,200,0
2013-08-22,16:00:00,26.8,26.81,26.65,26.81,5300,0
2013-08-22,17:00:00,26.7,26.8,26.7,26.79,2600,0
2013-08-22,18:00:00,26.7,26.75,26.7,26.74,5300,0
2013-08-22,20:00:00,26.7,26.86,26.65,26.7,14400,0
2013-08-22,22:00:00,26.57,26.73,26.57,26.6,4700,0
2013-08-23,16:00:00,26.62,26.75,26.62,26.71,3100,0
2013-08-23,17:00:00,26.7,26.8,26.7,26.77,5600,0
2013-08-23,18:00:00,26.7,26.7,26.68,26.68,1000,0
2013-08-23,19:00:00,26.72,26.72,26.65,26.68,8100,0
2013-08-23,20:00:00,26.64,26.71,26.61,26.7,9100,0
2013-08-23,21:00:00,26.61,26.7,26.61,26.68,2400,0
2013-08-23,22:00:00,26.61,26.74,26.53,26.53,18799,0
2013-08-26,16:00:00,26.66,26.72,26.63,26.66,5000,0
2013-08-26,17:00:00,26.58,26.69,26.5,26.58,14400,0
2013-08-26,18:00:00,26.56,26.63,26.56,26.63,5700,0
2013-08-26,20:00:00,26.58,26.59,26.53,26.55,7100,0
2013-08-26,21:00:00,26.56,26.65,26.56,26.58,7300,0
2013-08-26,22:00:00,26.58,26.58,26.53,26.56,1000,0
2013-08-27,16:00:00,26.51,26.51,26.51,26.51,400,0
2013-08-27,17:00:00,26.53,26.53,26.47,26.47,700,0
2013-08-27,18:00:00,26.5,26.5,26.5,26.5,188,0
2013-08-27,20:00:00,26.46,26.47,26.46,26.47,300,0
2013-08-27,21:00:00,26.43,26.52,26.43,26.52,3700,0
2013-08-27,22:00:00,26.45,26.52,26.32,26.32,16700,0
2013-08-28,16:00:00,26.45,26.48,26.45,26.47,1700,0
2013-08-28,17:00:00,26.29,26.47,26.29,26.47,700,0
2013-08-28,21:00:00,26.39,26.46,26.39,26.43,3300,0
2013-08-28,22:00:00,26.43,26.46,26.37,26.42,4500,0
2013-08-29,16:00:00,26.38,26.43,26.38,26.42,2400,0
2013-08-29,21:00:00,26.37,26.43,26.37,26.43,2700,0
2013-08-29,22:00:00,26.4,26.45,26.38,26.38,15400,0
2013-08-30,16:00:00,26.4,26.48,26.4,26.43,5400,0
2013-08-30,17:00:00,26.4,26.42,26.36,26.42,5800,0
2013-08-30,18:00:00,26.36,26.42,26.36,26.36,6700,0
2013-08-30,19:00:00,26.4,26.42,26.36,26.37,1200,0
2013-08-30,20:00:00,26.38,26.41,26.38,26.39,2600,0
2013-08-30,21:00:00,26.31,26.31,26.31,26.31,572,0
2013-08-30,22:00:00,26.35,26.44,26.27,26.27,9400,0
2013-09-03,16:00:00,26.43,26.48,26.4,26.46,5100,0
2013-09-03,17:00:00,26.4,26.5,26.4,26.49,11000,0
2013-09-03,18:00:00,26.41,26.41,26.41,26.41,300,0
2013-09-03,21:00:00,26.43,26.48,26.43,26.47,3200,0
2013-09-03,22:00:00,26.38,26.43,26.36,26.39,7000,0
2013-09-04,17:00:00,26.39,26.46,26.39,26.41,3300,0
2013-09-04,19:00:00,26.42,26.44,26.38,26.41,3800,0
2013-09-04,20:00:00,26.41,26.41,26.4,26.4,200,0
2013-09-05,17:00:00,26.45,26.45,26.45,26.45,200,0
2013-09-05,18:00:00,26.44,26.5,26.44,26.46,1921,0
2013-09-05,19:00:00,26.47,26.47,26.47,26.47,900,0
2013-09-05,22:00:00,26.43,26.45,26.32,26.32,900,0
2013-09-06,17:00:00,26.4,26.4,26.4,26.4,100,0
2013-09-06,18:00:00,26.38,26.45,26.35,26.38,3900,0
2013-09-06,19:00:00,26.35,26.35,26.33,26.33,300,0
2013-09-06,20:00:00,26.36,26.38,26.34,26.34,2900,0
2013-09-06,22:00:00,26.31,26.38,26.31,26.35,1600,0
2013-09-09,18:00:00,26.34,26.34,26.27,26.31,1200,0
2013-09-09,21:00:00,26.26,26.31,26.26,26.28,1800,0
2013-09-09,22:00:00,26.25,26.29,26.18,26.18,2800,0
2013-09-10,17:00:00,26.25,26.25,26.24,26.24,300,0
2013-09-10,22:00:00,26.25,26.25,26.16,26.16,500,0
2013-09-11,21:00:00,26.19,26.19,26.19,26.19,188,0
2013-09-12,16:00:00,26.22,26.22,26.17,26.18,3900,0
2013-09-12,17:00:00,26.13,26.17,26.13,26.13,3300,0
2013-09-12,18:00:00,26.07,26.07,26.05,26.05,770,0
2013-09-12,21:00:00,26.09,26.2,26.09,26.1,20200,0
2013-09-12,22:00:00,26.11,26.16,25.98,25.99,8300,0
2013-09-13,19:00:00,26.12,26.17,26.12,26.17,2700,0
2013-09-13,20:00:00,26.14,26.14,26.11,26.11,300,0
2013-09-13,22:00:00,26.12,26.17,26.1,26.17,800,0
2013-09-16,17:00:00,26.16,26.16,26.16,26.16,125,0
2013-09-16,18:00:00,26.16,26.16,26.14,26.14,454,0
2013-09-16,22:00:00,26.14,26.14,26.14,26.14,200,0
2013-09-17,22:00:00,26.29,26.29,26.21,26.27,10700,0
2013-09-18,17:00:00,26.27,26.27,26.27,26.27,100,0
2013-09-18,20:00:00,26.14,26.51,26.03,26.21,4900,0
2013-09-18,22:00:00,26.04,26.08,26.04,26.08,800,0
2013-09-19,18:00:00,25.91,25.91,25.91,25.91,121,0
2013-09-23,16:00:00,25.91,25.91,25.91,25.91,300,0
2013-09-23,19:00:00,25.98,26.01,25.98,25.98,500,0
2013-09-23,21:00:00,25.93,25.93,25.93,25.93,150,0
2013-09-24,22:00:00,26.05,26.05,26.04,26.04,1200,0
2013-09-25,22:00:00,26.18,26.18,26.18,26.18,1900,0
2013-09-26,19:00:00,26.08,26.09,26.08,26.08,2000,0
2013-09-26,20:00:00,26.03,26.06,26.02,26.06,900,0
2013-09-26,21:00:00,26.02,26.1,26.0,26.03,4000,0
2013-09-27,21:00:00,26.04,26.04,26.04,26.04,625,0
2013-10-01,21:00:00,25.79,25.79,25.79,25.79,350,0
2013-10-02,17:00:00,25.83,25.91,25.83,25.86,1300,0
2013-10-02,20:00:00,25.86,25.86,25.86,25.86,200,0
2013-10-02,22:00:00,25.9,25.9,25.83,25.84,1400,0
2013-10-07,16:00:00,25.85,25.85,25.85,25.85,200,0
2013-10-07,17:00:00,25.87,25.87,25.87,25.87,400,0
2013-10-07,18:00:00,25.89,25.96,25.89,25.89,12600,0
2013-10-07,19:00:00,25.91,25.95,25.9,25.92,6400,0
2013-10-07,21:00:00,25.92,26.0,25.92,26.0,3550,0
2013-10-07,22:00:00,25.96,26.02,25.87,25.87,12311,0
2013-10-08,16:00:00,25.95,25.99,25.95,25.96,400,0
2013-10-08,17:00:00,26.01,26.07,26.01,26.07,300,0
2013-10-08,20:00:00,26.09,26.17,26.06,26.07,12100,0
2013-10-08,21:00:00,26.08,26.08,26.07,26.07,900,0
2013-10-08,22:00:00,26.06,26.07,26.06,26.07,400,0
2013-10-09,16:00:00,26.35,26.37,26.35,26.37,200,0
2013-10-09,17:00:00,26.4,26.43,26.34,26.34,5200,0
2013-10-09,18:00:00,26.4,26.46,26.4,26.41,4100,0
2013-10-09,19:00:00,26.4,26.43,26.4,26.43,1600,0
2013-10-09,20:00:00,26.42,26.42,26.42,26.42,100,0
2013-10-09,21:00:00,26.36,26.45,26.3,26.44,10400,0
2013-10-09,22:00:00,26.43,26.44,26.34,26.34,1000,0
2013-10-10,16:00:00,26.45,26.45,26.45,26.45,200,0
2013-10-11,17:00:00,26.39,26.39,26.39,26.39,100,0
2013-10-11,19:00:00,26.29,26.29,26.29,26.29,100,0
2013-10-11,20:00:00,26.36,26.36,26.24,26.27,1100,0
2013-10-11,21:00:00,26.28,26.36,26.25,26.29,5200,0
2013-10-11,22:00:00,26.29,26.3,26.22,26.22,700,0
2013-10-14,16:00:00,26.28,26.28,26.28,26.28,100,0
2013-10-14,18:00:00,26.28,26.39,26.2,26.2,7100,0
2013-10-14,19:00:00,26.22,26.22,26.17,26.17,400,0
2013-10-14,21:00:00,26.2,26.2,26.2,26.2,300,0
2013-10-15,17:00:00,26.46,26.46,26.3,26.4,3500,0
2013-10-15,18:00:00,26.3,26.43,26.3,26.43,2400,0
2013-10-15,19:00:00,26.29,26.4,26.27,26.28,15040,0
2013-10-15,20:00:00,26.35,26.35,26.34,26.34,400,0
2013-10-15,22:00:00,26.24,26.26,26.24,26.26,290,0
2013-10-16,16:00:00,26.42,26.42,26.26,26.36,1700,0
2013-10-16,19:00:00,26.25,26.34,26.2,26.23,22945,0
2013-10-16,22:00:00,26.24,26.24,26.24,26.24,200,0
2013-10-17,16:00:00,26.51,26.51,26.27,26.39,4800,0
2013-10-17,18:00:00,26.22,26.3,26.06,26.06,14720,0
2013-10-17,19:00:00,26.13,26.17,26.09,26.11,5200,0
2013-10-17,20:00:00,26.12,26.15,26.05,26.05,1300,0
2013-10-17,21:00:00,26.14,26.21,26.14,26.15,10200,0
2013-10-17,22:00:00,26.1,26.15,25.93,25.93,30100,0
2013-10-18,16:00:00,26.24,26.25,26.2,26.2,300,0
2013-10-18,17:00:00,26.28,26.34,26.23,26.28,10550,0
2013-10-18,21:00:00,26.25,26.35,26.25,26.32,3210,0
2013-10-18,22:00:00,26.27,26.39,26.27,26.28,400,0
2013-10-21,17:00:00,26.25,26.38,26.25,26.36,7070,0
2013-10-21,18:00:00,26.33,26.38,26.33,26.37,3000,0
2013-10-21,19:00:00,26.36,26.36,26.36,26.36,100,0
2013-10-21,22:00:00,26.41,26.45,26.2,26.2,24900,0
2013-10-22,16:00:00,26.27,26.35,26.27,26.35,400,0
2013-10-22,17:00:00,26.34,26.39,26.34,26.39,200,0
2013-10-22,19:00:00,26.39,26.39,26.35,26.35,300,0
2013-10-22,21:00:00,26.37,26.43,26.37,26.42,300,0
2013-10-22,22:00:00,26.36,26.36,26.33,26.33,200,0
2013-10-23,17:00:00,26.38,26.38,26.38,26.38,100,0
2013-10-23,21:00:00,26.51,26.51,26.46,26.47,900,0
2013-10-23,22:00:00,26.47,26.48,26.34,26.37,2500,0
2013-10-24,17:00:00,26.45,26.45,26.28,26.31,1700,0
2013-10-24,18:00:00,26.28,26.41,26.28,26.37,2000,0
2013-10-24,19:00:00,26.38,26.39,26.31,26.38,1400,0
2013-10-24,20:00:00,26.38,26.38,26.33,26.34,1300,0
2013-10-24,22:00:00,26.32,26.35,26.32,26.35,300,0
2013-10-25,17:00:00,26.45,26.45,26.31,26.38,4700,0
2013-10-25,18:00:00,26.32,26.38,26.32,26.38,300,0
2013-10-25,19:00:00,26.43,26.45,26.36,26.42,800,0
2013-10-25,20:00:00,26.39,26.44,26.36,26.42,4200,0
2013-10-25,21:00:00,26.39,26.43,26.37,26.39,6210,0
2013-10-25,22:00:00,26.4,26.4,26.26,26.26,1810,0
2013-10-28,15:00:00,26.31,26.42,26.31,26.42,2700,0
2013-10-28,16:00:00,26.43,26.57,26.4,26.55,18700,0
2013-10-28,17:00:00,26.55,26.57,26.52,26.54,2500,0
2013-10-28,18:00:00,26.54,26.55,26.48,26.5,3500,0
2013-10-28,19:00:00,26.47,26.57,26.47,26.55,6600,0
2013-10-28,20:00:00,26.55,26.58,26.52,26.52,11100,0
2013-10-28,21:00:00,26.5,26.52,26.49,26.5,1300,0
2013-10-29,15:00:00,26.47,26.68,26.47,26.55,1254,0
2013-10-29,18:00:00,26.63,26.63,26.63,26.63,100,0
2013-10-29,19:00:00,26.54,26.54,26.54,26.54,200,0
2013-10-29,21:00:00,26.48,26.48,26.29,26.29,200,0
2013-10-31,15:00:00,25.0,26.47,25.0,26.47,3927,0
2013-10-31,18:00:00,26.6,26.6,26.6,26.6,100,0
2013-10-31,19:00:00,26.74,26.74,26.74,26.74,100,0
2013-11-04,19:00:00,26.74,26.75,26.7,26.75,1200,0
2013-11-05,20:00:00,26.9,26.9,26.76,26.76,3220,0
2013-11-05,22:00:00,26.74,26.74,26.45,26.45,300,0
2013-11-08,21:00:00,27.34,27.34,27.31,27.33,400,0
2013-11-08,22:00:00,27.35,27.35,27.29,27.29,300,0
2013-11-11,19:00:00,27.36,27.36,27.36,27.36,100,0
2013-11-12,21:00:00,27.53,27.53,27.41,27.44,26200,0
2013-11-12,22:00:00,27.44,27.44,27.36,27.41,10388,0
2013-11-13,17:00:00,27.56,27.56,27.43,27.45,1800,0
2013-11-13,18:00:00,27.48,27.48,27.48,27.48,118,0
2013-11-13,19:00:00,27.55,27.55,27.42,27.43,3300,0
2013-11-13,20:00:00,27.39,27.42,27.3,27.39,3300,0
2013-11-13,22:00:00,27.37,27.48,27.28,27.28,13040,0
2013-11-14,18:00:00,27.45,27.55,27.44,27.47,4520,0
2013-11-15,19:00:00,27.46,27.46,27.37,27.39,4300,0
2013-11-15,20:00:00,27.44,27.44,27.4,27.42,8300,0
2013-11-15,21:00:00,27.44,27.44,27.37,27.37,3211,0
2013-11-15,22:00:00,27.44,27.44,27.43,27.43,200,0
2013-11-18,17:00:00,27.58,27.66,27.58,27.59,7400,0
2013-11-18,18:00:00,27.61,27.75,27.6,27.65,15700,0
2013-11-18,19:00:00,27.63,27.69,27.63,27.65,4300,0
2013-11-18,21:00:00,27.65,27.75,27.63,27.74,15594,0
2013-11-18,22:00:00,27.72,27.79,27.65,27.65,5218,0
2013-11-19,17:00:00,27.59,27.59,27.47,27.51,7100,0
2013-11-19,18:00:00,27.48,27.48,27.48,27.48,100,0
2013-11-19,20:00:00,27.55,27.55,27.55,27.55,200,0
2013-11-19,21:00:00,27.48,27.54,27.48,27.52,16200,0
2013-11-19,22:00:00,27.48,27.55,27.46,27.47,20400,0
2013-11-20,18:00:00,27.53,27.57,27.46,27.57,10300,0
2013-11-20,19:00:00,27.51,27.55,27.44,27.46,12000,0
2013-11-20,20:00:00,27.46,27.5,27.46,27.46,1300,0
2013-11-20,21:00:00,27.43,27.57,27.38,27.52,2400,0
2013-11-20,22:00:00,27.55,27.55,27.46,27.46,1217,0
2013-11-21,16:00:00,27.68,27.69,27.68,27.69,900,0
2013-11-21,17:00:00,27.7,27.71,27.69,27.69,600,0
2013-11-22,16:00:00,27.32,27.32,27.32,27.32,100,0
2013-11-22,19:00:00,27.55,27.55,27.55,27.55,1000,0
2013-11-22,22:00:00,27.59,27.63,27.53,27.59,13140,0
2013-11-25,18:00:00,27.52,27.66,27.52,27.63,2180,0
2013-11-25,19:00:00,27.63,27.65,27.58,27.63,8200,0
2013-11-25,22:00:00,27.63,27.67,27.44,27.44,27699,0
2013-11-26,20:00:00,27.38,27.4,27.31,27.33,8100,0
2013-11-26,21:00:00,27.34,27.39,27.31,27.35,15300,0
2013-11-26,22:00:00,27.31,27.41,27.28,27.28,12400,0
2013-11-27,16:00:00,27.61,27.61,27.56,27.56,200,0
2013-11-27,18:00:00,27.63,27.65,27.63,27.65,2500,0
2013-11-27,19:00:00,27.64,27.64,27.64,27.64,100,0
2013-11-27,20:00:00,27.65,27.65,27.6,27.62,2700,0
2013-11-27,21:00:00,27.62,27.62,27.57,27.57,400,0
2013-11-27,22:00:00,27.62,27.63,27.44,27.44,7800,0
2013-11-29,17:00:00,27.58,27.58,27.46,27.54,3600,0
2013-11-29,19:00:00,27.5,27.52,27.43,27.43,3000,0
2013-12-02,17:00:00,27.53,27.63,27.48,27.6,6600,0
2013-12-02,19:00:00,27.58,27.59,27.47,27.5,6400,0
2013-12-02,20:00:00,27.52,27.52,27.52,27.52,100,0
2013-12-02,22:00:00,27.49,27.49,27.49,27.49,100,0
2013-12-04,17:00:00,27.57,27.57,27.53,27.57,500,0
2013-12-05,17:00:00,27.54,27.54,27.38,27.4,3800,0
2013-12-05,18:00:00,27.44,27.44,27.44,27.44,110,0
2013-12-05,19:00:00,27.35,27.35,27.35,27.35,300,0
2013-12-05,20:00:00,27.22,27.22,27.22,27.22,100,0
2013-12-05,21:00:00,27.3,27.33,27.27,27.28,600,0
2013-12-05,22:00:00,27.29,27.39,27.26,27.39,600,0
2013-12-06,17:00:00,27.52,27.52,27.52,27.52,400,0
2013-12-06,21:00:00,27.62,27.62,27.48,27.48,1300,0
2013-12-09,19:00:00,27.44,27.47,27.44,27.47,2700,0
2013-12-11,17:00:00,27.45,27.49,27.45,27.48,2200,0
2013-12-11,18:00:00,27.6,27.6,27.6,27.6,300,0
2013-12-11,19:00:00,27.48,27.63,27.47,27.51,2900,0
2013-12-11,20:00:00,27.52,27.52,27.5,27.5,400,0
2013-12-11,22:00:00,27.58,27.58,27.5,27.53,1000,0
2013-12-12,17:00:00,27.69,27.69,27.53,27.53,5300,0
2013-12-12,18:00:00,27.55,27.55,27.38,27.42,8109,0
2013-12-12,19:00:00,27.49,27.52,27.4,27.41,3280,0
2013-12-12,20:00:00,27.59,27.59,27.59,27.59,200,0
2013-12-13,16:00:00,27.68,27.68,27.53,27.55,18700,0
2013-12-13,17:00:00,27.6,27.63,27.58,27.58,1700,0
2013-12-13,18:00:00,27.57,27.63,27.5,27.55,22665,0
2013-12-13,20:00:00,27.55,27.63,27.54,27.58,17600,0
2013-12-13,21:00:00,27.6,27.6,27.6,27.6,100,0
2013-12-13,22:00:00,27.6,27.63,27.6,27.63,1100,0
2013-12-16,16:00:00,27.58,27.58,27.58,27.58,200,0
2013-12-16,17:00:00,27.6,27.6,27.58,27.58,300,0
2013-12-16,18:00:00,27.6,27.61,27.56,27.57,1600,0
2013-12-16,19:00:00,27.58,27.58,27.58,27.58,600,0
2013-12-16,21:00:00,27.55,27.55,27.55,27.55,165,0
2013-12-16,22:00:00,27.51,27.54,27.49,27.53,2600,0
2013-12-17,16:00:00,27.65,27.65,27.65,27.65,100,0
2013-12-17,18:00:00,27.45,27.55,27.45,27.53,4800,0
2013-12-17,19:00:00,27.53,27.53,27.53,27.53,100,0
2013-12-17,20:00:00,27.5,27.5,27.46,27.46,3003,0
2013-12-17,22:00:00,27.47,27.47,27.32,27.32,500,0
2013-12-18,17:00:00,27.63,27.63,27.43,27.49,5300,0
2013-12-18,21:00:00,27.52,27.52,27.47,27.49,1900,0
2013-12-18,22:00:00,27.4,27.54,27.4,27.54,701,0
2013-12-19,17:00:00,27.72,27.72,27.57,27.6,1600,0
2013-12-19,18:00:00,27.64,27.64,27.5,27.55,1409,0
2013-12-19,21:00:00,27.53,27.53,27.53,27.53,362,0
2013-12-19,22:00:00,27.5,27.5,27.45,27.45,400,0
2013-12-20,16:00:00,27.3,27.4,27.3,27.4,300,0
2013-12-20,17:00:00,27.45,27.47,27.45,27.47,200,0
2013-12-20,18:00:00,27.5,27.5,27.3,27.3,8400,0
2013-12-20,20:00:00,27.35,27.35,27.34,27.34,300,0
2013-12-20,22:00:00,27.29,27.29,27.29,27.29,100,0
2013-12-23,16:00:00,27.3,27.39,27.3,27.35,2300,0
2013-12-23,18:00:00,27.29,27.29,27.29,27.29,328,0
2013-12-26,16:00:00,27.64,27.64,27.46,27.55,2500,0
2013-12-26,17:00:00,27.5,27.5,27.37,27.43,7500,0
2013-12-26,18:00:00,27.37,27.37,27.37,27.37,200,0
2013-12-26,19:00:00,27.39,27.45,27.35,27.36,3390,0
2013-12-26,21:00:00,27.31,27.31,27.31,27.31,100,0
2013-12-26,22:00:00,27.33,27.33,27.33,27.33,100,0
2013-12-27,16:00:00,26.03,26.03,26.03,26.03,118,0
2013-12-27,18:00:00,27.6,27.6,27.6,27.6,300,0
2013-12-27,21:00:00,27.4,27.44,27.4,27.44,600,0
2013-12-30,17:00:00,27.6,27.6,27.6,27.6,275,0
2013-12-30,22:00:00,27.57,27.57,27.57,27.57,100,0
2013-12-31,17:00:00,27.56,27.56,27.56,27.56,700,0
2013-12-31,21:00:00,27.53,27.53,27.53,27.53,370,0
2014-01-02,21:00:00,27.71,27.71,27.67,27.67,1100,0
2014-01-06,19:00:00,27.65,27.67,27.64,27.64,832,0
2014-01-07,18:00:00,27.39,27.43,27.39,27.43,1849,0
2014-01-08,18:00:00,27.51,27.51,27.51,27.51,429,0
2014-01-10,18:00:00,27.65,27.69,27.64,27.64,1406,0
2014-01-10,19:00:00,27.64,27.64,27.61,27.61,400,0
2014-01-10,22:00:00,27.61,27.61,27.61,27.61,1312,0
2014-01-13,20:00:00,27.55,27.55,27.55,27.55,100,0
2014-01-13,21:00:00,27.55,27.55,27.55,27.55,200,0
2014-01-13,22:00:00,27.53,27.53,27.53,27.53,100,0
2014-01-14,19:00:00,27.52,27.52,27.52,27.52,3270,0
2014-01-15,17:00:00,27.51,27.51,27.44,27.46,1200,0
2014-01-15,19:00:00,27.42,27.48,27.42,27.44,14600,0
2014-01-15,22:00:00,27.37,27.41,27.33,27.33,3200,0
2014-01-16,17:00:00,27.28,27.28,27.28,27.28,100,0
2014-01-16,18:00:00,27.26,27.26,27.26,27.26,100,0
2014-01-16,19:00:00,27.21,27.25,27.21,27.22,4500,0
2014-01-16,20:00:00,27.22,27.22,27.22,27.22,200,0
2014-01-16,22:00:00,27.19,27.22,27.12,27.12,8050,0
2014-01-17,16:00:00,27.24,27.24,27.15,27.2,5700,0
2014-01-17,17:00:00,27.17,27.2,27.17,27.2,2900,0
2014-01-17,18:00:00,27.18,27.18,27.18,27.18,400,0
2014-01-17,19:00:00,27.17,27.19,27.17,27.18,3200,0
2014-01-17,22:00:00,27.17,27.19,27.16,27.16,2300,0
2014-01-21,18:00:00,27.16,27.17,27.12,27.15,16382,0
2014-01-21,19:00:00,27.15,27.15,27.12,27.12,1200,0
2014-01-21,20:00:00,27.12,27.12,27.12,27.12,100,0
2014-01-21,21:00:00,27.15,27.15,27.15,27.15,1158,0
2014-01-21,22:00:00,27.11,27.11,27.08,27.08,1000,0
2014-01-22,17:00:00,27.14,27.15,27.08,27.12,3800,0
2014-01-22,18:00:00,27.1,27.1,27.1,27.1,200,0
2014-01-22,21:00:00,27.1,27.11,27.1,27.11,300,0
2014-01-22,22:00:00,27.07,27.07,27.07,27.07,200,0
2014-01-23,16:00:00,27.05,27.1,27.04,27.09,2100,0
2014-01-23,17:00:00,27.08,27.13,27.06,27.06,9800,0
2014-01-23,18:00:00,27.03,27.03,27.0,27.0,2143,0
2014-01-23,20:00:00,27.02,27.02,27.02,27.02,100,0
2014-01-23,21:00:00,27.02,27.02,27.02,27.02,100,0
2014-01-23,22:00:00,27.0,27.0,27.0,27.0,100,0
2014-01-24,16:00:00,27.06,27.06,27.0,27.0,800,0
2014-01-24,17:00:00,27.0,27.0,27.0,27.0,100,0
2014-01-24,18:00:00,27.0,27.03,27.0,27.0,1575,0
2014-01-24,22:00:00,27.0,27.0,27.0,27.0,100,0
2014-01-27,17:00:00,27.2,27.2,27.2,27.2,1322,0
2014-01-27,18:00:00,27.14,27.14,27.14,27.14,150,0
2014-01-28,17:00:00,27.15,27.15,27.11,27.11,400,0
2014-01-28,19:00:00,27.14,27.14,27.13,27.13,400,0
2014-01-28,22:00:00,27.11,27.11,27.09,27.09,400,0
2014-01-30,16:00:00,27.0,27.0,27.0,27.0,1727,0
2014-01-30,22:00:00,26.85,26.85,26.85,26.85,179,0
2014-02-03,16:00:00,28.32,28.32,28.32,28.32,300,0
2014-02-03,17:00:00,26.87,26.87,26.59,26.59,2700,0
2014-02-04,22:00:00,26.67,26.67,26.67,26.67,600,0
2014-02-05,16:00:00,26.76,26.76,26.74,26.76,700,0
2014-02-05,20:00:00,26.76,26.76,26.75,26.75,945,0
2014-02-05,21:00:00,26.75,26.77,26.75,26.77,1415,0
2014-02-07,16:00:00,26.6,26.64,26.6,26.64,1701,0
2014-02-10,17:00:00,26.62,26.62,26.62,26.62,200,0
2014-02-11,16:00:00,26.56,26.56,26.56,26.56,200,0
2014-02-13,16:00:00,26.22,26.22,26.22,26.22,11200,0
2014-02-13,19:00:00,26.3,26.36,26.28,26.34,3100,0
2014-02-14,17:00:00,26.52,26.53,26.52,26.53,436,0
2014-02-18,18:00:00,26.27,26.27,26.27,26.27,183,0
2014-02-18,22:00:00,26.31,26.31,26.31,26.31,250,0
2014-02-20,17:00:00,26.43,26.43,26.43,26.43,314,0
2014-02-20,18:00:00,26.45,26.45,26.45,26.45,1000,0
2014-02-21,18:00:00,26.19,26.19,26.19,26.19,200,0
2014-02-21,20:00:00,26.24,26.24,26.24,26.24,1120,0
2014-02-24,18:00:00,26.35,26.35,26.35,26.35,400,0
2014-02-24,19:00:00,26.19,26.21,26.19,26.21,700,0
2014-02-24,21:00:00,26.2,26.2,26.2,26.2,352,0
2014-03-06,21:00:00,26.58,26.58,26.58,26.58,128,0
2014-03-12,20:00:00,26.58,26.58,26.58,26.58,500,0
2014-03-13,19:00:00,26.47,26.57,26.43,26.5,9446,0
2014-03-13,20:00:00,26.55,26.55,26.55,26.55,1000,0
2014-03-14,16:00:00,26.63,26.63,26.63,26.63,800,0
2014-03-17,17:00:00,26.45,26.55,26.45,26.49,2200,0
2014-03-17,21:00:00,26.55,26.55,26.55,26.55,700,0
2014-03-18,20:00:00,26.48,26.52,26.45,26.52,1300,0
2014-03-19,19:00:00,26.6,26.6,26.57,26.59,1000,0
2014-03-20,21:00:00,26.89,26.89,26.89,26.89,1338,0
2014-03-21,17:00:00,27.13,27.13,27.13,27.13,657,0
2014-03-21,21:00:00,27.17,27.17,27.12,27.12,1300,0
2014-03-24,20:00:00,27.21,27.21,27.21,27.21,1408,0
2014-03-24,21:00:00,27.47,27.47,27.47,27.47,1200,0
2014-03-25,20:00:00,27.39,27.39,27.39,27.39,250,0
2014-03-26,20:00:00,27.47,27.47,27.47,27.47,9,0
2014-03-28,17:00:00,27.48,27.48,27.48,27.48,800,0
2014-04-02,21:00:00,27.57,27.57,27.57,27.57,2600,0
2014-04-07,16:00:00,27.93,28.31,27.93,28.31,400,0
2014-04-07,17:00:00,28.17,28.46,28.17,28.46,4560,0
2014-04-08,17:00:00,28.46,28.46,28.46,28.46,300,0
2014-04-08,18:00:00,28.29,28.38,28.21,28.25,20700,0
2014-04-08,19:00:00,28.31,28.31,28.31,28.31,200,0
2014-04-08,20:00:00,28.24,28.36,28.23,28.28,11300,0
2014-04-08,22:00:00,28.31,28.31,28.2,28.25,6900,0
2014-04-09,16:00:00,28.21,28.27,28.16,28.25,4400,0
2014-04-09,17:00:00,28.27,28.27,28.27,28.27,204,0
2014-04-09,21:00:00,28.2,28.2,28.1,28.18,3700,0
2014-04-09,22:00:00,28.11,28.17,28.02,28.07,20450,0
2014-04-10,16:00:00,28.15,28.29,28.13,28.25,6400,0
2014-04-10,17:00:00,28.2,28.44,28.2,28.44,14900,0
2014-04-10,18:00:00,28.29,28.39,28.29,28.39,2500,0
2014-04-10,19:00:00,28.31,28.43,28.31,28.41,14800,0
2014-04-10,20:00:00,28.38,28.48,28.38,28.45,4500,0
2014-04-10,21:00:00,28.4,28.47,28.36,28.45,6400,0
2014-04-10,22:00:00,28.4,28.52,28.28,28.28,6500,0
2014-04-11,17:00:00,28.36,28.45,28.34,28.38,7982,0
2014-04-11,18:00:00,28.28,28.43,28.27,28.4,7450,0
2014-04-11,20:00:00,28.36,28.45,28.36,28.42,7000,0
2014-04-11,21:00:00,28.4,28.5,28.4,28.43,9011,0
2014-04-11,22:00:00,28.5,28.53,28.31,28.45,22748,0
2014-04-14,16:00:00,28.34,28.38,28.34,28.38,800,0
2014-04-14,17:00:00,28.39,28.68,28.29,28.32,39924,0
2014-04-14,18:00:00,28.37,28.37,28.33,28.33,2500,0
2014-04-14,19:00:00,28.37,28.46,28.37,28.44,4400,0
2014-04-14,20:00:00,28.43,28.51,28.43,28.5,9248,0
2014-04-14,21:00:00,28.47,28.58,28.47,28.51,2100,0
2014-04-14,22:00:00,28.49,28.55,28.42,28.47,21000,0
2014-04-15,17:00:00,28.42,28.55,28.42,28.51,3600,0
2014-04-15,18:00:00,28.46,28.53,28.46,28.53,2300,0
2014-04-15,19:00:00,28.5,28.73,28.5,28.57,9900,0
2014-04-15,20:00:00,28.53,28.55,28.46,28.51,12200,0
2014-04-15,21:00:00,28.45,28.47,28.4,28.46,7796,0
2014-04-15,22:00:00,28.45,28.54,28.37,28.46,17915,0
2014-04-16,21:00:00,28.34,28.34,28.34,28.34,103,0
2014-04-16,22:00:00,28.33,28.33,28.33,28.33,800,0
2014-04-17,16:00:00,28.18,28.2,28.18,28.2,200,0
2014-04-17,19:00:00,28.04,28.16,28.04,28.16,1400,0
2014-04-17,20:00:00,28.16,28.23,28.16,28.23,3312,0
2014-04-17,22:00:00,28.18,28.24,28.15,28.16,11054,0
2014-04-21,17:00:00,28.16,28.3,28.16,28.21,3900,0
2014-04-21,18:00:00,28.19,28.21,28.19,28.21,700,0
2014-04-21,20:00:00,28.16,28.16,28.16,28.16,400,0
2014-04-21,22:00:00,28.01,28.08,28.01,28.06,1435,0
2014-04-22,16:00:00,28.02,28.04,28.02,28.04,2300,0
2014-04-22,17:00:00,28.25,28.25,28.1,28.1,6300,0
2014-04-22,22:00:00,28.01,28.01,28.01,28.01,1173,0
2014-04-23,16:00:00,27.89,28.1,27.89,28.1,1100,0
2014-04-23,17:00:00,28.15,28.15,28.15,28.15,100,0
2014-04-23,18:00:00,28.17,28.17,28.17,28.17,1500,0
2014-04-23,22:00:00,28.19,28.19,28.19,28.19,100,0
2014-04-25,21:00:00,28.68,28.68,28.68,28.68,59200,0
2014-04-25,22:00:00,28.6,28.64,28.6,28.63,83300,0
2014-04-28,16:00:00,28.63,28.7,28.63,28.7,18600,0
2014-04-28,18:00:00,28.73,28.73,28.73,28.73,1300,0
2014-04-28,20:00:00,28.83,28.86,28.83,28.86,7900,0
2014-04-28,21:00:00,28.83,28.83,28.74,28.81,9540,0
2014-04-28,22:00:00,28.79,28.79,28.72,28.72,3700,0
2014-04-29,16:00:00,28.71,28.71,28.71,28.71,4300,0
2014-04-29,17:00:00,28.75,28.77,28.74,28.77,2800,0
2014-05-01,18:00:00,28.44,28.44,28.44,28.44,16224,0
2014-05-01,20:00:00,28.46,28.46,28.46,28.46,5900,0
2014-05-02,16:00:00,28.54,28.54,28.54,28.54,576,0
2014-05-02,17:00:00,28.5,28.5,28.5,28.5,545,0
2014-05-05,22:00:00,28.26,28.26,28.26,28.26,700,0
2014-05-06,18:00:00,28.41,28.41,28.41,28.41,3840,0
2014-05-06,22:00:00,28.44,28.45,28.42,28.45,3300,0
2014-05-07,20:00:00,28.94,28.94,28.92,28.92,500,0
2014-05-07,21:00:00,29.46,29.46,28.92,28.92,800,0
2014-05-07,22:00:00,28.92,28.93,28.88,28.88,800,0
2014-05-08,18:00:00,28.88,28.89,28.79,28.89,7729,0
2014-05-12,18:00:00,28.82,28.82,28.78,28.78,480,0
2014-05-12,19:00:00,28.86,28.9,28.85,28.9,924,0
2014-05-12,20:00:00,28.91,28.91,28.82,28.83,3200,0
2014-05-13,17:00:00,28.87,28.87,28.71,28.78,1500,0
2014-05-13,18:00:00,28.72,28.85,28.72,28.79,3300,0
2014-05-13,21:00:00,28.91,28.91,28.91,28.91,100,0
2014-05-14,16:00:00,29.05,29.05,29.04,29.04,600,0
2014-05-14,21:00:00,28.93,28.93,28.93,28.93,300,0
2014-05-15,21:00:00,28.99,28.99,28.99,28.99,133,0
2014-05-19,16:00:00,29.45,29.45,28.86,28.86,1156,0
2014-05-19,17:00:00,28.8,28.8,28.75,28.75,1200,0
2014-05-19,19:00:00,28.73,28.73,28.73,28.73,900,0
2014-05-19,20:00:00,28.8,28.8,28.73,28.73,1000,0
2014-05-19,21:00:00,28.8,28.81,28.77,28.8,5368,0
2014-05-19,22:00:00,28.81,28.81,28.79,28.79,1648,0
2014-05-20,16:00:00,28.83,28.83,28.83,28.83,100,0
2014-05-20,18:00:00,28.8,28.8,28.73,28.77,600,0
2014-05-20,19:00:00,28.76,28.76,28.76,28.76,200,0
2014-05-20,21:00:00,28.83,28.83,28.83,28.83,1212,0
2014-05-21,18:00:00,28.77,28.77,28.77,28.77,2400,0
2014-05-21,22:00:00,28.81,28.81,28.72,28.81,1379,0
2014-05-23,17:00:00,28.71,28.71,28.71,28.71,376,0
2014-05-23,19:00:00,28.65,28.66,28.65,28.66,200,0
2014-05-23,22:00:00,28.6,28.61,28.53,28.53,1370,0
2014-05-27,17:00:00,28.53,28.53,28.5,28.5,1500,0
2014-05-27,18:00:00,28.5,28.5,28.5,28.5,400,0
2014-05-27,21:00:00,28.49,28.49,28.43,28.44,600,0
2014-05-27,22:00:00,28.45,28.49,28.45,28.46,1500,0
2014-05-28,16:00:00,28.51,28.6,28.51,28.6,654,0
2014-05-28,18:00:00,28.54,28.54,28.54,28.54,100,0
2014-05-29,19:00:00,28.55,28.55,28.55,28.55,1800,0
2014-05-29,22:00:00,28.57,28.57,28.55,28.55,610,0
2014-05-30,19:00:00,28.69,28.69,28.69,28.69,200,0
2014-05-30,20:00:00,28.72,28.72,28.72,28.72,100,0
2014-06-03,16:00:00,28.73,28.73,28.73,28.73,1242,0
2014-06-03,21:00:00,28.88,28.88,28.88,28.88,1342,0
2014-06-05,21:00:00,28.6,28.66,28.6,28.66,450,0
2014-06-06,22:00:00,28.56,28.56,28.56,28.56,200,0
2014-06-09,20:00:00,28.73,28.73,28.73,28.73,200,0
2014-06-09,21:00:00,28.75,28.75,28.75,28.75,1200,0
2014-06-10,16:00:00,28.76,28.76,28.73,28.76,872,0
2014-06-10,18:00:00,28.84,28.84,28.52,28.52,321,0
2014-06-10,20:00:00,28.83,28.86,28.83,28.85,2298,0
2014-06-11,16:00:00,28.82,28.82,28.81,28.81,1700,0
2014-06-11,19:00:00,28.75,28.75,28.75,28.75,1000,0
2014-06-11,22:00:00,28.74,28.74,28.74,28.74,500,0
2014-06-13,18:00:00,28.69,28.69,28.69,28.69,834,0
2014-06-13,21:00:00,28.63,28.63,28.62,28.62,478,0
2014-06-16,16:00:00,29.0,29.0,29.0,29.0,234,0
2014-06-16,17:00:00,28.45,28.45,28.45,28.45,123,0
2014-06-16,18:00:00,28.49,28.51,28.42,28.51,3519,0
2014-06-17,16:00:00,28.45,28.45,28.45,28.45,105,0
2014-06-17,17:00:00,28.42,28.45,28.42,28.45,300,0
2014-06-17,18:00:00,28.46,28.46,28.45,28.45,200,0
2014-06-17,19:00:00,28.43,28.44,28.42,28.42,300,0
2014-06-17,20:00:00,28.42,28.42,28.42,28.42,687,0
2014-06-17,22:00:00,28.43,28.43,28.43,28.43,585,0
2014-06-18,16:00:00,28.45,28.48,28.45,28.47,300,0
2014-06-18,17:00:00,28.46,28.57,28.46,28.54,600,0
2014-06-18,18:00:00,28.56,28.56,28.54,28.54,3869,0
2014-06-18,19:00:00,28.54,28.56,28.54,28.54,700,0
2014-06-18,21:00:00,28.39,28.39,28.39,28.39,500,0
2014-06-19,19:00:00,28.39,28.39,28.38,28.38,600,0
2014-06-19,20:00:00,28.38,28.38,28.38,28.38,1000,0
2014-06-23,18:00:00,28.43,28.43,28.43,28.43,801,0
2014-06-23,19:00:00,28.34,28.34,28.34,28.34,200,0
2014-06-23,21:00:00,28.31,28.31,28.31,28.31,100,0
2014-06-24,17:00:00,28.23,28.23,28.23,28.23,200,0
2014-06-24,21:00:00,28.24,28.33,28.24,28.33,1400,0
2014-06-25,18:00:00,28.32,28.32,28.32,28.32,156,0
2014-06-27,17:00:00,28.26,28.26,28.26,28.26,210,0
2014-06-30,20:00:00,28.13,28.19,28.13,28.19,1600,0
2014-07-01,17:00:00,28.21,28.21,28.21,28.21,418,0
2014-07-01,18:00:00,28.23,28.23,28.23,28.23,214,0
2014-07-01,19:00:00,28.18,28.21,28.18,28.2,7882,0
2014-07-02,16:00:00,28.2,28.2,28.2,28.2,291,0
2014-07-02,18:00:00,28.23,28.23,28.23,28.23,2,0
2014-07-02,19:00:00,28.18,28.22,28.13,28.21,1402,0
2014-07-02,20:00:00,28.21,28.21,28.21,28.21,200,0
2014-07-02,22:00:00,28.21,28.21,28.21,28.21,150,0
2014-07-08,19:00:00,28.49,28.49,28.49,28.49,200,0
2014-07-08,22:00:00,28.49,28.49,28.49,28.49,200,0
2014-07-09,18:00:00,28.47,28.5,28.47,28.5,400,0
2014-07-09,22:00:00,28.5,28.5,28.5,28.5,100,0
2014-07-11,17:00:00,28.56,28.62,28.56,28.62,400,0
2014-07-11,19:00:00,28.56,28.56,28.56,28.56,100,0
2014-07-11,22:00:00,28.56,28.56,28.56,28.56,100,0
2014-07-15,18:00:00,28.72,28.72,28.72,28.72,4500,0
2014-07-15,21:00:00,28.78,28.78,28.78,28.78,1900,0
2014-07-15,22:00:00,28.78,28.78,28.78,28.78,900,0
2014-07-16,18:00:00,28.81,28.81,28.81,28.81,246,0
2014-07-16,21:00:00,28.81,28.81,28.81,28.81,1129,0
2014-07-16,22:00:00,28.81,28.81,28.81,28.81,1000,0
2014-07-17,18:00:00,28.9,29.48,28.9,28.96,1627,0
2014-07-17,22:00:00,28.96,28.96,28.96,28.96,350,0
2014-07-18,21:00:00,28.81,28.81,28.81,28.81,298,0
2014-07-21,20:00:00,28.86,28.86,28.86,28.86,403,0
2014-07-21,22:00:00,28.86,28.86,28.86,28.86,403,0
2014-07-23,21:00:00,28.77,28.77,28.77,28.77,832,0
2014-07-23,22:00:00,28.77,28.77,28.77,28.77,316,0
2014-07-24,21:00:00,28.65,28.65,28.65,28.65,1200,0
2014-07-28,18:00:00,28.7,28.7,28.7,28.7,900,0
2014-07-28,19:00:00,28.67,28.67,28.67,28.67,500,0
2014-07-28,22:00:00,28.67,28.67,28.67,28.67,250,0
2014-07-29,19:00:00,28.49,28.49,28.49,28.49,500,0
2014-07-29,22:00:00,28.49,28.49,28.49,28.49,500,0
2014-07-30,17:00:00,28.33,28.33,28.29,28.29,424,0
2014-07-30,22:00:00,28.29,28.29,28.29,28.29,224,0
2014-07-31,21:00:00,28.36,28.36,28.36,28.36,400,0
2014-08-04,16:00:00,28.41,28.57,28.41,28.55,2190,0
2014-08-04,19:00:00,28.46,28.46,28.46,28.46,960,0
2014-08-07,17:00:00,28.2,28.2,28.2,28.2,550,0
2014-08-07,18:00:00,28.21,28.21,28.21,28.21,217,0
2014-08-07,22:00:00,28.24,28.24,28.24,28.24,275,0
2014-08-08,21:00:00,28.19,28.19,28.17,28.17,474,0
2014-08-11,18:00:00,28.12,28.12,28.12,28.12,649,0
2014-08-11,19:00:00,28.18,28.18,28.18,28.18,318,0
2014-08-12,17:00:00,28.16,28.16,28.15,28.15,326,0
2014-08-12,21:00:00,28.21,28.21,28.21,28.21,133,0
2014-08-12,22:00:00,28.23,28.23,28.23,28.23,1025,0
2014-08-14,20:00:00,28.2,28.2,28.2,28.2,350,0
2014-08-14,22:00:00,28.3,28.3,28.3,28.3,657,0
2014-08-18,19:00:00,28.08,28.08,28.08,28.08,897,0
2014-08-18,20:00:00,28.06,28.06,28.06,28.06,556,0
2014-08-18,22:00:00,28.1,28.1,28.1,28.1,225,0
2014-08-19,18:00:00,28.14,28.14,28.14,28.14,2655,0
2014-08-21,17:00:00,28.2,28.2,28.2,28.2,783,0
2014-08-25,16:00:00,28.2,28.2,28.2,28.2,600,0
2014-08-25,18:00:00,28.19,28.29,28.19,28.29,1222,0
2014-08-25,22:00:00,28.22,28.22,28.22,28.22,400,0
2014-08-26,19:00:00,28.13,28.13,28.1,28.1,200,0
2014-08-26,20:00:00,28.08,28.12,28.08,28.12,1100,0
2014-08-27,18:00:00,28.14,28.14,28.14,28.14,2100,0
2014-08-29,18:00:00,28.15,28.15,28.15,28.15,200,0
2014-09-02,17:00:00,28.14,28.14,28.14,28.14,2500,0
2014-09-02,18:00:00,28.13,28.14,28.13,28.14,3001,0
2014-09-02,21:00:00,28.15,28.15,28.15,28.15,808,0
2014-09-02,22:00:00,28.15,28.15,28.15,28.15,2500,0
2014-09-03,16:00:00,28.25,28.25,28.25,28.25,1500,0
2014-09-03,18:00:00,28.16,28.16,28.16,28.16,950,0
2014-09-03,22:00:00,28.15,28.15,28.15,28.15,149,0
2014-09-04,17:00:00,28.18,28.18,28.18,28.18,225,0
2014-09-04,18:00:00,28.15,28.15,28.15,28.15,1020,0
2014-09-08,18:00:00,27.99,27.99,27.99,27.99,224,0
2014-09-09,18:00:00,28.03,28.03,28.03,28.03,355,0
2014-09-09,19:00:00,28.04,28.04,28.04,28.04,1200,0
2014-09-10,21:00:00,28.01,28.01,28.01,28.01,200,0
2014-09-11,21:00:00,28.09,28.09,28.09,28.09,1300,0
2014-09-15,18:00:00,28.36,28.36,28.36,28.36,1500,0
2014-09-16,21:00:00,28.35,28.35,28.35,28.35,706,0
2014-09-17,18:00:00,28.31,28.31,28.3,28.3,3000,0
2014-09-17,19:00:00,28.3,28.3,28.3,28.3,1500,0
2014-09-17,20:00:00,28.3,28.31,28.3,28.31,2600,0
2014-09-17,22:00:00,28.3,28.32,28.3,28.32,2180,0
2014-09-19,16:00:00,28.54,28.54,28.34,28.34,832,0
2014-09-19,22:00:00,28.24,28.24,28.24,28.24,100,0
2014-09-23,21:00:00,28.18,28.18,28.18,28.18,550,0
2014-09-29,21:00:00,27.95,27.95,27.94,27.94,444,0
2014-09-30,20:00:00,27.84,27.87,27.82,27.86,3800,0
2014-10-01,19:00:00,27.96,27.96,27.95,27.95,428,0
2014-10-01,22:00:00,27.83,27.83,27.83,27.83,1050,0
2014-10-02,18:00:00,27.85,27.85,27.85,27.85,200,0
2014-10-03,21:00:00,27.74,27.74,27.73,27.73,2160,0
2014-10-06,21:00:00,27.77,27.77,27.77,27.77,685,0
2014-10-07,16:00:00,27.84,27.84,27.84,27.84,200,0
2014-10-07,18:00:00,27.79,27.79,27.79,27.79,200,0
2014-10-08,20:00:00,27.67,27.67,27.67,27.67,2080,0
2014-10-09,16:00:00,27.7,27.7,27.7,27.7,100,0
2014-10-09,17:00:00,27.67,27.67,27.67,27.67,440,0
2014-10-09,18:00:00,27.51,27.51,27.51,27.51,3500,0
2014-10-10,16:00:00,27.64,27.64,27.64,27.64,200,0
2014-10-10,19:00:00,27.62,27.62,27.62,27.62,972,0
2014-10-10,22:00:00,27.7,27.7,27.7,27.7,110,0
2014-10-13,19:00:00,27.69,27.69,27.69,27.69,200,0
2014-10-14,20:00:00,27.8,27.8,27.8,27.8,462,0
2014-10-21,22:00:00,27.34,27.36,27.34,27.36,331,0
2014-10-27,15:00:00,27.18,27.18,27.18,27.18,600,0
2014-10-28,19:00:00,27.21,27.21,27.2,27.2,1200,0
2014-10-29,17:00:00,27.28,27.28,27.28,27.28,754,0
2014-10-29,21:00:00,27.22,27.22,27.22,27.22,1000,0
2014-11-03,17:00:00,27.29,27.29,27.29,27.29,280,0
2014-11-03,20:00:00,27.18,27.18,27.16,27.16,846,0
2014-11-03,22:00:00,27.1,27.11,27.1,27.11,700,0
2014-11-05,19:00:00,27.29,27.29,27.29,27.29,127,0
2014-11-06,19:00:00,27.15,27.15,27.15,27.15,296,0
2014-11-07,20:00:00,27.09,27.09,27.09,27.09,144,0
2014-11-10,16:00:00,27.07,27.07,26.49,26.49,300,0
2014-11-12,21:00:00,27.03,27.03,27.03,27.03,110,0
2014-11-13,16:00:00,26.94,26.94,26.94,26.94,100,0
2014-11-13,17:00:00,26.95,26.95,26.95,26.95,800,0
2014-11-13,18:00:00,26.99,26.99,26.99,26.99,750,0
2014-11-14,18:00:00,27.06,27.06,27.06,27.06,149,0
2014-11-17,22:00:00,27.26,27.26,27.26,27.26,253,0
2014-11-21,17:00:00,27.25,27.25,27.25,27.25,256,0
2014-11-24,21:00:00,27.24,27.24,27.24,27.24,300,0
2014-11-25,21:00:00,27.22,27.22,27.22,27.22,338,0
2014-12-03,20:00:00,27.22,27.22,27.22,27.22,100,0
2014-12-05,21:00:00,27.18,27.18,27.18,27.18,106,0
2014-12-08,18:00:00,27.1,27.1,27.1,27.1,200,0
2014-12-15,18:00:00,26.9,26.9,26.63,26.63,1664,0
2014-12-15,20:00:00,27.0,27.0,27.0,27.0,1180,0
2014-12-26,21:00:00,27.04,27.05,27.04,27.05,400,0
2014-12-29,20:00:00,27.12,27.12,27.12,27.12,200,0
2015-01-02,17:00:00,27.0,27.0,27.0,27.0,157,0
2015-01-02,19:00:00,27.0,27.0,27.0,27.0,610,0
2015-01-05,18:00:00,26.9,26.9,26.9,26.9,200,0
2015-01-05,19:00:00,27.27,27.27,27.19,27.19,800,0
2015-01-06,18:00:00,26.52,27.26,26.52,27.26,1572,0
2015-01-06,19:00:00,26.88,27.01,26.88,27.01,600,0
2015-01-09,19:00:00,26.53,26.53,26.53,26.53,200,0
2015-01-12,21:00:00,26.37,26.37,26.37,26.37,500,0
2015-01-14,18:00:00,25.93,25.93,25.93,25.93,400,0
2015-01-14,19:00:00,25.9,25.95,25.85,25.9,2182,0
2015-01-14,20:00:00,25.85,25.85,25.74,25.74,4101,0
2015-01-14,21:00:00,25.78,25.82,25.74,25.8,5534,0
2015-01-14,22:00:00,25.75,25.75,25.75,25.75,1100,0
2015-01-15,20:00:00,26.0,26.07,25.87,25.87,1309,0
2015-01-15,21:00:00,25.85,26.18,25.16,25.16,13455,0
2015-01-16,16:00:00,25.73,25.83,25.73,25.83,1600,0
2015-01-16,18:00:00,25.5,25.57,25.5,25.57,1600,0
2015-01-16,22:00:00,25.58,25.58,25.53,25.53,1675,0
2015-01-22,18:00:00,24.89,24.89,24.89,24.89,229,0
2015-01-22,19:00:00,24.88,24.88,24.83,24.84,4736,0
2015-01-22,21:00:00,25.53,25.66,25.53,25.66,1300,0
2015-01-26,17:00:00,25.27,25.69,24.77,25.69,11000,0
2015-01-27,16:00:00,25.33,25.7,25.3,25.57,25838,0
2015-01-27,17:00:00,25.54,25.55,25.54,25.55,800,0
2015-01-27,21:00:00,25.55,25.55,25.48,25.55,400,0
2015-01-27,22:00:00,25.55,25.96,25.55,25.95,13000,0
2015-01-28,18:00:00,25.95,25.95,25.95,25.95,3400,0
2015-01-28,22:00:00,26.4,26.4,26.4,26.4,600,0
2015-01-29,16:00:00,26.0,26.55,25.99,26.35,25300,0
2015-01-29,17:00:00,26.43,26.58,26.43,26.51,22300,0
2015-01-29,18:00:00,26.59,26.59,26.59,26.59,400,0
2015-01-30,16:00:00,25.59,25.8,25.57,25.7,2500,0
2015-01-30,17:00:00,25.61,25.61,25.61,25.61,1300,0
2015-01-30,18:00:00,25.88,25.88,25.88,25.88,500,0
2015-01-30,19:00:00,25.54,25.54,25.54,25.54,1075,0
2015-01-30,20:00:00,25.7,25.7,25.7,25.7,500,0
2015-01-30,22:00:00,25.67,25.67,25.67,25.67,600,0
2015-02-02,16:00:00,25.29,26.15,25.29,26.05,51950,0
2015-02-02,17:00:00,26.05,26.06,25.96,25.96,33000,0
2015-02-02,21:00:00,26.03,26.03,26.03,26.03,100,0
2015-02-02,22:00:00,26.03,26.03,25.87,25.87,300,0
2015-02-03,16:00:00,25.65,26.1,25.65,25.95,22850,0
2015-02-03,17:00:00,26.12,26.12,26.03,26.03,3000,0
2015-02-03,18:00:00,26.12,26.5,26.12,26.35,5900,0
2015-02-03,20:00:00,26.34,26.34,26.34,26.34,500,0
2015-02-04,16:00:00,26.33,26.36,26.18,26.3,1500,0
2015-02-04,17:00:00,26.34,26.52,26.26,26.26,1416,0
2015-02-04,19:00:00,26.46,26.53,26.46,26.51,1000,0
2015-02-04,20:00:00,26.52,26.56,25.88,26.56,14200,0
2015-02-04,21:00:00,26.61,26.61,26.61,26.61,193,0
2015-02-04,22:00:00,26.21,26.21,26.1,26.1,2100,0
2015-02-05,16:00:00,25.7,26.09,25.7,26.05,400,0
2015-02-05,17:00:00,26.13,26.13,26.05,26.1,1400,0
2015-02-05,22:00:00,25.96,25.96,25.96,25.96,200,0
2015-02-06,17:00:00,26.06,26.1,26.05,26.1,2900,0
2015-02-06,18:00:00,26.36,26.38,26.3,26.3,3300,0
2015-02-09,18:00:00,26.95,26.95,26.45,26.65,3522,0
2015-02-09,19:00:00,26.5,26.8,26.5,26.67,2400,0
2015-02-09,20:00:00,26.66,26.79,26.55,26.59,2000,0
2015-02-10,16:00:00,26.16,26.65,26.16,26.65,500,0
2015-02-10,22:00:00,26.68,26.68,26.63,26.63,900,0
2015-02-11,18:00:00,26.01,26.3,26.01,26.3,1100,0
2015-02-12,16:00:00,26.34,26.34,26.3,26.32,3700,0
2015-02-12,17:00:00,26.6,26.65,26.6,26.62,3900,0
2015-02-12,18:00:00,26.62,26.69,26.62,26.69,200,0
2015-02-12,19:00:00,26.74,26.75,26.23,26.55,627,0
2015-02-13,16:00:00,26.1,26.43,26.1,26.43,4100,0
2015-02-13,18:00:00,26.5,26.65,26.5,26.61,1100,0
2015-02-13,20:00:00,26.08,26.08,26.08,26.08,110,0
2015-02-17,16:00:00,26.13,26.19,26.13,26.19,300,0
2015-02-17,17:00:00,26.78,26.87,26.47,26.87,700,0
2015-02-17,18:00:00,26.87,26.87,26.87,26.87,200,0
2015-02-17,19:00:00,26.91,26.93,26.85,26.85,800,0
2015-02-17,20:00:00,26.93,26.93,26.93,26.93,239,0
2015-02-17,22:00:00,27.3,27.3,27.3,27.3,100,0
2015-02-18,20:00:00,27.2,27.2,27.2,27.2,300,0
2015-02-19,16:00:00,26.1,26.1,26.1,26.1,750,0
2015-02-19,21:00:00,26.5,27.26,26.5,26.66,6350,0
2015-02-19,22:00:00,26.61,26.61,26.5,26.6,2800,0
2015-02-20,18:00:00,26.79,26.79,26.79,26.79,220,0
2015-02-23,18:00:00,26.26,26.26,26.26,26.26,300,0
2015-02-23,19:00:00,26.48,26.48,26.29,26.32,2500,0
2015-02-23,20:00:00,26.32,26.5,26.32,26.4,900,0
2015-02-23,22:00:00,26.36,26.36,26.36,26.36,600,0
2015-02-24,22:00:00,26.36,26.36,26.36,26.36,14900,0
2015-02-26,17:00:00,26.33,26.39,26.32,26.39,1200,0
2015-02-26,18:00:00,26.4,26.42,26.34,26.34,1000,0
2015-02-26,21:00:00,26.36,26.36,26.36,26.36,240,0
2015-02-26,22:00:00,26.66,26.66,26.66,26.66,300,0
2015-02-27,17:00:00,26.2,26.2,26.2,26.2,100,0
2015-02-27,18:00:00,26.3,26.63,26.27,26.44,2100,0
2015-02-27,19:00:00,26.44,26.88,26.44,26.62,5000,0
2015-02-27,20:00:00,26.67,26.78,26.61,26.61,1000,0
2015-03-02,16:00:00,26.05,26.34,26.05,26.27,700,0
2015-03-02,18:00:00,26.22,26.22,26.22,26.22,1,0
2015-03-02,22:00:00,26.45,26.45,26.45,26.45,300,0
2015-03-03,17:00:00,26.97,26.97,26.96,26.96,200,0
2015-03-03,18:00:00,26.7,26.8,26.7,26.8,1030,0
2015-03-03,19:00:00,27.2,27.2,27.2,27.2,100,0
2015-03-03,20:00:00,27.18,27.18,27.18,27.18,200,0
2015-03-04,17:00:00,27.17,27.17,27.17,27.17,100,0
2015-03-05,16:00:00,27.17,27.17,27.17,27.17,100,0
2015-03-05,18:00:00,27.15,27.15,26.3,27.15,800,0
2015-03-05,21:00:00,26.4,26.58,26.1905,26.1905,3100,0
2015-03-05,22:00:00,26.2,26.2,26.09,26.09,1000,0
2015-03-06,16:00:00,26.29,26.29,26.29,26.29,100,0
2015-03-06,17:00:00,26.39,26.39,26.16,26.16,1604,0
2015-03-09,18:00:00,25.72,25.72,25.72,25.72,200,0
2015-03-09,21:00:00,26.18,26.18,26.18,26.18,200,0
2015-03-10,15:00:00,26.35,26.35,26.2205,26.2205,800,0
2015-03-10,16:00:00,26.19,26.3,25.9,25.95,1300,0
2015-03-10,21:00:00,26.1,26.1,25.6799,25.6799,700,0
2015-03-11,15:00:00,25.75,25.8,25.74,25.74,1100,0
2015-03-11,17:00:00,25.38,25.38,25.38,25.38,500,0
2015-03-12,15:00:00,25.85,25.85,25.61,25.69,1200,0
2015-03-12,16:00:00,25.74,25.74,25.67,25.71,1400,0
2015-03-13,15:00:00,25.68,25.68,25.67,25.67,500,0
2015-03-13,17:00:00,25.65,25.65,25.54,25.58,2300,0
2015-03-13,18:00:00,25.65,25.65,25.65,25.65,600,0
2015-03-16,15:00:00,25.6,25.6,25.6,25.6,446,0
2015-03-17,20:00:00,25.22,25.22,25.22,25.22,296,0
2015-03-17,21:00:00,25.56,25.56,25.242,25.242,200,0
2015-03-26,16:00:00,25.541,25.541,25.54,25.54,300,0
2015-04-07,18:00:00,25.53,25.53,25.51,25.51,1000,0
2015-04-08,16:00:00,25.7,25.7,25.7,25.7,100,0
2015-04-08,18:00:00,25.34,25.34,25.34,25.34,100,0
2015-04-14,17:00:00,25.69,25.7,25.69,25.7,3649,0
2015-04-14,18:00:00,25.65,25.65,25.65,25.65,100,0
2015-04-14,21:00:00,25.65,25.65,25.65,25.65,1,0
2015-04-15,16:00:00,25.7799,25.78,25.7799,25.78,950,0
2015-04-15,21:00:00,25.78,25.78,25.78,25.78,1,0
2015-04-15,22:00:00,25.82,25.82,25.82,25.82,200,0
2015-04-16,16:00:00,25.9501,25.9501,25.95,25.95,800,0
2015-04-16,18:00:00,25.95,25.95,25.95,25.95,1,0
2015-04-16,22:00:00,25.8,25.8,25.8,25.8,200,0
2015-04-17,22:00:00,25.71,25.711,25.71,25.71,400,0
2015-04-21,19:00:00,25.42,25.65,25.42,25.47,1136,0
2015-04-23,17:00:00,25.45,25.4563,25.45,25.4563,3300,0
2015-04-28,18:00:00,25.43,25.47,25.4201,25.47,700,0
2015-05-01,21:00:00,26.39,26.6,26.39,26.6,19721,0
2015-05-05,18:00:00,26.33,26.33,26.33,26.33,100,0
2015-05-11,16:00:00,25.97,25.97,25.97,25.97,100,0
2015-05-13,20:00:00,26.01,26.3301,26.01,26.17,7300,0
2015-05-18,18:00:00,26.25,26.25,26.25,26.25,3796,0
2015-05-18,19:00:00,25.97,25.98,25.97,25.98,300,0
2015-05-18,22:00:00,26.04,26.04,26.04,26.04,300,0
2015-05-19,19:00:00,25.7701,25.7701,25.7701,25.7701,350,0
2015-06-01,22:00:00,26.21,26.21,26.2,26.2,1236,0
2015-06-10,20:00:00,26.32,26.57,25.91,26.34,7454,0
2015-06-19,21:00:00,26.27,26.27,26.27,26.27,200,0
2015-06-30,17:00:00,25.87,26.0801,25.87,25.95,2900,0
2015-06-30,20:00:00,26,26,26,26,100,0
2015-07-01,17:00:00,25.711,25.712,25.711,25.712,200,0
2015-07-02,16:00:00,25.85,26.11,25.85,26.1,4700,0
2015-07-02,17:00:00,26.07,26.1,25.93,25.93,3910,0
2015-07-06,18:00:00,26,26,26,26,200,0
2015-07-13,18:00:00,25.36,25.4199,25.36,25.4199,1700,0
2015-07-13,19:00:00,25.35,25.58,25.35,25.58,400,0
2015-07-13,20:00:00,25.6,25.6,25.6,25.6,100,0
2015-07-14,18:00:00,25.7101,25.7201,25.7101,25.7201,1500,0
2015-07-15,17:00:00,25.4399,25.4399,25.3999,25.3999,1500,0
2015-07-16,17:00:00,25.45,25.45,25.45,25.45,100,0
2015-07-20,17:00:00,25.09,25.25,25.09,25.25,1800,0
2015-07-20,20:00:00,25.32,25.32,25.3101,25.3101,1600,0
2015-07-20,22:00:00,25.39,25.39,25.39,25.39,100,0
2015-07-21,16:00:00,25.1999,25.25,25.1999,25.25,2500,0
2015-07-21,18:00:00,25.25,25.255,25.2432,25.25,2090,0
2015-07-21,22:00:00,25.3,25.3,25.3,25.3,200,0
2015-07-22,16:00:00,25.4101,25.4101,25.3,25.3,2600,0
2015-07-22,18:00:00,25.25,25.26,25.25,25.26,200,0
2015-07-22,22:00:00,25.26,25.26,25.26,25.26,100,0
2015-07-23,17:00:00,25.52,25.52,25.5,25.5,15465,0
2015-07-23,21:00:00,25.39,25.39,25.39,25.39,100,0
2015-07-24,16:00:00,24.9999,25,24.9999,25,1000,0
2015-07-29,17:00:00,25.3001,25.301,25.3001,25.301,1100,0
2015-08-03,22:00:00,24.82,24.96,24.82,24.95,2180,0
2015-08-04,18:00:00,24.9462,24.9462,24.9462,24.9462,200,0
2015-08-05,19:00:00,24.85,25.22,24.85,25.0694,17200,0
2015-08-05,21:00:00,25.06,25.06,25.06,25.06,500,0
2015-08-06,21:00:00,25.15,25.36,25.15,25.29,5699,0
2015-08-06,22:00:00,25.43,25.4401,25.37,25.37,5700,0
