Date,Time,Open,High,Low,Close,Volume,OpenInt
2013-08-16,22:00:00,51.7,51.7,51.67,51.67,307,0
2013-08-19,17:00:00,52.07,52.07,52.07,52.07,200,0
2013-08-19,22:00:00,52.04,52.04,52.04,52.04,1000,0
2013-08-20,16:00:00,51.87,51.87,51.87,51.87,2200,0
2013-08-20,21:00:00,51.87,51.87,51.87,51.87,400,0
2013-08-21,22:00:00,51.78,51.78,51.78,51.78,200,0
2013-08-22,17:00:00,51.85,51.85,51.85,51.85,307,0
2013-08-27,16:00:00,52.99,52.99,52.99,52.99,102,0
2013-08-27,17:00:00,52.65,52.65,52.65,52.65,100,0
2013-09-10,18:00:00,51.46,51.46,51.46,51.46,990,0
2013-09-12,19:00:00,51.5,51.5,51.5,51.5,300,0
2013-09-13,17:00:00,51.5,51.5,51.5,51.5,400,0
2013-09-16,16:00:00,51.6,51.6,51.6,51.6,100,0
2013-09-16,20:00:00,51.42,51.42,51.25,51.32,2500,0
2013-09-16,21:00:00,51.27,51.32,51.2,51.2,4900,0
2013-09-16,22:00:00,51.2,51.37,51.15,51.15,8500,0
2013-09-17,16:00:00,51.43,51.43,51.23,51.23,2400,0
2013-09-17,17:00:00,51.2,51.21,51.18,51.18,500,0
2013-09-17,18:00:00,51.13,51.16,50.97,51.04,5100,0
2013-09-17,19:00:00,51.03,51.05,50.95,51.02,3500,0
2013-09-17,20:00:00,50.98,51.06,50.96,51.01,7200,0
2013-09-17,21:00:00,51.06,51.16,51.01,51.07,15000,0
2013-09-17,22:00:00,51.0,51.11,50.95,51.01,21900,0
2013-09-18,16:00:00,51.13,51.13,50.98,51.0,800,0
2013-09-18,17:00:00,51.05,51.13,50.98,51.12,14100,0
2013-09-18,18:00:00,51.18,51.18,51.18,51.18,100,0
2013-09-18,19:00:00,51.2,51.26,51.2,51.26,1800,0
2013-09-18,22:00:00,51.72,51.78,51.72,51.78,300,0
2013-09-19,18:00:00,51.98,51.98,51.98,51.98,100,0
2013-09-19,19:00:00,51.88,51.88,51.78,51.8,500,0
2013-09-19,20:00:00,51.9,51.9,51.75,51.75,700,0
2013-09-27,19:00:00,51.2,51.2,51.2,51.2,100,0
2013-09-30,22:00:00,50.92,50.92,50.92,50.92,100,0
2013-10-01,17:00:00,50.5,50.5,50.5,50.5,200,0
2013-10-01,20:00:00,50.49,50.49,50.38,50.45,2000,0
2013-10-02,19:00:00,50.94,50.94,50.83,50.86,700,0
2013-10-03,18:00:00,50.88,50.88,50.79,50.8,1300,0
2013-10-11,16:00:00,51.07,51.07,50.98,50.99,400,0
2013-10-11,18:00:00,51.02,51.02,51.02,51.02,100,0
2013-10-11,21:00:00,51.17,51.17,51.16,51.16,719,0
2013-10-14,19:00:00,51.4,51.4,51.3,51.34,500,0
2013-10-15,17:00:00,51.34,51.34,51.34,51.34,508,0
2013-10-15,22:00:00,51.24,51.24,51.15,51.19,2700,0
2013-10-17,18:00:00,51.43,51.43,51.28,51.28,1400,0
2013-10-18,19:00:00,51.42,51.42,51.32,51.32,500,0
2013-10-21,19:00:00,51.42,51.42,51.34,51.34,700,0
2013-10-22,21:00:00,51.35,51.35,51.35,51.35,1000,0
2013-10-23,21:00:00,50.95,50.95,50.95,50.95,750,0
2013-11-04,22:00:00,49.39,49.39,49.39,49.39,300,0
2013-11-06,20:00:00,49.59,49.59,49.58,49.58,1286,0
2013-11-11,22:00:00,49.65,49.65,49.56,49.56,1800,0
2013-11-12,16:00:00,49.69,49.69,49.63,49.68,1000,0
2013-11-12,18:00:00,49.62,49.63,49.59,49.6,1800,0
2013-11-12,21:00:00,49.39,49.39,49.39,49.39,100,0
2013-11-25,22:00:00,49.94,49.94,49.94,49.94,101,0
2013-11-27,16:00:00,49.69,49.72,49.55,49.72,2100,0
2013-11-29,16:00:00,49.98,50.11,49.98,49.99,9985,0
2013-11-29,17:00:00,50.06,50.27,50.06,50.27,20800,0
2013-11-29,18:00:00,50.33,50.46,50.26,50.37,21369,0
2013-11-29,19:00:00,50.36,51.0,50.34,50.5,91100,0
2013-11-29,20:00:00,50.89,50.89,50.89,50.89,82870,0
2013-12-02,16:00:00,50.47,50.47,50.23,50.33,11729,0
2013-12-02,17:00:00,50.62,50.62,50.62,50.62,1000,0
2013-12-02,18:00:00,50.49,50.49,50.49,50.49,3600,0
2013-12-02,22:00:00,50.36,50.36,50.35,50.35,5700,0
2013-12-03,16:00:00,50.02,50.02,49.91,49.91,4999,0
2013-12-03,17:00:00,50.17,50.21,50.17,50.21,3742,0
2013-12-04,19:00:00,50.38,50.39,50.3,50.34,8300,0
2013-12-04,22:00:00,50.22,50.27,50.19,50.19,400,0
2013-12-05,22:00:00,50.18,50.2,50.18,50.2,200,0
2013-12-06,22:00:00,50.42,50.42,50.42,50.42,1438,0
2013-12-09,22:00:00,50.7,50.7,50.7,50.7,696,0
2013-12-10,17:00:00,51.06,51.06,51.06,51.06,700,0
2013-12-10,22:00:00,50.76,50.76,50.69,50.69,3103,0
2013-12-16,20:00:00,50.83,50.83,50.83,50.83,100,0
2013-12-18,16:00:00,51.99,51.99,51.99,51.99,300,0
2013-12-20,16:00:00,51.03,51.03,51.03,51.03,148,0
2013-12-24,16:00:00,51.14,51.14,51.14,51.14,330,0
2013-12-26,18:00:00,51.17,51.17,51.17,51.17,390,0
2013-12-27,17:00:00,51.26,51.26,51.26,51.26,605,0
2013-12-27,21:00:00,51.1,51.1,51.1,51.1,100,0
2014-01-02,22:00:00,50.34,50.34,50.34,50.34,1700,0
2014-01-03,19:00:00,50.26,50.26,50.13,50.15,800,0
2014-01-08,18:00:00,49.78,49.78,49.78,49.78,523,0
2014-01-08,20:00:00,49.8,49.8,49.8,49.8,200,0
2014-01-10,17:00:00,49.51,49.51,49.51,49.51,300,0
2014-01-13,22:00:00,50.05,50.05,50.05,50.05,100,0
2014-01-16,16:00:00,50.43,50.43,50.43,50.43,300,0
2014-01-22,20:00:00,50.17,50.17,50.17,50.17,200,0
2014-01-27,17:00:00,50.43,50.43,50.43,50.43,101,0
2014-01-30,21:00:00,50.6,50.6,50.6,50.6,500,0
2014-02-04,17:00:00,51.14,51.14,51.14,51.14,200,0
2014-02-04,18:00:00,51.11,51.11,51.11,51.11,200,0
2014-02-12,20:00:00,51.63,51.63,51.63,51.63,200,0
2014-02-24,21:00:00,53.3,53.3,53.23,53.24,2400,0
2014-02-26,20:00:00,53.14,53.14,53.14,53.14,100,0
2014-02-28,18:00:00,53.03,53.03,53.03,53.03,200,0
2014-03-10,16:00:00,53.84,53.84,53.84,53.84,600,0
2014-03-17,17:00:00,53.44,53.47,53.42,53.45,1100,0
2014-03-19,16:00:00,53.15,53.15,53.15,53.15,100,0
2014-03-28,17:00:00,53.43,53.43,53.43,53.43,900,0
2014-04-16,19:00:00,54.43,54.43,54.43,54.43,460,0
2014-04-17,16:00:00,54.34,54.34,54.34,54.34,2700,0
2014-04-22,21:00:00,54.49,54.56,54.46,54.53,6300,0
2014-04-22,22:00:00,54.41,54.41,54.41,54.41,100,0
2014-04-23,16:00:00,54.61,54.61,54.51,54.52,2000,0
2014-04-23,17:00:00,54.54,54.6,54.5,54.55,2500,0
2014-04-23,18:00:00,54.53,54.53,54.53,54.53,100,0
2014-04-23,19:00:00,54.55,54.65,54.55,54.6,3100,0
2014-04-23,20:00:00,54.69,54.69,54.61,54.66,2400,0
2014-04-23,21:00:00,54.62,54.68,54.6,54.65,4400,0
2014-04-24,20:00:00,54.94,54.94,54.85,54.9,2300,0
2014-04-24,21:00:00,54.83,54.92,54.82,54.88,4300,0
2014-04-24,22:00:00,54.88,54.88,54.76,54.76,400,0
2014-04-25,21:00:00,54.81,54.81,54.81,54.81,300,0
2014-04-25,22:00:00,54.8,54.8,54.8,54.8,111,0
2014-04-28,18:00:00,54.73,54.73,54.6,54.68,5000,0
2014-04-28,19:00:00,54.58,54.69,54.55,54.69,4541,0
2014-04-28,20:00:00,54.63,54.69,54.59,54.6,4700,0
2014-04-28,21:00:00,54.67,54.71,54.64,54.67,3131,0
2014-04-28,22:00:00,54.72,54.72,54.72,54.72,100,0
2014-04-29,17:00:00,54.83,54.83,54.73,54.82,600,0
2014-04-29,18:00:00,54.75,54.86,54.75,54.83,3400,0
2014-04-29,19:00:00,54.8,54.96,54.8,54.9,3100,0
2014-04-29,21:00:00,54.98,54.98,54.98,54.98,6053,0
2014-04-29,22:00:00,55.07,55.07,55.07,55.07,298,0
2014-04-30,17:00:00,54.6,54.6,54.45,54.51,500,0
2014-04-30,18:00:00,54.54,54.68,54.54,54.65,4200,0
2014-04-30,19:00:00,54.63,54.65,54.63,54.64,1800,0
2014-04-30,22:00:00,54.68,54.72,54.64,54.7,3400,0
2014-05-01,17:00:00,54.27,54.27,54.14,54.18,1300,0
2014-05-01,18:00:00,54.15,54.23,54.15,54.21,2200,0
2014-05-01,19:00:00,54.24,54.26,54.21,54.21,800,0
2014-05-01,22:00:00,54.15,54.15,54.15,54.15,100,0
2014-05-02,21:00:00,54.43,54.43,54.37,54.38,1700,0
2014-05-02,22:00:00,54.4,54.4,54.4,54.4,470,0
2014-05-05,17:00:00,54.36,54.36,54.36,54.36,1503,0
2014-05-05,19:00:00,54.54,54.54,54.43,54.43,300,0
2014-05-05,20:00:00,54.4,54.42,54.38,54.4,1500,0
2014-05-07,21:00:00,54.49,54.49,54.49,54.49,22700,0
2014-05-07,22:00:00,54.41,54.46,54.41,54.46,41200,0
2014-05-08,19:00:00,54.31,54.31,54.31,54.31,6900,0
2014-05-08,20:00:00,54.28,54.28,54.27,54.27,6900,0
2014-05-12,20:00:00,54.18,54.18,54.07,54.15,5400,0
2014-05-12,21:00:00,54.1,54.17,54.09,54.15,3900,0
2014-05-12,22:00:00,54.11,54.15,54.1,54.11,4600,0
2014-05-13,17:00:00,54.28,54.28,54.21,54.27,2300,0
2014-05-13,18:00:00,54.2,54.26,54.1,54.19,3100,0
2014-05-13,19:00:00,54.14,54.17,54.14,54.14,1400,0
2014-05-13,20:00:00,54.16,54.17,54.09,54.09,1300,0
2014-05-14,17:00:00,54.26,54.27,54.18,54.26,3700,0
2014-05-14,18:00:00,54.22,54.27,54.22,54.25,2100,0
2014-05-14,19:00:00,54.23,54.28,54.23,54.26,2100,0
2014-05-15,19:00:00,54.08,54.08,54.0,54.03,1000,0
2014-05-15,20:00:00,53.92,53.97,53.92,53.97,300,0
2014-05-20,18:00:00,54.09,54.09,54.09,54.09,500,0
2014-05-20,22:00:00,54.05,54.05,53.96,53.97,700,0
2014-05-22,18:00:00,54.1,54.1,54.1,54.1,200,0
2014-05-23,19:00:00,54.04,54.04,53.92,53.93,648,0
2014-05-28,18:00:00,53.54,53.54,53.54,53.54,750,0
2014-05-30,21:00:00,53.28,53.28,53.28,53.28,373,0
2014-06-02,17:00:00,53.28,53.28,53.28,53.28,1000,0
2014-06-02,22:00:00,53.35,53.35,53.35,53.35,178,0
2014-06-03,19:00:00,53.14,53.14,53.07,53.07,1700,0
2014-06-03,21:00:00,53.09,53.13,53.09,53.12,800,0
2014-06-04,19:00:00,53.09,53.09,53.09,53.09,100,0
2014-06-05,19:00:00,53.07,53.07,53.05,53.05,422,0
2014-06-05,22:00:00,53.09,53.09,53.09,53.09,200,0
2014-06-10,21:00:00,53.14,53.17,53.14,53.17,1257,0
2014-06-12,20:00:00,53.4,53.4,53.4,53.4,181,0
2014-06-16,16:00:00,54.72,54.72,54.72,54.72,248,0
2014-06-16,18:00:00,53.75,53.8,53.73,53.77,3100,0
2014-06-16,20:00:00,53.65,53.65,53.65,53.65,200,0
2014-06-16,21:00:00,53.63,53.68,53.63,53.64,2000,0
2014-06-17,16:00:00,53.57,53.58,53.53,53.54,2600,0
2014-06-18,20:00:00,53.65,53.73,53.6,53.69,3400,0
2014-06-19,16:00:00,53.97,54.05,53.97,54.05,1100,0
2014-06-20,16:00:00,54.2,54.32,54.2,54.31,11700,0
2014-06-20,17:00:00,54.31,54.39,54.3,54.35,5300,0
2014-06-20,18:00:00,54.26,54.26,54.26,54.26,100,0
2014-06-23,22:00:00,54.28,54.28,54.28,54.28,100,0
2014-06-24,17:00:00,54.21,54.23,54.17,54.2,5400,0
2014-06-24,18:00:00,54.19,54.2,54.17,54.17,700,0
2014-06-24,19:00:00,54.23,54.28,54.22,54.23,3600,0
2014-06-24,20:00:00,54.25,54.26,54.25,54.26,400,0
2014-06-24,21:00:00,54.27,54.28,54.27,54.28,500,0
2014-06-24,22:00:00,54.28,54.3,54.28,54.3,900,0
2014-06-25,17:00:00,54.29,54.29,54.29,54.29,100,0
2014-06-26,16:00:00,54.29,54.29,54.24,54.24,200,0
2014-06-26,17:00:00,54.22,54.24,54.19,54.2,3100,0
2014-06-30,17:00:00,54.02,54.02,54.02,54.02,100,0
2014-07-01,17:00:00,53.59,53.59,53.59,53.59,200,0
2014-07-01,20:00:00,53.52,53.52,53.45,53.46,5000,0
2014-07-01,21:00:00,53.48,53.48,53.48,53.48,100,0
2014-07-01,22:00:00,53.51,53.51,53.51,53.51,200,0
2014-07-02,17:00:00,53.5,53.5,53.5,53.5,200,0
2014-07-02,22:00:00,53.5,53.5,53.5,53.5,100,0
2014-07-07,16:00:00,53.22,53.22,53.22,53.22,250,0
2014-07-07,17:00:00,53.01,53.01,53.01,53.01,1500,0
2014-07-08,21:00:00,52.93,52.93,52.93,52.93,100,0
2014-07-08,22:00:00,52.93,52.93,52.93,52.93,100,0
2014-07-09,17:00:00,52.88,52.88,52.88,52.88,200,0
2014-07-09,22:00:00,52.88,52.88,52.88,52.88,100,0
2014-07-10,17:00:00,52.6,52.6,52.54,52.54,2900,0
2014-07-10,18:00:00,52.49,52.49,52.45,52.46,13600,0
2014-07-10,19:00:00,52.45,52.47,52.42,52.42,8000,0
2014-07-10,20:00:00,52.42,52.44,52.42,52.43,5700,0
2014-07-10,22:00:00,52.43,52.43,52.43,52.43,200,0
2014-07-11,20:00:00,52.03,52.03,52.03,52.03,334,0
2014-07-11,22:00:00,52.03,52.03,52.03,52.03,334,0
2014-07-15,22:00:00,51.77,51.77,51.77,51.77,366,0
2014-07-17,17:00:00,51.99,51.99,51.99,51.99,297,0
2014-07-17,22:00:00,51.99,51.99,51.99,51.99,297,0
2014-07-18,16:00:00,51.91,51.91,51.91,51.91,190,0
2014-07-18,18:00:00,51.75,51.75,51.75,51.75,408,0
2014-07-18,20:00:00,51.71,51.71,51.71,51.71,222,0
2014-07-22,18:00:00,51.71,51.71,51.71,51.71,257,0
2014-07-22,19:00:00,51.75,51.75,51.75,51.75,175,0
2014-07-22,22:00:00,51.75,51.75,51.75,51.75,175,0
2014-07-23,18:00:00,51.6,51.65,51.6,51.65,1470,0
2014-07-23,19:00:00,51.65,51.67,51.65,51.65,1000,0
2014-07-25,16:00:00,51.64,51.64,51.64,51.64,105,0
2014-07-25,21:00:00,51.78,51.78,51.78,51.78,790,0
2014-07-25,22:00:00,51.82,51.92,51.82,51.92,7600,0
2014-07-28,17:00:00,51.94,51.94,51.76,51.92,515,0
2014-07-28,18:00:00,51.72,51.72,51.72,51.72,146,0
2014-07-28,19:00:00,51.85,51.85,51.85,51.85,171,0
2014-07-28,20:00:00,51.93,51.94,51.93,51.94,2084,0
2014-07-28,22:00:00,51.83,51.83,51.82,51.82,3300,0
2014-07-29,17:00:00,51.65,51.65,51.63,51.63,9536,0
2014-07-29,20:00:00,51.6,51.6,51.6,51.6,330,0
2014-07-29,21:00:00,51.46,51.52,51.46,51.52,1311,0
2014-07-29,22:00:00,51.76,51.76,51.76,51.76,22329,0
2014-07-30,16:00:00,51.71,51.71,51.49,51.49,2900,0
2014-07-30,17:00:00,51.49,51.59,51.49,51.59,1931,0
2014-07-30,21:00:00,51.62,51.62,51.62,51.62,400,0
2014-07-30,22:00:00,51.62,51.62,51.62,51.62,200,0
2014-07-31,17:00:00,51.57,51.57,51.57,51.57,100,0
2014-07-31,18:00:00,51.54,51.54,51.54,51.54,732,0
2014-08-01,17:00:00,51.46,51.46,51.46,51.46,400,0
2014-08-01,21:00:00,51.23,51.23,51.23,51.23,500,0
2014-08-01,22:00:00,51.16,51.16,51.16,51.16,253,0
2014-08-04,22:00:00,51.55,54.0,51.53,51.53,3192,0
2014-08-05,18:00:00,51.18,51.3,51.13,51.13,1560,0
2014-08-05,22:00:00,51.28,51.3,51.18,51.25,2345,0
2014-08-12,21:00:00,51.12,51.12,51.12,51.12,300,0
2014-08-13,22:00:00,50.71,50.93,50.71,50.93,1234,0
2014-08-14,22:00:00,50.62,50.63,50.62,50.63,1249,0
2014-08-15,22:00:00,50.72,50.72,50.72,50.72,140,0
2014-08-18,19:00:00,50.43,50.43,50.43,50.43,1188,0
2014-08-18,22:00:00,50.47,50.47,50.47,50.47,800,0
2014-08-19,20:00:00,50.4,50.4,50.4,50.4,200,0
2014-08-19,21:00:00,50.45,50.45,50.45,50.45,247,0
2014-08-19,22:00:00,50.5,50.5,50.45,50.45,1048,0
2014-08-20,21:00:00,50.54,50.54,50.54,50.54,638,0
2014-08-20,22:00:00,50.59,50.66,50.59,50.66,4777,0
2014-08-21,22:00:00,50.73,50.73,50.73,50.73,1494,0
2014-08-22,16:00:00,50.52,50.52,50.52,50.52,2200,0
2014-08-22,17:00:00,50.7,50.7,50.7,50.7,200,0
2014-08-22,21:00:00,50.72,50.72,50.72,50.72,340,0
2014-08-25,18:00:00,50.56,50.65,50.55,50.57,1200,0
2014-08-25,21:00:00,50.65,50.65,50.65,50.65,728,0
2014-08-26,16:00:00,50.87,50.87,50.87,50.87,100,0
2014-08-26,17:00:00,50.87,50.87,50.86,50.86,200,0
2014-08-26,18:00:00,50.84,50.84,50.81,50.81,200,0
2014-08-26,19:00:00,50.75,50.79,50.75,50.79,200,0
2014-08-26,20:00:00,50.85,50.85,50.82,50.82,493,0
2014-08-26,22:00:00,50.68,50.68,50.68,50.68,141,0
2014-08-27,22:00:00,50.92,50.92,50.92,50.92,1378,0
2014-08-28,22:00:00,51.05,51.1,51.05,51.1,4066,0
2014-08-29,17:00:00,51.13,51.13,51.13,51.13,1186,0
2014-08-29,22:00:00,51.21,51.32,51.17,51.32,3196,0
2014-09-02,17:00:00,51.07,51.07,51.07,51.07,700,0
2014-09-02,22:00:00,50.92,50.92,50.92,50.92,174,0
2014-09-03,17:00:00,50.75,50.75,50.75,50.75,500,0
2014-09-03,18:00:00,50.65,50.65,50.57,50.57,931,0
2014-09-03,21:00:00,50.84,50.84,50.7,50.77,1600,0
2014-09-04,17:00:00,50.94,50.94,50.79,50.79,1500,0
2014-09-04,21:00:00,50.65,50.65,50.65,50.65,378,0
2014-09-04,22:00:00,50.7,50.7,50.6,50.6,3202,0
2014-09-05,18:00:00,50.7,50.7,50.6,50.63,2000,0
2014-09-05,22:00:00,50.67,50.67,50.67,50.67,300,0
2014-09-08,16:00:00,51.0,51.0,50.6,50.6,1191,0
2014-09-10,18:00:00,50.03,50.03,50.03,50.03,400,0
2014-09-11,20:00:00,49.45,49.45,49.45,49.45,450,0
2014-09-12,18:00:00,49.36,49.36,49.36,49.36,378,0
2014-09-15,20:00:00,49.53,49.53,49.53,49.53,268,0
2014-09-15,22:00:00,49.5,49.5,49.46,49.46,810,0
2014-09-18,22:00:00,48.98,48.98,48.98,48.98,500,0
2014-09-19,22:00:00,48.55,48.55,48.55,48.55,791,0
2014-09-23,16:00:00,48.31,48.31,48.31,48.31,200,0
2014-09-23,22:00:00,48.41,48.5,48.41,48.5,9509,0
2014-09-24,17:00:00,48.58,48.58,48.58,48.58,200,0
2014-09-24,22:00:00,48.79,48.79,48.79,48.79,297,0
2014-09-25,22:00:00,48.61,48.61,48.61,48.61,944,0
2014-09-26,19:00:00,48.54,48.54,48.54,48.54,336,0
2014-09-29,21:00:00,48.95,48.95,48.95,48.95,735,0
2014-09-29,22:00:00,49.01,49.01,49.01,49.01,735,0
2014-10-01,16:00:00,48.46,48.46,48.46,48.46,200,0
2014-10-02,21:00:00,48.3,48.3,48.3,48.3,115,0
2014-10-02,22:00:00,48.26,48.26,48.26,48.26,164,0
2014-10-03,17:00:00,48.03,48.03,48.03,48.03,100,0
2014-10-03,21:00:00,47.94,47.94,47.94,47.94,186,0
2014-10-06,18:00:00,48.47,48.52,48.47,48.52,1000,0
2014-10-06,21:00:00,48.75,48.75,48.75,48.75,186,0
2014-10-07,17:00:00,48.75,48.8,48.75,48.8,404,0
2014-10-07,18:00:00,48.91,48.91,48.91,48.91,700,0
2014-10-07,22:00:00,48.8,48.8,48.8,48.8,174,0
2014-10-09,22:00:00,48.05,48.05,47.9,47.9,3738,0
2014-10-14,22:00:00,48.21,48.21,48.21,48.21,1118,0
2014-10-15,21:00:00,47.5,47.5,47.5,47.5,848,0
2014-10-20,22:00:00,47.41,47.41,47.41,47.41,982,0
2014-10-22,21:00:00,47.35,47.35,47.35,47.35,200,0
2014-10-22,22:00:00,47.31,47.31,47.31,47.31,348,0
2014-10-23,20:00:00,47.63,47.63,47.63,47.63,525,0
2014-10-27,21:00:00,47.53,47.53,47.53,47.53,333,0
2014-10-28,17:00:00,47.59,47.59,47.55,47.55,3273,0
2014-10-30,20:00:00,47.69,47.69,47.69,47.69,425,0
2014-10-30,21:00:00,47.73,47.73,47.73,47.73,325,0
2014-10-31,21:00:00,47.66,47.66,47.66,47.66,204,0
2014-11-03,21:00:00,47.56,47.56,47.56,47.56,228,0
2014-11-04,22:00:00,47.09,47.09,47.09,47.09,500,0
2014-11-05,22:00:00,47.1,47.1,47.1,47.1,375,0
2014-11-07,21:00:00,47.42,47.42,47.42,47.42,350,0
2014-11-10,22:00:00,46.97,46.97,46.97,46.97,840,0
2014-11-11,22:00:00,47.52,47.52,47.52,47.52,315,0
2014-11-17,16:00:00,47.22,47.22,47.22,47.22,300,0
2014-11-17,22:00:00,47.44,47.44,47.44,47.44,1367,0
2014-11-20,19:00:00,47.25,47.25,47.25,47.25,300,0
2014-11-20,22:00:00,47.63,47.64,47.63,47.64,224,0
2014-11-21,18:00:00,47.83,47.83,47.83,47.83,100,0
2014-11-21,22:00:00,47.83,47.83,47.83,47.83,200,0
2014-11-24,22:00:00,47.32,47.43,47.32,47.43,656,0
2014-11-25,17:00:00,47.44,47.44,47.44,47.44,200,0
2014-11-26,22:00:00,47.57,47.57,47.57,47.57,145,0
2014-11-28,16:00:00,46.57,46.57,46.57,46.57,200,0
2014-12-04,17:00:00,45.58,45.58,45.58,45.58,3200,0
2014-12-05,21:00:00,45.6,45.6,45.6,45.6,300,0
2014-12-05,22:00:00,45.58,45.58,45.58,45.58,121,0
2014-12-08,22:00:00,44.88,44.88,44.88,44.88,222,0
2014-12-10,17:00:00,45.24,45.24,45.24,45.24,2800,0
2014-12-10,21:00:00,42.1,44.84,42.1,44.84,1635,0
2014-12-10,22:00:00,45.03,45.03,45.03,45.03,670,0
2014-12-12,17:00:00,45.01,45.01,45.01,45.01,1000,0
2014-12-12,20:00:00,45.08,45.08,45.08,45.08,100,0
2014-12-15,16:00:00,45.42,45.42,45.42,45.42,384,0
2014-12-15,17:00:00,45.05,45.05,45.0,45.0,300,0
2014-12-15,18:00:00,44.92,44.92,44.9,44.9,300,0
2014-12-15,22:00:00,44.43,44.43,44.38,44.38,1263,0
2014-12-16,18:00:00,44.19,44.19,44.19,44.19,300,0
2014-12-16,22:00:00,44.01,44.01,44.01,44.01,616,0
2014-12-19,22:00:00,44.12,44.15,44.0,44.02,7920,0
2014-12-22,21:00:00,43.22,43.22,43.22,43.22,125,0
2014-12-22,22:00:00,43.23,43.23,43.12,43.12,529,0
2014-12-23,22:00:00,43.47,43.47,43.3,43.33,4355,0
2014-12-24,19:00:00,42.89,42.96,42.89,42.91,1526,0
2014-12-26,22:00:00,42.85,42.99,42.85,42.86,782,0
2014-12-29,17:00:00,43.09,43.09,43.09,43.09,466,0
2014-12-29,22:00:00,42.81,42.81,42.81,42.81,100,0
2014-12-30,19:00:00,42.98,42.98,42.98,42.98,120,0
2014-12-31,21:00:00,42.06,42.51,42.06,42.51,9209,0
2014-12-31,22:00:00,42.51,42.91,42.5,42.85,28000,0
2015-01-02,16:00:00,42.61,42.61,42.61,42.61,300,0
2015-01-02,17:00:00,42.38,42.38,41.0,41.0,3200,0
2015-01-02,21:00:00,42.52,42.52,42.33,42.33,1600,0
2015-01-06,21:00:00,42.54,42.54,42.51,42.51,788,0
2015-01-07,22:00:00,42.23,42.23,42.23,42.23,296,0
2015-01-08,22:00:00,42.44,42.44,42.22,42.26,4510,0
2015-01-09,22:00:00,42.32,42.32,42.32,42.32,165,0
2015-01-12,21:00:00,41.83,41.83,41.83,41.83,472,0
2015-01-12,22:00:00,41.7,41.7,41.7,41.7,381,0
2015-01-14,22:00:00,41.85,41.85,41.85,41.85,1228,0
2015-01-15,16:00:00,41.97,41.97,41.89,41.89,500,0
2015-01-15,17:00:00,41.9,41.91,41.63,41.63,143578,0
2015-01-15,18:00:00,41.45,41.45,41.43,41.44,400,0
2015-01-15,19:00:00,41.35,41.35,41.35,41.35,132,0
2015-01-15,20:00:00,41.0,41.01,41.0,41.01,1600,0
2015-01-15,21:00:00,41.0,41.01,40.84,40.84,4200,0
2015-01-15,22:00:00,40.8,40.83,40.63,40.63,6581,0
2015-01-16,16:00:00,40.8,40.8,40.75,40.77,3500,0
2015-01-16,17:00:00,40.75,40.98,40.75,40.98,37800,0
2015-01-16,18:00:00,40.95,40.97,40.95,40.97,9500,0
2015-01-16,19:00:00,41.0,41.21,40.95,40.98,21967,0
2015-01-16,20:00:00,41.12,41.13,41.12,41.13,2900,0
2015-01-16,22:00:00,41.24,41.24,41.24,41.24,325,0
2015-01-20,22:00:00,40.63,40.81,40.63,40.76,2532,0
2015-01-21,16:00:00,40.79,40.79,40.79,40.79,100,0
2015-01-21,22:00:00,40.81,40.99,40.81,40.99,842,0
2015-01-22,17:00:00,40.74,40.74,40.74,40.74,300,0
2015-01-22,22:00:00,40.67,40.83,38.11,40.83,16302,0
2015-01-23,22:00:00,40.6,40.6,40.42,40.56,2160,0
2015-01-26,16:00:00,40.49,40.49,40.49,40.49,100,0
2015-01-26,17:00:00,40.81,40.81,40.62,40.81,385,0
2015-01-26,20:00:00,40.46,40.81,40.46,40.61,300,0
2015-01-26,22:00:00,40.67,40.67,40.67,40.67,1390,0
2015-01-27,16:00:00,40.45,40.46,40.45,40.46,600,0
2015-01-27,19:00:00,40.78,40.78,40.63,40.63,425,0
2015-01-28,22:00:00,40.41,40.41,40.23,40.41,375,0
2015-01-29,18:00:00,39.77,39.77,39.77,39.77,372,0
2015-01-30,21:00:00,40.47,40.47,40.47,40.47,100,0
2015-01-30,22:00:00,40.64,40.65,40.52,40.65,836,0
2015-02-03,20:00:00,41.78,42.04,41.78,42.04,461,0
2015-02-04,16:00:00,41.55,41.55,41.37,41.37,300,0
2015-02-04,22:00:00,41.03,41.03,41.03,41.03,100,0
2015-02-05,22:00:00,41.35,41.35,41.35,41.35,343,0
2015-02-12,20:00:00,41.4,41.52,41.4,41.52,600,0
2015-02-13,22:00:00,41.95,42.09,41.95,42.09,813,0
2015-02-17,19:00:00,41.48,41.48,41.48,41.48,300,0
2015-02-17,22:00:00,41.91,41.91,41.91,41.91,121,0
2015-02-18,18:00:00,41.5,41.5,41.5,41.5,286,0
2015-02-18,22:00:00,41.55,41.55,41.55,41.55,1371,0
2015-02-19,22:00:00,41.38,41.38,41.38,41.38,500,0
2015-02-23,22:00:00,41.06,41.06,41.06,41.06,716,0
2015-02-24,16:00:00,40.81,40.81,40.81,40.81,325,0
2015-02-24,17:00:00,41.4,41.4,41.4,41.4,100,0
2015-02-24,18:00:00,41.34,41.34,41.27,41.27,2374,0
2015-02-25,17:00:00,41.2,41.2,41.2,41.2,1400,0
2015-02-25,22:00:00,41.59,41.6,41.55,41.55,703,0
2015-02-26,17:00:00,41.39,41.49,41.39,41.49,275,0
2015-02-26,18:00:00,41.42,41.42,41.42,41.42,1443,0
2015-02-26,21:00:00,41.37,41.37,41.37,41.37,532,0
2015-02-26,22:00:00,41.35,41.38,41.35,41.38,353,0
2015-02-27,16:00:00,41.62,41.62,41.53,41.53,708,0
2015-02-27,18:00:00,41.55,41.55,41.55,41.55,462,0
2015-02-27,19:00:00,41.65,41.75,41.65,41.75,703,0
2015-02-27,20:00:00,41.78,41.78,41.72,41.72,230,0
2015-02-27,22:00:00,41.74,41.74,41.73,41.73,450,0
2015-03-02,16:00:00,41.74,41.74,41.71,41.71,1596,0
2015-03-02,17:00:00,41.77,44,41.77,41.96,10687,0
2015-03-02,18:00:00,41.95,41.95,41.76,41.76,409,0
2015-03-02,19:00:00,41.67,42.92,41.67,42.92,10642,0
2015-03-02,20:00:00,41.97,41.97,41.51,41.52,341605,0
2015-03-02,21:00:00,41.45,41.56,41.4,41.5,11064,0
2015-03-02,22:00:00,41.53,41.53,41.47,41.47,460,0
2015-03-03,16:00:00,42.1,42.1,41.59,41.59,932,0
2015-03-03,18:00:00,41.43,41.44,41.43,41.44,13137,0
2015-03-03,20:00:00,41.5599,41.58,41.4392,41.4638,2785,0
2015-03-03,21:00:00,41.48,41.63,41.4292,41.56,1515,0
2015-03-03,22:00:00,41.59,41.6,41.463,41.463,722,0
2015-03-04,16:00:00,42.29,42.29,41.53,41.53,712,0
2015-03-04,18:00:00,41.281,41.3399,41.2754,41.2754,776,0
2015-03-04,19:00:00,41.42,41.42,41.42,41.42,210,0
2015-03-04,20:00:00,41.3977,41.3977,41.3977,41.3977,135,0
2015-03-04,21:00:00,41.3784,41.4558,41.3784,41.4558,417,0
2015-03-04,22:00:00,41.358,41.358,41.336,41.336,306,0
2015-03-05,18:00:00,41.4626,41.4626,41.4626,41.4626,143,0
2015-03-05,20:00:00,41.33,41.33,41.3,41.3,1143,0
2015-03-05,21:00:00,41.3054,41.36,41.2916,41.3154,504,0
2015-03-06,16:00:00,41.0754,41.0754,41.0754,41.0754,122,0
2015-03-06,19:00:00,41.0071,41.0071,41.0071,41.0071,136,0
2015-03-06,22:00:00,41.0099,41.0099,41.0099,41.0099,250,0
2015-03-09,16:00:00,40.95,40.95,40.95,40.95,1000,0
2015-03-09,18:00:00,40.8684,40.8684,40.8684,40.8684,256,0
2015-03-09,20:00:00,40.85,40.85,40.81,40.81,300,0
2015-03-09,21:00:00,40.815,40.82,40.81,40.81,1465,0
2015-03-10,15:00:00,40.45,40.52,40.41,40.52,1180,0
2015-03-10,16:00:00,40.5,40.52,40.4456,40.51,711,0
2015-03-10,17:00:00,40.5,40.5,40.45,40.45,500,0
2015-03-10,18:00:00,40.4,40.43,40.35,40.35,700,0
2015-03-10,19:00:00,40.4,40.41,40.1001,40.1001,641,0
2015-03-10,20:00:00,40.3699,40.3699,40.3699,40.3699,185,0
2015-03-10,21:00:00,40.3899,40.39,40.3254,40.3254,411,0
2015-03-11,15:00:00,40,40,40,40,400,0
2015-03-11,16:00:00,40.14,40.14,40.14,40.14,100,0
2015-03-11,17:00:00,40.1678,40.1678,40.164,40.164,288,0
2015-03-11,20:00:00,40.2401,40.2401,40.2401,40.2401,111,0
2015-03-12,18:00:00,40.2554,40.2554,40.2554,40.2554,119,0
2015-03-13,16:00:00,40.0171,40.0171,39.9571,39.9628,765,0
2015-03-13,20:00:00,39.78,39.78,39.78,39.78,1000,0
2015-03-13,21:00:00,39.74,39.74,39.69,39.72,1900,0
2015-03-16,16:00:00,39.4492,39.496,39.4492,39.4892,422,0
2015-03-16,18:00:00,39.4854,39.5499,39.4854,39.5499,240,0
2015-03-17,20:00:00,39.5499,39.5499,39.4191,39.51,507,0
2015-03-17,21:00:00,39.3701,39.3701,39.3701,39.3701,130,0
2015-03-18,20:00:00,40.109,40.109,40.109,40.109,115,0
2015-03-18,21:00:00,40.096,40.1616,40.096,40.1616,622,0
2015-03-19,16:00:00,39.8551,39.86,39.8551,39.86,309,0
2015-03-19,18:00:00,39.843,39.843,39.8216,39.8216,259,0
2015-03-19,19:00:00,39.754,39.754,39.676,39.676,314,0
2015-03-19,20:00:00,39.7824,39.7824,39.7824,39.7824,134,0
2015-03-20,15:00:00,40.4294,40.4294,40.4294,40.4294,201,0
2015-03-20,16:00:00,40.48,40.5228,40.4316,40.5228,412,0
2015-03-20,19:00:00,40.4301,40.5799,40.4301,40.5154,659,0
2015-03-23,16:00:00,40.7399,40.7399,40.58,40.58,400,0
2015-03-23,19:00:00,40.6899,40.6899,40.6216,40.6216,274,0
2015-03-23,20:00:00,40.7084,40.8199,40.7084,40.8199,241,0
2015-03-23,21:00:00,40.688,40.8984,40.688,40.8984,279,0
2015-03-24,15:00:00,40.68,40.68,40.68,40.68,100,0
2015-03-24,18:00:00,40.6516,40.6516,40.6516,40.6516,145,0
2015-03-24,20:00:00,40.5918,40.5918,40.5918,40.5918,106,0
2015-03-24,21:00:00,40.6899,40.6899,40.6899,40.6899,292,0
2015-03-25,16:00:00,40.8,40.8,40.62,40.62,636,0
2015-03-25,17:00:00,40.6882,40.6882,40.6882,40.6882,147,0
2015-03-25,18:00:00,40.6444,40.6444,40.6444,40.6444,120,0
2015-03-25,19:00:00,40.6576,40.6576,40.6576,40.6576,100,0
2015-03-25,21:00:00,40.7087,40.7087,40.619,40.619,616,0
2015-03-26,15:00:00,41.0883,41.0883,41.0883,41.0883,191,0
2015-03-26,16:00:00,41.0837,41.0837,41.0228,41.0228,926,0
2015-03-26,17:00:00,40.99,40.99,40.99,40.99,397,0
2015-03-26,18:00:00,41.0299,41.0299,41.0299,41.0299,101,0
2015-03-27,16:00:00,40.64,40.6783,40.64,40.6783,221,0
2015-03-27,17:00:00,40.6783,40.6783,40.6783,40.6783,30,0
2015-03-27,18:00:00,40.6783,40.6783,40.6783,40.6783,433,0
2015-03-27,19:00:00,40.562,40.562,40.562,40.562,295,0
2015-03-27,21:00:00,40.3792,40.3792,40.3792,40.3792,243,0
2015-03-30,16:00:00,40.38,40.38,40.38,40.38,477,0
2015-03-30,17:00:00,40.38,40.38,40.3237,40.3237,315,0
2015-03-30,19:00:00,40.3237,40.3237,40.3237,40.3237,335,0
2015-03-30,20:00:00,40.3237,40.3237,40.3237,40.3237,212,0
2015-03-30,21:00:00,40.3237,40.3237,40.3237,40.3237,34,0
2015-03-31,18:00:00,40.38,40.38,40.3154,40.3154,255,0
2015-03-31,19:00:00,40.21,40.21,40.2,40.2,1729,0
2015-03-31,20:00:00,40.2,40.2,40.0683,40.0776,393,0
2015-03-31,21:00:00,39.9646,39.9646,39.9646,39.9646,126,0
2015-03-31,22:00:00,39.9646,39.9646,39.9646,39.9646,110,0
2015-04-01,20:00:00,40.6243,40.6243,40.6243,40.6243,352,0
2015-04-01,21:00:00,40.6406,40.68,40.6344,40.6344,686,0
2015-04-01,22:00:00,40.6344,40.6344,40.6344,40.6344,62,0
2015-04-02,17:00:00,40.52,40.52,40.4554,40.4554,351,0
2015-04-02,18:00:00,40.3001,40.3001,40.3001,40.3001,200,0
2015-04-02,19:00:00,40.3001,40.3001,40.3001,40.3001,61,0
2015-04-02,20:00:00,40.3001,40.5,40.3001,40.4999,2174,0
2015-04-02,22:00:00,40.4999,40.4999,40.4999,40.4999,50,0
2015-04-06,17:00:00,40.97,40.97,40.9016,40.9016,308,0
2015-04-06,18:00:00,40.9016,40.9016,40.9016,40.9016,1,0
2015-04-06,19:00:00,40.9016,40.9016,40.9016,40.9016,205,0
2015-04-06,20:00:00,40.9016,40.917,40.9016,40.917,491,0
2015-04-06,21:00:00,40.917,41.03,40.917,41.03,188,0
2015-04-06,22:00:00,40.8732,40.8732,40.8732,40.8732,137,0
2015-04-07,16:00:00,40.88,40.88,40.88,40.88,191,0
2015-04-07,18:00:00,40.88,41.0699,40.88,41.0699,478,0
2015-04-07,20:00:00,41.0699,41.0699,40.9992,40.9992,813,0
2015-04-07,21:00:00,41.1,41.1,41.0506,41.0676,634,0
2015-04-07,22:00:00,41.0676,41.0676,41.0676,41.0676,40,0
2015-04-08,17:00:00,40.72,40.72,40.72,40.72,179,0
2015-04-08,18:00:00,40.72,40.72,40.4612,40.4612,1057,0
2015-04-08,19:00:00,40.4612,40.4612,40.4071,40.4071,294,0
2015-04-08,21:00:00,40.4071,40.4071,40.4071,40.4071,51,0
2015-04-08,22:00:00,40.301,40.3776,40.2718,40.2718,829,0
2015-04-09,17:00:00,40.3976,40.3976,40.3554,40.3554,772,0
2015-04-09,18:00:00,40.3554,40.3554,40.3554,40.3554,84,0
2015-04-09,19:00:00,40.3604,40.3604,40.3604,40.3604,380,0
2015-04-09,20:00:00,40.3604,40.37,40.3604,40.37,228,0
2015-04-09,21:00:00,40.37,40.37,40.37,40.37,71,0
2015-04-09,22:00:00,40.29,40.29,40.18,40.18,278,0
2015-04-10,17:00:00,40.544,40.544,40.5299,40.5299,920,0
2015-04-10,18:00:00,40.5299,40.5299,40.39,40.39,268,0
2015-04-10,19:00:00,40.39,40.39,40.39,40.39,412,0
2015-04-10,20:00:00,40.3242,40.45,40.3242,40.3832,670,0
2015-04-10,21:00:00,40.3832,40.3832,40.3832,40.3832,38,0
2015-04-10,22:00:00,40.3832,40.3832,40.3832,40.3832,42,0
2015-04-13,17:00:00,40.46,40.48,40.403,40.4154,1095,0
2015-04-13,18:00:00,40.4154,40.4154,40.4154,40.4154,199,0
2015-04-13,19:00:00,40.4154,40.4154,40.337,40.337,1307,0
2015-04-13,20:00:00,40.337,40.337,40.337,40.337,143,0
2015-04-13,21:00:00,40.337,40.337,40.337,40.337,93,0
2015-04-13,22:00:00,40.2342,40.2342,40.2342,40.2342,269,0
2015-04-14,17:00:00,40.38,40.45,40.3501,40.3501,1444,0
2015-04-14,18:00:00,40.3501,40.499,40.3501,40.499,458,0
2015-04-14,19:00:00,40.499,40.499,40.3691,40.3691,942,0
2015-04-14,20:00:00,40.3691,40.3691,40.3691,40.3691,273,0
2015-04-14,21:00:00,40.3691,40.47,40.3691,40.4699,457,0
2015-04-14,22:00:00,40.4699,40.4699,40.4285,40.45,558,0
2015-04-15,16:00:00,40.6,40.6,40.5999,40.5999,275,0
2015-04-15,17:00:00,40.5999,40.5999,40.5999,40.5999,112,0
2015-04-15,18:00:00,40.5999,40.5999,40.5999,40.5999,1,0
2015-04-15,19:00:00,40.5999,40.5999,40.5999,40.5999,214,0
2015-04-15,20:00:00,40.95,41.01,40.9454,40.9454,962,0
2015-04-15,21:00:00,41.05,41.0746,41.0499,41.0746,572,0
2015-04-15,22:00:00,41.0168,41.07,41.0081,41.0081,1919,0
2015-04-16,20:00:00,41.47,41.47,41.4192,41.4192,313,0
2015-04-16,21:00:00,41.4192,41.46,41.4192,41.445,477,0
2015-04-16,22:00:00,41.445,41.445,41.445,41.445,40,0
2015-04-17,17:00:00,41.4383,41.48,41.271,41.271,1304,0
2015-04-17,18:00:00,41.35,41.35,41.35,41.35,65,0
2015-04-17,19:00:00,41.1914,41.38,41.1901,41.33,671,0
2015-04-17,20:00:00,41.19,41.24,41.19,41.24,136,0
2015-04-17,21:00:00,41.25,41.29,41.25,41.29,482,0
2015-04-17,22:00:00,41.19,41.33,41.19,41.33,380,0
2015-04-20,16:00:00,41.64,41.64,40.97,41.01,408,0
2015-04-20,18:00:00,41.06,41.06,41.03,41.03,29,0
2015-04-20,19:00:00,41.04,41.04,40.9501,40.951,144,0
2015-04-20,20:00:00,40.9554,41.0599,40.9554,41.0599,116,0
2015-04-20,21:00:00,40.95,41.0199,40.93,41.0199,261,0
2015-04-20,22:00:00,40.8714,40.8714,40.871,40.871,104,0
2015-04-21,17:00:00,40.93,40.95,40.9082,40.95,704,0
2015-04-21,18:00:00,40.9154,40.949,40.9154,40.94,223,0
2015-04-21,19:00:00,41.0199,41.02,40.88,40.9499,297,0
2015-04-21,20:00:00,40.9599,40.9599,40.9599,40.9599,16,0
2015-04-21,21:00:00,40.761,40.8999,40.761,40.8024,120,0
2015-04-21,22:00:00,40.786,40.9299,40.786,40.9299,191,0
2015-04-22,17:00:00,40.93,40.93,40.84,40.84,200,0
2015-04-22,18:00:00,40.93,40.93,40.8692,40.8692,400,0
2015-04-22,22:00:00,40.87,40.87,40.87,40.87,100,0
2015-04-23,16:00:00,41.1,41.1,41.0982,41.0982,692,0
2015-04-23,17:00:00,41.112,41.16,41.0916,41.156,801,0
2015-04-23,18:00:00,41.27,41.27,41.1516,41.1516,414,0
2015-04-23,19:00:00,41.262,41.289,41.262,41.289,217,0
2015-04-24,16:00:00,41.26,41.26,41.2068,41.2068,240,0
2015-04-24,17:00:00,41.12,41.12,41.12,41.12,200,0
2015-04-27,17:00:00,43,43,41.2068,41.2068,658,0
2015-04-27,18:00:00,41.26,41.37,41.26,41.37,247,0
2015-04-27,20:00:00,41.2884,41.2884,41.2884,41.2884,104,0
2015-04-27,22:00:00,41.2227,41.2227,41.2227,41.2227,118,0
2015-04-28,16:00:00,41.76,41.76,41.33,41.33,400,0
2015-04-28,21:00:00,41.41,41.41,41.37,41.37,300,0
2015-04-28,22:00:00,41.2468,41.2468,41.23,41.23,250,0
2015-04-29,17:00:00,41.45,41.45,41.45,41.45,100,0
2015-04-29,18:00:00,41.589,41.589,41.5698,41.585,726,0
2015-04-29,19:00:00,41.55,41.684,41.55,41.55,1940,0
2015-04-29,21:00:00,41.5369,41.6544,41.5369,41.6395,536,0
2015-04-30,16:00:00,41.56,41.56,41.4954,41.4954,200,0
2015-04-30,17:00:00,41.6142,41.68,41.58,41.6154,737,0
2015-04-30,19:00:00,41.73,41.82,41.73,41.763,353,0
2015-04-30,20:00:00,41.726,41.726,41.726,41.726,602,0
2015-04-30,21:00:00,41.79,41.79,41.79,41.79,110,0
2015-05-01,18:00:00,41.5751,41.5751,41.5751,41.5751,142,0
2015-05-01,19:00:00,41.6,41.65,41.6,41.6016,1205,0
2015-05-01,21:00:00,41.763,41.85,41.763,41.8499,324,0
2015-05-01,22:00:00,41.7754,41.84,41.7754,41.84,250,0
2015-05-04,16:00:00,41.83,41.83,41.7592,41.7654,718,0
2015-05-04,17:00:00,41.6949,41.8109,41.6949,41.8109,659,0
2015-05-04,19:00:00,41.9,41.9,41.784,41.784,353,0
2015-05-05,17:00:00,42.28,42.28,42.28,42.28,100,0
2015-05-05,18:00:00,42.3182,42.36,42.3182,42.36,600,0
2015-05-05,19:00:00,42.37,42.37,42.3244,42.349,560,0
2015-05-05,20:00:00,42.2346,42.2346,42.2346,42.2346,100,0
2015-05-05,22:00:00,42.2013,42.2013,42.2013,42.2013,160,0
2015-05-06,21:00:00,42.2,42.21,42.1506,42.21,572,0
2015-05-07,16:00:00,42.0028,42.06,41.8928,41.8928,771,0
2015-05-07,17:00:00,41.97,41.97,41.82,41.82,678,0
2015-05-07,18:00:00,41.6772,41.6772,41.6772,41.6772,104,0
2015-05-07,19:00:00,41.6701,41.74,41.6701,41.74,275,0
2015-05-07,21:00:00,41.5201,41.5201,41.5201,41.5201,500,0
2015-05-07,22:00:00,41.634,41.634,41.5115,41.5115,919,0
2015-05-08,16:00:00,41.78,41.78,41.78,41.78,169,0
2015-05-11,17:00:00,41.88,41.88,41.88,41.88,100,0
2015-05-11,22:00:00,41.6744,41.7587,41.6744,41.7587,380,0
2015-05-12,18:00:00,42.3184,42.3184,42.3184,42.3184,134,0
2015-05-12,19:00:00,42.26,42.26,42.26,42.26,103,0
2015-05-13,16:00:00,42.3352,42.3612,42.3352,42.3612,334,0
2015-05-13,17:00:00,42.2501,42.2501,42.2501,42.2501,161,0
2015-05-13,20:00:00,42.3096,42.3899,42.3008,42.3899,428,0
2015-05-13,22:00:00,42.121,42.121,42.121,42.121,585,0
2015-05-14,16:00:00,42.4683,42.4683,42.4683,42.4683,210,0
2015-05-14,21:00:00,42.376,42.376,42.376,42.376,139,0
2015-05-15,16:00:00,42.1746,42.27,42.15,42.2054,1250,0
2015-05-15,17:00:00,42.3308,42.42,42.3308,42.3758,688,0
2015-05-15,19:00:00,42.357,42.357,42.3528,42.3528,230,0
2015-05-15,21:00:00,42.4576,42.4576,42.4576,42.4576,100,0
2015-05-18,16:00:00,42.36,42.36,42.36,42.36,100,0
2015-05-18,17:00:00,42.43,42.44,42.3654,42.3864,883,0
2015-05-18,19:00:00,42.3552,42.4212,42.3552,42.4212,210,0
2015-05-19,16:00:00,42.06,42.06,42.06,42.06,200,0
2015-05-19,19:00:00,41.554,41.6118,41.554,41.6118,222,0
2015-05-19,22:00:00,41.4658,41.4658,41.4658,41.4658,238,0
2015-05-20,16:00:00,41.64,41.64,41.5716,41.5716,260,0
2015-05-20,19:00:00,41.5284,41.5284,41.5284,41.5284,108,0
2015-05-20,20:00:00,41.4776,41.4776,41.4776,41.4776,108,0
2015-05-20,22:00:00,41.54,41.54,41.54,41.54,300,0
2015-05-21,17:00:00,41.7501,41.7501,41.7501,41.7501,118,0
2015-05-21,19:00:00,41.8799,41.8799,41.8584,41.8584,227,0
2015-05-22,17:00:00,41.49,41.49,41.4799,41.4799,200,0
2015-05-22,18:00:00,41.425,41.425,41.425,41.425,118,0
2015-05-22,21:00:00,41.3983,41.3983,41.3983,41.3983,152,0
2015-05-26,18:00:00,40.73,40.74,40.73,40.74,500,0
2015-05-26,20:00:00,40.63,40.63,40.63,40.63,110,0
2015-05-26,21:00:00,40.68,40.68,40.6192,40.6192,200,0
2015-05-27,16:00:00,40.41,40.41,40.41,40.41,100,0
2015-05-27,17:00:00,40.4992,40.6,40.47,40.4704,597,0
2015-05-27,18:00:00,40.3456,40.3456,40.3456,40.3456,548,0
2015-05-27,19:00:00,40.42,40.42,40.42,40.42,100,0
2015-05-28,16:00:00,40.23,40.23,40.1616,40.1616,200,0
2015-05-28,19:00:00,40.1884,40.28,40.1884,40.2192,510,0
2015-05-28,20:00:00,40.24,40.24,40.202,40.202,200,0
2015-05-28,21:00:00,40.24,40.24,40.24,40.24,1500,0
2015-05-28,22:00:00,40.29,40.29,40.2634,40.29,300,0
2015-05-29,16:00:00,40.36,40.3783,40.2992,40.3783,890,0
2015-05-29,17:00:00,40.37,40.37,40.3699,40.3699,650,0
2015-05-29,18:00:00,40.47,40.47,40.432,40.432,250,0
2015-05-29,21:00:00,40.61,40.61,40.56,40.56,400,0
2015-06-02,17:00:00,40.765,40.85,40.765,40.8107,386,0
2015-06-02,18:00:00,40.8203,40.8203,40.8203,40.8203,110,0
2015-06-02,20:00:00,40.983,40.983,40.983,40.983,114,0
2015-06-02,21:00:00,40.9474,40.9474,40.9474,40.9474,627,0
2015-06-02,22:00:00,40.9408,40.9408,40.9408,40.9408,248,0
2015-06-03,17:00:00,40.88,40.89,40.704,40.7371,1046,0
2015-06-03,18:00:00,40.7726,40.9,40.7726,40.9,715,0
2015-06-03,19:00:00,40.72,40.72,40.72,40.72,124,0
2015-06-03,20:00:00,40.5369,40.5369,40.5369,40.5369,119,0
2015-06-03,22:00:00,40.65,40.65,40.65,40.65,108,0
2015-06-04,16:00:00,40.2974,40.2974,40.2974,40.2974,139,0
2015-06-04,17:00:00,40.35,40.35,40.31,40.31,817,0
2015-06-04,18:00:00,40.2899,40.2899,40.2899,40.2899,104,0
2015-06-04,19:00:00,40.2326,40.2326,40.2326,40.2326,282,0
2015-06-04,20:00:00,40.28,40.28,40.223,40.223,584,0
2015-06-05,16:00:00,40.79,43.68,39.95,39.95,1715,0
2015-06-05,18:00:00,40.2708,40.2708,40.1226,40.1226,423,0
2015-06-05,19:00:00,40.07,40.1987,40.0017,40.0017,300,0
2015-06-05,22:00:00,40.3298,40.3298,40.3298,40.3298,265,0
2015-06-08,17:00:00,40.47,40.47,40.47,40.47,893,0
2015-06-08,21:00:00,40.517,40.529,40.517,40.529,244,0
2015-06-08,22:00:00,40.55,40.55,40.55,40.55,122,0
2015-06-09,16:00:00,41,42.55,41,41.029,1309,0
2015-06-09,17:00:00,41.04,41.04,41.04,41.04,100,0
2015-06-09,18:00:00,41.05,41.06,41.03,41.03,323,0
2015-06-09,19:00:00,41.0483,41.05,40.948,40.9853,885,0
2015-06-09,20:00:00,41.1,41.1,41.1,41.1,2000,0
2015-06-09,21:00:00,41.009,41.0293,41.009,41.0293,258,0
2015-06-09,22:00:00,41.03,41.03,41.03,41.03,100,0
2015-06-10,17:00:00,41.2439,41.2439,41.19,41.19,1013,0
2015-06-10,20:00:00,41.0512,41.0512,41.0512,41.0512,225,0
2015-06-10,21:00:00,41.18,41.18,41.1784,41.1784,1000,0
2015-06-11,17:00:00,40.9384,40.9384,40.9384,40.9384,121,0
2015-06-11,19:00:00,40.74,40.74,40.658,40.658,349,0
2015-06-11,21:00:00,40.7758,40.7758,40.7758,40.7758,123,0
2015-06-11,22:00:00,40.8,40.8,40.79,40.79,493,0
2015-06-12,17:00:00,40.65,40.65,40.5868,40.62,816,0
2015-06-12,18:00:00,40.62,40.62,40.5568,40.5568,292,0
2015-06-12,19:00:00,40.5152,40.5152,40.5152,40.5152,128,0
2015-06-12,20:00:00,40.58,40.58,40.58,40.58,200,0
2015-06-12,22:00:00,40.3759,40.45,40.3759,40.45,359,0
2015-06-15,16:00:00,40.1689,40.1689,40.1689,40.1689,185,0
2015-06-15,18:00:00,40.243,40.243,40.243,40.243,107,0
2015-06-15,20:00:00,40.1821,40.29,40.1821,40.2899,2190,0
2015-06-15,22:00:00,40.171,40.171,40.14,40.14,1558,0
2015-06-16,17:00:00,40.19,40.19,40.19,40.19,100,0
2015-06-16,18:00:00,40.22,40.22,40.22,40.22,180,0
2015-06-16,19:00:00,40.31,40.31,40.31,40.31,124,0
2015-06-16,21:00:00,40.2401,40.241,40.2401,40.241,392,0
2015-06-16,22:00:00,40.375,40.4,40.375,40.4,300,0
2015-06-17,16:00:00,40.69,40.69,40.69,40.69,228,0
2015-06-17,17:00:00,40.53,40.53,40.53,40.53,200,0
2015-06-17,19:00:00,40.2847,40.2847,40.2847,40.2847,120,0
2015-06-18,19:00:00,40.4489,40.51,40.4489,40.51,252,0
2015-06-18,20:00:00,40.38,40.54,40.38,40.4667,410,0
2015-06-18,22:00:00,40.4733,40.4733,40.3801,40.3801,224,0
2015-06-19,17:00:00,40.2,40.2,40.2,40.2,100,0
2015-06-19,18:00:00,39.9814,39.9814,39.9814,39.9814,158,0
2015-06-19,20:00:00,40.13,40.13,40.1084,40.1084,246,0
2015-06-19,21:00:00,40.1412,40.1412,40.1412,40.1412,104,0
2015-06-22,17:00:00,40.08,40.08,39.9874,39.9874,257,0
2015-06-22,19:00:00,40.0589,40.14,40.0589,40.14,241,0
2015-06-22,20:00:00,40.18,40.18,40.1452,40.18,2305,0
2015-06-22,21:00:00,40.206,40.38,40.206,40.362,1543,0
2015-06-22,22:00:00,40.34,40.34,40.2689,40.2689,224,0
2015-06-23,17:00:00,40.42,40.6,40.42,40.6,235,0
2015-06-23,19:00:00,40.439,40.439,40.439,40.439,116,0
2015-06-23,22:00:00,40.6236,40.65,40.5791,40.5791,350,0
2015-06-24,17:00:00,40.66,40.66,40.66,40.66,100,0
2015-06-24,18:00:00,40.65,40.65,40.65,40.65,380,0
2015-06-24,19:00:00,40.53,40.53,40.4629,40.5,326,0
2015-06-24,20:00:00,40.4635,40.4635,40.4055,40.4055,297,0
2015-06-25,18:00:00,40.4235,40.478,40.4235,40.478,535,0
2015-06-25,20:00:00,40.538,40.538,40.538,40.538,200,0
2015-06-25,21:00:00,40.5899,40.5899,40.5899,40.5899,286,0
2015-06-25,22:00:00,40.5629,40.59,40.5629,40.59,248,0
2015-06-26,16:00:00,40.64,40.64,40.5689,40.6081,846,0
2015-06-26,18:00:00,40.6883,40.6883,40.67,40.67,217,0
2015-06-26,19:00:00,40.7178,40.7178,40.7178,40.7178,106,0
2015-06-29,17:00:00,40.67,40.67,40.581,40.64,517,0
2015-06-29,18:00:00,40.63,40.63,40.49,40.6,760,0
2015-06-29,20:00:00,40.498,40.498,40.498,40.498,104,0
2015-06-29,21:00:00,40.58,40.58,40.58,40.58,648,0
2015-06-30,18:00:00,40.53,40.53,40.4747,40.4747,200,0
2015-06-30,19:00:00,40.7725,40.7725,40.7725,40.7725,102,0
2015-06-30,20:00:00,41.07,41.07,40.9989,40.9989,266,0
2015-06-30,22:00:00,41.2199,41.2199,41.2199,41.2199,100,0
2015-07-01,17:00:00,40.97,40.97,40.97,40.97,100,0
2015-07-01,18:00:00,40.95,41,40.8125,40.8125,723,0
2015-07-01,20:00:00,40.76,40.76,40.76,40.76,100,0
2015-07-01,21:00:00,40.6432,40.85,40.58,40.7484,1394,0
2015-07-02,17:00:00,41.05,41.06,40.9789,41.01,1892,0
2015-07-02,19:00:00,41.058,41.058,41.058,41.058,102,0
2015-07-02,20:00:00,40.96,40.96,40.96,40.96,420,0
2015-07-02,21:00:00,40.97,40.97,40.86,40.86,564,0
2015-07-02,22:00:00,40.87,40.87,40.87,40.87,102,0
2015-07-06,17:00:00,40.08,40.0931,40.0189,40.0931,402,0
2015-07-06,19:00:00,40.0586,40.0586,40.0483,40.0483,233,0
2015-07-06,20:00:00,40.08,40.08,39.933,40.049,854,0
2015-07-06,21:00:00,39.8295,39.83,39.814,39.83,358,0
2015-07-06,22:00:00,39.85,39.87,39.85,39.87,363,0
2015-07-07,17:00:00,39.22,39.22,38.8318,38.8529,507,0
2015-07-07,18:00:00,38.97,39.02,38.952,39.02,888,0
2015-07-07,19:00:00,39.0605,39.0605,39.0605,39.0605,582,0
2015-07-08,16:00:00,39.3,39.47,39.3,39.47,500,0
2015-07-08,17:00:00,39.48,39.49,39.4295,39.4295,300,0
2015-07-08,21:00:00,39.2236,39.27,39.2236,39.27,424,0
2015-07-08,22:00:00,39.2764,39.2764,39.2764,39.2764,102,0
2015-07-09,18:00:00,39.7432,39.8,39.7432,39.8,626,0
2015-07-09,21:00:00,39.84,39.84,39.84,39.84,120,0
2015-07-09,22:00:00,39.83,39.83,39.76,39.82,1165,0
2015-07-10,20:00:00,39.95,39.95,39.814,39.814,515,0
2015-07-10,21:00:00,39.8,39.8,39.8,39.8,405,0
2015-07-10,22:00:00,39.98,39.98,39.9071,39.9071,692,0
2015-07-13,17:00:00,39.86,39.86,39.86,39.86,100,0
2015-07-13,21:00:00,40.0324,40.09,40.025,40.045,847,0
2015-07-14,16:00:00,39.82,39.82,39.82,39.82,110,0
2015-07-14,18:00:00,39.914,40,39.88,39.9999,1204,0
2015-07-14,19:00:00,39.93,39.93,39.8811,39.8811,216,0
2015-07-14,21:00:00,39.8901,39.8901,39.81,39.81,811,0
2015-07-14,22:00:00,39.948,39.96,39.9001,39.96,510,0
2015-07-15,16:00:00,39.85,39.85,39.85,39.85,800,0
2015-07-15,19:00:00,39.549,39.549,39.549,39.549,105,0
2015-07-15,20:00:00,39.55,39.55,39.55,39.55,118,0
2015-07-15,21:00:00,39.555,39.64,39.555,39.5635,1136,0
2015-07-15,22:00:00,39.5302,39.5316,39.5302,39.5316,327,0
2015-07-16,17:00:00,39.66,39.66,39.6283,39.6283,305,0
2015-07-16,19:00:00,39.4108,39.48,39.4108,39.48,571,0
2015-07-16,21:00:00,39.402,39.402,39.402,39.402,159,0
2015-07-16,22:00:00,39.44,39.44,39.44,39.44,227,0
2015-07-17,18:00:00,39.04,39.105,39.04,39.105,322,0
2015-07-17,21:00:00,39.0978,39.1125,39.0978,39.1125,268,0
2015-07-20,17:00:00,38.77,38.77,38.77,38.77,100,0
2015-07-20,18:00:00,38.8,38.8999,38.8,38.8999,1653,0
2015-07-20,20:00:00,38.6125,38.6125,38.6125,38.6125,59,0
2015-07-20,21:00:00,38.6,38.6,38.6,38.6,207,0
2015-07-20,22:00:00,38.53,38.6,38.46,38.4625,666,0
2015-07-21,18:00:00,38.71,38.71,38.71,38.71,230231,0
2015-07-21,22:00:00,38.64,38.74,38.6,38.74,28609,0
2015-07-22,18:00:00,38.36,38.36,38.36,38.36,157200,0
2015-07-22,20:00:00,38.28,38.35,38.25,38.25,1781,0
2015-07-22,21:00:00,38.18,38.18,38.18,38.18,1400,0
2015-07-22,22:00:00,38.2,38.2,38.145,38.145,9214,0
2015-07-23,17:00:00,38.06,38.06,38.06,38.06,100,0
2015-07-23,18:00:00,38.07,38.07,38.06,38.06,200,0
2015-07-23,20:00:00,37.99,38,37.99,38,2200,0
2015-07-24,16:00:00,37.73,37.73,37.73,37.73,389,0
2015-07-24,17:00:00,37.58,37.58,37.58,37.58,447,0
2015-07-24,19:00:00,37.465,37.465,37.465,37.465,152,0
2015-07-27,17:00:00,37.39,37.39,37.39,37.39,100,0
2015-07-27,20:00:00,37.06,37.06,37.06,37.06,100,0
2015-07-28,17:00:00,37.29,37.29,37.18,37.18,338,0
2015-07-28,18:00:00,37.355,37.355,37.355,37.355,183,0
2015-07-29,16:00:00,37.04,37.04,37.04,37.04,171,0
2015-07-29,17:00:00,37.23,37.23,37.23,37.23,100,0
2015-07-29,20:00:00,37.58,37.58,37.58,37.58,100,0
2015-07-30,17:00:00,37.3338,37.3338,37.28,37.28,200,0
2015-07-30,20:00:00,37.3199,37.3199,37.3199,37.3199,123,0
2015-07-31,17:00:00,37.2,37.2,37.2,37.2,100,0
2015-07-31,18:00:00,37.15,37.15,37.15,37.15,100,0
2015-07-31,22:00:00,36.97,36.97,36.97,36.97,357,0
2015-08-03,17:00:00,36.62,36.62,36.62,36.62,100,0
2015-08-04,17:00:00,36.79,36.79,36.79,36.79,100,0
2015-08-05,16:00:00,36.8299,36.8299,36.8299,36.8299,101,0
2015-08-05,17:00:00,36.75,36.75,36.75,36.75,100,0
2015-08-05,22:00:00,36.5561,36.5561,36.5561,36.5561,114,0
2015-08-06,21:00:00,36.4399,36.4399,36.4399,36.4399,149,0
2015-08-07,17:00:00,36.51,36.51,36.51,36.51,100,0
