Date,Time,Open,High,Low,Close,Volume,OpenInt
2013-10-01,16:00:00,7.58,7.58,7.58,7.58,400,0
2013-10-01,18:00:00,7.48,7.48,7.47,7.47,2500,0
2013-10-02,18:00:00,7.5,7.5,7.5,7.5,250,0
2013-10-02,20:00:00,7.52,7.52,7.52,7.52,200,0
2013-10-02,21:00:00,7.66,7.66,7.6,7.6,485,0
2013-10-02,22:00:00,7.6,7.6,7.6,7.6,300,0
2013-10-03,16:00:00,7.66,7.66,7.66,7.66,175,0
2013-10-04,16:00:00,7.62,7.65,7.62,7.65,2193,0
2013-10-04,17:00:00,7.42,7.42,7.42,7.42,500,0
2013-10-04,21:00:00,7.6,7.6,7.6,7.6,200,0
2013-10-07,18:00:00,7.7,7.75,7.45,7.75,3500,0
2013-10-08,21:00:00,7.77,7.77,7.77,7.77,1000,0
2013-10-08,22:00:00,7.76,7.76,7.76,7.76,500,0
2013-10-11,22:00:00,7.55,7.55,7.55,7.55,500,0
2013-10-14,18:00:00,7.84,7.84,7.73,7.81,20400,0
2013-10-14,19:00:00,7.8,7.88,7.7,7.78,21300,0
2013-10-14,20:00:00,7.83,7.83,7.83,7.83,100,0
2013-10-14,22:00:00,7.79,7.79,7.79,7.79,100,0
2013-10-15,16:00:00,7.72,7.82,7.72,7.75,7900,0
2013-10-15,17:00:00,7.79,7.79,7.76,7.76,200,0
2013-10-15,18:00:00,7.79,7.79,7.77,7.77,400,0
2013-10-15,21:00:00,7.75,7.75,7.75,7.75,100,0
2013-10-16,16:00:00,7.58,7.81,7.58,7.77,800,0
2013-10-16,17:00:00,7.8,7.84,7.8,7.84,200,0
2013-10-16,18:00:00,7.85,7.85,7.85,7.85,200,0
2013-10-16,19:00:00,7.73,7.9,7.73,7.85,2400,0
2013-10-16,22:00:00,7.87,7.87,7.87,7.87,300,0
2013-10-17,18:00:00,7.72,7.74,7.71,7.72,8600,0
2013-10-18,20:00:00,7.72,7.75,7.72,7.75,15000,0
2013-10-18,22:00:00,7.85,7.85,7.85,7.85,200,0
2013-10-22,16:00:00,7.73,7.73,7.73,7.73,200,0
2013-10-22,18:00:00,7.77,7.99,7.75,7.99,96060,0
2013-10-22,20:00:00,7.96,7.96,7.96,7.96,1200,0
2013-10-22,21:00:00,7.91,7.91,7.81,7.81,2311,0
2013-10-23,20:00:00,7.49,7.54,7.49,7.54,900,0
2013-10-24,18:00:00,7.67,7.67,7.67,7.67,300,0
2013-10-25,16:00:00,7.56,7.56,7.55,7.56,862,0
2013-10-25,17:00:00,7.5,7.5,7.49,7.49,862,0
2013-10-25,18:00:00,7.52,7.54,7.52,7.54,400,0
2013-10-25,21:00:00,7.61,7.61,7.61,7.61,200,0
2013-10-29,17:00:00,7.74,7.74,7.71,7.71,568,0
2013-10-30,17:00:00,7.61,7.61,7.61,7.61,200,0
2013-10-30,20:00:00,7.57,7.57,7.57,7.57,100,0
2013-10-30,21:00:00,7.65,7.65,7.65,7.65,100,0
2013-10-31,18:00:00,7.55,7.55,7.55,7.55,2322,0
2013-10-31,21:00:00,7.55,7.55,7.55,7.55,200,0
2013-11-01,15:00:00,7.55,7.55,7.55,7.55,2016,0
2013-11-01,17:00:00,7.56,7.56,7.55,7.55,900,0
2013-11-01,19:00:00,7.55,7.55,7.55,7.55,1131,0
2013-11-01,21:00:00,7.54,7.55,7.54,7.55,1436,0
2013-11-04,19:00:00,7.46,7.54,7.46,7.46,945,0
2013-11-05,16:00:00,7.47,7.47,7.45,7.45,200,0
2013-11-05,20:00:00,7.45,7.45,7.45,7.45,200,0
2013-11-06,16:00:00,7.46,7.46,7.46,7.46,227,0
2013-11-08,22:00:00,7.38,7.38,7.38,7.38,250,0
2013-11-12,16:00:00,7.18,7.23,7.18,7.23,425,0
2013-11-13,19:00:00,7.26,7.26,7.24,7.24,600,0
2013-11-14,17:00:00,7.2,7.2,7.2,7.2,1200,0
2013-11-14,18:00:00,7.29,7.3,7.29,7.3,3100,0
2013-11-18,22:00:00,7.3,7.3,7.3,7.3,192,0
2013-11-19,16:00:00,7.17,7.24,7.08,7.18,16201,0
2013-11-19,17:00:00,7.18,7.33,7.18,7.33,4950,0
2013-11-21,16:00:00,7.1,7.11,7.09,7.09,1344,0
2013-11-21,17:00:00,7.1,7.1,7.08,7.1,744,0
2013-11-21,19:00:00,7.18,7.18,7.18,7.18,200,0
2013-11-22,21:00:00,7.08,7.13,7.08,7.12,2910,0
2013-11-22,22:00:00,7.1,7.1,7.1,7.1,100,0
2013-11-25,22:00:00,7.2,7.2,7.2,7.2,500,0
2013-11-26,19:00:00,7.12,7.18,7.12,7.17,1500,0
2013-11-26,20:00:00,7.2,7.2,7.17,7.17,400,0
2013-12-03,18:00:00,7.2,7.2,7.2,7.2,200,0
2013-12-04,20:00:00,7.44,7.44,7.44,7.44,400,0
2013-12-04,22:00:00,7.3,7.3,7.3,7.3,3532,0
2013-12-05,18:00:00,7.1,7.1,7.1,7.1,400,0
2013-12-06,16:00:00,7.08,7.14,7.08,7.14,3000,0
2013-12-06,17:00:00,7.23,7.23,7.22,7.22,300,0
2013-12-06,20:00:00,7.25,7.27,7.25,7.27,300,0
2013-12-06,22:00:00,7.23,7.24,7.23,7.24,200,0
2013-12-10,18:00:00,7.31,7.31,7.31,7.31,750,0
2013-12-10,19:00:00,7.31,7.31,7.31,7.31,250,0
2013-12-11,18:00:00,7.11,7.11,7.11,7.11,200,0
2013-12-12,19:00:00,7.44,7.44,7.44,7.44,123,0
2013-12-16,16:00:00,7.07,7.07,7.07,7.07,100,0
2013-12-16,18:00:00,7.07,7.1,7.07,7.1,1974,0
2013-12-16,20:00:00,7.07,7.07,7.07,7.07,500,0
2013-12-17,16:00:00,7.11,7.11,7.11,7.11,550,0
2013-12-17,21:00:00,7.1,7.1,7.05,7.05,3470,0
2013-12-17,22:00:00,7.05,7.05,7.05,7.05,2700,0
2013-12-18,17:00:00,7.05,7.05,7.05,7.05,860,0
2013-12-18,21:00:00,7.15,7.15,7.15,7.15,278,0
2013-12-18,22:00:00,7.15,7.15,7.15,7.15,155,0
2013-12-19,18:00:00,7.01,7.01,7.01,7.01,1260,0
2013-12-20,16:00:00,7.14,7.14,7.09,7.09,400,0
2013-12-20,17:00:00,7.09,7.1,7.09,7.1,500,0
2013-12-20,19:00:00,7.1,7.12,7.1,7.12,1800,0
2013-12-20,21:00:00,7.0,7.0,7.0,7.0,400,0
2013-12-20,22:00:00,6.96,6.96,6.96,6.96,500,0
2013-12-23,18:00:00,6.92,6.92,6.88,6.88,2700,0
2013-12-23,21:00:00,6.98,6.98,6.98,6.98,500,0
2013-12-27,18:00:00,7.2,7.2,7.0,7.0,9594,0
2013-12-27,22:00:00,6.9,6.9,6.9,6.9,100,0
2013-12-30,16:00:00,7.0,7.0,7.0,7.0,400,0
2013-12-30,17:00:00,6.96,6.96,6.96,6.96,1875,0
2013-12-30,18:00:00,6.9,6.9,6.9,6.9,3450,0
2013-12-31,18:00:00,6.84,6.84,6.8,6.84,1100,0
2013-12-31,21:00:00,6.81,6.81,6.76,6.76,1625,0
2013-12-31,22:00:00,6.77,6.77,6.71,6.71,530,0
2014-01-02,16:00:00,6.71,6.71,6.71,6.71,89896,0
2014-01-02,17:00:00,6.7,6.7,6.7,6.7,200,0
2014-01-02,22:00:00,6.71,6.9,6.5,6.9,3819,0
2014-01-03,16:00:00,6.98,6.98,6.66,6.66,470,0
2014-01-03,17:00:00,6.67,6.67,6.67,6.67,200,0
2014-01-06,16:00:00,7.57,7.57,7.57,7.57,350,0
2014-01-06,20:00:00,7.0,7.0,7.0,7.0,200,0
2014-01-06,21:00:00,7.0,7.0,7.0,7.0,1100,0
2014-01-07,20:00:00,6.81,6.81,6.81,6.81,1266,0
2014-01-08,19:00:00,6.8,6.8,6.8,6.8,624,0
2014-01-09,16:00:00,6.61,6.8,6.61,6.7,4388,0
2014-01-10,16:00:00,6.7,6.7,6.7,6.7,200,0
2014-01-10,17:00:00,6.82,6.82,6.82,6.82,400,0
2014-01-10,20:00:00,6.8,6.8,6.8,6.8,1200,0
2014-01-15,17:00:00,6.78,6.79,6.78,6.79,2200,0
2014-01-15,18:00:00,6.8,6.8,6.8,6.8,100,0
2014-01-15,19:00:00,6.8,6.8,6.8,6.8,400,0
2014-01-16,17:00:00,6.79,6.9,6.51,6.51,2816,0
2014-01-16,19:00:00,6.52,6.52,6.51,6.51,200,0
2014-01-17,16:00:00,7.0,7.0,7.0,7.0,400,0
2014-01-17,17:00:00,6.58,6.58,6.58,6.58,100,0
2014-01-17,18:00:00,6.99,6.99,6.99,6.99,600,0
2014-01-21,18:00:00,6.69,6.81,6.69,6.81,755,0
2014-01-23,22:00:00,6.99,6.99,6.86,6.86,1700,0
2014-01-28,17:00:00,6.71,6.71,6.71,6.71,200,0
2014-01-28,21:00:00,7.05,7.05,7.05,7.05,100,0
2014-01-29,20:00:00,6.7,6.77,6.7,6.77,3600,0
2014-01-29,21:00:00,6.71,6.71,6.71,6.71,200,0
2014-01-31,16:00:00,6.81,6.81,6.8,6.81,3917,0
2014-01-31,21:00:00,6.99,6.99,6.99,6.99,911,0
2014-02-03,20:00:00,7.0,7.0,7.0,7.0,144,0
2014-02-03,22:00:00,6.66,6.66,6.66,6.66,250,0
2014-02-04,18:00:00,6.98,6.98,6.98,6.98,290,0
2014-02-04,19:00:00,6.67,6.67,6.66,6.66,200,0
2014-02-05,18:00:00,6.51,6.51,6.51,6.51,334,0
2014-02-06,16:00:00,7.05,7.05,6.51,6.51,1300,0
2014-02-06,18:00:00,6.55,6.6,6.55,6.6,3810,0
2014-02-06,22:00:00,7.01,7.01,7.01,7.01,478,0
2014-02-07,16:00:00,6.95,6.95,6.95,6.95,1800,0
2014-02-07,19:00:00,7.05,7.05,7.04,7.05,2200,0
2014-02-07,20:00:00,7.0,7.25,7.0,7.25,4600,0
2014-02-10,20:00:00,7.18,7.4,7.1,7.2,5600,0
2014-02-10,21:00:00,7.27,7.27,7.23,7.23,200,0
2014-02-10,22:00:00,7.2,7.24,7.2,7.24,1575,0
2014-02-11,16:00:00,7.15,7.15,7.04,7.04,20363,0
2014-02-11,17:00:00,7.12,7.12,7.12,7.12,400,0
2014-02-11,18:00:00,7.11,7.11,7.11,7.11,100,0
2014-02-11,19:00:00,7.09,7.11,7.06,7.11,2100,0
2014-02-11,22:00:00,7.02,7.1,7.02,7.1,1000,0
2014-02-12,16:00:00,7.15,7.15,7.15,7.15,350,0
2014-02-13,22:00:00,6.76,7.14,6.76,7.12,1231,0
2014-02-14,20:00:00,7.2,7.25,6.9,7.25,1225,0
2014-02-14,22:00:00,6.93,6.93,6.9,6.9,425,0
2014-02-18,16:00:00,7.28,7.28,7.28,7.28,300,0
2014-02-18,17:00:00,7.39,7.4,7.37,7.4,4200,0
2014-02-18,20:00:00,7.38,7.45,7.38,7.45,400,0
2014-02-18,22:00:00,7.38,7.38,7.38,7.38,1000,0
2014-02-19,16:00:00,7.3,7.3,7.3,7.3,410,0
2014-02-19,17:00:00,7.5,7.51,7.5,7.51,1200,0
2014-02-19,18:00:00,7.5,7.5,7.5,7.5,100,0
2014-02-19,21:00:00,7.06,7.06,7.05,7.05,865,0
2014-02-20,17:00:00,7.0,7.0,7.0,7.0,1858,0
2014-02-20,21:00:00,7.57,7.57,7.57,7.57,2600,0
2014-02-20,22:00:00,7.04,7.04,7.02,7.02,500,0
2014-02-24,18:00:00,7.5,7.55,7.4,7.4,1000,0
2014-02-24,21:00:00,7.6,7.6,7.6,7.6,719,0
2014-02-25,17:00:00,7.4,7.4,7.4,7.4,1000,0
2014-02-25,21:00:00,7.5,7.5,7.5,7.5,2400,0
2014-02-27,18:00:00,7.5,7.5,7.5,7.5,100,0
2014-02-28,20:00:00,7.28,7.37,7.28,7.37,875,0
2014-02-28,22:00:00,7.3,7.59,7.3,7.59,771,0
2014-03-03,16:00:00,7.6,7.6,7.6,7.6,489,0
2014-03-03,17:00:00,7.77,7.77,7.77,7.77,1000,0
2014-03-03,22:00:00,7.24,7.5,7.2,7.5,2113,0
2014-03-04,21:00:00,7.17,7.22,7.17,7.18,825,0
2014-03-04,22:00:00,7.22,7.22,7.22,7.22,100,0
2014-03-05,18:00:00,7.25,7.25,7.18,7.18,700,0
2014-03-06,17:00:00,7.6,7.6,7.18,7.18,900,0
2014-03-06,22:00:00,7.17,7.17,7.17,7.17,800,0
2014-03-07,18:00:00,7.75,7.75,7.75,7.75,210,0
2014-03-07,21:00:00,7.5,7.5,7.5,7.5,900,0
2014-03-10,15:00:00,7.78,7.78,7.78,7.78,1290,0
2014-03-10,16:00:00,7.78,7.78,7.78,7.78,200,0
2014-03-11,15:00:00,7.65,7.65,7.65,7.65,300,0
2014-03-12,17:00:00,7.82,7.82,7.82,7.82,200,0
2014-03-12,21:00:00,7.45,7.85,7.45,7.76,7354,0
2014-03-13,17:00:00,7.56,7.57,7.56,7.57,400,0
2014-03-13,18:00:00,7.6,7.73,7.5,7.73,3080,0
2014-03-14,16:00:00,7.53,7.53,7.53,7.53,300,0
2014-03-14,21:00:00,7.67,7.67,7.67,7.67,942,0
2014-03-17,15:00:00,7.6,7.6,7.6,7.6,1500,0
2014-03-17,21:00:00,7.39,7.39,7.39,7.39,125,0
2014-03-18,16:00:00,7.41,7.41,7.41,7.41,100,0
2014-03-18,18:00:00,7.7,7.7,7.7,7.7,100,0
2014-03-18,20:00:00,7.86,7.86,7.56,7.56,450,0
2014-03-19,21:00:00,7.55,7.55,7.55,7.55,2000,0
2014-03-21,21:00:00,7.65,7.65,7.65,7.65,375,0
2014-03-24,17:00:00,7.8,7.8,7.8,7.8,3000,0
2014-03-25,17:00:00,7.81,7.92,7.78,7.92,8700,0
2014-03-25,18:00:00,7.99,8.0,7.75,7.89,41800,0
2014-03-25,21:00:00,7.64,7.64,7.64,7.64,300,0
2014-03-26,17:00:00,7.65,7.75,7.65,7.69,2550,0
2014-03-26,19:00:00,7.68,7.85,7.67,7.75,6300,0
2014-03-26,20:00:00,7.7,7.72,7.69,7.69,1000,0
2014-03-26,21:00:00,7.71,7.78,7.71,7.71,3900,0
2014-03-27,15:00:00,7.82,7.93,7.82,7.85,2200,0
2014-03-27,17:00:00,7.85,7.85,7.85,7.85,213,0
2014-03-31,17:00:00,7.8,7.8,7.8,7.8,200,0
2014-03-31,19:00:00,7.83,7.83,7.83,7.83,100,0
2014-03-31,21:00:00,7.91,7.91,7.91,7.91,120,0
2014-03-31,22:00:00,7.82,7.89,7.82,7.85,1400,0
2014-04-01,16:00:00,8.0,8.0,7.96,7.96,3659,0
2014-04-01,17:00:00,7.82,7.82,7.82,7.82,100,0
2014-04-01,20:00:00,7.8,7.82,7.73,7.73,2150,0
2014-04-01,21:00:00,7.78,7.78,7.78,7.78,1200,0
2014-04-02,16:00:00,7.94,7.94,7.94,7.94,780,0
2014-04-02,22:00:00,7.98,8.02,7.87,7.87,10770,0
2014-04-04,21:00:00,7.95,8.05,7.95,7.97,16700,0
2014-04-04,22:00:00,7.98,8.05,7.96,8.03,29900,0
2014-04-07,16:00:00,7.92,8.05,7.92,8.05,5400,0
2014-04-07,17:00:00,7.93,7.93,7.93,7.93,300,0
2014-04-07,18:00:00,7.94,7.98,7.88,7.94,16900,0
2014-04-07,19:00:00,7.87,7.95,7.86,7.93,14700,0
2014-04-07,20:00:00,7.93,7.93,7.92,7.92,2000,0
2014-04-07,21:00:00,7.9,7.94,7.87,7.94,18183,0
2014-04-07,22:00:00,7.97,7.97,7.89,7.9,5400,0
2014-04-08,16:00:00,7.92,8.05,7.9,8.03,4200,0
2014-04-08,17:00:00,8.0,8.07,7.94,7.94,24925,0
2014-04-08,19:00:00,8.15,8.15,8.05,8.05,1100,0
2014-04-08,21:00:00,7.92,7.93,7.25,7.86,1334,0
2014-04-08,22:00:00,7.36,8.1,7.36,8.1,1770,0
2014-04-09,16:00:00,8.15,8.15,8.15,8.15,800,0
2014-04-09,19:00:00,8.2,8.21,8.2,8.21,2000,0
2014-04-10,17:00:00,8.16,8.16,8.16,8.16,300,0
2014-04-10,18:00:00,8.27,8.27,8.27,8.27,108,0
2014-04-10,19:00:00,8.17,8.2,8.17,8.2,800,0
2014-04-11,16:00:00,8.19,8.19,8.19,8.19,1700,0
2014-04-11,17:00:00,8.27,8.3,8.27,8.3,2900,0
2014-04-14,17:00:00,8.25,8.25,8.25,8.25,1000,0
2014-04-14,18:00:00,8.26,8.26,8.26,8.26,100,0
2014-04-14,19:00:00,8.29,8.29,8.29,8.29,1200,0
2014-04-14,20:00:00,8.28,8.34,8.27,8.34,25880,0
2014-04-14,21:00:00,8.29,8.34,8.29,8.29,11400,0
2014-04-14,22:00:00,8.29,8.35,8.25,8.25,19130,0
2014-04-15,17:00:00,8.29,8.29,8.25,8.25,3800,0
2014-04-15,18:00:00,8.24,8.3,8.23,8.27,10700,0
2014-04-15,19:00:00,8.29,8.29,8.19,8.24,9806,0
2014-04-15,20:00:00,8.25,8.29,8.25,8.28,3500,0
2014-04-15,21:00:00,8.25,8.35,8.25,8.35,300,0
2014-04-15,22:00:00,8.25,8.32,8.25,8.3,15336,0
2014-04-16,16:00:00,8.35,8.35,8.35,8.35,100,0
2014-04-16,18:00:00,8.36,8.36,8.36,8.36,200,0
2014-04-16,20:00:00,8.3,8.3,8.3,8.3,500,0
2014-04-16,22:00:00,8.32,8.36,8.31,8.33,2300,0
2014-04-17,16:00:00,8.21,8.3,8.21,8.3,5900,0
2014-04-17,22:00:00,8.33,8.33,8.33,8.33,1700,0
2014-04-21,16:00:00,8.24,8.29,8.21,8.25,13100,0
2014-04-21,17:00:00,8.26,8.26,8.17,8.22,14700,0
2014-04-21,18:00:00,8.21,8.21,8.21,8.21,2600,0
2014-04-21,22:00:00,8.22,8.24,8.22,8.22,1900,0
2014-04-22,16:00:00,8.23,8.23,8.23,8.23,300,0
2014-04-22,17:00:00,8.25,8.25,8.25,8.25,450,0
2014-04-22,18:00:00,8.14,8.14,8.14,8.14,200,0
2014-04-22,19:00:00,8.12,8.12,8.12,8.12,100,0
2014-04-22,21:00:00,8.12,8.12,8.12,8.12,108,0
2014-04-23,16:00:00,8.15,8.17,8.15,8.17,200,0
2014-04-23,17:00:00,8.08,8.08,8.08,8.08,200,0
2014-04-23,18:00:00,8.09,8.09,8.09,8.09,150,0
2014-04-23,19:00:00,8.13,8.16,8.13,8.16,1300,0
2014-04-23,20:00:00,8.14,8.14,8.14,8.14,1300,0
2014-04-23,22:00:00,8.1,8.1,8.0,8.0,1700,0
2014-04-24,18:00:00,8.23,8.24,8.22,8.24,500,0
2014-04-25,16:00:00,8.1,8.13,8.1,8.13,500,0
2014-04-25,19:00:00,8.17,8.17,8.08,8.14,475,0
2014-04-25,21:00:00,8.04,8.08,8.03,8.08,5000,0
2014-04-25,22:00:00,8.09,8.23,8.09,8.18,18087,0
2014-04-28,17:00:00,8.2,8.2,8.16,8.16,7950,0
2014-04-29,16:00:00,8.17,8.2,8.17,8.2,3000,0
2014-04-29,17:00:00,8.15,8.17,8.15,8.17,700,0
2014-04-29,20:00:00,8.13,8.13,8.13,8.13,2000,0
2014-04-29,22:00:00,8.13,8.17,8.11,8.14,4000,0
2014-04-30,20:00:00,7.46,7.46,7.41,7.46,4037,0
2014-04-30,21:00:00,8.1,8.1,8.1,8.1,100,0
2014-04-30,22:00:00,8.07,8.08,8.07,8.08,800,0
2014-05-01,17:00:00,7.92,7.92,7.91,7.91,3332,0
2014-05-01,18:00:00,7.92,7.93,7.92,7.93,6425,0
2014-05-05,19:00:00,7.97,7.98,7.96,7.96,3300,0
2014-05-06,16:00:00,8.1,8.1,8.03,8.04,8500,0
2014-05-06,17:00:00,8.05,8.05,8.05,8.05,8000,0
2014-05-06,18:00:00,8.1,8.15,8.1,8.15,1165,0
2014-05-06,21:00:00,7.95,7.95,7.95,7.95,250,0
2014-05-06,22:00:00,8.06,8.06,8.06,8.06,500,0
2014-05-07,17:00:00,8.0,8.03,7.92,8.02,12300,0
2014-05-07,22:00:00,8.02,8.02,8.02,8.02,200,0
2014-05-08,18:00:00,7.94,7.94,7.94,7.94,400,0
2014-05-12,18:00:00,8.05,8.05,8.0,8.0,1100,0
2014-05-12,21:00:00,8.11,8.11,8.11,8.11,100,0
2014-05-12,22:00:00,7.91,7.91,7.9,7.9,3200,0
2014-05-13,21:00:00,8.11,8.12,8.11,8.12,1000,0
2014-05-14,17:00:00,8.21,8.21,8.21,8.21,122,0
2014-05-14,18:00:00,8.11,8.11,8.11,8.11,500,0
2014-05-14,19:00:00,8.12,8.12,8.12,8.12,1000,0
2014-05-15,18:00:00,8.0,8.0,8.0,8.0,200,0
2014-05-15,21:00:00,7.98,8.0,7.98,8.0,3100,0
2014-05-15,22:00:00,7.95,7.95,7.95,7.95,100,0
2014-05-16,16:00:00,8.0,8.0,8.0,8.0,200,0
2014-05-16,22:00:00,7.99,8.0,7.99,7.99,1400,0
2014-05-19,16:00:00,8.02,8.02,8.02,8.02,500,0
2014-05-19,18:00:00,7.93,7.96,7.93,7.96,2500,0
2014-05-19,20:00:00,8.0,8.0,8.0,8.0,100,0
2014-05-19,21:00:00,7.94,8.0,7.94,7.94,1900,0
2014-05-20,16:00:00,7.96,7.97,7.96,7.97,2200,0
2014-05-20,17:00:00,7.99,7.99,7.97,7.97,300,0
2014-05-21,16:00:00,7.99,7.99,7.98,7.99,1600,0
2014-05-21,17:00:00,8.0,8.0,8.0,8.0,500,0
2014-05-22,22:00:00,8.15,8.15,8.15,8.15,200,0
2014-05-23,20:00:00,8.07,8.08,8.07,8.08,900,0
2014-05-27,18:00:00,8.23,8.23,8.22,8.23,1300,0
2014-05-28,17:00:00,7.97,7.97,7.97,7.97,900,0
2014-05-28,22:00:00,8.0,8.2,8.0,8.0,600,0
2014-05-29,17:00:00,7.95,7.98,7.95,7.97,400,0
2014-05-29,19:00:00,7.96,7.96,7.9,7.91,5744,0
2014-05-29,20:00:00,8.0,8.0,7.99,7.99,500,0
2014-05-29,21:00:00,7.97,7.97,7.97,7.97,400,0
2014-05-30,16:00:00,7.95,7.95,7.95,7.95,100,0
2014-05-30,17:00:00,7.89,7.89,7.88,7.88,1100,0
2014-05-30,19:00:00,7.86,7.88,7.86,7.88,1600,0
2014-05-30,20:00:00,7.87,7.87,7.84,7.84,900,0
2014-06-02,21:00:00,7.87,7.87,7.87,7.87,100,0
2014-06-02,22:00:00,7.76,7.76,7.76,7.76,100,0
2014-06-05,20:00:00,7.91,7.91,7.61,7.68,6500,0
2014-06-06,21:00:00,7.84,7.84,7.8,7.8,1040,0
2014-06-06,22:00:00,7.83,7.83,7.83,7.83,1000,0
2014-06-09,16:00:00,7.84,7.84,7.84,7.84,100,0
2014-06-09,17:00:00,7.92,7.92,7.92,7.92,300,0
2014-06-09,19:00:00,7.94,7.94,7.94,7.94,300,0
2014-06-10,19:00:00,7.9,7.9,7.9,7.9,299,0
2014-06-10,21:00:00,7.87,7.89,7.87,7.89,700,0
2014-06-11,16:00:00,7.78,7.82,7.78,7.82,700,0
2014-06-11,20:00:00,7.83,7.83,7.83,7.83,100,0
2014-06-12,21:00:00,7.98,7.99,7.98,7.99,420,0
2014-06-12,22:00:00,8.0,8.0,8.0,8.0,900,0
2014-06-13,17:00:00,8.0,8.02,8.0,8.02,500,0
2014-06-13,18:00:00,7.93,8.02,7.93,8.02,734,0
2014-06-16,17:00:00,8.0,8.0,8.0,8.0,100,0
2014-06-17,18:00:00,8.02,8.03,7.98,8.02,1900,0
2014-06-17,19:00:00,7.98,7.99,7.97,7.98,3150,0
2014-06-17,21:00:00,7.99,8.01,7.99,8.01,1200,0
2014-06-19,17:00:00,8.18,8.19,8.18,8.18,1520,0
2014-06-19,18:00:00,8.24,8.24,8.24,8.24,500,0
2014-06-19,20:00:00,8.19,8.19,8.19,8.19,300,0
2014-06-19,21:00:00,8.24,8.24,8.24,8.24,2000,0
2014-06-19,22:00:00,8.24,8.24,8.24,8.24,100,0
2014-06-20,17:00:00,8.1,8.1,8.1,8.1,300,0
2014-06-20,22:00:00,8.25,8.25,8.14,8.14,15213,0
2014-06-23,17:00:00,8.12,8.12,8.12,8.12,200,0
2014-06-24,21:00:00,8.08,8.08,8.06,8.08,608,0
2014-06-24,22:00:00,8.09,8.09,8.09,8.09,100,0
2014-06-25,16:00:00,8.06,8.06,8.06,8.06,100,0
2014-06-25,20:00:00,8.18,8.18,8.18,8.18,100,0
2014-06-25,21:00:00,8.11,8.11,8.11,8.11,200,0
2014-06-26,17:00:00,8.13,8.13,8.13,8.13,200,0
2014-06-26,18:00:00,8.1,8.12,8.1,8.12,21121,0
2014-06-26,19:00:00,8.12,8.12,8.12,8.12,721,0
2014-06-27,22:00:00,8.12,8.12,8.12,8.12,223,0
2014-06-30,17:00:00,8.14,8.14,8.14,8.14,300,0
2014-06-30,21:00:00,8.11,8.11,8.11,8.11,388,0
2014-07-01,16:00:00,8.05,8.06,8.03,8.06,750,0
2014-07-01,18:00:00,8.04,8.04,8.04,8.04,400,0
2014-07-01,19:00:00,7.92,7.92,7.92,7.92,100,0
2014-07-01,20:00:00,7.98,7.98,7.98,7.98,100,0
2014-07-01,22:00:00,7.93,7.93,7.93,7.93,180,0
2014-07-02,21:00:00,7.98,7.98,7.98,7.98,100,0
2014-07-02,22:00:00,7.98,7.98,7.98,7.98,100,0
2014-07-03,17:00:00,7.74,7.74,7.74,7.74,100,0
2014-07-07,16:00:00,7.81,7.81,7.8,7.8,500,0
2014-07-07,18:00:00,7.77,7.77,7.77,7.77,700,0
2014-07-07,22:00:00,7.77,7.77,7.77,7.77,100,0
2014-07-08,17:00:00,7.79,7.92,7.79,7.92,200,0
2014-07-08,22:00:00,7.92,7.92,7.92,7.92,100,0
2014-07-09,18:00:00,7.69,7.7,7.57,7.7,2500,0
2014-07-09,19:00:00,7.53,7.53,7.53,7.53,1000,0
2014-07-10,16:00:00,7.6,7.6,7.6,7.6,2560,0
2014-07-10,21:00:00,7.8,7.8,7.8,7.8,1000,0
2014-07-11,16:00:00,7.8,7.8,7.8,7.8,400,0
2014-07-11,22:00:00,7.52,7.52,7.52,7.52,400,0
2014-07-14,17:00:00,7.52,7.52,7.52,7.52,600,0
2014-07-15,19:00:00,7.45,7.45,7.36,7.36,400,0
2014-07-16,22:00:00,7.37,7.37,7.37,7.37,100,0
2014-07-17,20:00:00,7.62,7.62,7.62,7.62,500,0
2014-07-17,22:00:00,7.62,7.62,7.62,7.62,500,0
2014-07-18,19:00:00,7.56,7.57,7.56,7.57,500,0
2014-07-18,22:00:00,7.57,7.57,7.57,7.57,100,0
2014-07-22,22:00:00,7.66,7.67,7.65,7.67,500,0
2014-07-24,19:00:00,7.39,7.39,7.38,7.38,1712,0
2014-07-24,22:00:00,7.38,7.38,7.38,7.38,706,0
2014-07-25,17:00:00,7.44,7.44,7.43,7.43,200,0
2014-07-25,18:00:00,7.7,7.7,7.52,7.52,1160,0
2014-07-25,21:00:00,7.61,7.61,7.61,7.61,200,0
2014-07-25,22:00:00,7.61,7.61,7.61,7.61,100,0
2014-07-28,19:00:00,7.59,7.6,7.59,7.6,870,0
2014-07-29,17:00:00,7.44,7.44,7.44,7.44,200,0
2014-07-29,18:00:00,7.45,7.45,7.45,7.45,1000,0
2014-07-29,22:00:00,7.45,7.45,7.45,7.45,500,0
2014-07-30,18:00:00,7.67,7.67,7.65,7.65,1000,0
2014-07-30,19:00:00,7.46,7.46,7.46,7.46,298,0
2014-07-30,22:00:00,7.44,7.44,7.42,7.42,1900,0
2014-07-31,19:00:00,7.39,7.39,7.38,7.38,600,0
2014-08-01,18:00:00,7.25,7.25,7.25,7.25,500,0
2014-08-01,20:00:00,7.25,7.45,7.25,7.45,1500,0
2014-08-06,16:00:00,7.29,7.29,7.29,7.29,900,0
2014-08-07,19:00:00,7.33,7.33,7.32,7.32,300,0
2014-08-11,18:00:00,7.36,7.36,7.34,7.34,2100,0
2014-08-14,18:00:00,7.24,7.24,7.24,7.24,945,0
2014-08-14,22:00:00,7.27,7.27,7.27,7.27,200,0
2014-08-15,21:00:00,7.32,7.34,7.32,7.34,200,0
2014-08-18,16:00:00,7.18,7.18,7.18,7.18,200,0
2014-08-18,17:00:00,7.18,7.18,7.17,7.17,550,0
2014-08-18,21:00:00,7.11,7.11,7.09,7.09,300,0
2014-08-22,20:00:00,7.15,7.16,7.15,7.16,300,0
2014-08-27,17:00:00,7.09,7.28,7.08,7.28,1100,0
2014-08-27,22:00:00,7.33,7.33,7.33,7.33,100,0
2014-08-29,19:00:00,7.16,7.16,7.15,7.15,200,0
2014-09-02,16:00:00,7.2,7.41,7.2,7.41,313,0
2014-09-02,21:00:00,7.09,7.09,7.03,7.03,3025,0
2014-09-03,16:00:00,7.05,7.05,7.05,7.05,400,0
2014-09-03,19:00:00,7.02,7.02,7.01,7.01,695,0
2014-09-03,21:00:00,7.11,7.12,7.11,7.12,400,0
2014-09-04,19:00:00,7.0,7.01,7.0,7.01,240,0
2014-09-05,21:00:00,7.03,7.08,7.01,7.08,1900,0
2014-09-05,22:00:00,7.04,7.04,7.04,7.04,100,0
2014-09-08,17:00:00,6.86,6.99,6.85,6.99,400,0
2014-09-08,20:00:00,6.86,6.86,6.85,6.85,1250,0
2014-09-08,21:00:00,6.85,6.85,6.85,6.85,300,0
2014-09-08,22:00:00,6.87,6.88,6.85,6.85,1050,0
2014-09-09,20:00:00,6.8,6.84,6.8,6.84,1000,0
2014-09-10,22:00:00,6.79,6.79,6.79,6.79,100,0
2014-09-11,16:00:00,6.72,6.77,6.72,6.77,370,0
2014-09-11,19:00:00,6.72,6.72,6.64,6.64,1251,0
2014-09-11,20:00:00,6.65,6.65,6.65,6.65,300,0
2014-09-11,21:00:00,6.66,6.66,6.66,6.66,190,0
2014-09-12,21:00:00,6.61,6.61,6.61,6.61,1100,0
2014-09-12,22:00:00,6.56,6.57,6.56,6.57,500,0
2014-09-15,17:00:00,6.57,6.79,6.57,6.79,600,0
2014-09-15,22:00:00,6.58,6.72,6.56,6.56,900,0
2014-09-16,18:00:00,6.67,6.67,6.67,6.67,400,0
2014-09-18,18:00:00,6.54,6.54,6.54,6.54,4600,0
2014-09-19,16:00:00,6.51,6.54,6.5,6.54,3500,0
2014-09-19,17:00:00,6.54,6.54,6.54,6.54,300,0
2014-09-19,18:00:00,6.5,6.5,6.43,6.48,12216,0
2014-09-19,22:00:00,6.49,6.49,6.4,6.4,3300,0
2014-09-22,16:00:00,6.43,6.43,6.43,6.43,100,0
2014-09-22,17:00:00,6.42,6.44,6.42,6.44,200,0
2014-09-22,18:00:00,6.37,6.42,6.37,6.42,1500,0
2014-09-22,19:00:00,6.39,6.44,6.39,6.44,700,0
2014-09-22,20:00:00,6.4,6.44,6.4,6.4,1800,0
2014-09-22,21:00:00,6.41,6.41,6.4,6.4,260,0
2014-09-22,22:00:00,6.43,6.52,6.4,6.47,16981,0
2014-09-23,17:00:00,6.37,6.41,6.37,6.41,2400,0
2014-09-23,19:00:00,6.41,6.41,6.41,6.41,500,0
2014-09-23,20:00:00,6.41,6.41,6.41,6.41,100,0
2014-09-23,21:00:00,6.42,6.42,6.42,6.42,1000,0
2014-09-23,22:00:00,6.3,6.33,6.3,6.31,300,0
2014-09-24,21:00:00,6.42,6.49,6.42,6.49,1900,0
2014-09-24,22:00:00,6.48,6.48,6.47,6.47,500,0
2014-09-25,17:00:00,6.4,6.4,6.4,6.4,100,0
2014-09-26,17:00:00,6.38,6.38,6.38,6.38,100,0
2014-09-29,18:00:00,6.52,6.52,6.52,6.52,300,0
2014-09-29,19:00:00,6.41,6.41,6.41,6.41,300,0
2014-09-29,21:00:00,6.44,6.44,6.44,6.44,100,0
2014-09-30,18:00:00,6.4,6.4,6.4,6.4,2000,0
2014-09-30,20:00:00,6.17,6.17,6.17,6.17,100,0
2014-09-30,21:00:00,6.4,6.4,6.4,6.4,498,0
2014-10-01,16:00:00,6.26,6.26,6.26,6.26,200,0
2014-10-01,18:00:00,6.33,6.33,6.33,6.33,100,0
2014-10-02,16:00:00,6.02,6.1,6.02,6.1,900,0
2014-10-02,18:00:00,6.05,6.05,6.04,6.04,257,0
2014-10-03,17:00:00,6.04,6.04,6.04,6.04,2000,0
2014-10-03,22:00:00,6.04,6.07,6.04,6.07,200,0
2014-10-06,16:00:00,6.06,6.06,6.06,6.06,300,0
2014-10-07,20:00:00,6.22,6.27,6.22,6.27,4900,0
2014-10-07,21:00:00,6.28,6.28,6.28,6.28,120,0
2014-10-07,22:00:00,6.26,6.26,6.09,6.09,3340,0
2014-10-08,16:00:00,6.1,6.21,6.1,6.16,4315,0
2014-10-09,19:00:00,6.04,6.04,6.04,6.04,1040,0
2014-10-10,17:00:00,5.9,5.9,5.9,5.9,1000,0
2014-10-13,18:00:00,5.83,5.85,5.83,5.85,1600,0
2014-10-14,16:00:00,5.84,5.94,5.8,5.94,965,0
2014-10-14,17:00:00,5.8,5.8,5.8,5.8,100,0
2014-10-14,18:00:00,5.83,5.83,5.82,5.82,1000,0
2014-10-16,20:00:00,5.75,5.75,5.75,5.75,300,0
2014-10-20,20:00:00,5.8,5.8,5.8,5.8,616,0
2014-10-21,18:00:00,5.9,5.9,5.9,5.9,200,0
2014-10-22,18:00:00,5.9,5.92,5.9,5.92,4030,0
2014-10-22,21:00:00,5.9,5.9,5.9,5.9,800,0
2014-10-22,22:00:00,5.85,5.85,5.75,5.76,800,0
2014-10-23,18:00:00,5.85,5.85,5.85,5.85,300,0
2014-10-23,22:00:00,6.01,6.01,6.01,6.01,200,0
2014-10-24,16:00:00,6.05,6.05,6.05,6.05,100,0
2014-10-24,21:00:00,5.92,5.92,5.92,5.92,150,0
2014-10-28,16:00:00,5.8,5.8,5.8,5.8,400,0
2014-10-29,17:00:00,6.0,6.0,6.0,6.0,600,0
2014-11-03,16:00:00,5.86,5.86,5.86,5.86,311,0
2014-11-03,17:00:00,5.76,5.94,5.76,5.94,1100,0
2014-11-03,21:00:00,5.84,5.84,5.8,5.8,1500,0
2014-11-03,22:00:00,5.76,5.76,5.75,5.75,3000,0
2014-11-05,22:00:00,5.7,5.7,5.7,5.7,100,0
2014-11-06,22:00:00,5.73,5.73,5.73,5.73,120,0
2014-11-07,21:00:00,5.61,5.61,5.61,5.61,100,0
2014-11-10,16:00:00,5.66,5.66,5.64,5.64,600,0
2014-11-10,22:00:00,5.56,5.56,5.56,5.56,100,0
2014-11-11,18:00:00,5.71,5.71,5.71,5.71,600,0
2014-11-12,17:00:00,5.6,5.6,5.6,5.6,200,0
2014-11-13,17:00:00,5.71,5.71,5.71,5.71,953,0
2014-11-13,21:00:00,5.56,5.56,5.56,5.56,600,0
2014-11-19,17:00:00,5.45,5.45,5.45,5.45,800,0
2014-11-19,20:00:00,5.38,5.4,5.38,5.4,1000,0
2014-11-19,21:00:00,5.38,5.48,5.38,5.48,525,0
2014-11-19,22:00:00,5.38,5.38,5.38,5.38,350,0
2014-11-21,22:00:00,5.52,5.52,5.52,5.52,550,0
2014-11-26,21:00:00,5.34,5.34,5.33,5.33,322,0
2014-11-26,22:00:00,5.35,5.35,5.35,5.35,2300,0
2014-11-28,16:00:00,5.28,5.28,5.28,5.28,200,0
2014-11-28,19:00:00,5.17,5.18,5.17,5.18,2400,0
2014-12-01,16:00:00,5.3,5.3,5.2,5.2,500,0
2014-12-01,17:00:00,5.49,5.49,5.2,5.2,656,0
2014-12-01,18:00:00,4.78,4.78,4.42,4.47,1140,0
2014-12-01,19:00:00,5.0,5.0,4.99,4.99,700,0
2014-12-01,20:00:00,5.0,5.02,5.0,5.02,2400,0
2014-12-01,21:00:00,4.99,5.01,4.99,5.01,2000,0
2014-12-01,22:00:00,5.14,5.14,5.14,5.14,300,0
2014-12-02,17:00:00,4.86,4.88,4.86,4.88,400,0
2014-12-02,18:00:00,5.05,5.07,4.99,4.99,700,0
2014-12-03,19:00:00,4.97,4.97,4.97,4.97,1000,0
2014-12-03,20:00:00,4.89,4.96,4.88,4.9,900,0
2014-12-03,21:00:00,4.78,4.85,4.78,4.85,600,0
2014-12-03,22:00:00,4.88,4.93,4.88,4.9,1100,0
2014-12-04,18:00:00,4.84,4.97,4.84,4.97,700,0
2014-12-04,19:00:00,4.89,4.89,4.88,4.89,400,0
2014-12-05,16:00:00,4.75,4.84,4.75,4.83,700,0
2014-12-05,17:00:00,4.75,4.82,4.75,4.81,3200,0
2014-12-05,19:00:00,4.84,4.89,4.79,4.79,700,0
2014-12-05,21:00:00,4.77,4.77,4.76,4.76,1100,0
2014-12-05,22:00:00,4.97,4.97,4.97,4.97,200,0
2014-12-08,16:00:00,4.97,4.97,4.97,4.97,1200,0
2014-12-08,17:00:00,4.77,4.83,4.77,4.79,2300,0
2014-12-08,19:00:00,4.65,4.65,4.65,4.65,265,0
2014-12-09,17:00:00,4.73,4.73,4.73,4.73,100,0
2014-12-09,18:00:00,4.66,4.66,4.61,4.61,700,0
2014-12-10,22:00:00,4.5,4.5,4.43,4.43,2800,0
2014-12-12,16:00:00,4.16,4.35,4.16,4.35,1600,0
2014-12-12,19:00:00,4.36,4.36,4.3,4.3,3400,0
2014-12-15,16:00:00,4.26,4.26,4.25,4.26,2800,0
2014-12-15,17:00:00,4.26,4.28,4.25,4.25,2774,0
2014-12-15,18:00:00,4.26,4.27,4.26,4.27,1300,0
2014-12-15,21:00:00,4.12,4.12,4.12,4.12,120,0
2014-12-15,22:00:00,4.12,4.12,4.12,4.12,100,0
2014-12-16,17:00:00,4.08,4.08,4.08,4.08,200,0
2014-12-16,19:00:00,4.23,4.23,4.23,4.23,900,0
2014-12-16,20:00:00,4.25,4.25,4.25,4.25,400,0
2014-12-17,17:00:00,4.09,4.2,4.09,4.2,700,0
2014-12-17,21:00:00,4.48,4.52,4.47,4.48,2500,0
2014-12-18,17:00:00,4.28,4.28,4.28,4.28,100,0
2014-12-18,20:00:00,4.26,4.26,4.25,4.25,2700,0
2014-12-18,21:00:00,4.26,4.26,4.25,4.25,652,0
2014-12-19,17:00:00,4.16,4.16,4.16,4.16,200,0
2014-12-22,20:00:00,4.12,4.12,4.12,4.12,500,0
2014-12-22,21:00:00,4.07,4.07,4.07,4.07,1200,0
2014-12-23,16:00:00,4.08,4.32,4.08,4.32,1490,0
2014-12-23,21:00:00,4.22,4.25,4.2,4.25,1220,0
2014-12-24,16:00:00,4.26,4.28,4.26,4.27,1000,0
2014-12-24,19:00:00,4.27,4.27,4.27,4.27,500,0
2014-12-26,16:00:00,4.31,4.31,4.31,4.31,100,0
2014-12-26,17:00:00,4.28,4.28,4.28,4.28,450,0
2014-12-26,22:00:00,4.28,4.28,4.04,4.04,700,0
2014-12-29,17:00:00,4.24,4.24,4.24,4.24,600,0
2014-12-29,18:00:00,4.13,4.13,4.13,4.13,100,0
2014-12-29,19:00:00,4.12,4.12,4.12,4.12,500,0
2014-12-29,22:00:00,4.05,4.08,4.05,4.08,2700,0
2014-12-31,16:00:00,4.06,4.06,4.06,4.06,300,0
2014-12-31,17:00:00,4.07,4.07,4.0,4.0,1725,0
2014-12-31,18:00:00,3.97,3.97,3.9,3.9,900,0
2014-12-31,21:00:00,3.88,3.9,3.88,3.9,1300,0
2014-12-31,22:00:00,3.85,3.85,3.85,3.85,1000,0
2015-01-02,20:00:00,3.87,3.87,3.87,3.87,200,0
2015-01-06,17:00:00,3.65,3.75,3.65,3.73,1000,0
2015-01-07,20:00:00,3.49,3.49,3.49,3.49,818,0
2015-01-08,16:00:00,3.71,3.71,3.71,3.71,100,0
2015-01-09,19:00:00,3.46,3.46,3.39,3.39,3500,0
2015-01-12,17:00:00,3.48,3.48,3.48,3.48,250,0
2015-01-13,18:00:00,3.4,3.4,3.4,3.4,700,0
2015-01-14,18:00:00,3.35,3.39,3.35,3.37,2500,0
2015-01-14,21:00:00,3.39,3.39,3.39,3.39,200,0
2015-01-16,16:00:00,3.39,3.39,3.39,3.39,500,0
2015-01-16,18:00:00,3.55,3.56,3.45,3.56,4600,0
2015-01-16,19:00:00,3.53,3.53,3.52,3.52,1100,0
2015-01-16,20:00:00,3.58,3.6,3.56,3.58,5850,0
2015-01-20,17:00:00,3.53,3.87,3.5,3.51,3908,0
2015-01-20,18:00:00,3.51,3.51,3.51,3.51,100,0
2015-01-20,19:00:00,3.5,3.5,3.5,3.5,200,0
2015-01-27,20:00:00,3.45,3.77,3.45,3.77,4800,0
2015-01-27,21:00:00,3.55,3.69,3.55,3.69,1000,0
2015-01-28,18:00:00,3.38,3.38,3.38,3.38,290,0
2015-01-28,21:00:00,3.28,3.28,3.28,3.28,200,0
2015-01-30,17:00:00,3.29,3.29,3.29,3.29,700,0
2015-01-30,21:00:00,3.4,3.45,3.4,3.45,300,0
2015-02-02,19:00:00,3.57,3.62,3.57,3.62,2920,0
2015-02-02,20:00:00,3.63,3.63,3.63,3.63,100,0
2015-02-02,22:00:00,3.66,3.74,3.57,3.57,1690,0
2015-02-03,17:00:00,3.85,3.85,3.85,3.85,100,0
2015-02-03,18:00:00,3.85,3.85,3.85,3.85,100,0
2015-02-03,19:00:00,3.85,3.96,3.85,3.96,336,0
2015-02-03,20:00:00,3.98,4.0,3.98,4.0,300,0
2015-02-03,22:00:00,3.73,3.73,3.73,3.73,300,0
2015-02-05,18:00:00,3.73,3.73,3.73,3.73,700,0
2015-02-06,19:00:00,3.81,3.81,3.81,3.81,100,0
2015-02-09,16:00:00,3.9,3.9,3.9,3.9,700,0
2015-02-09,17:00:00,3.85,3.86,3.72,3.72,3811,0
2015-02-09,22:00:00,3.87,4.0,3.87,4.0,3300,0
2015-02-10,16:00:00,3.92,3.92,3.92,3.92,300,0
2015-02-11,18:00:00,3.71,3.71,3.7,3.7,300,0
2015-02-11,20:00:00,3.71,3.71,3.71,3.71,240,0
2015-02-12,17:00:00,3.78,3.78,3.78,3.78,700,0
2015-02-12,21:00:00,3.82,3.82,3.82,3.82,1000,0
2015-02-12,22:00:00,3.8,3.8,3.8,3.8,200,0
2015-02-13,16:00:00,3.77,3.77,3.77,3.77,272,0
2015-02-13,20:00:00,3.88,3.88,3.88,3.88,200,0
2015-02-13,21:00:00,3.9,3.9,3.9,3.9,700,0
2015-02-13,22:00:00,3.99,3.99,3.95,3.95,1374,0
2015-02-17,16:00:00,4.16,4.16,4.15,4.15,552,0
2015-02-17,17:00:00,3.89,3.89,3.89,3.89,200,0
2015-02-18,17:00:00,3.9,3.9,3.9,3.9,2600,0
2015-02-18,18:00:00,3.89,3.89,3.75,3.75,500,0
2015-02-18,21:00:00,3.74,3.97,3.74,3.97,892,0
2015-02-18,22:00:00,3.96,4.49,3.96,4.47,1000,0
2015-02-19,17:00:00,3.9,3.9,3.9,3.9,2100,0
2015-02-19,22:00:00,3.74,3.74,3.74,3.74,230,0
2015-02-20,16:00:00,3.74,3.74,3.74,3.74,100,0
2015-02-20,18:00:00,3.61,3.61,3.61,3.61,100,0
2015-02-20,19:00:00,3.62,3.62,3.61,3.61,200,0
2015-02-20,20:00:00,3.57,3.58,3.57,3.58,300,0
2015-02-20,21:00:00,3.59,3.59,3.59,3.59,200,0
2015-02-20,22:00:00,4.03,4.03,4.03,4.03,300,0
2015-02-24,16:00:00,3.5,3.5,3.5,3.5,357,0
2015-02-24,21:00:00,4.0,4.0,4.0,4.0,100,0
2015-02-25,20:00:00,3.6,3.73,3.6,3.6,2200,0
2015-02-27,21:00:00,4.0,4.0,4.0,4.0,706,0
2015-02-27,22:00:00,3.96,4.01,3.87,3.87,3100,0
2015-03-02,16:00:00,3.99,3.99,3.99,3.99,1380,0
2015-03-02,19:00:00,3.95,3.95,3.93,3.93,200,0
2015-03-02,21:00:00,3.93,3.93,3.93,3.93,500,0
2015-03-03,18:00:00,3.99,4.08,3.99,4.08,438,0
2015-03-03,20:00:00,4.0378,4.0999,3.986,3.986,658,0
2015-03-03,21:00:00,4.1,4.1,4.1,4.1,100,0
2015-03-04,16:00:00,4.13,4.13,4.08,4.09,700,0
2015-03-04,17:00:00,4.08,4.08,4.08,4.08,100,0
2015-03-04,22:00:00,3.8688,3.8688,3.8688,3.8688,1160,0
2015-03-05,17:00:00,4.04,4.04,4.04,4.04,100,0
2015-03-05,20:00:00,3.8001,3.8001,3.8001,3.8001,1000,0
2015-03-06,17:00:00,3.81,3.81,3.81,3.81,1000,0
2015-03-06,18:00:00,3.801,3.801,3.801,3.801,248,0
2015-03-06,20:00:00,3.88,3.88,3.88,3.88,100,0
2015-03-06,22:00:00,3.8701,3.8701,3.8701,3.8701,500,0
2015-03-09,17:00:00,3.8001,3.8001,3.8001,3.8001,248,0
2015-03-10,20:00:00,3.8,3.8,3.8,3.8,100,0
2015-03-11,18:00:00,3.8,3.8022,3.8,3.8022,800,0
2015-03-12,21:00:00,3.8001,3.8001,3.8,3.8,1000,0
2015-03-13,15:00:00,3.8,3.8,3.8,3.8,100,0
2015-03-13,17:00:00,3.8,3.8,3.8,3.8,3600,0
2015-03-13,18:00:00,3.76,3.76,3.76,3.76,300,0
2015-03-16,15:00:00,3.8,3.8,3.8,3.8,608,0
2015-03-16,16:00:00,3.8,4.397,3.8,4.397,8702,0
2015-03-16,19:00:00,4.34,4.34,4.34,4.34,650,0
2015-03-16,20:00:00,4.3899,4.3899,4.3899,4.3899,200,0
2015-03-16,21:00:00,3.81,3.81,3.81,3.81,250,0
2015-03-17,15:00:00,3.76,3.76,3.76,3.76,200,0
2015-03-17,16:00:00,4.3023,4.3023,4.3023,4.3023,200,0
2015-03-18,16:00:00,3.92,3.93,3.92,3.93,300,0
2015-03-19,17:00:00,4,4.06,4,4.06,1400,0
2015-03-19,21:00:00,4.0167,4.0167,4.0167,4.0167,1000,0
2015-03-20,16:00:00,3.998,3.998,3.998,3.998,800,0
2015-03-20,19:00:00,4.0999,4.0999,4.0999,4.0999,600,0
2015-03-23,15:00:00,4.09,4.09,3.8,3.8,1146,0
2015-03-24,15:00:00,3.94,3.94,3.94,3.94,100,0
2015-03-24,17:00:00,3.9499,3.9499,3.9499,3.9499,800,0
2015-03-24,19:00:00,3.94,3.94,3.94,3.94,2000,0
2015-03-25,21:00:00,3.9324,3.95,3.9324,3.95,1900,0
2015-03-27,15:00:00,4.04,4.05,4.04,4.05,1600,0
2015-03-27,16:00:00,4,4.01,4,4,3100,0
2015-03-27,17:00:00,3.95,3.96,3.95,3.96,545,0
2015-03-30,16:00:00,4.14,4.14,4.14,4.14,1800,0
2015-03-30,22:00:00,4.0674,4.0699,4.0674,4.0699,600,0
2015-03-31,17:00:00,4.0001,4.0001,4.0001,4.0001,500,0
2015-03-31,18:00:00,4.1403,4.1403,4.1403,4.1403,100,0
2015-03-31,20:00:00,4.02,4.02,4.02,4.02,300,0
2015-03-31,22:00:00,4.05,4.05,4.05,4.05,500,0
2015-04-01,17:00:00,4.25,4.26,4.08,4.1,2300,0
2015-04-01,20:00:00,4.045,4.045,4.045,4.045,100,0
2015-04-01,22:00:00,4,4,4,4,159,0
2015-04-02,16:00:00,4.32,4.32,4.32,4.32,250,0
2015-04-02,19:00:00,4.32,4.32,4.32,4.32,1,0
2015-04-06,16:00:00,4.35,4.35,4.13,4.14,458,0
2015-04-06,17:00:00,3.8,3.8,3.8,3.8,100,0
2015-04-06,20:00:00,4.119,4.119,4.119,4.119,100,0
2015-04-07,21:00:00,4,4,4,4,146,0
2015-04-09,17:00:00,4.3,4.3,4.3,4.3,1974,0
2015-04-09,18:00:00,4.16,4.2,4.16,4.2,2074,0
2015-04-09,20:00:00,4.09,4.09,3.9427,3.9427,550,0
2015-04-09,21:00:00,4.1999,4.2,4.1999,4.2,977,0
2015-04-10,20:00:00,4.029,4.05,4.029,4.05,2157,0
2015-04-13,22:00:00,4,4,4,4,200,0
2015-04-14,20:00:00,4,4,4,4,1897,0
2015-04-14,22:00:00,4,4,4,4,397,0
2015-04-15,16:00:00,3.8,3.8,3.8,3.8,1000,0
2015-04-15,19:00:00,3.8101,3.8101,3.8101,3.8101,200,0
2015-04-16,19:00:00,4.27,4.3,4.27,4.3,4015,0
2015-04-16,20:00:00,4.3,4.3,4.3,4.3,1039,0
2015-04-16,21:00:00,4.28,4.3,4.28,4.2999,1693,0
2015-04-16,22:00:00,4.2999,4.2999,4.2999,4.2999,14,0
2015-04-17,21:00:00,4.25,4.25,4.25,4.25,454,0
2015-04-20,22:00:00,4.25,4.2501,4.25,4.2501,900,0
2015-04-21,18:00:00,4.25,4.25,4.25,4.25,100,0
2015-04-22,16:00:00,4.25,4.25,4.2499,4.2499,340,0
2015-04-22,17:00:00,3.99,3.99,3.99,3.99,350,0
2015-04-23,16:00:00,4.27,4.27,4.27,4.27,4279,0
2015-04-23,17:00:00,4.2448,4.2448,4.22,4.24,2549,0
2015-04-23,21:00:00,4.2999,4.2999,4.2999,4.2999,200,0
2015-04-23,22:00:00,4.3,4.3,4.3,4.3,400,0
2015-04-24,16:00:00,4.48,4.48,4.3,4.3,2636,0
2015-04-27,16:00:00,4.39,4.39,4.39,4.39,2000,0
2015-04-27,19:00:00,4.2616,4.2616,4.2616,4.2616,200,0
2015-04-28,20:00:00,4.2999,4.2999,4.2999,4.2999,462,0
2015-04-30,16:00:00,4.1216,4.1216,4.01,4.01,1505,0
2015-04-30,20:00:00,4.2999,4.2999,4.2999,4.2999,331,0
2015-04-30,21:00:00,4.2999,4.2999,4.2999,4.2999,1080,0
2015-04-30,22:00:00,4.28,4.28,4.28,4.28,100,0
2015-05-01,22:00:00,4.2201,4.2201,4.21,4.21,664,0
2015-05-04,16:00:00,4.3,4.3,4.3,4.3,2000,0
2015-05-04,19:00:00,4.2999,4.3,4.2999,4.2999,5000,0
2015-05-05,16:00:00,4.3,4.3,4.3,4.3,230,0
2015-05-05,17:00:00,4.211,4.211,4.211,4.211,1000,0
2015-05-05,21:00:00,4.3,4.3,4.2999,4.3,4609,0
2015-05-06,17:00:00,4.3,4.34,4.3,4.34,3307,0
2015-05-06,18:00:00,4.63,4.85,4.5,4.535,10047,0
2015-05-06,19:00:00,4.35,4.35,4.21,4.21,3008,0
2015-05-06,20:00:00,4.3799,4.43,4.28,4.29,8700,0
2015-05-06,21:00:00,4.31,4.45,4.28,4.45,6400,0
2015-05-06,22:00:00,4.3,4.397,4.21,4.21,6031,0
2015-05-07,17:00:00,4.26,4.4,4.21,4.21,2400,0
2015-05-07,18:00:00,4.4499,4.46,4.21,4.3092,3800,0
2015-05-07,19:00:00,4.45,4.52,4.25,4.4,11276,0
2015-05-07,20:00:00,4.55,4.65,4.55,4.65,2664,0
2015-05-07,22:00:00,4.25,5,4.25,5,4690,0
2015-05-08,16:00:00,4.68,4.98,4.68,4.98,2400,0
2015-05-08,17:00:00,4.56,4.98,4.55,4.97,17900,0
2015-05-08,18:00:00,4.6801,4.97,4.65,4.65,5702,0
2015-05-08,19:00:00,4.651,4.9699,4.65,4.9699,2260,0
2015-05-08,20:00:00,4.92,4.92,4.83,4.83,2000,0
2015-05-08,22:00:00,4.639,4.7995,4.37,4.66,6070,0
2015-05-11,18:00:00,4.39,4.39,4.28,4.29,3075,0
2015-05-11,19:00:00,4.37,4.37,4.21,4.35,2670,0
2015-05-11,20:00:00,4.19,4.45,4.19,4.4,9400,0
2015-05-11,21:00:00,4.4,4.4,4.4,4.4,2000,0
2015-05-11,22:00:00,4.5,4.5,4.48,4.48,6300,0
2015-05-12,16:00:00,4.35,4.35,4.35,4.35,300,0
2015-05-12,17:00:00,4.4,4.43,4.4,4.43,200,0
2015-05-12,18:00:00,4.43,4.48,4.35,4.48,2000,0
2015-05-12,19:00:00,4.3801,4.58,4.3801,4.55,1009,0
2015-05-12,20:00:00,4.56,4.59,4.5405,4.59,900,0
2015-05-12,21:00:00,4.51,4.51,4.48,4.48,900,0
2015-05-12,22:00:00,4.5,4.5,4.5,4.5,1500,0
2015-05-13,16:00:00,4.75,4.75,4.75,4.75,100,0
2015-05-13,17:00:00,4.75,4.75,4.74,4.74,2200,0
2015-05-13,18:00:00,4.7,4.7,4.53,4.53,10302,0
2015-05-13,19:00:00,4.59,4.59,4.5894,4.5894,350,0
2015-05-13,21:00:00,4.53,4.53,4.53,4.53,500,0
2015-05-13,22:00:00,4.5,4.5756,4.5,4.5756,2735,0
2015-05-14,16:00:00,4.59,4.59,4.59,4.59,300,0
2015-05-14,18:00:00,4.56,4.56,4.05,4.18,4629,0
2015-05-14,19:00:00,4.05,4.6,4.05,4.6,9127,0
2015-05-14,20:00:00,4.55,4.6,4.55,4.6,600,0
2015-05-14,21:00:00,4.65,4.75,4.65,4.7001,1400,0
2015-05-14,22:00:00,4.92,4.95,4.7,4.93,3514,0
2015-05-15,16:00:00,4.89,4.89,4.89,4.89,4200,0
2015-05-15,17:00:00,4.96,4.96,4.65,4.7,9600,0
2015-05-15,18:00:00,4.7,4.7,4.7,4.7,1525,0
2015-05-15,19:00:00,4.7,4.7,4.65,4.65,2740,0
2015-05-15,21:00:00,4.59,4.63,4.59,4.63,2000,0
2015-05-15,22:00:00,4.63,4.63,4.27,4.27,7123,0
2015-05-18,17:00:00,4.7,4.7,4.7,4.7,300,0
2015-05-18,18:00:00,4.65,4.65,4.6499,4.6499,1531,0
2015-05-18,19:00:00,4.55,4.55,4.55,4.55,200,0
2015-05-18,20:00:00,4.47,4.47,4.47,4.47,1695,0
2015-05-18,21:00:00,4.582,4.7,4.582,4.7,1550,0
2015-05-18,22:00:00,4.7,4.7,4.6999,4.7,3832,0
2015-05-19,16:00:00,4.52,4.52,4.52,4.52,1000,0
2015-05-19,18:00:00,4.52,4.52,4.52,4.52,212,0
2015-05-19,21:00:00,4.63,4.65,4.629,4.65,1000,0
2015-05-19,22:00:00,4.659,4.66,4.47,4.66,2274,0
2015-05-20,17:00:00,4.7,4.8,4.7,4.8,1217,0
2015-05-20,18:00:00,4.8,5.01,4.47,4.8099,5425,0
2015-05-21,16:00:00,4.66,4.66,4.66,4.66,1746,0
2015-05-21,17:00:00,4.82,4.82,4.8199,4.8199,1200,0
2015-05-21,19:00:00,4.82,4.82,4.82,4.82,100,0
2015-05-21,20:00:00,4.81,4.88,4.81,4.88,3691,0
2015-05-21,21:00:00,5.3,5.3,4.63,4.96,1508,0
2015-05-21,22:00:00,5.03,5.08,4.52,5.08,1515,0
2015-05-22,17:00:00,5.08,5.3,5.08,5.2999,3487,0
2015-05-22,18:00:00,5.29,5.29,4.81,5.0695,1908,0
2015-05-22,19:00:00,4.87,5.1,4.87,4.91,600,0
2015-05-22,20:00:00,4.91,4.91,4.91,4.91,530,0
2015-05-22,21:00:00,5.2099,5.2099,5.2099,5.2099,503,0
2015-05-26,16:00:00,5.15,5.15,4.52,4.52,1186,0
2015-05-26,18:00:00,5.01,5.24,5,5.175,2100,0
2015-05-26,19:00:00,5.24,5.24,5.15,5.15,1600,0
2015-05-26,21:00:00,5.24,5.24,5.175,5.175,1450,0
2015-05-26,22:00:00,5.2,5.2,5.1163,5.1163,1500,0
2015-05-27,16:00:00,5.2,5.39,5.14,5.35,15980,0
2015-05-27,18:00:00,5.4475,5.4475,5.4475,5.4475,666,0
2015-05-27,20:00:00,5.47,5.48,5.47,5.48,1675,0
2015-05-27,22:00:00,5.8699,5.8699,5.68,5.8,4254,0
2015-05-28,16:00:00,5.64,5.8,5.31,5.8,910,0
2015-05-28,17:00:00,5.5,5.5,5.05,5.05,1416,0
2015-05-28,19:00:00,5.05,5.05,5.05,5.05,300,0
2015-05-28,20:00:00,5.01,5.01,4.73,4.73,2412,0
2015-05-28,22:00:00,5.0652,5.35,5.0652,5.34,6950,0
2015-05-29,18:00:00,4.8169,4.8169,4.8146,4.8146,250,0
2015-05-29,19:00:00,5.45,5.5,5.45,5.5,800,0
2015-05-29,22:00:00,5.5,5.5,5.45,5.45,400,0
2015-06-01,16:00:00,5.65,5.7027,5.65,5.66,1128,0
2015-06-01,18:00:00,5.65,5.656,5.65,5.656,200,0
2015-06-01,21:00:00,5.71,5.78,5.7,5.7799,1000,0
2015-06-01,22:00:00,5.787,5.787,5.787,5.787,100,0
2015-06-02,17:00:00,5.789,5.79,5.65,5.65,700,0
2015-06-02,19:00:00,5.88,6,5.88,6,450,0
2015-06-02,20:00:00,6.08,6.23,6.08,6.1,3100,0
2015-06-02,21:00:00,6.1,6.21,6.1,6.21,600,0
2015-06-02,22:00:00,6.38,6.5,6.25,6.5,5028,0
2015-06-03,16:00:00,6.3,6.3,6.3,6.3,130,0
2015-06-03,18:00:00,6.05,6.05,6.05,6.05,1650,0
2015-06-03,21:00:00,6.3,6.3,6.3,6.3,1700,0
2015-06-03,22:00:00,6.0501,6.49,6.0501,6.48,5111,0
2015-06-04,16:00:00,6.5,6.5,6.5,6.5,500,0
2015-06-04,17:00:00,6.01,6.12,6,6.0001,2100,0
2015-06-04,20:00:00,6.3306,6.3306,6.3,6.3,200,0
2015-06-05,19:00:00,6.4884,6.4884,6.4884,6.4884,1384,0
2015-06-05,20:00:00,6.39,6.4775,6.39,6.4775,1366,0
2015-06-05,21:00:00,6.0001,6.48,6.0001,6.48,655,0
2015-06-08,16:00:00,6.3,6.3,6.3,6.3,1549,0
2015-06-08,20:00:00,6.24,6.298,6.24,6.298,1000,0
2015-06-08,21:00:00,6.15,6.15,6.15,6.15,100,0
2015-06-08,22:00:00,6.29,6.3,6.29,6.3,600,0
2015-06-09,16:00:00,6,6.25,6,6.25,1600,0
2015-06-09,17:00:00,6.3,6.4,6.3,6.3488,1879,0
2015-06-09,22:00:00,6.4999,6.5,6.4999,6.5,800,0
2015-06-10,21:00:00,6.5,6.5,6.5,6.5,347,0
2015-06-10,22:00:00,6.07,6.07,6.05,6.05,1900,0
2015-06-11,16:00:00,6.06,6.06,6,6,950,0
2015-06-11,17:00:00,6.05,6.38,6.05,6.3363,2900,0
2015-06-11,19:00:00,6.34,6.35,6.3,6.3,1600,0
2015-06-11,22:00:00,6.31,6.31,6.31,6.31,100,0
2015-06-12,16:00:00,6.25,6.25,6.25,6.25,900,0
2015-06-12,19:00:00,6.3404,6.3404,6.3404,6.3404,110,0
2015-06-12,21:00:00,6.13,6.16,6.13,6.16,500,0
2015-06-15,16:00:00,6,6.02,4.62,5.55,3759,0
2015-06-15,17:00:00,5.2999,5.2999,5.2198,5.2198,470,0
2015-06-15,20:00:00,5.3,5.33,5.3,5.31,1000,0
2015-06-15,22:00:00,5.31,5.55,4.99,5.55,6109,0
2015-06-16,16:00:00,5.54,5.56,5.54,5.55,925,0
2015-06-16,17:00:00,5.55,5.8,5.55,5.8,400,0
2015-06-16,18:00:00,6,6.0001,6,6.0001,3915,0
2015-06-18,20:00:00,5.76,5.8,5.76,5.7999,1340,0
2015-06-19,21:00:00,5.79,5.8,5.79,5.7901,1400,0
2015-06-22,16:00:00,5.83,5.83,5.76,5.76,3105,0
2015-06-22,17:00:00,5.5,5.5,5.5,5.5,200,0
2015-06-22,18:00:00,5.46,5.46,5.46,5.46,200,0
2015-06-22,19:00:00,5.38,5.44,5.2,5.2001,2184,0
2015-06-22,22:00:00,5.28,5.28,5.27,5.27,2225,0
2015-06-23,17:00:00,5.4884,5.4884,5.4228,5.4228,1000,0
2015-06-23,19:00:00,5.33,5.33,5.33,5.33,200,0
2015-06-24,19:00:00,5.1285,5.1285,5.1285,5.1285,700,0
2015-06-25,17:00:00,5.38,5.38,5.38,5.38,200,0
2015-06-25,18:00:00,5.3888,5.3888,5.3888,5.3888,200,0
2015-06-25,20:00:00,5.27,5.27,5.1482,5.15,1200,0
2015-06-25,21:00:00,5.29,5.29,5.29,5.29,100,0
2015-06-26,16:00:00,5,5,5,5,500,0
2015-06-26,17:00:00,5.0087,5.23,4.99,5.2,2950,0
2015-06-26,18:00:00,5.3865,5.3865,5.04,5.04,700,0
2015-06-26,19:00:00,5.04,5.0401,4.56,4.56,400,0
2015-06-26,21:00:00,4.8882,4.8882,4.8,4.8,1700,0
2015-06-29,16:00:00,4.9,4.9,4.9,4.9,100,0
2015-06-29,18:00:00,5.0199,5.0199,5.0199,5.0199,1000,0
2015-06-29,19:00:00,4.9,4.9,4.9,4.9,854,0
2015-06-29,21:00:00,4.97,4.97,4.97,4.97,400,0
2015-06-30,17:00:00,4.9,4.99,4.9,4.99,1400,0
2015-06-30,18:00:00,4.99,4.99,4.99,4.99,100,0
2015-06-30,19:00:00,4.99,4.993,4.9,4.9,1570,0
2015-06-30,20:00:00,4.621,4.621,4.621,4.621,300,0
2015-06-30,21:00:00,4.672,4.672,4.672,4.672,600,0
2015-06-30,22:00:00,4.62,4.699,4.56,4.56,1283,0
2015-07-01,16:00:00,4.6,4.65,4.6,4.65,1091,0
2015-07-01,19:00:00,4.61,4.6101,4.56,4.6101,1060,0
2015-07-01,22:00:00,4.33,4.33,4.33,4.33,231,0
2015-07-02,17:00:00,4.22,4.22,4.22,4.22,643,0
2015-07-02,18:00:00,4.22,4.23,4.15,4.15,688,0
2015-07-06,16:00:00,4.02,4.02,4.02,4.02,200,0
2015-07-06,20:00:00,4.1,4.1,4.1,4.1,400,0
2015-07-07,17:00:00,3.9001,3.9001,3.83,3.83,3800,0
2015-07-07,18:00:00,3.83,3.8301,3.83,3.8301,700,0
2015-07-07,22:00:00,3.83,3.83,3.83,3.83,100,0
2015-07-08,16:00:00,3.81,3.81,3.81,3.81,100,0
2015-07-09,16:00:00,3.8001,3.8001,3.8001,3.8001,1000,0
2015-07-09,17:00:00,3.89,3.998,3.89,3.998,1200,0
2015-07-09,18:00:00,4,4,4,4,1200,0
2015-07-09,20:00:00,3.85,3.85,3.803,3.842,1400,0
2015-07-09,21:00:00,3.8436,3.85,3.84,3.85,2700,0
2015-07-09,22:00:00,3.84,3.84,3.84,3.84,1300,0
2015-07-10,16:00:00,3.9899,3.9999,3.9899,3.9999,734,0
2015-07-10,17:00:00,3.9999,3.9999,3.757,3.757,2718,0
2015-07-10,18:00:00,3.76,3.7619,3.75,3.7619,9013,0
2015-07-10,20:00:00,3.73,3.73,3.61,3.63,1131,0
2015-07-10,22:00:00,3.9335,3.9335,3.9335,3.9335,700,0
2015-07-13,19:00:00,3.9648,3.9648,3.9648,3.9648,232,0
2015-07-13,22:00:00,3.91,3.99,3.86,3.86,4300,0
2015-07-14,16:00:00,3.82,3.82,3.82,3.82,271,0
2015-07-14,17:00:00,3.82,3.82,3.78,3.78,502,0
2015-07-14,18:00:00,3.78,3.7801,3.78,3.7801,200,0
2015-07-14,19:00:00,3.78,3.84,3.53,3.53,2871,0
2015-07-14,21:00:00,3.53,4.53,3.53,4.53,33471,0
2015-07-14,22:00:00,4.51,4.51,4.05,4.05,36570,0
2015-07-15,16:00:00,4.09,4.1,3.76,3.9,7508,0
2015-07-15,17:00:00,3.9,3.9,3.9,3.9,100,0
2015-07-15,19:00:00,3.7601,3.8899,3.76,3.76,2297,0
2015-07-15,21:00:00,3.76,3.82,3.64,3.82,4817,0
2015-07-15,22:00:00,3.64,4.22,3.64,4.175,24461,0
2015-07-16,16:00:00,4.2,4.487,4.19,4.487,13148,0
2015-07-16,17:00:00,4.35,4.52,4.15,4.22,37575,0
2015-07-16,18:00:00,4.2,4.2999,4.132,4.2001,3700,0
2015-07-16,20:00:00,4.22,4.25,4.22,4.25,5400,0
2015-07-16,21:00:00,4.24,4.26,4.2,4.2,2900,0
2015-07-16,22:00:00,4.22,4.28,4.21,4.28,1100,0
2015-07-17,16:00:00,4.1,4.21,4.1,4.15,3983,0
2015-07-17,17:00:00,4.1,4.1,4.1,4.1,200,0
2015-07-17,19:00:00,4.1001,4.13,4.08,4.08,700,0
2015-07-17,20:00:00,4.05,4.069,4.05,4.05,500,0
2015-07-17,21:00:00,4.05,4.09,3.9505,3.9505,1100,0
2015-07-17,22:00:00,4.28,4.28,4.05,4.05,300,0
2015-07-20,18:00:00,3.99,3.99,3.99,3.99,100,0
2015-07-20,20:00:00,3.93,4.45,3.93,4.45,600,0
2015-07-20,21:00:00,4.05,4.05,4.05,4.05,800,0
2015-07-20,22:00:00,4.18,4.3,4.18,4.3,1290,0
2015-07-21,19:00:00,4.3999,4.3999,4.3999,4.3999,1000,0
2015-07-21,20:00:00,4.03,4.03,4.03,4.03,100,0
2015-07-21,21:00:00,4.04,4.08,4.02,4.07,3756,0
2015-07-21,22:00:00,4.05,4.05,4.05,4.05,100,0
2015-07-22,17:00:00,3.84,3.86,3.84,3.86,3900,0
2015-07-22,18:00:00,3.83,3.84,3.83,3.83,3700,0
2015-07-22,21:00:00,3.95,3.9795,3.95,3.9795,2700,0
2015-07-23,18:00:00,3.82,3.82,3.76,3.76,6400,0
2015-07-23,20:00:00,3.78,3.83,3.74,3.74,5123,0
2015-07-23,21:00:00,3.742,4.262,3.62,4.262,19506,0
2015-07-23,22:00:00,4.29,4.3,3.78,3.88,14126,0
2015-07-24,16:00:00,3.9,3.9,3.9,3.9,300,0
2015-07-24,18:00:00,4.25,4.25,3.9,3.9,7250,0
2015-07-24,19:00:00,4,4.05,3.78,3.78,3100,0
2015-07-24,22:00:00,3.82,3.82,3.82,3.82,101,0
2015-07-27,17:00:00,3.79,3.7999,3.71,3.7999,1100,0
2015-07-27,18:00:00,3.8,3.8,3.8,3.8,100,0
2015-07-27,22:00:00,3.628,3.628,3.628,3.628,200,0
2015-07-28,22:00:00,3.78,3.8735,3.7693,3.77,4700,0
2015-07-29,16:00:00,3.65,3.65,3.65,3.65,100,0
2015-07-29,20:00:00,3.64,3.64,3.64,3.64,100,0
2015-07-30,20:00:00,3.5101,3.5101,3.5101,3.5101,1400,0
2015-07-31,17:00:00,3.62,3.63,3.6199,3.63,1170,0
2015-07-31,19:00:00,3.7076,3.7076,3.68,3.68,1200,0
2015-07-31,20:00:00,3.707,3.707,3.707,3.707,300,0
2015-07-31,21:00:00,3.7099,3.7099,3.68,3.68,1281,0
2015-07-31,22:00:00,3.69,3.7,3.69,3.69,300,0
2015-08-03,16:00:00,3.7,3.8,3.6999,3.6999,800,0
2015-08-03,17:00:00,3.95,3.95,3.95,3.95,627,0
2015-08-03,18:00:00,3.95,4,3.95,3.9745,1139,0
2015-08-03,20:00:00,4.05,4.07,4.04,4.06,4375,0
2015-08-04,16:00:00,4.09,4.09,4.09,4.09,3004,0
2015-08-04,18:00:00,4.08,4.08,4.08,4.08,267,0
2015-08-05,18:00:00,4.0899,4.0899,4.0899,4.0899,132,0
2015-08-05,21:00:00,3.91,4.09,3.77,3.78,11855,0
2015-08-06,20:00:00,4.03,4.03,4.03,4.03,215,0
2015-08-06,21:00:00,3.65,3.65,3.65,3.65,688,0
2015-08-07,22:00:00,3.66,3.66,3.65,3.6505,600,0
