Date,Time,Open,High,Low,Close,Volume,OpenInt
2015-01-15,16:00:00,26.278,26.613,26.199,26.307,74763,0
2015-01-15,17:00:00,26.278,26.406,26.228,26.268,60924,0
2015-01-15,18:00:00,26.278,26.357,26.199,26.208,69654,0
2015-01-15,19:00:00,26.218,26.268,26.1,26.199,63726,0
2015-01-15,20:00:00,26.189,26.278,26.159,26.218,57660,0
2015-01-15,21:00:00,26.218,26.327,26.189,26.297,57175,0
2015-01-15,22:00:00,26.297,26.307,26.169,26.208,117861,0
2015-01-16,16:00:00,26.169,26.278,25.952,26.218,154060,0
2015-01-16,17:00:00,26.228,26.435,26.208,26.416,161011,0
2015-01-16,18:00:00,26.406,26.416,26.278,26.317,47029,0
2015-01-16,19:00:00,26.337,26.396,26.278,26.366,54251,0
2015-01-16,20:00:00,26.366,26.376,26.278,26.337,45161,0
2015-01-16,21:00:00,26.347,26.347,26.238,26.307,60486,0
2015-01-16,22:00:00,26.317,26.475,26.278,26.396,141340,0
2015-01-20,16:00:00,26.455,26.505,26.278,26.317,93445,0
2015-01-20,17:00:00,26.327,26.416,26.317,26.357,98763,0
2015-01-20,18:00:00,26.357,26.426,26.347,26.357,22603,0
2015-01-20,19:00:00,26.357,26.366,26.307,26.366,35159,0
2015-01-20,20:00:00,26.376,26.396,26.297,26.337,76482,0
2015-01-20,21:00:00,26.327,26.347,26.248,26.258,349953,0
2015-01-20,22:00:00,26.258,26.327,26.189,26.327,75344,0
2015-01-21,16:00:00,26.623,27.146,26.584,26.86,487193,0
2015-01-21,17:00:00,26.86,27.107,26.86,27.087,96735,0
2015-01-21,18:00:00,27.087,27.156,27.038,27.126,86621,0
2015-01-21,19:00:00,27.057,27.057,26.899,26.939,30181,0
2015-01-21,20:00:00,26.939,27.038,26.899,26.909,30350,0
2015-01-21,21:00:00,26.909,27.087,26.909,27.087,53946,0
2015-01-21,22:00:00,27.087,27.126,26.939,27.077,240352,0
2015-01-22,16:00:00,27.225,27.344,27.196,27.314,212073,0
2015-01-22,17:00:00,27.304,27.6,27.304,27.571,181652,0
2015-01-22,18:00:00,27.571,27.66,27.492,27.59,258609,0
2015-01-22,19:00:00,27.61,27.689,27.511,27.689,221821,0
2015-01-22,20:00:00,27.689,27.729,27.64,27.699,91077,0
2015-01-22,21:00:00,27.709,27.847,27.679,27.827,189995,0
2015-01-22,22:00:00,27.837,27.956,27.817,27.867,303080,0
2015-01-23,16:00:00,27.669,27.916,27.63,27.837,544923,0
2015-01-23,17:00:00,27.837,27.956,27.739,27.817,247628,0
2015-01-23,18:00:00,27.817,27.827,27.689,27.709,109643,0
2015-01-23,19:00:00,27.699,27.758,27.679,27.739,31196,0
2015-01-23,20:00:00,27.719,27.837,27.679,27.729,125172,0
2015-01-23,21:00:00,27.709,27.729,27.64,27.66,39090,0
2015-01-23,22:00:00,27.65,27.729,27.62,27.689,174347,0
2015-01-26,16:00:00,27.245,27.265,27.107,27.117,242881,0
2015-01-26,17:00:00,27.117,27.265,27.097,27.265,177382,0
2015-01-26,18:00:00,27.265,27.324,27.255,27.304,145585,0
2015-01-26,19:00:00,27.304,27.393,27.294,27.393,90659,0
2015-01-26,20:00:00,27.393,27.413,27.363,27.413,121523,0
2015-01-26,21:00:00,27.413,27.413,27.304,27.314,103719,0
2015-01-26,22:00:00,27.324,27.373,27.235,27.354,307883,0
2015-01-27,16:00:00,26.998,27.156,26.969,27.087,116747,0
2015-01-27,17:00:00,27.087,27.117,26.949,26.988,102683,0
2015-01-27,18:00:00,26.988,27.057,26.929,26.939,150174,0
2015-01-27,19:00:00,26.939,27.038,26.929,26.969,71702,0
2015-01-27,20:00:00,26.969,27.038,26.939,26.978,63177,0
2015-01-27,21:00:00,26.988,27.087,26.978,26.978,60809,0
2015-01-27,22:00:00,26.978,27.067,26.969,27.048,205275,0
2015-01-28,16:00:00,27.136,27.136,26.909,26.969,45142,0
2015-01-28,17:00:00,26.969,27.038,26.969,26.988,102456,0
2015-01-28,18:00:00,26.998,27.117,26.939,27.067,62854,0
2015-01-28,19:00:00,27.067,27.107,27.018,27.038,20853,0
2015-01-28,20:00:00,27.008,27.176,27.008,27.166,27525,0
2015-01-28,21:00:00,27.225,27.255,26.998,27.067,40122,0
2015-01-28,22:00:00,27.067,27.117,26.84,26.919,164960,0
2015-01-29,16:00:00,26.791,26.959,26.791,26.939,28716,0
2015-01-29,17:00:00,26.89,26.939,26.712,26.732,48008,0
2015-01-29,18:00:00,26.722,26.751,26.653,26.672,63164,0
2015-01-29,19:00:00,26.682,26.742,26.643,26.732,20682,0
2015-01-29,20:00:00,26.761,26.83,26.702,26.801,34999,0
2015-01-29,21:00:00,26.82,26.86,26.771,26.86,29954,0
2015-01-29,22:00:00,26.86,27.057,26.86,27.048,193807,0
2015-01-30,16:00:00,26.475,26.672,26.455,26.623,81745,0
2015-01-30,17:00:00,26.623,26.623,26.366,26.426,233369,0
2015-01-30,18:00:00,26.435,26.475,26.268,26.386,106267,0
2015-01-30,19:00:00,26.396,26.534,26.366,26.435,313625,0
2015-01-30,20:00:00,26.445,26.544,26.396,26.544,70880,0
2015-01-30,21:00:00,26.524,26.633,26.376,26.396,162428,0
2015-01-30,22:00:00,26.416,26.445,26.238,26.258,287588,0
2015-02-02,16:00:00,26.613,26.613,26.386,26.455,91432,0
2015-02-02,17:00:00,26.406,26.514,26.396,26.455,93771,0
2015-02-02,18:00:00,26.455,26.613,26.445,26.544,119516,0
2015-02-02,19:00:00,26.544,26.544,26.416,26.445,79794,0
2015-02-02,20:00:00,26.426,26.544,26.416,26.455,38689,0
2015-02-02,21:00:00,26.475,26.593,26.475,26.564,38413,0
2015-02-02,22:00:00,26.554,26.643,26.485,26.603,214869,0
2015-02-03,16:00:00,26.83,27.107,26.801,27.087,44871,0
2015-02-03,17:00:00,27.077,27.117,26.969,26.978,153990,0
2015-02-03,18:00:00,26.988,27.107,26.978,27.038,98102,0
2015-02-03,19:00:00,27.018,27.107,27.008,27.048,33866,0
2015-02-03,20:00:00,27.038,27.166,27.018,27.107,42134,0
2015-02-03,21:00:00,27.117,27.117,26.988,27.097,131017,0
2015-02-03,22:00:00,27.097,27.205,27.048,27.146,228263,0
2015-02-04,16:00:00,27.136,27.265,27.028,27.245,84570,0
2015-02-04,17:00:00,27.245,27.265,27.166,27.225,65618,0
2015-02-04,18:00:00,27.215,27.314,27.196,27.196,80602,0
2015-02-04,19:00:00,27.196,27.205,27.136,27.186,43066,0
2015-02-04,20:00:00,27.166,27.225,27.166,27.196,12765,0
2015-02-04,21:00:00,27.215,27.275,27.176,27.225,47064,0
2015-02-04,22:00:00,27.215,27.235,27.067,27.176,118684,0
2015-02-05,16:00:00,27.126,27.136,26.771,26.771,104676,0
2015-02-05,17:00:00,26.781,26.978,26.751,26.949,101799,0
2015-02-05,18:00:00,26.939,27.028,26.919,27.028,31289,0
2015-02-05,19:00:00,27.028,27.117,27.028,27.048,92762,0
2015-02-05,20:00:00,27.048,27.126,27.048,27.048,42610,0
2015-02-05,21:00:00,27.048,27.126,27.008,27.107,55731,0
2015-02-05,22:00:00,27.087,27.107,27.018,27.018,65125,0
2015-02-06,16:00:00,26.692,27.087,26.653,27.028,149966,0
2015-02-06,17:00:00,27.038,27.126,27.038,27.126,104136,0
2015-02-06,18:00:00,27.126,27.126,27.038,27.077,70413,0
2015-02-06,19:00:00,27.087,27.097,26.909,26.959,106349,0
2015-02-06,20:00:00,26.949,26.969,26.83,26.929,43772,0
2015-02-06,21:00:00,26.89,26.939,26.86,26.89,34550,0
2015-02-06,22:00:00,26.89,26.939,26.82,26.87,116489,0
2015-02-09,16:00:00,27.275,27.275,26.978,27.087,99560,0
2015-02-09,17:00:00,27.087,27.176,27.018,27.018,61776,0
2015-02-09,18:00:00,27.038,27.156,27.028,27.028,377484,0
2015-02-09,19:00:00,27.028,27.166,27.028,27.126,55638,0
2015-02-09,20:00:00,27.126,27.156,27.097,27.117,48709,0
2015-02-09,21:00:00,27.117,27.156,27.107,27.107,47453,0
2015-02-09,22:00:00,27.097,27.186,27.048,27.057,156207,0
2015-02-10,16:00:00,26.85,27.057,26.653,26.682,212970,0
2015-02-10,17:00:00,26.702,26.702,26.564,26.603,281330,0
2015-02-10,18:00:00,26.603,26.653,26.584,26.643,77866,0
2015-02-10,19:00:00,26.653,26.663,26.623,26.653,478242,0
2015-02-10,20:00:00,26.653,26.722,26.613,26.692,66621,0
2015-02-10,21:00:00,26.672,26.791,26.663,26.781,51545,0
2015-02-10,22:00:00,26.781,26.791,26.643,26.751,207018,0
2015-02-11,16:00:00,26.712,26.712,26.534,26.623,182390,0
2015-02-11,17:00:00,26.623,26.623,26.426,26.455,144806,0
2015-02-11,18:00:00,26.475,26.544,26.455,26.514,45356,0
2015-02-11,19:00:00,26.505,26.584,26.485,26.514,34552,0
2015-02-11,20:00:00,26.514,26.584,26.426,26.534,53599,0
2015-02-11,21:00:00,26.544,26.603,26.495,26.554,41109,0
2015-02-11,22:00:00,26.554,26.603,26.475,26.514,215580,0
2015-02-12,16:00:00,26.949,27.126,26.939,27.097,61786,0
2015-02-12,17:00:00,27.097,27.126,27.008,27.057,52090,0
2015-02-12,18:00:00,27.057,27.097,26.919,27.097,67841,0
2015-02-12,19:00:00,27.097,27.136,27.048,27.048,55933,0
2015-02-12,20:00:00,27.067,27.146,27.067,27.146,35191,0
2015-02-12,21:00:00,27.146,27.235,27.107,27.225,74061,0
2015-02-12,22:00:00,27.235,27.284,27.205,27.205,92280,0
2015-02-13,16:00:00,27.146,27.373,27.146,27.363,78994,0
2015-02-13,17:00:00,27.363,27.482,27.354,27.462,142746,0
2015-02-13,18:00:00,27.462,27.502,27.393,27.423,63069,0
2015-02-13,19:00:00,27.433,27.433,27.344,27.354,32973,0
2015-02-13,20:00:00,27.354,27.373,27.265,27.314,134029,0
2015-02-13,21:00:00,27.334,27.413,27.334,27.383,95357,0
2015-02-13,22:00:00,27.383,27.423,27.344,27.383,62945,0
2015-02-17,16:00:00,27.235,27.245,27.038,27.057,70047,0
2015-02-17,17:00:00,27.067,27.097,26.978,27.077,111633,0
2015-02-17,18:00:00,27.067,27.284,27.067,27.205,121748,0
2015-02-17,19:00:00,27.215,27.324,27.166,27.166,69676,0
2015-02-17,20:00:00,27.166,27.304,27.166,27.265,30909,0
2015-02-17,21:00:00,27.265,27.284,27.166,27.166,61641,0
2015-02-17,22:00:00,27.166,27.215,27.097,27.166,109200,0
2015-02-18,16:00:00,27.324,27.334,27.176,27.196,60299,0
2015-02-18,17:00:00,27.186,27.205,27.097,27.176,36159,0
2015-02-18,18:00:00,27.186,27.215,27.156,27.156,41262,0
2015-02-18,19:00:00,27.146,27.146,27.018,27.028,32032,0
2015-02-18,20:00:00,27.028,27.048,26.988,26.988,33421,0
2015-02-18,21:00:00,27.008,27.225,26.998,27.146,83232,0
2015-02-18,22:00:00,27.146,27.304,27.146,27.245,71138,0
2015-02-19,16:00:00,27.136,27.225,27.067,27.186,112594,0
2015-02-19,17:00:00,27.215,27.304,27.186,27.255,55173,0
2015-02-19,18:00:00,27.255,27.363,27.235,27.265,71191,0
2015-02-19,19:00:00,27.265,27.265,27.146,27.186,35836,0
2015-02-19,20:00:00,27.186,27.196,27.166,27.196,10717,0
2015-02-19,21:00:00,27.196,27.225,27.176,27.176,18126,0
2015-02-19,22:00:00,27.176,27.245,27.176,27.186,88603,0
2015-02-20,16:00:00,27.186,27.324,27.136,27.245,63868,0
2015-02-20,17:00:00,27.225,27.324,27.205,27.294,25781,0
2015-02-20,18:00:00,27.314,27.373,27.314,27.363,44936,0
2015-02-20,19:00:00,27.344,27.423,27.344,27.393,31878,0
2015-02-20,20:00:00,27.403,27.492,27.393,27.472,30526,0
2015-02-20,21:00:00,27.472,27.482,27.452,27.472,47932,0
2015-02-20,22:00:00,27.482,27.502,27.433,27.482,92456,0
2015-02-23,16:00:00,27.284,27.284,27.038,27.077,15693,0
2015-02-23,17:00:00,27.077,27.176,27.077,27.126,58288,0
2015-02-23,18:00:00,27.117,27.166,27.117,27.146,76669,0
2015-02-23,19:00:00,27.136,27.156,27.048,27.057,40860,0
2015-02-23,20:00:00,27.077,27.156,27.048,27.077,44780,0
2015-02-23,21:00:00,27.087,27.107,27.038,27.097,24771,0
2015-02-23,22:00:00,27.087,27.196,27.067,27.186,175538,0
2015-02-24,16:00:00,27.225,27.235,27.087,27.107,64066,0
2015-02-24,17:00:00,27.107,27.482,26.978,27.442,179382,0
2015-02-24,18:00:00,27.442,27.511,27.413,27.423,63875,0
2015-02-24,19:00:00,27.383,27.442,27.334,27.423,39529,0
2015-02-24,20:00:00,27.413,27.502,27.393,27.472,40174,0
2015-02-24,21:00:00,27.472,27.492,27.433,27.492,21792,0
2015-02-24,22:00:00,27.482,27.492,27.334,27.393,148666,0
2015-02-25,16:00:00,27.324,27.63,27.324,27.482,98063,0
2015-02-25,17:00:00,27.502,27.581,27.442,27.561,101556,0
2015-02-25,18:00:00,27.571,27.571,27.462,27.541,178802,0
2015-02-25,19:00:00,27.551,27.59,27.531,27.59,59923,0
2015-02-25,20:00:00,27.59,27.61,27.521,27.59,31004,0
2015-02-25,21:00:00,27.59,27.62,27.492,27.531,58514,0
2015-02-25,22:00:00,27.521,27.561,27.462,27.462,85800,0
2015-02-26,16:00:00,27.63,27.64,27.472,27.472,66016,0
2015-02-26,17:00:00,27.482,27.531,27.462,27.502,105761,0
2015-02-26,18:00:00,27.502,27.531,27.482,27.531,109192,0
2015-02-26,19:00:00,27.531,27.531,27.472,27.492,61455,0
2015-02-26,20:00:00,27.482,27.521,27.442,27.521,73869,0
2015-02-26,21:00:00,27.521,27.541,27.492,27.502,41970,0
2015-02-26,22:00:00,27.492,27.6,27.452,27.541,126161,0
2015-02-27,16:00:00,27.324,27.373,27.265,27.373,98626,0
2015-02-27,17:00:00,27.393,27.531,27.334,27.531,110720,0
2015-02-27,18:00:00,27.511,27.541,27.403,27.442,66646,0
2015-02-27,19:00:00,27.442,27.462,27.363,27.403,47232,0
2015-02-27,20:00:00,27.413,27.423,27.373,27.413,27992,0
2015-02-27,21:00:00,27.413,27.413,27.344,27.363,48055,0
2015-02-27,22:00:00,27.344,27.383,27.196,27.196,85404,0
2015-03-02,16:00:00,27.196,27.383,27.196,27.383,68677,0
2015-03-02,17:00:00,27.354,27.433,27.344,27.383,38217,0
2015-03-02,18:00:00,27.383,27.393,27.284,27.344,51899,0
2015-03-02,19:00:00,27.344,27.383,27.284,27.363,29621,0
2015-03-02,20:00:00,27.373,27.383,27.344,27.363,36253,0
2015-03-02,21:00:00,27.363,27.373,27.324,27.354,28368,0
2015-03-02,22:00:00,27.344,27.541,27.334,27.531,148785,0
2015-03-03,16:00:00,27.344,27.442,27.235,27.284,51509,0
2015-03-03,17:00:00,27.289,27.314,27.255,27.255,46450,0
2015-03-03,18:00:00,27.255,27.403,27.255,27.403,144610,0
2015-03-03,19:00:00,27.363,27.393,27.294,27.393,16910,0
2015-03-03,20:00:00,27.393,27.403,27.344,27.363,6649,0
2015-03-03,21:00:00,27.357,27.413,27.344,27.403,10519,0
2015-03-03,22:00:00,27.403,27.442,27.304,27.363,67015,0
2015-03-04,16:00:00,27.136,27.156,26.909,26.909,107860,0
2015-03-04,17:00:00,26.929,26.949,26.781,26.939,92702,0
2015-03-04,18:00:00,26.942,27.018,26.89,26.909,72602,0
2015-03-04,19:00:00,26.919,27.038,26.91,26.988,16271,0
2015-03-04,20:00:00,27.008,27.038,26.86,26.87,58190,0
2015-03-04,21:00:00,26.875,27.003,26.87,26.949,39234,0
2015-03-04,22:00:00,26.949,26.989,26.899,26.949,89274,0
2015-03-05,16:00:00,27.205,27.215,27.038,27.107,63627,0
2015-03-05,17:00:00,27.126,27.225,27.097,27.107,273933,0
2015-03-05,18:00:00,27.107,27.117,27.057,27.087,50974,0
2015-03-05,19:00:00,27.087,27.087,26.766,26.796,123476,0
2015-03-05,20:00:00,26.791,26.929,26.786,26.899,20473,0
2015-03-05,21:00:00,26.909,26.959,26.899,26.919,54652,0
2015-03-05,22:00:00,26.927,26.969,26.909,26.909,73481,0
2015-03-06,16:00:00,27.008,27.038,26.86,26.909,94518,0
2015-03-06,17:00:00,26.909,26.909,26.761,26.781,142942,0
2015-03-06,18:00:00,26.761,26.761,26.623,26.682,119292,0
2015-03-06,19:00:00,26.682,26.722,26.613,26.692,75718,0
2015-03-06,20:00:00,26.715,26.732,26.564,26.623,59757,0
2015-03-06,21:00:00,26.643,26.742,26.544,26.578,249945,0
2015-03-06,22:00:00,26.584,26.85,26.564,26.791,437287,0
2015-03-09,15:00:00,26.791,26.791,26.633,26.643,106665,0
2015-03-09,16:00:00,26.648,26.702,26.613,26.702,133266,0
2015-03-09,17:00:00,26.692,26.732,26.663,26.682,63569,0
2015-03-09,18:00:00,26.682,26.692,26.574,26.653,545127,0
2015-03-09,19:00:00,26.658,26.771,26.613,26.707,117232,0
2015-03-09,20:00:00,26.707,26.751,26.692,26.737,72757,0
2015-03-09,21:00:00,26.742,26.742,26.633,26.653,204827,0
2015-03-10,15:00:00,26.455,26.456,26.149,26.307,249144,0
2015-03-10,16:00:00,26.278,26.347,26.169,26.194,139659,0
2015-03-10,17:00:00,26.189,26.248,26.09,26.09,157741,0
2015-03-10,18:00:00,26.08,26.134,26.021,26.06,210643,0
2015-03-10,19:00:00,26.051,26.115,26.001,26.036,138045,0
2015-03-10,20:00:00,26.041,26.095,26.011,26.06,350335,0
2015-03-10,21:00:00,26.09,26.228,26.06,26.159,242740,0
2015-03-11,15:00:00,26.139,26.228,26.139,26.218,121661,0
2015-03-11,16:00:00,26.189,26.278,26.149,26.174,52262,0
2015-03-11,17:00:00,26.189,26.268,26.149,26.208,215141,0
2015-03-11,18:00:00,26.208,26.218,26.159,26.179,51151,0
2015-03-11,19:00:00,26.179,26.228,26.129,26.208,59951,0
2015-03-11,20:00:00,26.208,26.307,26.208,26.253,79672,0
2015-03-11,21:00:00,26.248,26.268,26.149,26.208,116410,0
2015-03-12,15:00:00,26.465,26.593,26.337,26.564,82263,0
2015-03-12,16:00:00,26.534,26.534,26.307,26.317,120112,0
2015-03-12,17:00:00,26.317,26.416,26.297,26.366,67292,0
2015-03-12,18:00:00,26.366,26.373,26.258,26.258,79284,0
2015-03-12,19:00:00,26.248,26.264,26.159,26.179,69671,0
2015-03-12,20:00:00,26.179,26.248,26.149,26.248,51370,0
2015-03-12,21:00:00,26.228,26.278,26.218,26.238,99653,0
2015-03-13,15:00:00,26.129,26.159,25.823,25.863,116146,0
2015-03-13,16:00:00,25.863,25.962,25.685,25.784,131198,0
2015-03-13,17:00:00,25.784,25.962,25.784,25.962,74384,0
2015-03-13,18:00:00,25.962,26.001,25.685,25.941,113686,0
2015-03-13,19:00:00,25.932,25.932,25.784,25.902,58891,0
2015-03-13,20:00:00,25.883,25.952,25.853,25.952,35161,0
2015-03-13,21:00:00,25.952,26.07,25.912,26.031,117273,0
2015-03-16,15:00:00,26.129,26.475,26.129,26.424,91089,0
2015-03-16,16:00:00,26.445,26.505,26.327,26.366,41592,0
2015-03-16,17:00:00,26.366,26.564,26.347,26.524,38729,0
2015-03-16,18:00:00,26.515,26.564,26.411,26.465,30485,0
2015-03-16,19:00:00,26.445,26.564,26.426,26.495,26755,0
2015-03-16,20:00:00,26.495,26.593,26.445,26.574,37655,0
2015-03-16,21:00:00,26.569,26.603,26.445,26.495,169005,0
2015-03-17,15:00:00,26.357,26.593,26.357,26.593,51035,0
2015-03-17,16:00:00,26.593,26.687,26.593,26.663,47407,0
2015-03-17,17:00:00,26.633,26.702,26.603,26.702,49837,0
2015-03-17,18:00:00,26.722,26.722,26.534,26.554,429276,0
2015-03-17,19:00:00,26.554,26.584,26.524,26.554,270829,0
2015-03-17,20:00:00,26.554,26.574,26.486,26.524,236243,0
2015-03-17,21:00:00,26.534,26.554,26.435,26.435,172357,0
2015-03-18,15:00:00,26.248,26.342,26.189,26.287,128814,0
2015-03-18,16:00:00,26.287,26.357,26.258,26.317,207604,0
2015-03-18,17:00:00,26.327,26.347,26.248,26.258,49828,0
2015-03-18,18:00:00,26.258,26.347,26.218,26.218,102572,0
2015-03-18,19:00:00,26.219,26.219,26.041,26.1,317816,0
2015-03-18,20:00:00,26.12,27.057,26.12,26.84,387505,0
2015-03-18,21:00:00,26.84,27.107,26.83,27.018,398098,0
2015-03-19,15:00:00,26.761,26.761,26.485,26.643,63394,0
2015-03-19,16:00:00,26.643,26.722,26.623,26.653,61548,0
2015-03-19,17:00:00,26.653,26.771,26.524,26.554,61304,0
2015-03-19,18:00:00,26.554,26.574,26.485,26.534,46579,0
2015-03-19,19:00:00,26.534,26.65,26.514,26.574,51497,0
2015-03-19,20:00:00,26.584,26.682,26.564,26.682,48161,0
2015-03-19,21:00:00,26.682,26.771,26.653,26.722,142053,0
2015-03-20,15:00:00,26.87,26.959,26.751,26.87,65778,0
2015-03-20,16:00:00,26.899,26.988,26.87,26.909,49475,0
2015-03-20,17:00:00,26.909,27.038,26.909,26.949,37360,0
2015-03-20,18:00:00,26.949,26.969,26.909,26.959,63608,0
2015-03-20,19:00:00,26.954,27.028,26.939,26.998,63006,0
2015-03-20,20:00:00,26.998,27.057,26.978,27.057,13724,0
2015-03-20,21:00:00,27.057,27.057,26.909,26.978,78624,0
2015-03-23,15:00:00,26.988,27.087,26.978,26.983,31742,0
2015-03-23,16:00:00,26.983,26.988,26.86,26.86,52642,0
2015-03-23,17:00:00,26.86,26.899,26.82,26.899,36188,0
2015-03-23,18:00:00,26.88,26.89,26.83,26.84,17318,0
2015-03-23,19:00:00,26.84,26.963,26.84,26.929,26851,0
2015-03-23,20:00:00,26.929,26.939,26.87,26.87,13173,0
2015-03-23,21:00:00,26.87,26.969,26.85,26.929,66399,0
2015-03-24,15:00:00,26.988,27.087,26.969,27.077,26601,0
2015-03-24,16:00:00,27.087,27.126,26.969,27.038,32276,0
2015-03-24,17:00:00,27.038,27.097,27.008,27.038,18973,0
2015-03-24,18:00:00,27.018,27.107,27.008,27.107,34953,0
2015-03-24,19:00:00,27.107,27.117,26.959,27.018,222745,0
2015-03-24,20:00:00,26.988,27.038,26.969,27.018,63805,0
2015-03-24,21:00:00,27.018,27.176,27.018,27.156,140068,0
2015-03-25,15:00:00,26.702,26.885,26.682,26.801,74038,0
2015-03-25,16:00:00,26.801,26.84,26.702,26.791,30561,0
2015-03-25,17:00:00,26.771,26.781,26.613,26.722,56147,0
2015-03-25,18:00:00,26.732,26.761,26.653,26.722,87432,0
2015-03-25,19:00:00,26.712,26.732,26.623,26.672,36670,0
2015-03-25,20:00:00,26.682,26.732,26.663,26.663,19846,0
2015-03-25,21:00:00,26.653,26.666,26.435,26.485,66693,0
2015-03-26,15:00:00,26.455,26.455,26.211,26.211,107302,0
2015-03-26,16:00:00,26.218,26.228,26.12,26.189,31152,0
2015-03-26,17:00:00,26.189,26.396,26.189,26.378,22356,0
2015-03-26,18:00:00,26.396,26.396,26.287,26.327,36923,0
2015-03-26,19:00:00,26.327,26.337,26.268,26.307,32755,0
2015-03-26,20:00:00,26.327,26.357,26.268,26.307,36481,0
2015-03-26,21:00:00,26.307,26.396,26.248,26.278,67852,0
2015-03-27,15:00:00,26.455,26.633,26.366,26.564,32372,0
2015-03-27,16:00:00,26.564,26.633,26.406,26.505,92992,0
2015-03-27,17:00:00,26.505,26.544,26.475,26.544,36232,0
2015-03-27,18:00:00,26.544,26.623,26.524,26.623,54099,0
2015-03-27,19:00:00,26.623,26.643,26.574,26.643,12901,0
2015-03-27,20:00:00,26.643,26.653,26.6,26.633,21294,0
2015-03-27,21:00:00,26.633,26.692,26.603,26.633,97241,0
2015-03-30,16:00:00,26.939,27.176,26.939,27.166,126940,0
2015-03-30,17:00:00,27.166,27.235,27.146,27.225,113347,0
2015-03-30,18:00:00,27.225,27.284,27.186,27.265,1191176,0
2015-03-30,19:00:00,27.265,27.354,27.255,27.304,110662,0
2015-03-30,20:00:00,27.304,27.344,27.265,27.324,111297,0
2015-03-30,21:00:00,27.324,27.373,27.255,27.255,133485,0
2015-03-30,22:00:00,27.255,27.314,27.245,27.265,329243,0
2015-03-31,16:00:00,27.225,27.502,26.86,27.304,69100,0
2015-03-31,17:00:00,27.314,27.413,27.294,27.413,49370,0
2015-03-31,18:00:00,27.413,27.442,27.324,27.393,74501,0
2015-03-31,19:00:00,27.393,27.393,27.294,27.383,9326,0
2015-03-31,20:00:00,27.383,27.393,27.334,27.354,5513,0
2015-03-31,21:00:00,27.354,27.354,27.284,27.334,19483,0
2015-03-31,22:00:00,27.334,27.423,27.235,27.393,215641,0
2015-04-01,16:00:00,27.334,27.393,27.146,27.245,66871,0
2015-04-01,17:00:00,27.245,27.373,27.215,27.358,47259,0
2015-04-01,18:00:00,27.358,27.393,27.304,27.354,42872,0
2015-04-01,19:00:00,27.363,27.383,27.281,27.344,60756,0
2015-04-01,20:00:00,27.334,27.363,27.299,27.324,33066,0
2015-04-01,21:00:00,27.324,27.334,27.26,27.304,29410,0
2015-04-01,22:00:00,27.304,27.442,27.255,27.393,128363,0
2015-04-02,16:00:00,27.245,27.344,27.205,27.265,50450,0
2015-04-02,17:00:00,27.304,27.324,27.235,27.314,78817,0
2015-04-02,18:00:00,27.314,27.363,27.255,27.285,38040,0
2015-04-02,19:00:00,27.314,27.354,27.284,27.344,65642,0
2015-04-02,20:00:00,27.344,27.393,27.344,27.383,39193,0
2015-04-02,21:00:00,27.383,27.428,27.334,27.368,33410,0
2015-04-02,22:00:00,27.373,27.393,27.284,27.284,94511,0
2015-04-06,16:00:00,27.403,27.768,27.393,27.66,51540,0
2015-04-06,17:00:00,27.748,27.748,27.66,27.66,97215,0
2015-04-06,18:00:00,27.66,27.788,27.66,27.732,53740,0
2015-04-06,19:00:00,27.758,27.798,27.709,27.798,34750,0
2015-04-06,20:00:00,27.798,27.808,27.748,27.748,25464,0
2015-04-06,21:00:00,27.758,27.773,27.669,27.679,43362,0
2015-04-06,22:00:00,27.669,27.699,27.601,27.61,81115,0
2015-04-07,16:00:00,27.64,27.748,27.571,27.679,85130,0
2015-04-07,17:00:00,27.65,27.798,27.6,27.748,72981,0
2015-04-07,18:00:00,27.748,27.758,27.59,27.63,547773,0
2015-04-07,19:00:00,27.602,27.679,27.602,27.652,46452,0
2015-04-07,20:00:00,27.66,27.669,27.61,27.62,30251,0
2015-04-07,21:00:00,27.63,27.63,27.561,27.581,46104,0
2015-04-07,22:00:00,27.581,27.6,27.511,27.521,87731,0
2015-04-08,16:00:00,27.413,27.66,27.413,27.581,115765,0
2015-04-08,17:00:00,27.59,27.63,27.393,27.413,238924,0
2015-04-08,18:00:00,27.433,27.561,27.413,27.502,84504,0
2015-04-08,19:00:00,27.502,27.521,27.423,27.442,43377,0
2015-04-08,20:00:00,27.442,27.467,27.393,27.462,23302,0
2015-04-08,21:00:00,27.477,27.477,27.196,27.393,130714,0
2015-04-08,22:00:00,27.403,27.502,27.383,27.452,70957,0
2015-04-09,16:00:00,27.6,27.798,27.6,27.748,80131,0
2015-04-09,17:00:00,27.748,27.748,27.635,27.674,27441,0
2015-04-09,18:00:00,27.674,27.674,27.541,27.65,451087,0
2015-04-09,19:00:00,27.65,27.669,27.59,27.65,33556,0
2015-04-09,20:00:00,27.66,27.66,27.61,27.61,17893,0
2015-04-09,21:00:00,27.61,27.679,27.581,27.65,13010,0
2015-04-09,22:00:00,27.669,27.689,27.59,27.63,93718,0
2015-04-10,16:00:00,27.433,27.511,27.363,27.393,25959,0
2015-04-10,17:00:00,27.433,27.482,27.373,27.383,53499,0
2015-04-10,18:00:00,27.404,27.511,27.393,27.511,48525,0
2015-04-10,19:00:00,27.492,27.561,27.492,27.551,22283,0
2015-04-10,20:00:00,27.551,27.6,27.551,27.59,19600,0
2015-04-10,21:00:00,27.6,27.6,27.482,27.521,17563,0
2015-04-10,22:00:00,27.521,27.541,27.472,27.502,42495,0
2015-04-13,16:00:00,27.126,27.225,26.998,27.225,70440,0
2015-04-13,17:00:00,27.211,27.215,26.988,26.988,79349,0
2015-04-13,18:00:00,26.988,27.057,26.988,26.998,41767,0
2015-04-13,19:00:00,26.998,26.998,26.949,26.969,17083,0
2015-04-13,20:00:00,26.969,26.969,26.83,26.84,64930,0
2015-04-13,21:00:00,26.84,26.89,26.811,26.83,51402,0
2015-04-13,22:00:00,26.85,26.899,26.751,26.86,176909,0
2015-04-14,16:00:00,26.899,27.057,26.781,26.929,80644,0
2015-04-14,17:00:00,26.909,26.949,26.85,26.909,30117,0
2015-04-14,18:00:00,26.909,27.028,26.899,27.018,45220,0
2015-04-14,19:00:00,27.008,27.048,26.988,26.988,27493,0
2015-04-14,20:00:00,26.988,27.028,26.988,27.008,27823,0
2015-04-14,21:00:00,27.008,27.038,26.978,27.028,25183,0
2015-04-14,22:00:00,27.028,27.048,26.949,26.998,45265,0
2015-04-15,16:00:00,26.978,27.176,26.978,27.166,94649,0
2015-04-15,17:00:00,27.166,27.215,27.12,27.146,104703,0
2015-04-15,18:00:00,27.156,27.156,27.018,27.048,31894,0
2015-04-15,19:00:00,27.048,27.077,26.998,27.077,25049,0
2015-04-15,20:00:00,27.087,27.255,27.087,27.235,11326,0
2015-04-15,21:00:00,27.215,27.294,27.215,27.294,8626,0
2015-04-15,22:00:00,27.294,27.294,27.146,27.245,45271,0
2015-04-16,16:00:00,27.304,27.413,27.205,27.245,72427,0
2015-04-16,17:00:00,27.201,27.265,27.151,27.225,60566,0
2015-04-16,18:00:00,27.225,27.294,27.205,27.245,79021,0
2015-04-16,19:00:00,27.255,27.275,27.235,27.245,19120,0
2015-04-16,20:00:00,27.265,27.442,27.245,27.442,13784,0
2015-04-16,21:00:00,27.442,27.482,27.403,27.413,31715,0
2015-04-16,22:00:00,27.433,27.433,27.314,27.314,66224,0
2015-04-17,16:00:00,26.959,27.107,26.959,27.008,36848,0
2015-04-17,17:00:00,27.067,27.245,27.047,27.166,152160,0
2015-04-17,18:00:00,27.166,27.196,27.067,27.191,50621,0
2015-04-17,19:00:00,27.205,27.235,27.166,27.205,89453,0
2015-04-17,20:00:00,27.205,27.245,27.126,27.127,74695,0
2015-04-17,21:00:00,27.165,27.215,27.107,27.215,75846,0
2015-04-17,22:00:00,27.196,27.265,27.176,27.225,53235,0
2015-04-20,16:00:00,27.057,27.205,27.048,27.136,39493,0
2015-04-20,17:00:00,27.136,27.146,27.067,27.097,72008,0
2015-04-20,18:00:00,27.126,27.146,27.008,27.008,110065,0
2015-04-20,19:00:00,26.988,27.018,26.929,27.008,75042,0
2015-04-20,20:00:00,27.008,27.018,26.969,26.988,9741,0
2015-04-20,21:00:00,26.998,27.028,26.957,27.028,21379,0
2015-04-20,22:00:00,27.016,27.038,26.87,26.909,148169,0
2015-04-21,16:00:00,27.156,27.294,27.077,27.265,66776,0
2015-04-21,17:00:00,27.255,27.334,27.245,27.252,68965,0
2015-04-21,18:00:00,27.255,27.314,27.235,27.245,93810,0
2015-04-21,19:00:00,27.245,27.275,27.235,27.245,28146,0
2015-04-21,20:00:00,27.245,27.304,27.235,27.265,25510,0
2015-04-21,21:00:00,27.245,27.284,27.235,27.275,19832,0
2015-04-21,22:00:00,27.284,27.304,27.176,27.205,82669,0
2015-04-22,16:00:00,27.294,27.482,27.107,27.176,122796,0
2015-04-22,17:00:00,27.176,27.354,27.136,27.354,48112,0
2015-04-22,18:00:00,27.354,27.363,27.245,27.245,48380,0
2015-04-22,19:00:00,27.245,27.323,27.23,27.309,14753,0
2015-04-22,20:00:00,27.294,27.383,27.294,27.358,48314,0
2015-04-22,21:00:00,27.344,27.373,27.324,27.324,5294,0
2015-04-22,22:00:00,27.324,27.393,27.275,27.393,33056,0
2015-04-23,16:00:00,27.146,27.482,27.146,27.275,27760,0
2015-04-23,17:00:00,27.275,27.275,27.176,27.225,30629,0
2015-04-23,18:00:00,27.235,27.314,27.225,27.314,65853,0
2015-04-23,19:00:00,27.314,27.383,27.284,27.373,5146,0
2015-04-23,20:00:00,27.39,27.39,27.334,27.364,9643,0
2015-04-23,21:00:00,27.363,27.403,27.344,27.383,16997,0
2015-04-23,22:00:00,27.363,27.413,27.284,27.284,38288,0
2015-04-24,16:00:00,27.215,27.275,27.146,27.186,57021,0
2015-04-24,17:00:00,27.196,27.205,27.136,27.141,88723,0
2015-04-24,18:00:00,27.136,27.176,27.057,27.146,66528,0
2015-04-24,19:00:00,27.146,27.196,27.126,27.136,27363,0
2015-04-24,20:00:00,27.156,27.156,27.048,27.156,78793,0
2015-04-24,21:00:00,27.146,27.156,27.067,27.077,18894,0
2015-04-24,22:00:00,27.067,27.117,27.067,27.077,70079,0
2015-04-27,16:00:00,26.031,26.149,25.922,25.942,86157,0
2015-04-27,17:00:00,25.942,26.06,25.843,26.06,164445,0
2015-04-27,18:00:00,26.051,26.12,26.051,26.12,158555,0
2015-04-27,19:00:00,26.122,26.129,26.051,26.052,51255,0
2015-04-27,20:00:00,26.064,26.09,26.021,26.059,31582,0
2015-04-27,21:00:00,26.041,26.1,26.031,26.08,12752,0
2015-04-27,22:00:00,26.08,26.1,26.031,26.051,42842,0
2015-04-28,16:00:00,25.774,25.784,25.587,25.601,98006,0
2015-04-28,17:00:00,25.606,25.675,25.537,25.646,96307,0
2015-04-28,18:00:00,25.656,25.745,25.646,25.665,67575,0
2015-04-28,19:00:00,25.646,25.764,25.646,25.745,57134,0
2015-04-28,20:00:00,25.749,25.764,25.675,25.703,31388,0
2015-04-28,21:00:00,25.685,25.725,25.656,25.675,31194,0
2015-04-28,22:00:00,25.675,25.754,25.661,25.725,82109,0
2015-04-29,16:00:00,25.29,25.29,25.063,25.152,229462,0
2015-04-29,17:00:00,25.152,25.221,25.103,25.202,108804,0
2015-04-29,18:00:00,25.211,25.271,25.162,25.211,75771,0
2015-04-29,19:00:00,25.202,25.207,25.073,25.119,42195,0
2015-04-29,20:00:00,25.123,25.152,25.054,25.103,240715,0
2015-04-29,21:00:00,25.103,25.15,24.915,25.063,133944,0
2015-04-29,22:00:00,25.063,25.172,25.044,25.132,145114,0
2015-04-30,16:00:00,24.984,24.984,24.54,24.543,373097,0
2015-04-30,17:00:00,24.53,24.57,24.382,24.432,425115,0
2015-04-30,18:00:00,24.451,24.52,24.422,24.451,188108,0
2015-04-30,19:00:00,24.451,24.53,24.451,24.501,263580,0
2015-04-30,20:00:00,24.501,24.58,24.501,24.58,59131,0
2015-04-30,21:00:00,24.58,24.58,24.432,24.441,163248,0
2015-04-30,22:00:00,24.441,24.511,24.382,24.441,463286,0
2015-05-01,16:00:00,24.491,24.659,24.402,24.491,75239,0
2015-05-01,17:00:00,24.471,24.52,24.353,24.441,229773,0
2015-05-01,18:00:00,24.432,24.526,24.432,24.501,148839,0
2015-05-01,19:00:00,24.511,24.53,24.461,24.501,139853,0
2015-05-01,20:00:00,24.52,24.639,24.491,24.619,110124,0
2015-05-01,21:00:00,24.609,24.629,24.56,24.56,102125,0
2015-05-01,22:00:00,24.56,24.564,24.501,24.52,94442,0
2015-05-04,16:00:00,25.172,25.458,25.044,25.116,348537,0
2015-05-04,17:00:00,25.113,25.142,25.063,25.073,104958,0
2015-05-04,18:00:00,25.064,25.221,25.054,25.194,877614,0
2015-05-04,19:00:00,25.202,25.246,25.172,25.202,224272,0
2015-05-04,20:00:00,25.211,25.211,25.162,25.167,163135,0
2015-05-04,21:00:00,25.172,25.202,25.123,25.141,213058,0
2015-05-04,22:00:00,25.142,25.211,25.103,25.192,489443,0
2015-05-05,16:00:00,25.281,25.35,25.172,25.211,113223,0
2015-05-05,17:00:00,25.211,25.211,24.905,25.044,272307,0
2015-05-05,18:00:00,25.063,25.077,24.984,25.044,147607,0
2015-05-05,19:00:00,25.044,25.152,25.034,25.113,446302,0
2015-05-05,20:00:00,25.113,25.142,24.975,24.994,106698,0
2015-05-05,21:00:00,24.984,25.044,24.935,25.034,174873,0
2015-05-05,22:00:00,25.034,25.078,24.984,25.024,161385,0
2015-05-06,16:00:00,25.399,25.458,25.093,25.123,69075,0
2015-05-06,17:00:00,25.142,25.172,24.994,25.152,106564,0
2015-05-06,18:00:00,25.142,25.152,25.073,25.123,60636,0
2015-05-06,19:00:00,25.113,25.132,25.034,25.054,236556,0
2015-05-06,20:00:00,25.054,25.093,25.024,25.061,131414,0
2015-05-06,21:00:00,25.063,25.093,25.004,25.093,140197,0
2015-05-06,22:00:00,25.103,25.123,25.054,25.103,187150,0
2015-05-07,16:00:00,25.014,25.231,24.984,25.073,292246,0
2015-05-07,17:00:00,25.063,25.093,25.029,25.083,121585,0
2015-05-07,18:00:00,25.083,25.211,25.078,25.113,85084,0
2015-05-07,19:00:00,25.113,25.202,25.113,25.162,23137,0
2015-05-07,20:00:00,25.152,25.182,25.083,25.123,30948,0
2015-05-07,21:00:00,25.132,25.172,25.083,25.103,69572,0
2015-05-07,22:00:00,25.098,25.172,25.014,25.162,120749,0
2015-05-08,16:00:00,25.438,25.517,25.3,25.3,113564,0
2015-05-08,17:00:00,25.3,25.478,25.295,25.448,138821,0
2015-05-08,18:00:00,25.448,25.567,25.448,25.567,39845,0
2015-05-08,19:00:00,25.567,25.611,25.547,25.587,50994,0
2015-05-08,20:00:00,25.577,25.636,25.577,25.636,26361,0
2015-05-08,21:00:00,25.636,25.636,25.542,25.557,53442,0
2015-05-08,22:00:00,25.557,25.557,25.35,25.369,220864,0
2015-05-11,16:00:00,25.192,25.281,25.172,25.172,45468,0
2015-05-11,17:00:00,25.202,25.251,25.113,25.152,46285,0
2015-05-11,18:00:00,25.172,25.182,25.073,25.073,36688,0
2015-05-11,19:00:00,25.078,25.123,25.073,25.113,25094,0
2015-05-11,20:00:00,25.113,25.162,25.113,25.147,17327,0
2015-05-11,21:00:00,25.147,25.162,25.073,25.073,23465,0
2015-05-11,22:00:00,25.093,25.132,25.044,25.054,131267,0
2015-05-12,16:00:00,25.093,25.093,25.024,25.073,62218,0
2015-05-12,17:00:00,25.073,25.093,24.994,25.073,184785,0
2015-05-12,18:00:00,25.072,25.113,25.063,25.113,52257,0
2015-05-12,19:00:00,25.113,25.132,25.063,25.123,64954,0
2015-05-12,20:00:00,25.123,25.149,25.062,25.073,42058,0
2015-05-12,21:00:00,25.068,25.123,25.054,25.073,40578,0
2015-05-12,22:00:00,25.073,25.123,25.054,25.073,71338,0
2015-05-13,16:00:00,25.557,25.725,25.478,25.666,73760,0
2015-05-13,17:00:00,25.685,25.695,25.488,25.498,35967,0
2015-05-13,18:00:00,25.498,25.616,25.488,25.577,64504,0
2015-05-13,19:00:00,25.596,25.596,25.508,25.537,11441,0
2015-05-13,20:00:00,25.547,25.616,25.537,25.547,17690,0
2015-05-13,21:00:00,25.537,25.596,25.498,25.582,662609,0
2015-05-13,22:00:00,25.587,25.611,25.488,25.577,192911,0
2015-05-14,16:00:00,25.863,25.952,25.833,25.922,46091,0
2015-05-14,17:00:00,25.922,25.952,25.784,25.853,114539,0
2015-05-14,18:00:00,25.853,25.883,25.814,25.853,31216,0
2015-05-14,19:00:00,25.863,25.873,25.863,25.873,18499,0
2015-05-14,20:00:00,25.873,25.912,25.863,25.912,32440,0
2015-05-14,21:00:00,25.912,25.942,25.873,25.922,55885,0
2015-05-14,22:00:00,25.922,25.937,25.745,25.745,96129,0
2015-05-15,16:00:00,25.379,25.478,25.35,25.419,27110,0
2015-05-15,17:00:00,25.419,25.537,25.369,25.527,42790,0
2015-05-15,18:00:00,25.527,25.596,25.527,25.591,93193,0
2015-05-15,19:00:00,25.591,25.606,25.587,25.606,71831,0
2015-05-15,20:00:00,25.601,25.666,25.596,25.621,96060,0
2015-05-15,21:00:00,25.621,25.715,25.621,25.715,74538,0
2015-05-15,22:00:00,25.715,25.754,25.705,25.745,171305,0
2015-05-18,16:00:00,25.587,25.626,25.478,25.567,32864,0
2015-05-18,17:00:00,25.567,25.606,25.498,25.527,49817,0
2015-05-18,18:00:00,25.527,25.646,25.498,25.636,97427,0
2015-05-18,19:00:00,25.636,25.646,25.626,25.626,41770,0
2015-05-18,20:00:00,25.626,25.675,25.596,25.626,36088,0
2015-05-18,21:00:00,25.636,25.666,25.606,25.636,34140,0
2015-05-18,22:00:00,25.636,25.636,25.488,25.508,125475,0
2015-05-19,16:00:00,25.695,25.902,25.517,25.675,90942,0
2015-05-19,17:00:00,25.695,25.764,25.666,25.74,59025,0
2015-05-19,18:00:00,25.735,25.745,25.675,25.727,63366,0
2015-05-19,19:00:00,25.735,25.784,25.735,25.759,43550,0
2015-05-19,20:00:00,25.759,25.823,25.735,25.814,33524,0
2015-05-19,21:00:00,25.814,25.823,25.764,25.794,36427,0
2015-05-19,22:00:00,25.804,25.804,25.745,25.774,61869,0
2015-05-20,16:00:00,25.942,26.149,25.942,25.991,32188,0
2015-05-20,17:00:00,25.991,26.051,25.981,26.041,54780,0
2015-05-20,18:00:00,26.051,26.051,25.991,26.011,45225,0
2015-05-20,19:00:00,26.001,26.021,25.942,25.942,59555,0
2015-05-20,20:00:00,25.952,25.991,25.942,25.981,91680,0
2015-05-20,21:00:00,25.981,26.031,25.843,26.001,95236,0
2015-05-20,22:00:00,26.001,26.011,25.932,25.942,41869,0
2015-05-21,16:00:00,26.11,26.228,25.981,26.051,683852,0
2015-05-21,17:00:00,26.051,26.228,26.051,26.223,75626,0
2015-05-21,18:00:00,26.228,26.268,26.201,26.228,42252,0
2015-05-21,19:00:00,26.202,26.238,26.199,26.228,14760,0
2015-05-21,20:00:00,26.228,26.268,26.184,26.184,25424,0
2015-05-21,21:00:00,26.189,26.268,26.179,26.184,32446,0
2015-05-21,22:00:00,26.189,26.287,26.105,26.238,74025,0
2015-05-22,16:00:00,26.08,26.144,26.001,26.021,34235,0
2015-05-22,17:00:00,26.001,26.021,25.932,25.981,89892,0
2015-05-22,18:00:00,25.972,25.972,25.932,25.942,51174,0
2015-05-22,19:00:00,25.932,26.001,25.922,26.001,20863,0
2015-05-22,20:00:00,25.972,25.991,25.952,25.952,27917,0
2015-05-22,21:00:00,25.942,25.972,25.922,25.942,26585,0
2015-05-22,22:00:00,25.922,26.011,25.922,25.981,63879,0
2015-05-26,16:00:00,25.774,25.947,25.764,25.873,65216,0
2015-05-26,17:00:00,25.873,25.893,25.705,25.705,75903,0
2015-05-26,18:00:00,25.705,25.715,25.656,25.675,96099,0
2015-05-26,19:00:00,25.675,25.695,25.656,25.68,24362,0
2015-05-26,20:00:00,25.68,25.68,25.616,25.636,30152,0
2015-05-26,21:00:00,25.626,25.656,25.616,25.621,26438,0
2015-05-26,22:00:00,25.626,25.774,25.616,25.725,107164,0
2015-05-27,16:00:00,25.527,25.596,25.35,25.567,69814,0
2015-05-27,17:00:00,25.596,25.596,25.478,25.508,33193,0
2015-05-27,18:00:00,25.508,25.587,25.508,25.567,65967,0
2015-05-27,19:00:00,25.567,25.587,25.527,25.547,36459,0
2015-05-27,20:00:00,25.547,25.577,25.537,25.557,24599,0
2015-05-27,21:00:00,25.557,25.666,25.557,25.666,44398,0
2015-05-27,22:00:00,25.661,25.759,25.626,25.636,138187,0
2015-05-28,16:00:00,25.389,25.606,25.351,25.379,34488,0
2015-05-28,17:00:00,25.379,25.438,25.36,25.409,23347,0
2015-05-28,18:00:00,25.409,25.458,25.399,25.429,13365,0
2015-05-28,19:00:00,25.409,25.438,25.409,25.419,5216,0
2015-05-28,20:00:00,25.409,25.458,25.409,25.441,4651,0
2015-05-28,21:00:00,25.429,25.438,25.399,25.409,56774,0
2015-05-28,22:00:00,25.414,25.468,25.369,25.468,259735,0
2015-05-29,16:00:00,25.34,25.458,25.34,25.409,74857,0
2015-05-29,17:00:00,25.429,25.458,25.429,25.448,159409,0
2015-05-29,18:00:00,25.453,25.527,25.399,25.517,193848,0
2015-05-29,19:00:00,25.537,25.572,25.498,25.552,40720,0
2015-05-29,20:00:00,25.532,25.557,25.468,25.527,35629,0
2015-05-29,21:00:00,25.517,25.527,25.409,25.463,49485,0
2015-05-29,22:00:00,25.468,25.498,25.379,25.379,98876,0
2015-06-01,16:00:00,25.34,25.34,25.113,25.157,58210,0
2015-06-01,17:00:00,25.152,25.218,25.029,25.063,189297,0
2015-06-01,18:00:00,25.063,25.123,25.024,25.054,967407,0
2015-06-01,19:00:00,25.054,25.142,25.044,25.113,95627,0
2015-06-01,20:00:00,25.103,25.103,25.008,25.024,113626,0
2015-06-01,21:00:00,25.024,25.054,24.984,24.999,51668,0
2015-06-01,22:00:00,24.999,25.063,24.994,25.014,69152,0
2015-06-02,16:00:00,25.063,25.123,24.975,25.013,72833,0
2015-06-02,17:00:00,24.994,25.113,24.984,25.014,97272,0
2015-06-02,18:00:00,25.044,25.063,25.004,25.024,49631,0
2015-06-02,19:00:00,25.024,25.172,25.024,25.103,52383,0
2015-06-02,20:00:00,25.103,25.182,25.063,25.162,335727,0
2015-06-02,21:00:00,25.142,25.182,25.093,25.132,26771,0
2015-06-02,22:00:00,25.142,25.142,25.054,25.063,94465,0
2015-06-03,16:00:00,24.797,24.797,24.698,24.747,51478,0
2015-06-03,17:00:00,24.708,24.807,24.698,24.754,190003,0
2015-06-03,18:00:00,24.757,24.767,24.629,24.688,119959,0
2015-06-03,19:00:00,24.688,24.738,24.619,24.619,94683,0
2015-06-03,20:00:00,24.639,24.649,24.609,24.634,33336,0
2015-06-03,21:00:00,24.639,24.708,24.634,24.634,16899,0
2015-06-03,22:00:00,24.639,24.678,24.59,24.649,44936,0
2015-06-04,16:00:00,24.451,24.451,24.244,24.372,59748,0
2015-06-04,17:00:00,24.372,24.412,24.264,24.264,28811,0
2015-06-04,18:00:00,24.274,24.284,24.185,24.185,40094,0
2015-06-04,19:00:00,24.195,24.195,24.135,24.135,76211,0
2015-06-04,20:00:00,24.135,24.155,24.106,24.135,33297,0
2015-06-04,21:00:00,24.135,24.183,24.135,24.155,25326,0
2015-06-04,22:00:00,24.155,24.205,24.15,24.195,32900,0
2015-06-05,16:00:00,24.214,24.214,24.027,24.145,93017,0
2015-06-05,17:00:00,24.131,24.412,24.126,24.269,152670,0
2015-06-05,18:00:00,24.274,24.284,24.076,24.076,91940,0
2015-06-05,19:00:00,24.076,24.195,24.076,24.165,20792,0
2015-06-05,20:00:00,24.175,24.175,24.106,24.126,21331,0
2015-06-05,21:00:00,24.116,24.126,24.056,24.076,21604,0
2015-06-05,22:00:00,24.086,24.175,24.066,24.066,143979,0
2015-06-08,16:00:00,23.958,23.958,23.79,23.8,23309,0
2015-06-08,17:00:00,23.804,23.829,23.75,23.75,74875,0
2015-06-08,18:00:00,23.741,23.79,23.721,23.77,35304,0
2015-06-08,19:00:00,23.75,23.77,23.691,23.701,15807,0
2015-06-08,20:00:00,23.701,23.721,23.642,23.681,12041,0
2015-06-08,21:00:00,23.681,23.77,23.672,23.76,12971,0
2015-06-08,22:00:00,23.75,23.77,23.681,23.691,48954,0
2015-06-09,16:00:00,23.415,23.553,23.208,23.247,45112,0
2015-06-09,17:00:00,23.257,23.375,23.227,23.337,149296,0
2015-06-09,18:00:00,23.341,23.395,23.336,23.366,105353,0
2015-06-09,19:00:00,23.375,23.38,23.316,23.336,60518,0
2015-06-09,20:00:00,23.336,23.366,23.267,23.267,68023,0
2015-06-09,21:00:00,23.267,23.326,23.257,23.267,63225,0
2015-06-09,22:00:00,23.267,23.326,23.217,23.267,149085,0
2015-06-10,16:00:00,23.662,23.746,23.612,23.672,84458,0
2015-06-10,17:00:00,23.672,23.829,23.652,23.75,1032009,0
2015-06-10,18:00:00,23.746,23.8,23.701,23.721,191220,0
2015-06-10,19:00:00,23.711,23.731,23.701,23.706,70574,0
2015-06-10,20:00:00,23.706,23.721,23.691,23.701,61864,0
2015-06-10,21:00:00,23.701,23.77,23.657,23.721,151710,0
2015-06-10,22:00:00,23.721,23.721,23.602,23.622,208090,0
2015-06-11,16:00:00,23.553,23.691,23.444,23.543,47802,0
2015-06-11,17:00:00,23.533,23.583,23.435,23.435,52031,0
2015-06-11,18:00:00,23.425,23.474,23.425,23.444,44140,0
2015-06-11,19:00:00,23.444,23.553,23.435,23.543,352728,0
2015-06-11,20:00:00,23.543,23.553,23.494,23.514,41800,0
2015-06-11,21:00:00,23.509,23.538,23.504,23.528,20093,0
2015-06-11,22:00:00,23.528,23.553,23.474,23.474,151706,0
2015-06-12,16:00:00,23.474,23.484,23.326,23.435,120399,0
2015-06-12,17:00:00,23.435,23.444,23.348,23.356,13463,0
2015-06-12,18:00:00,23.366,23.4,23.316,23.336,68320,0
2015-06-12,19:00:00,23.336,23.346,23.311,23.311,30686,0
2015-06-12,20:00:00,23.311,23.321,23.277,23.291,43725,0
2015-06-12,21:00:00,23.296,23.296,23.227,23.227,61381,0
2015-06-12,22:00:00,23.227,23.326,23.227,23.296,60695,0
2015-06-15,16:00:00,22.872,23.089,22.773,22.793,31768,0
2015-06-15,17:00:00,22.783,22.792,22.734,22.763,45967,0
2015-06-15,18:00:00,22.773,22.852,22.773,22.813,33766,0
2015-06-15,19:00:00,22.813,22.882,22.793,22.842,65564,0
2015-06-15,20:00:00,22.842,22.872,22.793,22.823,14543,0
2015-06-15,21:00:00,22.823,22.852,22.793,22.823,11305,0
2015-06-15,22:00:00,22.803,22.882,22.793,22.882,31648,0
2015-06-16,16:00:00,23.148,23.277,23.099,23.217,33152,0
2015-06-16,17:00:00,23.217,23.326,23.198,23.217,121482,0
2015-06-16,18:00:00,23.217,23.277,23.198,23.217,69547,0
2015-06-16,19:00:00,23.217,23.237,23.208,23.232,52389,0
2015-06-16,20:00:00,23.232,23.257,23.219,23.227,13949,0
2015-06-16,21:00:00,23.227,23.257,23.217,23.242,16162,0
2015-06-16,22:00:00,23.242,23.277,23.217,23.277,61115,0
2015-06-17,16:00:00,23.523,23.553,23.425,23.533,48738,0
2015-06-17,17:00:00,23.533,23.563,23.454,23.563,77294,0
2015-06-17,18:00:00,23.563,23.563,23.514,23.526,30066,0
2015-06-17,19:00:00,23.533,23.553,23.454,23.454,54009,0
2015-06-17,20:00:00,23.444,23.553,23.444,23.543,49900,0
2015-06-17,21:00:00,23.543,23.928,23.523,23.869,118924,0
2015-06-17,22:00:00,23.839,23.889,23.701,23.711,102409,0
2015-06-18,16:00:00,23.859,23.908,23.711,23.889,67655,0
2015-06-18,17:00:00,23.908,23.978,23.889,23.978,70793,0
2015-06-18,18:00:00,23.978,24.017,23.948,23.948,60145,0
2015-06-18,19:00:00,23.938,23.987,23.918,23.938,34306,0
2015-06-18,20:00:00,23.958,24.037,23.948,23.997,82114,0
2015-06-18,21:00:00,23.997,24.007,23.948,23.997,36286,0
2015-06-18,22:00:00,23.987,23.987,23.839,23.879,149110,0
2015-06-19,16:00:00,24.056,24.056,23.851,23.938,25671,0
2015-06-19,17:00:00,23.978,24.007,23.928,23.948,41288,0
2015-06-19,18:00:00,23.948,23.968,23.948,23.958,39793,0
2015-06-19,19:00:00,23.958,23.958,23.938,23.948,16417,0
2015-06-19,20:00:00,23.938,23.948,23.938,23.948,6910,0
2015-06-19,21:00:00,23.943,23.968,23.859,23.859,28032,0
2015-06-19,22:00:00,23.859,23.859,23.76,23.77,121766,0
2015-06-22,16:00:00,23.879,23.879,23.711,23.839,56040,0
2015-06-22,17:00:00,23.78,23.908,23.78,23.889,28174,0
2015-06-22,18:00:00,23.889,23.938,23.864,23.918,68837,0
2015-06-22,19:00:00,23.918,23.928,23.869,23.869,39792,0
2015-06-22,20:00:00,23.879,23.879,23.81,23.839,26560,0
2015-06-22,21:00:00,23.839,23.839,23.795,23.8,18832,0
2015-06-22,22:00:00,23.795,23.839,23.75,23.76,66310,0
2015-06-23,16:00:00,23.839,23.879,23.829,23.869,36208,0
2015-06-23,17:00:00,23.889,23.913,23.839,23.869,113541,0
2015-06-23,18:00:00,23.869,23.879,23.82,23.849,77213,0
2015-06-23,19:00:00,23.849,23.859,23.8,23.8,51455,0
2015-06-23,20:00:00,23.81,23.859,23.805,23.839,29686,0
2015-06-23,21:00:00,23.839,23.864,23.825,23.839,86256,0
2015-06-23,22:00:00,23.839,23.928,23.839,23.928,80745,0
2015-06-24,16:00:00,23.77,23.839,23.77,23.829,23057,0
2015-06-24,17:00:00,23.82,23.91,23.78,23.849,59184,0
2015-06-24,18:00:00,23.849,23.849,23.76,23.77,64857,0
2015-06-24,19:00:00,23.741,23.75,23.731,23.731,2169,0
2015-06-24,20:00:00,23.731,23.75,23.637,23.701,49792,0
2015-06-24,21:00:00,23.701,23.715,23.672,23.701,45830,0
2015-06-24,22:00:00,23.701,23.77,23.662,23.662,48962,0
2015-06-25,16:00:00,23.65,23.65,23.42,23.49,118794,0
2015-06-25,17:00:00,23.495,23.53,23.48,23.51,43429,0
2015-06-25,18:00:00,23.51,23.56,23.51,23.56,49573,0
2015-06-25,19:00:00,23.56,23.56,23.51,23.52,6390,0
2015-06-25,20:00:00,23.52,23.55,23.51,23.52,23145,0
2015-06-25,21:00:00,23.52,23.52,23.4,23.44,303366,0
2015-06-25,22:00:00,23.44,23.4616,23.39,23.41,90938,0
2015-06-26,16:00:00,23.51,23.53,23.43,23.47,104529,0
2015-06-26,17:00:00,23.5,23.58,23.5,23.52,25031,0
2015-06-26,18:00:00,23.52,23.555,23.5,23.53,60866,0
2015-06-26,19:00:00,23.53,23.55,23.46,23.46,23221,0
2015-06-26,20:00:00,23.45,23.45,23.38,23.4,37466,0
2015-06-26,21:00:00,23.38,23.42,23.38,23.42,11735,0
2015-06-26,22:00:00,23.42,23.46,23.345,23.4,150203,0
2015-06-29,16:00:00,23.19,23.43,23.03,23.3,51990,0
2015-06-29,17:00:00,23.3,23.31,23.15,23.16,52514,0
2015-06-29,18:00:00,23.15,23.15,23.04,23.05,73334,0
2015-06-29,19:00:00,23.05,23.05,22.99,22.99,45028,0
2015-06-29,20:00:00,22.99,23.06,22.98,23.025,58511,0
2015-06-29,21:00:00,23.02,23.04,22.98,22.98,65849,0
2015-06-29,22:00:00,22.985,22.995,22.91,22.94,62776,0
2015-06-30,16:00:00,23.38,23.39,23.26,23.26,81188,0
2015-06-30,17:00:00,23.26,23.29,23.19,23.26,42185,0
2015-06-30,18:00:00,23.26,23.27,23.16,23.18,50696,0
2015-06-30,19:00:00,23.18,23.21,23.12,23.13,49599,0
2015-06-30,20:00:00,23.14,23.27,23.125,23.23,81492,0
2015-06-30,21:00:00,23.245,23.33,23.19,23.1901,82803,0
2015-06-30,22:00:00,23.2,23.27,23.16,23.17,73939,0
2015-07-01,16:00:00,23.35,23.37,23.2,23.34,23491,0
2015-07-01,17:00:00,23.35,23.38,23.25,23.27,95505,0
2015-07-01,18:00:00,23.28,23.295,23.18,23.2,95509,0
2015-07-01,19:00:00,23.2,23.22,23.14,23.15,58070,0
2015-07-01,20:00:00,23.14,23.26,23.14,23.16,26188,0
2015-07-01,21:00:00,23.16,23.218,23.1458,23.19,152019,0
2015-07-01,22:00:00,23.21,23.27,23.19,23.26,57871,0
2015-07-02,16:00:00,23.51,23.89,23.51,23.82,159642,0
2015-07-02,17:00:00,23.837,23.84,23.7,23.7518,362440,0
2015-07-02,18:00:00,23.75,23.75,23.66,23.66,220809,0
2015-07-02,19:00:00,23.67,23.69,23.64,23.64,13446,0
2015-07-02,20:00:00,23.64,23.67,23.63,23.63,22446,0
2015-07-02,21:00:00,23.63,23.67,23.63,23.67,12490,0
2015-07-02,22:00:00,23.67,23.73,23.66,23.73,102935,0
2015-07-06,16:00:00,23.35,23.5,23.3,23.465,17399,0
2015-07-06,17:00:00,23.45,23.65,23.45,23.57,73365,0
2015-07-06,18:00:00,23.57,23.59,23.5,23.54,104685,0
2015-07-06,19:00:00,23.52,23.52,23.46,23.4864,26768,0
2015-07-06,20:00:00,23.52,23.525,23.39,23.4,54630,0
2015-07-06,21:00:00,23.4,23.41,23.35,23.35,19589,0
2015-07-06,22:00:00,23.35,23.43,23.35,23.43,24446,0
2015-07-07,16:00:00,23.22,23.3,23.17,23.24,93646,0
2015-07-07,17:00:00,23.24,23.25,23.07,23.1,98900,0
2015-07-07,18:00:00,23.1,23.25,23.04,23.24,148187,0
2015-07-07,19:00:00,23.24,23.2699,23.2175,23.2699,8169,0
2015-07-07,20:00:00,23.27,23.32,23.22,23.3,25800,0
2015-07-07,21:00:00,23.32,23.41,23.21,23.41,44310,0
2015-07-07,22:00:00,23.382,23.47,23.342,23.44,116231,0
2015-07-08,16:00:00,23.19,23.37,23.19,23.24,48487,0
2015-07-08,17:00:00,23.21,23.33,23.21,23.33,42725,0
2015-07-08,18:00:00,23.33,23.34,23.21,23.21,60269,0
2015-07-08,19:00:00,23.19,23.22,23.13,23.19,57144,0
2015-07-08,20:00:00,23.19,23.19,23.11,23.1479,44234,0
2015-07-08,21:00:00,23.14,23.19,23.01,23.05,87770,0
2015-07-08,22:00:00,23.06,23.18,23.02,23.07,90895,0
2015-07-09,16:00:00,23.11,23.21,23.082,23.0935,39699,0
2015-07-09,17:00:00,23.08,23.11,22.99,23.09,63830,0
2015-07-09,18:00:00,23.12,23.16,23.02,23.02,38713,0
2015-07-09,19:00:00,23.02,23.03,22.97,22.99,26902,0
2015-07-09,20:00:00,22.99,23.02,22.9501,22.9501,69516,0
2015-07-09,21:00:00,22.96,22.96,22.87,22.88,38845,0
2015-07-09,22:00:00,22.89,22.94,22.79,22.8,67283,0
2015-07-10,16:00:00,23.42,23.43,23.34,23.38,42299,0
2015-07-10,17:00:00,23.39,23.42,23.36,23.4,59131,0
2015-07-10,18:00:00,23.39,23.48,23.39,23.445,52340,0
2015-07-10,19:00:00,23.445,23.46,23.36,23.42,39773,0
2015-07-10,20:00:00,23.435,23.4599,23.41,23.45,22537,0
2015-07-10,21:00:00,23.46,23.55,23.46,23.55,65658,0
2015-07-10,22:00:00,23.55,23.58,23.44,23.44,130830,0
2015-07-13,16:00:00,23.56,23.67,23.5,23.639,58885,0
2015-07-13,17:00:00,23.63,23.65,23.43,23.43,92333,0
2015-07-13,18:00:00,23.44,23.54,23.44,23.54,55544,0
2015-07-13,19:00:00,23.54,23.555,23.5,23.5499,23125,0
2015-07-13,20:00:00,23.54,23.54,23.46,23.48,14096,0
2015-07-13,21:00:00,23.49,23.53,23.485,23.52,14539,0
2015-07-13,22:00:00,23.52,23.56,23.49,23.5,64863,0
2015-07-14,16:00:00,23.46,23.52,23.42,23.48,6101,0
2015-07-14,17:00:00,23.52,23.53,23.48,23.53,25065,0
2015-07-14,18:00:00,23.52,23.61,23.52,23.59,63555,0
2015-07-14,19:00:00,23.59,23.61,23.58,23.59,12053,0
2015-07-14,20:00:00,23.59,23.6,23.57,23.6,10129,0
2015-07-14,21:00:00,23.6,23.6,23.58,23.59,10986,0
2015-07-14,22:00:00,23.6,23.66,23.58,23.63,71906,0
2015-07-15,16:00:00,23.25,23.44,23.15,23.2407,24905,0
2015-07-15,17:00:00,23.25,23.26,23.19,23.22,15481,0
2015-07-15,18:00:00,23.22,23.2459,23.11,23.13,92156,0
2015-07-15,19:00:00,23.13,23.21,23.12,23.2,39678,0
2015-07-15,20:00:00,23.22,23.25,23.21,23.22,19895,0
2015-07-15,21:00:00,23.22,23.23,23.08,23.1401,29597,0
2015-07-15,22:00:00,23.15,23.175,23.1,23.1,64059,0
2015-07-16,16:00:00,23.23,23.33,23.1701,23.29,34344,0
2015-07-16,17:00:00,23.29,23.33,23.24,23.315,25690,0
2015-07-16,18:00:00,23.32,23.38,23.315,23.36,19409,0
2015-07-16,19:00:00,23.35,23.36,23.315,23.315,9688,0
2015-07-16,20:00:00,23.31,23.31,23.28,23.29,17761,0
2015-07-16,21:00:00,23.2875,23.34,23.28,23.33,18592,0
2015-07-16,22:00:00,23.328,23.37,23.32,23.37,20463,0
2015-07-17,16:00:00,23.26,23.4,23.26,23.35,39501,0
2015-07-17,17:00:00,23.33,23.36,23.28,23.31,35890,0
2015-07-17,18:00:00,23.3162,23.33,23.295,23.3,10031,0
2015-07-17,19:00:00,23.3,23.3062,23.27,23.27,2700,0
2015-07-17,20:00:00,23.2799,23.2799,23.26,23.2699,13935,0
2015-07-17,21:00:00,23.27,23.35,23.26,23.35,20587,0
2015-07-17,22:00:00,23.34,23.36,23.29,23.31,68484,0
2015-07-20,16:00:00,23.1,23.14,23.04,23.06,52011,0
2015-07-20,17:00:00,23.04,23.18,23.03,23.18,38467,0
2015-07-20,18:00:00,23.18,23.24,23.17,23.24,70682,0
2015-07-20,19:00:00,23.24,23.2907,23.24,23.2907,29980,0
2015-07-20,20:00:00,23.28,23.29,23.27,23.27,14920,0
2015-07-20,21:00:00,23.2607,23.28,23.26,23.2707,7568,0
2015-07-20,22:00:00,23.2701,23.29,23.22,23.25,23919,0
2015-07-21,16:00:00,23.28,23.33,23.23,23.33,10299,0
2015-07-21,17:00:00,23.325,23.325,23.17,23.19,72608,0
2015-07-21,18:00:00,23.2,23.2025,23.16,23.2,34255,0
2015-07-21,19:00:00,23.21,23.22,23.2001,23.215,7553,0
2015-07-21,20:00:00,23.215,23.215,23.15,23.17,21481,0
2015-07-21,21:00:00,23.18,23.2,23.14,23.14,27053,0
2015-07-21,22:00:00,23.14,23.22,23.14,23.21,31369,0
2015-07-22,16:00:00,23.16,23.19,23.12,23.15,15828,0
2015-07-22,17:00:00,23.16,23.18,23.06,23.1,55147,0
2015-07-22,18:00:00,23.1,23.1099,23.02,23.03,19946,0
2015-07-22,19:00:00,23.05,23.05,22.97,22.98,8547,0
2015-07-22,20:00:00,22.98,23.01,22.98,23.01,6593,0
2015-07-22,21:00:00,23.02,23.08,23.02,23.08,11439,0
2015-07-22,22:00:00,23.07,23.07,23.04,23.07,52908,0
2015-07-23,16:00:00,23.15,23.2,23.05,23.08,55808,0
2015-07-23,17:00:00,23.08,23.16,23.08,23.14,46946,0
2015-07-23,18:00:00,23.14,23.14,23.02,23.03,43041,0
2015-07-23,19:00:00,23.03,23.04,22.98,23.02,16769,0
2015-07-23,20:00:00,23.04,23.11,23.01,23.1,18254,0
2015-07-23,21:00:00,23.07,23.08,23.02,23.07,73051,0
2015-07-23,22:00:00,23.06,23.07,22.95,22.97,62002,0
2015-07-24,16:00:00,22.67,22.67,22.59,22.67,34693,0
2015-07-24,17:00:00,22.66,22.66,22.55,22.55,45238,0
2015-07-24,18:00:00,22.56,22.62,22.54,22.5418,150851,0
2015-07-24,19:00:00,22.55,22.6,22.55,22.569,12100,0
2015-07-24,20:00:00,22.56,22.56,22.49,22.53,31331,0
2015-07-24,21:00:00,22.53,22.53,22.45,22.48,48374,0
2015-07-24,22:00:00,22.49,22.595,22.49,22.56,170000,0
2015-07-27,16:00:00,22.08,22.165,21.99,22.09,91556,0
2015-07-27,17:00:00,22.09,22.14,21.97,22.05,174337,0
2015-07-27,18:00:00,22.05,22.07,22,22.02,40714,0
2015-07-27,19:00:00,22.02,22.02,21.93,21.93,46456,0
2015-07-27,20:00:00,21.94,21.94,21.9,21.9192,60598,0
2015-07-27,21:00:00,21.92,21.98,21.91,21.98,22218,0
2015-07-27,22:00:00,21.97,22.04,21.94,22.02,83723,0
2015-07-28,16:00:00,21.93,21.95,21.83,21.91,48294,0
2015-07-28,17:00:00,21.91,21.92,21.83,21.91,67278,0
2015-07-28,18:00:00,21.91,21.95,21.9,21.95,61544,0
2015-07-28,19:00:00,21.95,22,21.95,21.96,80275,0
2015-07-28,20:00:00,21.97,21.99,21.97,21.985,92731,0
2015-07-28,21:00:00,21.98,22.01,21.974,21.995,21642,0
2015-07-28,22:00:00,22,22.06,21.97,22,83239,0
2015-07-29,16:00:00,21.92,21.96,21.87,21.94,44148,0
2015-07-29,17:00:00,21.94,22.09,21.94,22.05,75612,0
2015-07-29,18:00:00,22.06,22.14,22.05,22.09,30788,0
2015-07-29,19:00:00,22.09,22.09,22.06,22.0898,17755,0
2015-07-29,20:00:00,22.09,22.13,22.07,22.1,107599,0
2015-07-29,21:00:00,22.155,22.19,22.05,22.19,27850,0
2015-07-29,22:00:00,22.18,22.2,22.08,22.13,200971,0
2015-07-30,16:00:00,21.98,22.08,21.95,22.03,201537,0
2015-07-30,17:00:00,22.02,22.1,21.92,21.93,266781,0
2015-07-30,18:00:00,21.93,22,21.895,21.94,41668,0
2015-07-30,19:00:00,21.95,21.97,21.93,21.945,32166,0
2015-07-30,20:00:00,21.96,21.96,21.905,21.9095,13065,0
2015-07-30,21:00:00,21.92,21.92,21.885,21.91,10519,0
2015-07-30,22:00:00,21.92,22.02,21.92,22.01,29137,0
2015-07-31,16:00:00,22.51,22.7,22.36,22.58,86136,0
2015-07-31,17:00:00,22.57,22.7,22.54,22.58,160386,0
2015-07-31,18:00:00,22.58,22.66,22.54,22.61,88807,0
2015-07-31,19:00:00,22.61,22.65,22.59,22.61,67485,0
2015-07-31,20:00:00,22.6,22.62,22.54,22.57,85617,0
2015-07-31,21:00:00,22.58,22.64,22.52,22.53,75326,0
2015-07-31,22:00:00,22.53,22.56,22.47,22.54,166194,0
2015-08-03,16:00:00,22.51,22.56,22.32,22.34,52765,0
2015-08-03,17:00:00,22.34,22.4,22.29,22.385,105201,0
2015-08-03,18:00:00,22.39,22.49,22.375,22.41,108842,0
2015-08-03,19:00:00,22.42,22.43,22.26,22.27,66818,0
2015-08-03,20:00:00,22.25,22.3,22.215,22.26,65492,0
2015-08-03,21:00:00,22.25,22.2669,22.21,22.23,65499,0
2015-08-03,22:00:00,22.24,22.32,22.225,22.32,113695,0
2015-08-04,16:00:00,22.42,22.6,22.41,22.5774,79859,0
2015-08-04,17:00:00,22.57,22.58,22.48,22.5,38147,0
2015-08-04,18:00:00,22.5,22.55,22.48,22.48,52061,0
2015-08-04,19:00:00,22.47,22.5399,22.42,22.4299,31129,0
2015-08-04,20:00:00,22.42,22.46,22.33,22.3399,32250,0
2015-08-04,21:00:00,22.3383,22.38,22.29,22.36,24061,0
2015-08-04,22:00:00,22.35,22.4,22.35,22.38,39655,0
2015-08-05,16:00:00,22.9,23.15,22.9,22.93,59912,0
2015-08-05,17:00:00,22.93,22.95,22.9,22.92,46459,0
2015-08-05,18:00:00,22.92,22.92,22.84,22.85,29659,0
2015-08-05,19:00:00,22.83,22.835,22.74,22.76,34332,0
2015-08-05,20:00:00,22.77,22.775,22.68,22.73,26710,0
2015-08-05,21:00:00,22.75,22.83,22.75,22.81,13009,0
2015-08-05,22:00:00,22.8,22.81,22.73,22.73,45608,0
2015-08-06,16:00:00,22.67,22.7,22.49,22.5,91918,0
2015-08-06,17:00:00,22.49,22.62,22.49,22.58,38199,0
2015-08-06,18:00:00,22.589,22.589,22.4,22.41,45379,0
2015-08-06,19:00:00,22.42,22.48,22.42,22.435,14631,0
2015-08-06,20:00:00,22.43,22.5,22.43,22.49,18375,0
2015-08-06,21:00:00,22.4899,22.58,22.48,22.58,50774,0
2015-08-06,22:00:00,22.59,22.6,22.49,22.52,51778,0
2015-08-07,16:00:00,22.33,22.34,22.27,22.32,26361,0
2015-08-07,17:00:00,22.33,22.34,22.23,22.3,52472,0
2015-08-07,18:00:00,22.27,22.27,22.19,22.21,34018,0
2015-08-07,19:00:00,22.21,22.24,22.19,22.19,30028,0
2015-08-07,20:00:00,22.19,22.2,22.16,22.19,4962,0
2015-08-07,21:00:00,22.18,22.185,22.1402,22.17,19562,0
2015-08-07,22:00:00,22.17,22.23,22.15,22.2,24067,0
