Date,Time,Open,High,Low,Close,Volume,OpenInt
2015-01-15,16:00:00,22.978,22.978,22.88,22.88,18919,0
2015-01-15,17:00:00,22.89,23.018,22.86,22.919,55715,0
2015-01-15,18:00:00,22.909,22.949,22.82,22.949,30059,0
2015-01-15,19:00:00,22.929,22.959,22.84,22.87,35921,0
2015-01-15,20:00:00,22.87,22.939,22.87,22.939,19123,0
2015-01-15,21:00:00,22.909,22.988,22.899,22.988,10724,0
2015-01-15,22:00:00,22.969,22.969,22.88,22.899,20418,0
2015-01-16,16:00:00,23.087,23.117,23.077,23.077,4452,0
2015-01-16,17:00:00,23.028,23.038,22.959,23.038,7307,0
2015-01-16,18:00:00,23.067,23.087,23.048,23.077,37959,0
2015-01-16,19:00:00,23.097,23.206,23.087,23.206,6189,0
2015-01-16,20:00:00,23.216,23.216,23.196,23.196,3794,0
2015-01-16,21:00:00,23.176,23.265,23.176,23.265,1837,0
2015-01-16,22:00:00,23.275,23.324,23.226,23.285,77610,0
2015-01-20,16:00:00,23.591,23.591,23.473,23.492,7261,0
2015-01-20,17:00:00,23.552,23.552,23.453,23.492,11781,0
2015-01-20,18:00:00,23.473,23.492,23.413,23.423,227412,0
2015-01-20,19:00:00,23.453,23.453,23.423,23.433,2672,0
2015-01-20,20:00:00,23.463,23.483,23.413,23.463,39949,0
2015-01-20,21:00:00,23.473,23.512,23.463,23.512,5767,0
2015-01-20,22:00:00,23.532,23.542,23.492,23.532,67487,0
2015-01-21,16:00:00,23.453,23.631,23.433,23.581,31213,0
2015-01-21,17:00:00,23.621,23.651,23.562,23.631,53875,0
2015-01-21,18:00:00,23.641,23.69,23.641,23.651,28702,0
2015-01-21,19:00:00,23.651,23.69,23.621,23.631,16907,0
2015-01-21,20:00:00,23.631,23.651,23.601,23.611,14972,0
2015-01-21,21:00:00,23.621,23.7,23.611,23.7,9264,0
2015-01-21,22:00:00,23.7,23.72,23.67,23.72,44239,0
2015-01-22,16:00:00,23.601,23.601,23.532,23.571,20664,0
2015-01-22,17:00:00,23.621,23.71,23.601,23.69,8399,0
2015-01-22,18:00:00,23.69,23.7,23.591,23.601,45633,0
2015-01-22,19:00:00,23.611,23.651,23.591,23.601,15395,0
2015-01-22,20:00:00,23.621,23.73,23.601,23.73,117210,0
2015-01-22,21:00:00,23.739,23.779,23.72,23.779,7471,0
2015-01-22,22:00:00,23.799,23.809,23.72,23.739,19148,0
2015-01-23,16:00:00,23.611,23.631,23.591,23.601,12344,0
2015-01-23,17:00:00,23.66,23.68,23.651,23.651,9716,0
2015-01-23,18:00:00,23.621,23.71,23.611,23.7,6856,0
2015-01-23,19:00:00,23.7,23.7,23.641,23.651,16245,0
2015-01-23,20:00:00,23.631,23.641,23.571,23.571,18098,0
2015-01-23,21:00:00,23.571,23.611,23.571,23.591,14323,0
2015-01-23,22:00:00,23.562,23.562,23.473,23.473,11415,0
2015-01-26,16:00:00,23.789,23.819,23.73,23.789,14320,0
2015-01-26,17:00:00,23.819,23.819,23.769,23.779,4192,0
2015-01-26,18:00:00,23.828,23.947,23.828,23.947,9914,0
2015-01-26,19:00:00,23.977,23.977,23.967,23.967,607,0
2015-01-26,20:00:00,24.016,24.026,23.996,23.996,3299,0
2015-01-26,21:00:00,24.006,24.006,23.967,23.996,3008,0
2015-01-26,22:00:00,23.967,23.977,23.947,23.967,6461,0
2015-01-27,16:00:00,23.838,23.888,23.809,23.819,6939,0
2015-01-27,17:00:00,23.858,23.868,23.769,23.838,4432,0
2015-01-27,18:00:00,23.888,23.907,23.878,23.907,2720,0
2015-01-27,19:00:00,23.878,23.898,23.878,23.898,1812,0
2015-01-27,20:00:00,23.907,23.947,23.898,23.907,5499,0
2015-01-27,21:00:00,23.937,23.977,23.898,23.967,2143,0
2015-01-27,22:00:00,23.957,23.957,23.898,23.927,18049,0
2015-01-28,16:00:00,23.819,23.828,23.759,23.779,6146,0
2015-01-28,17:00:00,23.769,23.789,23.66,23.67,21997,0
2015-01-28,18:00:00,23.7,23.809,23.66,23.789,17630,0
2015-01-28,19:00:00,23.789,23.858,23.789,23.819,11636,0
2015-01-28,20:00:00,23.799,23.799,23.759,23.759,24898,0
2015-01-28,21:00:00,23.749,23.749,23.641,23.641,13560,0
2015-01-28,22:00:00,23.611,23.611,23.413,23.413,35426,0
2015-01-29,16:00:00,23.868,23.888,23.799,23.888,19838,0
2015-01-29,17:00:00,23.868,23.947,23.809,23.848,45726,0
2015-01-29,18:00:00,23.838,23.888,23.819,23.868,43341,0
2015-01-29,19:00:00,23.868,23.868,23.809,23.858,7764,0
2015-01-29,20:00:00,23.868,23.967,23.868,23.937,11230,0
2015-01-29,21:00:00,23.937,23.967,23.927,23.967,16189,0
2015-01-29,22:00:00,23.977,24.046,23.967,24.046,38379,0
2015-01-30,16:00:00,23.828,23.898,23.809,23.809,12306,0
2015-01-30,17:00:00,23.819,23.848,23.72,23.73,55387,0
2015-01-30,18:00:00,23.73,23.799,23.68,23.799,25730,0
2015-01-30,19:00:00,23.809,23.848,23.779,23.779,4632,0
2015-01-30,20:00:00,23.799,23.848,23.789,23.848,15177,0
2015-01-30,21:00:00,23.838,23.917,23.769,23.779,102699,0
2015-01-30,22:00:00,23.799,23.799,23.72,23.72,161152,0
2015-02-02,16:00:00,23.641,23.651,23.601,23.601,58032,0
2015-02-02,17:00:00,23.601,23.7,23.571,23.67,41984,0
2015-02-02,18:00:00,23.67,23.809,23.67,23.789,214623,0
2015-02-02,19:00:00,23.739,23.789,23.7,23.7,26696,0
2015-02-02,20:00:00,23.68,23.73,23.68,23.72,10603,0
2015-02-02,21:00:00,23.67,23.769,23.67,23.73,27232,0
2015-02-02,22:00:00,23.73,23.888,23.73,23.848,24668,0
2015-02-03,16:00:00,24.066,24.164,24.026,24.155,298732,0
2015-02-03,17:00:00,24.145,24.155,24.076,24.135,376361,0
2015-02-03,18:00:00,24.125,24.174,24.095,24.095,90549,0
2015-02-03,19:00:00,24.095,24.174,24.076,24.164,40259,0
2015-02-03,20:00:00,24.164,24.283,24.164,24.234,49907,0
2015-02-03,21:00:00,24.224,24.244,24.204,24.234,40201,0
2015-02-03,22:00:00,24.244,24.273,24.234,24.263,30372,0
2015-02-04,16:00:00,23.888,23.927,23.838,23.878,58760,0
2015-02-04,17:00:00,23.878,23.937,23.868,23.907,76549,0
2015-02-04,18:00:00,23.907,23.957,23.898,23.947,4287,0
2015-02-04,19:00:00,23.957,23.957,23.878,23.898,7783,0
2015-02-04,20:00:00,23.927,23.937,23.888,23.917,1619,0
2015-02-04,21:00:00,23.917,23.947,23.878,23.927,31248,0
2015-02-04,22:00:00,23.937,24.006,23.71,23.739,55208,0
2015-02-05,16:00:00,23.947,23.957,23.898,23.917,14823,0
2015-02-05,17:00:00,23.917,24.006,23.917,23.996,5565,0
2015-02-05,18:00:00,24.006,24.036,23.996,24.026,9573,0
2015-02-05,19:00:00,23.996,24.046,23.977,24.016,4084,0
2015-02-05,20:00:00,24.046,24.135,24.046,24.135,11493,0
2015-02-05,21:00:00,24.125,24.135,24.076,24.085,11442,0
2015-02-05,22:00:00,24.085,24.164,24.085,24.164,7015,0
2015-02-06,16:00:00,23.878,23.917,23.809,23.809,34130,0
2015-02-06,17:00:00,23.809,23.848,23.789,23.809,78344,0
2015-02-06,18:00:00,23.809,23.828,23.759,23.759,121726,0
2015-02-06,19:00:00,23.779,23.779,23.68,23.71,259429,0
2015-02-06,20:00:00,23.739,23.739,23.641,23.7,11231,0
2015-02-06,21:00:00,23.69,23.72,23.67,23.67,20271,0
2015-02-06,22:00:00,23.67,23.67,23.611,23.651,47488,0
2015-02-09,16:00:00,23.305,23.463,23.295,23.463,24992,0
2015-02-09,17:00:00,23.463,23.512,23.453,23.473,18582,0
2015-02-09,18:00:00,23.492,23.542,23.492,23.542,10525,0
2015-02-09,19:00:00,23.552,23.591,23.552,23.571,13049,0
2015-02-09,20:00:00,23.581,23.581,23.552,23.552,5844,0
2015-02-09,21:00:00,23.562,23.571,23.532,23.532,8168,0
2015-02-09,22:00:00,23.522,23.532,23.463,23.502,16787,0
2015-02-10,16:00:00,23.799,23.828,23.789,23.809,44145,0
2015-02-10,17:00:00,23.779,23.799,23.66,23.66,15158,0
2015-02-10,18:00:00,23.66,23.749,23.641,23.739,38317,0
2015-02-10,19:00:00,23.72,23.759,23.72,23.739,6470,0
2015-02-10,20:00:00,23.739,23.749,23.69,23.739,24117,0
2015-02-10,21:00:00,23.73,23.799,23.73,23.799,233719,0
2015-02-10,22:00:00,23.789,23.828,23.789,23.809,7487,0
2015-02-11,16:00:00,24.046,24.076,24.036,24.066,7075,0
2015-02-11,17:00:00,24.056,24.066,24.026,24.026,5688,0
2015-02-11,18:00:00,24.085,24.085,24.006,24.016,51908,0
2015-02-11,19:00:00,23.987,23.996,23.957,23.996,22330,0
2015-02-11,20:00:00,23.977,24.056,23.947,24.056,177468,0
2015-02-11,21:00:00,24.066,24.115,24.046,24.076,52512,0
2015-02-11,22:00:00,24.046,24.135,24.036,24.076,20420,0
2015-02-12,16:00:00,24.431,24.53,24.412,24.481,19831,0
2015-02-12,17:00:00,24.461,24.461,24.352,24.352,37404,0
2015-02-12,18:00:00,24.352,24.451,24.352,24.412,11130,0
2015-02-12,19:00:00,24.431,24.451,24.431,24.431,6246,0
2015-02-12,20:00:00,24.402,24.471,24.402,24.471,304,0
2015-02-12,21:00:00,24.471,24.51,24.471,24.51,7003,0
2015-02-12,22:00:00,24.53,24.55,24.53,24.54,67930,0
2015-02-13,16:00:00,24.629,24.678,24.629,24.669,31107,0
2015-02-13,17:00:00,24.678,24.708,24.55,24.55,30282,0
2015-02-13,18:00:00,24.54,24.619,24.54,24.609,37235,0
2015-02-13,19:00:00,24.58,24.599,24.57,24.57,7791,0
2015-02-13,20:00:00,24.57,24.589,24.52,24.53,17655,0
2015-02-13,21:00:00,24.54,24.57,24.54,24.56,4861,0
2015-02-13,22:00:00,24.589,24.619,24.589,24.609,22343,0
2015-02-17,16:00:00,24.5,24.5,24.372,24.451,25551,0
2015-02-17,17:00:00,24.451,24.481,24.421,24.451,31164,0
2015-02-17,18:00:00,24.451,24.491,24.402,24.471,147813,0
2015-02-17,19:00:00,24.481,24.609,24.481,24.599,278973,0
2015-02-17,20:00:00,24.609,24.639,24.599,24.619,68130,0
2015-02-17,21:00:00,24.619,24.659,24.619,24.659,6619,0
2015-02-17,22:00:00,24.649,24.669,24.629,24.659,16179,0
2015-02-18,16:00:00,24.599,24.629,24.599,24.599,22221,0
2015-02-18,17:00:00,24.589,24.599,24.56,24.599,53525,0
2015-02-18,18:00:00,24.589,24.619,24.56,24.56,9049,0
2015-02-18,19:00:00,24.589,24.609,24.55,24.55,8342,0
2015-02-18,20:00:00,24.57,24.599,24.56,24.58,10140,0
2015-02-18,21:00:00,24.589,24.708,24.589,24.688,5726,0
2015-02-18,22:00:00,24.688,24.738,24.688,24.728,19200,0
2015-02-19,16:00:00,24.797,24.797,24.757,24.757,37549,0
2015-02-19,17:00:00,24.827,24.925,24.827,24.925,20851,0
2015-02-19,18:00:00,24.916,24.925,24.876,24.925,284171,0
2015-02-19,19:00:00,24.886,24.886,24.787,24.817,15603,0
2015-02-19,20:00:00,24.797,24.817,24.787,24.807,29352,0
2015-02-19,21:00:00,24.837,24.837,24.817,24.817,3893,0
2015-02-19,22:00:00,24.827,24.827,24.787,24.817,13248,0
2015-02-20,16:00:00,24.599,24.639,24.57,24.619,10460,0
2015-02-20,17:00:00,24.589,24.827,24.589,24.817,41962,0
2015-02-20,18:00:00,24.817,24.846,24.787,24.846,9129,0
2015-02-20,19:00:00,24.846,25.005,24.797,24.965,46149,0
2015-02-20,20:00:00,24.955,25.064,24.955,25.064,14593,0
2015-02-20,21:00:00,25.064,25.153,25.054,25.113,27632,0
2015-02-20,22:00:00,25.153,25.222,25.093,25.123,55370,0
2015-02-23,16:00:00,25.123,25.153,25.093,25.113,5464,0
2015-02-23,17:00:00,25.173,25.173,25.093,25.133,9713,0
2015-02-23,18:00:00,25.163,25.212,25.123,25.182,8877,0
2015-02-23,19:00:00,25.173,25.173,25.113,25.123,9916,0
2015-02-23,20:00:00,25.133,25.212,25.123,25.192,11765,0
2015-02-23,21:00:00,25.192,25.202,25.133,25.143,25947,0
2015-02-23,22:00:00,25.143,25.163,25.113,25.163,27968,0
2015-02-24,16:00:00,25.222,25.271,25.222,25.261,18655,0
2015-02-24,17:00:00,25.222,25.39,25.222,25.38,7791,0
2015-02-24,18:00:00,25.439,25.449,25.35,25.35,3850,0
2015-02-24,19:00:00,25.36,25.42,25.36,25.42,4070,0
2015-02-24,20:00:00,25.41,25.41,25.4,25.4,312,0
2015-02-24,21:00:00,25.439,25.449,25.439,25.449,14947,0
2015-02-24,22:00:00,25.459,25.489,25.449,25.469,33370,0
2015-02-25,16:00:00,25.36,25.4,25.341,25.37,31635,0
2015-02-25,17:00:00,25.36,25.41,25.331,25.37,30965,0
2015-02-25,18:00:00,25.37,25.42,25.37,25.41,61570,0
2015-02-25,19:00:00,25.39,25.39,25.37,25.38,9701,0
2015-02-25,20:00:00,25.41,25.439,25.41,25.439,405,0
2015-02-25,21:00:00,25.449,25.449,25.42,25.43,6527,0
2015-02-25,22:00:00,25.4,25.43,25.4,25.43,1441,0
2015-02-26,16:00:00,25.301,25.341,25.301,25.311,21579,0
2015-02-26,17:00:00,25.301,25.321,25.301,25.301,3744,0
2015-02-26,18:00:00,25.301,25.331,25.301,25.331,1265,0
2015-02-26,19:00:00,25.291,25.311,25.281,25.291,2331,0
2015-02-26,20:00:00,25.291,25.301,25.271,25.281,8150,0
2015-02-26,21:00:00,25.301,25.311,25.261,25.281,7624,0
2015-02-26,22:00:00,25.261,25.311,25.242,25.311,24199,0
2015-02-27,16:00:00,25.222,25.252,25.212,25.232,11434,0
2015-02-27,17:00:00,25.271,25.341,25.271,25.341,3594,0
2015-02-27,18:00:00,25.341,25.38,25.341,25.341,24903,0
2015-02-27,19:00:00,25.321,25.36,25.321,25.36,3693,0
2015-02-27,20:00:00,25.35,25.39,25.35,25.39,4057,0
2015-02-27,21:00:00,25.38,25.38,25.341,25.35,42930,0
2015-02-27,22:00:00,25.321,25.321,25.291,25.291,1655,0
2015-03-02,16:00:00,25.479,25.518,25.479,25.509,29634,0
2015-03-02,17:00:00,25.518,25.548,25.489,25.489,200606,0
2015-03-02,18:00:00,25.499,25.518,25.469,25.509,28164,0
2015-03-02,19:00:00,25.489,25.499,25.459,25.479,8609,0
2015-03-02,20:00:00,25.489,25.518,25.489,25.518,4310,0
2015-03-02,21:00:00,25.518,25.528,25.499,25.509,5094,0
2015-03-02,22:00:00,25.518,25.548,25.509,25.538,22595,0
2015-03-03,16:00:00,25.449,25.449,25.41,25.43,14353,0
2015-03-03,17:00:00,25.41,25.439,25.321,25.321,14244,0
2015-03-03,18:00:00,25.291,25.301,25.242,25.281,43002,0
2015-03-03,19:00:00,25.281,25.291,25.261,25.271,5767,0
2015-03-03,20:00:00,25.291,25.321,25.281,25.301,5146,0
2015-03-03,21:00:00,25.3,25.331,25.291,25.301,3859,0
2015-03-03,22:00:00,25.29,25.311,25.271,25.311,10317,0
2015-03-04,16:00:00,25.212,25.212,25.064,25.068,6174,0
2015-03-04,17:00:00,25.024,25.074,25.014,25.074,8803,0
2015-03-04,18:00:00,25.123,25.192,25.123,25.173,10087,0
2015-03-04,19:00:00,25.182,25.261,25.182,25.222,5157,0
2015-03-04,20:00:00,25.242,25.242,25.212,25.212,20610,0
2015-03-04,21:00:00,25.218,25.218,25.202,25.212,4394,0
2015-03-04,22:00:00,25.222,25.242,25.212,25.242,2158,0
2015-03-05,16:00:00,25.39,25.4,25.35,25.4,7155,0
2015-03-05,17:00:00,25.439,25.487,25.439,25.479,1113,0
2015-03-05,18:00:00,25.41,25.43,25.383,25.41,15926,0
2015-03-05,19:00:00,25.37,25.41,25.35,25.41,4017,0
2015-03-05,20:00:00,25.38,25.41,25.378,25.41,11767,0
2015-03-05,21:00:00,25.416,25.459,25.41,25.449,9331,0
2015-03-05,22:00:00,25.449,25.449,25.41,25.439,19373,0
2015-03-06,16:00:00,25.252,25.261,25.212,25.212,28805,0
2015-03-06,17:00:00,25.212,25.291,25.202,25.291,9612,0
2015-03-06,18:00:00,25.192,25.192,25.074,25.084,34802,0
2015-03-06,19:00:00,25.103,25.13,25.014,25.054,429937,0
2015-03-06,20:00:00,25.054,25.061,25.005,25.054,61500,0
2015-03-06,21:00:00,25.064,25.089,25.014,25.027,14204,0
2015-03-06,22:00:00,25.049,25.049,25.009,25.014,22501,0
2015-03-09,15:00:00,25.044,25.084,25.024,25.044,77098,0
2015-03-09,16:00:00,25.05,25.054,24.955,24.955,110726,0
2015-03-09,17:00:00,24.985,24.995,24.955,24.955,72880,0
2015-03-09,18:00:00,24.945,25.014,24.945,25.014,53910,0
2015-03-09,19:00:00,25.014,25.084,25.009,25.064,24815,0
2015-03-09,20:00:00,25.064,25.074,25.043,25.074,22130,0
2015-03-09,21:00:00,25.064,25.093,25.044,25.044,8516,0
2015-03-10,15:00:00,24.669,24.718,24.629,24.629,75847,0
2015-03-10,16:00:00,24.629,24.669,24.589,24.669,11027,0
2015-03-10,17:00:00,24.688,24.708,24.659,24.659,6111,0
2015-03-10,18:00:00,24.53,24.609,24.53,24.603,13370,0
2015-03-10,19:00:00,24.599,24.619,24.589,24.599,13457,0
2015-03-10,20:00:00,24.599,24.609,24.56,24.575,28767,0
2015-03-10,21:00:00,24.53,24.53,24.52,24.53,8286,0
2015-03-11,15:00:00,24.629,24.659,24.629,24.659,304,0
2015-03-11,16:00:00,24.649,24.649,24.575,24.603,37525,0
2015-03-11,17:00:00,24.609,24.757,24.57,24.733,22896,0
2015-03-11,18:00:00,24.738,24.777,24.738,24.747,704,0
2015-03-11,19:00:00,24.678,24.678,24.53,24.619,6577,0
2015-03-11,20:00:00,24.639,24.678,24.639,24.669,15965,0
2015-03-11,21:00:00,24.678,24.688,24.629,24.639,19826,0
2015-03-12,15:00:00,24.817,24.876,24.817,24.846,14468,0
2015-03-12,16:00:00,24.817,24.822,24.738,24.791,6398,0
2015-03-12,17:00:00,24.856,24.856,24.797,24.817,10503,0
2015-03-12,18:00:00,24.777,24.787,24.718,24.757,6004,0
2015-03-12,19:00:00,24.767,24.827,24.767,24.827,9066,0
2015-03-12,20:00:00,24.817,24.837,24.807,24.817,13116,0
2015-03-12,21:00:00,24.827,24.896,24.807,24.866,156100,0
2015-03-13,15:00:00,24.629,24.688,24.629,24.639,197383,0
2015-03-13,16:00:00,24.609,24.649,24.56,24.599,75840,0
2015-03-13,17:00:00,24.678,24.698,24.599,24.619,16126,0
2015-03-13,18:00:00,24.669,24.748,24.659,24.738,185497,0
2015-03-13,19:00:00,24.738,24.738,24.589,24.659,350943,0
2015-03-13,20:00:00,24.659,24.669,24.639,24.649,10977,0
2015-03-13,21:00:00,24.669,24.767,24.669,24.757,21713,0
2015-03-16,15:00:00,25.014,25.192,25.009,25.192,20360,0
2015-03-16,16:00:00,25.163,25.222,25.103,25.153,477295,0
2015-03-16,17:00:00,25.163,25.212,25.148,25.163,76398,0
2015-03-16,18:00:00,25.172,25.232,25.143,25.232,25005,0
2015-03-16,19:00:00,25.212,25.222,25.182,25.222,38867,0
2015-03-16,20:00:00,25.202,25.222,25.173,25.191,428652,0
2015-03-16,21:00:00,25.202,25.212,25.182,25.192,22470,0
2015-03-17,15:00:00,24.985,25.005,24.926,24.965,34881,0
2015-03-17,16:00:00,24.995,25.005,24.955,24.975,21551,0
2015-03-17,17:00:00,24.925,24.985,24.925,24.965,5767,0
2015-03-17,18:00:00,24.959,24.959,24.925,24.955,6531,0
2015-03-17,19:00:00,24.995,25.024,24.99,25.024,13221,0
2015-03-17,20:00:00,25.024,25.034,24.976,25.005,15337,0
2015-03-17,21:00:00,25.034,25.044,25.024,25.024,12337,0
2015-03-18,15:00:00,24.945,24.982,24.945,24.955,4170,0
2015-03-18,16:00:00,24.997,25.014,24.965,25.005,28199,0
2015-03-18,17:00:00,25.054,25.084,25.034,25.034,4083,0
2015-03-18,18:00:00,25.064,25.113,25.064,25.103,5542,0
2015-03-18,19:00:00,25.103,25.133,25.064,25.133,1964,0
2015-03-18,20:00:00,25.301,25.578,25.301,25.374,64470,0
2015-03-18,21:00:00,25.489,25.647,25.489,25.588,125930,0
2015-03-19,15:00:00,25.054,25.103,25.054,25.103,5892,0
2015-03-19,16:00:00,25.11,25.182,25.054,25.074,14929,0
2015-03-19,17:00:00,25.044,25.093,24.945,24.995,9122,0
2015-03-19,18:00:00,24.985,25.024,24.975,24.995,12176,0
2015-03-19,19:00:00,24.985,25.044,24.965,25.024,8136,0
2015-03-19,20:00:00,25.014,25.034,24.965,25.034,5135,0
2015-03-19,21:00:00,25.044,25.054,24.995,25.041,16158,0
2015-03-20,15:00:00,25.518,25.518,25.449,25.459,6297,0
2015-03-20,16:00:00,25.459,25.528,25.43,25.499,10271,0
2015-03-20,17:00:00,25.538,25.558,25.479,25.558,17629,0
2015-03-20,18:00:00,25.598,25.725,25.598,25.706,10653,0
2015-03-20,19:00:00,25.726,25.746,25.667,25.667,12034,0
2015-03-20,20:00:00,25.686,25.686,25.617,25.627,25408,0
2015-03-20,21:00:00,25.607,25.607,25.539,25.598,31102,0
2015-03-23,15:00:00,25.667,25.677,25.617,25.617,7152,0
2015-03-23,16:00:00,25.617,25.706,25.617,25.696,21127,0
2015-03-23,17:00:00,25.696,25.696,25.637,25.657,12685,0
2015-03-23,18:00:00,25.736,25.766,25.667,25.706,15336,0
2015-03-23,19:00:00,25.746,25.835,25.746,25.79,9086,0
2015-03-23,20:00:00,25.775,25.825,25.775,25.785,12836,0
2015-03-23,21:00:00,25.795,25.825,25.766,25.766,17599,0
2015-03-24,15:00:00,25.894,25.894,25.795,25.835,4689,0
2015-03-24,16:00:00,25.845,25.924,25.805,25.899,21789,0
2015-03-24,17:00:00,25.884,25.914,25.85,25.894,343372,0
2015-03-24,18:00:00,25.914,25.943,25.854,25.854,9208,0
2015-03-24,19:00:00,25.874,25.894,25.835,25.854,18940,0
2015-03-24,20:00:00,25.854,25.859,25.805,25.815,17253,0
2015-03-24,21:00:00,25.815,25.854,25.785,25.785,21416,0
2015-03-25,15:00:00,25.835,25.835,25.727,25.727,14972,0
2015-03-25,16:00:00,25.775,25.835,25.696,25.726,11440,0
2015-03-25,17:00:00,25.716,25.716,25.528,25.528,11275,0
2015-03-25,18:00:00,25.554,25.554,25.489,25.518,9298,0
2015-03-25,19:00:00,25.5,25.51,25.449,25.509,800019,0
2015-03-25,20:00:00,25.499,25.528,25.479,25.499,223414,0
2015-03-25,21:00:00,25.469,25.469,25.4,25.4,53415,0
2015-03-26,15:00:00,25.074,25.074,24.975,24.975,23442,0
2015-03-26,16:00:00,24.945,24.965,24.797,24.925,25492,0
2015-03-26,17:00:00,24.896,24.947,24.866,24.925,4291,0
2015-03-26,18:00:00,25.034,25.143,25.024,25.133,16159,0
2015-03-26,19:00:00,25.113,25.113,25.013,25.044,13078,0
2015-03-26,20:00:00,25.044,25.054,24.995,25.014,9439,0
2015-03-26,21:00:00,25.005,25.054,24.995,25.034,21322,0
2015-03-27,15:00:00,24.945,24.985,24.937,24.985,6358,0
2015-03-27,16:00:00,25.005,25.103,24.975,25.084,20640,0
2015-03-27,17:00:00,25.093,25.118,25.034,25.034,4958,0
2015-03-27,18:00:00,25.074,25.163,25.074,25.133,4898,0
2015-03-27,19:00:00,25.192,25.192,25.084,25.123,4300,0
2015-03-27,20:00:00,25.123,25.135,25.103,25.113,4628,0
2015-03-27,21:00:00,25.143,25.192,25.123,25.163,42151,0
2015-03-30,16:00:00,25.291,25.39,25.291,25.35,581307,0
2015-03-30,17:00:00,25.331,25.42,25.331,25.398,152661,0
2015-03-30,18:00:00,25.4,25.449,25.39,25.43,340853,0
2015-03-30,19:00:00,25.42,25.459,25.41,25.459,29597,0
2015-03-30,20:00:00,25.459,25.469,25.439,25.439,6684,0
2015-03-30,21:00:00,25.439,25.469,25.439,25.469,9023,0
2015-03-30,22:00:00,25.469,25.469,25.43,25.439,34265,0
2015-03-31,16:00:00,24.896,24.955,24.856,24.955,21733,0
2015-03-31,17:00:00,24.955,25.084,24.955,25.044,12642,0
2015-03-31,18:00:00,25.005,25.044,25.005,25.005,2900,0
2015-03-31,19:00:00,24.945,24.975,24.945,24.965,4240,0
2015-03-31,20:00:00,24.965,25.005,24.965,25.005,232,0
2015-03-31,21:00:00,24.985,25.014,24.985,25.005,11500,0
2015-03-31,22:00:00,25.014,25.014,24.935,24.985,12510,0
2015-04-01,16:00:00,25.232,25.232,24.999,24.999,6324,0
2015-04-01,17:00:00,25.005,25.163,24.995,25.098,72772,0
2015-04-01,18:00:00,25.113,25.133,25.093,25.103,5122,0
2015-04-01,19:00:00,25.093,25.163,25.074,25.153,15146,0
2015-04-01,20:00:00,25.143,25.148,25.123,25.133,3952,0
2015-04-01,21:00:00,25.127,25.143,25.113,25.133,10667,0
2015-04-01,22:00:00,25.123,25.123,25.064,25.123,17895,0
2015-04-02,16:00:00,25.449,25.568,25.4,25.548,7678,0
2015-04-02,17:00:00,25.548,25.568,25.489,25.509,3764,0
2015-04-02,18:00:00,25.509,25.558,25.509,25.538,27030,0
2015-04-02,19:00:00,25.538,25.607,25.528,25.607,9494,0
2015-04-02,20:00:00,25.607,25.617,25.588,25.607,17493,0
2015-04-02,21:00:00,25.598,25.622,25.598,25.617,22630,0
2015-04-02,22:00:00,25.617,25.627,25.598,25.607,49210,0
2015-04-06,16:00:00,25.677,25.874,25.598,25.874,80508,0
2015-04-06,17:00:00,25.864,26.023,25.815,25.983,334624,0
2015-04-06,18:00:00,25.983,26.042,25.953,25.963,36480,0
2015-04-06,19:00:00,25.962,25.963,25.934,25.953,19452,0
2015-04-06,20:00:00,25.953,25.983,25.943,25.953,53515,0
2015-04-06,21:00:00,25.953,25.953,25.934,25.943,15548,0
2015-04-06,22:00:00,25.934,25.943,25.795,25.825,81229,0
2015-04-07,16:00:00,25.904,25.963,25.904,25.963,31608,0
2015-04-07,17:00:00,25.973,26.052,25.943,26.042,22112,0
2015-04-07,18:00:00,26.042,26.042,25.914,25.953,32388,0
2015-04-07,19:00:00,25.953,25.953,25.948,25.948,6204,0
2015-04-07,20:00:00,25.953,25.953,25.899,25.904,17140,0
2015-04-07,21:00:00,25.913,25.913,25.874,25.884,17894,0
2015-04-07,22:00:00,25.884,25.884,25.805,25.805,125191,0
2015-04-08,16:00:00,25.914,25.914,25.854,25.874,2813,0
2015-04-08,17:00:00,25.874,25.874,25.667,25.667,38580,0
2015-04-08,18:00:00,25.667,25.785,25.637,25.766,10384,0
2015-04-08,19:00:00,25.775,25.78,25.716,25.726,62830,0
2015-04-08,20:00:00,25.726,25.751,25.716,25.751,157850,0
2015-04-08,21:00:00,25.751,25.751,25.607,25.716,37913,0
2015-04-08,22:00:00,25.716,25.736,25.706,25.726,3620,0
2015-04-09,16:00:00,25.766,25.766,25.686,25.686,23984,0
2015-04-09,17:00:00,25.716,25.736,25.607,25.608,369974,0
2015-04-09,18:00:00,25.598,25.617,25.598,25.607,80678,0
2015-04-09,19:00:00,25.607,25.637,25.598,25.637,108366,0
2015-04-09,20:00:00,25.667,25.667,25.599,25.617,390887,0
2015-04-09,21:00:00,25.617,25.617,25.588,25.617,95208,0
2015-04-09,22:00:00,25.617,25.667,25.617,25.667,20269,0
2015-04-10,16:00:00,25.657,25.684,25.657,25.682,6536,0
2015-04-10,17:00:00,25.682,25.706,25.657,25.696,699,0
2015-04-10,18:00:00,25.687,25.756,25.686,25.686,7629,0
2015-04-10,19:00:00,25.696,25.696,25.667,25.667,9405,0
2015-04-10,20:00:00,25.667,25.683,25.667,25.683,542,0
2015-04-10,21:00:00,25.686,25.706,25.677,25.706,2270,0
2015-04-10,22:00:00,25.706,25.731,25.706,25.726,5294,0
2015-04-13,16:00:00,25.746,25.764,25.746,25.764,3440,0
2015-04-13,17:00:00,25.772,25.773,25.746,25.746,10966,0
2015-04-13,18:00:00,25.746,25.785,25.736,25.736,3158,0
2015-04-13,19:00:00,25.756,25.766,25.741,25.741,975,0
2015-04-13,20:00:00,25.741,25.741,25.598,25.617,108980,0
2015-04-13,21:00:00,25.617,25.657,25.607,25.627,6725,0
2015-04-13,22:00:00,25.617,25.657,25.607,25.627,16682,0
2015-04-14,16:00:00,25.775,25.795,25.706,25.731,2707,0
2015-04-14,17:00:00,25.731,25.766,25.682,25.716,3420,0
2015-04-14,18:00:00,25.727,25.766,25.706,25.766,6125,0
2015-04-14,19:00:00,25.766,25.795,25.766,25.795,13053,0
2015-04-14,20:00:00,25.795,25.8,25.785,25.794,746,0
2015-04-14,21:00:00,25.795,25.795,25.766,25.775,3592,0
2015-04-14,22:00:00,25.784,25.785,25.765,25.775,2135,0
2015-04-15,16:00:00,25.854,25.854,25.854,25.854,1883,0
2015-04-15,17:00:00,25.854,25.854,25.637,25.637,10760,0
2015-04-15,18:00:00,25.637,25.637,25.577,25.617,6704,0
2015-04-15,19:00:00,25.612,25.677,25.612,25.677,10230,0
2015-04-15,20:00:00,25.677,25.84,25.677,25.756,29098,0
2015-04-15,21:00:00,25.746,25.775,25.736,25.756,76411,0
2015-04-15,22:00:00,25.756,25.775,25.726,25.746,18889,0
2015-04-16,16:00:00,25.775,25.775,25.667,25.726,102360,0
2015-04-16,17:00:00,25.686,25.706,25.588,25.607,115995,0
2015-04-16,18:00:00,25.617,25.706,25.617,25.677,7398,0
2015-04-16,19:00:00,25.657,25.696,25.647,25.677,21513,0
2015-04-16,20:00:00,25.686,25.83,25.686,25.805,95872,0
2015-04-16,21:00:00,25.825,25.884,25.785,25.835,58791,0
2015-04-16,22:00:00,25.845,25.854,25.746,25.766,31752,0
2015-04-17,16:00:00,25.41,25.41,25.262,25.281,23322,0
2015-04-17,17:00:00,25.284,25.341,25.261,25.301,31673,0
2015-04-17,18:00:00,25.281,25.341,25.271,25.311,31411,0
2015-04-17,19:00:00,25.341,25.35,25.311,25.341,10920,0
2015-04-17,20:00:00,25.36,25.37,25.261,25.261,59757,0
2015-04-17,21:00:00,25.261,25.3,25.252,25.3,23804,0
2015-04-17,22:00:00,25.291,25.41,25.281,25.36,14768,0
2015-04-20,16:00:00,25.469,25.518,25.459,25.479,1332,0
2015-04-20,17:00:00,25.469,25.528,25.469,25.499,3353,0
2015-04-20,18:00:00,25.509,25.518,25.489,25.495,11539,0
2015-04-20,19:00:00,25.509,25.518,25.452,25.452,1784,0
2015-04-20,20:00:00,25.469,25.469,25.4,25.4,1229,0
2015-04-20,21:00:00,25.4,25.42,25.38,25.39,1446,0
2015-04-20,22:00:00,25.412,25.452,25.41,25.439,5458,0
2015-04-21,16:00:00,25.706,25.746,25.696,25.716,4042,0
2015-04-21,17:00:00,25.716,25.785,25.686,25.785,2611,0
2015-04-21,18:00:00,25.785,25.815,25.726,25.726,1208,0
2015-04-21,19:00:00,25.725,25.795,25.716,25.736,13318,0
2015-04-21,20:00:00,25.726,25.756,25.721,25.736,8172,0
2015-04-21,21:00:00,25.736,25.736,25.706,25.726,6658,0
2015-04-21,22:00:00,25.736,25.746,25.691,25.736,14910,0
2015-04-22,16:00:00,25.854,25.864,25.775,25.824,460641,0
2015-04-22,17:00:00,25.815,25.815,25.685,25.775,190604,0
2015-04-22,18:00:00,25.795,25.805,25.775,25.805,29210,0
2015-04-22,19:00:00,25.785,25.835,25.775,25.835,6905,0
2015-04-22,20:00:00,25.83,25.869,25.83,25.859,24758,0
2015-04-22,21:00:00,25.845,25.864,25.839,25.839,5912,0
2015-04-22,22:00:00,25.835,25.845,25.815,25.845,9872,0
2015-04-23,16:00:00,25.677,25.677,25.647,25.647,17781,0
2015-04-23,17:00:00,25.686,25.815,25.647,25.756,58104,0
2015-04-23,18:00:00,25.766,25.894,25.756,25.884,35514,0
2015-04-23,19:00:00,25.912,26.003,25.894,26.003,9113,0
2015-04-23,20:00:00,26.013,26.023,26.003,26.003,6020,0
2015-04-23,21:00:00,26.023,26.032,25.993,25.993,205017,0
2015-04-23,22:00:00,25.993,26.032,25.983,25.993,604482,0
2015-04-24,16:00:00,26.032,26.032,25.953,25.953,5460,0
2015-04-24,17:00:00,25.934,26.072,25.894,26.072,9208,0
2015-04-24,18:00:00,26.072,26.151,26.062,26.141,27916,0
2015-04-24,19:00:00,26.131,26.165,26.121,26.151,11284,0
2015-04-24,20:00:00,26.092,26.092,26.082,26.082,6189,0
2015-04-24,21:00:00,26.072,26.095,26.072,26.092,1364,0
2015-04-24,22:00:00,26.062,26.092,26.052,26.092,7349,0
2015-04-27,16:00:00,26.349,26.418,26.349,26.408,13710,0
2015-04-27,17:00:00,26.418,26.438,26.348,26.368,12257,0
2015-04-27,18:00:00,26.368,26.457,26.368,26.438,18563,0
2015-04-27,19:00:00,26.428,26.467,26.428,26.438,17796,0
2015-04-27,20:00:00,26.405,26.418,26.368,26.378,7212,0
2015-04-27,21:00:00,26.378,26.418,26.378,26.398,23768,0
2015-04-27,22:00:00,26.398,26.408,26.349,26.378,18094,0
2015-04-28,16:00:00,26.111,26.111,26.082,26.102,2662,0
2015-04-28,17:00:00,26.07,26.185,26.013,26.185,50150,0
2015-04-28,18:00:00,26.21,26.237,26.181,26.21,24364,0
2015-04-28,19:00:00,26.199,26.21,26.191,26.21,789,0
2015-04-28,20:00:00,26.22,26.25,26.2,26.24,10377,0
2015-04-28,21:00:00,26.22,26.23,26.21,26.21,317,0
2015-04-28,22:00:00,26.183,26.24,26.183,26.24,7697,0
2015-04-29,16:00:00,26.052,26.052,26.052,26.052,1007,0
2015-04-29,17:00:00,26.042,26.042,25.884,26.003,6179,0
2015-04-29,18:00:00,26.072,26.072,25.884,25.894,43424,0
2015-04-29,19:00:00,25.902,25.904,25.805,25.835,691199,0
2015-04-29,20:00:00,25.825,25.874,25.766,25.874,21327,0
2015-04-29,21:00:00,25.935,25.935,25.756,25.854,36066,0
2015-04-29,22:00:00,25.864,25.864,25.795,25.845,18268,0
2015-04-30,16:00:00,25.904,25.914,25.835,25.835,14892,0
2015-04-30,17:00:00,25.825,25.918,25.825,25.918,6902,0
2015-04-30,18:00:00,25.963,26.032,25.864,25.864,51966,0
2015-04-30,19:00:00,25.864,25.914,25.845,25.854,44257,0
2015-04-30,20:00:00,25.884,25.924,25.884,25.914,7818,0
2015-04-30,21:00:00,25.904,25.934,25.864,25.914,15278,0
2015-04-30,22:00:00,25.914,25.914,25.746,25.805,652573,0
2015-05-01,16:00:00,25.993,26.072,25.993,26.062,49705,0
2015-05-01,17:00:00,26.042,26.042,25.943,25.966,46549,0
2015-05-01,18:00:00,25.973,25.983,25.904,25.934,62766,0
2015-05-01,19:00:00,25.924,25.953,25.884,25.934,10752,0
2015-05-01,20:00:00,25.914,25.953,25.914,25.953,3805,0
2015-05-01,21:00:00,25.983,26.042,25.983,26.023,1047,0
2015-05-01,22:00:00,26.023,26.092,26.013,26.072,41158,0
2015-05-04,16:00:00,26.092,26.111,26.062,26.062,10644,0
2015-05-04,17:00:00,26.052,26.082,26.032,26.042,33388,0
2015-05-04,18:00:00,26.032,26.032,25.963,25.963,69491,0
2015-05-04,19:00:00,26.013,26.023,25.993,26.023,705197,0
2015-05-04,20:00:00,26.003,26.013,25.973,25.983,63507,0
2015-05-04,21:00:00,25.983,26.003,25.953,25.973,14080,0
2015-05-04,22:00:00,25.973,25.993,25.963,25.973,19650,0
2015-05-05,16:00:00,25.973,25.993,25.864,25.879,11418,0
2015-05-05,17:00:00,25.825,25.864,25.726,25.736,45329,0
2015-05-05,18:00:00,25.734,25.736,25.61,25.637,13758,0
2015-05-05,19:00:00,25.637,25.686,25.637,25.667,6880,0
2015-05-05,20:00:00,25.657,25.657,25.598,25.63,12808,0
2015-05-05,21:00:00,25.627,25.657,25.598,25.598,9669,0
2015-05-05,22:00:00,25.598,25.647,25.588,25.617,11814,0
2015-05-06,16:00:00,25.736,25.746,25.696,25.726,3035,0
2015-05-06,17:00:00,25.706,25.914,25.706,25.874,20096,0
2015-05-06,18:00:00,25.864,25.874,25.746,25.805,5302,0
2015-05-06,19:00:00,25.775,25.775,25.696,25.696,6071,0
2015-05-06,20:00:00,25.667,25.677,25.657,25.677,4351,0
2015-05-06,21:00:00,25.677,25.696,25.667,25.677,11553,0
2015-05-06,22:00:00,25.686,25.726,25.647,25.706,11864,0
2015-05-07,16:00:00,25.686,25.706,25.678,25.696,10382,0
2015-05-07,17:00:00,25.657,25.756,25.607,25.756,40188,0
2015-05-07,18:00:00,25.746,25.785,25.736,25.746,167806,0
2015-05-07,19:00:00,25.746,25.785,25.746,25.751,79543,0
2015-05-07,20:00:00,25.751,25.752,25.696,25.716,151075,0
2015-05-07,21:00:00,25.706,25.766,25.706,25.736,30686,0
2015-05-07,22:00:00,25.736,25.746,25.706,25.736,47891,0
2015-05-08,16:00:00,26.023,26.141,26.023,26.141,3728,0
2015-05-08,17:00:00,26.161,26.191,26.131,26.191,11243,0
2015-05-08,18:00:00,26.191,26.289,26.191,26.279,18729,0
2015-05-08,19:00:00,26.279,26.279,26.22,26.22,10826,0
2015-05-08,20:00:00,26.213,26.24,26.213,26.24,4172,0
2015-05-08,21:00:00,26.23,26.23,26.176,26.176,2368,0
2015-05-08,22:00:00,26.192,26.21,26.192,26.21,1385,0
2015-05-11,16:00:00,26.052,26.131,26.052,26.102,29029,0
2015-05-11,17:00:00,26.171,26.254,26.141,26.23,1086661,0
2015-05-11,18:00:00,26.24,26.25,26.205,26.216,233331,0
2015-05-11,19:00:00,26.21,26.21,26.151,26.2,84831,0
2015-05-11,20:00:00,26.209,26.23,26.209,26.22,21828,0
2015-05-11,21:00:00,26.218,26.218,26.151,26.151,5342,0
2015-05-11,22:00:00,26.161,26.21,26.161,26.191,39014,0
2015-05-12,16:00:00,26.21,26.24,26.171,26.23,28321,0
2015-05-12,17:00:00,26.21,26.319,26.151,26.299,301433,0
2015-05-12,18:00:00,26.289,26.316,26.2,26.23,72966,0
2015-05-12,19:00:00,26.21,26.25,26.21,26.23,56126,0
2015-05-12,20:00:00,26.237,26.26,26.191,26.2,13169,0
2015-05-12,21:00:00,26.2,26.24,26.158,26.2,52512,0
2015-05-12,22:00:00,26.21,26.23,26.181,26.2,17952,0
2015-05-13,16:00:00,26.487,26.527,26.447,26.447,98518,0
2015-05-13,17:00:00,26.457,26.527,26.319,26.319,92798,0
2015-05-13,18:00:00,26.299,26.418,26.289,26.418,105327,0
2015-05-13,19:00:00,26.412,26.428,26.349,26.368,105902,0
2015-05-13,20:00:00,26.378,26.418,26.349,26.358,6441,0
2015-05-13,21:00:00,26.349,26.352,26.339,26.349,1162,0
2015-05-13,22:00:00,26.349,26.359,26.314,26.329,6172,0
2015-05-14,16:00:00,26.685,26.724,26.662,26.695,59392,0
2015-05-14,17:00:00,26.704,26.754,26.704,26.744,5970,0
2015-05-14,18:00:00,26.744,26.744,26.625,26.635,24602,0
2015-05-14,19:00:00,26.695,26.708,26.691,26.695,10356,0
2015-05-14,20:00:00,26.704,26.734,26.675,26.722,14499,0
2015-05-14,21:00:00,26.721,26.739,26.714,26.723,13752,0
2015-05-14,22:00:00,26.734,26.784,26.714,26.784,14794,0
2015-05-15,16:00:00,26.853,26.853,26.803,26.813,8752,0
2015-05-15,17:00:00,26.784,26.882,26.774,26.872,15650,0
2015-05-15,18:00:00,26.922,26.952,26.882,26.887,8088,0
2015-05-15,19:00:00,26.902,26.932,26.902,26.902,1224,0
2015-05-15,20:00:00,26.932,26.961,26.902,26.922,6308,0
2015-05-15,21:00:00,26.932,26.991,26.932,26.991,4869,0
2015-05-15,22:00:00,27.011,27.011,26.971,26.971,27675,0
2015-05-18,16:00:00,26.606,26.606,26.512,26.517,622129,0
2015-05-18,17:00:00,26.517,26.625,26.516,26.596,451659,0
2015-05-18,18:00:00,26.645,26.734,26.625,26.734,8359,0
2015-05-18,19:00:00,26.675,26.734,26.675,26.714,10815,0
2015-05-18,20:00:00,26.721,26.728,26.685,26.685,5771,0
2015-05-18,21:00:00,26.675,26.675,26.606,26.625,3587,0
2015-05-18,22:00:00,26.642,26.704,26.642,26.675,21681,0
2015-05-19,16:00:00,26.665,26.734,26.645,26.734,24078,0
2015-05-19,17:00:00,26.734,26.754,26.685,26.685,42998,0
2015-05-19,18:00:00,26.693,26.764,26.665,26.729,14139,0
2015-05-19,19:00:00,26.729,26.734,26.695,26.734,26292,0
2015-05-19,20:00:00,26.729,26.754,26.704,26.749,4560,0
2015-05-19,21:00:00,26.749,26.759,26.714,26.744,4317,0
2015-05-19,22:00:00,26.737,26.744,26.685,26.724,7117,0
2015-05-20,16:00:00,26.724,26.774,26.724,26.769,2334,0
2015-05-20,17:00:00,26.773,26.848,26.764,26.833,13518,0
2015-05-20,18:00:00,26.823,26.853,26.754,26.754,6782,0
2015-05-20,19:00:00,26.725,26.793,26.725,26.793,6523,0
2015-05-20,20:00:00,26.784,26.793,26.754,26.774,60288,0
2015-05-20,21:00:00,26.828,26.902,26.734,26.848,51568,0
2015-05-20,22:00:00,26.853,26.882,26.772,26.803,45863,0
2015-05-21,16:00:00,26.754,26.763,26.726,26.741,33954,0
2015-05-21,17:00:00,26.784,26.803,26.764,26.764,4794,0
2015-05-21,18:00:00,26.782,26.823,26.782,26.823,13470,0
2015-05-21,19:00:00,26.843,26.862,26.843,26.843,12550,0
2015-05-21,20:00:00,26.843,26.863,26.803,26.803,13506,0
2015-05-21,21:00:00,26.813,26.853,26.803,26.843,202716,0
2015-05-21,22:00:00,26.843,26.856,26.803,26.823,39693,0
2015-05-22,16:00:00,26.724,26.724,26.655,26.685,1369,0
2015-05-22,17:00:00,26.665,26.704,26.645,26.675,19921,0
2015-05-22,18:00:00,26.629,26.675,26.615,26.645,5535,0
2015-05-22,19:00:00,26.665,26.685,26.665,26.675,17961,0
2015-05-22,20:00:00,26.665,26.665,26.645,26.655,793,0
2015-05-22,21:00:00,26.625,26.645,26.606,26.645,10025,0
2015-05-22,22:00:00,26.625,26.635,26.606,26.625,16368,0
2015-05-26,16:00:00,26.319,26.359,26.309,26.309,3568,0
2015-05-26,17:00:00,26.21,26.23,26.072,26.072,32435,0
2015-05-26,18:00:00,26.072,26.102,25.993,26.032,35622,0
2015-05-26,19:00:00,26.023,26.052,26.023,26.032,3741,0
2015-05-26,20:00:00,26.003,26.013,25.969,25.969,3308,0
2015-05-26,21:00:00,25.973,25.993,25.973,25.973,4382,0
2015-05-26,22:00:00,25.953,26.062,25.953,26.052,27422,0
2015-05-27,16:00:00,26.072,26.309,26.023,26.23,9446,0
2015-05-27,17:00:00,26.24,26.428,26.24,26.428,17816,0
2015-05-27,18:00:00,26.418,26.467,26.378,26.438,50077,0
2015-05-27,19:00:00,26.426,26.438,26.388,26.408,56134,0
2015-05-27,20:00:00,26.428,26.477,26.418,26.477,4559,0
2015-05-27,21:00:00,26.497,26.497,26.428,26.467,25671,0
2015-05-27,22:00:00,26.477,26.517,26.447,26.497,49685,0
2015-05-28,16:00:00,26.497,26.497,26.438,26.438,2347,0
2015-05-28,17:00:00,26.349,26.447,26.309,26.309,5686,0
2015-05-28,18:00:00,26.378,26.448,26.378,26.438,3804,0
2015-05-28,19:00:00,26.408,26.497,26.359,26.495,6833,0
2015-05-28,20:00:00,26.497,26.527,26.495,26.527,5464,0
2015-05-28,21:00:00,26.487,26.495,26.477,26.495,1956,0
2015-05-28,22:00:00,26.586,26.586,26.518,26.556,5324,0
2015-05-29,16:00:00,26.388,26.428,26.378,26.428,9609,0
2015-05-29,17:00:00,26.428,26.457,26.201,26.23,89397,0
2015-05-29,18:00:00,26.23,26.279,26.141,26.26,8589,0
2015-05-29,19:00:00,26.26,26.309,26.24,26.279,5870,0
2015-05-29,20:00:00,26.271,26.309,26.271,26.289,6164,0
2015-05-29,21:00:00,26.289,26.289,26.22,26.25,7073,0
2015-05-29,22:00:00,26.25,26.289,26.23,26.26,17548,0
2015-06-01,16:00:00,26.191,26.191,26.111,26.141,607,0
2015-06-01,17:00:00,26.121,26.121,25.962,25.973,34349,0
2015-06-01,18:00:00,25.993,25.993,25.919,25.943,37326,0
2015-06-01,19:00:00,25.944,26.023,25.944,26.023,7338,0
2015-06-01,20:00:00,26.032,26.102,26.032,26.072,8669,0
2015-06-01,21:00:00,26.072,26.111,26.052,26.111,2668,0
2015-06-01,22:00:00,26.102,26.131,26.042,26.072,26871,0
2015-06-02,16:00:00,26.21,26.21,26.104,26.104,11327,0
2015-06-02,17:00:00,26.181,26.23,26.161,26.191,10289,0
2015-06-02,18:00:00,26.191,26.191,26.111,26.151,15150,0
2015-06-02,19:00:00,26.171,26.279,26.161,26.279,26343,0
2015-06-02,20:00:00,26.309,26.319,26.283,26.319,1255,0
2015-06-02,21:00:00,26.329,26.329,26.24,26.24,7252,0
2015-06-02,22:00:00,26.27,26.27,26.171,26.181,10523,0
2015-06-03,16:00:00,26.457,26.536,26.457,26.497,3599,0
2015-06-03,17:00:00,26.536,26.665,26.527,26.655,661898,0
2015-06-03,18:00:00,26.675,26.675,26.536,26.556,137275,0
2015-06-03,19:00:00,26.576,26.584,26.536,26.553,10446,0
2015-06-03,20:00:00,26.576,26.586,26.536,26.536,9230,0
2015-06-03,21:00:00,26.576,26.582,26.546,26.546,36998,0
2015-06-03,22:00:00,26.556,26.606,26.536,26.556,32467,0
2015-06-04,16:00:00,26.447,26.586,26.447,26.586,5118,0
2015-06-04,17:00:00,26.645,26.754,26.615,26.665,14395,0
2015-06-04,18:00:00,26.586,26.586,26.437,26.437,9065,0
2015-06-04,19:00:00,26.457,26.576,26.457,26.566,10679,0
2015-06-04,20:00:00,26.457,26.457,26.21,26.21,20552,0
2015-06-04,21:00:00,26.25,26.329,26.25,26.292,1578,0
2015-06-04,22:00:00,26.319,26.319,26.26,26.299,9419,0
2015-06-05,16:00:00,25.775,25.785,25.657,25.686,10025,0
2015-06-05,17:00:00,25.686,25.904,25.686,25.775,162808,0
2015-06-05,18:00:00,25.785,25.795,25.726,25.726,65783,0
2015-06-05,19:00:00,25.736,25.766,25.706,25.766,3854,0
2015-06-05,20:00:00,25.805,25.805,25.77,25.775,2819,0
2015-06-05,21:00:00,25.773,25.783,25.766,25.766,4016,0
2015-06-05,22:00:00,25.766,25.805,25.76,25.795,37206,0
2015-06-08,16:00:00,25.746,25.766,25.746,25.756,2368,0
2015-06-08,17:00:00,25.716,25.845,25.716,25.835,6935,0
2015-06-08,18:00:00,25.805,25.825,25.753,25.766,46160,0
2015-06-08,19:00:00,25.775,25.805,25.741,25.741,73180,0
2015-06-08,20:00:00,25.746,25.795,25.726,25.756,74597,0
2015-06-08,21:00:00,25.751,25.864,25.746,25.815,97920,0
2015-06-08,22:00:00,25.815,25.884,25.795,25.845,164255,0
2015-06-09,16:00:00,25.766,25.775,25.677,25.677,15079,0
2015-06-09,17:00:00,25.667,25.736,25.667,25.736,5124,0
2015-06-09,18:00:00,25.805,25.835,25.805,25.835,922,0
2015-06-09,19:00:00,25.883,25.883,25.815,25.854,3868,0
2015-06-09,20:00:00,25.865,25.884,25.845,25.854,23890,0
2015-06-09,21:00:00,25.864,25.864,25.845,25.845,3946,0
2015-06-09,22:00:00,25.825,25.83,25.805,25.825,1012,0
2015-06-10,16:00:00,26.092,26.181,26.092,26.181,22691,0
2015-06-10,17:00:00,26.173,26.173,26.082,26.171,5448,0
2015-06-10,18:00:00,26.208,26.457,26.208,26.327,5521,0
2015-06-10,19:00:00,26.299,26.349,26.27,26.349,9845,0
2015-06-10,20:00:00,26.331,26.368,26.309,26.368,2454,0
2015-06-10,21:00:00,26.378,26.398,26.368,26.398,30427,0
2015-06-10,22:00:00,26.398,26.398,26.339,26.349,49090,0
2015-06-11,16:00:00,26.487,26.556,26.477,26.556,45813,0
2015-06-11,17:00:00,26.596,26.615,26.359,26.359,9660,0
2015-06-11,18:00:00,26.329,26.398,26.299,26.349,4934,0
2015-06-11,19:00:00,26.368,26.388,26.339,26.388,2708,0
2015-06-11,20:00:00,26.349,26.408,26.349,26.378,6918,0
2015-06-11,21:00:00,26.398,26.398,26.398,26.398,530,0
2015-06-11,22:00:00,26.444,26.446,26.408,26.428,4248,0
2015-06-12,16:00:00,25.943,25.953,25.854,25.854,4352,0
2015-06-12,17:00:00,25.904,25.971,25.805,25.963,5863,0
2015-06-12,18:00:00,25.904,26.131,25.904,26.072,10733,0
2015-06-12,19:00:00,26.038,26.072,26.032,26.042,5084,0
2015-06-12,20:00:00,26.003,26.023,25.993,26.023,2934,0
2015-06-12,21:00:00,26.082,26.092,26.023,26.023,1074,0
2015-06-12,22:00:00,26.013,26.072,26.013,26.052,7668,0
2015-06-15,16:00:00,25.617,25.746,25.607,25.746,23556,0
2015-06-15,17:00:00,25.736,25.775,25.708,25.726,9968,0
2015-06-15,18:00:00,25.766,25.854,25.716,25.775,10668,0
2015-06-15,19:00:00,25.775,25.815,25.775,25.815,1402,0
2015-06-15,20:00:00,25.815,25.845,25.736,25.756,28807,0
2015-06-15,21:00:00,25.775,25.835,25.775,25.815,911,0
2015-06-15,22:00:00,25.815,25.874,25.805,25.854,4705,0
2015-06-16,16:00:00,25.756,25.776,25.736,25.736,11177,0
2015-06-16,17:00:00,25.805,25.815,25.657,25.756,19344,0
2015-06-16,18:00:00,25.756,25.884,25.756,25.821,3271,0
2015-06-16,19:00:00,25.815,25.845,25.815,25.845,1922,0
2015-06-16,20:00:00,25.854,25.894,25.845,25.854,2272,0
2015-06-16,21:00:00,25.864,25.889,25.864,25.874,755,0
2015-06-16,22:00:00,25.884,25.914,25.864,25.884,14292,0
2015-06-17,16:00:00,25.785,25.795,25.785,25.795,1526,0
2015-06-17,17:00:00,25.736,25.805,25.726,25.746,25395,0
2015-06-17,18:00:00,25.775,25.775,25.627,25.637,21730,0
2015-06-17,19:00:00,25.667,25.667,25.558,25.578,87636,0
2015-06-17,20:00:00,25.558,25.617,25.538,25.617,330401,0
2015-06-17,21:00:00,25.499,25.825,25.39,25.805,52378,0
2015-06-17,22:00:00,25.795,25.805,25.746,25.795,4985,0
2015-06-18,16:00:00,25.927,25.993,25.927,25.953,2568,0
2015-06-18,17:00:00,25.994,26.062,25.983,26.062,6535,0
2015-06-18,18:00:00,26.141,26.141,26.062,26.082,50692,0
2015-06-18,19:00:00,26.082,26.467,26.032,26.304,170044,0
2015-06-18,20:00:00,26.24,26.24,26.131,26.171,18230,0
2015-06-18,21:00:00,26.181,26.25,26.181,26.2,6812,0
2015-06-18,22:00:00,26.196,26.211,26.121,26.151,15917,0
2015-06-19,16:00:00,26.102,26.102,26.062,26.082,1199,0
2015-06-19,17:00:00,26.072,26.141,26.072,26.131,6374,0
2015-06-19,18:00:00,26.132,26.18,26.072,26.072,5077,0
2015-06-19,19:00:00,26.062,26.141,26.062,26.141,29545,0
2015-06-19,20:00:00,26.141,26.181,26.141,26.165,15867,0
2015-06-19,21:00:00,26.161,26.181,26.146,26.146,11425,0
2015-06-19,22:00:00,26.141,26.171,26.131,26.131,15646,0
2015-06-22,16:00:00,26.882,26.895,26.848,26.892,3562,0
2015-06-22,17:00:00,26.912,27.08,26.892,27.07,34870,0
2015-06-22,18:00:00,27.08,27.129,27.031,27.04,14364,0
2015-06-22,19:00:00,26.991,26.991,26.932,26.932,10509,0
2015-06-22,20:00:00,26.991,26.991,26.892,26.902,4285,0
2015-06-22,21:00:00,26.912,26.932,26.889,26.932,2794,0
2015-06-22,22:00:00,26.942,26.942,26.892,26.922,6487,0
2015-06-23,16:00:00,26.902,26.981,26.882,26.981,3597,0
2015-06-23,17:00:00,26.952,26.969,26.912,26.932,13715,0
2015-06-23,18:00:00,26.912,26.922,26.872,26.892,7108,0
2015-06-23,19:00:00,26.863,26.863,26.863,26.863,715,0
2015-06-23,20:00:00,26.863,26.902,26.863,26.872,1237,0
2015-06-23,21:00:00,26.863,26.882,26.863,26.882,5089,0
2015-06-23,22:00:00,26.882,26.882,26.784,26.803,49647,0
2015-06-24,16:00:00,26.754,26.754,26.704,26.714,9916,0
2015-06-24,17:00:00,26.702,26.742,26.702,26.714,3439,0
2015-06-24,18:00:00,26.704,26.704,26.615,26.655,42110,0
2015-06-24,19:00:00,26.596,26.645,26.586,26.606,52921,0
2015-06-24,20:00:00,26.596,26.596,26.546,26.596,14623,0
2015-06-24,21:00:00,26.596,26.596,26.559,26.588,3962,0
2015-06-24,22:00:00,26.576,26.625,26.546,26.576,43176,0
2015-06-25,16:00:00,26.68,26.73,26.535,26.66,10197,0
2015-06-25,17:00:00,26.64,26.72,26.6,26.71,10521,0
2015-06-25,18:00:00,26.69,26.76,26.69,26.74,46047,0
2015-06-25,19:00:00,26.73,26.74,26.7,26.74,12300,0
2015-06-25,20:00:00,26.73,26.74,26.71,26.72,10370,0
2015-06-25,21:00:00,26.68,26.68,26.62,26.62,8614,0
2015-06-25,22:00:00,26.65,26.67,26.62,26.66,15046,0
2015-06-26,16:00:00,26.83,26.9,26.83,26.89,4448,0
2015-06-26,17:00:00,26.9,26.96,26.73,26.73,7847,0
2015-06-26,18:00:00,26.769,26.84,26.76,26.76,268513,0
2015-06-26,19:00:00,26.7735,26.7735,26.73,26.73,238,0
2015-06-26,20:00:00,26.74,26.76,26.72,26.7599,4659,0
2015-06-26,21:00:00,26.76,26.79,26.72,26.78,41173,0
2015-06-26,22:00:00,26.765,26.81,26.75,26.79,12269,0
2015-06-29,16:00:00,26,26.05,25.95,25.96,37485,0
2015-06-29,17:00:00,25.98,26.09,25.9,25.9599,9003,0
2015-06-29,18:00:00,25.91,25.91,25.8,25.84,16127,0
2015-06-29,19:00:00,25.85,25.87,25.75,25.81,15719,0
2015-06-29,20:00:00,25.84,25.96,25.8,25.87,23473,0
2015-06-29,21:00:00,25.87,25.9,25.85,25.87,50820,0
2015-06-29,22:00:00,25.87,25.87,25.67,25.76,56094,0
2015-06-30,16:00:00,26.05,26.05,25.89,25.89,13549,0
2015-06-30,17:00:00,25.9,25.9199,25.77,25.78,15164,0
2015-06-30,18:00:00,25.71,25.83,25.56,25.61,170653,0
2015-06-30,19:00:00,25.59,25.62,25.5002,25.5915,6201,0
2015-06-30,20:00:00,25.6,25.68,25.59,25.68,9741,0
2015-06-30,21:00:00,25.77,25.83,25.71,25.71,91825,0
2015-06-30,22:00:00,25.7,25.72,25.6,25.69,38348,0
2015-07-01,16:00:00,26.15,26.15,26.11,26.12,9945,0
2015-07-01,17:00:00,26.16,26.18,26,26,25481,0
2015-07-01,18:00:00,26.07,26.0824,26.01,26.04,23245,0
2015-07-01,19:00:00,26.01,26.0285,25.96,25.96,10646,0
2015-07-01,20:00:00,25.9196,25.97,25.89,25.97,13084,0
2015-07-01,21:00:00,25.9,25.91,25.85,25.89,50321,0
2015-07-01,22:00:00,25.8601,25.98,25.8601,25.97,24360,0
2015-07-02,16:00:00,25.84,25.84,25.77,25.77,2298,0
2015-07-02,17:00:00,25.785,25.7998,25.709,25.77,7313,0
2015-07-02,18:00:00,25.77,25.77,25.71,25.72,154059,0
2015-07-02,19:00:00,25.71,25.71,25.65,25.71,9195,0
2015-07-02,20:00:00,25.6861,25.7,25.6571,25.6571,4008,0
2015-07-02,21:00:00,25.68,25.69,25.67,25.69,24105,0
2015-07-02,22:00:00,25.7,25.74,25.691,25.72,7413,0
2015-07-06,16:00:00,24.95,25.11,24.95,25.11,71394,0
2015-07-06,17:00:00,25.11,25.26,25.0901,25.19,515897,0
2015-07-06,18:00:00,25.23,25.23,25.04,25.11,57307,0
2015-07-06,19:00:00,25.12,25.15,25.1,25.11,16125,0
2015-07-06,20:00:00,25.13,25.14,24.97,24.98,44922,0
2015-07-06,21:00:00,24.95,24.97,24.9201,24.94,15401,0
2015-07-06,22:00:00,24.96,25.03,24.95,25.01,24711,0
2015-07-07,16:00:00,24.56,24.64,24.52,24.61,22766,0
2015-07-07,17:00:00,24.58,24.6,24.3156,24.4,28411,0
2015-07-07,18:00:00,24.37,24.46,24.25,24.44,34553,0
2015-07-07,19:00:00,24.41,24.45,24.41,24.44,4600,0
2015-07-07,20:00:00,24.49,24.62,24.49,24.61,53330,0
2015-07-07,21:00:00,24.62,24.72,24.58,24.7,31123,0
2015-07-07,22:00:00,24.74,25.02,24.72,24.95,111434,0
2015-07-08,16:00:00,24.65,24.67,24.58,24.59,9047,0
2015-07-08,17:00:00,24.56,24.67,24.5,24.66,9617,0
2015-07-08,18:00:00,24.68,24.69,24.61,24.61,21088,0
2015-07-08,19:00:00,24.64,24.6454,24.57,24.595,7714,0
2015-07-08,20:00:00,24.63,24.66,24.56,24.61,10075,0
2015-07-08,21:00:00,24.605,24.63,24.51,24.53,23911,0
2015-07-08,22:00:00,24.52,24.63,24.52,24.57,24411,0
2015-07-09,16:00:00,25.26,25.27,25.22,25.22,4573,0
2015-07-09,17:00:00,25.28,25.3,25.118,25.19,26105,0
2015-07-09,18:00:00,25.2303,25.2303,25.19,25.21,4645,0
2015-07-09,19:00:00,25.16,25.18,25.062,25.11,13157,0
2015-07-09,20:00:00,25.09,25.1,25.03,25.06,16913,0
2015-07-09,21:00:00,25.0601,25.1164,25.0501,25.09,7915,0
2015-07-09,22:00:00,25.1002,25.1402,25.06,25.06,41006,0
2015-07-10,16:00:00,26.27,26.27,26.1965,26.1965,31534,0
2015-07-10,17:00:00,26.21,26.23,26.15,26.2,781975,0
2015-07-10,18:00:00,26.2,26.28,26.11,26.26,38208,0
2015-07-10,19:00:00,26.27,26.29,26.16,26.19,26301,0
2015-07-10,20:00:00,26.2,26.21,26.13,26.15,10282,0
2015-07-10,21:00:00,26.17,26.25,26.17,26.245,18371,0
2015-07-10,22:00:00,26.24,26.29,26.21,26.27,33566,0
2015-07-13,16:00:00,26.35,26.35,26.32,26.34,3893,0
2015-07-13,17:00:00,26.38,26.4,26.3236,26.3236,16588,0
2015-07-13,18:00:00,26.3299,26.35,26.29,26.29,9341,0
2015-07-13,19:00:00,26.3,26.33,26.28,26.28,6119,0
2015-07-13,20:00:00,26.29,26.29,26.23,26.24,4238,0
2015-07-13,21:00:00,26.24,26.28,26.24,26.28,17360,0
2015-07-13,22:00:00,26.26,26.31,26.25,26.28,12146,0
2015-07-14,16:00:00,26.47,26.47,26.43,26.43,2069,0
2015-07-14,17:00:00,26.44,26.44,26.4,26.42,13965,0
2015-07-14,18:00:00,26.42,26.49,26.4195,26.47,5567,0
2015-07-14,19:00:00,26.49,26.49,26.47,26.47,800,0
2015-07-14,20:00:00,26.46,26.49,26.46,26.47,3900,0
2015-07-14,21:00:00,26.5,26.5,26.485,26.5,6215,0
2015-07-14,22:00:00,26.5,26.52,26.49,26.5,6431,0
2015-07-15,16:00:00,26.51,26.54,26.49,26.5,1970,0
2015-07-15,17:00:00,26.53,26.6,26.5,26.5601,5359,0
2015-07-15,18:00:00,26.58,26.58,26.53,26.54,4790,0
2015-07-15,19:00:00,26.57,26.58,26.53,26.53,3150,0
2015-07-15,20:00:00,26.53,26.55,26.51,26.51,4615,0
2015-07-15,21:00:00,26.52,26.52,26.4,26.41,26107,0
2015-07-15,22:00:00,26.44,26.5,26.38,26.5,74231,0
2015-07-16,16:00:00,26.61,26.695,26.61,26.66,38803,0
2015-07-16,17:00:00,26.69,26.72,26.61,26.64,9922,0
2015-07-16,18:00:00,26.61,26.62,26.5701,26.6,10743,0
2015-07-16,19:00:00,26.59,26.59,26.54,26.54,5550,0
2015-07-16,20:00:00,26.53,26.56,26.53,26.54,8649,0
2015-07-16,21:00:00,26.54,26.57,26.53,26.56,9233,0
2015-07-16,22:00:00,26.56,26.57,26.52,26.56,27947,0
2015-07-17,16:00:00,26.54,26.54,26.54,26.54,600,0
2015-07-17,17:00:00,26.55,26.55,26.44,26.44,30918,0
2015-07-17,18:00:00,26.48,26.5,26.47,26.48,28860,0
2015-07-17,19:00:00,26.47,26.48,26.46,26.47,27600,0
2015-07-17,20:00:00,26.5,26.5,26.47,26.47,66150,0
2015-07-17,21:00:00,26.519,26.519,26.4999,26.5,3343,0
2015-07-17,22:00:00,26.49,26.51,26.49,26.5,9866,0
2015-07-20,16:00:00,26.66,26.67,26.63,26.63,37608,0
2015-07-20,17:00:00,26.6,26.62,26.55,26.6002,2579,0
2015-07-20,18:00:00,26.65,26.65,26.6,26.64,4042,0
2015-07-20,19:00:00,26.64,26.66,26.63,26.63,3850,0
2015-07-20,20:00:00,26.64,26.64,26.61,26.61,10050,0
2015-07-20,21:00:00,26.6099,26.6245,26.6099,26.61,1468,0
2015-07-20,22:00:00,26.59,26.6,26.57,26.6,13458,0
2015-07-21,16:00:00,26.6,26.61,26.54,26.61,9167,0
2015-07-21,17:00:00,26.5844,26.6,26.56,26.58,7225,0
2015-07-21,18:00:00,26.59,26.59,26.55,26.59,12276,0
2015-07-21,19:00:00,26.59,26.62,26.57,26.57,15129,0
2015-07-21,20:00:00,26.59,26.61,26.55,26.5699,7912,0
2015-07-21,21:00:00,26.5401,26.57,26.53,26.54,6373,0
2015-07-21,22:00:00,26.52,26.57,26.52,26.57,7300,0
2015-07-22,16:00:00,26.39,26.44,26.3847,26.44,33157,0
2015-07-22,17:00:00,26.42,26.44,26.42,26.43,1783,0
2015-07-22,18:00:00,26.4201,26.4699,26.41,26.45,12526,0
2015-07-22,19:00:00,26.44,26.52,26.43,26.52,4911,0
2015-07-22,20:00:00,26.52,26.54,26.52,26.5301,14921,0
2015-07-22,21:00:00,26.52,26.54,26.51,26.54,6463,0
2015-07-22,22:00:00,26.53,26.56,26.52,26.56,12425,0
2015-07-23,16:00:00,26.65,26.65,26.55,26.57,15818,0
2015-07-23,17:00:00,26.57,26.745,26.56,26.71,114160,0
2015-07-23,18:00:00,26.71,26.72,26.59,26.6,17100,0
2015-07-23,19:00:00,26.6,26.64,26.57,26.62,30521,0
2015-07-23,20:00:00,26.61,26.67,26.59,26.67,11936,0
2015-07-23,21:00:00,26.66,26.66,26.5801,26.622,10299,0
2015-07-23,22:00:00,26.6083,26.61,26.58,26.61,17701,0
2015-07-24,16:00:00,26.49,26.49,26.43,26.45,4720,0
2015-07-24,17:00:00,26.46,26.48,26.33,26.36,3600,0
2015-07-24,18:00:00,26.36,26.39,26.31,26.33,811388,0
2015-07-24,19:00:00,26.31,26.31,26.26,26.26,33976,0
2015-07-24,20:00:00,26.25,26.29,26.21,26.21,18214,0
2015-07-24,21:00:00,26.21,26.23,26.19,26.23,7048,0
2015-07-24,22:00:00,26.22,26.24,26.2099,26.21,30174,0
2015-07-27,16:00:00,26.32,26.32,26.2309,26.2309,9349,0
2015-07-27,17:00:00,26.25,26.297,26.18,26.26,33670,0
2015-07-27,18:00:00,26.22,26.26,26.2,26.23,20352,0
2015-07-27,19:00:00,26.21,26.22,26.17,26.17,8594,0
2015-07-27,20:00:00,26.17,26.17,26.1117,26.12,7119,0
2015-07-27,21:00:00,26.11,26.17,26.11,26.12,3677,0
2015-07-27,22:00:00,26.11,26.12,26.09,26.11,11354,0
2015-07-28,16:00:00,26.24,26.24,26.1696,26.21,3691,0
2015-07-28,17:00:00,26.23,26.24,26.11,26.18,3725,0
2015-07-28,18:00:00,26.1717,26.29,26.1717,26.29,94067,0
2015-07-28,19:00:00,26.28,26.305,26.27,26.305,33827,0
2015-07-28,20:00:00,26.29,26.39,26.29,26.37,47911,0
2015-07-28,21:00:00,26.36,26.39,26.33,26.35,50563,0
2015-07-28,22:00:00,26.35,26.38,26.33,26.36,51207,0
2015-07-29,16:00:00,26.32,26.34,26.32,26.34,6006,0
2015-07-29,17:00:00,26.33,26.4,26.33,26.39,36387,0
2015-07-29,18:00:00,26.36,26.37,26.33,26.365,8166,0
2015-07-29,19:00:00,26.38,26.38,26.34,26.35,15913,0
2015-07-29,20:00:00,26.38,26.45,26.38,26.45,29366,0
2015-07-29,21:00:00,26.5,26.54,26.35,26.45,55923,0
2015-07-29,22:00:00,26.439,26.44,26.31,26.36,44786,0
2015-07-30,16:00:00,26.24,26.24,26.08,26.08,912,0
2015-07-30,17:00:00,26.11,26.21,26.11,26.18,6288,0
2015-07-30,18:00:00,26.18,26.27,26.1799,26.23,10100,0
2015-07-30,19:00:00,26.24,26.25,26.19,26.24,35657,0
2015-07-30,20:00:00,26.25,26.25,26.2002,26.25,16827,0
2015-07-30,21:00:00,26.222,26.28,26.22,26.28,14155,0
2015-07-30,22:00:00,26.29,26.33,26.29,26.33,6929,0
2015-07-31,16:00:00,26.63,26.63,26.56,26.56,5899,0
2015-07-31,17:00:00,26.6,26.63,26.55,26.6,12111,0
2015-07-31,18:00:00,26.55,26.6358,26.53,26.62,15185,0
2015-07-31,19:00:00,26.5718,26.63,26.56,26.56,6702,0
2015-07-31,20:00:00,26.58,26.58,26.555,26.555,10000,0
2015-07-31,21:00:00,26.57,26.57,26.44,26.44,7770,0
2015-07-31,22:00:00,26.45,26.5099,26.45,26.5,44664,0
2015-08-03,16:00:00,26.8,26.818,26.799,26.81,6389,0
2015-08-03,17:00:00,26.7999,26.8,26.75,26.75,12892,0
2015-08-03,18:00:00,26.76,26.76,26.72,26.73,49173,0
2015-08-03,19:00:00,26.73,26.74,26.63,26.63,13108,0
2015-08-03,20:00:00,26.63,26.63,26.57,26.6,325258,0
2015-08-03,21:00:00,26.59,26.61,26.55,26.585,63043,0
2015-08-03,22:00:00,26.585,26.67,26.58,26.66,168494,0
2015-08-04,16:00:00,26.75,26.75,26.67,26.715,12712,0
2015-08-04,17:00:00,26.71,26.76,26.68,26.69,29212,0
2015-08-04,18:00:00,26.69,26.74,26.68,26.68,14677,0
2015-08-04,19:00:00,26.67,26.7,26.67,26.69,15959,0
2015-08-04,20:00:00,26.69,26.72,26.58,26.6,22280,0
2015-08-04,21:00:00,26.6,26.6,26.54,26.58,18334,0
2015-08-04,22:00:00,26.58,26.61,26.56,26.61,22823,0
2015-08-05,16:00:00,26.6701,26.682,26.6701,26.682,2602,0
2015-08-05,17:00:00,26.58,26.5899,26.56,26.56,3696,0
2015-08-05,18:00:00,26.57,26.58,26.5399,26.54,59558,0
2015-08-05,19:00:00,26.52,26.56,26.51,26.56,2281,0
2015-08-05,20:00:00,26.54,26.59,26.54,26.58,15626,0
2015-08-05,21:00:00,26.57,26.61,26.57,26.58,21143,0
2015-08-05,22:00:00,26.58,26.6,26.55,26.56,12208,0
2015-08-06,16:00:00,26.64,26.66,26.61,26.64,39221,0
2015-08-06,17:00:00,26.61,26.67,26.6,26.635,57134,0
2015-08-06,18:00:00,26.65,26.6552,26.58,26.5886,4807,0
2015-08-06,19:00:00,26.57,26.59,26.52,26.5314,12759,0
2015-08-06,20:00:00,26.56,26.57,26.53,26.56,9280,0
2015-08-06,21:00:00,26.55,26.57,26.54,26.56,37302,0
2015-08-06,22:00:00,26.5671,26.5901,26.55,26.57,60168,0
2015-08-07,16:00:00,26.39,26.39,26.33,26.34,11602,0
2015-08-07,17:00:00,26.34,26.48,26.3101,26.42,48548,0
2015-08-07,18:00:00,26.42,26.445,26.36,26.44,19630,0
2015-08-07,19:00:00,26.45,26.4901,26.42,26.42,16915,0
2015-08-07,20:00:00,26.4201,26.47,26.42,26.45,5690,0
2015-08-07,21:00:00,26.45,26.47,26.43,26.45,13915,0
2015-08-07,22:00:00,26.45,26.48,26.44,26.475,18457,0
