Date,Time,Open,High,Low,Close,Volume,OpenInt
2015-01-13,16:00:00,32.306,32.445,32.256,32.435,6402,0
2015-01-13,17:00:00,32.565,32.565,32.365,32.365,5910,0
2015-01-13,18:00:00,32.365,32.415,32.246,32.246,2029,0
2015-01-13,19:00:00,32.146,32.166,31.997,32.067,5818,0
2015-01-13,20:00:00,32.047,32.047,31.688,31.688,2118,0
2015-01-13,21:00:00,31.628,31.748,31.538,31.748,44100,0
2015-01-13,22:00:00,31.598,31.887,31.598,31.877,9066,0
2015-01-14,16:00:00,31.828,31.867,31.488,31.618,4189,0
2015-01-14,17:00:00,31.628,31.698,31.558,31.648,5195,0
2015-01-14,18:00:00,31.598,31.598,31.488,31.568,7968,0
2015-01-14,19:00:00,31.568,31.568,31.438,31.438,12859,0
2015-01-14,20:00:00,31.408,31.418,31.33,31.34,2812,0
2015-01-14,21:00:00,31.548,31.608,31.508,31.608,7613,0
2015-01-14,22:00:00,31.538,31.678,31.538,31.638,10055,0
2015-01-15,16:00:00,31.778,31.778,31.458,31.488,1827,0
2015-01-15,17:00:00,31.32,31.648,31.32,31.578,5821,0
2015-01-15,18:00:00,31.518,31.518,31.359,31.359,8212,0
2015-01-15,19:00:00,31.369,31.408,31.16,31.18,4692,0
2015-01-15,20:00:00,31.28,31.29,31.16,31.19,3806,0
2015-01-15,21:00:00,31.22,31.28,31.18,31.22,15452,0
2015-01-15,22:00:00,31.24,31.24,31.09,31.1,7014,0
2015-01-16,16:00:00,31.12,31.16,31.12,31.16,1505,0
2015-01-16,17:00:00,31.07,31.21,31.07,31.21,3318,0
2015-01-16,18:00:00,31.22,31.23,31.19,31.23,2980,0
2015-01-16,19:00:00,31.34,31.359,31.24,31.34,3356,0
2015-01-16,20:00:00,31.33,31.359,31.33,31.359,4154,0
2015-01-16,21:00:00,31.359,31.379,31.26,31.34,15573,0
2015-01-16,22:00:00,31.33,31.498,31.32,31.498,1405,0
2015-01-20,16:00:00,31.558,31.558,31.399,31.399,1606,0
2015-01-20,17:00:00,31.369,31.369,31.2,31.22,1695,0
2015-01-20,18:00:00,31.19,31.24,31.14,31.14,2221,0
2015-01-20,19:00:00,31.16,31.21,31.14,31.21,3293,0
2015-01-20,20:00:00,31.26,31.28,31.21,31.21,3647,0
2015-01-20,21:00:00,31.29,31.438,31.28,31.399,6182,0
2015-01-20,22:00:00,31.389,31.438,31.32,31.369,6540,0
2015-01-21,16:00:00,31.34,31.428,31.26,31.359,5063,0
2015-01-21,17:00:00,31.408,31.408,31.408,31.408,1194,0
2015-01-21,18:00:00,31.488,31.508,31.458,31.468,1322,0
2015-01-21,19:00:00,31.488,31.528,31.478,31.488,3675,0
2015-01-21,21:00:00,31.349,31.438,31.31,31.408,11746,0
2015-01-21,22:00:00,31.408,31.518,31.359,31.448,4914,0
2015-01-22,16:00:00,31.638,31.638,31.428,31.428,4437,0
2015-01-22,17:00:00,31.578,31.748,31.578,31.738,4253,0
2015-01-22,18:00:00,31.688,31.748,31.688,31.718,2793,0
2015-01-22,19:00:00,31.648,31.738,31.648,31.698,3966,0
2015-01-22,20:00:00,31.718,31.758,31.688,31.718,4234,0
2015-01-22,21:00:00,31.788,31.887,31.778,31.877,8755,0
2015-01-22,22:00:00,31.967,31.967,31.917,31.927,3474,0
2015-01-23,16:00:00,31.977,31.977,31.977,31.977,6563,0
2015-01-23,17:00:00,31.748,31.748,31.568,31.618,8066,0
2015-01-23,18:00:00,31.708,31.828,31.678,31.798,13619,0
2015-01-23,19:00:00,31.768,31.828,31.748,31.828,27175,0
2015-01-23,20:00:00,31.828,31.828,31.678,31.738,88293,0
2015-01-23,21:00:00,31.728,31.728,31.678,31.678,10695,0
2015-01-23,22:00:00,31.658,31.688,31.648,31.678,9074,0
2015-01-26,16:00:00,31.598,31.598,31.438,31.518,5006,0
2015-01-26,17:00:00,31.558,31.688,31.518,31.648,3131,0
2015-01-26,18:00:00,31.658,31.678,31.578,31.678,13858,0
2015-01-26,19:00:00,31.688,31.688,31.628,31.638,3063,0
2015-01-26,20:00:00,31.648,31.718,31.638,31.718,5335,0
2015-01-26,21:00:00,31.728,31.728,31.698,31.728,4643,0
2015-01-26,22:00:00,31.698,31.738,31.688,31.728,9180,0
2015-01-27,16:00:00,31.488,31.488,31.438,31.488,3302,0
2015-01-27,17:00:00,31.478,31.478,31.24,31.369,46088,0
2015-01-27,18:00:00,31.369,31.588,31.369,31.548,14005,0
2015-01-27,19:00:00,31.518,31.648,31.518,31.618,3234,0
2015-01-27,20:00:00,31.708,31.708,31.618,31.648,2243,0
2015-01-27,21:00:00,31.648,31.728,31.638,31.698,3511,0
2015-01-27,22:00:00,31.658,31.688,31.578,31.638,13229,0
2015-01-28,16:00:00,31.598,31.798,31.568,31.568,7002,0
2015-01-28,17:00:00,31.518,31.558,31.26,31.26,10142,0
2015-01-28,18:00:00,31.33,31.418,31.28,31.369,25831,0
2015-01-28,19:00:00,31.418,31.508,31.369,31.488,6724,0
2015-01-28,20:00:00,31.518,31.518,31.458,31.478,12666,0
2015-01-28,21:00:00,31.448,31.448,31.34,31.399,19686,0
2015-01-28,22:00:00,31.369,31.369,31.13,31.14,13712,0
2015-01-29,16:00:00,31.21,31.21,31.13,31.13,2700,0
2015-01-29,17:00:00,31.17,31.18,31.07,31.07,5420,0
2015-01-29,18:00:00,31.11,31.26,31.11,31.25,23643,0
2015-01-29,19:00:00,31.27,31.27,31.2,31.2,5819,0
2015-01-29,20:00:00,31.18,31.389,31.16,31.389,31464,0
2015-01-29,21:00:00,31.408,31.438,31.408,31.438,3697,0
2015-01-29,22:00:00,31.458,31.578,31.458,31.578,1907,0
2015-01-30,16:00:00,31.508,31.508,31.508,31.508,1130,0
2015-01-30,17:00:00,31.349,31.349,31.24,31.24,15868,0
2015-01-30,18:00:00,31.26,31.26,31.16,31.2,6293,0
2015-01-30,19:00:00,31.34,31.399,31.23,31.23,9866,0
2015-01-30,20:00:00,31.22,31.31,31.17,31.31,3602,0
2015-01-30,21:00:00,31.27,31.458,31.23,31.458,2508,0
2015-01-30,22:00:00,31.28,31.28,31.11,31.11,5403,0
2015-02-02,16:00:00,31.14,31.19,31.14,31.15,474,0
2015-02-02,17:00:00,31.14,31.18,31.14,31.18,3287,0
2015-02-02,18:00:00,31.19,31.468,31.19,31.468,16484,0
2015-02-02,19:00:00,31.359,31.369,31.28,31.29,2254,0
2015-02-02,20:00:00,31.29,31.29,31.18,31.18,6486,0
2015-02-02,21:00:00,31.27,31.27,31.25,31.26,2106,0
2015-02-02,22:00:00,31.27,31.558,31.23,31.518,2687,0
2015-02-03,16:00:00,31.738,32.096,31.738,32.096,2653,0
2015-02-03,17:00:00,32.136,32.136,32.037,32.037,4692,0
2015-02-03,18:00:00,32.096,32.096,31.997,31.997,1967,0
2015-02-03,19:00:00,32.027,32.106,32.017,32.077,2459,0
2015-02-03,20:00:00,32.116,32.216,32.096,32.216,5674,0
2015-02-03,21:00:00,32.196,32.196,32.096,32.186,6939,0
2015-02-03,22:00:00,32.216,32.325,32.186,32.306,13281,0
2015-02-04,16:00:00,32.266,32.266,32.057,32.057,1520,0
2015-02-04,17:00:00,32.047,32.047,31.957,31.987,6819,0
2015-02-04,18:00:00,31.947,32.047,31.927,31.927,8885,0
2015-02-04,19:00:00,31.987,31.997,31.837,31.837,6608,0
2015-02-04,20:00:00,31.788,31.788,31.768,31.778,828,0
2015-02-04,21:00:00,31.828,31.837,31.748,31.837,4829,0
2015-02-04,22:00:00,31.798,31.897,31.698,31.728,4672,0
2015-02-05,16:00:00,31.828,32.067,31.828,32.047,4159,0
2015-02-05,17:00:00,32.037,32.106,32.017,32.096,14865,0
2015-02-05,18:00:00,32.017,32.047,31.987,32.047,6736,0
2015-02-05,20:00:00,32.027,32.116,32.017,32.106,6352,0
2015-02-05,21:00:00,32.086,32.086,32.067,32.067,5760,0
2015-02-05,22:00:00,32.047,32.116,32.047,32.116,2849,0
2015-02-06,16:00:00,32.047,32.166,32.047,32.057,2452,0
2015-02-06,17:00:00,32.136,32.206,32.126,32.186,2341,0
2015-02-06,18:00:00,32.206,32.236,32.146,32.146,30166,0
2015-02-06,19:00:00,32.166,32.196,32.077,32.077,6694,0
2015-02-06,20:00:00,32.116,32.116,31.947,31.977,3723,0
2015-02-06,21:00:00,31.967,32.086,31.967,32.027,3388,0
2015-02-06,22:00:00,31.957,31.957,31.857,31.857,4508,0
2015-02-09,16:00:00,32.246,32.246,32.236,32.236,823,0
2015-02-09,17:00:00,32.256,32.276,32.116,32.126,10185,0
2015-02-09,18:00:00,32.136,32.206,32.136,32.156,4245,0
2015-02-09,19:00:00,32.176,32.176,32.106,32.116,2455,0
2015-02-09,20:00:00,32.156,32.156,32.007,32.057,2812,0
2015-02-09,21:00:00,32.017,32.057,31.987,31.987,1347,0
2015-02-09,22:00:00,31.957,31.967,31.907,31.967,2639,0
2015-02-10,16:00:00,31.887,31.887,31.887,31.887,8639,0
2015-02-10,17:00:00,31.867,31.867,31.778,31.808,5636,0
2015-02-10,18:00:00,31.847,31.907,31.847,31.907,1405,0
2015-02-10,19:00:00,31.937,31.947,31.907,31.907,1663,0
2015-02-10,20:00:00,31.917,31.917,31.837,31.857,6558,0
2015-02-10,21:00:00,31.887,31.937,31.837,31.917,7875,0
2015-02-10,22:00:00,31.927,31.957,31.927,31.947,5639,0
2015-02-11,16:00:00,31.937,31.937,31.867,31.867,1599,0
2015-02-11,17:00:00,31.818,31.818,31.648,31.648,21025,0
2015-02-11,18:00:00,31.708,31.738,31.698,31.728,9402,0
2015-02-11,19:00:00,31.758,31.837,31.688,31.688,2319,0
2015-02-11,20:00:00,31.588,31.708,31.588,31.708,5648,0
2015-02-11,21:00:00,31.708,31.798,31.708,31.798,3008,0
2015-02-11,22:00:00,31.798,31.798,31.708,31.738,2764,0
2015-02-12,17:00:00,31.997,32.017,31.987,32.017,10843,0
2015-02-12,18:00:00,32.007,32.027,31.997,31.997,5364,0
2015-02-12,19:00:00,31.987,31.987,31.987,31.987,258,0
2015-02-12,20:00:00,32.007,32.057,32.007,32.037,4208,0
2015-02-12,21:00:00,31.977,32.057,31.977,32.057,3167,0
2015-02-12,22:00:00,32.017,32.106,32.007,32.106,5136,0
2015-02-13,16:00:00,32.206,32.226,32.206,32.226,1227,0
2015-02-13,17:00:00,32.236,32.236,32.176,32.216,6813,0
2015-02-13,18:00:00,32.226,32.306,32.226,32.226,1126,0
2015-02-13,19:00:00,32.256,32.266,32.196,32.206,2198,0
2015-02-13,20:00:00,32.216,32.216,32.116,32.176,10060,0
2015-02-13,21:00:00,32.256,32.286,32.256,32.286,1267,0
2015-02-13,22:00:00,32.286,32.335,32.286,32.286,3486,0
2015-02-17,16:00:00,32.136,32.216,32.116,32.116,1834,0
2015-02-17,17:00:00,32.146,32.226,32.146,32.156,4441,0
2015-02-17,18:00:00,32.176,32.206,32.176,32.206,903,0
2015-02-17,19:00:00,32.186,32.306,32.186,32.306,2557,0
2015-02-17,20:00:00,32.306,32.306,32.236,32.236,3638,0
2015-02-17,21:00:00,32.206,32.276,32.206,32.246,6675,0
2015-02-17,22:00:00,32.206,32.206,32.166,32.166,3085,0
2015-02-18,16:00:00,31.907,32.425,31.788,32.286,17489,0
2015-02-18,17:00:00,32.306,32.325,32.276,32.325,6918,0
2015-02-18,18:00:00,32.355,32.405,32.315,32.325,3245,0
2015-02-18,19:00:00,32.425,32.425,32.286,32.286,3908,0
2015-02-18,20:00:00,32.335,32.335,32.256,32.315,1537,0
2015-02-18,21:00:00,32.375,32.405,32.325,32.395,3067,0
2015-02-18,22:00:00,32.405,32.455,32.395,32.395,5724,0
2015-02-19,16:00:00,32.276,32.276,32.276,32.276,402,0
2015-02-19,17:00:00,32.345,32.485,32.345,32.485,6579,0
2015-02-19,18:00:00,32.505,32.545,32.445,32.545,6801,0
2015-02-19,19:00:00,32.495,32.525,32.475,32.495,2941,0
2015-02-19,20:00:00,32.485,32.485,32.445,32.445,1614,0
2015-02-19,21:00:00,32.485,32.505,32.395,32.395,5096,0
2015-02-19,22:00:00,32.495,32.505,32.435,32.435,3654,0
2015-02-20,16:00:00,32.485,32.485,32.256,32.256,1641,0
2015-02-20,17:00:00,32.126,32.315,32.126,32.256,5022,0
2015-02-20,18:00:00,32.345,32.345,32.296,32.315,3108,0
2015-02-20,19:00:00,32.315,32.375,32.315,32.375,2835,0
2015-02-20,20:00:00,32.375,32.405,32.345,32.405,13580,0
2015-02-20,21:00:00,32.415,32.415,32.365,32.365,4227,0
2015-02-20,22:00:00,32.405,32.515,32.405,32.445,5208,0
2015-02-23,16:00:00,32.435,32.435,32.236,32.236,352,0
2015-02-23,17:00:00,32.216,32.306,32.186,32.266,7293,0
2015-02-23,18:00:00,32.276,32.405,32.276,32.355,4867,0
2015-02-23,19:00:00,32.405,32.435,32.375,32.375,2116,0
2015-02-23,20:00:00,32.365,32.465,32.335,32.445,3770,0
2015-02-23,21:00:00,32.435,32.445,32.315,32.375,11869,0
2015-02-23,22:00:00,32.375,32.445,32.296,32.445,5477,0
2015-02-24,16:00:00,32.585,32.585,32.585,32.585,337,0
2015-02-24,17:00:00,32.525,32.675,32.455,32.615,9835,0
2015-02-24,18:00:00,32.695,32.695,32.605,32.615,10492,0
2015-02-24,19:00:00,32.605,32.645,32.545,32.635,4752,0
2015-02-24,20:00:00,32.625,32.635,32.585,32.585,23711,0
2015-02-24,21:00:00,32.615,32.635,32.575,32.575,8190,0
2015-02-24,22:00:00,32.645,32.685,32.635,32.685,7535,0
2015-02-25,16:00:00,32.735,32.735,32.595,32.595,1162,0
2015-02-25,17:00:00,32.665,32.665,32.625,32.645,7083,0
2015-02-25,18:00:00,32.625,32.665,32.615,32.635,4102,0
2015-02-25,19:00:00,32.635,32.675,32.635,32.655,10354,0
2015-02-25,20:00:00,32.655,32.675,32.625,32.665,2227,0
2015-02-25,21:00:00,32.665,32.665,32.585,32.585,4556,0
2015-02-25,22:00:00,32.595,32.675,32.585,32.625,5318,0
2015-02-26,16:00:00,32.635,32.635,32.515,32.515,702,0
2015-02-26,17:00:00,32.445,32.555,32.445,32.555,4233,0
2015-02-26,18:00:00,32.595,32.595,32.555,32.575,5668,0
2015-02-26,19:00:00,32.525,32.575,32.525,32.575,2730,0
2015-02-26,20:00:00,32.625,32.675,32.625,32.665,14565,0
2015-02-26,21:00:00,32.695,32.695,32.565,32.625,3622,0
2015-02-26,22:00:00,32.585,32.695,32.565,32.685,7417,0
2015-02-27,16:00:00,32.605,32.635,32.605,32.635,2944,0
2015-02-27,17:00:00,32.535,32.735,32.535,32.735,6054,0
2015-02-27,18:00:00,32.695,32.715,32.675,32.715,7425,0
2015-02-27,19:00:00,32.745,32.784,32.705,32.725,19138,0
2015-02-27,20:00:00,32.705,32.715,32.665,32.675,4845,0
2015-02-27,21:00:00,32.705,32.725,32.705,32.705,1425,0
2015-02-27,22:00:00,32.625,32.665,32.595,32.615,6655,0
2015-03-02,16:00:00,32.615,32.615,32.525,32.525,2640,0
2015-03-02,17:00:00,32.565,32.764,32.565,32.755,3365,0
2015-03-02,18:00:00,32.745,32.745,32.635,32.695,1021,0
2015-03-02,19:00:00,32.655,32.655,32.585,32.585,1104,0
2015-03-02,20:00:00,32.645,32.705,32.645,32.705,2146,0
2015-03-02,21:00:00,32.725,32.725,32.625,32.675,3494,0
2015-03-02,22:00:00,32.635,32.755,32.635,32.755,14679,0
2015-03-03,16:00:00,32.645,32.645,32.515,32.515,1071,0
2015-03-03,17:00:00,32.525,32.545,32.485,32.485,713,0
2015-03-03,18:00:00,32.514,32.518,32.405,32.415,2156,0
2015-03-03,19:00:00,32.472,32.481,32.415,32.481,1308,0
2015-03-03,20:00:00,32.505,32.505,32.435,32.479,1376,0
2015-03-03,21:00:00,32.484,32.506,32.435,32.435,1293,0
2015-03-03,22:00:00,32.524,32.524,32.435,32.463,1104,0
2015-03-04,16:00:00,32.385,32.385,32.209,32.209,1573,0
2015-03-04,17:00:00,32.161,32.176,32.096,32.166,3237,0
2015-03-04,18:00:00,32.187,32.216,32.106,32.124,5596,0
2015-03-04,19:00:00,32.122,32.236,32.122,32.236,599,0
2015-03-04,20:00:00,32.164,32.228,32.164,32.206,2075,0
2015-03-04,21:00:00,32.106,32.176,32.097,32.152,1428,0
2015-03-04,22:00:00,32.181,32.206,32.136,32.136,1353,0
2015-03-05,16:00:00,32.086,32.086,32.086,32.086,1274,0
2015-03-05,17:00:00,32.167,32.226,32.116,32.226,5303,0
2015-03-05,18:00:00,32.166,32.166,32.093,32.146,1671,0
2015-03-05,19:00:00,32.106,32.141,32.007,32.007,3721,0
2015-03-05,20:00:00,32.018,32.018,32.018,32.018,110,0
2015-03-05,21:00:00,32.059,32.146,32.059,32.146,5305,0
2015-03-05,22:00:00,32.106,32.145,32.106,32.116,612,0
2015-03-06,16:00:00,31.987,31.987,31.907,31.907,260,0
2015-03-06,17:00:00,31.828,31.881,31.788,31.788,2075,0
2015-03-06,18:00:00,31.788,31.788,31.588,31.588,5306,0
2015-03-06,19:00:00,31.628,31.628,31.478,31.569,6159,0
2015-03-06,20:00:00,31.528,31.573,31.488,31.488,4838,0
2015-03-06,21:00:00,31.518,31.558,31.439,31.478,2706,0
2015-03-06,22:00:00,31.478,31.553,31.478,31.528,5536,0
2015-03-09,15:00:00,31.468,31.658,31.468,31.658,3444,0
2015-03-09,16:00:00,31.511,31.511,31.488,31.488,711,0
2015-03-09,17:00:00,31.55,31.55,31.52,31.539,880,0
2015-03-09,18:00:00,31.508,31.543,31.488,31.543,570,0
2015-03-09,19:00:00,31.577,31.577,31.558,31.558,721,0
2015-03-09,20:00:00,31.578,31.618,31.578,31.598,2483,0
2015-03-09,21:00:00,31.598,31.655,31.558,31.558,5171,0
2015-03-10,15:00:00,31.34,31.34,31.264,31.33,819,0
2015-03-10,16:00:00,31.22,31.22,31.16,31.16,509,0
2015-03-10,17:00:00,31.2,31.296,31.18,31.18,9647,0
2015-03-10,18:00:00,31.172,31.2,31.17,31.19,3189,0
2015-03-10,19:00:00,31.21,31.242,31.197,31.242,3244,0
2015-03-10,20:00:00,31.171,31.222,31.17,31.222,2784,0
2015-03-10,21:00:00,31.22,31.262,31.16,31.16,2554,0
2015-03-11,15:00:00,31.1,31.12,31.02,31.098,4550,0
2015-03-11,16:00:00,31.08,31.08,30.96,30.96,1050,0
2015-03-11,17:00:00,31,31.04,31,31.01,1069,0
2015-03-11,18:00:00,31.05,31.076,31.025,31.025,1425,0
2015-03-11,19:00:00,31.049,31.067,31.004,31.004,678,0
2015-03-11,20:00:00,30.99,31.07,30.97,31.07,1793,0
2015-03-11,21:00:00,31.076,31.09,31.03,31.07,2405,0
2015-03-12,15:00:00,31.17,31.558,31.17,31.558,3782,0
2015-03-12,16:00:00,31.438,31.438,31.359,31.368,1115,0
2015-03-12,17:00:00,31.422,31.488,31.422,31.488,1183,0
2015-03-12,18:00:00,31.429,31.488,31.429,31.487,3786,0
2015-03-12,19:00:00,31.459,31.528,31.448,31.493,2416,0
2015-03-12,20:00:00,31.483,31.506,31.469,31.469,1536,0
2015-03-12,21:00:00,31.561,31.628,31.548,31.628,3026,0
2015-03-13,15:00:00,31.528,31.528,31.369,31.369,363,0
2015-03-13,16:00:00,31.343,31.343,31.25,31.25,1712,0
2015-03-13,17:00:00,31.22,31.22,31.056,31.056,5312,0
2015-03-13,18:00:00,31.054,31.237,31.054,31.237,1681,0
2015-03-13,19:00:00,31.22,31.22,31.12,31.195,1333,0
2015-03-13,20:00:00,31.197,31.229,31.197,31.229,1572,0
2015-03-13,21:00:00,31.23,31.329,31.23,31.329,1111,0
2015-03-16,15:00:00,31.399,31.518,31.399,31.429,884,0
2015-03-16,16:00:00,31.498,31.523,31.488,31.498,3302,0
2015-03-16,17:00:00,31.501,31.501,31.469,31.498,1219,0
2015-03-16,18:00:00,31.498,31.498,31.439,31.474,613,0
2015-03-16,19:00:00,31.428,31.528,31.428,31.528,1773,0
2015-03-16,20:00:00,31.469,31.494,31.469,31.471,1394,0
2015-03-16,21:00:00,31.488,31.488,31.429,31.429,645,0
2015-03-17,15:00:00,31.418,31.418,31.281,31.281,1466,0
2015-03-17,16:00:00,31.275,31.326,31.275,31.3,879,0
2015-03-17,17:00:00,31.268,31.304,31.24,31.304,34564,0
2015-03-17,18:00:00,31.28,31.349,31.28,31.349,215,0
2015-03-17,19:00:00,31.331,31.379,31.33,31.379,1088,0
2015-03-17,20:00:00,31.373,31.373,31.324,31.371,3106,0
2015-03-17,21:00:00,31.498,31.498,31.389,31.389,477,0
2015-03-18,15:00:00,31.224,31.23,31.224,31.23,401,0
2015-03-18,16:00:00,31.267,31.363,31.267,31.34,694,0
2015-03-18,17:00:00,31.32,31.375,31.32,31.375,385,0
2015-03-18,18:00:00,31.359,31.379,31.359,31.366,571,0
2015-03-18,19:00:00,31.314,31.389,31.273,31.389,733,0
2015-03-18,20:00:00,31.399,31.877,31.399,31.818,5243,0
2015-03-18,21:00:00,31.917,32.015,31.887,31.887,3045,0
2015-03-19,15:00:00,31.877,31.877,31.788,31.788,240,0
2015-03-19,16:00:00,31.777,31.777,31.738,31.738,1144,0
2015-03-19,17:00:00,31.768,31.768,31.568,31.588,1329,0
2015-03-19,18:00:00,31.576,31.587,31.508,31.508,1631,0
2015-03-19,19:00:00,31.547,31.608,31.547,31.608,680,0
2015-03-19,20:00:00,31.652,31.72,31.638,31.708,2375,0
2015-03-19,21:00:00,31.668,31.748,31.668,31.748,5730,0
2015-03-20,15:00:00,31.887,32.027,31.857,31.975,2030,0
2015-03-20,16:00:00,31.838,31.967,31.838,31.845,966,0
2015-03-20,17:00:00,31.818,31.927,31.818,31.927,329,0
2015-03-20,18:00:00,31.937,31.987,31.937,31.987,949,0
2015-03-20,19:00:00,31.951,32.017,31.951,32.007,7506,0
2015-03-20,20:00:00,31.981,32.007,31.927,31.997,1032,0
2015-03-20,21:00:00,31.947,32.106,31.947,32.106,4928,0
2015-03-23,15:00:00,32.027,32.037,32.027,32.037,2094,0
2015-03-23,16:00:00,32.027,32.027,31.947,32.027,1195,0
2015-03-23,17:00:00,32.102,32.102,32.067,32.069,1037,0
2015-03-23,18:00:00,32.126,32.146,32.096,32.096,2433,0
2015-03-23,19:00:00,32.107,32.107,32.106,32.106,540,0
2015-03-23,20:00:00,32.086,32.086,32.057,32.057,501,0
2015-03-23,21:00:00,32.047,32.082,32.037,32.037,2485,0
2015-03-24,15:00:00,32.037,32.037,31.837,31.897,1202,0
2015-03-24,16:00:00,31.962,32.007,31.957,31.967,3915,0
2015-03-24,17:00:00,31.967,31.989,31.967,31.967,2801,0
2015-03-24,18:00:00,31.957,31.982,31.927,31.927,1342,0
2015-03-24,19:00:00,31.907,31.941,31.888,31.897,3648,0
2015-03-24,20:00:00,31.89,31.909,31.867,31.909,1653,0
2015-03-24,21:00:00,31.902,31.957,31.877,31.877,5323,0
2015-03-25,15:00:00,31.954,31.954,31.883,31.883,294,0
2015-03-25,16:00:00,31.874,31.874,31.715,31.715,2224,0
2015-03-25,17:00:00,31.775,31.815,31.635,31.685,1805,0
2015-03-25,18:00:00,31.655,31.655,31.615,31.635,1535,0
2015-03-25,19:00:00,31.67,31.685,31.621,31.665,1943,0
2015-03-25,20:00:00,31.615,31.615,31.555,31.585,2714,0
2015-03-25,21:00:00,31.57,31.57,31.405,31.475,2505,0
2015-03-26,15:00:00,31.385,31.425,31.345,31.345,28104,0
2015-03-26,16:00:00,31.395,31.395,31.306,31.338,1446,0
2015-03-26,17:00:00,31.385,31.394,31.266,31.394,2071,0
2015-03-26,18:00:00,31.306,31.355,31.306,31.316,1804,0
2015-03-26,19:00:00,31.385,31.389,31.286,31.389,2841,0
2015-03-26,20:00:00,31.39,31.395,31.306,31.306,1824,0
2015-03-26,21:00:00,31.355,31.355,31.306,31.316,1406,0
2015-03-27,16:00:00,31.216,31.325,31.206,31.325,864,0
2015-03-27,17:00:00,31.246,31.306,31.239,31.239,3355,0
2015-03-27,18:00:00,31.239,31.305,31.239,31.305,870,0
2015-03-27,19:00:00,31.305,31.305,31.223,31.266,2005,0
2015-03-27,20:00:00,31.266,31.266,31.246,31.266,1123,0
2015-03-27,21:00:00,31.246,31.306,31.243,31.296,2590,0
2015-03-30,16:00:00,31.395,31.625,31.395,31.555,6419,0
2015-03-30,17:00:00,31.525,31.595,31.525,31.595,3222,0
2015-03-30,18:00:00,31.595,31.595,31.58,31.595,1247,0
2015-03-30,19:00:00,31.59,31.625,31.59,31.625,1324,0
2015-03-30,20:00:00,31.625,31.675,31.625,31.644,1147,0
2015-03-30,21:00:00,31.655,31.655,31.655,31.655,195,0
2015-03-30,22:00:00,31.665,31.669,31.615,31.615,1988,0
2015-03-31,16:00:00,31.605,31.605,31.485,31.485,1554,0
2015-03-31,17:00:00,31.485,31.57,31.395,31.57,12724,0
2015-03-31,18:00:00,31.605,31.605,31.455,31.455,1836,0
2015-03-31,19:00:00,31.455,31.515,31.455,31.482,279,0
2015-03-31,20:00:00,31.574,31.574,31.485,31.555,1502,0
2015-03-31,21:00:00,31.555,31.555,31.475,31.535,2794,0
2015-03-31,22:00:00,31.519,31.545,31.485,31.545,2001,0
2015-04-01,16:00:00,31.475,31.572,31.475,31.572,995,0
2015-04-01,17:00:00,31.465,31.583,31.465,31.555,1680,0
2015-04-01,18:00:00,31.555,31.649,31.555,31.638,985,0
2015-04-01,19:00:00,31.634,31.634,31.525,31.576,4415,0
2015-04-01,20:00:00,31.576,31.645,31.576,31.645,232,0
2015-04-01,21:00:00,31.645,31.645,31.603,31.635,1020,0
2015-04-01,22:00:00,31.635,31.655,31.567,31.655,1982,0
2015-04-02,16:00:00,31.715,31.924,31.645,31.924,6612,0
2015-04-02,17:00:00,31.966,31.966,31.914,31.942,3267,0
2015-04-02,18:00:00,31.942,31.959,31.884,31.884,947,0
2015-04-02,19:00:00,31.884,31.964,31.884,31.964,2273,0
2015-04-02,20:00:00,31.964,31.994,31.914,31.964,4377,0
2015-04-02,21:00:00,31.964,31.964,31.934,31.935,1641,0
2015-04-02,22:00:00,31.935,31.939,31.9,31.924,855,0
2015-04-06,16:00:00,31.755,32.191,31.755,32.191,5451,0
2015-04-06,17:00:00,32.191,32.273,32.174,32.273,752,0
2015-04-06,18:00:00,32.273,32.353,32.273,32.353,1745,0
2015-04-06,19:00:00,32.383,32.383,32.333,32.383,3718,0
2015-04-06,20:00:00,32.383,32.482,32.383,32.44,3238,0
2015-04-06,21:00:00,32.414,32.473,32.403,32.422,4377,0
2015-04-06,22:00:00,32.422,32.463,32.343,32.413,4744,0
2015-04-07,16:00:00,32.244,32.279,32.244,32.254,1295,0
2015-04-07,17:00:00,32.258,32.258,32.194,32.194,2133,0
2015-04-07,18:00:00,32.329,32.329,32.284,32.284,2354,0
2015-04-07,19:00:00,32.284,32.363,32.284,32.36,3049,0
2015-04-07,20:00:00,32.36,32.36,32.284,32.284,2119,0
2015-04-07,21:00:00,32.284,32.304,32.265,32.274,1116,0
2015-04-07,22:00:00,32.274,32.274,32.194,32.224,2204,0
2015-04-08,16:00:00,32.284,32.284,32.194,32.194,649,0
2015-04-08,17:00:00,32.194,32.194,31.764,31.775,4251,0
2015-04-08,18:00:00,31.775,31.923,31.775,31.923,529,0
2015-04-08,19:00:00,31.923,31.923,31.844,31.862,3833,0
2015-04-08,20:00:00,31.894,31.9,31.825,31.9,1912,0
2015-04-08,21:00:00,31.9,31.9,31.9,31.9,128,0
2015-04-08,22:00:00,31.85,31.964,31.85,31.964,1912,0
2015-04-09,16:00:00,31.864,31.934,31.864,31.934,2293,0
2015-04-09,17:00:00,31.934,31.934,31.725,31.725,1680,0
2015-04-09,18:00:00,31.705,31.795,31.661,31.794,3344,0
2015-04-09,19:00:00,31.794,31.854,31.753,31.848,1652,0
2015-04-09,20:00:00,31.848,31.874,31.795,31.795,5040,0
2015-04-09,21:00:00,31.795,31.805,31.775,31.775,2250,0
2015-04-09,22:00:00,31.775,31.854,31.775,31.854,1463,0
2015-04-10,16:00:00,31.904,31.904,31.854,31.873,1960,0
2015-04-10,17:00:00,31.873,31.894,31.785,31.884,2709,0
2015-04-10,18:00:00,31.834,31.928,31.834,31.898,2890,0
2015-04-10,19:00:00,31.878,31.908,31.834,31.834,2341,0
2015-04-10,20:00:00,31.825,31.894,31.825,31.874,5735,0
2015-04-10,21:00:00,31.844,31.854,31.817,31.817,3082,0
2015-04-10,22:00:00,31.817,31.944,31.817,31.924,3374,0
2015-04-13,16:00:00,31.934,31.994,31.924,31.937,3921,0
2015-04-13,17:00:00,32.004,32.038,31.914,32.038,3569,0
2015-04-13,18:00:00,32.042,32.042,32.004,32.004,1084,0
2015-04-13,19:00:00,31.985,32.023,31.984,32.014,3056,0
2015-04-13,20:00:00,31.984,31.997,31.953,31.953,1681,0
2015-04-13,21:00:00,31.953,31.961,31.914,31.92,1191,0
2015-04-13,22:00:00,31.92,31.92,31.884,31.895,951,0
2015-04-14,16:00:00,31.795,31.924,31.795,31.864,1898,0
2015-04-14,17:00:00,31.864,31.864,31.864,31.864,250,0
2015-04-14,18:00:00,31.864,31.934,31.864,31.934,1037,0
2015-04-14,19:00:00,31.977,32.034,31.977,32.01,1571,0
2015-04-14,20:00:00,32.01,32.01,32.007,32.007,385,0
2015-04-14,21:00:00,32.023,32.043,32.004,32.004,2779,0
2015-04-14,22:00:00,32.004,32.04,32.004,32.01,5962,0
2015-04-15,16:00:00,32.124,32.174,32.124,32.174,1744,0
2015-04-15,17:00:00,32.174,32.214,32.144,32.194,4093,0
2015-04-15,18:00:00,32.174,32.244,32.154,32.204,6699,0
2015-04-15,19:00:00,32.194,32.353,32.194,32.269,7053,0
2015-04-15,20:00:00,32.269,32.415,32.269,32.374,8422,0
2015-04-15,21:00:00,32.365,32.483,32.363,32.483,3494,0
2015-04-15,22:00:00,32.483,32.483,32.333,32.343,4832,0
2015-04-16,16:00:00,32.224,32.363,32.144,32.144,1373,0
2015-04-16,17:00:00,32.233,32.233,32.154,32.184,972,0
2015-04-16,18:00:00,32.223,32.254,32.194,32.201,3167,0
2015-04-16,19:00:00,32.201,32.264,32.201,32.264,504,0
2015-04-16,20:00:00,32.233,32.32,32.233,32.306,1782,0
2015-04-16,21:00:00,32.306,32.373,32.284,32.304,8922,0
2015-04-16,22:00:00,32.304,32.304,32.264,32.284,3519,0
2015-04-17,16:00:00,32.094,32.094,31.954,31.964,6834,0
2015-04-17,17:00:00,32.004,32.004,31.894,31.984,6496,0
2015-04-17,18:00:00,31.884,32.034,31.874,31.993,3038,0
2015-04-17,19:00:00,31.964,31.994,31.874,31.874,2620,0
2015-04-17,20:00:00,31.915,31.984,31.864,31.897,1027,0
2015-04-17,21:00:00,31.874,31.877,31.765,31.834,1408,0
2015-04-17,22:00:00,31.834,31.924,31.804,31.884,2802,0
2015-04-20,16:00:00,32.144,32.184,31.964,32.164,3460,0
2015-04-20,17:00:00,32.134,32.175,32.074,32.124,2462,0
2015-04-20,18:00:00,32.201,32.273,32.184,32.224,1271,0
2015-04-20,19:00:00,32.194,32.273,32.194,32.194,3409,0
2015-04-20,20:00:00,32.154,32.234,32.154,32.234,620,0
2015-04-20,21:00:00,32.184,32.214,32.164,32.18,1341,0
2015-04-20,22:00:00,32.204,32.254,32.176,32.204,3370,0
2015-04-21,16:00:00,32.383,32.383,31.984,32.014,6676,0
2015-04-21,17:00:00,31.974,32.039,31.973,32.03,2368,0
2015-04-21,18:00:00,32.064,32.094,31.894,31.894,3732,0
2015-04-21,19:00:00,31.914,31.935,31.805,31.86,3167,0
2015-04-21,20:00:00,31.844,31.864,31.805,31.805,1810,0
2015-04-21,21:00:00,31.758,31.882,31.758,31.882,1544,0
2015-04-21,22:00:00,31.894,31.894,31.785,31.854,1931,0
2015-04-22,16:00:00,31.864,31.924,31.575,31.575,1089,0
2015-04-22,17:00:00,31.718,31.769,31.635,31.755,2255,0
2015-04-22,18:00:00,31.705,31.765,31.705,31.755,1453,0
2015-04-22,19:00:00,31.749,31.815,31.749,31.775,1328,0
2015-04-22,20:00:00,31.795,31.934,31.795,31.934,8465,0
2015-04-22,21:00:00,31.91,31.944,31.885,31.919,2354,0
2015-04-22,22:00:00,31.946,31.965,31.919,31.965,1634,0
2015-04-23,16:00:00,32.034,32.134,32.034,32.104,2260,0
2015-04-23,17:00:00,32.034,32.114,32.034,32.109,1649,0
2015-04-23,18:00:00,32.085,32.124,32.085,32.124,2973,0
2015-04-23,19:00:00,32.16,32.194,32.154,32.154,2624,0
2015-04-23,20:00:00,32.244,32.272,32.213,32.272,3624,0
2015-04-23,21:00:00,32.258,32.304,32.244,32.274,2781,0
2015-04-23,22:00:00,32.322,32.322,32.174,32.213,5178,0
2015-04-24,16:00:00,32.403,32.403,32.054,32.242,4855,0
2015-04-24,17:00:00,32.133,32.133,32.133,32.133,1242,0
2015-04-24,18:00:00,32.171,32.234,32.168,32.194,1119,0
2015-04-24,19:00:00,32.186,32.234,32.12,32.12,5417,0
2015-04-24,20:00:00,32.183,32.194,32.175,32.194,895,0
2015-04-24,21:00:00,32.174,32.194,32.146,32.184,2025,0
2015-04-24,22:00:00,32.193,32.193,32.083,32.086,3978,0
2015-04-27,16:00:00,32.254,32.393,32.254,32.393,1513,0
2015-04-27,17:00:00,32.493,32.603,32.403,32.403,3450,0
2015-04-27,18:00:00,32.452,32.453,32.413,32.413,1358,0
2015-04-27,19:00:00,32.444,32.444,32.254,32.284,2175,0
2015-04-27,20:00:00,32.254,32.323,32.204,32.277,2305,0
2015-04-27,21:00:00,32.294,32.294,32.294,32.294,100,0
2015-04-27,22:00:00,32.333,32.333,32.244,32.323,3172,0
2015-04-28,16:00:00,32.194,32.204,32.114,32.114,2907,0
2015-04-28,17:00:00,32.143,32.184,32.084,32.184,1359,0
2015-04-28,18:00:00,32.224,32.304,32.222,32.304,2946,0
2015-04-28,19:00:00,32.276,32.319,32.254,32.254,1713,0
2015-04-28,20:00:00,32.316,32.343,32.284,32.304,131552,0
2015-04-28,21:00:00,32.284,32.323,32.264,32.264,10822,0
2015-04-28,22:00:00,32.284,32.349,32.284,32.332,8252,0
2015-04-29,16:00:00,32.134,32.234,32.129,32.129,1976,0
2015-04-29,17:00:00,32.049,32.174,32.025,32.164,2431,0
2015-04-29,18:00:00,32.254,32.264,32.194,32.194,6541,0
2015-04-29,19:00:00,32.205,32.244,32.104,32.104,5374,0
2015-04-29,20:00:00,32.144,32.194,32.144,32.194,7927,0
2015-04-29,21:00:00,32.164,32.311,32.164,32.311,2974,0
2015-04-29,22:00:00,32.241,32.294,32.241,32.244,3315,0
2015-04-30,16:00:00,32.164,32.234,31.921,31.921,752,0
2015-04-30,17:00:00,31.934,31.944,31.785,31.884,2243,0
2015-04-30,18:00:00,31.917,31.984,31.894,31.894,1050,0
2015-04-30,19:00:00,31.934,31.974,31.894,31.964,9023,0
2015-04-30,20:00:00,31.931,32.013,31.931,32.013,11883,0
2015-04-30,21:00:00,31.944,31.944,31.766,31.785,6116,0
2015-04-30,22:00:00,31.645,31.782,31.645,31.775,4575,0
2015-05-01,16:00:00,31.859,31.859,31.747,31.77,705,0
2015-05-01,17:00:00,31.615,31.626,31.595,31.626,1261,0
2015-05-01,18:00:00,31.685,31.685,31.603,31.603,2343,0
2015-05-01,19:00:00,31.619,31.669,31.565,31.669,2750,0
2015-05-01,20:00:00,31.653,31.704,31.653,31.671,1706,0
2015-05-01,21:00:00,31.742,31.815,31.735,31.755,1640,0
2015-05-01,22:00:00,31.765,31.815,31.755,31.815,3829,0
2015-05-04,16:00:00,31.755,31.962,31.755,31.944,1633,0
2015-05-04,17:00:00,32.013,32.034,31.944,31.944,3011,0
2015-05-04,18:00:00,31.934,32.034,31.934,31.994,3194,0
2015-05-04,19:00:00,32.014,32.024,31.925,31.925,3943,0
2015-05-04,20:00:00,31.904,31.929,31.874,31.929,2260,0
2015-05-04,21:00:00,32.004,32.004,31.954,31.954,2259,0
2015-05-04,22:00:00,31.979,31.984,31.95,31.964,1357,0
2015-05-05,17:00:00,31.884,31.884,31.775,31.775,2973,0
2015-05-05,18:00:00,31.752,31.752,31.648,31.648,1347,0
2015-05-05,19:00:00,31.685,31.732,31.681,31.732,696,0
2015-05-05,20:00:00,31.575,31.575,31.575,31.575,100,0
2015-05-05,21:00:00,31.545,31.585,31.471,31.511,1781,0
2015-05-05,22:00:00,31.425,31.531,31.425,31.525,1593,0
2015-05-06,16:00:00,31.685,31.685,31.505,31.565,966,0
2015-05-06,17:00:00,31.565,31.585,31.497,31.585,1581,0
2015-05-06,18:00:00,31.495,31.585,31.495,31.585,2139,0
2015-05-06,19:00:00,31.595,31.665,31.586,31.595,2055,0
2015-05-06,20:00:00,31.601,31.601,31.591,31.595,429,0
2015-05-06,21:00:00,31.585,31.585,31.48,31.515,3499,0
2015-05-06,22:00:00,31.515,31.695,31.495,31.695,3484,0
2015-05-07,16:00:00,31.635,31.745,31.555,31.656,1561,0
2015-05-07,17:00:00,31.628,31.628,31.54,31.575,5395,0
2015-05-07,18:00:00,31.621,31.686,31.555,31.555,3594,0
2015-05-07,19:00:00,31.615,31.755,31.595,31.755,1127,0
2015-05-07,20:00:00,31.695,31.735,31.664,31.735,830,0
2015-05-07,21:00:00,31.735,31.735,31.705,31.705,932,0
2015-05-07,22:00:00,31.705,31.775,31.645,31.645,2796,0
2015-05-08,16:00:00,31.874,31.874,31.874,31.874,298,0
2015-05-08,17:00:00,31.964,31.974,31.834,31.854,122082,0
2015-05-08,18:00:00,31.884,31.951,31.855,31.855,1711,0
2015-05-08,19:00:00,31.889,31.889,31.775,31.8,4028,0
2015-05-08,20:00:00,31.822,31.822,31.783,31.804,2304,0
2015-05-08,21:00:00,31.755,31.785,31.703,31.715,7023,0
2015-05-08,22:00:00,31.764,31.765,31.725,31.765,1788,0
2015-05-11,16:00:00,31.635,31.733,31.635,31.725,761,0
2015-05-11,17:00:00,31.728,31.784,31.695,31.783,8568,0
2015-05-11,18:00:00,31.731,31.765,31.716,31.765,6314,0
2015-05-11,19:00:00,31.765,31.78,31.744,31.765,2982,0
2015-05-11,20:00:00,31.814,31.834,31.814,31.817,556,0
2015-05-11,21:00:00,31.786,31.786,31.786,31.786,100,0
2015-05-11,22:00:00,31.785,31.804,31.675,31.675,4423,0
2015-05-12,16:00:00,31.675,31.834,31.675,31.765,3011,0
2015-05-12,17:00:00,31.49,31.64,31.49,31.64,701,0
2015-05-12,18:00:00,31.765,31.765,31.685,31.726,608,0
2015-05-12,19:00:00,31.654,31.654,31.621,31.621,2687,0
2015-05-12,20:00:00,31.67,31.715,31.625,31.662,930,0
2015-05-12,21:00:00,31.664,31.711,31.659,31.711,1331,0
2015-05-12,22:00:00,31.705,31.754,31.685,31.737,7608,0
2015-05-13,16:00:00,31.874,32.064,31.874,32.064,1551,0
2015-05-13,17:00:00,32.054,32.059,31.924,31.934,2412,0
2015-05-13,18:00:00,31.954,31.98,31.91,31.961,927,0
2015-05-13,19:00:00,32.004,32.024,31.944,32.004,7860,0
2015-05-13,20:00:00,32.074,32.074,31.991,31.991,4411,0
2015-05-13,21:00:00,32.038,32.038,31.989,31.989,486,0
2015-05-13,22:00:00,31.966,31.984,31.944,31.954,663,0
2015-05-14,16:00:00,32.064,32.234,32.064,32.234,3107,0
2015-05-14,17:00:00,32.164,32.353,32.164,32.294,7771,0
2015-05-14,18:00:00,32.278,32.329,32.264,32.329,2966,0
2015-05-14,19:00:00,32.304,32.373,32.304,32.373,501,0
2015-05-14,20:00:00,32.403,32.453,32.403,32.453,3933,0
2015-05-14,21:00:00,32.483,32.523,32.413,32.495,5991,0
2015-05-14,22:00:00,32.513,32.513,32.433,32.433,1051,0
2015-05-15,16:00:00,32.403,32.413,32.403,32.413,918,0
2015-05-15,17:00:00,32.314,32.432,32.314,32.432,1878,0
2015-05-15,18:00:00,32.413,32.413,32.413,32.413,927,0
2015-05-15,19:00:00,32.344,32.403,32.344,32.403,1694,0
2015-05-15,20:00:00,32.403,32.433,32.353,32.353,3603,0
2015-05-15,21:00:00,32.433,32.493,32.363,32.493,2503,0
2015-05-15,22:00:00,32.395,32.463,32.395,32.413,1721,0
2015-05-18,16:00:00,32.294,32.397,32.294,32.343,356,0
2015-05-18,17:00:00,32.342,32.342,32.294,32.294,229,0
2015-05-18,18:00:00,32.346,32.433,32.346,32.433,816,0
2015-05-18,19:00:00,32.508,32.573,32.507,32.507,25824,0
2015-05-18,20:00:00,32.51,32.525,32.51,32.525,269,0
2015-05-18,21:00:00,32.548,32.548,32.499,32.499,855,0
2015-05-18,22:00:00,32.513,32.575,32.513,32.533,551,0
2015-05-19,16:00:00,32.503,32.533,32.274,32.274,1201,0
2015-05-19,17:00:00,32.329,32.329,32.265,32.314,958,0
2015-05-19,18:00:00,32.313,32.313,32.313,32.313,417,0
2015-05-19,19:00:00,32.271,32.304,32.254,32.304,984,0
2015-05-19,20:00:00,32.294,32.42,32.294,32.361,2480,0
2015-05-19,21:00:00,32.343,32.383,32.343,32.383,440,0
2015-05-19,22:00:00,32.314,32.413,32.313,32.413,6886,0
2015-05-20,16:00:00,32.433,32.433,32.314,32.314,486,0
2015-05-20,17:00:00,32.432,32.433,32.393,32.393,3409,0
2015-05-20,18:00:00,32.421,32.421,32.363,32.363,1086,0
2015-05-20,19:00:00,32.421,32.421,32.413,32.413,1006,0
2015-05-20,20:00:00,32.411,32.411,32.408,32.408,1916,0
2015-05-20,21:00:00,32.433,32.533,32.393,32.465,5723,0
2015-05-20,22:00:00,32.473,32.473,32.419,32.419,601,0
2015-05-21,17:00:00,32.452,32.534,32.423,32.534,2511,0
2015-05-21,18:00:00,32.513,32.553,32.513,32.553,2044,0
2015-05-21,19:00:00,32.553,32.553,32.517,32.517,305,0
2015-05-21,20:00:00,32.403,32.456,32.344,32.415,8578,0
2015-05-21,21:00:00,32.389,32.453,32.389,32.453,1255,0
2015-05-21,22:00:00,32.414,32.523,32.381,32.513,2815,0
2015-05-22,16:00:00,32.413,32.413,32.413,32.413,383,0
2015-05-22,17:00:00,32.305,32.305,32.285,32.285,348,0
2015-05-22,18:00:00,32.383,32.393,32.134,32.134,13572,0
2015-05-22,19:00:00,32.216,32.216,32.216,32.216,465,0
2015-05-22,20:00:00,32.28,32.28,32.258,32.265,1134,0
2015-05-22,21:00:00,32.224,32.244,32.144,32.244,2261,0
2015-05-22,22:00:00,32.196,32.214,32.194,32.194,1421,0
2015-05-26,16:00:00,32.034,32.114,31.934,31.934,3107,0
2015-05-26,17:00:00,31.815,31.815,31.725,31.725,602,0
2015-05-26,18:00:00,31.705,31.775,31.695,31.712,7204,0
2015-05-26,19:00:00,31.729,31.8,31.729,31.751,2079,0
2015-05-26,20:00:00,31.755,31.801,31.745,31.755,1850,0
2015-05-26,21:00:00,31.785,31.801,31.675,31.71,4160,0
2015-05-26,22:00:00,31.692,31.864,31.692,31.854,1861,0
2015-05-27,16:00:00,31.815,31.815,31.695,31.715,60148,0
2015-05-27,17:00:00,31.842,31.894,31.842,31.894,586,0
2015-05-27,18:00:00,31.88,31.88,31.846,31.846,973,0
2015-05-27,19:00:00,31.902,31.964,31.902,31.945,4505,0
2015-05-27,20:00:00,31.928,32.08,31.928,32.08,1588,0
2015-05-27,21:00:00,32.064,32.104,32.064,32.064,2051,0
2015-05-27,22:00:00,32.114,32.134,32.114,32.116,1596,0
2015-05-28,16:00:00,32.084,32.084,32.004,32.004,2807,0
2015-05-28,17:00:00,31.912,31.954,31.888,31.954,1320,0
2015-05-28,18:00:00,31.954,31.984,31.834,31.834,1345,0
2015-05-28,19:00:00,31.898,31.925,31.882,31.904,4704,0
2015-05-28,20:00:00,31.899,31.961,31.899,31.924,3262,0
2015-05-28,21:00:00,31.969,32.024,31.969,32.01,1233,0
2015-05-28,22:00:00,32.044,32.094,32.033,32.044,3052,0
2015-05-29,16:00:00,32.054,32.054,32.054,32.054,100,0
2015-05-29,17:00:00,31.914,32.004,31.825,31.834,2203,0
2015-05-29,18:00:00,31.834,31.929,31.755,31.929,3457,0
2015-05-29,19:00:00,31.994,31.994,31.994,31.994,376,0
2015-05-29,20:00:00,31.982,31.982,31.974,31.974,213,0
2015-05-29,21:00:00,31.944,32.017,31.884,31.884,1167,0
2015-05-29,22:00:00,31.943,31.974,31.895,31.904,2584,0
2015-06-01,16:00:00,31.924,31.924,31.864,31.864,2665,0
2015-06-01,18:00:00,31.844,31.844,31.825,31.844,762,0
2015-06-01,19:00:00,31.833,31.971,31.833,31.971,1800,0
2015-06-01,20:00:00,31.985,32.034,31.964,31.964,1578,0
2015-06-01,21:00:00,32.019,32.044,32.019,32.044,1207,0
2015-06-01,22:00:00,31.954,31.964,31.933,31.933,599,0
2015-06-02,17:00:00,32.044,32.164,32.044,32.164,1528,0
2015-06-02,18:00:00,32.068,32.105,32.068,32.105,501,0
2015-06-02,19:00:00,32.082,32.22,32.082,32.22,1092,0
2015-06-02,20:00:00,32.204,32.212,32.174,32.204,2074,0
2015-06-02,21:00:00,32.084,32.084,32.035,32.054,893,0
2015-06-02,22:00:00,32.067,32.104,32.067,32.07,1261,0
2015-06-03,17:00:00,32.077,32.298,32.077,32.239,3511,0
2015-06-03,18:00:00,32.28,32.284,32.144,32.181,13128,0
2015-06-03,19:00:00,32.2,32.2,32.104,32.117,2446,0
2015-06-03,20:00:00,32.144,32.144,32.114,32.114,4864,0
2015-06-03,21:00:00,32.164,32.204,32.124,32.154,6310,0
2015-06-03,22:00:00,32.154,32.174,32.114,32.163,3459,0
2015-06-04,16:00:00,32.134,32.134,31.96,31.96,3426,0
2015-06-04,17:00:00,31.924,31.994,31.864,31.994,649,0
2015-06-04,18:00:00,31.864,31.985,31.864,31.922,9246,0
2015-06-04,19:00:00,31.944,31.954,31.874,31.934,13298,0
2015-06-04,20:00:00,31.874,31.884,31.768,31.768,4074,0
2015-06-04,21:00:00,31.804,31.815,31.773,31.814,1924,0
2015-06-04,22:00:00,31.815,31.815,31.742,31.742,7486,0
2015-06-05,16:00:00,31.655,31.785,31.566,31.595,1383,0
2015-06-05,17:00:00,31.707,31.775,31.609,31.609,3575,0
2015-06-05,18:00:00,31.642,31.695,31.615,31.615,11709,0
2015-06-05,19:00:00,31.665,31.697,31.648,31.697,606,0
2015-06-05,20:00:00,31.755,31.755,31.723,31.755,953,0
2015-06-05,21:00:00,31.765,31.805,31.765,31.805,601,0
2015-06-05,22:00:00,31.795,31.848,31.795,31.81,4013,0
2015-06-08,16:00:00,31.785,31.785,31.765,31.765,631,0
2015-06-08,17:00:00,31.746,31.746,31.736,31.736,383,0
2015-06-08,18:00:00,31.746,31.746,31.655,31.695,1145,0
2015-06-08,19:00:00,31.655,31.685,31.655,31.685,379,0
2015-06-08,20:00:00,31.655,31.665,31.625,31.665,8230,0
2015-06-08,21:00:00,31.655,31.764,31.644,31.726,2446,0
2015-06-08,22:00:00,31.675,31.675,31.625,31.625,4610,0
2015-06-09,16:00:00,31.595,31.755,31.595,31.731,678,0
2015-06-09,17:00:00,31.665,31.705,31.625,31.705,2202,0
2015-06-09,18:00:00,31.767,31.805,31.75,31.805,8113,0
2015-06-09,19:00:00,31.765,31.765,31.695,31.726,2227,0
2015-06-09,20:00:00,31.796,31.814,31.735,31.814,900,0
2015-06-09,21:00:00,31.675,31.715,31.675,31.68,1453,0
2015-06-09,22:00:00,31.665,31.665,31.585,31.652,2853,0
2015-06-10,16:00:00,31.927,31.927,31.927,31.927,200,0
2015-06-10,17:00:00,31.944,32.004,31.914,31.948,2047,0
2015-06-10,18:00:00,32.044,32.058,31.984,32.058,1371,0
2015-06-10,19:00:00,32.054,32.054,32.025,32.053,611,0
2015-06-10,20:00:00,31.944,31.944,31.924,31.924,1037,0
2015-06-10,21:00:00,31.934,31.994,31.924,31.994,2541,0
2015-06-10,22:00:00,31.989,32.044,31.954,31.954,872,0
2015-06-11,16:00:00,32.094,32.094,31.948,31.994,1034,0
2015-06-11,17:00:00,32.034,32.034,31.984,31.984,434,0
2015-06-11,18:00:00,31.875,31.916,31.864,31.912,8456,0
2015-06-11,19:00:00,31.934,31.934,31.874,31.874,3988,0
2015-06-11,20:00:00,31.964,31.964,31.964,31.964,100,0
2015-06-11,21:00:00,31.934,31.961,31.914,31.914,2413,0
2015-06-11,22:00:00,31.949,31.995,31.924,31.964,1423,0
2015-06-12,16:00:00,31.964,31.964,31.964,31.964,150,0
2015-06-12,17:00:00,31.866,31.866,31.835,31.835,364,0
2015-06-12,18:00:00,31.834,31.834,31.834,31.834,501,0
2015-06-12,19:00:00,31.815,31.815,31.815,31.815,100,0
2015-06-12,20:00:00,31.814,31.864,31.785,31.785,5829,0
2015-06-12,21:00:00,31.824,31.825,31.775,31.825,1314,0
2015-06-12,22:00:00,31.815,31.854,31.814,31.815,1780,0
2015-06-15,16:00:00,31.605,31.605,31.183,31.183,4794,0
2015-06-15,17:00:00,31.252,31.252,31.252,31.252,266,0
2015-06-15,18:00:00,31.266,31.313,31.236,31.313,2424,0
2015-06-15,19:00:00,31.256,31.256,31.256,31.256,100,0
2015-06-15,20:00:00,31.229,31.229,31.229,31.229,285,0
2015-06-15,21:00:00,31.146,31.169,31.146,31.169,561,0
2015-06-15,22:00:00,31.186,31.288,31.186,31.286,2215,0
2015-06-16,16:00:00,31.211,31.3,31.211,31.3,417,0
2015-06-16,17:00:00,31.196,31.196,31.147,31.16,2268,0
2015-06-16,18:00:00,31.196,31.208,31.166,31.166,2305,0
2015-06-16,19:00:00,31.172,31.236,31.166,31.176,11395,0
2015-06-16,20:00:00,31.187,31.224,31.156,31.224,1967,0
2015-06-16,21:00:00,31.24,31.342,31.24,31.342,1097,0
2015-06-16,22:00:00,31.311,31.35,31.266,31.35,1464,0
2015-06-17,16:00:00,31.445,31.522,31.444,31.522,3268,0
2015-06-17,17:00:00,31.525,31.555,31.455,31.475,2290,0
2015-06-17,18:00:00,31.525,31.525,31.381,31.443,3088,0
2015-06-17,19:00:00,31.365,31.425,31.326,31.326,13924,0
2015-06-17,20:00:00,31.345,31.395,31.326,31.395,732,0
2015-06-17,21:00:00,31.385,31.491,31.385,31.491,326,0
2015-06-17,22:00:00,31.472,31.472,31.434,31.445,1032,0
2015-06-18,16:00:00,31.53,31.688,31.505,31.688,2608,0
2015-06-18,17:00:00,31.719,31.785,31.685,31.685,1058,0
2015-06-18,18:00:00,31.768,31.864,31.768,31.805,3159,0
2015-06-18,19:00:00,31.884,31.888,31.884,31.888,329,0
2015-06-18,20:00:00,31.785,31.785,31.784,31.784,392,0
2015-06-18,21:00:00,31.785,31.848,31.785,31.848,2105,0
2015-06-18,22:00:00,31.814,31.864,31.805,31.805,954,0
2015-06-19,16:00:00,31.655,31.775,31.655,31.775,555,0
2015-06-19,17:00:00,31.799,31.799,31.786,31.786,618,0
2015-06-19,18:00:00,31.929,31.929,31.864,31.884,894,0
2015-06-19,20:00:00,31.828,31.893,31.828,31.893,363,0
2015-06-19,21:00:00,31.763,31.765,31.763,31.765,708,0
2015-06-19,22:00:00,31.736,31.765,31.736,31.755,921,0
2015-06-22,16:00:00,31.944,32.034,31.851,32.034,1083,0
2015-06-22,17:00:00,32.091,32.099,32.065,32.065,616,0
2015-06-22,18:00:00,32.065,32.068,32.044,32.068,1635,0
2015-06-22,19:00:00,32.029,32.029,31.964,31.984,1566,0
2015-06-22,20:00:00,31.994,32.003,31.944,31.944,2326,0
2015-06-22,21:00:00,31.944,31.944,31.825,31.92,1909,0
2015-06-22,22:00:00,31.865,31.894,31.864,31.894,2176,0
2015-06-23,16:00:00,31.864,31.9,31.864,31.9,1048,0
2015-06-23,17:00:00,31.864,31.889,31.864,31.889,2158,0
2015-06-23,18:00:00,31.871,31.964,31.871,31.884,5573,0
2015-06-23,19:00:00,31.884,31.955,31.834,31.894,2415,0
2015-06-23,20:00:00,31.895,31.984,31.895,31.984,547,0
2015-06-23,21:00:00,31.934,32.073,31.934,31.974,2019,0
2015-06-23,22:00:00,32.024,32.054,31.974,31.974,1035,0
2015-06-24,16:00:00,31.91,31.99,31.91,31.964,1083,0
2015-06-24,17:00:00,31.92,31.92,31.8673,31.8673,1343,0
2015-06-24,18:00:00,31.8001,31.8681,31.7901,31.8515,1847,0
2015-06-24,19:00:00,31.81,31.88,31.74,31.74,3743,0
2015-06-24,20:00:00,31.75,31.81,31.75,31.81,2676,0
2015-06-24,21:00:00,31.7228,31.75,31.7003,31.7408,1402,0
2015-06-24,22:00:00,31.758,31.7906,31.758,31.7906,1299,0
2015-06-25,16:00:00,31.93,31.93,31.79,31.82,24645,0
2015-06-25,17:00:00,31.7414,31.8299,31.7414,31.8144,1441,0
2015-06-25,18:00:00,31.8445,31.8742,31.81,31.8742,2694,0
2015-06-25,19:00:00,31.83,31.8708,31.76,31.76,1791,0
2015-06-25,20:00:00,31.7401,31.7401,31.7401,31.7401,533,0
2015-06-25,21:00:00,31.765,31.7699,31.72,31.72,1377,0
2015-06-25,22:00:00,31.7305,31.8,31.7305,31.735,1280,0
2015-06-26,16:00:00,31.8018,31.8018,31.73,31.73,1238,0
2015-06-26,17:00:00,31.779,31.8292,31.7108,31.76,1698,0
2015-06-26,18:00:00,31.756,31.7628,31.74,31.75,2182,0
2015-06-26,19:00:00,31.7691,31.7691,31.734,31.746,1141,0
2015-06-26,20:00:00,31.66,31.6938,31.66,31.6938,617,0
2015-06-26,21:00:00,31.7599,31.7599,31.664,31.6937,1911,0
2015-06-26,22:00:00,31.7328,31.7328,31.7,31.7,1010,0
2015-06-29,16:00:00,31.52,31.5999,31.52,31.5999,2828,0
2015-06-29,17:00:00,31.6399,31.6399,31.52,31.5491,1286,0
2015-06-29,18:00:00,31.479,31.479,31.4001,31.4201,2143,0
2015-06-29,19:00:00,31.4201,31.46,31.32,31.39,2460,0
2015-06-29,20:00:00,31.29,31.3299,31.2501,31.3299,3216,0
2015-06-29,21:00:00,31.2973,31.2973,31.22,31.265,1538,0
2015-06-29,22:00:00,31.211,31.211,31.1,31.1293,3599,0
2015-06-30,16:00:00,31.31,31.39,31.31,31.3394,3172,0
2015-06-30,17:00:00,31.2856,31.321,31.2409,31.3099,1610,0
2015-06-30,18:00:00,31.18,31.18,31.18,31.18,600,0
2015-06-30,19:00:00,31.1245,31.1245,31.1245,31.1245,321,0
2015-06-30,20:00:00,31.2246,31.33,31.2246,31.33,1715,0
2015-06-30,21:00:00,31.352,31.3899,31.29,31.33,3269,0
2015-06-30,22:00:00,31.26,31.3254,31.26,31.32,5226,0
2015-07-01,16:00:00,31.38,31.5199,31.38,31.5199,2715,0
2015-07-01,17:00:00,31.606,31.606,31.42,31.4799,2142,0
2015-07-01,18:00:00,31.4635,31.4635,31.4,31.41,1661,0
2015-07-01,19:00:00,31.38,31.4599,31.3,31.3,1672,0
2015-07-01,20:00:00,31.2877,31.3279,31.23,31.3279,7291,0
2015-07-01,21:00:00,31.2721,31.3014,31.2201,31.2424,8668,0
2015-07-01,22:00:00,31.2576,31.31,31.2576,31.31,701,0
2015-07-02,16:00:00,31.21,31.32,31.21,31.32,1172,0
2015-07-02,17:00:00,31.4193,31.4193,31.4,31.4,1128,0
2015-07-02,18:00:00,31.3408,31.3599,31.24,31.2846,24814,0
2015-07-02,19:00:00,31.2908,31.2908,31.2455,31.2455,367,0
2015-07-02,20:00:00,31.2348,31.2348,31.19,31.2001,464,0
2015-07-02,21:00:00,31.2026,31.26,31.2026,31.26,800,0
2015-07-02,22:00:00,31.2538,31.2963,31.2538,31.2963,3387,0
2015-07-06,16:00:00,31.07,31.07,30.98,30.98,978,0
2015-07-06,17:00:00,31.0741,31.2512,31.0741,31.1701,1485,0
2015-07-06,18:00:00,31.1461,31.1461,31.106,31.106,363,0
2015-07-06,20:00:00,31.1199,31.1199,31.0124,31.0124,2471,0
2015-07-06,21:00:00,31.039,31.045,31.0037,31.04,1683,0
2015-07-06,22:00:00,31.0005,31.0801,31.0005,31.0766,863,0
2015-07-07,16:00:00,31.19,31.19,30.98,30.98,408,0
2015-07-07,17:00:00,30.991,30.9999,30.71,30.71,2251,0
2015-07-07,18:00:00,30.7401,30.8,30.7401,30.7807,938,0
2015-07-07,19:00:00,30.9494,30.9494,30.9494,30.9494,466,0
2015-07-07,20:00:00,31.0372,31.0372,31.0172,31.03,457,0
2015-07-07,21:00:00,31.1421,31.1421,31.1421,31.1421,292,0
2015-07-07,22:00:00,31.1812,31.23,31.1692,31.215,2637,0
2015-07-08,16:00:00,31.08,31.1372,30.952,30.952,1750,0
2015-07-08,17:00:00,31,31.09,30.99,31.09,2886,0
2015-07-08,18:00:00,31,31,30.86,30.904,2274,0
2015-07-08,19:00:00,30.8205,30.8661,30.8205,30.8661,732,0
2015-07-08,20:00:00,30.8,30.8,30.8,30.8,200,0
2015-07-08,21:00:00,30.738,30.7384,30.65,30.68,1951,0
2015-07-08,22:00:00,30.76,30.807,30.75,30.79,4080,0
2015-07-09,16:00:00,31.08,31.08,30.98,30.98,2782,0
2015-07-09,17:00:00,30.94,30.94,30.9143,30.9143,624,0
2015-07-09,18:00:00,30.9162,30.9162,30.832,30.8545,2589,0
2015-07-09,19:00:00,30.8599,30.8599,30.7501,30.76,836,0
2015-07-09,20:00:00,30.69,30.7799,30.69,30.72,1335,0
2015-07-09,21:00:00,30.73,30.73,30.65,30.666,1466,0
2015-07-09,22:00:00,30.7226,30.7355,30.6601,30.6601,4593,0
2015-07-10,16:00:00,30.65,30.9092,30.65,30.8505,2807,0
2015-07-10,17:00:00,30.86,30.8743,30.8407,30.8407,1852,0
2015-07-10,18:00:00,30.8806,30.9699,30.8806,30.94,4334,0
2015-07-10,19:00:00,30.9615,30.9615,30.9099,30.9193,3089,0
2015-07-10,20:00:00,30.871,30.8724,30.86,30.8724,794,0
2015-07-10,21:00:00,30.8796,30.89,30.8772,30.88,1144,0
2015-07-10,22:00:00,30.8826,30.9299,30.88,30.8843,3161,0
2015-07-13,16:00:00,30.74,31.06,30.74,31.06,3788,0
2015-07-13,17:00:00,31.0301,31.1099,31.0301,31.061,1805,0
2015-07-13,18:00:00,31.0301,31.1495,31.0301,31.1299,31077,0
2015-07-13,19:00:00,31.16,31.16,31.1291,31.1408,1878,0
2015-07-13,20:00:00,31.16,31.1899,31.16,31.1753,2561,0
2015-07-13,21:00:00,31.1725,31.1857,31.148,31.1857,1160,0
2015-07-13,22:00:00,31.2201,31.28,31.2201,31.28,1044,0
2015-07-14,16:00:00,31.16,31.33,31.16,31.33,1147,0
2015-07-14,17:00:00,31.304,31.304,31.304,31.304,253,0
2015-07-14,18:00:00,31.37,31.4276,31.37,31.4,549,0
2015-07-14,19:00:00,31.3903,31.4699,31.3903,31.45,2466,0
2015-07-14,20:00:00,31.4699,31.4699,31.4628,31.4628,486,0
2015-07-14,21:00:00,31.4475,31.49,31.4475,31.49,1966,0
2015-07-14,22:00:00,31.5816,31.59,31.52,31.5407,728,0
2015-07-15,16:00:00,31.3724,31.3724,31.326,31.326,301,0
2015-07-15,17:00:00,31.3,31.3899,31.3,31.3899,1373,0
2015-07-15,18:00:00,31.27,31.2744,31.1993,31.1993,780,0
2015-07-15,19:00:00,31.22,31.22,31.15,31.175,3683,0
2015-07-15,20:00:00,31.2399,31.2399,31.199,31.199,421,0
2015-07-15,21:00:00,31.1998,31.1998,31.1284,31.1284,872,0
2015-07-15,22:00:00,31.1499,31.1499,31.094,31.13,2576,0
2015-07-16,16:00:00,31.3,31.43,31.3,31.43,2950,0
2015-07-16,17:00:00,31.5099,31.5099,31.41,31.474,864,0
2015-07-16,18:00:00,31.4814,31.4814,31.4249,31.4572,1924,0
2015-07-16,19:00:00,31.4451,31.4451,31.39,31.396,1621,0
2015-07-16,20:00:00,31.369,31.369,31.3424,31.3497,4125,0
2015-07-16,21:00:00,31.3801,31.4,31.3801,31.4,504,0
2015-07-16,22:00:00,31.4094,31.4499,31.3901,31.42,3908,0
2015-07-17,16:00:00,31.35,31.35,31.23,31.23,543,0
2015-07-17,17:00:00,31.1601,31.1992,31.1227,31.1227,3454,0
2015-07-17,18:00:00,31.204,31.204,31.1238,31.14,2842,0
2015-07-17,19:00:00,31.086,31.14,31.086,31.14,519,0
2015-07-17,20:00:00,31.13,31.13,31.09,31.0901,876,0
2015-07-17,21:00:00,31.13,31.1999,31.13,31.1999,900,0
2015-07-17,22:00:00,31.1065,31.18,31.1065,31.13,1757,0
2015-07-20,16:00:00,31.26,31.28,31,31.02,2659,0
2015-07-20,17:00:00,31,31,30.9202,30.9202,712,0
2015-07-20,18:00:00,31.0399,31.0399,30.9999,31,529,0
2015-07-20,19:00:00,30.95,30.9928,30.95,30.97,1289,0
2015-07-20,20:00:00,30.9578,30.9578,30.93,30.9386,672,0
2015-07-20,21:00:00,30.9168,30.9399,30.9168,30.92,472,0
2015-07-20,22:00:00,30.9101,30.9679,30.9101,30.94,3032,0
2015-07-21,16:00:00,30.78,30.9199,30.77,30.77,1641,0
2015-07-21,17:00:00,30.75,30.76,30.6,30.6294,8092,0
2015-07-21,18:00:00,30.5792,30.5999,30.5,30.5607,1946,0
2015-07-21,19:00:00,30.5901,30.5901,30.5901,30.5901,963,0
2015-07-21,20:00:00,30.6499,30.6499,30.515,30.5475,3080,0
2015-07-21,21:00:00,30.5101,30.5696,30.51,30.5696,2275,0
2015-07-21,22:00:00,30.6199,30.6199,30.551,30.56,1251,0
2015-07-22,16:00:00,30.37,30.6,30.37,30.5383,108274,0
2015-07-22,17:00:00,30.5243,30.57,30.49,30.57,130646,0
2015-07-22,18:00:00,30.58,30.64,30.4401,30.4401,151773,0
2015-07-22,19:00:00,30.441,30.5,30.41,30.47,73881,0
2015-07-22,20:00:00,30.449,30.53,30.449,30.45,28190,0
2015-07-22,21:00:00,30.4405,30.46,30.42,30.44,86314,0
2015-07-22,22:00:00,30.4501,30.47,30.431,30.47,27520,0
2015-07-23,16:00:00,30.44,30.55,30.3801,30.3907,50140,0
2015-07-23,17:00:00,30.38,30.48,30.37,30.46,37702,0
2015-07-23,18:00:00,30.46,30.4696,30.3,30.3,73449,0
2015-07-23,19:00:00,30.2201,30.27,30.19,30.19,79564,0
2015-07-23,20:00:00,30.16,30.17,30.15,30.1601,154269,0
2015-07-23,21:00:00,30.2101,30.2283,30.06,30.07,170228,0
2015-07-23,22:00:00,30.07,30.1,30.04,30.08,75139,0
2015-07-24,16:00:00,29.96,30.0466,29.94,30.01,22495,0
2015-07-24,17:00:00,30,30,29.891,29.892,82160,0
2015-07-24,18:00:00,29.91,29.92,29.858,29.858,5042,0
2015-07-24,19:00:00,29.85,29.85,29.712,29.73,167685,0
2015-07-24,20:00:00,29.74,29.75,29.598,29.6014,7569,0
2015-07-24,21:00:00,29.6338,29.68,29.58,29.68,11282,0
2015-07-24,22:00:00,29.7,29.75,29.654,29.72,18943,0
2015-07-27,16:00:00,29.53,29.56,29.37,29.55,7040,0
2015-07-27,17:00:00,29.5114,29.6022,29.5114,29.54,8139,0
2015-07-27,18:00:00,29.62,29.62,29.5101,29.55,1665,0
2015-07-27,19:00:00,29.54,29.54,29.42,29.42,14484,0
2015-07-27,20:00:00,29.43,29.5,29.4201,29.48,13095,0
2015-07-27,21:00:00,29.48,29.51,29.46,29.48,9835,0
2015-07-27,22:00:00,29.48,29.5,29.4401,29.5,6737,0
2015-07-28,16:00:00,29.64,29.64,29.55,29.55,2902,0
2015-07-28,17:00:00,29.4624,29.5604,29.43,29.5604,4460,0
2015-07-28,18:00:00,29.62,29.7102,29.61,29.7102,2364,0
2015-07-28,19:00:00,29.71,29.718,29.66,29.67,10060,0
2015-07-28,20:00:00,29.711,29.77,29.711,29.77,970,0
2015-07-28,21:00:00,29.82,29.85,29.78,29.83,5822,0
2015-07-28,22:00:00,29.82,29.8401,29.8196,29.8401,893,0
2015-07-29,16:00:00,29.89,29.97,29.82,29.97,1849,0
2015-07-29,17:00:00,29.9325,30.05,29.9,30.02,68621,0
2015-07-29,18:00:00,30.07,30.1474,30.07,30.1192,21845,0
2015-07-29,19:00:00,30.09,30.15,30.0406,30.08,75257,0
2015-07-29,20:00:00,30.11,30.15,30.11,30.14,11709,0
2015-07-29,21:00:00,30.1425,30.1425,30.1,30.12,74969,0
2015-07-29,22:00:00,30.13,30.13,30.06,30.1126,70648,0
2015-07-30,16:00:00,29.97,30.07,29.93,29.94,6105,0
2015-07-30,17:00:00,30.03,30.1726,30.03,30.03,3835,0
2015-07-30,18:00:00,30.0608,30.12,30.0608,30.1,34099,0
2015-07-30,19:00:00,30.12,30.1454,30.071,30.082,8885,0
2015-07-30,20:00:00,30.075,30.13,30.02,30.02,29027,0
2015-07-30,21:00:00,30.07,30.0999,30.02,30.06,2119,0
2015-07-30,22:00:00,30.07,30.0784,30.03,30.06,1340,0
2015-07-31,16:00:00,30.11,30.25,30.11,30.25,590,0
2015-07-31,17:00:00,30.2401,30.3,30.2401,30.3,1283,0
2015-07-31,18:00:00,30.26,30.33,30.23,30.23,2226,0
2015-07-31,19:00:00,30.25,30.25,30.25,30.25,100,0
2015-07-31,20:00:00,30.24,30.2599,30.21,30.21,1047,0
2015-07-31,21:00:00,30.22,30.26,30.22,30.2301,2962,0
2015-07-31,22:00:00,30.2,30.25,30.14,30.25,1571,0
2015-08-03,16:00:00,30.29,30.29,30.17,30.17,323,0
2015-08-03,17:00:00,29.992,29.992,29.992,29.992,100,0
2015-08-03,18:00:00,30.088,30.1168,30.04,30.04,2961,0
2015-08-03,19:00:00,29.9528,29.9554,29.9272,29.9272,2371,0
2015-08-03,20:00:00,29.9501,29.99,29.93,29.9301,3050,0
2015-08-03,21:00:00,29.911,29.95,29.911,29.92,1848,0
2015-08-03,22:00:00,29.91,29.9872,29.91,29.9872,3340,0
2015-08-04,16:00:00,30.01,30.152,30.01,30.152,2790,0
2015-08-04,17:00:00,30.1201,30.13,30.0926,30.11,1444,0
2015-08-04,18:00:00,30.1298,30.1528,30.12,30.12,563,0
2015-08-04,19:00:00,30.0954,30.0955,30.09,30.09,1056,0
2015-08-04,20:00:00,30.024,30.024,30.024,30.024,139,0
2015-08-04,21:00:00,29.9282,29.9928,29.9101,29.9928,1844,0
2015-08-04,22:00:00,29.95,29.9755,29.9201,29.9755,3703,0
2015-08-05,16:00:00,30.162,30.1892,30.15,30.15,6494,0
2015-08-05,17:00:00,30.2,30.2977,30.2,30.2977,1930,0
2015-08-05,18:00:00,30.26,30.26,30.1402,30.1402,4479,0
2015-08-05,19:00:00,30.15,30.159,30.05,30.1162,3431,0
2015-08-05,20:00:00,30.05,30.12,30.05,30.12,2121,0
2015-08-05,21:00:00,30.1001,30.1462,30.1001,30.11,5309,0
2015-08-05,22:00:00,30.1,30.1327,30.0901,30.13,2057,0
2015-08-06,16:00:00,29.91,29.91,29.85,29.85,600,0
2015-08-06,17:00:00,29.872,29.872,29.872,29.872,200,0
2015-08-06,18:00:00,29.94,29.96,29.94,29.96,1650,0
2015-08-06,19:00:00,29.857,29.857,29.796,29.796,660,0
2015-08-06,20:00:00,29.79,29.902,29.79,29.8894,4375,0
2015-08-06,21:00:00,29.8206,29.9499,29.8206,29.9499,1002,0
2015-08-06,22:00:00,29.9204,30,29.9204,29.96,8126,0
2015-08-07,16:00:00,29.99,29.99,29.99,29.99,325,0
2015-08-07,17:00:00,29.82,29.842,29.7883,29.832,6855,0
2015-08-07,18:00:00,29.7301,29.7497,29.7,29.742,2128,0
2015-08-07,19:00:00,29.8008,29.8008,29.742,29.763,1089,0
2015-08-07,20:00:00,29.87,29.87,29.87,29.87,632,0
2015-08-07,21:00:00,29.8499,29.8499,29.7892,29.7892,700,0
2015-08-07,22:00:00,29.7896,29.81,29.752,29.8003,1486,0
