Date,Time,Open,High,Low,Close,Volume,OpenInt
2015-01-15,16:00:00,29.316,29.316,29.022,29.042,21232,0
2015-01-15,17:00:00,29.042,29.169,29.013,29.091,44488,0
2015-01-15,18:00:00,29.101,29.14,29.032,29.081,21264,0
2015-01-15,19:00:00,29.042,29.091,28.895,28.964,29027,0
2015-01-15,20:00:00,28.954,29.022,28.895,28.915,34325,0
2015-01-15,21:00:00,28.915,28.993,28.905,28.944,33924,0
2015-01-15,22:00:00,28.915,29.022,28.846,28.846,22934,0
2015-01-16,16:00:00,29.091,29.169,29.032,29.12,20216,0
2015-01-16,17:00:00,29.111,29.208,29.042,29.15,15511,0
2015-01-16,18:00:00,29.15,29.199,29.071,29.16,24729,0
2015-01-16,19:00:00,29.13,29.336,29.081,29.14,19074,0
2015-01-16,20:00:00,29.208,29.287,29.12,29.14,6072,0
2015-01-16,21:00:00,29.15,29.287,29.13,29.189,26892,0
2015-01-16,22:00:00,29.267,29.326,29.15,29.208,70616,0
2015-01-20,16:00:00,29.277,29.365,29.189,29.189,47449,0
2015-01-20,17:00:00,29.189,29.336,29.189,29.228,17765,0
2015-01-20,18:00:00,29.257,29.277,29.14,29.14,23802,0
2015-01-20,19:00:00,29.189,29.238,29.14,29.15,27129,0
2015-01-20,20:00:00,29.179,29.257,29.179,29.179,13385,0
2015-01-20,21:00:00,29.208,29.365,29.15,29.287,20651,0
2015-01-20,22:00:00,29.306,29.493,29.189,29.326,119311,0
2015-01-21,16:00:00,29.385,29.483,29.375,29.483,16138,0
2015-01-21,17:00:00,29.512,29.63,29.385,29.62,40451,0
2015-01-21,18:00:00,29.62,29.639,29.561,29.639,16669,0
2015-01-21,19:00:00,29.649,29.688,29.561,29.61,135758,0
2015-01-21,20:00:00,29.571,29.767,29.571,29.62,137311,0
2015-01-21,21:00:00,29.63,29.679,29.493,29.669,51549,0
2015-01-21,22:00:00,29.669,29.747,29.59,29.728,104447,0
2015-01-22,16:00:00,29.649,29.757,29.512,29.551,31934,0
2015-01-22,17:00:00,29.551,29.659,29.512,29.6,30979,0
2015-01-22,18:00:00,29.6,29.639,29.512,29.522,28242,0
2015-01-22,19:00:00,29.532,29.61,29.522,29.6,28883,0
2015-01-22,20:00:00,29.551,29.62,29.502,29.532,73410,0
2015-01-22,21:00:00,29.532,29.62,29.512,29.581,68012,0
2015-01-22,22:00:00,29.561,29.659,29.551,29.581,40324,0
2015-01-23,16:00:00,29.512,29.62,29.395,29.571,17973,0
2015-01-23,17:00:00,29.581,29.639,29.512,29.639,17002,0
2015-01-23,18:00:00,29.561,29.62,29.542,29.61,27794,0
2015-01-23,19:00:00,29.62,29.62,29.581,29.6,19155,0
2015-01-23,20:00:00,29.61,29.61,29.532,29.581,20151,0
2015-01-23,21:00:00,29.581,29.61,29.542,29.59,20966,0
2015-01-23,22:00:00,29.59,29.61,29.542,29.6,77845,0
2015-01-26,16:00:00,29.532,29.532,29.395,29.532,5366,0
2015-01-26,17:00:00,29.424,29.581,29.414,29.512,91677,0
2015-01-26,18:00:00,29.542,29.59,29.473,29.502,11323,0
2015-01-26,19:00:00,29.502,29.581,29.434,29.453,32244,0
2015-01-26,20:00:00,29.463,29.532,29.434,29.453,19965,0
2015-01-26,21:00:00,29.512,29.512,29.424,29.453,17808,0
2015-01-26,22:00:00,29.424,29.483,29.424,29.483,16110,0
2015-01-27,16:00:00,29.179,29.365,29.091,29.238,50024,0
2015-01-27,17:00:00,29.228,29.306,29.042,29.071,126865,0
2015-01-27,18:00:00,29.062,29.248,29.042,29.179,40493,0
2015-01-27,19:00:00,29.179,29.189,29.071,29.12,38742,0
2015-01-27,20:00:00,29.12,29.199,29.101,29.169,23765,0
2015-01-27,21:00:00,29.12,29.169,29.111,29.16,59338,0
2015-01-27,22:00:00,29.15,29.326,29.13,29.316,139176,0
2015-01-28,16:00:00,29.404,29.404,29.238,29.297,16651,0
2015-01-28,17:00:00,29.287,29.306,29.179,29.248,9925,0
2015-01-28,18:00:00,29.257,29.267,29.218,29.257,12698,0
2015-01-28,19:00:00,29.248,29.267,29.238,29.267,6341,0
2015-01-28,20:00:00,29.257,29.267,29.238,29.267,12877,0
2015-01-28,21:00:00,29.287,29.414,29.257,29.297,35941,0
2015-01-28,22:00:00,29.297,29.365,29.16,29.218,69689,0
2015-01-29,16:00:00,29.189,29.189,29.003,29.189,5540,0
2015-01-29,17:00:00,29.042,29.16,29.013,29.022,13252,0
2015-01-29,18:00:00,29.062,29.13,29.013,29.101,12998,0
2015-01-29,19:00:00,29.101,29.179,29.101,29.179,4143,0
2015-01-29,20:00:00,29.16,29.248,29.111,29.218,10870,0
2015-01-29,21:00:00,29.257,29.257,29.101,29.179,22220,0
2015-01-29,22:00:00,29.199,29.365,29.189,29.306,39343,0
2015-01-30,16:00:00,29.16,29.208,29.013,29.189,27468,0
2015-01-30,17:00:00,29.081,29.169,29.003,29.13,35130,0
2015-01-30,18:00:00,29.032,29.14,29.032,29.062,20298,0
2015-01-30,19:00:00,29.071,29.228,29.052,29.14,35022,0
2015-01-30,20:00:00,29.111,29.15,29.081,29.15,18790,0
2015-01-30,21:00:00,29.189,29.199,29.12,29.15,19076,0
2015-01-30,22:00:00,29.14,29.277,29.111,29.277,160413,0
2015-02-02,16:00:00,29.267,29.306,29.208,29.267,6749,0
2015-02-02,17:00:00,29.16,29.326,29.16,29.267,12317,0
2015-02-02,18:00:00,29.248,29.306,29.248,29.277,75986,0
2015-02-02,19:00:00,29.267,29.316,29.238,29.297,139904,0
2015-02-02,20:00:00,29.287,29.385,29.257,29.346,36889,0
2015-02-02,21:00:00,29.385,29.434,29.355,29.424,20463,0
2015-02-02,22:00:00,29.414,29.483,29.297,29.473,25183,0
2015-02-03,16:00:00,29.404,29.649,29.385,29.424,15806,0
2015-02-03,17:00:00,29.395,29.659,29.395,29.561,40784,0
2015-02-03,18:00:00,29.561,29.688,29.502,29.62,22324,0
2015-02-03,19:00:00,29.639,29.679,29.61,29.639,17840,0
2015-02-03,20:00:00,29.659,29.728,29.6,29.728,73495,0
2015-02-03,21:00:00,29.649,29.728,29.649,29.679,17968,0
2015-02-03,22:00:00,29.688,29.757,29.649,29.737,126752,0
2015-02-04,16:00:00,29.728,29.816,29.708,29.806,31697,0
2015-02-04,17:00:00,29.806,29.875,29.737,29.875,69844,0
2015-02-04,18:00:00,29.855,29.875,29.698,29.747,396794,0
2015-02-04,19:00:00,29.757,29.777,29.59,29.659,81488,0
2015-02-04,20:00:00,29.679,29.708,29.404,29.444,61948,0
2015-02-04,21:00:00,29.444,29.728,29.277,29.336,99313,0
2015-02-04,22:00:00,29.346,29.659,28.993,29.003,154743,0
2015-02-05,16:00:00,29.385,29.532,29.346,29.463,48037,0
2015-02-05,17:00:00,29.463,29.649,29.463,29.551,26834,0
2015-02-05,18:00:00,29.561,29.639,29.542,29.551,22420,0
2015-02-05,19:00:00,29.551,29.581,29.395,29.483,193815,0
2015-02-05,20:00:00,29.483,29.542,29.434,29.532,25628,0
2015-02-05,21:00:00,29.493,29.561,29.473,29.502,68521,0
2015-02-05,22:00:00,29.493,29.542,29.365,29.522,69298,0
2015-02-06,16:00:00,29.052,29.306,29.052,29.208,32087,0
2015-02-06,17:00:00,29.208,29.287,29.091,29.091,37807,0
2015-02-06,18:00:00,29.12,29.218,29.091,29.12,50197,0
2015-02-06,19:00:00,29.12,29.189,29.052,29.062,26305,0
2015-02-06,20:00:00,29.062,29.16,28.934,28.954,25285,0
2015-02-06,21:00:00,28.954,29.003,28.895,28.905,32070,0
2015-02-06,22:00:00,28.905,29.15,28.826,28.924,49295,0
2015-02-09,16:00:00,29.013,29.14,28.895,29.052,14025,0
2015-02-09,17:00:00,29.052,29.101,29.042,29.091,24678,0
2015-02-09,18:00:00,29.052,29.081,29.042,29.052,13978,0
2015-02-09,19:00:00,29.052,29.228,29.052,29.14,33984,0
2015-02-09,20:00:00,29.14,29.208,29.14,29.169,20855,0
2015-02-09,21:00:00,29.189,29.228,29.14,29.179,22036,0
2015-02-09,22:00:00,29.189,29.277,29.14,29.248,37877,0
2015-02-10,16:00:00,29.189,29.355,29.14,29.228,20025,0
2015-02-10,17:00:00,29.238,29.297,29.13,29.208,44145,0
2015-02-10,18:00:00,29.228,29.257,29.189,29.228,28357,0
2015-02-10,19:00:00,29.218,29.326,29.179,29.326,20294,0
2015-02-10,20:00:00,29.277,29.346,29.16,29.267,191212,0
2015-02-10,21:00:00,29.267,29.326,29.189,29.287,97602,0
2015-02-10,22:00:00,29.257,29.385,29.208,29.375,71703,0
2015-02-11,16:00:00,29.189,29.189,29.003,29.189,25780,0
2015-02-11,17:00:00,29.14,29.14,28.993,28.993,15570,0
2015-02-11,18:00:00,28.993,29.042,28.973,29.022,19833,0
2015-02-11,19:00:00,29.022,29.14,29.022,29.14,37773,0
2015-02-11,20:00:00,29.12,29.15,28.954,29.13,29559,0
2015-02-11,21:00:00,29.14,29.169,29.042,29.15,13190,0
2015-02-11,22:00:00,29.052,29.199,29.042,29.15,25522,0
2015-02-12,16:00:00,29.101,29.12,28.973,29.12,18523,0
2015-02-12,17:00:00,29.111,29.12,29.022,29.042,38759,0
2015-02-12,18:00:00,29.052,29.12,29.022,29.101,15706,0
2015-02-12,19:00:00,29.101,29.199,29.071,29.199,16205,0
2015-02-12,20:00:00,29.218,29.326,29.14,29.297,28164,0
2015-02-12,21:00:00,29.267,29.287,29.16,29.248,46436,0
2015-02-12,22:00:00,29.248,29.316,29.189,29.297,54827,0
2015-02-13,16:00:00,29.287,29.385,29.287,29.385,39395,0
2015-02-13,17:00:00,29.346,29.542,29.189,29.257,60049,0
2015-02-13,18:00:00,29.267,29.434,29.218,29.434,42196,0
2015-02-13,19:00:00,29.434,29.512,29.404,29.502,15546,0
2015-02-13,20:00:00,29.434,29.571,29.434,29.493,48065,0
2015-02-13,21:00:00,29.434,29.522,29.404,29.434,15052,0
2015-02-13,22:00:00,29.434,29.61,29.404,29.61,48104,0
2015-02-17,16:00:00,29.561,29.561,29.218,29.453,38434,0
2015-02-17,17:00:00,29.404,29.747,29.404,29.708,34496,0
2015-02-17,18:00:00,29.757,29.786,29.59,29.718,29512,0
2015-02-17,19:00:00,29.688,29.845,29.649,29.767,21044,0
2015-02-17,20:00:00,29.737,29.845,29.679,29.806,12527,0
2015-02-17,21:00:00,29.737,29.845,29.737,29.786,23892,0
2015-02-17,22:00:00,29.816,29.875,29.747,29.875,46403,0
2015-02-18,16:00:00,29.865,29.924,29.737,29.806,29569,0
2015-02-18,17:00:00,29.796,29.914,29.728,29.865,20128,0
2015-02-18,18:00:00,29.884,29.963,29.728,29.747,19724,0
2015-02-18,19:00:00,29.767,29.875,29.737,29.737,12862,0
2015-02-18,20:00:00,29.875,29.875,29.737,29.737,12885,0
2015-02-18,21:00:00,29.855,29.924,29.728,29.728,17934,0
2015-02-18,22:00:00,29.728,29.933,29.728,29.747,20676,0
2015-02-19,16:00:00,29.855,29.914,29.806,29.806,11845,0
2015-02-19,17:00:00,29.855,29.875,29.806,29.845,12404,0
2015-02-19,18:00:00,29.796,30.002,29.796,29.982,10986,0
2015-02-19,19:00:00,29.992,29.992,29.884,29.953,6835,0
2015-02-19,20:00:00,29.953,29.982,29.894,29.963,13841,0
2015-02-19,21:00:00,29.933,30.021,29.914,30.012,30525,0
2015-02-19,22:00:00,29.972,30.09,29.933,29.982,29343,0
2015-02-20,16:00:00,30.1,30.11,29.875,30.041,15497,0
2015-02-20,17:00:00,30.031,30.09,29.953,30.07,29749,0
2015-02-20,18:00:00,30.051,30.1,30.031,30.1,15749,0
2015-02-20,19:00:00,30.08,30.11,30.031,30.041,17801,0
2015-02-20,20:00:00,30.07,30.178,30.002,30.139,35298,0
2015-02-20,21:00:00,30.139,30.237,30.07,30.237,43233,0
2015-02-20,22:00:00,30.247,30.266,30.188,30.266,64928,0
2015-02-23,16:00:00,30.257,30.345,29.904,30.286,34699,0
2015-02-23,17:00:00,30.286,30.364,30.257,30.364,43842,0
2015-02-23,18:00:00,30.364,30.423,30.345,30.394,21587,0
2015-02-23,19:00:00,30.423,30.433,30.335,30.403,24441,0
2015-02-23,20:00:00,30.413,30.443,30.354,30.384,15148,0
2015-02-23,21:00:00,30.423,30.443,30.315,30.394,21386,0
2015-02-23,22:00:00,30.384,30.443,30.345,30.443,16284,0
2015-02-24,16:00:00,30.55,30.57,30.394,30.472,29294,0
2015-02-24,17:00:00,30.462,30.521,30.374,30.394,40504,0
2015-02-24,18:00:00,30.541,30.541,30.394,30.433,48604,0
2015-02-24,19:00:00,30.433,30.531,30.423,30.452,7657,0
2015-02-24,20:00:00,30.462,30.55,30.384,30.403,45844,0
2015-02-24,21:00:00,30.433,30.531,30.354,30.374,74295,0
2015-02-24,22:00:00,30.374,30.452,30.247,30.247,147136,0
2015-02-25,16:00:00,30.198,30.492,30.198,30.325,6208,0
2015-02-25,17:00:00,30.315,30.462,30.247,30.443,13402,0
2015-02-25,18:00:00,30.433,30.492,30.306,30.403,10515,0
2015-02-25,19:00:00,30.354,30.501,30.354,30.501,23899,0
2015-02-25,20:00:00,30.511,30.57,30.492,30.541,17968,0
2015-02-25,21:00:00,30.531,30.531,30.413,30.413,56261,0
2015-02-25,22:00:00,30.482,30.482,30.306,30.306,121399,0
2015-02-26,16:00:00,30.325,30.374,30.188,30.188,8449,0
2015-02-26,17:00:00,30.198,30.247,30.07,30.07,17527,0
2015-02-26,18:00:00,30.061,30.159,30.061,30.09,6721,0
2015-02-26,19:00:00,30.09,30.09,30.021,30.08,10187,0
2015-02-26,20:00:00,30.1,30.159,30.09,30.139,16943,0
2015-02-26,21:00:00,30.129,30.139,30.061,30.09,27161,0
2015-02-26,22:00:00,30.08,30.178,30.07,30.159,24154,0
2015-02-27,16:00:00,30.041,30.051,29.924,29.933,10962,0
2015-02-27,17:00:00,30.07,30.129,30.031,30.031,13655,0
2015-02-27,18:00:00,30.08,30.119,29.992,30.012,18736,0
2015-02-27,19:00:00,29.992,30.07,29.982,29.982,17286,0
2015-02-27,20:00:00,29.982,30.041,29.933,29.972,49698,0
2015-02-27,21:00:00,29.982,30.07,29.972,30.031,19615,0
2015-02-27,22:00:00,30.061,30.061,29.963,29.982,35796,0
2015-03-02,16:00:00,29.816,29.865,29.737,29.816,28832,0
2015-03-02,17:00:00,29.806,29.982,29.698,29.982,119978,0
2015-03-02,18:00:00,29.943,30.051,29.884,30.031,46942,0
2015-03-02,19:00:00,29.924,30.07,29.924,30.061,143484,0
2015-03-02,20:00:00,30.061,30.119,29.953,30.012,87962,0
2015-03-02,21:00:00,30.012,30.012,29.884,29.982,60743,0
2015-03-02,22:00:00,29.953,30.021,29.924,30.021,8104,0
2015-03-03,16:00:00,30.012,30.119,30.012,30.067,12111,0
2015-03-03,17:00:00,30.061,30.198,30.061,30.159,36839,0
2015-03-03,18:00:00,30.139,30.187,30.129,30.149,23732,0
2015-03-03,19:00:00,30.135,30.149,30.07,30.092,13493,0
2015-03-03,20:00:00,30.139,30.149,30.09,30.119,18192,0
2015-03-03,21:00:00,30.139,30.198,30.11,30.141,23281,0
2015-03-03,22:00:00,30.148,30.208,30.09,30.149,47212,0
2015-03-04,16:00:00,30.168,30.168,30.07,30.119,8675,0
2015-03-04,17:00:00,30.118,30.119,30.031,30.119,14326,0
2015-03-04,18:00:00,30.147,30.149,30.041,30.041,1182,0
2015-03-04,19:00:00,30.119,30.119,30.041,30.11,4749,0
2015-03-04,20:00:00,30.051,30.11,30.051,30.092,1024,0
2015-03-04,21:00:00,30.089,30.11,30.057,30.099,12231,0
2015-03-04,22:00:00,30.11,30.119,30.051,30.11,11128,0
2015-03-05,16:00:00,30.149,30.247,30.061,30.134,24665,0
2015-03-05,17:00:00,30.134,30.188,30.124,30.168,29066,0
2015-03-05,18:00:00,30.178,30.217,30.12,30.217,17828,0
2015-03-05,19:00:00,30.217,30.217,30.11,30.11,52886,0
2015-03-05,20:00:00,30.173,30.276,30.159,30.266,16365,0
2015-03-05,21:00:00,30.232,30.306,30.227,30.266,17730,0
2015-03-05,22:00:00,30.306,30.306,30.217,30.247,23168,0
2015-03-06,16:00:00,30.257,30.364,30.247,30.316,4813,0
2015-03-06,17:00:00,30.354,30.375,30.315,30.375,10651,0
2015-03-06,18:00:00,30.364,30.364,30.266,30.28,6179,0
2015-03-06,19:00:00,30.296,30.296,30.26,30.26,1710,0
2015-03-06,20:00:00,30.257,30.266,30.149,30.217,10999,0
2015-03-06,21:00:00,30.217,30.252,30.119,30.168,19461,0
2015-03-06,22:00:00,30.168,30.217,30.168,30.178,49189,0
2015-03-09,15:00:00,30.031,30.237,30.002,30.178,10711,0
2015-03-09,16:00:00,30.149,30.149,30.09,30.09,2728,0
2015-03-09,17:00:00,30.09,30.149,30.09,30.129,4446,0
2015-03-09,18:00:00,30.149,30.188,30.129,30.149,21818,0
2015-03-09,19:00:00,30.159,30.193,30.149,30.188,3751,0
2015-03-09,20:00:00,30.188,30.247,30.178,30.198,6469,0
2015-03-09,21:00:00,30.237,30.257,30.139,30.208,24859,0
2015-03-10,15:00:00,30.139,30.139,30.08,30.08,1557,0
2015-03-10,16:00:00,30.178,30.178,30.051,30.119,15082,0
2015-03-10,17:00:00,30.07,30.149,30.012,30.012,11715,0
2015-03-10,18:00:00,30.069,30.07,30.021,30.06,1951,0
2015-03-10,19:00:00,30.026,30.09,30.022,30.085,2980,0
2015-03-10,20:00:00,30.041,30.08,30.031,30.07,4564,0
2015-03-10,21:00:00,30.064,30.07,29.973,30.002,24609,0
2015-03-11,15:00:00,29.914,30.061,29.894,29.894,6882,0
2015-03-11,16:00:00,30.002,30.002,29.875,29.875,2955,0
2015-03-11,17:00:00,29.914,29.933,29.845,29.845,37215,0
2015-03-11,18:00:00,29.855,29.923,29.845,29.884,4419,0
2015-03-11,19:00:00,29.884,29.933,29.816,29.816,6564,0
2015-03-11,20:00:00,29.816,29.904,29.806,29.826,23445,0
2015-03-11,21:00:00,29.816,29.841,29.767,29.767,41296,0
2015-03-12,15:00:00,29.982,30.257,29.855,30.179,10860,0
2015-03-12,16:00:00,30.159,30.247,29.924,30.013,6253,0
2015-03-12,17:00:00,30.013,30.217,29.982,29.983,7764,0
2015-03-12,18:00:00,30.066,30.139,29.982,30.09,8665,0
2015-03-12,19:00:00,30.084,30.119,30.012,30.103,3077,0
2015-03-12,20:00:00,30.121,30.139,30.07,30.139,6020,0
2015-03-12,21:00:00,30.138,30.139,30.08,30.08,15050,0
2015-03-13,15:00:00,29.875,30.043,29.875,29.904,5560,0
2015-03-13,16:00:00,29.943,29.963,29.738,29.85,9334,0
2015-03-13,17:00:00,29.801,29.953,29.728,29.826,5129,0
2015-03-13,18:00:00,29.728,29.855,29.728,29.855,7492,0
2015-03-13,19:00:00,29.777,29.855,29.741,29.806,7202,0
2015-03-13,20:00:00,29.835,29.855,29.728,29.835,22516,0
2015-03-13,21:00:00,29.826,29.835,29.688,29.708,31720,0
2015-03-16,15:00:00,29.6,29.644,29.532,29.639,16250,0
2015-03-16,16:00:00,29.679,29.698,29.567,29.63,8009,0
2015-03-16,17:00:00,29.61,29.825,29.581,29.62,3736,0
2015-03-16,18:00:00,29.63,29.71,29.63,29.639,11388,0
2015-03-16,19:00:00,29.659,29.737,29.542,29.728,20640,0
2015-03-16,20:00:00,29.728,29.728,29.555,29.6,70864,0
2015-03-16,21:00:00,29.6,29.737,29.542,29.698,53267,0
2015-03-17,15:00:00,29.384,29.669,29.384,29.493,12081,0
2015-03-17,16:00:00,29.507,29.6,29.49,29.52,49171,0
2015-03-17,17:00:00,29.512,29.589,29.483,29.581,15876,0
2015-03-17,18:00:00,29.537,29.62,29.483,29.581,9754,0
2015-03-17,19:00:00,29.542,29.581,29.385,29.526,125410,0
2015-03-17,20:00:00,29.541,29.542,29.385,29.395,72079,0
2015-03-17,21:00:00,29.39,29.512,29.306,29.336,97151,0
2015-03-18,15:00:00,29.336,29.336,29.218,29.267,8981,0
2015-03-18,16:00:00,29.277,29.317,29.16,29.238,26439,0
2015-03-18,17:00:00,29.257,29.257,29.14,29.228,62949,0
2015-03-18,18:00:00,29.21,29.248,29.189,29.248,13786,0
2015-03-18,19:00:00,29.218,29.287,29.169,29.189,25790,0
2015-03-18,20:00:00,29.174,29.473,29.171,29.434,34336,0
2015-03-18,21:00:00,29.434,29.532,29.385,29.395,108530,0
2015-03-19,15:00:00,29.13,29.289,29.055,29.289,8373,0
2015-03-19,16:00:00,29.238,29.238,29.16,29.199,22472,0
2015-03-19,17:00:00,29.179,29.228,29.14,29.189,15027,0
2015-03-19,18:00:00,29.218,29.218,29.14,29.189,6530,0
2015-03-19,19:00:00,29.15,29.189,29.032,29.033,17869,0
2015-03-19,20:00:00,29.075,29.179,29.022,29.169,19262,0
2015-03-19,21:00:00,29.125,29.302,29.071,29.199,26645,0
2015-03-20,15:00:00,29.257,29.385,29.228,29.385,4897,0
2015-03-20,16:00:00,29.385,29.385,29.248,29.297,4541,0
2015-03-20,17:00:00,29.346,29.512,29.316,29.463,28911,0
2015-03-20,18:00:00,29.502,29.532,29.415,29.493,124935,0
2015-03-20,19:00:00,29.478,29.522,29.414,29.463,19439,0
2015-03-20,20:00:00,29.463,29.473,29.385,29.463,34603,0
2015-03-20,21:00:00,29.463,29.493,29.404,29.404,21831,0
2015-03-23,15:00:00,29.365,29.375,29.248,29.277,42900,0
2015-03-23,16:00:00,29.287,29.287,29.111,29.111,57848,0
2015-03-23,17:00:00,29.13,29.243,28.944,29.013,45316,0
2015-03-23,18:00:00,29.042,29.233,29.003,29.091,30238,0
2015-03-23,19:00:00,29.193,29.267,29.111,29.208,58625,0
2015-03-23,20:00:00,29.208,29.463,29.194,29.395,382171,0
2015-03-23,21:00:00,29.434,29.456,29.355,29.414,66418,0
2015-03-24,15:00:00,29.473,29.473,29.307,29.444,17676,0
2015-03-24,16:00:00,29.433,29.473,29.395,29.414,29538,0
2015-03-24,17:00:00,29.414,29.424,29.395,29.424,14099,0
2015-03-24,18:00:00,29.402,29.414,29.395,29.401,17480,0
2015-03-24,19:00:00,29.402,29.434,29.395,29.433,8252,0
2015-03-24,20:00:00,29.398,29.434,29.395,29.414,30119,0
2015-03-24,21:00:00,29.395,29.429,29.395,29.404,28789,0
2015-03-25,15:00:00,29.404,29.522,29.348,29.444,24832,0
2015-03-25,16:00:00,29.502,29.522,29.444,29.453,7276,0
2015-03-25,17:00:00,29.399,29.463,29.208,29.33,15025,0
2015-03-25,18:00:00,29.219,29.33,29.199,29.236,24858,0
2015-03-25,19:00:00,29.257,29.383,29.169,29.383,21755,0
2015-03-25,20:00:00,29.228,29.346,29.208,29.267,22030,0
2015-03-25,21:00:00,29.287,29.355,29.257,29.257,24476,0
2015-03-26,15:00:00,29.218,29.336,28.993,28.993,7736,0
2015-03-26,16:00:00,29.134,29.134,29.022,29.032,1275,0
2015-03-26,17:00:00,29.11,29.11,29.022,29.022,6000,0
2015-03-26,18:00:00,29.035,29.052,29.022,29.022,2968,0
2015-03-26,19:00:00,29.022,29.022,28.944,28.944,12206,0
2015-03-26,20:00:00,28.993,28.993,28.895,28.895,12858,0
2015-03-26,21:00:00,28.915,28.994,28.787,28.826,23271,0
2015-03-27,15:00:00,28.954,29.022,28.826,28.94,3794,0
2015-03-27,16:00:00,29.032,29.032,28.876,28.876,1573,0
2015-03-27,17:00:00,28.89,29.022,28.866,28.983,12953,0
2015-03-27,18:00:00,28.915,28.983,28.856,28.914,3395,0
2015-03-27,19:00:00,28.946,28.964,28.869,28.876,6711,0
2015-03-27,20:00:00,28.9,28.993,28.9,28.922,18194,0
2015-03-27,21:00:00,28.982,29.042,28.915,28.915,9513,0
2015-03-30,16:00:00,28.924,29.111,28.924,29.064,3994,0
2015-03-30,17:00:00,29.09,29.179,28.964,29.178,12360,0
2015-03-30,18:00:00,29.178,29.208,29.091,29.183,9096,0
2015-03-30,19:00:00,29.218,29.233,29.13,29.179,15187,0
2015-03-30,20:00:00,29.169,29.208,29.13,29.174,35462,0
2015-03-30,21:00:00,29.174,29.199,29.062,29.12,30040,0
2015-03-30,22:00:00,29.091,29.218,29.081,29.12,30017,0
2015-03-31,16:00:00,29.12,29.297,29.032,29.297,6545,0
2015-03-31,17:00:00,29.297,29.297,29.15,29.15,3211,0
2015-03-31,18:00:00,29.15,29.365,29.15,29.16,2780,0
2015-03-31,19:00:00,29.248,29.248,29.071,29.14,9671,0
2015-03-31,20:00:00,29.16,29.169,29.071,29.16,6607,0
2015-03-31,21:00:00,29.16,29.16,29.091,29.12,12108,0
2015-03-31,22:00:00,29.12,29.13,28.993,29.13,17601,0
2015-04-01,16:00:00,29.522,29.522,29.189,29.463,81613,0
2015-04-01,17:00:00,29.473,29.551,29.395,29.522,35320,0
2015-04-01,18:00:00,29.522,29.6,29.513,29.581,15740,0
2015-04-01,19:00:00,29.581,29.992,29.581,29.953,231035,0
2015-04-01,20:00:00,29.9,30.041,29.825,30.002,16144,0
2015-04-01,21:00:00,30.002,30.031,29.875,29.924,55045,0
2015-04-01,22:00:00,29.924,30.227,29.875,30.07,223982,0
2015-04-02,16:00:00,30.09,30.276,30.09,30.168,4040,0
2015-04-02,17:00:00,30.168,30.325,30.168,30.276,30320,0
2015-04-02,18:00:00,30.236,30.241,30.217,30.241,10511,0
2015-04-02,19:00:00,30.208,30.266,30.168,30.198,48408,0
2015-04-02,20:00:00,30.208,30.237,30.041,30.237,11722,0
2015-04-02,21:00:00,30.237,30.237,30.091,30.13,14313,0
2015-04-02,22:00:00,30.193,30.227,29.875,30.11,70271,0
2015-04-06,16:00:00,30.168,30.286,30.139,30.139,4944,0
2015-04-06,17:00:00,30.139,30.286,30.139,30.286,7004,0
2015-04-06,18:00:00,30.286,30.364,30.286,30.364,16314,0
2015-04-06,19:00:00,30.364,30.433,30.286,30.374,19511,0
2015-04-06,20:00:00,30.353,30.433,30.286,30.433,4357,0
2015-04-06,21:00:00,30.433,30.472,30.364,30.443,12661,0
2015-04-06,22:00:00,30.443,30.443,30.149,30.247,27961,0
2015-04-07,16:00:00,30.129,30.247,30.021,30.119,46948,0
2015-04-07,17:00:00,30.041,30.188,29.972,30.051,11318,0
2015-04-07,18:00:00,30.051,30.07,29.943,29.953,6643,0
2015-04-07,19:00:00,29.953,30.11,29.924,30.021,5321,0
2015-04-07,20:00:00,30.021,30.021,29.835,29.835,16514,0
2015-04-07,21:00:00,29.835,29.904,29.835,29.865,10550,0
2015-04-07,22:00:00,29.865,29.894,29.728,29.728,31960,0
2015-04-08,16:00:00,29.943,30.657,29.924,30.002,10610,0
2015-04-08,17:00:00,29.924,30.129,29.659,29.963,9043,0
2015-04-08,18:00:00,29.728,29.924,29.715,29.924,9257,0
2015-04-08,19:00:00,29.924,29.924,29.796,29.904,12145,0
2015-04-08,20:00:00,29.904,30.021,29.849,30.012,49352,0
2015-04-08,21:00:00,30.012,30.235,29.737,29.875,95495,0
2015-04-08,22:00:00,29.875,30.031,29.855,29.884,41307,0
2015-04-09,16:00:00,30.061,30.149,29.992,30.08,3537,0
2015-04-09,17:00:00,30.08,30.129,29.894,29.894,9496,0
2015-04-09,18:00:00,29.894,29.965,29.767,29.796,5602,0
2015-04-09,19:00:00,29.747,29.875,29.747,29.855,8073,0
2015-04-09,20:00:00,29.84,29.933,29.747,29.821,4544,0
2015-04-09,21:00:00,29.821,29.914,29.737,29.855,12781,0
2015-04-09,22:00:00,29.745,29.963,29.745,29.963,22441,0
2015-04-10,16:00:00,29.835,30.354,29.806,30.11,18418,0
2015-04-10,17:00:00,30.115,30.178,30.115,30.163,25633,0
2015-04-10,18:00:00,30.139,30.149,29.943,30.003,21492,0
2015-04-10,19:00:00,30.012,30.11,30.002,30.11,2595,0
2015-04-10,20:00:00,30.11,30.119,29.988,30.119,1883,0
2015-04-10,21:00:00,30.119,30.119,29.976,30.09,5662,0
2015-04-10,22:00:00,30.051,30.118,30.051,30.051,9618,0
2015-04-13,16:00:00,30.051,30.272,30.051,30.212,13735,0
2015-04-13,17:00:00,30.247,30.266,30.159,30.168,18645,0
2015-04-13,18:00:00,30.168,30.217,30.051,30.182,8357,0
2015-04-13,19:00:00,30.121,30.217,30.119,30.119,4027,0
2015-04-13,20:00:00,30.119,30.208,30.119,30.198,6719,0
2015-04-13,21:00:00,30.198,30.208,30.149,30.202,8864,0
2015-04-13,22:00:00,30.202,30.208,29.982,30.07,21782,0
2015-04-14,16:00:00,30.257,30.315,30.027,30.145,14745,0
2015-04-14,17:00:00,30.145,30.222,30.071,30.217,3005,0
2015-04-14,18:00:00,30.217,30.217,30.09,30.168,2907,0
2015-04-14,19:00:00,30.14,30.14,30.09,30.119,13877,0
2015-04-14,20:00:00,30.119,30.129,30.09,30.119,7611,0
2015-04-14,21:00:00,30.115,30.129,30.107,30.119,7870,0
2015-04-14,22:00:00,30.119,30.129,30.023,30.119,30470,0
2015-04-15,16:00:00,30.178,30.364,30.178,30.198,36888,0
2015-04-15,17:00:00,30.243,30.243,30.159,30.168,5951,0
2015-04-15,18:00:00,30.168,30.204,29.982,30.063,8790,0
2015-04-15,19:00:00,30.153,30.158,30.021,30.042,14442,0
2015-04-15,20:00:00,30.07,30.208,30.038,30.134,13473,0
2015-04-15,21:00:00,30.163,30.247,30.084,30.142,4464,0
2015-04-15,22:00:00,30.142,30.208,30.031,30.07,18256,0
2015-04-16,16:00:00,30.119,30.354,30.119,30.266,21551,0
2015-04-16,17:00:00,30.237,30.266,30.209,30.237,1587,0
2015-04-16,18:00:00,30.237,30.247,30.178,30.217,18198,0
2015-04-16,19:00:00,30.247,30.306,30.178,30.268,23432,0
2015-04-16,20:00:00,30.217,30.296,30.197,30.285,28724,0
2015-04-16,21:00:00,30.285,30.354,30.179,30.354,21098,0
2015-04-16,22:00:00,30.345,30.403,30.306,30.394,50452,0
2015-04-17,16:00:00,30.354,30.586,30.237,30.452,17596,0
2015-04-17,17:00:00,30.452,30.452,30.237,30.364,7578,0
2015-04-17,18:00:00,30.369,30.403,30.286,30.286,14064,0
2015-04-17,19:00:00,30.374,30.374,30.296,30.364,5782,0
2015-04-17,20:00:00,30.315,30.364,30.237,30.302,8758,0
2015-04-17,21:00:00,30.354,30.364,30.237,30.364,8449,0
2015-04-17,22:00:00,30.364,30.56,30.237,30.364,157590,0
2015-04-20,16:00:00,30.521,30.56,30.443,30.462,32617,0
2015-04-20,17:00:00,30.541,30.541,30.364,30.541,9551,0
2015-04-20,18:00:00,30.516,30.541,30.423,30.492,9930,0
2015-04-20,19:00:00,30.516,30.521,30.423,30.462,2368,0
2015-04-20,20:00:00,30.492,30.492,30.384,30.416,8835,0
2015-04-20,21:00:00,30.446,30.462,30.286,30.318,29354,0
2015-04-20,22:00:00,30.296,30.492,30.286,30.379,13840,0
2015-04-21,16:00:00,30.306,30.364,30.266,30.267,7794,0
2015-04-21,17:00:00,30.335,30.335,30.266,30.266,19450,0
2015-04-21,18:00:00,30.335,30.345,30.266,30.276,6918,0
2015-04-21,19:00:00,30.315,30.335,30.266,30.301,10528,0
2015-04-21,20:00:00,30.3,30.345,30.276,30.325,6789,0
2015-04-21,21:00:00,30.315,30.315,30.168,30.17,14540,0
2015-04-21,22:00:00,30.178,30.296,30.159,30.276,28689,0
2015-04-22,16:00:00,30.413,30.482,30.399,30.399,3156,0
2015-04-22,17:00:00,30.413,30.55,30.41,30.529,16266,0
2015-04-22,18:00:00,30.536,30.56,30.473,30.56,4180,0
2015-04-22,19:00:00,30.55,30.56,30.472,30.541,3065,0
2015-04-22,20:00:00,30.56,30.609,30.511,30.57,15259,0
2015-04-22,21:00:00,30.56,30.609,30.501,30.55,19642,0
2015-04-22,22:00:00,30.59,30.594,30.482,30.492,24978,0
2015-04-23,16:00:00,30.492,30.629,30.462,30.57,18967,0
2015-04-23,17:00:00,30.483,30.658,30.482,30.655,3061,0
2015-04-23,18:00:00,30.648,30.702,30.639,30.702,8188,0
2015-04-23,19:00:00,30.717,30.736,30.629,30.712,6059,0
2015-04-23,20:00:00,30.686,30.766,30.648,30.736,23293,0
2015-04-23,21:00:00,30.736,30.805,30.707,30.722,28192,0
2015-04-23,22:00:00,30.749,30.776,30.707,30.736,8190,0
2015-04-24,16:00:00,30.756,30.854,30.756,30.795,19060,0
2015-04-24,17:00:00,30.805,30.834,30.668,30.795,17366,0
2015-04-24,18:00:00,30.795,30.815,30.678,30.785,11870,0
2015-04-24,19:00:00,30.785,30.874,30.727,30.785,51955,0
2015-04-24,20:00:00,30.793,30.844,30.748,30.785,8098,0
2015-04-24,21:00:00,30.795,30.805,30.737,30.785,23060,0
2015-04-24,22:00:00,30.844,30.903,30.766,30.893,78320,0
2015-04-27,16:00:00,30.776,30.834,30.697,30.717,27217,0
2015-04-27,17:00:00,30.717,30.815,30.697,30.776,13078,0
2015-04-27,18:00:00,30.785,30.854,30.736,30.8,63583,0
2015-04-27,19:00:00,30.8,30.805,30.688,30.707,10693,0
2015-04-27,20:00:00,30.697,30.736,30.609,30.643,8792,0
2015-04-27,21:00:00,30.642,30.795,30.531,30.55,35805,0
2015-04-27,22:00:00,30.57,30.609,30.473,30.58,51789,0
2015-04-28,16:00:00,30.639,30.844,30.364,30.57,46134,0
2015-04-28,17:00:00,30.55,30.629,30.452,30.56,8098,0
2015-04-28,18:00:00,30.576,30.619,30.539,30.619,6409,0
2015-04-28,19:00:00,30.629,30.641,30.56,30.633,5013,0
2015-04-28,20:00:00,30.609,30.643,30.521,30.638,6305,0
2015-04-28,21:00:00,30.648,30.648,30.58,30.599,6528,0
2015-04-28,22:00:00,30.58,30.697,30.58,30.58,24379,0
2015-04-29,16:00:00,30.521,30.619,30.482,30.598,6740,0
2015-04-29,17:00:00,30.56,30.57,30.472,30.541,2825,0
2015-04-29,18:00:00,30.56,30.58,30.492,30.541,7209,0
2015-04-29,19:00:00,30.527,30.55,30.472,30.501,2213,0
2015-04-29,20:00:00,30.541,30.736,30.541,30.736,9654,0
2015-04-29,21:00:00,30.59,30.746,30.511,30.577,5916,0
2015-04-29,22:00:00,30.55,30.584,30.364,30.462,13934,0
2015-04-30,16:00:00,30.462,30.701,30.462,30.56,17815,0
2015-04-30,17:00:00,30.531,30.658,30.531,30.604,4988,0
2015-04-30,18:00:00,30.609,30.648,30.55,30.584,3678,0
2015-04-30,19:00:00,30.585,30.619,30.492,30.609,3009,0
2015-04-30,20:00:00,30.612,30.629,30.58,30.61,3063,0
2015-04-30,21:00:00,30.598,30.619,30.575,30.58,5669,0
2015-04-30,22:00:00,30.56,30.598,30.364,30.364,15634,0
2015-05-01,16:00:00,30.413,30.697,30.364,30.593,291457,0
2015-05-01,17:00:00,30.56,30.639,30.56,30.604,5856,0
2015-05-01,18:00:00,30.609,30.631,30.56,30.577,4557,0
2015-05-01,19:00:00,30.57,30.609,30.472,30.492,16938,0
2015-05-01,20:00:00,30.487,30.521,30.467,30.487,10943,0
2015-05-01,21:00:00,30.501,30.668,30.492,30.608,17684,0
2015-05-01,22:00:00,30.545,30.648,30.516,30.59,12436,0
2015-05-04,16:00:00,30.658,30.776,30.599,30.599,7547,0
2015-05-04,17:00:00,30.599,30.678,30.59,30.616,7379,0
2015-05-04,18:00:00,30.609,30.619,30.511,30.521,12610,0
2015-05-04,19:00:00,30.521,30.59,30.521,30.531,6532,0
2015-05-04,20:00:00,30.531,30.609,30.511,30.58,9547,0
2015-05-04,21:00:00,30.58,30.609,30.531,30.599,15616,0
2015-05-04,22:00:00,30.531,30.609,30.521,30.531,11159,0
2015-05-05,16:00:00,30.609,30.716,30.56,30.56,2488,0
2015-05-05,17:00:00,30.541,30.541,30.511,30.526,14081,0
2015-05-05,18:00:00,30.526,30.541,30.526,30.54,2590,0
2015-05-05,19:00:00,30.521,30.56,30.521,30.56,5293,0
2015-05-05,20:00:00,30.511,30.531,30.433,30.504,13440,0
2015-05-05,21:00:00,30.503,30.511,30.433,30.497,14592,0
2015-05-05,22:00:00,30.472,30.511,30.423,30.492,5064,0
2015-05-06,16:00:00,30.462,30.462,30.374,30.403,4983,0
2015-05-06,17:00:00,30.443,30.443,30.364,30.443,15851,0
2015-05-06,18:00:00,30.403,30.609,30.381,30.609,52835,0
2015-05-06,19:00:00,30.609,30.629,30.502,30.59,60876,0
2015-05-06,20:00:00,30.57,30.619,30.565,30.58,38851,0
2015-05-06,21:00:00,30.599,30.599,30.511,30.521,27082,0
2015-05-06,22:00:00,30.521,30.541,30.462,30.531,49564,0
2015-05-07,16:00:00,30.364,30.403,30.289,30.296,5246,0
2015-05-07,17:00:00,30.316,30.374,30.296,30.305,5565,0
2015-05-07,18:00:00,30.335,30.433,30.335,30.364,5302,0
2015-05-07,19:00:00,30.315,30.432,30.315,30.379,14736,0
2015-05-07,20:00:00,30.413,30.413,30.345,30.375,42142,0
2015-05-07,21:00:00,30.374,30.381,30.266,30.266,91113,0
2015-05-07,22:00:00,30.325,30.413,30.266,30.354,52089,0
2015-05-08,16:00:00,30.354,30.472,30.325,30.335,9580,0
2015-05-08,17:00:00,30.364,30.423,30.275,30.323,140779,0
2015-05-08,18:00:00,30.335,30.462,30.306,30.347,10201,0
2015-05-08,19:00:00,30.459,30.501,30.345,30.482,2692,0
2015-05-08,20:00:00,30.402,30.482,30.364,30.394,82125,0
2015-05-08,21:00:00,30.384,30.537,30.368,30.494,4288,0
2015-05-08,22:00:00,30.379,30.462,30.364,30.364,1648,0
2015-05-11,16:00:00,30.217,30.393,30.119,30.217,6464,0
2015-05-11,17:00:00,30.159,30.227,30.139,30.198,1183,0
2015-05-11,18:00:00,30.139,30.266,30.139,30.169,8841,0
2015-05-11,19:00:00,30.204,30.204,30.139,30.186,2779,0
2015-05-11,20:00:00,30.178,30.178,30.119,30.131,2672,0
2015-05-11,21:00:00,30.131,30.139,30.109,30.11,12973,0
2015-05-11,22:00:00,30.1,30.129,30.079,30.1,29023,0
2015-05-12,16:00:00,30.07,30.09,30.021,30.021,2641,0
2015-05-12,17:00:00,30.09,30.095,29.977,30.025,13928,0
2015-05-12,18:00:00,30.061,30.1,30.027,30.1,3221,0
2015-05-12,19:00:00,30.08,30.08,30.07,30.074,670,0
2015-05-12,20:00:00,30.08,30.1,30.061,30.077,5126,0
2015-05-12,21:00:00,30.072,30.115,30.051,30.108,17540,0
2015-05-12,22:00:00,30.119,30.188,30.072,30.178,3855,0
2015-05-13,16:00:00,30.227,30.403,30.016,30.119,3963,0
2015-05-13,17:00:00,30.169,30.178,30.08,30.086,5152,0
2015-05-13,18:00:00,30.07,30.07,29.982,29.982,6866,0
2015-05-13,19:00:00,29.992,30.031,29.933,29.943,18497,0
2015-05-13,20:00:00,29.982,30.012,29.933,29.943,6495,0
2015-05-13,21:00:00,29.947,29.992,29.924,29.924,8242,0
2015-05-13,22:00:00,29.948,30.002,29.894,29.894,33529,0
2015-05-14,16:00:00,30.11,30.192,30.07,30.139,2492,0
2015-05-14,17:00:00,30.148,30.148,30.07,30.07,4347,0
2015-05-14,18:00:00,30.07,30.139,30.041,30.139,11721,0
2015-05-14,19:00:00,30.11,30.188,30.11,30.188,10826,0
2015-05-14,20:00:00,30.188,30.208,30.105,30.208,6077,0
2015-05-14,21:00:00,30.149,30.266,30.087,30.266,12924,0
2015-05-14,22:00:00,30.202,30.325,30.1,30.227,11980,0
2015-05-15,16:00:00,30.159,30.315,30.026,30.09,7372,0
2015-05-15,17:00:00,30.158,30.159,30.021,30.031,2293,0
2015-05-15,18:00:00,30.119,30.168,30.041,30.08,3810,0
2015-05-15,19:00:00,30.102,30.165,30.051,30.099,5231,0
2015-05-15,20:00:00,30.071,30.095,30.051,30.062,3817,0
2015-05-15,21:00:00,30.051,30.119,30.022,30.099,7788,0
2015-05-15,22:00:00,30.099,30.188,30.061,30.188,3708,0
2015-05-18,16:00:00,30.1,30.315,30.1,30.238,19561,0
2015-05-18,17:00:00,30.247,30.247,30.149,30.208,16060,0
2015-05-18,18:00:00,30.238,30.266,30.178,30.18,10307,0
2015-05-18,19:00:00,30.159,30.256,30.159,30.217,5322,0
2015-05-18,20:00:00,30.237,30.31,30.178,30.295,4139,0
2015-05-18,21:00:00,30.295,30.31,30.178,30.305,29103,0
2015-05-18,22:00:00,30.286,30.286,30.178,30.178,31836,0
2015-05-19,16:00:00,30.159,30.178,30.032,30.032,6880,0
2015-05-19,17:00:00,30.118,30.129,29.964,30.033,29229,0
2015-05-19,18:00:00,30.002,30.061,29.963,30.031,6557,0
2015-05-19,19:00:00,30.064,30.07,29.997,30.058,5735,0
2015-05-19,20:00:00,30.061,30.07,30.005,30.021,10090,0
2015-05-19,21:00:00,30.021,30.021,29.982,30.021,8435,0
2015-05-19,22:00:00,30.021,30.07,29.865,30.07,25778,0
2015-05-20,16:00:00,30.012,30.012,29.875,29.924,7999,0
2015-05-20,17:00:00,29.927,29.939,29.817,29.894,9720,0
2015-05-20,18:00:00,29.826,29.897,29.786,29.812,5165,0
2015-05-20,19:00:00,29.835,29.904,29.813,29.825,3414,0
2015-05-20,20:00:00,29.823,29.855,29.767,29.826,3379,0
2015-05-20,21:00:00,29.777,29.852,29.777,29.845,8458,0
2015-05-20,22:00:00,29.855,29.939,29.81,29.826,9568,0
2015-05-21,16:00:00,29.875,29.875,29.649,29.693,15672,0
2015-05-21,17:00:00,29.684,29.718,29.659,29.679,33704,0
2015-05-21,18:00:00,29.697,29.757,29.639,29.757,23885,0
2015-05-21,19:00:00,29.732,29.777,29.718,29.776,13193,0
2015-05-21,20:00:00,29.728,29.767,29.669,29.704,4254,0
2015-05-21,21:00:00,29.671,29.776,29.669,29.679,31604,0
2015-05-21,22:00:00,29.718,29.801,29.669,29.679,5351,0
2015-05-22,16:00:00,29.747,29.943,29.747,29.943,1338,0
2015-05-22,17:00:00,29.767,29.767,29.6,29.622,5063,0
2015-05-22,18:00:00,29.633,29.669,29.522,29.571,3448,0
2015-05-22,19:00:00,29.551,29.604,29.502,29.521,4298,0
2015-05-22,20:00:00,29.513,29.581,29.434,29.434,18106,0
2015-05-22,21:00:00,29.453,29.708,29.453,29.561,7105,0
2015-05-22,22:00:00,29.639,29.791,29.571,29.6,22334,0
2015-05-26,16:00:00,29.561,29.561,29.287,29.424,32436,0
2015-05-26,17:00:00,29.385,29.385,29.238,29.297,10835,0
2015-05-26,18:00:00,29.297,29.395,29.238,29.375,14708,0
2015-05-26,19:00:00,29.365,29.375,29.257,29.346,4319,0
2015-05-26,20:00:00,29.375,29.375,29.248,29.336,8331,0
2015-05-26,21:00:00,29.316,29.385,29.253,29.365,8788,0
2015-05-26,22:00:00,29.355,29.414,29.346,29.385,11211,0
2015-05-27,16:00:00,29.375,29.388,29.241,29.336,6356,0
2015-05-27,17:00:00,29.336,29.385,29.311,29.336,7519,0
2015-05-27,18:00:00,29.267,29.346,29.267,29.345,8067,0
2015-05-27,19:00:00,29.342,29.375,29.313,29.375,6168,0
2015-05-27,20:00:00,29.361,29.365,29.326,29.332,3803,0
2015-05-27,21:00:00,29.326,29.346,29.287,29.287,12099,0
2015-05-27,22:00:00,29.326,29.336,29.267,29.336,6857,0
2015-05-28,16:00:00,29.326,29.395,29.219,29.336,55319,0
2015-05-28,17:00:00,29.336,29.375,29.218,29.277,41765,0
2015-05-28,18:00:00,29.277,29.354,29.257,29.257,4093,0
2015-05-28,19:00:00,29.228,29.316,29.218,29.238,14571,0
2015-05-28,20:00:00,29.269,29.316,29.228,29.316,9716,0
2015-05-28,21:00:00,29.336,29.336,29.218,29.218,21894,0
2015-05-28,22:00:00,29.228,29.277,29.189,29.277,23417,0
2015-05-29,16:00:00,29.365,29.375,29.248,29.282,13279,0
2015-05-29,17:00:00,29.321,29.351,29.199,29.199,4651,0
2015-05-29,18:00:00,29.262,29.336,29.199,29.287,4118,0
2015-05-29,19:00:00,29.228,29.323,29.22,29.306,4323,0
2015-05-29,20:00:00,29.228,29.335,29.228,29.267,5449,0
2015-05-29,21:00:00,29.327,29.336,29.218,29.277,8281,0
2015-05-29,22:00:00,29.277,29.316,29.199,29.287,9117,0
2015-06-01,16:00:00,29.355,29.355,29.257,29.294,14035,0
2015-06-01,17:00:00,29.276,29.385,29.276,29.348,101508,0
2015-06-01,18:00:00,29.354,29.375,29.257,29.355,27276,0
2015-06-01,19:00:00,29.336,29.453,29.306,29.404,36005,0
2015-06-01,20:00:00,29.375,29.453,29.355,29.444,9981,0
2015-06-01,21:00:00,29.462,29.483,29.434,29.473,7686,0
2015-06-01,22:00:00,29.47,29.483,29.385,29.483,14854,0
2015-06-02,16:00:00,29.6,29.752,29.6,29.739,4781,0
2015-06-02,17:00:00,29.735,29.776,29.708,29.776,3912,0
2015-06-02,18:00:00,29.776,29.777,29.68,29.708,31507,0
2015-06-02,19:00:00,29.708,29.772,29.688,29.737,15133,0
2015-06-02,20:00:00,29.737,29.772,29.698,29.698,13224,0
2015-06-02,21:00:00,29.698,29.718,29.679,29.688,13891,0
2015-06-02,22:00:00,29.679,29.766,29.639,29.639,38338,0
2015-06-03,16:00:00,29.639,29.639,29.497,29.586,45332,0
2015-06-03,17:00:00,29.588,29.639,29.527,29.639,9375,0
2015-06-03,18:00:00,29.639,29.659,29.542,29.567,17684,0
2015-06-03,19:00:00,29.551,29.61,29.483,29.488,12978,0
2015-06-03,20:00:00,29.488,29.669,29.483,29.659,23063,0
2015-06-03,21:00:00,29.512,29.581,29.395,29.395,33478,0
2015-06-03,22:00:00,29.428,29.639,29.267,29.639,26347,0
2015-06-04,16:00:00,29.453,29.478,29.385,29.478,3766,0
2015-06-04,17:00:00,29.468,29.639,29.355,29.365,52907,0
2015-06-04,18:00:00,29.385,29.417,29.326,29.37,14273,0
2015-06-04,19:00:00,29.326,29.36,29.297,29.306,3528,0
2015-06-04,20:00:00,29.306,29.326,29.287,29.287,1965,0
2015-06-04,21:00:00,29.287,29.336,29.287,29.297,6965,0
2015-06-04,22:00:00,29.336,29.336,29.189,29.189,36803,0
2015-06-05,16:00:00,29.15,29.298,29.144,29.298,3979,0
2015-06-05,17:00:00,29.257,29.375,29.257,29.374,8094,0
2015-06-05,18:00:00,29.365,29.365,29.141,29.169,14411,0
2015-06-05,19:00:00,29.14,29.14,29.091,29.101,4226,0
2015-06-05,20:00:00,29.101,29.13,29.071,29.111,7050,0
2015-06-05,21:00:00,29.12,29.13,29.043,29.071,5352,0
2015-06-05,22:00:00,29.071,29.101,29.042,29.071,8882,0
2015-06-08,16:00:00,29.375,29.375,29.071,29.071,12370,0
2015-06-08,17:00:00,29.093,29.218,29.074,29.208,8554,0
2015-06-08,18:00:00,29.091,29.218,29.081,29.16,3557,0
2015-06-08,19:00:00,29.179,29.257,29.081,29.111,7614,0
2015-06-08,20:00:00,29.081,29.097,28.973,29.003,11570,0
2015-06-08,21:00:00,29.017,29.213,28.983,29.081,13018,0
2015-06-08,22:00:00,29.228,29.228,28.895,28.905,75410,0
2015-06-09,16:00:00,29.003,29.463,29.003,29.463,2513,0
2015-06-09,17:00:00,29.032,29.14,29.032,29.14,4912,0
2015-06-09,18:00:00,29.052,29.267,29.003,29.13,12063,0
2015-06-09,19:00:00,29.13,29.306,29.043,29.14,8364,0
2015-06-09,20:00:00,29.179,29.326,29.052,29.169,8757,0
2015-06-09,21:00:00,29.14,29.257,29.14,29.238,11511,0
2015-06-09,22:00:00,29.238,29.238,29.12,29.14,9997,0
2015-06-10,16:00:00,29.12,29.238,29.12,29.16,18144,0
2015-06-10,17:00:00,29.355,29.385,29.277,29.346,22808,0
2015-06-10,18:00:00,29.365,29.493,29.287,29.365,27011,0
2015-06-10,19:00:00,29.393,29.512,29.287,29.502,4335,0
2015-06-10,20:00:00,29.5,29.517,29.326,29.336,3989,0
2015-06-10,21:00:00,29.346,29.502,29.326,29.385,9932,0
2015-06-10,22:00:00,29.375,29.542,29.316,29.346,28782,0
2015-06-11,16:00:00,29.287,29.375,29.277,29.306,10112,0
2015-06-11,17:00:00,29.316,29.385,29.277,29.287,7065,0
2015-06-11,18:00:00,29.338,29.434,29.267,29.297,5560,0
2015-06-11,19:00:00,29.287,29.394,29.277,29.308,2922,0
2015-06-11,20:00:00,29.267,29.385,29.248,29.277,8078,0
2015-06-11,21:00:00,29.297,29.346,29.257,29.292,3780,0
2015-06-11,22:00:00,29.277,29.326,29.267,29.326,14043,0
2015-06-12,16:00:00,29.111,29.326,29.093,29.326,4461,0
2015-06-12,17:00:00,29.297,29.375,29.297,29.375,1317,0
2015-06-12,18:00:00,29.36,29.453,29.36,29.444,10787,0
2015-06-12,19:00:00,29.356,29.63,29.356,29.63,148206,0
2015-06-12,20:00:00,29.615,29.779,29.586,29.777,138207,0
2015-06-12,21:00:00,29.737,29.747,29.688,29.698,29405,0
2015-06-12,22:00:00,29.693,29.698,29.542,29.551,29938,0
2015-06-15,16:00:00,29.483,29.512,29.395,29.444,4686,0
2015-06-15,17:00:00,29.463,29.502,29.39,29.502,8273,0
2015-06-15,18:00:00,29.501,29.501,29.395,29.407,6293,0
2015-06-15,19:00:00,29.395,29.463,29.395,29.402,8955,0
2015-06-15,20:00:00,29.419,29.478,29.417,29.478,3419,0
2015-06-15,21:00:00,29.441,29.478,29.414,29.458,2085,0
2015-06-15,22:00:00,29.453,29.473,29.404,29.473,6097,0
2015-06-16,16:00:00,29.395,29.532,29.395,29.444,4883,0
2015-06-16,17:00:00,29.4,29.561,29.4,29.544,68225,0
2015-06-16,18:00:00,29.504,29.571,29.434,29.434,3838,0
2015-06-16,19:00:00,29.497,29.551,29.473,29.473,2400,0
2015-06-16,20:00:00,29.453,29.551,29.453,29.551,3886,0
2015-06-16,21:00:00,29.512,29.537,29.455,29.522,4347,0
2015-06-16,22:00:00,29.493,29.512,29.395,29.463,4923,0
2015-06-17,16:00:00,29.336,29.336,29.125,29.218,12479,0
2015-06-17,17:00:00,29.217,29.238,29.13,29.13,3332,0
2015-06-17,18:00:00,29.158,29.183,29.052,29.091,24118,0
2015-06-17,19:00:00,29.081,29.136,29.078,29.085,7292,0
2015-06-17,20:00:00,29.081,29.091,29.081,29.081,2451,0
2015-06-17,21:00:00,29.071,29.311,29.062,29.208,25884,0
2015-06-17,22:00:00,29.13,29.248,29.091,29.111,11146,0
2015-06-18,16:00:00,29.071,29.208,29.071,29.169,6574,0
2015-06-18,17:00:00,29.179,29.287,29.16,29.199,49540,0
2015-06-18,18:00:00,29.239,29.346,29.155,29.179,12094,0
2015-06-18,19:00:00,29.169,29.325,29.169,29.241,13311,0
2015-06-18,20:00:00,29.208,29.24,29.113,29.12,20035,0
2015-06-18,21:00:00,29.234,29.268,29.15,29.268,4987,0
2015-06-18,22:00:00,29.192,29.267,29.101,29.189,10145,0
2015-06-19,16:00:00,29.16,29.202,29.13,29.13,3403,0
2015-06-19,17:00:00,29.14,29.208,29.022,29.022,9221,0
2015-06-19,18:00:00,29.022,29.091,29.022,29.091,5848,0
2015-06-19,19:00:00,29.169,29.169,29.064,29.065,3971,0
2015-06-19,20:00:00,29.065,29.189,29.052,29.064,5521,0
2015-06-19,21:00:00,29.13,29.13,29.031,29.031,6746,0
2015-06-19,22:00:00,29.031,29.111,28.973,29.022,14179,0
2015-06-22,16:00:00,29.267,29.267,29.081,29.179,9927,0
2015-06-22,17:00:00,29.091,29.199,29.091,29.14,9942,0
2015-06-22,18:00:00,29.127,29.169,29.111,29.169,5769,0
2015-06-22,19:00:00,29.11,29.169,29.101,29.13,6252,0
2015-06-22,20:00:00,29.13,29.218,29.111,29.16,40704,0
2015-06-22,21:00:00,29.159,29.287,29.13,29.287,16098,0
2015-06-22,22:00:00,29.248,29.336,29.199,29.306,19304,0
2015-06-23,16:00:00,29.179,29.385,29.179,29.385,2056,0
2015-06-23,17:00:00,29.214,29.316,29.189,29.248,30248,0
2015-06-23,18:00:00,29.247,29.287,29.22,29.22,18441,0
2015-06-23,19:00:00,29.268,29.282,29.179,29.189,6921,0
2015-06-23,20:00:00,29.22,29.286,29.199,29.257,6104,0
2015-06-23,21:00:00,29.224,29.277,29.208,29.277,5603,0
2015-06-23,22:00:00,29.233,29.248,29.179,29.179,20735,0
2015-06-24,16:00:00,29.179,29.189,29.032,29.159,10609,0
2015-06-24,17:00:00,29.098,29.126,29.062,29.11,5703,0
2015-06-24,18:00:00,29.082,29.139,29.081,29.081,4106,0
2015-06-24,19:00:00,29.071,29.15,29.043,29.101,9311,0
2015-06-24,20:00:00,29.071,29.121,29.013,29.029,8857,0
2015-06-24,21:00:00,29.051,29.051,28.973,28.998,17291,0
2015-06-24,22:00:00,28.973,28.993,28.836,28.846,70838,0
2015-06-25,16:00:00,29,29.0899,28.82,28.984,18507,0
2015-06-25,17:00:00,28.88,28.989,28.87,28.87,16020,0
2015-06-25,18:00:00,28.87,28.9499,28.82,28.862,38956,0
2015-06-25,19:00:00,28.8201,28.93,28.82,28.88,1300,0
2015-06-25,20:00:00,28.8785,28.9099,28.8,28.8384,18090,0
2015-06-25,21:00:00,28.87,28.87,28.78,28.79,5894,0
2015-06-25,22:00:00,28.79,28.86,28.6604,28.7,25553,0
2015-06-26,16:00:00,28.65,28.995,28.635,28.7408,12528,0
2015-06-26,17:00:00,28.76,28.9249,28.689,28.81,7082,0
2015-06-26,18:00:00,28.79,28.82,28.6901,28.82,3972,0
2015-06-26,19:00:00,28.82,28.87,28.7601,28.85,17912,0
2015-06-26,20:00:00,28.86,28.8649,28.745,28.8061,48048,0
2015-06-26,21:00:00,28.84,28.9,28.76,28.86,14702,0
2015-06-26,22:00:00,28.8395,28.91,28.75,28.91,10046,0
2015-06-29,16:00:00,28.58,28.95,28.39,28.94,57232,0
2015-06-29,17:00:00,28.93,28.97,28.73,28.9,123835,0
2015-06-29,18:00:00,28.84,28.94,28.69,28.91,101416,0
2015-06-29,19:00:00,28.9,28.9,28.75,28.796,25713,0
2015-06-29,20:00:00,28.78,28.84,28.72,28.8251,14826,0
2015-06-29,21:00:00,28.7957,28.91,28.68,28.84,32202,0
2015-06-29,22:00:00,28.83,28.99,28.7311,28.99,110868,0
2015-06-30,16:00:00,29.18,29.22,29.01,29.13,14755,0
2015-06-30,17:00:00,29,29.25,29,29.25,127711,0
2015-06-30,18:00:00,29.2,29.24,29.155,29.2,63200,0
2015-06-30,19:00:00,29.2,29.25,29.18,29.24,146806,0
2015-06-30,20:00:00,29.24,29.27,29.18,29.27,8761,0
2015-06-30,21:00:00,29.18,29.28,29.13,29.2138,11348,0
2015-06-30,22:00:00,29.23,29.27,29.2,29.27,142705,0
2015-07-01,16:00:00,29.35,29.4899,29.02,29.06,26834,0
2015-07-01,17:00:00,29.22,29.29,29.09,29.18,7939,0
2015-07-01,18:00:00,29.0908,29.1699,29.06,29.1444,4127,0
2015-07-01,19:00:00,29.092,29.14,28.9773,29.09,17546,0
2015-07-01,20:00:00,29.011,29.11,29.011,29.0707,6103,0
2015-07-01,21:00:00,29.0701,29.14,29.07,29.096,5386,0
2015-07-01,22:00:00,29.11,29.15,29.07,29.14,7236,0
2015-07-02,16:00:00,29.31,29.31,29.16,29.22,12721,0
2015-07-02,17:00:00,29.218,29.22,29.03,29.1059,19914,0
2015-07-02,18:00:00,29.1,29.18,29.03,29.18,6021,0
2015-07-02,19:00:00,29.178,29.19,29.0801,29.17,4827,0
2015-07-02,20:00:00,29.15,29.2,29.1,29.1847,4435,0
2015-07-02,21:00:00,29.1273,29.17,29.1,29.11,3902,0
2015-07-02,22:00:00,29.15,29.18,29.1,29.18,5164,0
2015-07-06,16:00:00,29.46,29.46,29.1201,29.1992,22388,0
2015-07-06,17:00:00,29.1999,29.29,29.0101,29.204,18051,0
2015-07-06,18:00:00,29.2691,29.27,29.19,29.19,961,0
2015-07-06,19:00:00,29.2465,29.2465,29.18,29.21,4017,0
2015-07-06,20:00:00,29.21,29.23,29.175,29.2,5597,0
2015-07-06,21:00:00,29.17,29.1863,28.93,28.96,19571,0
2015-07-06,22:00:00,28.975,29.0499,28.92,28.95,48928,0
2015-07-07,16:00:00,28.8,28.969,28.51,28.51,51782,0
2015-07-07,17:00:00,28.51,28.5699,28.42,28.46,10502,0
2015-07-07,18:00:00,28.42,28.5,28.3401,28.4719,20160,0
2015-07-07,19:00:00,28.46,28.47,28.38,28.43,3854,0
2015-07-07,20:00:00,28.47,28.61,28.44,28.5593,33076,0
2015-07-07,21:00:00,28.5231,28.685,28.4251,28.6,31195,0
2015-07-07,22:00:00,28.59,28.69,28.47,28.59,59737,0
2015-07-08,16:00:00,28.4,28.55,28.4,28.42,33884,0
2015-07-08,17:00:00,28.58,28.58,28.38,28.41,70127,0
2015-07-08,18:00:00,28.46,28.46,28.38,28.4,7220,0
2015-07-08,19:00:00,28.405,28.45,28.35,28.45,35018,0
2015-07-08,20:00:00,28.35,28.46,28.2,28.41,13194,0
2015-07-08,21:00:00,28.2649,28.44,28.2001,28.35,5104,0
2015-07-08,22:00:00,28.26,28.44,28.2,28.3,20416,0
2015-07-09,16:00:00,28.61,28.61,28.2101,28.38,7622,0
2015-07-09,17:00:00,28.37,28.45,28.27,28.36,11800,0
2015-07-09,18:00:00,28.35,28.45,28.32,28.35,47851,0
2015-07-09,19:00:00,28.35,28.38,28.2101,28.2101,19863,0
2015-07-09,20:00:00,28.22,28.27,28.2,28.27,6382,0
2015-07-09,21:00:00,28.29,28.4399,28.265,28.36,35541,0
2015-07-09,22:00:00,28.4,28.4,28.2,28.2,6297,0
2015-07-10,16:00:00,28.44,28.5199,28.3278,28.335,8717,0
2015-07-10,17:00:00,28.33,28.5,28.33,28.44,39122,0
2015-07-10,18:00:00,28.41,28.54,28.3606,28.41,5153,0
2015-07-10,19:00:00,28.42,28.4948,28.3608,28.462,3859,0
2015-07-10,20:00:00,28.4848,28.501,28.4501,28.49,8418,0
2015-07-10,21:00:00,28.49,28.52,28.36,28.458,19866,0
2015-07-10,22:00:00,28.43,28.6137,28.43,28.54,11709,0
2015-07-13,16:00:00,28.59,28.62,28.4001,28.4001,4843,0
2015-07-13,17:00:00,28.4101,28.4999,28.4101,28.4999,1912,0
2015-07-13,18:00:00,28.41,28.41,28.28,28.35,6495,0
2015-07-13,19:00:00,28.3201,28.45,28.3201,28.41,15974,0
2015-07-13,20:00:00,28.38,28.52,28.3676,28.4006,17711,0
2015-07-13,21:00:00,28.47,28.48,28.4001,28.48,9660,0
2015-07-13,22:00:00,28.5,28.61,28.4448,28.54,8322,0
2015-07-14,16:00:00,28.46,28.6,28.4,28.536,18400,0
2015-07-14,17:00:00,28.5312,28.54,28.31,28.505,27339,0
2015-07-14,18:00:00,28.44,28.535,28.416,28.49,14029,0
2015-07-14,19:00:00,28.51,28.79,28.51,28.75,42468,0
2015-07-14,20:00:00,28.76,28.77,28.65,28.69,9680,0
2015-07-14,21:00:00,28.69,28.7446,28.681,28.71,8963,0
2015-07-14,22:00:00,28.73,28.84,28.6951,28.7,18352,0
2015-07-15,16:00:00,28.67,28.8489,28.67,28.8489,8153,0
2015-07-15,17:00:00,28.7611,28.8083,28.7,28.76,12541,0
2015-07-15,18:00:00,28.771,28.8,28.69,28.71,22167,0
2015-07-15,19:00:00,28.72,28.7395,28.52,28.58,26515,0
2015-07-15,20:00:00,28.51,28.601,28.4501,28.51,12119,0
2015-07-15,21:00:00,28.52,28.6,28.43,28.49,15137,0
2015-07-15,22:00:00,28.484,28.61,28.41,28.61,23497,0
2015-07-16,16:00:00,28.84,28.84,28.69,28.773,10446,0
2015-07-16,17:00:00,28.8,28.97,28.6101,28.73,43558,0
2015-07-16,18:00:00,28.8483,28.86,28.697,28.85,3831,0
2015-07-16,19:00:00,28.8,28.91,28.75,28.9,33744,0
2015-07-16,20:00:00,28.99,28.99,28.8,28.88,18369,0
2015-07-16,21:00:00,28.9599,28.9599,28.7701,28.7701,3423,0
2015-07-16,22:00:00,28.84,28.92,28.8004,28.88,13235,0
2015-07-17,16:00:00,28.75,28.99,28.75,28.99,2795,0
2015-07-17,17:00:00,28.796,28.9993,28.66,28.695,19226,0
2015-07-17,18:00:00,28.68,28.95,28.67,28.67,10758,0
2015-07-17,19:00:00,28.7446,28.7446,28.45,28.71,17593,0
2015-07-17,20:00:00,28.66,28.77,28.64,28.67,13116,0
2015-07-17,21:00:00,28.67,28.7994,28.67,28.72,7924,0
2015-07-17,22:00:00,28.7242,28.95,28.71,28.86,43710,0
2015-07-20,16:00:00,28.79,28.8,28.5001,28.53,1203,0
2015-07-20,17:00:00,28.55,28.73,28.5301,28.73,7787,0
2015-07-20,18:00:00,28.67,28.8099,28.6,28.65,12441,0
2015-07-20,19:00:00,28.65,28.7834,28.61,28.71,13899,0
2015-07-20,20:00:00,28.71,28.72,28.65,28.7,6662,0
2015-07-20,21:00:00,28.7165,28.7165,28.601,28.64,11445,0
2015-07-20,22:00:00,28.65,28.73,28.55,28.69,21934,0
2015-07-21,16:00:00,28.51,28.7,28.51,28.68,6051,0
2015-07-21,17:00:00,28.7091,28.7091,28.6001,28.65,2551,0
2015-07-21,18:00:00,28.6608,28.67,28.51,28.58,7755,0
2015-07-21,19:00:00,28.57,28.75,28.545,28.67,35343,0
2015-07-21,20:00:00,28.67,28.69,28.25,28.28,47595,0
2015-07-21,21:00:00,28.2701,28.44,28.26,28.38,22974,0
2015-07-21,22:00:00,28.37,28.63,28.27,28.61,17813,0
2015-07-22,16:00:00,28.38,28.844,28.38,28.65,4037,0
2015-07-22,17:00:00,28.7018,28.7018,28.33,28.3637,9473,0
2015-07-22,18:00:00,28.36,28.425,28.33,28.33,6565,0
2015-07-22,19:00:00,28.34,28.37,28.27,28.3663,8114,0
2015-07-22,20:00:00,28.261,28.351,28.261,28.31,8424,0
2015-07-22,21:00:00,28.2987,28.482,28.2987,28.3001,19182,0
2015-07-22,22:00:00,28.3,28.33,28.26,28.26,14434,0
2015-07-23,16:00:00,28.28,28.28,28.26,28.265,5955,0
2015-07-23,17:00:00,28.37,28.3899,28.22,28.22,11191,0
2015-07-23,18:00:00,28.23,28.28,28.07,28.1337,26447,0
2015-07-23,19:00:00,28.1414,28.16,28.01,28.09,30617,0
2015-07-23,20:00:00,28.1,28.1,28,28.06,83897,0
2015-07-23,21:00:00,28.08,28.34,28.07,28.23,57758,0
2015-07-23,22:00:00,28.251,28.31,28.17,28.25,46365,0
2015-07-24,16:00:00,28.23,28.23,28.1201,28.18,1658,0
2015-07-24,17:00:00,28.18,28.195,28.021,28.06,11136,0
2015-07-24,18:00:00,28.1083,28.18,28.0701,28.0701,5168,0
2015-07-24,19:00:00,28.1748,28.1748,28.0701,28.17,3679,0
2015-07-24,20:00:00,28.07,28.1,28.001,28.04,19703,0
2015-07-24,21:00:00,28.045,28.07,27.98,28.0013,56176,0
2015-07-24,22:00:00,28.036,28.036,27.92,27.92,53933,0
2015-07-27,16:00:00,27.8,27.95,27.8,27.93,11390,0
2015-07-27,17:00:00,27.9119,27.92,27.87,27.89,9394,0
2015-07-27,18:00:00,27.94,28.07,27.89,27.934,53034,0
2015-07-27,19:00:00,27.9046,27.98,27.87,27.96,16459,0
2015-07-27,20:00:00,27.865,27.97,27.85,27.8999,15429,0
2015-07-27,21:00:00,27.85,27.87,27.75,27.77,20437,0
2015-07-27,22:00:00,27.75,27.89,27.69,27.75,43857,0
2015-07-28,16:00:00,27.75,27.99,27.7001,27.78,7729,0
2015-07-28,17:00:00,27.775,27.855,27.713,27.77,17802,0
2015-07-28,18:00:00,27.799,27.9,27.77,27.77,11892,0
2015-07-28,19:00:00,27.76,27.89,27.76,27.89,10924,0
2015-07-28,20:00:00,27.89,27.91,27.8332,27.89,22135,0
2015-07-28,21:00:00,27.89,27.91,27.8608,27.9,9155,0
2015-07-28,22:00:00,27.9,27.93,27.76,27.9,22642,0
2015-07-29,16:00:00,27.78,27.79,27.78,27.79,1186,0
2015-07-29,17:00:00,27.766,27.82,27.766,27.82,1946,0
2015-07-29,18:00:00,27.84,27.89,27.81,27.8799,4286,0
2015-07-29,19:00:00,27.86,27.86,27.8207,27.8212,1413,0
2015-07-29,20:00:00,27.8412,27.8455,27.82,27.82,3309,0
2015-07-29,21:00:00,27.845,27.8599,27.81,27.8147,7243,0
2015-07-29,22:00:00,27.82,27.878,27.8,27.87,7704,0
2015-07-30,16:00:00,27.74,27.9848,27.7001,27.76,5920,0
2015-07-30,17:00:00,27.7601,27.879,27.76,27.879,12643,0
2015-07-30,18:00:00,27.84,27.88,27.8,27.88,16068,0
2015-07-30,19:00:00,27.85,27.8571,27.76,27.79,5876,0
2015-07-30,20:00:00,27.81,27.86,27.79,27.86,8855,0
2015-07-30,21:00:00,27.83,27.88,27.8001,27.88,11331,0
2015-07-30,22:00:00,27.85,27.94,27.81,27.91,11304,0
2015-07-31,16:00:00,27.91,27.9899,27.738,27.738,787,0
2015-07-31,17:00:00,27.9,27.9199,27.71,27.74,5875,0
2015-07-31,18:00:00,27.77,27.88,27.77,27.78,2559,0
2015-07-31,19:00:00,27.785,27.88,27.74,27.785,11289,0
2015-07-31,20:00:00,27.79,27.821,27.4101,27.4152,50922,0
2015-07-31,21:00:00,27.42,27.62,27.4,27.41,89674,0
2015-07-31,22:00:00,27.4101,27.59,27.31,27.42,29831,0
2015-08-03,16:00:00,27.5,27.5084,27.3,27.3501,7143,0
2015-08-03,17:00:00,27.522,27.522,27.401,27.42,7188,0
2015-08-03,18:00:00,27.44,27.5,27.39,27.39,24821,0
2015-08-03,19:00:00,27.4,27.5,27.3,27.34,78741,0
2015-08-03,20:00:00,27.34,27.345,27.28,27.28,25800,0
2015-08-03,21:00:00,27.28,27.286,27.21,27.265,48111,0
2015-08-03,22:00:00,27.26,27.38,27.26,27.38,43274,0
2015-08-04,16:00:00,27.51,27.63,27.5,27.5601,14903,0
2015-08-04,17:00:00,27.56,27.59,27.34,27.3501,20463,0
2015-08-04,18:00:00,27.34,27.3699,27.26,27.32,45266,0
2015-08-04,19:00:00,27.32,27.321,27.27,27.28,22856,0
2015-08-04,20:00:00,27.27,27.3248,27.26,27.27,49510,0
2015-08-04,21:00:00,27.2675,27.28,27.21,27.22,51048,0
2015-08-04,22:00:00,27.22,27.33,27.21,27.26,39548,0
2015-08-05,16:00:00,27.35,27.48,27.32,27.4601,15831,0
2015-08-05,17:00:00,27.46,27.52,27.46,27.49,30564,0
2015-08-05,18:00:00,27.475,27.48,27.46,27.47,10680,0
2015-08-05,19:00:00,27.47,27.48,27.38,27.4,11999,0
2015-08-05,20:00:00,27.401,27.46,27.34,27.43,36132,0
2015-08-05,21:00:00,27.389,27.4914,27.36,27.37,35557,0
2015-08-05,22:00:00,27.38,27.42,27.37,27.4,11951,0
2015-08-06,16:00:00,27.38,27.46,27.35,27.41,46246,0
2015-08-06,17:00:00,27.42,27.4992,27.395,27.4992,30184,0
2015-08-06,18:00:00,27.46,27.5099,27.365,27.42,33832,0
2015-08-06,19:00:00,27.4203,27.5,27.41,27.5,22854,0
2015-08-06,20:00:00,27.5317,27.5939,27.4701,27.59,35766,0
2015-08-06,21:00:00,27.53,27.59,27.494,27.5001,34417,0
2015-08-06,22:00:00,27.6,27.6299,27.44,27.61,35279,0
2015-08-07,16:00:00,27.45,27.59,27.45,27.58,8572,0
2015-08-07,17:00:00,27.6299,27.6299,27.54,27.599,38296,0
2015-08-07,18:00:00,27.57,27.6101,27.55,27.5799,51001,0
2015-08-07,19:00:00,27.58,27.5901,27.5611,27.589,20100,0
2015-08-07,20:00:00,27.5899,27.59,27.545,27.58,17679,0
2015-08-07,21:00:00,27.59,27.63,27.5801,27.62,58782,0
2015-08-07,22:00:00,27.6493,27.71,27.58,27.63,38479,0
