Date,Time,Open,High,Low,Close,Volume,OpenInt
2014-11-21,17:00:00,58.498,58.498,58.498,58.498,998,0
2014-11-21,18:00:00,58.368,58.368,58.368,58.368,100,0
2014-11-21,20:00:00,58.338,58.338,58.128,58.298,8209,0
2014-11-21,21:00:00,58.128,58.148,58.128,58.148,1346,0
2014-11-24,16:00:00,58.358,58.358,58.358,58.358,301,0
2014-11-24,17:00:00,58.448,58.448,58.448,58.448,200,0
2014-11-24,20:00:00,58.498,58.498,58.438,58.438,2463,0
2014-11-24,22:00:00,58.727,58.777,58.727,58.777,587,0
2014-11-25,17:00:00,58.647,58.957,58.647,58.907,2300,0
2014-11-25,18:00:00,58.777,58.787,58.647,58.647,1726,0
2014-11-25,19:00:00,58.817,58.817,58.817,58.817,269,0
2014-11-25,20:00:00,58.857,58.857,58.857,58.857,862,0
2014-11-25,21:00:00,58.967,58.967,58.877,58.877,2104,0
2014-11-25,22:00:00,58.887,58.917,58.727,58.727,1445,0
2014-11-26,16:00:00,58.847,58.847,58.847,58.847,321,0
2014-11-26,17:00:00,58.897,59.216,58.887,59.216,902,0
2014-11-26,19:00:00,59.017,59.017,59.017,59.017,1553,0
2014-11-26,22:00:00,59.136,59.136,59.057,59.057,601,0
2014-11-28,16:00:00,57.869,57.879,57.31,57.31,1522,0
2014-11-28,17:00:00,57.2,57.2,56.951,56.951,1050,0
2014-11-28,18:00:00,56.981,57.18,56.971,57.051,1415,0
2014-11-28,19:00:00,57.081,57.27,57.071,57.071,1704,0
2014-11-28,20:00:00,57.061,57.061,57.061,57.061,381,0
2014-12-01,17:00:00,55.973,56.073,55.654,55.654,1403,0
2014-12-01,18:00:00,55.514,55.514,55.404,55.404,601,0
2014-12-01,19:00:00,55.404,55.674,55.404,55.674,866,0
2014-12-01,20:00:00,55.614,55.723,55.614,55.723,726,0
2014-12-01,21:00:00,55.504,55.604,55.304,55.364,5552,0
2014-12-01,22:00:00,55.354,55.474,55.354,55.414,1303,0
2014-12-02,16:00:00,55.783,56.113,55.783,56.113,4827,0
2014-12-02,18:00:00,56.063,56.113,56.063,56.113,8906,0
2014-12-02,20:00:00,55.953,55.953,55.943,55.943,1703,0
2014-12-02,21:00:00,56.003,56.003,56.003,56.003,464,0
2014-12-02,22:00:00,55.973,56.063,55.963,56.063,1100,0
2014-12-03,16:00:00,56.103,56.342,56.103,56.342,500,0
2014-12-03,17:00:00,56.153,56.153,56.153,56.153,400,0
2014-12-03,19:00:00,56.372,56.372,56.372,56.372,332,0
2014-12-03,20:00:00,56.422,56.422,56.422,56.422,300,0
2014-12-03,21:00:00,56.352,56.472,56.332,56.332,1801,0
2014-12-03,22:00:00,56.412,56.412,56.342,56.342,600,0
2014-12-04,16:00:00,56.472,56.472,56.173,56.173,10923,0
2014-12-04,17:00:00,56.103,56.103,56.103,56.103,4812,0
2014-12-04,18:00:00,56.053,56.153,55.943,56.153,2009,0
2014-12-04,19:00:00,56.123,56.202,56.113,56.202,1002,0
2014-12-04,20:00:00,56.222,56.222,56.183,56.183,811,0
2014-12-04,21:00:00,55.913,55.913,55.903,55.903,200,0
2014-12-04,22:00:00,55.833,56.053,55.833,56.053,1975,0
2014-12-05,16:00:00,56.412,56.412,56.412,56.412,421,0
2014-12-05,17:00:00,56.322,56.412,56.322,56.412,2556,0
2014-12-05,19:00:00,56.372,56.372,56.372,56.372,300,0
2014-12-05,20:00:00,56.432,56.442,56.432,56.442,2403,0
2014-12-05,21:00:00,56.312,56.312,56.232,56.232,500,0
2014-12-05,22:00:00,56.252,56.252,56.252,56.252,500,0
2014-12-08,16:00:00,55.963,56.163,55.963,56.163,590,0
2014-12-08,17:00:00,55.903,55.903,55.903,55.903,1000,0
2014-12-08,18:00:00,55.923,55.923,55.584,55.584,700,0
2014-12-08,19:00:00,55.434,55.434,55.105,55.115,582,0
2014-12-08,20:00:00,55.075,55.075,54.885,54.885,1200,0
2014-12-08,21:00:00,54.706,54.755,54.566,54.736,2493,0
2014-12-08,22:00:00,54.576,54.666,54.546,54.576,6386,0
2014-12-09,16:00:00,53.798,53.798,53.798,53.798,1449,0
2014-12-09,17:00:00,53.897,53.937,53.897,53.907,1308,0
2014-12-09,18:00:00,53.937,54.077,53.937,54.077,1513,0
2014-12-09,19:00:00,54.027,54.027,54.027,54.027,1353,0
2014-12-09,20:00:00,54.496,54.496,54.496,54.496,8016,0
2014-12-09,21:00:00,54.616,54.616,54.616,54.616,200,0
2014-12-09,22:00:00,54.536,54.785,54.536,54.785,3896,0
2014-12-10,16:00:00,54.606,54.606,54.606,54.606,100,0
2014-12-10,17:00:00,54.386,54.386,54.187,54.217,2187,0
2014-12-10,18:00:00,54.466,54.466,54.346,54.346,1403,0
2014-12-10,19:00:00,54.316,54.366,54.306,54.316,1651,0
2014-12-10,20:00:00,54.217,54.217,53.967,54.027,1233,0
2014-12-10,22:00:00,53.877,53.887,53.718,53.748,743,0
2014-12-11,17:00:00,54.177,54.286,54.177,54.286,978,0
2014-12-11,18:00:00,54.007,54.247,54.007,54.177,1286,0
2014-12-11,19:00:00,54.067,54.177,54.067,54.177,2614,0
2014-12-11,21:00:00,53.538,53.538,53.538,53.538,955,0
2014-12-11,22:00:00,53.558,53.558,53.189,53.189,6767,0
2014-12-12,16:00:00,53.079,53.079,53.079,53.079,200,0
2014-12-12,17:00:00,53.209,53.209,52.82,53.209,1300,0
2014-12-15,16:00:00,53.059,53.059,53.059,53.059,200,0
2014-12-15,17:00:00,52.281,52.281,52.281,52.281,700,0
2014-12-15,18:00:00,51.732,52.281,51.732,52.281,1002,0
2014-12-15,19:00:00,52.061,52.101,52.051,52.061,1602,0
2014-12-15,20:00:00,52.031,52.031,51.852,51.852,1186,0
2014-12-15,21:00:00,52.071,52.071,51.882,51.882,1100,0
2014-12-15,22:00:00,51.812,51.812,51.772,51.772,899,0
2014-12-16,16:00:00,51.203,51.203,51.203,51.203,400,0
2014-12-16,17:00:00,51.522,51.522,51.472,51.492,1490,0
2014-12-16,18:00:00,51.692,52.191,51.692,51.692,5571,0
2014-12-16,19:00:00,52.191,52.191,51.692,51.692,600,0
2014-12-16,20:00:00,52.011,52.011,52.011,52.011,382,0
2014-12-16,21:00:00,51.911,51.981,51.911,51.981,3530,0
2014-12-16,22:00:00,51.732,51.752,51.722,51.732,4934,0
2014-12-17,16:00:00,51.462,51.462,51.123,51.203,500,0
2014-12-17,17:00:00,51.193,51.193,51.083,51.083,2104,0
2014-12-17,18:00:00,51.283,51.283,51.083,51.083,900,0
2014-12-17,20:00:00,51.572,51.682,51.422,51.422,1281,0
2014-12-17,21:00:00,51.602,52.271,51.422,51.422,3681,0
2014-12-17,22:00:00,52.091,52.091,51.981,51.991,2188,0
2014-12-18,17:00:00,53.468,53.468,53.388,53.388,1300,0
2014-12-18,18:00:00,53.388,53.388,53.388,53.388,830,0
2014-12-18,19:00:00,53.558,53.558,53.558,53.558,952,0
2014-12-18,20:00:00,53.538,53.658,53.538,53.658,1830,0
2014-12-18,21:00:00,53.428,53.428,53.428,53.428,1328,0
2014-12-18,22:00:00,53.558,53.638,53.558,53.638,1100,0
2014-12-19,16:00:00,53.877,53.877,53.348,53.498,1249,0
2014-12-19,17:00:00,53.698,53.698,53.698,53.698,700,0
2014-12-19,19:00:00,53.598,53.708,53.598,53.708,867,0
2014-12-19,20:00:00,53.778,53.778,53.778,53.778,150,0
2014-12-19,21:00:00,53.837,53.887,53.837,53.887,1400,0
2014-12-19,22:00:00,54.027,54.067,53.987,54.037,2652,0
2014-12-22,16:00:00,54.67,54.67,54.04,54.11,4221,0
2014-12-22,17:00:00,54.31,54.31,54.31,54.31,268,0
2014-12-22,18:00:00,54.25,54.25,54.13,54.24,3772,0
2014-12-22,21:00:00,54.28,54.43,54.27,54.27,800,0
2014-12-22,22:00:00,54.41,54.47,54.41,54.47,548,0
2014-12-23,16:00:00,54.59,54.59,54.59,54.59,400,0
2014-12-23,17:00:00,54.54,54.54,54.29,54.37,2600,0
2014-12-23,18:00:00,54.49,54.52,54.49,54.52,240,0
2014-12-23,20:00:00,54.54,54.54,54.54,54.54,200,0
2014-12-23,21:00:00,54.42,54.62,54.42,54.45,1880,0
2014-12-23,22:00:00,54.42,54.44,54.4,54.44,1723,0
2014-12-24,17:00:00,54.5,54.64,54.46,54.64,3365,0
2014-12-24,18:00:00,54.61,54.61,54.61,54.61,600,0
2014-12-24,19:00:00,54.61,54.61,54.57,54.57,1966,0
2014-12-26,16:00:00,54.95,54.95,54.95,54.95,850,0
2014-12-26,17:00:00,55.05,55.2,55.05,55.08,1400,0
2014-12-26,18:00:00,55.38,55.38,55.38,55.38,2000,0
2014-12-26,19:00:00,55.2,55.2,55.19,55.19,800,0
2014-12-26,20:00:00,55.23,55.23,55.01,55.19,1026,0
2014-12-26,21:00:00,55.05,55.05,55.02,55.02,260,0
2014-12-26,22:00:00,55.17,55.17,55.06,55.17,1566,0
2014-12-29,16:00:00,54.93,54.99,54.84,54.84,300,0
2014-12-29,17:00:00,54.87,54.91,54.87,54.91,1500,0
2014-12-29,18:00:00,54.87,54.87,54.87,54.87,1100,0
2014-12-29,20:00:00,54.6,54.6,54.6,54.6,434,0
2014-12-29,21:00:00,54.63,54.8,54.63,54.8,366,0
2014-12-29,22:00:00,54.7,54.7,54.7,54.7,1244,0
2014-12-30,16:00:00,54.31,54.42,54.26,54.41,1775,0
2014-12-30,17:00:00,54.41,54.41,54.05,54.23,14174,0
2014-12-30,18:00:00,54.2,54.21,54.1,54.18,1800,0
2014-12-30,19:00:00,54.22,54.23,54.09,54.12,2000,0
2014-12-30,20:00:00,54.1,54.1,54.03,54.04,1100,0
2014-12-30,21:00:00,54.02,54.09,53.98,54.06,1800,0
2014-12-30,22:00:00,54.06,54.11,54.01,54.01,3931,0
2014-12-31,16:00:00,54.01,54.01,54.01,54.01,1800,0
2014-12-31,17:00:00,54.06,54.06,54.06,54.06,200,0
2014-12-31,18:00:00,53.99,53.99,53.99,53.99,600,0
2014-12-31,19:00:00,54.19,54.19,54.05,54.05,910,0
2014-12-31,20:00:00,54.23,54.36,54.23,54.36,860,0
2014-12-31,21:00:00,54.31,54.31,54.31,54.31,5424,0
2014-12-31,22:00:00,54.14,54.14,53.96,53.98,511,0
2015-01-02,16:00:00,54.61,54.78,54.61,54.61,1000,0
2015-01-02,17:00:00,54.0,54.0,53.92,53.92,470,0
2015-01-02,18:00:00,53.91,54.09,53.81,54.08,2566,0
2015-01-02,19:00:00,54.03,54.03,53.85,53.94,1440,0
2015-01-02,21:00:00,53.99,54.18,53.99,54.18,1666,0
2015-01-02,22:00:00,54.35,54.35,54.35,54.35,119,0
2015-01-05,16:00:00,53.31,53.51,53.26,53.3,3244,0
2015-01-05,17:00:00,53.29,53.33,53.16,53.21,1220,0
2015-01-05,18:00:00,52.89,53.03,52.89,52.91,1604,0
2015-01-05,19:00:00,52.77,52.91,52.36,52.44,4578,0
2015-01-05,20:00:00,52.36,52.49,52.36,52.49,689,0
2015-01-05,21:00:00,52.56,52.56,52.38,52.38,600,0
2015-01-05,22:00:00,52.37,52.55,52.37,52.55,364,0
2015-01-06,16:00:00,52.44,52.44,52.44,52.44,1506,0
2015-01-06,17:00:00,51.99,52.1,51.99,52.1,2100,0
2015-01-06,18:00:00,52.17,52.17,51.7,51.7,1685,0
2015-01-06,19:00:00,51.42,51.42,51.41,51.41,400,0
2015-01-06,20:00:00,51.53,51.53,51.53,51.53,200,0
2015-01-06,22:00:00,52.1,52.25,52.1,52.25,3500,0
2015-01-07,17:00:00,52.04,52.05,52.04,52.05,7066,0
2015-01-07,19:00:00,52.21,52.21,52.0,52.17,1049,0
2015-01-07,20:00:00,52.0,52.0,52.0,52.0,3100,0
2015-01-07,21:00:00,51.87,51.87,51.85,51.85,785,0
2015-01-07,22:00:00,52.02,52.02,51.92,51.97,2533,0
2015-01-08,16:00:00,52.71,52.71,52.71,52.71,1008,0
2015-01-08,17:00:00,53.07,53.26,53.04,53.18,14025,0
2015-01-08,18:00:00,53.14,53.14,53.13,53.13,500,0
2015-01-08,19:00:00,53.35,53.35,53.35,53.35,800,0
2015-01-08,20:00:00,53.37,53.37,53.2,53.2,18549,0
2015-01-08,21:00:00,53.22,53.22,53.22,53.22,200,0
2015-01-08,22:00:00,53.17,53.26,53.17,53.26,500,0
2015-01-09,16:00:00,53.37,53.37,53.03,53.09,1000,0
2015-01-09,17:00:00,53.0,53.0,52.81,52.82,744,0
2015-01-09,18:00:00,52.73,52.77,52.73,52.77,600,0
2015-01-09,19:00:00,52.96,52.96,52.91,52.91,700,0
2015-01-09,21:00:00,52.88,52.88,52.87,52.87,450,0
2015-01-09,22:00:00,53.21,53.26,53.14,53.14,1370,0
2015-01-12,16:00:00,52.53,52.53,52.3,52.3,800,0
2015-01-12,17:00:00,52.04,52.14,52.04,52.14,858,0
2015-01-12,18:00:00,52.32,52.33,52.09,52.09,4752,0
2015-01-12,19:00:00,52.31,52.33,52.26,52.33,13532,0
2015-01-12,20:00:00,52.41,52.41,52.35,52.35,500,0
2015-01-12,21:00:00,52.34,52.34,52.33,52.33,424,0
2015-01-12,22:00:00,52.25,52.32,52.25,52.32,1100,0
2015-01-13,17:00:00,53.25,53.28,53.22,53.22,6032,0
2015-01-13,21:00:00,52.13,52.47,52.13,52.47,2528,0
2015-01-13,22:00:00,52.23,52.71,52.23,52.57,3428,0
2015-01-14,16:00:00,51.69,51.69,51.69,51.69,200,0
2015-01-14,17:00:00,51.77,52.01,51.77,51.84,1200,0
2015-01-14,20:00:00,51.54,51.54,51.27,51.27,1533,0
2015-01-14,21:00:00,51.24,51.24,51.24,51.24,200,0
2015-01-14,22:00:00,51.76,51.89,51.76,51.89,1000,0
2015-01-15,18:00:00,51.65,51.65,51.37,51.43,5817,0
2015-01-15,22:00:00,50.91,50.91,50.79,50.79,1600,0
2015-01-16,16:00:00,50.89,50.89,50.89,50.89,185,0
2015-01-16,17:00:00,50.98,50.98,50.98,50.98,100,0
2015-01-16,18:00:00,51.16,51.17,50.87,50.88,1500,0
2015-01-16,20:00:00,51.06,51.08,51.04,51.04,2080,0
2015-01-16,21:00:00,51.07,51.14,50.9,50.9,17002,0
2015-01-16,22:00:00,50.94,50.94,50.93,50.93,1212,0
2015-01-20,16:00:00,51.08,51.11,50.9,50.9,600,0
2015-01-20,17:00:00,50.9,50.9,50.56,50.57,3498,0
2015-01-20,18:00:00,50.64,50.64,50.64,50.64,830,0
2015-01-20,20:00:00,50.65,50.75,50.65,50.75,4634,0
2015-01-20,22:00:00,51.01,51.01,51.01,51.01,300,0
2015-01-21,16:00:00,51.01,51.49,51.01,51.49,2658,0
2015-01-21,17:00:00,51.7,52.08,51.7,52.08,1666,0
2015-01-21,18:00:00,52.03,52.03,51.87,51.87,955,0
2015-01-21,19:00:00,52.08,52.13,52.08,52.13,220,0
2015-01-21,20:00:00,51.89,51.89,51.89,51.89,750,0
2015-01-21,22:00:00,52.1,52.1,52.1,52.1,256,0
2015-01-22,16:00:00,51.87,51.87,51.87,51.87,200,0
2015-01-22,17:00:00,52.1,52.22,52.1,52.13,900,0
2015-01-22,20:00:00,52.49,52.49,52.49,52.49,3090,0
2015-01-22,21:00:00,52.77,53.0,52.77,53.0,300,0
2015-01-22,22:00:00,53.16,53.16,53.16,53.16,393,0
2015-01-23,16:00:00,52.95,52.95,52.95,52.95,200,0
2015-01-23,17:00:00,53.09,53.15,53.03,53.03,800,0
2015-01-23,18:00:00,53.11,53.14,53.05,53.14,1030,0
2015-01-23,19:00:00,53.14,53.14,53.1,53.12,900,0
2015-01-23,20:00:00,52.92,53.03,52.92,53.03,800,0
2015-01-23,21:00:00,53.0,53.0,52.9,52.93,8672,0
2015-01-23,22:00:00,52.9,53.0,52.81,52.81,1150,0
2015-01-26,16:00:00,53.47,53.58,53.47,53.58,1000,0
2015-01-26,17:00:00,53.83,54.01,53.73,54.01,810,0
2015-01-26,18:00:00,54.11,54.13,54.11,54.13,560,0
2015-01-26,19:00:00,54.31,54.31,54.25,54.25,332,0
2015-01-26,20:00:00,54.28,54.39,54.28,54.39,700,0
2015-01-26,21:00:00,54.4,54.4,54.4,54.4,1460,0
2015-01-26,22:00:00,54.25,54.25,54.25,54.25,298,0
2015-01-27,16:00:00,53.73,53.78,53.67,53.67,2053,0
2015-01-27,17:00:00,53.45,53.49,53.28,53.45,900,0
2015-01-27,18:00:00,53.57,53.74,53.49,53.74,500,0
2015-01-27,19:00:00,53.77,53.77,53.77,53.77,300,0
2015-01-27,20:00:00,53.84,53.84,53.71,53.71,432,0
2015-01-27,21:00:00,53.86,53.91,53.86,53.91,930,0
2015-01-27,22:00:00,53.76,53.76,53.76,53.76,109,0
2015-01-28,16:00:00,53.68,53.68,53.67,53.67,400,0
2015-01-28,17:00:00,53.68,53.68,53.62,53.62,700,0
2015-01-28,18:00:00,53.13,53.37,53.13,53.28,2395,0
2015-01-28,19:00:00,53.29,53.45,53.29,53.45,3100,0
2015-01-28,21:00:00,53.09,53.11,53.06,53.06,1017,0
2015-01-28,22:00:00,52.75,52.75,52.75,52.75,466,0
2015-01-29,17:00:00,52.72,52.72,52.26,52.26,2357,0
2015-01-29,18:00:00,52.39,52.39,52.39,52.39,300,0
2015-01-29,19:00:00,52.55,52.55,52.53,52.53,1000,0
2015-01-29,20:00:00,52.94,52.94,52.8,52.8,1778,0
2015-01-29,22:00:00,53.22,53.22,53.22,53.22,100,0
2015-01-30,16:00:00,53.16,53.48,53.16,53.48,1105,0
2015-01-30,17:00:00,53.21,53.21,52.82,52.82,850,0
2015-01-30,18:00:00,52.82,52.89,52.8,52.82,1833,0
2015-01-30,19:00:00,52.93,52.94,52.93,52.94,900,0
2015-01-30,20:00:00,52.82,52.82,52.68,52.68,1420,0
2015-01-30,21:00:00,52.95,53.08,52.95,53.08,862,0
2015-02-02,17:00:00,53.01,53.28,53.01,53.07,3666,0
2015-02-02,18:00:00,53.96,53.98,53.78,53.96,2600,0
2015-02-02,19:00:00,53.75,53.75,53.75,53.75,200,0
2015-02-02,20:00:00,53.65,53.65,53.41,53.41,1890,0
2015-02-02,21:00:00,53.44,53.73,53.44,53.73,1624,0
2015-02-02,22:00:00,53.55,54.06,53.52,54.06,1640,0
2015-02-03,16:00:00,55.5,55.79,55.4,55.78,1350,0
2015-02-03,17:00:00,55.64,55.88,55.63,55.77,1900,0
2015-02-03,18:00:00,55.65,56.0,55.6,55.89,1900,0
2015-02-03,21:00:00,56.27,56.27,56.21,56.21,900,0
2015-02-03,22:00:00,56.44,56.44,56.4,56.4,2200,0
2015-02-04,16:00:00,56.1,56.2,56.1,56.2,416,0
2015-02-04,17:00:00,55.71,55.71,55.71,55.71,600,0
2015-02-04,18:00:00,56.02,56.02,56.02,56.02,600,0
2015-02-04,20:00:00,55.74,55.75,55.74,55.75,1435,0
2015-02-04,21:00:00,55.82,55.82,55.82,55.82,792,0
2015-02-04,22:00:00,55.47,55.67,55.47,55.67,399,0
2015-02-05,16:00:00,56.15,56.26,55.72,55.72,1921,0
2015-02-05,19:00:00,56.39,56.39,56.39,56.39,300,0
2015-02-05,21:00:00,56.31,56.31,56.31,56.31,2000,0
2015-02-05,22:00:00,56.39,56.41,56.39,56.41,1015,0
2015-02-06,16:00:00,56.1,56.1,56.1,56.1,666,0
2015-02-06,17:00:00,56.2,56.3,56.2,56.3,2060,0
2015-02-06,18:00:00,56.4,56.4,56.4,56.4,150,0
2015-02-06,19:00:00,56.35,56.35,56.35,56.35,210,0
2015-02-06,20:00:00,56.2,56.2,56.0,56.0,990,0
2015-02-06,21:00:00,56.28,56.29,56.14,56.14,1688,0
2015-02-09,16:00:00,55.88,56.02,55.88,56.02,2210,0
2015-02-09,17:00:00,56.15,56.15,56.09,56.09,400,0
2015-02-09,18:00:00,56.03,56.03,56.03,56.03,500,0
2015-02-09,19:00:00,56.01,56.01,56.0,56.0,200,0
2015-02-09,20:00:00,56.04,56.04,56.04,56.04,990,0
2015-02-09,21:00:00,56.1,56.1,56.01,56.01,825,0
2015-02-09,22:00:00,56.0,56.02,55.91,55.95,3000,0
2015-02-10,16:00:00,56.5,56.5,56.5,56.5,1638,0
2015-02-10,17:00:00,56.05,56.05,55.94,55.94,700,0
2015-02-10,18:00:00,55.88,55.92,55.88,55.92,400,0
2015-02-10,19:00:00,56.0,56.09,56.0,56.09,500,0
2015-02-10,21:00:00,56.14,56.14,56.1,56.1,678,0
2015-02-10,22:00:00,56.36,56.5,56.22,56.5,3637,0
2015-02-11,17:00:00,55.68,55.68,55.54,55.54,800,0
2015-02-11,18:00:00,55.56,55.8,55.55,55.8,2300,0
2015-02-11,19:00:00,55.73,55.73,55.73,55.73,300,0
2015-02-11,20:00:00,55.64,55.96,55.64,55.96,850,0
2015-02-12,16:00:00,55.78,55.98,55.78,55.98,314,0
2015-02-12,17:00:00,56.24,56.24,56.21,56.21,1200,0
2015-02-12,19:00:00,56.42,56.42,56.42,56.42,400,0
2015-02-12,20:00:00,56.49,56.56,56.49,56.52,4024,0
2015-02-12,21:00:00,56.64,56.65,56.64,56.65,721,0
2015-02-12,22:00:00,56.79,56.79,56.79,56.79,2677,0
2015-02-13,16:00:00,57.0,57.0,57.0,57.0,519,0
2015-02-13,17:00:00,56.82,56.82,56.69,56.69,1390,0
2015-02-13,18:00:00,56.74,56.74,56.67,56.67,900,0
2015-02-13,19:00:00,56.61,56.61,56.6,56.6,700,0
2015-02-13,21:00:00,56.82,56.82,56.67,56.82,929,0
2015-02-13,22:00:00,56.95,56.95,56.89,56.89,1049,0
2015-02-17,16:00:00,57.0,57.0,56.88,56.88,600,0
2015-02-17,17:00:00,56.94,56.94,56.9,56.9,600,0
2015-02-17,18:00:00,57.05,57.05,57.05,57.05,300,0
2015-02-17,19:00:00,57.46,57.46,57.46,57.46,175,0
2015-02-17,20:00:00,57.6,57.6,57.6,57.6,200,0
2015-02-17,21:00:00,57.42,57.42,57.27,57.27,1000,0
2015-02-17,22:00:00,57.33,57.33,57.33,57.33,11214,0
2015-02-18,17:00:00,57.97,57.97,57.77,57.77,434,0
2015-02-18,18:00:00,57.83,57.84,57.77,57.84,700,0
2015-02-18,20:00:00,57.59,57.59,57.53,57.53,1766,0
2015-02-18,22:00:00,57.72,57.72,57.72,57.72,568,0
2015-02-19,16:00:00,57.2,57.2,57.2,57.2,176,0
2015-02-19,17:00:00,57.41,57.42,57.37,57.38,1981,0
2015-02-19,18:00:00,57.33,57.62,57.33,57.6,6336,0
2015-02-19,20:00:00,57.24,57.24,57.23,57.23,1384,0
2015-02-19,22:00:00,57.37,57.37,57.16,57.16,1083,0
2015-02-20,16:00:00,57.5,57.5,57.06,57.06,825,0
2015-02-20,17:00:00,56.94,57.28,56.94,57.18,98822,0
2015-02-20,18:00:00,57.2,57.73,57.2,57.73,8741,0
2015-02-20,19:00:00,57.52,57.55,57.4,57.55,2766,0
2015-02-20,20:00:00,57.54,57.73,57.54,57.62,2108,0
2015-02-20,21:00:00,57.68,57.68,57.68,57.68,300,0
2015-02-20,22:00:00,57.9,57.9,57.82,57.82,700,0
2015-02-23,16:00:00,58.07,58.07,58.07,58.07,4300,0
2015-02-23,17:00:00,57.71,57.82,57.71,57.82,1604,0
2015-02-23,18:00:00,57.84,57.94,57.84,57.93,15300,0
2015-02-23,21:00:00,57.9,57.9,57.9,57.9,8140,0
2015-02-23,22:00:00,57.64,57.84,57.64,57.84,2155,0
2015-02-24,16:00:00,57.2,58.85,57.2,58.85,1810,0
2015-02-24,17:00:00,58.72,58.79,58.71,58.72,2169,0
2015-02-24,18:00:00,58.92,58.92,58.92,58.92,1340,0
2015-02-24,19:00:00,58.73,58.89,58.73,58.89,433,0
2015-02-24,20:00:00,58.63,58.7,58.63,58.7,1300,0
2015-02-24,21:00:00,58.71,58.71,58.61,58.69,2166,0
2015-02-24,22:00:00,58.69,58.77,58.49,58.49,5350,0
2015-02-25,17:00:00,58.88,59.04,58.67,58.67,9446,0
2015-02-25,18:00:00,58.55,58.55,58.55,58.55,200,0
2015-02-25,19:00:00,58.6,58.6,58.6,58.6,836,0
2015-02-25,20:00:00,58.65,58.69,58.62,58.69,3085,0
2015-02-25,21:00:00,58.9,58.9,58.9,58.9,680,0
2015-02-25,22:00:00,58.74,58.79,58.74,58.79,300,0
2015-02-26,16:00:00,58.81,58.81,58.66,58.66,1090,0
2015-02-26,17:00:00,58.45,58.58,58.45,58.49,1996,0
2015-02-26,18:00:00,58.9,58.9,58.61,58.72,710,0
2015-02-26,19:00:00,58.64,58.64,58.64,58.64,600,0
2015-02-26,21:00:00,58.58,58.58,58.28,58.28,1492,0
2015-02-26,22:00:00,58.29,58.5,58.29,58.5,535,0
2015-02-27,16:00:00,57.96,58.23,57.96,58.23,1500,0
2015-02-27,17:00:00,58.21,58.26,58.21,58.26,700,0
2015-02-27,18:00:00,58.29,58.42,58.29,58.42,1300,0
2015-02-27,21:00:00,58.5,58.5,58.46,58.46,413,0
2015-02-27,22:00:00,58.68,58.68,58.55,58.55,925,0
2015-03-02,16:00:00,58.5,58.5,58.5,58.5,340,0
2015-03-02,17:00:00,58.49,58.76,58.49,58.49,5500,0
2015-03-02,18:00:00,58.64,58.64,58.64,58.64,210,0
2015-03-02,19:00:00,58.44,58.44,58.44,58.44,100,0
2015-03-02,20:00:00,58.58,58.64,58.58,58.64,384,0
2015-03-03,16:00:00,58.55,58.625,58.105,58.42,1554,0
2015-03-03,17:00:00,58.492,58.61,58.492,58.61,5073,0
2015-03-03,19:00:00,58.3999,58.3999,58.3999,58.3999,172,0
2015-03-03,21:00:00,58.49,58.49,58.2425,58.2425,633,0
2015-03-03,22:00:00,58.1769,58.475,58.1769,58.44,1264,0
2015-03-04,16:00:00,57.86,57.86,56.88,57.7764,1265,0
2015-03-04,17:00:00,57.66,57.87,57.57,57.69,4005,0
2015-03-04,19:00:00,57.83,57.83,57.83,57.83,100,0
2015-03-05,16:00:00,58.3,58.3,58.3,58.3,175,0
2015-03-05,17:00:00,58.77,58.8,58.65,58.65,3100,0
2015-03-05,18:00:00,58.7699,58.7699,58.7699,58.7699,112,0
2015-03-05,19:00:00,58.73,58.73,58.73,58.73,850,0
2015-03-05,20:00:00,58.3201,58.62,58.3201,58.39,660,0
2015-03-05,21:00:00,58.7,58.7,58.7,58.7,100,0
2015-03-05,22:00:00,58.7,58.7,58.54,58.54,275,0
2015-03-06,17:00:00,58.54,58.78,58.4701,58.78,1463,0
2015-03-06,20:00:00,58.25,58.3,58.14,58.19,1100,0
2015-03-06,21:00:00,58.0801,58.28,58.04,58.04,1470,0
2015-03-06,22:00:00,58,58.13,57.99,58.06,900,0
2015-03-09,15:00:00,58.2,58.2,57.75,57.88,6722,0
2015-03-09,16:00:00,57.78,58.05,57.78,57.78,400,0
2015-03-09,17:00:00,57.754,57.89,57.754,57.89,600,0
2015-03-09,20:00:00,57.85,57.85,57.85,57.85,100,0
2015-03-09,21:00:00,57.915,57.915,57.9,57.9,545,0
2015-03-10,15:00:00,57.28,57.28,57.28,57.28,1118,0
2015-03-10,16:00:00,57,57,57,57,2500,0
2015-03-10,17:00:00,57.26,57.26,57.01,57.01,600,0
2015-03-10,18:00:00,56.72,56.792,56.72,56.792,698,0
2015-03-10,20:00:00,56.984,57.01,56.9,56.91,2900,0
2015-03-10,21:00:00,56.72,56.9,56.66,56.9,5263,0
2015-03-11,15:00:00,56.9,56.9116,56.9,56.9116,456,0
2015-03-11,16:00:00,57,57,56.823,56.823,550,0
2015-03-11,17:00:00,56.94,56.94,56.94,56.94,200,0
2015-03-11,18:00:00,57.269,57.269,57.269,57.269,100,0
2015-03-11,19:00:00,57.018,57.13,57.018,57.13,354,0
2015-03-11,20:00:00,56.98,56.98,56.98,56.98,300,0
2015-03-12,15:00:00,57.21,57.21,57.21,57.21,442,0
2015-03-12,18:00:00,57.25,57.31,57.18,57.18,300,0
2015-03-12,19:00:00,57.1851,57.1851,57.18,57.18,200,0
2015-03-12,20:00:00,57.27,57.33,57.1801,57.1801,5516,0
2015-03-13,15:00:00,57.02,57.02,57.02,57.02,175,0
2015-03-13,20:00:00,56.6,56.6,56.6,56.6,500,0
2015-03-16,15:00:00,57.53,57.53,57.24,57.24,860,0
2015-03-16,16:00:00,57.12,57.12,56.96,56.96,200,0
2015-03-16,19:00:00,57.0899,57.25,57.0899,57.1508,554,0
2015-03-16,21:00:00,57.3,57.3499,57.27,57.27,1230,0
2015-03-17,15:00:00,57.18,57.18,57.18,57.18,288,0
2015-03-17,16:00:00,57.25,57.26,57.21,57.21,400,0
2015-03-17,17:00:00,57.4,57.43,57.4,57.43,1916,0
2015-03-17,18:00:00,57.355,57.689,57.355,57.689,1028,0
2015-03-17,19:00:00,57.5064,57.57,57.5064,57.552,1141,0
2015-03-17,20:00:00,57.61,57.61,57.61,57.61,200,0
2015-03-18,15:00:00,57.9,57.9,57.739,57.739,816,0
2015-03-18,16:00:00,57.83,57.84,57.64,57.6401,600,0
2015-03-18,19:00:00,57.77,57.9299,57.77,57.9299,200,0
2015-03-18,20:00:00,58.116,58.116,58.116,58.116,100,0
2015-03-18,21:00:00,58.78,58.78,58.6701,58.6701,200,0
2015-03-19,15:00:00,58.51,58.51,58.25,58.3812,789,0
2015-03-19,16:00:00,58.65,58.65,58.385,58.385,2459,0
2015-03-19,17:00:00,58.38,58.38,58.38,58.38,100,0
2015-03-19,18:00:00,58.165,58.165,58.05,58.05,2800,0
2015-03-19,19:00:00,58.257,58.37,58.257,58.37,400,0
2015-03-19,20:00:00,58.17,58.17,58.12,58.12,1700,0
2015-03-19,21:00:00,58.13,58.2099,58.08,58.09,2880,0
2015-03-20,15:00:00,58.462,58.462,58.462,58.462,100,0
2015-03-20,17:00:00,58.859,58.859,58.859,58.859,250,0
2015-03-20,19:00:00,59,59,59,59,100,0
2015-03-20,20:00:00,58.9202,58.9202,58.9202,58.9202,400,0
2015-03-23,15:00:00,59.16,59.16,58.88,59.06,1348,0
2015-03-23,16:00:00,58.89,59.088,58.8,59.088,650,0
2015-03-23,17:00:00,59.2699,59.2699,59.2699,59.2699,200,0
2015-03-23,18:00:00,59.339,59.339,59.339,59.339,100,0
2015-03-23,19:00:00,59.1435,59.1435,59.1435,59.1435,102,0
2015-03-23,20:00:00,59.15,59.1667,59.15,59.1667,825,0
2015-03-23,21:00:00,59.03,59.03,59.03,59.03,100,0
2015-03-24,15:00:00,59.37,59.37,58.88,58.88,2019,0
2015-03-24,16:00:00,59.08,59.08,59.08,59.08,100,0
2015-03-24,17:00:00,59.4542,59.479,59.4542,59.479,202,0
2015-03-24,18:00:00,59.4599,59.4599,59.4599,59.4599,148,0
2015-03-24,19:00:00,59.29,59.29,59.29,59.29,168,0
2015-03-24,21:00:00,59.375,59.46,59.23,59.23,740,0
2015-03-25,15:00:00,59.38,59.38,58.84,58.94,623,0
2015-03-25,16:00:00,58.98,58.995,58.98,58.995,2900,0
2015-03-25,17:00:00,58.5199,58.5199,58.5199,58.5199,300,0
2015-03-25,18:00:00,58.37,58.4599,58.311,58.4599,360,0
2015-03-25,19:00:00,58.167,58.167,58.1501,58.1501,431,0
2015-03-25,21:00:00,58.2899,58.2899,58.1,58.1,400,0
2015-03-26,15:00:00,57.82,57.82,57.7,57.7,670,0
2015-03-26,16:00:00,57.19,57.31,57.19,57.31,12435,0
2015-03-26,17:00:00,57.2,57.3,57.2,57.3,500,0
2015-03-26,18:00:00,57.32,57.39,57.32,57.33,1135,0
2015-03-26,19:00:00,57.48,57.48,57.48,57.48,100,0
2015-03-26,21:00:00,57.38,57.41,57.38,57.41,881,0
2015-03-27,15:00:00,57.28,57.47,57.24,57.37,967,0
2015-03-27,17:00:00,57.25,57.27,57.142,57.27,416,0
2015-03-27,18:00:00,57.31,57.31,57.31,57.31,270,0
2015-03-27,20:00:00,57.31,57.31,57.2799,57.2799,1009,0
2015-03-30,16:00:00,57.99,57.99,57.96,57.97,1666,0
2015-03-30,17:00:00,57.97,57.97,57.501,57.54,855,0
2015-03-30,18:00:00,57.54,57.67,57.54,57.67,280,0
2015-03-30,19:00:00,57.67,57.67,57.6201,57.6201,496,0
2015-03-30,20:00:00,57.6201,58.1788,57.6201,58.1788,545,0
2015-03-30,21:00:00,58.1788,58.1788,58.051,58.0601,312,0
2015-03-30,22:00:00,58.0601,58.0601,58.0601,58.0601,104,0
2015-03-31,16:00:00,57.94,57.94,57.59,57.6,1428,0
2015-03-31,17:00:00,57.77,57.77,57.77,57.77,165,0
2015-03-31,18:00:00,57.77,57.801,57.77,57.801,277,0
2015-03-31,19:00:00,57.7901,57.7901,57.7901,57.7901,500,0
2015-03-31,20:00:00,57.7901,57.9,57.7901,57.9,182,0
2015-03-31,21:00:00,57.9,57.9,57.9,57.9,77,0
2015-03-31,22:00:00,57.9,58.03,57.71,58.03,1286,0
2015-04-01,16:00:00,58.33,58.33,57.762,57.762,1436,0
2015-04-01,17:00:00,57.762,58.12,57.762,58.12,297,0
2015-04-01,18:00:00,58.12,58.3899,58.08,58.08,656,0
2015-04-01,20:00:00,58.4199,58.4199,58.24,58.24,836,0
2015-04-01,21:00:00,58.4252,58.4252,58.16,58.1939,7053,0
2015-04-01,22:00:00,58.26,58.39,58.26,58.33,5502,0
2015-04-02,16:00:00,58.89,58.89,58.87,58.87,656,0
2015-04-02,17:00:00,58.87,59.05,58.87,59.05,889,0
2015-04-02,18:00:00,59.05,59.05,59.05,59.05,88,0
2015-04-02,19:00:00,59.05,59.05,59.05,59.05,200,0
2015-04-02,20:00:00,59.0788,59.0788,59.05,59.05,376,0
2015-04-02,21:00:00,59.05,59.05,59.05,59.05,66,0
2015-04-02,22:00:00,58.87,58.87,58.87,58.87,100,0
2015-04-06,16:00:00,59.5,59.5,58.6,59.19,1951,0
2015-04-06,17:00:00,59.19,59.19,59.19,59.19,33,0
2015-04-06,18:00:00,59.19,59.19,59.19,59.19,33,0
2015-04-06,19:00:00,59.19,59.19,59.19,59.19,31,0
2015-04-06,20:00:00,59.19,60.0153,59.19,60.0153,588,0
2015-04-06,21:00:00,60.011,60.208,60.011,60.042,462,0
2015-04-06,22:00:00,60.01,60.01,59.81,59.954,1337,0
2015-04-07,16:00:00,60.13,60.13,59.948,60.07,874,0
2015-04-07,17:00:00,60.07,60.12,60.07,60.12,329,0
2015-04-07,18:00:00,60.12,60.24,60.12,60.24,181,0
2015-04-07,19:00:00,60.24,60.24,60.24,60.24,111,0
2015-04-07,20:00:00,60.24,60.24,60.01,60.01,124,0
2015-04-07,22:00:00,60,60,59.79,59.79,625,0
2015-04-08,16:00:00,60.56,60.84,60.56,60.73,3350,0
2015-04-08,17:00:00,60.73,60.79,60.59,60.59,750,0
2015-04-08,18:00:00,60.59,60.59,60.59,60.59,50,0
2015-04-08,19:00:00,60.59,60.59,60.5517,60.5517,197,0
2015-04-08,20:00:00,60.5517,60.5517,60.5517,60.5517,92,0
2015-04-08,21:00:00,60.66,60.8999,60.5801,60.8476,3598,0
2015-04-08,22:00:00,60.82,60.8299,60.81,60.82,1179,0
2015-04-09,16:00:00,61,61.0901,61,61.0901,1833,0
2015-04-09,17:00:00,61.3255,61.3255,61.2899,61.2899,321,0
2015-04-09,18:00:00,61.252,61.4199,61.252,61.4199,1831,0
2015-04-09,20:00:00,61.4199,61.4199,61.4199,61.4199,1,0
2015-04-09,21:00:00,61.47,61.56,61.42,61.42,1099,0
2015-04-09,22:00:00,61.42,61.72,61.42,61.72,1631,0
2015-04-10,16:00:00,61.68,61.68,61.68,61.68,768,0
2015-04-10,17:00:00,61.68,61.68,61.43,61.43,329,0
2015-04-10,18:00:00,61.65,61.65,61.6068,61.6068,428,0
2015-04-10,19:00:00,61.6068,61.6255,61.6068,61.6255,134,0
2015-04-10,20:00:00,61.62,61.62,61.62,61.62,167,0
2015-04-10,21:00:00,61.68,61.68,61.68,61.68,115,0
2015-04-10,22:00:00,61.734,61.734,61.734,61.734,336,0
2015-04-13,16:00:00,62.04,62.04,62.04,62.04,763,0
2015-04-13,17:00:00,61.8718,61.8718,61.8718,61.8718,434,0
2015-04-13,18:00:00,61.8718,61.9099,61.8718,61.9099,694,0
2015-04-13,19:00:00,61.9146,61.9146,61.9046,61.9046,412,0
2015-04-13,20:00:00,61.9046,61.9046,61.9046,61.9046,145,0
2015-04-13,21:00:00,61.9046,61.9046,61.6601,61.6601,222,0
2015-04-13,22:00:00,61.6601,61.81,61.63,61.65,2022,0
2015-04-14,16:00:00,61.75,61.75,61.15,61.15,1851,0
2015-04-14,18:00:00,61.15,61.15,61.15,61.15,154,0
2015-04-14,19:00:00,61.2333,61.38,61.2201,61.38,867,0
2015-04-14,21:00:00,61.38,61.47,61.38,61.47,698,0
2015-04-14,22:00:00,61.47,61.47,61.47,61.47,647,0
2015-04-15,16:00:00,61.8,61.8,61.55,61.55,1192,0
2015-04-15,17:00:00,61.62,61.75,61.62,61.75,447,0
2015-04-15,18:00:00,61.75,61.92,61.68,61.896,2279,0
2015-04-15,19:00:00,61.896,61.983,61.89,61.9,809,0
2015-04-15,20:00:00,62,62.03,62,62.03,506,0
2015-04-15,21:00:00,62.15,62.18,62.15,62.18,496,0
2015-04-15,22:00:00,62.18,62.217,62.18,62.217,579,0
2015-04-16,16:00:00,62.08,62.318,62.08,62.318,312,0
2015-04-16,17:00:00,61.9722,61.9722,61.8999,61.8999,1286,0
2015-04-16,18:00:00,61.8999,61.92,61.8999,61.912,638,0
2015-04-16,19:00:00,61.99,61.99,61.99,61.99,200,0
2015-04-16,20:00:00,62.2399,62.2399,62.2399,62.2399,1003,0
2015-04-16,21:00:00,62.2399,62.4445,62.2399,62.39,353,0
2015-04-16,22:00:00,62.39,62.39,62.26,62.2755,1113,0
2015-04-17,16:00:00,61.53,61.53,61.05,61.06,1162,0
2015-04-17,17:00:00,61.1,61.1,60.79,61.0699,1226,0
2015-04-17,18:00:00,61.07,61.07,60.95,60.95,63,0
2015-04-17,19:00:00,61.03,61.06,60.89,60.91,567,0
2015-04-17,20:00:00,60.9499,60.9499,60.9499,60.9499,35,0
2015-04-17,21:00:00,60.69,60.8112,60.69,60.8112,161,0
2015-04-17,22:00:00,60.9379,61.1099,60.85,61.0484,731,0
2015-04-20,16:00:00,61.6,61.6,61.38,61.38,1206,0
2015-04-20,17:00:00,61.18,61.18,61.1501,61.1501,100,0
2015-04-20,18:00:00,61.45,61.52,61.301,61.301,144,0
2015-04-20,19:00:00,61.4118,61.4118,61.3348,61.3348,29,0
2015-04-20,20:00:00,61.36,61.36,61.31,61.36,167,0
2015-04-20,21:00:00,61.266,61.36,61.16,61.16,636,0
2015-04-20,22:00:00,61.29,61.43,61.29,61.43,157,0
2015-04-21,16:00:00,61.73,61.73,61.73,61.73,181,0
2015-04-21,18:00:00,61.828,62.01,61.7101,61.7101,551,0
2015-04-21,19:00:00,61.9,61.9,61.701,61.9,93,0
2015-04-21,20:00:00,61.896,61.896,61.896,61.896,326,0
2015-04-21,21:00:00,61.77,61.77,61.77,61.77,21,0
2015-04-21,22:00:00,61.89,61.9458,61.8292,61.8292,429,0
2015-04-22,16:00:00,62,62,62,62,254,0
2015-04-22,18:00:00,62.25,62.29,62.25,62.28,800,0
2015-04-22,21:00:00,62.47,62.47,62.328,62.328,200,0
2015-04-22,22:00:00,62.31,62.3399,62.31,62.3399,601,0
2015-04-23,16:00:00,62.02,62.16,62.02,62.16,435,0
2015-04-23,17:00:00,62.14,62.14,62.14,62.14,150,0
2015-04-23,19:00:00,62.07,62.19,62.07,62.19,239,0
2015-04-23,20:00:00,62.352,62.4695,62.352,62.42,1900,0
2015-04-23,21:00:00,62.46,62.47,62.44,62.445,620,0
2015-04-24,16:00:00,62.5,62.5,62.25,62.25,496,0
2015-04-24,17:00:00,62.031,62.04,62,62,4216,0
2015-04-24,18:00:00,62.18,62.19,62.18,62.19,300,0
2015-04-24,19:00:00,62.0623,62.0623,62,62,614,0
2015-04-24,21:00:00,61.77,61.77,61.69,61.69,832,0
2015-04-24,22:00:00,61.7049,61.811,61.7049,61.811,914,0
2015-04-27,16:00:00,62.23,62.4501,62.23,62.4501,457,0
2015-04-27,18:00:00,62.86,62.86,62.75,62.75,200,0
2015-04-27,19:00:00,62.86,62.88,62.47,62.49,11058,0
2015-04-27,20:00:00,62.48,62.52,62.38,62.38,5200,0
2015-04-27,21:00:00,62.36,62.6299,62.36,62.6299,1100,0
2015-04-28,16:00:00,62.47,62.74,62.47,62.74,497,0
2015-04-28,17:00:00,62.1,62.1,62.05,62.05,200,0
2015-04-28,18:00:00,62.44,62.8699,62.44,62.8699,672,0
2015-04-28,19:00:00,62.85,62.85,62.83,62.83,525,0
2015-04-28,20:00:00,62.89,62.89,62.89,62.89,100,0
2015-04-28,21:00:00,62.7899,62.7899,62.4451,62.4701,637,0
2015-04-29,16:00:00,62.37,62.37,62.17,62.26,1489,0
2015-04-29,17:00:00,62.022,62.022,62.01,62.01,400,0
2015-04-29,18:00:00,62.18,62.2,62.18,62.2,1000,0
2015-04-29,19:00:00,62.4099,62.4099,62.4099,62.4099,500,0
2015-04-29,21:00:00,62.39,62.54,62.39,62.54,300,0
2015-04-29,22:00:00,62.13,62.13,62.13,62.13,104,0
2015-04-30,16:00:00,61.89,61.89,61.86,61.86,1999,0
2015-04-30,17:00:00,61.8048,61.8048,61.8048,61.8048,125,0
2015-04-30,19:00:00,61.92,61.96,61.91,61.96,2589,0
2015-04-30,20:00:00,61.9224,61.9224,61.9224,61.9224,100,0
2015-04-30,21:00:00,61.52,61.52,61.5,61.5,525,0
2015-05-01,16:00:00,61.53,61.53,61.53,61.53,350,0
2015-05-01,18:00:00,61.58,61.58,61.44,61.4499,1000,0
2015-05-01,20:00:00,61.349,61.5449,61.349,61.5449,300,0
2015-05-01,22:00:00,61.74,61.74,61.72,61.72,640,0
2015-05-04,16:00:00,61.94,61.94,61.94,61.94,612,0
2015-05-04,17:00:00,62.25,62.25,62.064,62.064,300,0
2015-05-04,18:00:00,62.14,62.14,62.14,62.14,100,0
2015-05-04,21:00:00,62.127,62.127,61.95,61.96,648,0
2015-05-04,22:00:00,62.15,62.17,62.1,62.1,10283,0
2015-05-05,16:00:00,62.32,62.32,62.32,62.32,430,0
2015-05-05,17:00:00,62.11,62.11,62.1,62.1,800,0
2015-05-05,18:00:00,61.965,61.965,61.85,61.85,261,0
2015-05-05,19:00:00,61.7,61.7,61.7,61.7,108,0
2015-05-05,20:00:00,61.45,61.45,61.45,61.45,300,0
2015-05-05,21:00:00,61.54,61.54,61.22,61.22,330,0
2015-05-05,22:00:00,61.61,61.61,61.61,61.61,500,0
2015-05-06,16:00:00,61.2901,61.2901,61.2901,61.2901,415,0
2015-05-06,17:00:00,61.5001,61.5001,61.5001,61.5001,105,0
2015-05-06,20:00:00,61.28,61.28,61.28,61.28,100,0
2015-05-06,21:00:00,61.226,61.226,61.226,61.226,200,0
2015-05-06,22:00:00,61.195,61.195,61.195,61.195,100,0
2015-05-07,16:00:00,61.57,61.81,61.47,61.81,2533,0
2015-05-07,17:00:00,61.57,61.905,61.57,61.905,4127,0
2015-05-07,18:00:00,61.96,62.139,61.95,62.139,2532,0
2015-05-07,19:00:00,62.07,62.07,61.9511,61.9511,857,0
2015-05-07,22:00:00,62.48,62.48,62.3474,62.3474,400,0
2015-05-08,16:00:00,63.08,63.08,63.08,63.08,758,0
2015-05-08,17:00:00,63.4,63.57,63.3146,63.3146,500,0
2015-05-08,18:00:00,63.4232,63.4232,63.4232,63.4232,150,0
2015-05-08,20:00:00,63.5849,63.5849,63.5,63.5,300,0
2015-05-11,16:00:00,63.72,63.72,63.5701,63.5701,628,0
2015-05-11,18:00:00,63.8501,63.8501,63.8501,63.8501,148,0
2015-05-11,19:00:00,63.86,64.055,63.86,64.055,356,0
2015-05-11,20:00:00,64.11,64.11,64.11,64.11,100,0
2015-05-11,22:00:00,63.83,63.83,63.78,63.78,1186,0
2015-05-12,16:00:00,63.37,63.4,63.22,63.3699,1329,0
2015-05-12,17:00:00,63.41,63.46,63.41,63.46,250,0
2015-05-12,20:00:00,63.72,63.72,63.71,63.7199,600,0
2015-05-12,21:00:00,63.69,63.76,63.66,63.73,1400,0
2015-05-12,22:00:00,63.66,63.66,63.59,63.65,600,0
2015-05-13,17:00:00,64.19,64.22,63.98,63.98,3026,0
2015-05-13,20:00:00,64.2,64.2,64.2,64.2,100,0
2015-05-13,21:00:00,64.01,64.15,63.9,63.9,3964,0
2015-05-13,22:00:00,63.9646,64.03,63.9,64.03,1989,0
2015-05-14,16:00:00,64.56,64.56,64.56,64.56,503,0
2015-05-14,17:00:00,64.1808,64.2299,64.1808,64.2299,200,0
2015-05-14,18:00:00,64.179,64.179,64.179,64.179,155,0
2015-05-14,19:00:00,64.25,64.469,64.2499,64.469,1327,0
2015-05-14,20:00:00,64.2401,64.2401,64.2401,64.2401,327,0
2015-05-14,22:00:00,64.2674,64.35,64.2674,64.35,757,0
2015-05-15,16:00:00,64.42,64.42,64.42,64.42,400,0
2015-05-15,17:00:00,64.42,64.42,64.42,64.42,700,0
2015-05-15,18:00:00,64.43,64.62,64.43,64.5,1650,0
2015-05-15,19:00:00,64.559,64.5595,64.5499,64.5594,1380,0
2015-05-15,20:00:00,64.643,64.643,64.643,64.643,100,0
2015-05-15,21:00:00,64.58,64.58,64.58,64.58,104,0
2015-05-15,22:00:00,64.69,64.69,64.69,64.69,100,0
2015-05-18,16:00:00,64.51,64.51,64.51,64.51,701,0
2015-05-18,18:00:00,64.469,64.469,64.469,64.469,100,0
2015-05-18,21:00:00,64.744,64.75,64.61,64.71,1000,0
2015-05-18,22:00:00,64.578,64.578,64.578,64.578,126,0
2015-05-19,16:00:00,64.71,64.71,64.7099,64.7099,739,0
2015-05-19,22:00:00,64.14,64.14,63.97,63.97,495,0
2015-05-20,16:00:00,64.32,64.32,64.32,64.32,186,0
2015-05-20,17:00:00,63.99,64,63.99,64,433,0
2015-05-20,18:00:00,63.9,63.9,63.9,63.9,100,0
2015-05-20,19:00:00,63.85,63.93,63.85,63.93,912,0
2015-05-20,20:00:00,63.8,63.93,63.8,63.93,200,0
2015-05-20,21:00:00,64.16,64.16,64.0364,64.0364,373,0
2015-05-20,22:00:00,64.009,64.009,63.8054,63.81,641,0
2015-05-21,16:00:00,64.08,64.222,64.08,64.222,702,0
2015-05-21,17:00:00,64.52,64.66,64.383,64.66,2226,0
2015-05-21,18:00:00,64.6,64.6,64.4394,64.44,2310,0
2015-05-21,19:00:00,64.4628,64.5,64.4391,64.5,854,0
2015-05-21,20:00:00,64.48,64.52,64.4799,64.51,1630,0
2015-05-21,21:00:00,64.58,64.6573,64.482,64.6573,793,0
2015-05-21,22:00:00,64.65,64.65,64.65,64.65,123,0
2015-05-22,16:00:00,64.59,64.59,64.59,64.59,695,0
2015-05-22,19:00:00,64.5372,64.66,64.3927,64.66,733,0
2015-05-22,20:00:00,64.71,64.71,64.71,64.71,200,0
2015-05-22,22:00:00,64.7359,64.7359,64.628,64.628,566,0
2015-05-26,16:00:00,64.43,64.43,64.43,64.43,620,0
2015-05-26,17:00:00,63.8199,63.8199,63.8199,63.8199,100,0
2015-05-26,18:00:00,63.51,63.51,63.51,63.51,119,0
2015-05-26,19:00:00,63.5801,63.5801,63.5801,63.5801,221,0
2015-05-26,20:00:00,63.5301,63.714,63.5301,63.714,425,0
2015-05-26,21:00:00,63.64,63.64,63.6399,63.6399,400,0
2015-05-26,22:00:00,63.6299,63.7,63.52,63.52,2983,0
2015-05-27,16:00:00,63.82,63.82,63.37,63.37,380,0
2015-05-27,17:00:00,63.89,63.89,63.89,63.89,300,0
2015-05-27,18:00:00,63.531,63.531,63.531,63.531,166,0
2015-05-27,20:00:00,63.915,63.915,63.915,63.915,469,0
2015-05-27,21:00:00,63.9251,63.9372,63.9251,63.9372,404,0
2015-05-27,22:00:00,64.18,64.22,63.98,64,2583,0
2015-05-28,16:00:00,63.96,63.96,63.5,63.5,1350,0
2015-05-28,18:00:00,63.832,63.832,63.832,63.832,220,0
2015-05-28,19:00:00,63.69,63.72,63.69,63.72,213,0
2015-05-28,21:00:00,63.98,63.98,63.98,63.98,100,0
2015-05-28,22:00:00,64.22,64.32,63.97,64.32,1031,0
2015-05-29,16:00:00,64.4,64.4,64.07,64.07,282,0
2015-05-29,17:00:00,64.01,64.01,63.56,63.56,610,0
2015-05-29,18:00:00,63.5,63.5,63.5,63.5,923,0
2015-05-29,19:00:00,63.5868,63.5868,63.5868,63.5868,124,0
2015-05-29,20:00:00,63.5401,63.77,63.54,63.77,716,0
2015-05-29,21:00:00,63.428,63.61,63.428,63.5292,657,0
2015-05-29,22:00:00,63.639,63.639,63.36,63.36,1292,0
2015-06-01,16:00:00,63.57,63.62,63.11,63.11,2347,0
2015-06-01,17:00:00,63.11,63.11,63,63,3764,0
2015-06-01,18:00:00,63.03,63.05,63.0298,63.05,9963,0
2015-06-01,20:00:00,63.3,63.3,63.3,63.3,400,0
2015-06-01,22:00:00,63.298,63.32,63.298,63.3,3420,0
2015-06-02,16:00:00,63.11,63.11,63.11,63.11,667,0
2015-06-02,18:00:00,63.4482,63.4482,63.4482,63.4482,100,0
2015-06-02,19:00:00,63.5,63.789,63.5,63.789,500,0
2015-06-02,20:00:00,63.7695,63.7695,63.651,63.651,235,0
2015-06-02,21:00:00,63.68,63.72,63.61,63.72,1400,0
2015-06-02,22:00:00,63.67,63.68,63.5,63.5,3438,0
2015-06-03,16:00:00,63.63,63.8,63.63,63.8,403,0
2015-06-03,17:00:00,63.95,63.95,63.95,63.95,100,0
2015-06-03,20:00:00,63.96,63.98,63.84,63.94,4935,0
2015-06-03,21:00:00,63.7901,63.7901,63.7901,63.7901,100,0
2015-06-03,22:00:00,63.9268,63.9268,63.83,63.83,371,0
2015-06-04,16:00:00,63.51,63.51,63.51,63.51,179,0
2015-06-04,22:00:00,62.864,62.864,62.84,62.84,1544,0
2015-06-05,16:00:00,62.88,62.88,62.88,62.88,170,0
2015-06-05,17:00:00,62.79,62.79,62.76,62.76,380,0
2015-06-05,18:00:00,62.8471,62.92,62.66,62.89,2358,0
2015-06-05,19:00:00,62.86,62.86,62.86,62.86,100,0
2015-06-05,21:00:00,63.08,63.15,63.0799,63.15,400,0
2015-06-08,16:00:00,63.19,63.39,63.19,63.265,957,0
2015-06-08,17:00:00,63.2,63.2,62.8801,62.8801,548,0
2015-06-08,18:00:00,63.11,63.11,63.1,63.1,200,0
2015-06-08,19:00:00,62.9,62.9,62.65,62.83,400,0
2015-06-08,20:00:00,62.75,62.755,62.75,62.755,200,0
2015-06-08,22:00:00,62.899,62.9,62.899,62.9,300,0
2015-06-09,16:00:00,62.65,62.65,62.25,62.417,2441,0
2015-06-09,17:00:00,62.2,62.2,62.09,62.09,1920,0
2015-06-09,18:00:00,62.58,62.59,62.58,62.59,427,0
2015-06-09,20:00:00,62.42,62.42,62.42,62.42,320,0
2015-06-09,21:00:00,62.16,62.36,62.16,62.36,300,0
2015-06-09,22:00:00,62.3,62.3,62.15,62.28,3014,0
2015-06-10,16:00:00,62.56,62.6847,62.56,62.5601,1343,0
2015-06-10,17:00:00,62.688,62.688,62.688,62.688,130,0
2015-06-10,18:00:00,63.1755,63.1755,63.1755,63.1755,350,0
2015-06-10,19:00:00,63.0152,63.0152,63.0152,63.0152,100,0
2015-06-10,21:00:00,62.96,62.96,62.9501,62.96,570,0
2015-06-10,22:00:00,62.9651,62.9651,62.9651,62.9651,141,0
2015-06-11,16:00:00,63.38,63.38,63.38,63.38,393,0
2015-06-11,17:00:00,63.25,63.25,62.99,62.99,533,0
2015-06-11,18:00:00,63.12,63.31,63.12,63.31,200,0
2015-06-11,20:00:00,63.338,63.338,63.338,63.338,200,0
2015-06-11,21:00:00,63.3749,63.3749,63.3749,63.3749,200,0
2015-06-11,22:00:00,63.45,63.45,63.4449,63.4449,825,0
2015-06-12,17:00:00,63.12,63.12,62.93,62.93,1000,0
2015-06-12,19:00:00,63,63.01,63,63.01,373,0
2015-06-12,21:00:00,62.9953,62.9953,62.9953,62.9953,200,0
2015-06-12,22:00:00,62.9701,63.1,62.97,62.97,400,0
2015-06-15,16:00:00,62.37,62.37,61.86,62.15,557,0
2015-06-15,17:00:00,62.19,62.19,62.19,62.19,487,0
2015-06-15,18:00:00,62.58,62.58,62.58,62.58,115,0
2015-06-15,19:00:00,62.6599,62.6599,62.6599,62.6599,200,0
2015-06-15,20:00:00,62.43,62.43,62.43,62.43,404,0
2015-06-15,21:00:00,62.734,62.734,62.734,62.734,667,0
2015-06-15,22:00:00,62.72,62.72,62.72,62.72,100,0
2015-06-16,16:00:00,62.8,62.8,62.8,62.8,544,0
2015-06-16,17:00:00,62.81,62.81,62.8,62.8,500,0
2015-06-16,18:00:00,63.05,63.05,63.05,63.05,100,0
2015-06-16,20:00:00,63.0779,63.179,63.0779,63.179,202,0
2015-06-16,22:00:00,62.96,62.96,62.9224,62.9224,322,0
2015-06-17,17:00:00,63.54,63.54,63.54,63.54,385,0
2015-06-17,18:00:00,63.5,63.5,63.36,63.36,640,0
2015-06-17,19:00:00,63.19,63.19,63,63,2033,0
2015-06-17,20:00:00,62.84,62.84,62.84,62.84,195,0
2015-06-17,22:00:00,63.464,63.464,63.4075,63.4075,439,0
2015-06-18,17:00:00,63.56,63.8099,63.56,63.8099,1462,0
2015-06-18,19:00:00,64.18,64.18,63.8601,63.8601,900,0
2015-06-18,21:00:00,63.76,64.07,63.7501,63.7501,1200,0
2015-06-18,22:00:00,63.75,63.97,63.75,63.97,310,0
2015-06-19,18:00:00,63.59,63.59,63.59,63.59,491,0
2015-06-22,16:00:00,64.04,64.04,64.04,64.04,628,0
2015-06-22,17:00:00,63.8302,64.04,63.8302,64.04,400,0
2015-06-22,19:00:00,64.0408,64.0408,64.0408,64.0408,250,0
2015-06-22,21:00:00,63.9149,63.9149,63.9149,63.9149,133,0
2015-06-22,22:00:00,63.92,63.92,63.7792,63.7792,604,0
2015-06-23,16:00:00,64.06,64.06,64.03,64.03,963,0
2015-06-23,18:00:00,64.1101,64.202,64.1101,64.202,815,0
2015-06-23,21:00:00,64.3,64.3,64.3,64.3,100,0
2015-06-24,16:00:00,64.26,64.26,64.26,64.26,216,0
2015-06-24,17:00:00,64.41,64.41,64.41,64.41,200,0
2015-06-24,18:00:00,64.1,64.1,64.1,64.1,100,0
2015-06-24,19:00:00,64.1748,64.1748,64.1548,64.1548,435,0
2015-06-24,20:00:00,64,64.05,63.9,63.9,2550,0
2015-06-24,22:00:00,63.94,64.05,63.87,64.05,516,0
2015-06-25,16:00:00,63.97,64.32,63.97,64.32,257,0
2015-06-25,17:00:00,63.685,63.78,63.685,63.78,700,0
2015-06-25,18:00:00,63.93,63.93,63.93,63.93,100,0
2015-06-25,19:00:00,63.93,63.93,63.9099,63.9099,480,0
2015-06-25,20:00:00,63.735,63.832,63.735,63.832,252,0
2015-06-25,21:00:00,63.59,63.59,63.59,63.59,150,0
2015-06-26,16:00:00,63.51,63.51,63.3,63.3,484,0
2015-06-26,18:00:00,62.7801,63.13,62.7801,62.9301,1300,0
2015-06-26,19:00:00,63.05,63.05,62.88,62.88,974,0
2015-06-26,21:00:00,62.66,62.89,62.66,62.89,1100,0
2015-06-26,22:00:00,63.1299,63.1299,63,63,1087,0
2015-06-29,16:00:00,62.26,62.26,60.2,62,2218,0
2015-06-29,17:00:00,61.93,62.078,61.5201,61.7399,600,0
2015-06-29,18:00:00,61.2299,61.2299,60.99,61.0539,630,0
2015-06-29,19:00:00,61.1,61.31,61.1,61.1217,1500,0
2015-06-29,20:00:00,61.1939,61.1939,61.06,61.06,300,0
2015-06-29,21:00:00,61.239,61.239,61.154,61.154,360,0
2015-06-29,22:00:00,60.88,60.9699,60.6301,60.9699,2960,0
2015-06-30,16:00:00,61.266,61.88,61.266,61.43,500,0
2015-06-30,18:00:00,61.245,61.245,61.1052,61.1052,410,0
2015-06-30,19:00:00,60.894,61.12,60.894,61.0252,500,0
2015-06-30,20:00:00,61.18,61.18,61.14,61.14,250,0
2015-06-30,21:00:00,61.329,61.329,61.329,61.329,132,0
2015-06-30,22:00:00,61.33,61.33,61.15,61.15,299,0
2015-07-01,16:00:00,61.75,62.34,61.75,61.8201,1328,0
2015-07-01,17:00:00,61.87,62.04,61.86,62.04,337,0
2015-07-01,18:00:00,61.49,61.66,61.49,61.66,608,0
2015-07-01,19:00:00,61.34,61.35,61.34,61.35,460,0
2015-07-01,20:00:00,61.324,61.324,61.2,61.2,1086,0
2015-07-01,21:00:00,61.14,61.14,61.14,61.14,750,0
2015-07-01,22:00:00,61.25,61.25,61.11,61.11,200,0
2015-07-02,16:00:00,62.02,62.02,62.02,62.02,400,0
2015-07-02,17:00:00,61.2709,61.45,61.2709,61.45,350,0
2015-07-02,18:00:00,61.03,61.03,61.03,61.03,100,0
2015-07-02,19:00:00,61.0501,61.06,61.05,61.05,1412,0
2015-07-02,20:00:00,61.07,61.303,61.07,61.2085,444,0
2015-07-02,22:00:00,61.398,61.4,61.3,61.4,300,0
2015-07-06,16:00:00,60.84,60.84,60.1901,60.1901,1359,0
2015-07-06,17:00:00,60.47,60.66,60.38,60.66,600,0
2015-07-06,18:00:00,60.57,60.57,60.18,60.18,1300,0
2015-07-06,19:00:00,60.35,60.35,60.02,60.02,635,0
2015-07-06,20:00:00,59.9001,59.931,59.9,59.9,700,0
2015-07-06,21:00:00,59.7974,59.87,59.71,59.752,2600,0
2015-07-06,22:00:00,59.745,59.94,59.67,59.94,1831,0
2015-07-07,16:00:00,59.57,59.68,59.57,59.57,2100,0
2015-07-07,17:00:00,59.13,59.13,58.26,58.67,6239,0
2015-07-07,18:00:00,58.35,58.35,58.35,58.35,221,0
2015-07-07,19:00:00,58.66,58.81,58.66,58.81,256,0
2015-07-07,20:00:00,59.2205,59.27,59.11,59.12,800,0
2015-07-07,21:00:00,59.1,59.54,58.94,59.54,2843,0
2015-07-07,22:00:00,59.59,59.9895,59.59,59.85,2950,0
2015-07-08,16:00:00,59.252,59.252,59.252,59.252,200,0
2015-07-08,17:00:00,58.63,58.84,58.63,58.6401,440,0
2015-07-08,19:00:00,58.4064,58.6099,58.4064,58.6099,445,0
2015-07-08,21:00:00,58.488,58.488,58.488,58.488,415,0
2015-07-08,22:00:00,58.3099,58.3099,58.26,58.26,303,0
2015-07-09,16:00:00,59.21,59.98,59.21,59.922,1163,0
2015-07-09,17:00:00,59.89,59.9199,59.71,59.71,359,0
2015-07-09,18:00:00,59.6101,59.62,59.61,59.62,300,0
2015-07-09,19:00:00,59.6,59.6,59.48,59.48,304,0
2015-07-09,20:00:00,59.49,59.49,59.45,59.45,397,0
2015-07-09,22:00:00,59.4,59.4,59.294,59.294,200,0
2015-07-10,17:00:00,60.56,60.78,60.56,60.6,2179,0
2015-07-10,19:00:00,61.0048,61.0048,60.68,60.73,2066,0
2015-07-10,20:00:00,60.69,60.69,60.69,60.69,500,0
2015-07-10,21:00:00,60.6301,60.733,60.6301,60.733,284,0
2015-07-10,22:00:00,60.99,60.9999,60.906,60.976,1829,0
2015-07-13,16:00:00,61.59,62.54,61.59,62.54,680,0
2015-07-13,17:00:00,61.535,61.535,61.535,61.535,207,0
2015-07-13,18:00:00,61.36,61.36,61.36,61.36,200,0
2015-07-13,19:00:00,61.66,61.67,61.66,61.6648,912,0
2015-07-13,20:00:00,61.61,61.66,61.61,61.66,550,0
2015-07-13,22:00:00,61.7112,61.82,61.66,61.82,4121,0
2015-07-14,16:00:00,61.72,61.8146,61.72,61.8146,955,0
2015-07-14,17:00:00,62.048,62.28,61.92,62.28,1893,0
2015-07-14,18:00:00,62.11,62.11,62.1,62.1,200,0
2015-07-14,19:00:00,62.2,62.2,62.005,62.005,400,0
2015-07-14,20:00:00,62.13,62.13,62.13,62.13,510,0
2015-07-14,22:00:00,62.0201,62.2316,62.0201,62.2316,1195,0
2015-07-15,16:00:00,61.91,61.91,61.79,61.79,410,0
2015-07-15,17:00:00,61.59,61.59,61.59,61.59,800,0
2015-07-15,18:00:00,61.6708,61.6708,61.61,61.61,1670,0
2015-07-15,19:00:00,61.61,61.61,61.42,61.42,450,0
2015-07-15,20:00:00,61.4799,61.4799,61.2617,61.2617,328,0
2015-07-15,21:00:00,61.26,61.37,61.12,61.15,1403,0
2015-07-15,22:00:00,61.16,61.16,61.16,61.16,100,0
2015-07-16,16:00:00,61.68,61.68,61.68,61.68,224,0
2015-07-16,17:00:00,61.73,61.73,61.73,61.73,100,0
2015-07-16,18:00:00,61.79,61.79,61.79,61.79,100,0
2015-07-16,19:00:00,61.85,61.85,61.6,61.8,550,0
2015-07-16,20:00:00,61.6,61.6,61.471,61.471,242,0
2015-07-16,21:00:00,61.69,61.8099,61.69,61.8,598,0
2015-07-16,22:00:00,61.8,61.9,61.7999,61.9,1042,0
2015-07-17,16:00:00,62.23,62.23,61.6701,61.6701,1735,0
2015-07-17,18:00:00,61.616,61.616,61.616,61.616,633,0
2015-07-17,19:00:00,61.74,61.7552,61.74,61.7552,940,0
2015-07-17,20:00:00,61.75,61.75,61.7499,61.7499,600,0
2015-07-17,21:00:00,61.74,61.74,61.74,61.74,143,0
2015-07-17,22:00:00,61.81,61.8873,61.78,61.88,2450,0
2015-07-20,16:00:00,62.62,62.84,62.55,62.57,841,0
2015-07-20,17:00:00,62.35,62.35,62.35,62.35,100,0
2015-07-20,18:00:00,62.35,62.35,62.35,62.35,130,0
2015-07-20,19:00:00,62.6099,62.6099,62.51,62.5249,1637,0
2015-07-20,22:00:00,62.23,62.2699,62.03,62.23,1069,0
2015-07-21,16:00:00,62.05,62.05,61.82,61.82,2479,0
2015-07-21,19:00:00,61.55,61.5649,61.55,61.56,890,0
2015-07-21,20:00:00,61.28,61.38,61.28,61.34,1350,0
2015-07-21,21:00:00,61.33,61.33,61.13,61.22,1142,0
2015-07-21,22:00:00,61.08,61.17,61.08,61.17,448,0
2015-07-22,16:00:00,61.09,61.09,60.64,60.64,1096,0
2015-07-22,17:00:00,60.82,60.82,60.82,60.82,134,0
2015-07-22,18:00:00,60.9399,60.9399,60.9399,60.9399,100,0
2015-07-22,19:00:00,60.748,60.7563,60.725,60.7563,500,0
2015-07-22,21:00:00,60.67,60.67,60.67,60.67,551,0
2015-07-22,22:00:00,60.59,60.76,60.33,60.76,700,0
2015-07-23,16:00:00,60.71,60.71,60.71,60.71,700,0
2015-07-23,17:00:00,60.98,60.98,60.98,60.98,950,0
2015-07-23,18:00:00,60.79,60.87,60.4,60.4,1656,0
2015-07-23,19:00:00,60.3099,60.32,60.3099,60.319,2600,0
2015-07-23,20:00:00,60.3074,60.3074,60.0526,60.184,6392,0
2015-07-23,21:00:00,60.32,60.44,60.11,60.275,1450,0
2015-07-23,22:00:00,60.12,60.12,60.02,60.12,2052,0
2015-07-24,16:00:00,60.36,60.36,60.14,60.14,625,0
2015-07-24,17:00:00,59.82,59.82,59.82,59.82,100,0
2015-07-24,18:00:00,59.8,59.8,59.8,59.8,200,0
2015-07-24,19:00:00,59.8448,59.8448,59.8448,59.8448,460,0
2015-07-24,20:00:00,59.6048,59.6048,59.4847,59.5799,850,0
2015-07-24,21:00:00,59.47,59.47,59.47,59.47,333,0
2015-07-24,22:00:00,59.6481,59.77,59.6,59.6088,1276,0
2015-07-27,16:00:00,58.311,58.5293,58.311,58.5293,500,0
2015-07-27,18:00:00,58.97,58.97,58.97,58.97,200,0
2015-07-27,19:00:00,58.8552,58.8552,58.8552,58.8552,125,0
2015-07-27,20:00:00,58.61,58.6192,58.61,58.6192,825,0
2015-07-27,21:00:00,58.59,58.59,58.44,58.44,445,0
2015-07-27,22:00:00,58.55,58.61,58.499,58.499,700,0
2015-07-28,16:00:00,59.15,59.15,58.92,58.92,824,0
2015-07-28,17:00:00,58.72,58.72,58.72,58.72,100,0
2015-07-28,18:00:00,58.76,58.76,58.76,58.76,100,0
2015-07-28,19:00:00,59.16,59.16,59.16,59.16,180,0
2015-07-28,20:00:00,59.39,59.71,59.39,59.71,10277,0
2015-07-28,21:00:00,59.72,59.78,59.36,59.36,1287,0
2015-07-28,22:00:00,59.5,59.5,59.5,59.5,335,0
2015-07-29,16:00:00,59.29,59.29,59.21,59.21,265,0
2015-07-29,19:00:00,59.79,59.79,59.79,59.79,314,0
2015-07-29,22:00:00,60.15,60.15,60.15,60.15,200,0
2015-07-30,16:00:00,59.55,59.55,59.21,59.21,1179,0
2015-07-30,17:00:00,58.99,58.99,58.99,58.99,135,0
2015-07-30,18:00:00,58.7351,58.7351,58.7351,58.7351,133,0
2015-07-30,20:00:00,58.99,58.99,58.9,58.9,200,0
2015-07-30,22:00:00,59.3099,59.42,59.3099,59.42,500,0
2015-07-31,16:00:00,59.38,59.45,59.18,59.18,4615,0
2015-07-31,17:00:00,59.21,59.21,59.13,59.18,400,0
2015-07-31,18:00:00,59.14,59.14,59,59,300,0
2015-07-31,19:00:00,59.05,59.15,59.05,59.15,300,0
2015-07-31,20:00:00,58.57,58.57,58.57,58.57,100,0
2015-07-31,21:00:00,58.7885,58.7885,58.7885,58.7885,140,0
2015-07-31,22:00:00,58.3,58.57,58.2801,58.2801,635,0
2015-08-03,16:00:00,59.2,59.2,58.3,58.3,1419,0
2015-08-03,17:00:00,58.6482,58.76,58.6482,58.76,500,0
2015-08-03,18:00:00,58.61,58.61,58.5,58.5,9155,0
2015-08-03,19:00:00,58.491,58.491,58.4649,58.4649,217,0
2015-08-03,20:00:00,58.09,58.09,58.09,58.09,150,0
2015-08-03,21:00:00,58.05,58.17,57.91,57.91,2439,0
2015-08-03,22:00:00,57.9307,58.13,57.9307,58.11,2443,0
2015-08-04,16:00:00,58.11,58.13,58.11,58.13,276,0
2015-08-04,17:00:00,58.408,58.408,58.18,58.18,300,0
2015-08-04,19:00:00,58.327,58.327,58.327,58.327,1042,0
2015-08-04,20:00:00,58.13,58.42,58.13,58.26,414,0
2015-08-04,21:00:00,57.99,58.033,57.99,58.033,383,0
2015-08-05,16:00:00,58.71,59.15,58.71,59.15,7963,0
2015-08-05,17:00:00,59.5,59.511,59.5,59.511,2013,0
2015-08-05,18:00:00,59.48,59.48,59.222,59.3092,700,0
2015-08-05,19:00:00,59.341,59.341,59.341,59.341,136,0
2015-08-05,20:00:00,59.141,59.141,59.06,59.13,1450,0
2015-08-05,21:00:00,59.2517,59.2517,59.2517,59.2517,100,0
2015-08-06,16:00:00,58.92,58.92,57.8,57.8,2437,0
2015-08-06,17:00:00,57.67,57.73,57.26,57.73,1055,0
2015-08-06,21:00:00,57.05,57.06,57.05,57.06,558,0
2015-08-06,22:00:00,56.808,56.808,56.791,56.791,313,0
2015-08-07,16:00:00,56.67,56.67,56.67,56.67,187,0
2015-08-07,17:00:00,56.15,56.23,56.1401,56.23,1100,0
2015-08-07,18:00:00,56.2,56.2,56.2,56.2,200,0
2015-08-07,19:00:00,56.2,56.2,56.2,56.2,250,0
2015-08-07,21:00:00,56.127,56.127,55.711,55.711,756,0
2015-08-07,22:00:00,56.07,56.1299,56.07,56.1299,350,0
