Date,Time,Open,High,Low,Close,Volume,OpenInt
2015-01-15,16:00:00,80.982,80.982,80.545,80.545,13812,0
2015-01-15,17:00:00,80.396,80.853,80.396,80.585,16049,0
2015-01-15,18:00:00,80.535,80.535,80.287,80.356,19826,0
2015-01-15,19:00:00,80.337,80.386,80.078,80.188,16578,0
2015-01-15,20:00:00,80.108,80.307,79.969,80.108,49670,0
2015-01-15,21:00:00,80.128,80.178,80.019,80.168,9411,0
2015-01-15,22:00:00,80.257,80.257,79.84,79.889,41219,0
2015-01-16,16:00:00,78.965,79.403,78.568,79.114,11438,0
2015-01-16,17:00:00,79.204,79.343,78.896,79.303,44276,0
2015-01-16,18:00:00,79.383,79.383,79.204,79.303,44211,0
2015-01-16,19:00:00,79.333,79.432,79.095,79.432,26847,0
2015-01-16,20:00:00,79.422,79.432,79.273,79.353,10231,0
2015-01-16,21:00:00,79.403,79.403,79.234,79.373,15582,0
2015-01-16,22:00:00,79.373,79.78,79.303,79.621,143432,0
2015-01-20,16:00:00,79.482,79.482,78.906,78.906,12109,0
2015-01-20,17:00:00,79.025,79.194,78.946,78.955,51390,0
2015-01-20,18:00:00,78.965,79.174,78.965,79.035,22570,0
2015-01-20,19:00:00,79.025,79.244,79.025,79.164,34305,0
2015-01-20,20:00:00,79.174,79.244,79.104,79.114,16131,0
2015-01-20,21:00:00,79.224,79.403,79.104,79.373,13112,0
2015-01-20,22:00:00,79.343,79.383,79.214,79.303,15348,0
2015-01-21,16:00:00,80.237,80.893,80.237,80.843,7228,0
2015-01-21,17:00:00,80.883,81.34,80.883,81.34,42438,0
2015-01-21,18:00:00,81.35,81.44,81.211,81.39,56588,0
2015-01-21,19:00:00,81.36,81.43,81.161,81.201,60617,0
2015-01-21,20:00:00,81.201,81.35,81.161,81.181,28870,0
2015-01-21,21:00:00,81.082,81.459,81.072,81.459,20419,0
2015-01-21,22:00:00,81.479,81.628,81.261,81.628,32995,0
2015-01-22,16:00:00,81.638,81.787,81.459,81.569,38475,0
2015-01-22,17:00:00,81.658,82.085,81.599,81.956,13410,0
2015-01-22,18:00:00,82.046,82.046,81.837,81.917,19392,0
2015-01-22,19:00:00,81.936,82.105,81.867,82.036,35206,0
2015-01-22,20:00:00,82.056,82.115,81.976,82.095,14650,0
2015-01-22,21:00:00,82.046,82.572,82.046,82.572,96695,0
2015-01-22,22:00:00,82.612,82.821,82.602,82.771,164685,0
2015-01-23,16:00:00,82.274,82.592,82.274,82.592,9575,0
2015-01-23,17:00:00,82.493,82.702,82.493,82.672,12540,0
2015-01-23,18:00:00,82.562,82.672,82.523,82.632,21376,0
2015-01-23,19:00:00,82.602,82.692,82.602,82.692,94450,0
2015-01-23,20:00:00,82.702,82.731,82.572,82.622,25624,0
2015-01-23,21:00:00,82.692,82.702,82.572,82.572,13401,0
2015-01-23,22:00:00,82.523,82.592,82.473,82.483,93243,0
2015-01-26,16:00:00,82.433,82.453,82.274,82.423,4602,0
2015-01-26,17:00:00,82.453,82.632,82.403,82.602,28669,0
2015-01-26,18:00:00,82.612,82.632,82.533,82.602,27979,0
2015-01-26,19:00:00,82.672,82.702,82.592,82.622,25389,0
2015-01-26,20:00:00,82.622,82.761,82.582,82.761,23437,0
2015-01-26,21:00:00,82.721,82.751,82.552,82.622,16569,0
2015-01-26,22:00:00,82.652,82.652,82.493,82.552,23784,0
2015-01-27,16:00:00,80.933,81.022,80.853,80.853,21312,0
2015-01-27,17:00:00,81.112,81.151,80.883,80.893,53157,0
2015-01-27,18:00:00,80.893,81.33,80.893,81.251,33363,0
2015-01-27,19:00:00,81.181,81.39,81.092,81.261,82764,0
2015-01-27,20:00:00,81.36,81.489,81.281,81.38,18378,0
2015-01-27,21:00:00,81.38,81.618,81.37,81.42,84138,0
2015-01-27,22:00:00,81.42,81.499,81.291,81.35,78704,0
2015-01-28,16:00:00,81.151,81.201,80.565,80.565,85940,0
2015-01-28,17:00:00,80.595,80.764,80.545,80.605,35234,0
2015-01-28,18:00:00,80.615,80.704,80.476,80.525,28357,0
2015-01-28,19:00:00,80.555,80.635,80.515,80.515,15700,0
2015-01-28,20:00:00,80.506,80.694,80.426,80.585,27031,0
2015-01-28,21:00:00,81.022,81.022,80.247,80.436,25704,0
2015-01-28,22:00:00,80.456,80.456,79.87,79.979,49836,0
2015-01-29,16:00:00,80.436,80.436,79.76,79.88,17619,0
2015-01-29,17:00:00,79.909,79.949,79.522,79.721,35993,0
2015-01-29,18:00:00,79.721,79.85,79.581,79.75,23617,0
2015-01-29,19:00:00,79.76,79.86,79.701,79.77,24964,0
2015-01-29,20:00:00,79.87,80.148,79.78,80.108,22411,0
2015-01-29,21:00:00,80.068,80.237,80.068,80.237,14295,0
2015-01-29,22:00:00,80.277,80.535,80.217,80.446,24037,0
2015-01-30,16:00:00,79.82,79.899,79.651,79.78,80538,0
2015-01-30,17:00:00,79.79,79.83,79.472,79.502,54076,0
2015-01-30,18:00:00,79.542,79.552,79.065,79.184,54829,0
2015-01-30,19:00:00,79.194,79.422,79.174,79.204,27710,0
2015-01-30,20:00:00,79.234,79.472,79.154,79.442,30630,0
2015-01-30,21:00:00,79.413,79.721,79.164,79.263,126779,0
2015-01-30,22:00:00,79.303,79.303,78.697,78.757,63833,0
2015-02-02,16:00:00,79.512,79.591,79.442,79.442,7806,0
2015-02-02,17:00:00,79.174,79.254,79.104,79.224,5994,0
2015-02-02,18:00:00,79.323,79.77,79.323,79.73,64061,0
2015-02-02,19:00:00,79.621,79.621,79.403,79.403,12077,0
2015-02-02,20:00:00,79.403,79.482,79.263,79.263,53917,0
2015-02-02,21:00:00,79.263,79.482,79.263,79.413,13101,0
2015-02-02,22:00:00,79.422,79.84,79.413,79.81,30408,0
2015-02-03,16:00:00,80.396,80.525,80.366,80.515,36431,0
2015-02-03,17:00:00,80.496,80.605,80.416,80.486,31795,0
2015-02-03,18:00:00,80.486,80.734,80.436,80.684,16655,0
2015-02-03,19:00:00,80.595,80.714,80.535,80.674,50133,0
2015-02-03,20:00:00,80.804,80.883,80.734,80.754,29219,0
2015-02-03,21:00:00,80.814,80.863,80.496,80.863,162842,0
2015-02-03,22:00:00,80.863,81.002,80.824,80.913,37652,0
2015-02-04,16:00:00,81.261,82.165,81.261,82.016,37014,0
2015-02-04,17:00:00,82.076,82.145,81.976,82.135,42210,0
2015-02-04,18:00:00,82.125,82.284,82.085,82.125,27906,0
2015-02-04,19:00:00,82.076,82.145,81.897,81.926,58690,0
2015-02-04,20:00:00,81.897,82.006,81.887,81.907,36443,0
2015-02-04,21:00:00,81.917,81.917,81.658,81.668,20391,0
2015-02-04,22:00:00,81.668,81.767,81.231,81.31,36324,0
2015-02-05,16:00:00,80.277,80.744,80.277,80.645,92778,0
2015-02-05,17:00:00,80.625,80.863,80.525,80.843,5686,0
2015-02-05,18:00:00,80.824,80.824,80.684,80.824,6932,0
2015-02-05,19:00:00,80.764,80.824,80.714,80.734,7650,0
2015-02-05,20:00:00,80.774,80.913,80.764,80.913,10018,0
2015-02-05,21:00:00,80.784,80.893,80.744,80.863,8892,0
2015-02-05,22:00:00,80.873,81.102,80.853,80.953,34049,0
2015-02-06,16:00:00,79.114,79.75,79.114,79.462,5038,0
2015-02-06,17:00:00,79.601,79.889,79.601,79.889,10930,0
2015-02-06,18:00:00,79.78,79.84,79.721,79.77,5753,0
2015-02-06,19:00:00,79.77,79.83,79.542,79.542,11145,0
2015-02-06,20:00:00,79.572,79.572,79.313,79.422,10301,0
2015-02-06,21:00:00,79.512,79.512,79.363,79.393,26382,0
2015-02-06,22:00:00,79.373,79.393,79.144,79.333,47230,0
2015-02-09,16:00:00,78.955,79.273,78.538,79.263,7305,0
2015-02-09,17:00:00,79.134,79.343,79.015,79.095,17012,0
2015-02-09,18:00:00,78.965,79.204,78.965,79.095,13612,0
2015-02-09,19:00:00,79.104,79.124,79.005,79.055,16672,0
2015-02-09,20:00:00,79.075,79.104,78.946,79.055,28774,0
2015-02-09,21:00:00,79.015,79.075,78.936,78.975,15972,0
2015-02-09,22:00:00,78.965,79.045,78.846,79.035,28318,0
2015-02-10,16:00:00,79.691,79.691,79.244,79.343,4932,0
2015-02-10,17:00:00,79.383,79.383,79.144,79.244,13537,0
2015-02-10,18:00:00,79.174,79.403,79.164,79.353,156071,0
2015-02-10,19:00:00,79.422,79.562,79.234,79.472,27394,0
2015-02-10,20:00:00,79.472,79.532,79.383,79.452,11379,0
2015-02-10,21:00:00,79.353,79.651,79.333,79.651,15641,0
2015-02-10,22:00:00,79.651,79.701,79.492,79.522,30837,0
2015-02-11,16:00:00,79.442,79.442,79.154,79.154,29890,0
2015-02-11,17:00:00,78.965,79.045,78.965,78.995,4323,0
2015-02-11,18:00:00,79.005,79.154,79.005,79.154,39613,0
2015-02-11,19:00:00,79.144,79.174,79.114,79.124,8629,0
2015-02-11,20:00:00,79.035,79.244,78.965,79.244,19564,0
2015-02-11,21:00:00,79.273,79.363,79.164,79.343,25575,0
2015-02-11,22:00:00,79.373,79.442,79.353,79.432,19201,0
2015-02-12,16:00:00,79.522,79.88,79.522,79.82,12121,0
2015-02-12,17:00:00,79.87,79.87,79.601,79.671,7762,0
2015-02-12,18:00:00,79.75,79.85,79.671,79.83,9584,0
2015-02-12,19:00:00,79.899,79.969,79.8,79.84,12130,0
2015-02-12,20:00:00,79.84,80.048,79.84,80.048,31859,0
2015-02-12,21:00:00,80.048,80.247,79.949,80.168,10879,0
2015-02-12,22:00:00,80.158,80.237,80.078,80.098,14295,0
2015-02-13,16:00:00,80.416,80.665,80.416,80.665,3450,0
2015-02-13,17:00:00,80.625,80.863,80.625,80.794,43614,0
2015-02-13,18:00:00,80.804,80.883,80.764,80.853,6834,0
2015-02-13,19:00:00,80.824,80.903,80.665,80.665,10848,0
2015-02-13,20:00:00,80.744,80.804,80.565,80.585,10515,0
2015-02-13,21:00:00,80.615,80.684,80.545,80.684,8165,0
2015-02-13,22:00:00,80.605,80.704,80.585,80.635,23755,0
2015-02-17,16:00:00,81.151,81.151,80.744,80.744,5555,0
2015-02-17,17:00:00,80.833,80.833,80.545,80.605,15486,0
2015-02-17,18:00:00,80.555,80.853,80.535,80.804,13969,0
2015-02-17,19:00:00,80.853,81.082,80.784,81.082,8826,0
2015-02-17,20:00:00,80.992,81.171,80.992,80.992,8717,0
2015-02-17,21:00:00,81.022,81.082,80.883,80.883,9460,0
2015-02-17,22:00:00,80.853,80.953,80.784,80.853,51673,0
2015-02-18,16:00:00,80.833,80.843,80.585,80.585,3064,0
2015-02-18,17:00:00,80.585,80.684,80.436,80.684,15536,0
2015-02-18,18:00:00,80.635,80.704,80.635,80.655,7351,0
2015-02-18,19:00:00,80.625,80.665,80.555,80.605,8327,0
2015-02-18,20:00:00,80.645,80.645,80.525,80.545,12099,0
2015-02-18,21:00:00,80.595,80.774,80.595,80.605,8904,0
2015-02-18,22:00:00,80.625,80.794,80.625,80.764,15766,0
2015-02-19,16:00:00,80.625,80.625,80.297,80.545,2641,0
2015-02-19,17:00:00,80.545,80.714,80.535,80.684,6643,0
2015-02-19,18:00:00,80.714,80.824,80.684,80.814,8544,0
2015-02-19,19:00:00,80.764,80.804,80.565,80.615,14651,0
2015-02-19,20:00:00,80.565,80.694,80.545,80.694,10198,0
2015-02-19,21:00:00,80.635,80.694,80.535,80.555,17398,0
2015-02-19,22:00:00,80.615,80.724,80.545,80.615,15570,0
2015-02-20,16:00:00,80.396,80.496,80.396,80.426,7769,0
2015-02-20,17:00:00,80.535,80.794,80.535,80.794,4919,0
2015-02-20,18:00:00,80.784,80.853,80.694,80.724,19872,0
2015-02-20,19:00:00,80.784,80.843,80.714,80.784,15298,0
2015-02-20,20:00:00,80.833,81.002,80.764,81.002,26161,0
2015-02-20,21:00:00,81.032,81.102,80.973,81.042,16355,0
2015-02-20,22:00:00,81.042,81.211,81.042,81.201,23675,0
2015-02-23,16:00:00,81.062,81.062,80.724,80.754,5700,0
2015-02-23,17:00:00,80.764,80.794,80.704,80.714,17712,0
2015-02-23,18:00:00,80.704,80.784,80.635,80.694,14192,0
2015-02-23,19:00:00,80.684,80.704,80.545,80.545,8804,0
2015-02-23,20:00:00,80.545,80.615,80.496,80.585,14530,0
2015-02-23,21:00:00,80.585,80.585,80.486,80.486,18395,0
2015-02-23,22:00:00,80.486,80.535,80.386,80.525,46313,0
2015-02-24,16:00:00,81.251,81.251,80.963,80.963,4831,0
2015-02-24,17:00:00,80.913,81.509,80.903,81.509,13126,0
2015-02-24,18:00:00,81.36,81.599,81.36,81.499,11955,0
2015-02-24,19:00:00,81.44,81.489,81.37,81.479,11629,0
2015-02-24,20:00:00,81.42,81.459,81.32,81.41,13850,0
2015-02-24,21:00:00,81.38,81.459,81.33,81.42,10554,0
2015-02-24,22:00:00,81.37,81.489,81.33,81.33,17342,0
2015-02-25,16:00:00,81.41,81.44,81.181,81.181,4435,0
2015-02-25,17:00:00,81.281,81.35,81.211,81.281,7250,0
2015-02-25,18:00:00,81.281,81.3,81.151,81.241,8980,0
2015-02-25,19:00:00,81.191,81.291,81.151,81.181,7229,0
2015-02-25,20:00:00,81.181,81.271,81.151,81.201,22815,0
2015-02-25,21:00:00,81.221,81.231,81.002,81.002,17542,0
2015-02-25,22:00:00,80.893,81.072,80.893,81.072,7563,0
2015-02-26,16:00:00,81.718,81.867,81.718,81.797,1973,0
2015-02-26,17:00:00,81.698,81.767,81.668,81.767,23703,0
2015-02-26,18:00:00,81.767,81.817,81.728,81.797,18452,0
2015-02-26,19:00:00,81.807,81.847,81.748,81.847,11372,0
2015-02-26,20:00:00,81.807,81.807,81.738,81.748,14332,0
2015-02-26,21:00:00,81.698,81.728,81.599,81.618,8773,0
2015-02-26,22:00:00,81.599,81.777,81.599,81.777,11848,0
2015-02-27,16:00:00,81.797,81.797,81.728,81.767,4576,0
2015-02-27,17:00:00,81.758,81.897,81.698,81.897,5309,0
2015-02-27,18:00:00,81.917,81.917,81.728,81.797,10346,0
2015-02-27,19:00:00,81.807,81.827,81.738,81.748,5565,0
2015-02-27,20:00:00,81.738,81.738,81.599,81.668,18256,0
2015-02-27,21:00:00,81.658,81.698,81.569,81.589,17811,0
2015-02-27,22:00:00,81.608,81.678,81.529,81.579,24958,0
2015-03-02,16:00:00,81.41,81.519,81.41,81.41,3039,0
2015-03-02,17:00:00,81.3,81.599,81.3,81.599,2415,0
2015-03-02,18:00:00,81.539,81.708,81.499,81.658,2612,0
2015-03-02,19:00:00,81.638,81.658,81.569,81.599,3915,0
2015-03-02,20:00:00,81.549,81.668,81.549,81.668,6526,0
2015-03-02,21:00:00,81.648,81.668,81.559,81.658,6477,0
2015-03-02,22:00:00,81.618,81.767,81.618,81.767,15066,0
2015-03-03,16:00:00,80.446,80.476,79.76,80.426,10249,0
2015-03-03,17:00:00,80.426,80.436,80.237,80.347,3844,0
2015-03-03,18:00:00,80.227,80.257,80.083,80.217,2111,0
2015-03-03,19:00:00,80.178,80.198,80.049,80.148,6694,0
2015-03-03,20:00:00,80.148,80.247,80.078,80.173,7251,0
2015-03-03,21:00:00,80.188,80.307,80.118,80.217,15420,0
2015-03-03,22:00:00,80.228,80.347,80.173,80.287,12847,0
2015-03-04,16:00:00,79.631,79.721,79.303,79.442,17857,0
2015-03-04,17:00:00,79.393,79.472,79.283,79.472,13291,0
2015-03-04,18:00:00,79.512,79.601,79.512,79.572,2821,0
2015-03-04,19:00:00,79.572,79.79,79.572,79.693,1694,0
2015-03-04,20:00:00,79.735,79.77,79.591,79.591,12304,0
2015-03-04,21:00:00,79.681,79.84,79.542,79.84,2442,0
2015-03-04,22:00:00,79.73,79.919,79.721,79.86,12647,0
2015-03-05,16:00:00,79.83,79.889,79.542,79.889,13535,0
2015-03-05,17:00:00,79.959,80.207,79.954,80.048,15942,0
2015-03-05,18:00:00,80.096,80.108,79.909,79.999,16790,0
2015-03-05,19:00:00,80.009,80.009,79.661,79.681,21404,0
2015-03-05,20:00:00,79.651,79.889,79.651,79.889,13691,0
2015-03-05,21:00:00,79.919,80.029,79.88,79.949,18263,0
2015-03-05,22:00:00,79.919,80.029,79.83,79.959,28241,0
2015-03-06,16:00:00,79.711,79.711,79.422,79.641,2774,0
2015-03-06,17:00:00,79.8,79.8,79.502,79.522,7208,0
2015-03-06,18:00:00,79.502,79.511,79.075,79.273,51491,0
2015-03-06,19:00:00,79.254,79.323,79.095,79.184,3523,0
2015-03-06,20:00:00,79.214,79.214,79.065,79.154,2172,0
2015-03-06,21:00:00,79.134,79.236,78.995,79.015,2780,0
2015-03-06,22:00:00,79.081,79.174,79.006,79.174,20432,0
2015-03-09,15:00:00,79.562,79.788,79.562,79.681,6416,0
2015-03-09,16:00:00,79.701,79.756,79.591,79.693,2798,0
2015-03-09,17:00:00,79.621,79.721,79.581,79.581,12589,0
2015-03-09,18:00:00,79.581,79.711,79.512,79.661,26963,0
2015-03-09,19:00:00,79.658,79.86,79.657,79.85,21385,0
2015-03-09,20:00:00,79.674,79.79,79.567,79.79,24440,0
2015-03-09,21:00:00,79.79,79.8,79.542,79.572,35680,0
2015-03-10,15:00:00,78.488,78.488,78.21,78.21,7807,0
2015-03-10,16:00:00,78.24,78.285,78.026,78.151,7028,0
2015-03-10,17:00:00,78.151,78.339,78.136,78.161,63982,0
2015-03-10,18:00:00,78.002,78.042,77.892,78.002,81121,0
2015-03-10,19:00:00,78.017,78.131,77.972,78.123,9523,0
2015-03-10,20:00:00,78.131,78.131,77.972,78.041,15408,0
2015-03-10,21:00:00,78.041,78.111,77.973,78.002,26619,0
2015-03-11,15:00:00,78.051,78.28,78.051,78.101,6525,0
2015-03-11,16:00:00,78.081,78.16,77.867,77.892,3706,0
2015-03-11,17:00:00,77.913,78.19,77.902,78.121,14687,0
2015-03-11,18:00:00,78.22,78.22,78.051,78.091,38119,0
2015-03-11,19:00:00,78.091,78.141,78.021,78.121,21698,0
2015-03-11,20:00:00,78.121,78.273,78.121,78.18,55345,0
2015-03-11,21:00:00,78.151,78.19,78.011,78.071,7755,0
2015-03-12,15:00:00,78.876,79.104,78.806,79.104,30163,0
2015-03-12,16:00:00,78.963,78.995,78.747,78.785,3074,0
2015-03-12,17:00:00,78.787,78.976,78.786,78.946,31850,0
2015-03-12,18:00:00,78.846,78.846,78.658,78.658,6304,0
2015-03-12,19:00:00,78.637,78.687,78.588,78.588,27592,0
2015-03-12,20:00:00,78.578,78.588,78.419,78.488,33328,0
2015-03-12,21:00:00,78.498,78.588,78.488,78.498,38787,0
2015-03-13,15:00:00,78.876,79.035,78.497,78.498,29679,0
2015-03-13,16:00:00,78.338,78.401,78.32,78.32,9257,0
2015-03-13,17:00:00,78.344,78.439,78.28,78.439,36717,0
2015-03-13,18:00:00,78.409,78.578,78.389,78.449,13301,0
2015-03-13,19:00:00,78.379,78.409,78.17,78.388,22766,0
2015-03-13,20:00:00,78.421,78.421,78.329,78.399,1892,0
2015-03-13,21:00:00,78.389,78.707,78.389,78.647,2600,0
2015-03-16,15:00:00,79.532,79.77,79.482,79.69,8003,0
2015-03-16,16:00:00,79.701,79.73,79.631,79.653,14785,0
2015-03-16,17:00:00,79.73,79.82,79.698,79.815,36048,0
2015-03-16,18:00:00,79.82,79.82,79.701,79.77,40417,0
2015-03-16,19:00:00,79.76,79.86,79.75,79.81,25216,0
2015-03-16,20:00:00,79.802,79.909,79.78,79.909,6121,0
2015-03-16,21:00:00,79.909,79.939,79.74,79.78,36022,0
2015-03-17,15:00:00,79.472,79.601,79.154,79.537,17228,0
2015-03-17,16:00:00,79.472,79.75,79.462,79.671,69607,0
2015-03-17,17:00:00,79.671,79.815,79.572,79.79,43542,0
2015-03-17,18:00:00,79.81,79.999,79.74,79.979,19864,0
2015-03-17,19:00:00,79.979,80.227,79.979,80.128,25947,0
2015-03-17,20:00:00,80.138,80.25,80.058,80.108,39954,0
2015-03-17,21:00:00,80.108,80.311,80.039,80.039,43382,0
2015-03-18,15:00:00,80.287,80.406,80.287,80.396,3398,0
2015-03-18,16:00:00,80.406,80.486,80.297,80.316,1838,0
2015-03-18,17:00:00,80.297,80.349,80.297,80.346,1203,0
2015-03-18,18:00:00,80.435,80.476,80.422,80.443,5267,0
2015-03-18,19:00:00,80.376,80.376,80.068,80.356,10441,0
2015-03-18,20:00:00,80.396,81.479,80.396,81.459,17259,0
2015-03-18,21:00:00,81.479,81.732,81.251,81.42,25354,0
2015-03-19,15:00:00,81.4,81.767,81.151,81.479,19076,0
2015-03-19,16:00:00,81.489,81.618,81.191,81.38,13979,0
2015-03-19,17:00:00,81.284,81.42,81.181,81.231,13965,0
2015-03-19,18:00:00,81.201,81.261,81.082,81.251,2835,0
2015-03-19,19:00:00,81.271,81.44,81.271,81.3,8482,0
2015-03-19,20:00:00,81.269,81.45,81.236,81.43,4622,0
2015-03-19,21:00:00,81.44,81.618,81.419,81.43,14612,0
2015-03-20,15:00:00,81.718,81.777,81.718,81.777,624,0
2015-03-20,16:00:00,81.678,81.767,81.668,81.707,16334,0
2015-03-20,17:00:00,81.709,81.956,81.696,81.887,3683,0
2015-03-20,18:00:00,81.877,82.006,81.847,81.996,2555,0
2015-03-20,19:00:00,82.076,82.095,81.986,82.095,5000,0
2015-03-20,20:00:00,82.155,82.155,82.076,82.115,3538,0
2015-03-20,21:00:00,82.155,82.155,81.877,81.877,4005,0
2015-03-23,15:00:00,81.738,81.936,81.599,81.877,3121,0
2015-03-23,16:00:00,81.847,81.996,81.688,81.688,3958,0
2015-03-23,17:00:00,81.638,81.777,81.638,81.748,3443,0
2015-03-23,18:00:00,81.688,81.832,81.648,81.797,3804,0
2015-03-23,19:00:00,81.797,81.877,81.797,81.875,3383,0
2015-03-23,20:00:00,81.897,81.917,81.827,81.877,1252,0
2015-03-23,21:00:00,81.887,81.93,81.737,81.777,8817,0
2015-03-24,15:00:00,81.41,81.648,81.333,81.628,9747,0
2015-03-24,16:00:00,81.608,81.748,81.579,81.698,27778,0
2015-03-24,17:00:00,81.688,81.738,81.509,81.628,197662,0
2015-03-24,18:00:00,81.648,81.708,81.45,81.509,12347,0
2015-03-24,19:00:00,81.509,81.569,81.4,81.509,46351,0
2015-03-24,20:00:00,81.479,81.479,81.39,81.479,30285,0
2015-03-24,21:00:00,81.479,81.688,81.479,81.668,198029,0
2015-03-25,15:00:00,81.589,81.589,81.146,81.146,3485,0
2015-03-25,16:00:00,81.191,81.37,81.102,81.159,4555,0
2015-03-25,17:00:00,81.201,81.201,80.888,81.052,9842,0
2015-03-25,18:00:00,81.002,81.022,80.799,80.873,1941,0
2015-03-25,19:00:00,80.838,80.903,80.699,80.843,3900,0
2015-03-25,20:00:00,80.833,80.992,80.833,80.868,3227,0
2015-03-25,21:00:00,80.855,80.855,80.625,80.625,17548,0
2015-03-26,15:00:00,80.714,80.719,80.555,80.555,3135,0
2015-03-26,16:00:00,80.426,80.665,80.426,80.665,1696,0
2015-03-26,17:00:00,80.684,80.774,80.654,80.749,2541,0
2015-03-26,18:00:00,80.704,80.724,80.704,80.724,302,0
2015-03-26,19:00:00,80.696,80.89,80.665,80.833,1747,0
2015-03-26,20:00:00,80.784,80.923,80.714,80.853,77697,0
2015-03-26,21:00:00,80.893,80.982,80.496,80.674,132027,0
2015-03-27,15:00:00,81.658,81.877,81.658,81.678,8713,0
2015-03-27,16:00:00,81.648,81.842,81.559,81.739,5271,0
2015-03-27,17:00:00,81.696,81.907,81.696,81.907,6499,0
2015-03-27,18:00:00,81.887,81.966,81.857,81.887,4358,0
2015-03-27,19:00:00,81.939,81.965,81.857,81.926,4033,0
2015-03-27,20:00:00,81.926,81.958,81.837,81.897,4777,0
2015-03-27,21:00:00,81.897,82.036,81.887,81.887,9851,0
2015-03-30,16:00:00,83.467,83.946,83.258,83.854,11763,0
2015-03-30,17:00:00,83.844,84.083,83.814,84.063,39552,0
2015-03-30,18:00:00,84.063,84.122,84.034,84.103,19264,0
2015-03-30,19:00:00,84.103,84.51,84.103,84.51,91692,0
2015-03-30,20:00:00,84.49,84.689,84.45,84.57,18037,0
2015-03-30,21:00:00,84.55,84.709,84.55,84.659,32605,0
2015-03-30,22:00:00,84.699,84.868,84.639,84.699,72749,0
2015-03-31,16:00:00,83.616,83.834,83.467,83.834,112827,0
2015-03-31,17:00:00,83.814,84.202,83.715,84.202,52362,0
2015-03-31,18:00:00,84.202,84.232,84.122,84.142,76282,0
2015-03-31,19:00:00,84.063,84.262,83.963,84.222,81261,0
2015-03-31,20:00:00,84.19,84.281,84.128,84.192,10971,0
2015-03-31,21:00:00,84.192,84.251,84.152,84.212,5712,0
2015-03-31,22:00:00,84.192,84.192,83.993,84.103,30460,0
2015-04-01,16:00:00,85.076,85.076,84.858,84.858,6142,0
2015-04-01,17:00:00,84.858,85.293,84.858,85.244,9315,0
2015-04-01,18:00:00,85.244,85.295,85.156,85.235,21390,0
2015-04-01,19:00:00,85.235,85.26,85.106,85.215,27855,0
2015-04-01,20:00:00,85.215,85.35,85.215,85.275,17081,0
2015-04-01,21:00:00,85.325,85.345,85.196,85.255,61331,0
2015-04-01,22:00:00,85.255,85.444,85.176,85.444,112606,0
2015-04-02,16:00:00,86.169,86.646,86.169,86.646,5503,0
2015-04-02,17:00:00,86.646,86.646,86.308,86.428,48542,0
2015-04-02,18:00:00,86.428,86.527,86.398,86.428,32347,0
2015-04-02,19:00:00,86.438,86.487,86.398,86.487,44423,0
2015-04-02,20:00:00,86.487,86.527,86.418,86.527,109806,0
2015-04-02,21:00:00,86.527,86.567,86.428,86.527,10450,0
2015-04-02,22:00:00,86.527,86.656,86.467,86.567,34182,0
2015-04-06,16:00:00,86.656,87.455,86.597,87.441,37188,0
2015-04-06,17:00:00,87.471,87.64,87.384,87.64,13435,0
2015-04-06,18:00:00,87.64,87.66,87.451,87.612,7049,0
2015-04-06,19:00:00,87.612,87.729,87.531,87.677,8920,0
2015-04-06,20:00:00,87.772,87.819,87.566,87.566,2990,0
2015-04-06,21:00:00,87.698,87.699,87.511,87.67,10454,0
2015-04-06,22:00:00,87.67,87.67,87.213,87.481,34274,0
2015-04-07,16:00:00,87.69,88.064,87.69,87.928,50300,0
2015-04-07,17:00:00,87.844,88.127,87.7,87.903,68298,0
2015-04-07,18:00:00,87.898,88.117,87.803,88.117,35591,0
2015-04-07,19:00:00,88.117,88.177,88.037,88.117,8117,0
2015-04-07,20:00:00,88.117,88.147,87.959,88.008,6920,0
2015-04-07,21:00:00,88.008,88.018,87.779,87.852,44661,0
2015-04-07,22:00:00,87.852,87.898,87.501,87.521,18805,0
2015-04-08,16:00:00,92.618,93.314,91.316,93.105,21830,0
2015-04-08,17:00:00,93.175,93.234,92.449,92.737,35253,0
2015-04-08,18:00:00,92.827,93.353,92.777,93.145,21232,0
2015-04-08,19:00:00,93.145,93.423,93.045,93.184,21192,0
2015-04-08,20:00:00,93.055,93.383,93.007,93.294,11065,0
2015-04-08,21:00:00,93.294,93.413,92.668,93.105,45583,0
2015-04-08,22:00:00,93.119,93.363,92.886,93.274,36590,0
2015-04-09,16:00:00,94.794,95.39,94.794,95.295,16390,0
2015-04-09,17:00:00,95.236,95.678,94.956,94.956,83223,0
2015-04-09,18:00:00,94.965,95.619,94.864,95.439,15934,0
2015-04-09,19:00:00,95.587,95.957,95.478,95.832,16786,0
2015-04-09,20:00:00,95.832,96.285,95.788,96.205,20845,0
2015-04-09,21:00:00,96.273,96.811,96.175,96.762,27952,0
2015-04-09,22:00:00,96.762,97.129,96.563,96.782,253006,0
2015-04-10,16:00:00,95.231,95.62,94.834,95.152,37003,0
2015-04-10,17:00:00,95.152,95.191,94.963,95.124,29430,0
2015-04-10,18:00:00,95.058,95.331,94.884,95.193,8723,0
2015-04-10,19:00:00,95.193,95.967,95.193,95.808,23746,0
2015-04-10,20:00:00,95.808,95.993,95.649,95.897,5861,0
2015-04-10,21:00:00,95.967,95.967,95.459,95.763,18442,0
2015-04-10,22:00:00,95.752,95.887,95.639,95.828,19194,0
2015-04-13,16:00:00,96.782,98.173,96.782,97.974,20890,0
2015-04-13,17:00:00,97.974,97.974,97.169,97.169,19600,0
2015-04-13,18:00:00,97.307,97.656,97.179,97.567,9857,0
2015-04-13,19:00:00,97.594,97.603,97.278,97.368,10762,0
2015-04-13,20:00:00,97.278,97.323,96.901,96.965,11144,0
2015-04-13,21:00:00,96.97,97.139,96.921,96.96,12756,0
2015-04-13,22:00:00,96.96,97.03,96.639,96.851,41592,0
2015-04-14,16:00:00,95.887,95.887,94.804,94.983,14794,0
2015-04-14,17:00:00,94.983,95.023,94.635,94.814,102863,0
2015-04-14,18:00:00,94.824,95.271,94.824,95.202,23353,0
2015-04-14,19:00:00,95.172,95.378,95.142,95.301,17740,0
2015-04-14,20:00:00,95.301,95.838,95.291,95.798,34583,0
2015-04-14,21:00:00,95.798,96.006,95.659,95.967,28342,0
2015-04-14,22:00:00,95.987,96.008,95.539,95.619,36717,0
2015-04-15,16:00:00,95.549,95.655,95.2,95.586,4854,0
2015-04-15,17:00:00,95.586,95.586,95.172,95.41,13944,0
2015-04-15,18:00:00,95.44,95.44,95.142,95.231,24855,0
2015-04-15,19:00:00,95.194,95.4,95.112,95.39,117955,0
2015-04-15,20:00:00,95.39,95.838,95.291,95.635,11756,0
2015-04-15,21:00:00,95.635,95.818,95.61,95.778,10436,0
2015-04-15,22:00:00,95.733,95.867,95.642,95.828,8275,0
2015-04-16,16:00:00,96.503,96.821,96.384,96.623,13045,0
2015-04-16,17:00:00,96.623,96.672,96.454,96.662,22962,0
2015-04-16,18:00:00,96.583,96.772,96.414,96.503,15808,0
2015-04-16,19:00:00,96.493,96.722,96.493,96.642,12704,0
2015-04-16,20:00:00,96.702,97.686,96.652,97.646,20884,0
2015-04-16,21:00:00,97.576,97.735,97.195,97.338,92965,0
2015-04-16,22:00:00,97.338,97.497,97.149,97.149,23771,0
2015-04-17,16:00:00,96.185,96.185,92.588,93.413,64255,0
2015-04-17,17:00:00,93.399,93.671,92.956,93.085,41198,0
2015-04-17,18:00:00,93.085,93.372,92.886,93.178,11520,0
2015-04-17,19:00:00,93.341,93.582,93.098,93.521,8951,0
2015-04-17,20:00:00,93.343,93.92,93.214,93.371,14811,0
2015-04-17,21:00:00,93.214,94.119,93.145,93.671,103571,0
2015-04-17,22:00:00,93.791,94.238,93.711,93.94,40879,0
2015-04-20,16:00:00,93.89,94.387,93.721,94.268,33561,0
2015-04-20,17:00:00,94.367,94.47,94.049,94.198,18813,0
2015-04-20,18:00:00,94.226,94.586,94.188,94.427,52661,0
2015-04-20,19:00:00,94.446,94.715,94.287,94.347,51975,0
2015-04-20,20:00:00,94.347,94.496,94.168,94.366,78335,0
2015-04-20,21:00:00,94.332,94.417,94.109,94.138,79209,0
2015-04-20,22:00:00,94.224,94.446,93.89,94.218,91089,0
2015-04-21,16:00:00,95.152,96.781,95.152,96.547,10646,0
2015-04-21,17:00:00,96.612,96.682,96.349,96.459,68327,0
2015-04-21,18:00:00,96.424,96.622,96.315,96.315,19803,0
2015-04-21,19:00:00,96.334,96.593,96.334,96.562,7612,0
2015-04-21,20:00:00,96.493,96.563,96.419,96.454,14914,0
2015-04-21,21:00:00,96.414,96.513,96.324,96.404,37912,0
2015-04-21,22:00:00,96.404,96.404,96.106,96.146,31868,0
2015-04-22,16:00:00,97.119,98.322,97.119,97.616,24343,0
2015-04-22,17:00:00,97.785,97.984,97.527,97.785,20269,0
2015-04-22,18:00:00,97.785,98.073,97.785,97.998,15594,0
2015-04-22,19:00:00,98.113,98.113,97.904,97.924,8303,0
2015-04-22,20:00:00,97.914,98.034,97.914,98.034,10371,0
2015-04-22,21:00:00,98.004,98.153,97.974,97.974,22394,0
2015-04-22,22:00:00,97.969,98.133,97.924,98.034,22494,0
2015-04-23,16:00:00,96.593,97.27,96.553,97.229,10269,0
2015-04-23,17:00:00,97.249,97.249,97,97.119,18532,0
2015-04-23,18:00:00,97.058,97.497,97.01,97.477,7736,0
2015-04-23,19:00:00,97.417,97.706,97.388,97.656,5790,0
2015-04-23,20:00:00,97.706,97.735,97.537,97.606,27506,0
2015-04-23,21:00:00,97.606,97.725,97.497,97.666,16168,0
2015-04-23,22:00:00,97.666,97.795,97.427,97.427,30758,0
2015-04-24,16:00:00,97.706,98.108,97.547,97.825,8670,0
2015-04-24,17:00:00,97.712,97.825,97.517,97.626,3277,0
2015-04-24,18:00:00,97.69,97.745,97.616,97.676,20025,0
2015-04-24,19:00:00,97.676,97.745,97.656,97.706,82089,0
2015-04-24,20:00:00,97.686,97.804,97.676,97.755,22712,0
2015-04-24,21:00:00,97.765,97.835,97.666,97.676,45945,0
2015-04-24,22:00:00,97.676,97.815,97.636,97.775,58824,0
2015-04-27,16:00:00,99.007,99.037,98.779,98.997,54270,0
2015-04-27,17:00:00,99.027,99.295,99.027,99.118,37475,0
2015-04-27,18:00:00,99.097,99.246,99.037,99.176,20162,0
2015-04-27,19:00:00,99.077,99.176,98.759,98.759,18577,0
2015-04-27,20:00:00,98.779,99.136,98.759,98.977,67839,0
2015-04-27,21:00:00,99.047,99.355,98.928,99.325,47719,0
2015-04-27,22:00:00,99.325,99.464,99.007,99.136,96477,0
2015-04-28,16:00:00,98.928,99.226,98.62,98.757,10494,0
2015-04-28,17:00:00,98.56,98.658,98.272,98.658,5349,0
2015-04-28,18:00:00,98.699,98.771,98.561,98.749,3273,0
2015-04-28,19:00:00,98.799,98.799,98.799,98.799,101,0
2015-04-28,20:00:00,98.888,99.017,98.848,98.938,101205,0
2015-04-28,21:00:00,98.938,99.047,98.749,98.968,10155,0
2015-04-28,22:00:00,98.938,99.057,98.898,99.037,29609,0
2015-04-29,16:00:00,98.053,98.292,97.855,97.989,16001,0
2015-04-29,17:00:00,98.014,98.034,97.527,97.636,25262,0
2015-04-29,18:00:00,97.686,97.745,97.565,97.567,10707,0
2015-04-29,19:00:00,97.567,97.567,97.209,97.368,11209,0
2015-04-29,20:00:00,97.407,97.626,97.24,97.606,136849,0
2015-04-29,21:00:00,97.706,97.875,97.278,97.656,83421,0
2015-04-29,22:00:00,97.765,97.884,97.619,97.716,6342,0
2015-04-30,16:00:00,97.278,97.303,96.921,96.95,6770,0
2015-04-30,17:00:00,96.941,96.98,96.871,96.941,11673,0
2015-04-30,18:00:00,96.933,97.104,96.911,96.99,4132,0
2015-04-30,19:00:00,96.767,97.03,96.712,96.73,6122,0
2015-04-30,20:00:00,96.881,96.921,96.732,96.841,4013,0
2015-04-30,21:00:00,96.95,97.04,96.749,96.793,112198,0
2015-04-30,22:00:00,96.891,96.891,96.523,96.632,119574,0
2015-05-01,16:00:00,96.911,97.029,96.396,96.9,4310,0
2015-05-01,17:00:00,96.881,96.96,96.685,96.95,3720,0
2015-05-01,18:00:00,97.08,97.096,96.911,97.09,6845,0
2015-05-01,19:00:00,97.06,97.171,97.06,97.171,788,0
2015-05-01,20:00:00,97.209,97.437,97.209,97.36,5903,0
2015-05-01,21:00:00,97.4,97.547,97.316,97.364,258406,0
2015-05-01,22:00:00,97.408,97.517,97.239,97.427,7911,0
2015-05-04,16:00:00,97.427,97.676,97.338,97.676,31537,0
2015-05-04,17:00:00,97.537,97.875,97.537,97.845,40014,0
2015-05-04,18:00:00,97.835,97.964,97.795,97.899,25578,0
2015-05-04,19:00:00,97.974,98.043,97.875,98.014,6004,0
2015-05-04,20:00:00,97.954,98.197,97.929,98.163,7258,0
2015-05-04,21:00:00,98.222,98.381,98.083,98.292,11690,0
2015-05-04,22:00:00,98.351,98.56,98.332,98.381,22955,0
2015-05-05,16:00:00,95.917,96.046,95.838,95.842,39197,0
2015-05-05,17:00:00,95.768,95.768,95.45,95.46,54097,0
2015-05-05,18:00:00,95.48,95.5,95.261,95.35,22913,0
2015-05-05,19:00:00,95.241,95.389,95.162,95.229,17550,0
2015-05-05,20:00:00,95.197,95.241,94.973,95.008,5298,0
2015-05-05,21:00:00,94.904,95.002,94.854,94.904,4096,0
2015-05-05,22:00:00,94.913,95.152,94.864,95.122,40599,0
2015-05-06,16:00:00,94.834,94.893,94.178,94.198,6466,0
2015-05-06,17:00:00,94.168,94.168,93.811,94.009,19844,0
2015-05-06,18:00:00,94.009,94.097,93.801,93.801,9132,0
2015-05-06,19:00:00,93.801,93.801,93.642,93.652,3587,0
2015-05-06,20:00:00,93.661,93.731,93.304,93.379,9515,0
2015-05-06,21:00:00,93.353,93.463,92.996,93.023,44022,0
2015-05-06,22:00:00,93.016,93.066,92.876,93.026,41056,0
2015-05-07,16:00:00,92.409,92.439,92.181,92.191,25020,0
2015-05-07,17:00:00,92.161,92.409,92.161,92.351,8302,0
2015-05-07,18:00:00,92.4,92.55,92.26,92.26,61769,0
2015-05-07,19:00:00,92.302,92.429,92.211,92.35,47353,0
2015-05-07,20:00:00,92.35,92.439,92.211,92.37,11761,0
2015-05-07,21:00:00,92.399,92.549,92.399,92.439,8297,0
2015-05-07,22:00:00,92.429,92.767,92.419,92.698,10319,0
2015-05-08,16:00:00,93.532,94.894,93.532,94.824,18445,0
2015-05-08,17:00:00,94.874,94.92,94.695,94.745,13104,0
2015-05-08,18:00:00,94.779,95.349,94.779,95.349,19637,0
2015-05-08,19:00:00,95.39,95.39,95.212,95.212,3407,0
2015-05-08,20:00:00,95.212,95.328,95.172,95.182,17350,0
2015-05-08,21:00:00,95.242,95.311,95.089,95.089,7574,0
2015-05-08,22:00:00,95.182,95.212,94.973,95.033,12949,0
2015-05-11,16:00:00,95.579,95.778,95.43,95.46,171633,0
2015-05-11,17:00:00,95.47,95.559,95.162,95.241,52792,0
2015-05-11,18:00:00,95.261,95.261,95.11,95.192,19102,0
2015-05-11,19:00:00,95.169,95.189,95.098,95.189,3117,0
2015-05-11,20:00:00,95.142,95.192,95.142,95.192,4394,0
2015-05-11,21:00:00,95.192,95.192,94.824,94.824,7568,0
2015-05-11,22:00:00,94.834,94.874,94.596,94.596,31215,0
2015-05-12,16:00:00,93.721,93.721,93.393,93.482,26585,0
2015-05-12,17:00:00,93.473,93.82,93.443,93.761,291195,0
2015-05-12,18:00:00,93.811,93.989,93.691,93.95,19441,0
2015-05-12,19:00:00,93.95,93.999,93.775,93.95,13022,0
2015-05-12,20:00:00,93.96,94.248,93.959,94.228,15205,0
2015-05-12,21:00:00,94.178,94.248,94.079,94.079,17602,0
2015-05-12,22:00:00,94.099,94.248,94.029,94.188,53899,0
2015-05-13,16:00:00,93.91,94.292,93.91,94.208,2148,0
2015-05-13,17:00:00,94.188,94.283,93.91,94.024,28464,0
2015-05-13,18:00:00,94.022,94.077,93.92,94.019,31113,0
2015-05-13,19:00:00,93.94,93.979,93.851,93.86,35823,0
2015-05-13,20:00:00,93.848,94.014,93.801,93.87,4129,0
2015-05-13,21:00:00,93.87,93.87,93.741,93.801,5093,0
2015-05-13,22:00:00,93.811,93.82,93.474,93.622,40487,0
2015-05-14,16:00:00,94.218,94.665,94.188,94.645,14281,0
2015-05-14,17:00:00,94.64,94.784,94.586,94.71,19550,0
2015-05-14,18:00:00,94.754,94.774,94.636,94.636,7455,0
2015-05-14,19:00:00,94.745,94.824,94.685,94.824,10660,0
2015-05-14,20:00:00,94.834,94.953,94.784,94.933,10729,0
2015-05-14,21:00:00,94.933,94.953,94.765,94.834,18724,0
2015-05-14,22:00:00,94.864,94.884,94.707,94.824,17594,0
2015-05-15,16:00:00,95.49,95.669,95.42,95.609,5405,0
2015-05-15,17:00:00,95.609,95.649,95.48,95.649,5718,0
2015-05-15,18:00:00,95.688,95.857,95.599,95.857,7486,0
2015-05-15,19:00:00,95.838,96.046,95.838,95.968,2050,0
2015-05-15,20:00:00,96.038,96.056,95.967,95.987,3145,0
2015-05-15,21:00:00,96.055,96.16,95.987,96.156,44764,0
2015-05-15,22:00:00,96.168,96.21,96.046,96.136,12064,0
2015-05-18,16:00:00,95.182,95.182,94.884,95.067,46541,0
2015-05-18,17:00:00,95.048,95.048,94.923,94.953,8431,0
2015-05-18,18:00:00,94.953,95.162,94.953,95.152,20727,0
2015-05-18,19:00:00,95.162,95.202,95.122,95.202,4743,0
2015-05-18,20:00:00,95.202,95.306,95.142,95.301,123512,0
2015-05-18,21:00:00,95.315,95.371,95.231,95.331,14933,0
2015-05-18,22:00:00,95.331,95.405,95.152,95.162,6226,0
2015-05-19,16:00:00,96.126,96.255,95.977,96.195,5068,0
2015-05-19,17:00:00,96.136,96.18,95.967,96.016,6048,0
2015-05-19,18:00:00,95.937,96.225,95.937,96.175,15264,0
2015-05-19,19:00:00,96.183,96.243,96.146,96.243,9839,0
2015-05-19,20:00:00,96.245,96.275,96.146,96.255,1659,0
2015-05-19,21:00:00,96.294,96.324,96.091,96.225,11341,0
2015-05-19,22:00:00,96.275,96.32,96.126,96.255,31350,0
2015-05-20,16:00:00,95.321,95.321,95.182,95.241,64203,0
2015-05-20,17:00:00,95.256,95.371,95.256,95.371,4379,0
2015-05-20,18:00:00,95.414,95.45,95.281,95.371,3479,0
2015-05-20,19:00:00,95.331,95.49,95.261,95.49,4976,0
2015-05-20,20:00:00,95.365,95.569,95.262,95.464,2488,0
2015-05-20,21:00:00,95.616,95.897,95.44,95.778,3903,0
2015-05-20,22:00:00,95.748,95.808,95.599,95.728,34768,0
2015-05-21,16:00:00,95.063,95.38,95.063,95.311,69164,0
2015-05-21,17:00:00,95.321,95.559,95.312,95.46,4424,0
2015-05-21,18:00:00,95.46,95.579,95.43,95.579,81966,0
2015-05-21,19:00:00,95.46,95.559,95.46,95.524,2148,0
2015-05-21,20:00:00,95.48,95.53,95.38,95.402,4231,0
2015-05-21,21:00:00,95.452,95.604,95.441,95.5,3294,0
2015-05-21,22:00:00,95.526,95.708,95.376,95.51,28781,0
2015-05-22,16:00:00,97.298,97.805,97.298,97.477,8170,0
2015-05-22,17:00:00,97.497,97.725,97.487,97.711,13699,0
2015-05-22,18:00:00,97.709,97.765,97.676,97.745,9307,0
2015-05-22,19:00:00,97.775,97.964,97.775,97.924,6080,0
2015-05-22,20:00:00,97.875,97.984,97.725,97.924,8987,0
2015-05-22,21:00:00,97.931,98.153,97.865,98.138,23044,0
2015-05-22,22:00:00,98.163,98.333,98.004,98.093,16263,0
2015-05-26,16:00:00,98.858,99.322,98.59,98.61,32238,0
2015-05-26,17:00:00,98.66,98.729,98.386,98.52,23825,0
2015-05-26,18:00:00,98.461,98.496,98.401,98.431,85887,0
2015-05-26,19:00:00,98.431,98.669,98.411,98.498,86583,0
2015-05-26,20:00:00,98.481,98.52,98.093,98.123,19476,0
2015-05-26,21:00:00,98.133,98.242,98.083,98.163,102008,0
2015-05-26,22:00:00,98.163,98.53,98.163,98.431,37073,0
2015-05-27,16:00:00,97.894,97.984,97.795,97.805,5571,0
2015-05-27,17:00:00,97.765,97.963,97.603,97.825,30435,0
2015-05-27,18:00:00,97.875,97.994,97.81,97.884,76553,0
2015-05-27,19:00:00,97.865,97.923,97.785,97.795,19095,0
2015-05-27,20:00:00,97.825,98.043,97.785,98.043,10961,0
2015-05-27,21:00:00,98.053,98.242,98.038,98.242,136674,0
2015-05-27,22:00:00,98.292,98.461,98.292,98.411,62785,0
2015-05-28,16:00:00,97.427,97.427,94.814,94.844,20090,0
2015-05-28,17:00:00,94.953,94.953,94.725,94.804,5418,0
2015-05-28,18:00:00,94.792,94.953,94.765,94.933,11536,0
2015-05-28,19:00:00,94.894,95.003,94.844,94.978,9354,0
2015-05-28,20:00:00,94.963,94.963,94.794,94.864,8558,0
2015-05-28,21:00:00,94.874,94.894,94.814,94.854,12910,0
2015-05-28,22:00:00,94.844,95.39,94.824,95.212,47443,0
2015-05-29,16:00:00,94.913,95.094,94.745,95.013,3026,0
2015-05-29,17:00:00,94.904,94.904,94.473,94.553,35508,0
2015-05-29,18:00:00,94.506,94.556,94.273,94.492,29022,0
2015-05-29,19:00:00,94.551,94.618,94.417,94.477,4667,0
2015-05-29,20:00:00,94.506,94.655,94.437,94.554,7039,0
2015-05-29,21:00:00,94.417,94.466,94.109,94.119,8139,0
2015-05-29,22:00:00,94.159,94.357,93.92,93.93,46336,0
2015-06-01,16:00:00,94.864,96.195,94.864,95.351,68852,0
2015-06-01,17:00:00,95.291,95.371,95.035,95.035,20616,0
2015-06-01,18:00:00,95.064,95.172,94.923,95.044,32883,0
2015-06-01,19:00:00,95.152,95.47,95.152,95.361,23933,0
2015-06-01,20:00:00,95.331,95.371,95.261,95.351,16145,0
2015-06-01,21:00:00,95.351,95.351,95.221,95.261,13433,0
2015-06-01,22:00:00,95.261,95.45,95.261,95.351,182984,0
2015-06-02,16:00:00,94.943,95.142,94.446,95.142,6436,0
2015-06-02,17:00:00,95.182,95.45,95.172,95.42,45549,0
2015-06-02,18:00:00,95.4,95.404,95.102,95.308,68611,0
2015-06-02,19:00:00,95.341,95.659,95.321,95.659,24728,0
2015-06-02,20:00:00,95.639,95.685,95.538,95.604,9724,0
2015-06-02,21:00:00,95.708,95.808,95.46,95.549,13942,0
2015-06-02,22:00:00,95.539,95.636,95.231,95.341,11160,0
2015-06-03,16:00:00,95.708,95.708,95.192,95.311,8786,0
2015-06-03,17:00:00,95.321,95.766,95.251,95.766,19745,0
2015-06-03,18:00:00,95.828,95.887,95.619,95.738,27956,0
2015-06-03,19:00:00,95.728,95.758,95.669,95.758,3784,0
2015-06-03,20:00:00,95.798,95.867,95.792,95.828,8325,0
2015-06-03,21:00:00,95.917,95.967,95.857,95.857,4971,0
2015-06-03,22:00:00,95.867,95.917,95.689,95.847,17150,0
2015-06-04,16:00:00,96.006,96.006,95.341,95.429,25065,0
2015-06-04,17:00:00,95.461,95.569,95.251,95.371,23895,0
2015-06-04,18:00:00,95.291,95.291,95.052,95.152,10979,0
2015-06-04,19:00:00,95.072,95.142,94.953,95.114,138501,0
2015-06-04,20:00:00,94.973,95.033,94.745,94.804,10819,0
2015-06-04,21:00:00,94.804,95.072,94.804,94.997,13182,0
2015-06-04,22:00:00,94.963,95.072,94.815,95.072,20683,0
2015-06-05,16:00:00,94.069,94.168,93.701,94.138,39989,0
2015-06-05,17:00:00,94.253,94.69,94.238,94.635,26429,0
2015-06-05,18:00:00,94.566,94.735,94.566,94.596,5240,0
2015-06-05,19:00:00,94.645,94.665,94.486,94.665,20312,0
2015-06-05,20:00:00,94.675,94.715,94.546,94.586,19455,0
2015-06-05,21:00:00,94.605,94.665,94.526,94.575,16257,0
2015-06-05,22:00:00,94.635,94.685,94.556,94.655,10968,0
2015-06-08,16:00:00,94.983,94.993,94.834,94.963,12377,0
2015-06-08,17:00:00,94.976,95.033,94.875,94.884,7955,0
2015-06-08,18:00:00,94.868,94.978,94.824,94.824,11222,0
2015-06-08,19:00:00,94.745,94.94,94.745,94.795,10717,0
2015-06-08,20:00:00,94.774,94.819,94.576,94.625,13808,0
2015-06-08,21:00:00,94.546,94.764,94.516,94.764,7590,0
2015-06-08,22:00:00,94.764,94.774,94.437,94.536,45734,0
2015-06-09,16:00:00,93.592,93.592,92.409,92.708,13567,0
2015-06-09,17:00:00,92.698,92.777,92.578,92.658,30581,0
2015-06-09,18:00:00,92.628,92.797,92.628,92.727,8086,0
2015-06-09,19:00:00,92.737,92.867,92.722,92.817,6386,0
2015-06-09,20:00:00,92.876,92.876,92.787,92.797,6185,0
2015-06-09,21:00:00,92.757,92.872,92.757,92.832,8834,0
2015-06-09,22:00:00,92.876,93.035,92.757,92.976,19309,0
2015-06-10,16:00:00,92.052,92.476,91.678,92.448,14718,0
2015-06-10,17:00:00,92.412,92.499,92.4,92.449,14059,0
2015-06-10,18:00:00,92.449,92.946,92.42,92.847,60455,0
2015-06-10,19:00:00,92.846,92.846,92.556,92.63,6669,0
2015-06-10,20:00:00,92.588,92.847,92.588,92.787,5402,0
2015-06-10,21:00:00,92.777,93.075,92.777,93.025,9506,0
2015-06-10,22:00:00,92.847,92.916,92.7,92.747,6082,0
2015-06-11,16:00:00,93.324,93.483,93.095,93.483,2411,0
2015-06-11,17:00:00,93.453,93.502,93.145,93.145,74961,0
2015-06-11,18:00:00,93.165,93.433,93.145,93.433,2034,0
2015-06-11,19:00:00,93.413,93.483,93.284,93.383,9504,0
2015-06-11,20:00:00,93.257,93.483,93.257,93.479,4204,0
2015-06-11,21:00:00,93.541,93.652,93.418,93.544,4726,0
2015-06-11,22:00:00,93.413,93.603,93.324,93.413,6764,0
2015-06-12,16:00:00,93.989,94.297,93.989,94.297,3927,0
2015-06-12,17:00:00,94.506,94.506,94.08,94.08,2116,0
2015-06-12,18:00:00,94.157,94.228,94.139,94.148,1345,0
2015-06-12,19:00:00,94.144,94.227,94.122,94.227,654,0
2015-06-12,20:00:00,94.154,94.268,94.154,94.188,2964,0
2015-06-12,21:00:00,94.188,94.218,94.119,94.124,2117,0
2015-06-12,22:00:00,94.138,94.237,94.099,94.119,3899,0
2015-06-15,16:00:00,92.012,92.032,91.595,91.677,29353,0
2015-06-15,17:00:00,91.665,91.764,91.624,91.754,3455,0
2015-06-15,18:00:00,91.833,92.092,91.704,91.731,14485,0
2015-06-15,19:00:00,91.706,91.886,91.694,91.841,16027,0
2015-06-15,20:00:00,91.777,91.863,91.741,91.816,14091,0
2015-06-15,21:00:00,91.843,91.883,91.644,91.694,23655,0
2015-06-15,22:00:00,91.654,91.783,91.624,91.783,18224,0
2015-06-16,16:00:00,90.869,90.869,89.896,90.671,9028,0
2015-06-16,17:00:00,90.676,90.7,90.514,90.601,5014,0
2015-06-16,18:00:00,90.591,90.889,90.551,90.83,25730,0
2015-06-16,19:00:00,90.83,91.003,90.81,90.939,16355,0
2015-06-16,20:00:00,90.939,91.068,90.795,90.929,29675,0
2015-06-16,21:00:00,90.939,91.058,90.865,91.008,23000,0
2015-06-16,22:00:00,91.008,91.108,90.929,90.998,28964,0
2015-06-17,16:00:00,91.605,91.704,91.098,91.535,9826,0
2015-06-17,17:00:00,91.53,91.724,91.446,91.475,3040,0
2015-06-17,18:00:00,91.644,91.684,91.364,91.364,2701,0
2015-06-17,19:00:00,91.248,91.259,91.088,91.088,6984,0
2015-06-17,20:00:00,91.028,91.257,91.018,91.197,18944,0
2015-06-17,21:00:00,91.045,91.664,90.79,91.644,31995,0
2015-06-17,22:00:00,91.714,91.808,91.426,91.426,19304,0
2015-06-18,16:00:00,91.416,91.595,91.237,91.515,10563,0
2015-06-18,17:00:00,91.595,91.89,91.595,91.89,14876,0
2015-06-18,18:00:00,91.855,91.972,91.823,91.883,6386,0
2015-06-18,19:00:00,91.871,91.997,91.833,91.997,3413,0
2015-06-18,20:00:00,91.734,91.773,91.674,91.773,4784,0
2015-06-18,21:00:00,91.754,91.873,91.704,91.873,6792,0
2015-06-18,22:00:00,91.863,91.982,91.833,91.883,18380,0
2015-06-19,16:00:00,91.02,91.27,90.8218,91.07,9579,0
2015-06-19,17:00:00,91.0885,91.259,91.08,91.15,101820,0
2015-06-19,18:00:00,91.17,91.17,91.01,91.1,57895,0
2015-06-19,19:00:00,91.0805,91.19,91.0805,91.12,8460,0
2015-06-19,20:00:00,91.13,91.19,91.12,91.14,37989,0
2015-06-19,21:00:00,91.1355,91.14,91.02,91.04,284329,0
2015-06-19,22:00:00,91.03,91.0845,91.01,91.01,7663,0
2015-06-22,16:00:00,91.93,92.25,91.76,91.94,41560,0
2015-06-22,17:00:00,91.95,92.06,91.75,92.06,23040,0
2015-06-22,18:00:00,92.06,92.1634,92.06,92.07,7702,0
2015-06-22,19:00:00,92.08,92.11,91.99,92.03,13024,0
2015-06-22,20:00:00,92.05,92.1101,91.95,91.95,14808,0
2015-06-22,21:00:00,91.95,92,91.94,91.96,16034,0
2015-06-22,22:00:00,91.94,91.97,91.71,91.74,22617,0
2015-06-23,16:00:00,92.62,93.69,92.62,93.49,7529,0
2015-06-23,17:00:00,93.47,93.67,93.47,93.6,8266,0
2015-06-23,18:00:00,93.53,93.5594,93.4491,93.4758,13598,0
2015-06-23,19:00:00,93.43,93.49,93.3,93.4,14300,0
2015-06-23,20:00:00,93.435,93.48,93.41,93.4401,3316,0
2015-06-23,21:00:00,93.5,93.6599,93.45,93.6499,2945,0
2015-06-23,22:00:00,93.64,93.64,93.53,93.54,3760,0
2015-06-24,16:00:00,94,94.35,93.93,94.35,7432,0
2015-06-24,17:00:00,94.27,94.3,94.01,94.01,9538,0
2015-06-24,18:00:00,93.84,93.92,93.68,93.9,28367,0
2015-06-24,19:00:00,93.7,93.858,93.63,93.74,4918,0
2015-06-24,20:00:00,93.737,93.81,93.5301,93.5778,3813,0
2015-06-24,21:00:00,93.5821,93.6799,93.575,93.654,1725,0
2015-06-24,22:00:00,93.67,93.71,93.49,93.5,12100,0
2015-06-25,16:00:00,92.74,92.74,92.35,92.5,2040,0
2015-06-25,17:00:00,92.3176,92.3176,92.248,92.248,1374,0
2015-06-25,18:00:00,92.5199,92.5199,92.24,92.2627,2984,0
2015-06-25,19:00:00,92.24,92.3747,92.22,92.22,2895,0
2015-06-25,20:00:00,92.2606,92.3999,92.2606,92.2886,2517,0
2015-06-25,21:00:00,92.3178,92.3178,92.16,92.25,8241,0
2015-06-25,22:00:00,92.24,92.3024,92.08,92.08,11536,0
2015-06-26,16:00:00,91.16,91.19,90.1201,90.58,9364,0
2015-06-26,17:00:00,90.4699,90.63,90.3,90.3,21210,0
2015-06-26,18:00:00,90.44,90.48,90.31,90.35,8653,0
2015-06-26,19:00:00,90.37,90.44,90,90,12344,0
2015-06-26,20:00:00,90,90,89.64,89.72,11725,0
2015-06-26,21:00:00,89.67,89.79,89.6151,89.71,15905,0
2015-06-26,22:00:00,89.7,89.7836,89.55,89.64,102519,0
2015-06-29,16:00:00,88.88,88.88,87.506,88.11,31772,0
2015-06-29,17:00:00,88.1,88.17,87.74,87.76,8680,0
2015-06-29,18:00:00,87.76,87.76,87.31,87.39,11072,0
2015-06-29,19:00:00,87.4017,87.63,87.38,87.51,8753,0
2015-06-29,20:00:00,87.502,87.5952,87.45,87.531,8643,0
2015-06-29,21:00:00,87.452,87.4761,87.3,87.39,11667,0
2015-06-29,22:00:00,87.392,87.4439,86.98,87.01,15863,0
2015-06-30,16:00:00,89.24,89.35,88.52,88.915,26540,0
2015-06-30,17:00:00,88.85,89.08,88.8055,88.86,7705,0
2015-06-30,18:00:00,88.9184,89.01,88.62,88.62,44537,0
2015-06-30,19:00:00,88.62,88.65,88.51,88.65,600,0
2015-06-30,20:00:00,88.78,89.1699,88.63,89.1699,7518,0
2015-06-30,21:00:00,89.1697,89.3391,88.89,88.92,12636,0
2015-06-30,22:00:00,89,89,88.8,88.94,14449,0
2015-07-01,16:00:00,88.58,89.11,88.522,88.73,15593,0
2015-07-01,17:00:00,88.81,88.98,88.56,88.59,5089,0
2015-07-01,18:00:00,88.55,88.619,88.22,88.22,17911,0
2015-07-01,19:00:00,88.201,88.282,88.06,88.11,68168,0
2015-07-01,20:00:00,88.06,88.2176,87.88,87.93,18406,0
2015-07-01,21:00:00,87.95,88.29,87.95,88.2,5548,0
2015-07-01,22:00:00,88.13,88.38,88.13,88.38,10497,0
2015-07-02,16:00:00,88.76,89.05,88.63,88.84,10491,0
2015-07-02,17:00:00,88.7,88.72,88.388,88.42,21812,0
2015-07-02,18:00:00,88.39,88.47,88.22,88.2647,18039,0
2015-07-02,19:00:00,88.29,88.29,88.07,88.1,18805,0
2015-07-02,20:00:00,88.11,88.2747,88.0877,88.16,13231,0
2015-07-02,21:00:00,88.1506,88.22,88.1,88.2,14510,0
2015-07-02,22:00:00,88.165,88.21,88.09,88.11,11639,0
2015-07-06,16:00:00,83.52,83.96,83,83.57,64456,0
2015-07-06,17:00:00,83.57,84.08,83.561,84.07,18783,0
2015-07-06,18:00:00,83.98,84.06,83.5276,83.56,21026,0
2015-07-06,19:00:00,83.5144,83.6085,83.32,83.4807,14306,0
2015-07-06,20:00:00,83.46,83.52,83.2,83.2,41789,0
2015-07-06,21:00:00,83.22,83.24,82.92,82.9692,26157,0
2015-07-06,22:00:00,83.02,83.24,82.95,83.18,36201,0
2015-07-07,16:00:00,79.51,79.51,78.5001,78.51,40725,0
2015-07-07,17:00:00,78.51,78.53,77.1531,77.7287,70225,0
2015-07-07,18:00:00,77.601,78.09,77.0901,78.02,197576,0
2015-07-07,19:00:00,78.1,78.87,78.1,78.771,31922,0
2015-07-07,20:00:00,78.685,79.44,78.49,79.1989,17773,0
2015-07-07,21:00:00,79.385,79.5,78.6001,79.3832,53037,0
2015-07-07,22:00:00,79.49,79.65,79.36,79.56,59571,0
2015-07-08,16:00:00,78.77,78.77,75.0001,75.89,54115,0
2015-07-08,17:00:00,75.9385,76.28,75.5252,76.25,72046,0
2015-07-08,18:00:00,76.2284,76.2284,75.6811,75.6811,29837,0
2015-07-08,19:00:00,75.67,75.75,75.502,75.6656,24585,0
2015-07-08,20:00:00,75.67,75.8,75.52,75.66,41623,0
2015-07-08,21:00:00,75.6,75.63,74.8,74.91,46404,0
2015-07-08,22:00:00,74.89,75.13,74.45,74.62,93213,0
2015-07-09,16:00:00,77.92,81.01,77.92,80.39,74340,0
2015-07-09,17:00:00,80.4305,80.67,79.8,80.22,112038,0
2015-07-09,18:00:00,80.21,80.21,79.69,79.69,27498,0
2015-07-09,19:00:00,79.69,79.81,79.523,79.79,13150,0
2015-07-09,20:00:00,79.7601,79.84,79.4,79.48,149426,0
2015-07-09,21:00:00,79.49,79.635,79.41,79.631,8038,0
2015-07-09,22:00:00,79.56,79.71,79.38,79.43,62020,0
2015-07-10,16:00:00,80.22,83.28,80.22,81.86,76233,0
2015-07-10,17:00:00,81.98,82.2393,81.865,82.175,134573,0
2015-07-10,18:00:00,82.33,82.56,82.24,82.36,22368,0
2015-07-10,19:00:00,82.36,82.614,82.215,82.43,21867,0
2015-07-10,20:00:00,82.41,82.4108,82.17,82.4108,12125,0
2015-07-10,21:00:00,82.46,82.57,82.37,82.54,51869,0
2015-07-10,22:00:00,82.6192,82.96,82.6192,82.9,54245,0
2015-07-13,16:00:00,83.63,84.16,83.55,83.765,28101,0
2015-07-13,17:00:00,83.765,83.95,83.58,83.82,20541,0
2015-07-13,18:00:00,83.77,83.88,83.56,83.61,19088,0
2015-07-13,19:00:00,83.602,83.707,83.52,83.62,28074,0
2015-07-13,20:00:00,83.5896,83.71,83.57,83.7,11843,0
2015-07-13,21:00:00,83.57,83.71,83.465,83.62,20687,0
2015-07-13,22:00:00,83.61,83.64,83.47,83.61,23525,0
2015-07-14,16:00:00,83.08,83.19,82.63,83.15,31441,0
2015-07-14,17:00:00,83.1,83.32,83.062,83.24,21250,0
2015-07-14,18:00:00,83.27,83.41,83.2601,83.32,13126,0
2015-07-14,19:00:00,83.38,83.41,83.14,83.23,10956,0
2015-07-14,20:00:00,83.3,83.42,83.232,83.36,17127,0
2015-07-14,21:00:00,83.27,83.4,83.27,83.38,13769,0
2015-07-14,22:00:00,83.3817,83.58,83.38,83.52,40973,0
2015-07-15,16:00:00,82.17,82.2315,82,82.13,14703,0
2015-07-15,17:00:00,82,82.12,81.9201,82.05,15420,0
2015-07-15,18:00:00,82.07,82.07,81.7341,81.7341,14727,0
2015-07-15,19:00:00,81.765,81.85,81.6401,81.6899,62895,0
2015-07-15,20:00:00,81.68,81.73,81.53,81.54,23792,0
2015-07-15,21:00:00,81.53,81.56,81.18,81.31,17185,0
2015-07-15,22:00:00,81.36,81.46,81.15,81.3,25578,0
2015-07-16,16:00:00,82.83,82.83,82.4,82.6845,9450,0
2015-07-16,17:00:00,82.61,82.644,82.53,82.563,30759,0
2015-07-16,18:00:00,82.7,82.87,82.6301,82.74,4958,0
2015-07-16,19:00:00,82.8499,82.8499,82.605,82.605,4328,0
2015-07-16,20:00:00,82.6008,82.65,82.551,82.551,4268,0
2015-07-16,21:00:00,82.6,82.92,82.5689,82.87,9856,0
2015-07-16,22:00:00,82.88,83.03,82.845,83.02,24836,0
2015-07-17,16:00:00,83.85,84.29,83.85,84.1,6156,0
2015-07-17,17:00:00,83.94,84,83.87,84,6578,0
2015-07-17,18:00:00,83.96,84.2,83.96,84.146,12349,0
2015-07-17,19:00:00,84.05,84.2093,84.05,84.2093,1096,0
2015-07-17,20:00:00,84.2075,84.2075,84.0901,84.0901,3512,0
2015-07-17,21:00:00,84.1699,84.2799,84.11,84.18,5058,0
2015-07-17,22:00:00,84.07,84.09,83.97,84.03,4220,0
2015-07-20,16:00:00,83.6699,83.6699,83.24,83.31,3166,0
2015-07-20,17:00:00,83.2316,83.5801,83.2316,83.5801,1968,0
2015-07-20,18:00:00,83.8325,83.8823,83.7,83.8823,2134,0
2015-07-20,19:00:00,83.86,83.92,83.8255,83.8864,2347,0
2015-07-20,20:00:00,83.85,83.92,83.7356,83.7356,3744,0
2015-07-20,21:00:00,83.7003,83.89,83.7003,83.78,8833,0
2015-07-20,22:00:00,83.79,83.79,83.65,83.71,18889,0
2015-07-21,16:00:00,84.31,84.53,84.14,84.43,12865,0
2015-07-21,17:00:00,84.32,84.46,84.11,84.14,9209,0
2015-07-21,18:00:00,84.16,84.1912,84.05,84.17,11220,0
2015-07-21,19:00:00,84.23,84.26,84.002,84.0708,25963,0
2015-07-21,20:00:00,83.96,84.0299,83.8951,83.94,21505,0
2015-07-21,21:00:00,83.94,84.04,83.857,83.97,15948,0
2015-07-21,22:00:00,83.94,84.04,83.84,84.02,37348,0
2015-07-22,16:00:00,83.16,83.42,83.05,83.42,8915,0
2015-07-22,17:00:00,83.38,83.44,83.24,83.33,2279,0
2015-07-22,18:00:00,83.44,83.44,83.409,83.409,340,0
2015-07-22,19:00:00,83.34,83.5048,83.34,83.43,2031,0
2015-07-22,20:00:00,83.49,83.49,83.29,83.46,3403,0
2015-07-22,21:00:00,83.41,83.5,83.39,83.49,3714,0
2015-07-22,22:00:00,83.5246,83.5246,83.1946,83.3,4629,0
2015-07-23,16:00:00,84.04,84.19,83.965,83.965,19861,0
2015-07-23,17:00:00,84,84.149,83.9915,84.07,4633,0
2015-07-23,18:00:00,84.0772,84.0772,83.8487,83.88,23592,0
2015-07-23,19:00:00,83.86,83.86,83.5,83.566,13408,0
2015-07-23,20:00:00,83.63,83.8,83.45,83.76,23530,0
2015-07-23,21:00:00,83.69,83.69,83.44,83.49,35890,0
2015-07-23,22:00:00,83.43,83.48,83.32,83.41,8334,0
2015-07-24,16:00:00,83.16,83.18,82.9807,82.9848,12499,0
2015-07-24,17:00:00,83.05,83.05,82.7828,82.8,675,0
2015-07-24,18:00:00,82.67,82.9099,82.5512,82.5512,5971,0
2015-07-24,19:00:00,82.58,82.58,82.36,82.42,3314,0
2015-07-24,20:00:00,82.4212,82.47,82.22,82.39,3699,0
2015-07-24,21:00:00,82.37,82.37,82.0252,82.28,6780,0
2015-07-24,22:00:00,82.21,82.58,82.21,82.46,9872,0
2015-07-27,16:00:00,81.636,81.636,78.35,79.125,35562,0
2015-07-27,17:00:00,79.0613,79.43,78.84,79.19,9755,0
2015-07-27,18:00:00,79.21,79.5,79.21,79.31,6567,0
2015-07-27,19:00:00,79.32,79.33,78.6226,78.63,35719,0
2015-07-27,20:00:00,78.66,78.715,78.44,78.5434,26268,0
2015-07-27,21:00:00,78.55,78.77,78.502,78.65,48589,0
2015-07-27,22:00:00,78.62,78.87,78.6,78.87,43150,0
2015-07-28,16:00:00,79.36,79.45,78.71,78.89,11330,0
2015-07-28,17:00:00,78.92,78.92,78.52,78.68,2143,0
2015-07-28,18:00:00,78.75,79.19,78.75,79.12,27273,0
2015-07-28,19:00:00,79.2086,79.43,79.16,79.19,34446,0
2015-07-28,20:00:00,79.2,79.45,79.2,79.28,15622,0
2015-07-28,21:00:00,79.24,79.365,79.17,79.249,15390,0
2015-07-28,22:00:00,79.18,79.44,79.16,79.42,36071,0
2015-07-29,16:00:00,79.66,79.69,79.41,79.6344,1359,0
2015-07-29,17:00:00,79.5513,79.9099,79.5513,79.75,5169,0
2015-07-29,18:00:00,79.72,80.11,79.72,80.11,2667,0
2015-07-29,19:00:00,80.19,80.5,80.1601,80.5,17745,0
2015-07-29,20:00:00,80.56,80.58,80.28,80.28,89533,0
2015-07-29,21:00:00,80.27,80.663,80.27,80.662,2321,0
2015-07-29,22:00:00,80.64,80.68,80.48,80.49,84858,0
2015-07-30,16:00:00,79.69,79.69,79.19,79.4495,2255,0
2015-07-30,17:00:00,79.2849,79.5774,79.2849,79.49,1955,0
2015-07-30,18:00:00,79.2788,79.3752,79.2788,79.3752,2632,0
2015-07-30,19:00:00,79.44,79.4612,79.39,79.418,3971,0
2015-07-30,20:00:00,79.445,79.59,79.36,79.55,9079,0
2015-07-30,21:00:00,79.46,79.67,79.46,79.66,4785,0
2015-07-30,22:00:00,79.6201,79.79,79.6201,79.67,5426,0
2015-07-31,16:00:00,79.9,79.91,79.78,79.78,1812,0
2015-07-31,17:00:00,79.8,80.0724,79.8,79.95,6000,0
2015-07-31,18:00:00,79.81,79.9716,79.81,79.9335,2722,0
2015-07-31,19:00:00,79.95,79.9708,79.66,79.685,13268,0
2015-07-31,20:00:00,79.66,79.71,79.44,79.44,8325,0
2015-07-31,21:00:00,79.462,79.56,79.2601,79.2601,2476,0
2015-07-31,22:00:00,79.2401,79.33,79.18,79.3,17483,0
2015-08-03,16:00:00,78.73,78.73,78.25,78.3468,11157,0
2015-08-03,17:00:00,78.29,78.3052,78.1,78.29,4091,0
2015-08-03,18:00:00,78.29,78.4748,78.24,78.3029,20790,0
2015-08-03,19:00:00,78.375,78.3913,77.82,77.8327,6050,0
2015-08-03,20:00:00,77.82,77.965,77.73,77.965,11923,0
2015-08-03,21:00:00,77.92,77.92,77.78,77.83,5919,0
2015-08-03,22:00:00,77.87,78.25,77.8501,78.15,39998,0
2015-08-04,16:00:00,78.8,79.22,78.8,79.03,13480,0
2015-08-04,17:00:00,78.99,79.11,78.76,78.8799,27576,0
2015-08-04,18:00:00,78.87,79.0302,78.83,78.9,19771,0
2015-08-04,19:00:00,78.96,78.96,78.73,78.7792,20602,0
2015-08-04,20:00:00,78.79,78.9399,78.7475,78.7475,4993,0
2015-08-04,21:00:00,78.66,78.78,78.49,78.74,12425,0
2015-08-04,22:00:00,78.8,78.8499,78.7,78.82,9972,0
2015-08-05,16:00:00,79.6,79.99,79.545,79.958,3594,0
2015-08-05,17:00:00,79.89,79.9542,79.84,79.9001,2413,0
2015-08-05,18:00:00,79.98,80.04,79.6,79.61,3772,0
2015-08-05,19:00:00,79.69,79.72,79.291,79.39,13674,0
2015-08-05,20:00:00,79.46,79.51,79.2,79.3401,3416,0
2015-08-05,21:00:00,79.3601,79.67,79.21,79.36,8906,0
2015-08-05,22:00:00,79.46,79.6,79.383,79.56,38565,0
2015-08-06,16:00:00,79.29,79.29,79.04,79.05,4244,0
2015-08-06,17:00:00,79.11,79.27,78.99,79.1709,11840,0
2015-08-06,18:00:00,78.76,78.93,78.655,78.655,4560,0
2015-08-06,19:00:00,78.625,78.87,78.55,78.55,1600,0
2015-08-06,20:00:00,78.5,78.88,78.5,78.65,4697,0
2015-08-06,21:00:00,78.74,78.98,78.64,78.86,7178,0
2015-08-06,22:00:00,78.74,78.99,78.71,78.86,2734,0
2015-08-07,16:00:00,79.6,80.11,79.6,79.92,15602,0
2015-08-07,17:00:00,79.91,79.91,79.6499,79.7784,11976,0
2015-08-07,18:00:00,79.7,79.7,79.3801,79.5,3790,0
2015-08-07,19:00:00,79.4975,79.52,79.41,79.47,2063,0
2015-08-07,20:00:00,79.36,79.49,79.35,79.46,1178,0
2015-08-07,21:00:00,79.26,79.4116,79.24,79.4116,4324,0
2015-08-07,22:00:00,79.3801,79.47,79.31,79.42,9196,0
