Date,Time,Open,High,Low,Close,Volume,OpenInt
2015-01-15,16:00:00,22.924,22.924,22.924,22.924,6863,0
2015-01-15,17:00:00,22.934,23.06,22.934,23.06,3365,0
2015-01-15,18:00:00,22.963,23.01,22.885,22.924,8773,0
2015-01-15,19:00:00,22.934,22.934,22.934,22.934,919,0
2015-01-15,20:00:00,22.924,22.934,22.924,22.924,1403,0
2015-01-15,21:00:00,22.905,22.934,22.905,22.934,3190,0
2015-01-15,22:00:00,22.885,22.934,22.885,22.895,9926,0
2015-01-16,16:00:00,22.883,22.922,22.883,22.903,3233,0
2015-01-16,17:00:00,22.913,22.961,22.873,22.942,6156,0
2015-01-16,18:00:00,22.942,22.951,22.853,22.951,8786,0
2015-01-16,19:00:00,22.873,22.961,22.873,22.961,4808,0
2015-01-16,20:00:00,22.951,22.971,22.903,22.922,8007,0
2015-01-16,21:00:00,22.961,22.971,22.942,22.971,1618,0
2015-01-16,22:00:00,22.961,22.98,22.913,22.942,4219,0
2015-01-20,17:00:00,22.883,22.903,22.883,22.883,2801,0
2015-01-20,18:00:00,22.844,22.903,22.844,22.903,4033,0
2015-01-20,19:00:00,22.903,22.903,22.844,22.873,4278,0
2015-01-20,20:00:00,22.844,22.844,22.835,22.835,9122,0
2015-01-20,21:00:00,22.844,22.844,22.835,22.844,8567,0
2015-01-20,22:00:00,22.863,22.893,22.863,22.883,5076,0
2015-01-21,16:00:00,22.922,23.183,22.922,23.144,9106,0
2015-01-21,17:00:00,23.134,23.259,23.077,23.203,21212,0
2015-01-21,18:00:00,23.203,23.259,23.144,23.24,10693,0
2015-01-21,19:00:00,23.24,23.249,23.173,23.203,16239,0
2015-01-21,20:00:00,23.203,23.203,23.124,23.183,7200,0
2015-01-21,21:00:00,23.183,23.193,23.134,23.173,23386,0
2015-01-21,22:00:00,23.183,23.193,23.144,23.173,9029,0
2015-01-22,16:00:00,23.289,23.356,23.249,23.269,27118,0
2015-01-22,17:00:00,23.269,23.356,23.269,23.346,10767,0
2015-01-22,18:00:00,23.356,23.356,23.279,23.336,25641,0
2015-01-22,19:00:00,23.336,23.404,23.279,23.376,13682,0
2015-01-22,20:00:00,23.404,23.414,23.309,23.414,7935,0
2015-01-22,21:00:00,23.414,23.434,23.299,23.434,19001,0
2015-01-22,22:00:00,23.52,23.53,23.414,23.424,16861,0
2015-01-23,17:00:00,23.472,23.539,23.404,23.501,3973,0
2015-01-23,18:00:00,23.511,23.52,23.346,23.453,48357,0
2015-01-23,19:00:00,23.443,23.511,23.424,23.511,14390,0
2015-01-23,20:00:00,23.511,23.511,23.472,23.472,12164,0
2015-01-23,21:00:00,23.501,23.52,23.481,23.52,3311,0
2015-01-23,22:00:00,23.491,23.501,23.463,23.463,13299,0
2015-01-26,16:00:00,23.539,23.627,23.491,23.539,8563,0
2015-01-26,17:00:00,23.501,23.637,23.501,23.569,7175,0
2015-01-26,18:00:00,23.607,23.607,23.434,23.588,18185,0
2015-01-26,19:00:00,23.559,23.637,23.559,23.588,1312,0
2015-01-26,20:00:00,23.627,23.867,23.627,23.722,59722,0
2015-01-26,21:00:00,23.627,23.82,23.617,23.722,9966,0
2015-01-26,22:00:00,23.782,23.791,23.647,23.674,9482,0
2015-01-27,16:00:00,23.762,23.811,23.732,23.732,5381,0
2015-01-27,17:00:00,23.742,23.829,23.647,23.782,16736,0
2015-01-27,18:00:00,23.782,23.829,23.674,23.772,20723,0
2015-01-27,19:00:00,23.772,23.82,23.752,23.811,12608,0
2015-01-27,20:00:00,23.801,23.82,23.693,23.742,15256,0
2015-01-27,21:00:00,23.713,23.82,23.713,23.801,7004,0
2015-01-27,22:00:00,23.82,23.965,23.762,23.772,10948,0
2015-01-28,16:00:00,23.925,23.925,23.857,23.887,2513,0
2015-01-28,17:00:00,23.811,23.848,23.742,23.772,10134,0
2015-01-28,18:00:00,23.877,23.877,23.722,23.791,4223,0
2015-01-28,19:00:00,23.791,23.801,23.693,23.742,4585,0
2015-01-28,20:00:00,23.752,23.782,23.713,23.772,5765,0
2015-01-28,21:00:00,23.762,23.772,23.684,23.713,9011,0
2015-01-28,22:00:00,23.655,23.732,23.443,23.607,14216,0
2015-01-29,16:00:00,23.713,23.742,23.647,23.665,9115,0
2015-01-29,17:00:00,23.647,23.722,23.549,23.569,10414,0
2015-01-29,18:00:00,23.569,23.579,23.453,23.549,16274,0
2015-01-29,19:00:00,23.549,23.617,23.453,23.597,10617,0
2015-01-29,20:00:00,23.559,23.607,23.453,23.539,349957,0
2015-01-29,21:00:00,23.617,23.617,23.481,23.597,16566,0
2015-01-29,22:00:00,23.569,23.665,23.569,23.647,14424,0
2015-01-30,16:00:00,23.617,23.665,23.607,23.665,2390,0
2015-01-30,17:00:00,23.627,23.674,23.607,23.665,7525,0
2015-01-30,18:00:00,23.665,23.674,23.511,23.607,19005,0
2015-01-30,19:00:00,23.647,23.647,23.481,23.588,10779,0
2015-01-30,20:00:00,23.627,23.665,23.501,23.597,13123,0
2015-01-30,21:00:00,23.627,23.684,23.627,23.684,5488,0
2015-01-30,22:00:00,23.559,23.829,23.559,23.82,11254,0
2015-02-02,16:00:00,23.829,23.877,23.829,23.848,2295,0
2015-02-02,17:00:00,23.839,23.877,23.703,23.801,9745,0
2015-02-02,18:00:00,23.811,23.887,23.703,23.887,11850,0
2015-02-02,19:00:00,23.887,24.1,23.801,23.945,41124,0
2015-02-02,20:00:00,23.916,23.984,23.896,23.955,17465,0
2015-02-02,21:00:00,23.945,23.955,23.887,23.896,8507,0
2015-02-02,22:00:00,23.935,24.119,23.925,24.1,30416,0
2015-02-03,16:00:00,24.128,24.185,24.128,24.185,829,0
2015-02-03,17:00:00,24.321,24.448,24.234,24.438,4907,0
2015-02-03,18:00:00,24.418,24.544,24.294,24.476,8275,0
2015-02-03,19:00:00,24.486,24.544,24.388,24.544,7043,0
2015-02-03,20:00:00,24.486,24.611,24.466,24.611,1689,0
2015-02-03,21:00:00,24.601,24.871,24.408,24.747,120147,0
2015-02-03,22:00:00,24.775,24.775,24.554,24.649,10551,0
2015-02-04,16:00:00,24.476,24.554,24.368,24.368,5177,0
2015-02-04,17:00:00,24.544,24.544,24.215,24.438,9710,0
2015-02-04,18:00:00,24.321,24.504,24.313,24.378,21963,0
2015-02-04,19:00:00,24.428,24.504,24.205,24.304,14952,0
2015-02-04,20:00:00,24.33,24.408,24.33,24.368,9791,0
2015-02-04,21:00:00,24.321,24.388,24.166,24.359,17678,0
2015-02-04,22:00:00,24.34,24.398,24.185,24.205,11939,0
2015-02-05,16:00:00,24.215,24.591,24.215,24.466,3607,0
2015-02-05,17:00:00,24.398,24.591,24.378,24.591,7719,0
2015-02-05,18:00:00,24.582,24.708,24.504,24.591,15203,0
2015-02-05,19:00:00,24.601,24.629,24.524,24.573,21435,0
2015-02-05,20:00:00,24.611,24.619,24.544,24.611,11265,0
2015-02-05,21:00:00,24.554,24.619,24.514,24.611,5708,0
2015-02-05,22:00:00,24.629,24.804,24.564,24.573,11529,0
2015-02-06,16:00:00,24.591,24.688,24.564,24.611,2903,0
2015-02-06,17:00:00,24.639,24.639,24.466,24.591,7467,0
2015-02-06,18:00:00,24.573,24.629,24.494,24.582,21262,0
2015-02-06,19:00:00,24.554,24.582,24.466,24.494,2602,0
2015-02-06,20:00:00,24.504,24.514,24.466,24.514,5371,0
2015-02-06,21:00:00,24.514,24.601,24.494,24.582,17427,0
2015-02-06,22:00:00,24.514,24.582,24.428,24.428,9592,0
2015-02-09,16:00:00,24.564,24.591,24.554,24.564,2076,0
2015-02-09,17:00:00,24.601,24.639,24.554,24.601,21260,0
2015-02-09,18:00:00,24.629,24.658,24.591,24.619,17837,0
2015-02-09,19:00:00,24.619,24.756,24.601,24.649,12071,0
2015-02-09,20:00:00,24.688,24.708,24.629,24.639,5948,0
2015-02-09,21:00:00,24.658,24.688,24.573,24.601,6781,0
2015-02-09,22:00:00,24.668,24.668,24.591,24.601,4691,0
2015-02-10,16:00:00,24.658,24.668,24.408,24.408,2855,0
2015-02-10,17:00:00,24.466,24.466,24.321,24.359,15850,0
2015-02-10,18:00:00,24.349,24.408,24.321,24.33,23757,0
2015-02-10,19:00:00,24.368,24.408,24.359,24.388,9137,0
2015-02-10,20:00:00,24.398,24.408,24.359,24.398,14352,0
2015-02-10,21:00:00,24.398,24.398,24.359,24.378,2811,0
2015-02-10,22:00:00,24.398,24.438,24.359,24.438,7077,0
2015-02-11,16:00:00,24.321,24.359,24.185,24.244,8658,0
2015-02-11,17:00:00,24.215,24.225,24.148,24.225,14590,0
2015-02-11,18:00:00,24.205,24.225,24.176,24.205,5130,0
2015-02-11,19:00:00,24.215,24.215,24.176,24.215,5702,0
2015-02-11,20:00:00,24.215,24.225,24.176,24.225,2721,0
2015-02-11,21:00:00,24.148,24.225,24.148,24.148,8073,0
2015-02-11,22:00:00,24.138,24.205,24.128,24.128,6610,0
2015-02-12,16:00:00,24.294,24.378,24.234,24.359,8595,0
2015-02-12,17:00:00,24.349,24.418,24.321,24.321,8373,0
2015-02-12,18:00:00,24.321,24.408,24.274,24.378,5597,0
2015-02-12,19:00:00,24.388,24.408,24.284,24.33,5891,0
2015-02-12,20:00:00,24.368,24.408,24.33,24.359,8794,0
2015-02-12,21:00:00,24.408,24.408,24.321,24.408,3975,0
2015-02-12,22:00:00,24.349,24.418,24.321,24.408,17334,0
2015-02-13,16:00:00,24.494,24.611,24.457,24.544,11088,0
2015-02-13,17:00:00,24.514,24.591,24.514,24.582,2866,0
2015-02-13,18:00:00,24.601,24.611,24.564,24.601,11442,0
2015-02-13,19:00:00,24.611,24.611,24.534,24.554,2549,0
2015-02-13,20:00:00,24.601,24.601,24.534,24.601,3796,0
2015-02-13,21:00:00,24.582,24.611,24.514,24.591,6010,0
2015-02-13,22:00:00,24.564,24.611,24.524,24.591,5287,0
2015-02-17,16:00:00,24.578,24.578,24.578,24.578,1443,0
2015-02-17,17:00:00,24.56,24.625,24.53,24.56,15719,0
2015-02-17,18:00:00,24.616,24.715,24.56,24.675,24802,0
2015-02-17,19:00:00,24.685,24.734,24.645,24.734,7154,0
2015-02-17,20:00:00,24.715,24.734,24.685,24.715,4808,0
2015-02-17,21:00:00,24.695,24.772,24.695,24.734,8713,0
2015-02-17,22:00:00,24.715,24.772,24.715,24.753,7928,0
2015-02-18,16:00:00,24.869,24.878,24.578,24.878,1876,0
2015-02-18,17:00:00,24.655,24.82,24.569,24.625,4761,0
2015-02-18,18:00:00,24.685,25.384,24.569,24.655,537741,0
2015-02-18,19:00:00,24.675,24.705,24.635,24.665,144117,0
2015-02-18,20:00:00,24.665,24.665,24.53,24.607,29849,0
2015-02-18,21:00:00,24.625,24.685,24.607,24.665,9403,0
2015-02-18,22:00:00,24.597,24.685,24.597,24.685,5949,0
2015-02-19,16:00:00,24.587,24.792,24.491,24.56,9813,0
2015-02-19,17:00:00,24.55,24.55,24.481,24.52,20654,0
2015-02-19,18:00:00,24.54,24.597,24.53,24.587,23129,0
2015-02-19,19:00:00,24.587,24.597,24.53,24.597,12827,0
2015-02-19,20:00:00,24.587,24.695,24.587,24.695,18754,0
2015-02-19,21:00:00,24.665,24.695,24.625,24.685,16465,0
2015-02-19,22:00:00,24.635,24.685,24.569,24.655,14468,0
2015-02-20,16:00:00,24.597,24.675,24.597,24.597,3289,0
2015-02-20,17:00:00,24.56,24.655,24.481,24.625,9465,0
2015-02-20,18:00:00,24.685,24.695,24.481,24.655,10557,0
2015-02-20,19:00:00,24.665,24.705,24.52,24.607,3478,0
2015-02-20,20:00:00,24.625,24.675,24.54,24.616,5752,0
2015-02-20,21:00:00,24.607,24.675,24.607,24.665,12276,0
2015-02-20,22:00:00,24.655,24.675,24.587,24.607,23432,0
2015-02-23,16:00:00,24.597,24.645,24.52,24.54,10179,0
2015-02-23,17:00:00,24.635,24.635,24.471,24.5,29520,0
2015-02-23,18:00:00,24.51,24.56,24.481,24.55,7366,0
2015-02-23,19:00:00,24.491,24.56,24.471,24.55,5499,0
2015-02-23,20:00:00,24.56,24.56,24.481,24.56,3988,0
2015-02-23,21:00:00,24.55,24.625,24.5,24.625,8037,0
2015-02-23,22:00:00,24.587,24.635,24.53,24.53,3834,0
2015-02-24,16:00:00,24.635,24.635,24.616,24.616,733,0
2015-02-24,17:00:00,24.54,24.587,24.491,24.587,4639,0
2015-02-24,18:00:00,24.51,24.587,24.51,24.578,5527,0
2015-02-24,19:00:00,24.587,24.625,24.54,24.578,19823,0
2015-02-24,20:00:00,24.625,24.625,24.56,24.569,5879,0
2015-02-24,21:00:00,24.625,24.625,24.52,24.587,7722,0
2015-02-24,22:00:00,24.616,24.635,24.587,24.616,6364,0
2015-02-25,16:00:00,24.753,24.753,24.616,24.635,18757,0
2015-02-25,17:00:00,24.744,24.744,24.616,24.665,15002,0
2015-02-25,18:00:00,24.655,24.655,24.569,24.655,13112,0
2015-02-25,19:00:00,24.635,24.724,24.635,24.695,10796,0
2015-02-25,20:00:00,24.655,24.782,24.655,24.782,5279,0
2015-02-25,21:00:00,24.772,24.772,24.715,24.724,6796,0
2015-02-25,22:00:00,24.715,24.753,24.635,24.635,14350,0
2015-02-26,16:00:00,24.695,24.802,24.635,24.655,9462,0
2015-02-26,17:00:00,24.763,24.763,24.645,24.715,17397,0
2015-02-26,18:00:00,24.715,24.772,24.635,24.685,34073,0
2015-02-26,19:00:00,24.715,24.744,24.645,24.695,40605,0
2015-02-26,20:00:00,24.705,24.705,24.645,24.705,8557,0
2015-02-26,21:00:00,24.685,24.705,24.635,24.685,5726,0
2015-02-26,22:00:00,24.635,24.675,24.587,24.597,17935,0
2015-02-27,16:00:00,24.655,24.734,24.55,24.578,17102,0
2015-02-27,17:00:00,24.635,24.645,24.54,24.597,8903,0
2015-02-27,18:00:00,24.616,24.616,24.56,24.597,6558,0
2015-02-27,19:00:00,24.597,24.635,24.597,24.616,3029,0
2015-02-27,20:00:00,24.616,24.625,24.587,24.587,2818,0
2015-02-27,21:00:00,24.607,24.645,24.607,24.625,8835,0
2015-02-27,22:00:00,24.655,24.655,24.607,24.607,4892,0
2015-03-02,16:00:00,24.715,24.763,24.645,24.645,9110,0
2015-03-02,17:00:00,24.607,24.734,24.607,24.607,2033,0
2015-03-02,18:00:00,24.695,24.724,24.607,24.675,4120,0
2015-03-02,19:00:00,24.665,24.734,24.56,24.655,20876,0
2015-03-02,20:00:00,24.635,24.695,24.587,24.655,2862,0
2015-03-02,21:00:00,24.569,24.675,24.51,24.56,14638,0
2015-03-02,22:00:00,24.635,24.645,24.56,24.56,2487,0
2015-03-03,16:00:00,24.461,24.54,24.461,24.54,1747,0
2015-03-03,17:00:00,24.53,24.587,24.53,24.582,2940,0
2015-03-03,18:00:00,24.584,24.607,24.56,24.607,6613,0
2015-03-03,19:00:00,24.58,24.705,24.56,24.655,10419,0
2015-03-03,20:00:00,24.665,24.734,24.665,24.734,5453,0
2015-03-03,21:00:00,24.715,24.715,24.629,24.685,3171,0
2015-03-03,22:00:00,24.619,24.695,24.56,24.685,3214,0
2015-03-04,16:00:00,24.616,24.662,24.472,24.572,16905,0
2015-03-04,17:00:00,24.53,24.53,24.423,24.52,826,0
2015-03-04,18:00:00,24.491,24.52,24.433,24.52,2861,0
2015-03-04,19:00:00,24.471,24.52,24.433,24.519,6605,0
2015-03-04,20:00:00,24.483,24.52,24.453,24.453,2091,0
2015-03-04,21:00:00,24.493,24.52,24.433,24.52,18278,0
2015-03-04,22:00:00,24.443,24.53,24.433,24.53,2476,0
2015-03-05,16:00:00,24.53,24.53,24.454,24.514,1323,0
2015-03-05,17:00:00,24.504,24.51,24.433,24.489,6044,0
2015-03-05,18:00:00,24.489,24.53,24.461,24.524,3861,0
2015-03-05,19:00:00,24.483,24.578,24.483,24.55,874864,0
2015-03-05,20:00:00,24.538,24.54,24.51,24.522,10320,0
2015-03-05,21:00:00,24.53,24.54,24.51,24.51,2401,0
2015-03-05,22:00:00,24.53,24.54,24.51,24.52,7901,0
2015-03-06,16:00:00,24.423,24.423,24.298,24.325,5008,0
2015-03-06,17:00:00,24.351,24.393,24.307,24.345,10725,0
2015-03-06,18:00:00,24.396,24.396,24.248,24.268,22451,0
2015-03-06,19:00:00,24.344,24.344,24.264,24.264,2241,0
2015-03-06,20:00:00,24.245,24.307,24.22,24.268,5744,0
2015-03-06,21:00:00,24.258,24.268,24.209,24.247,6049,0
2015-03-06,22:00:00,24.187,24.258,24.16,24.18,9137,0
2015-03-09,15:00:00,24.238,24.238,24.083,24.131,1763,0
2015-03-09,16:00:00,24.199,24.209,24.141,24.175,3861,0
2015-03-09,17:00:00,24.165,24.199,24.045,24.083,13013,0
2015-03-09,18:00:00,24.057,24.057,24.025,24.054,2158,0
2015-03-09,19:00:00,23.957,24.112,23.947,23.995,9822,0
2015-03-09,20:00:00,23.995,24.064,23.937,24.064,14741,0
2015-03-09,21:00:00,24.046,24.054,23.908,24.005,8642,0
2015-03-10,15:00:00,23.802,23.878,23.704,23.704,2785,0
2015-03-10,16:00:00,23.714,23.733,23.656,23.666,4268,0
2015-03-10,17:00:00,23.704,23.743,23.681,23.743,3891,0
2015-03-10,18:00:00,23.663,23.716,23.617,23.636,3345,0
2015-03-10,19:00:00,23.649,23.678,23.607,23.607,7342,0
2015-03-10,20:00:00,23.684,23.685,23.579,23.579,17249,0
2015-03-10,21:00:00,23.588,23.694,23.559,23.694,21644,0
2015-03-11,15:00:00,23.685,23.685,23.53,23.53,3168,0
2015-03-11,16:00:00,23.627,23.627,23.562,23.581,6093,0
2015-03-11,17:00:00,23.627,23.627,23.52,23.591,7924,0
2015-03-11,18:00:00,23.617,23.617,23.569,23.585,5686,0
2015-03-11,19:00:00,23.569,23.627,23.52,23.547,2354,0
2015-03-11,20:00:00,23.52,23.607,23.52,23.607,1668,0
2015-03-11,21:00:00,23.617,23.617,23.588,23.607,3025,0
2015-03-12,15:00:00,23.511,23.811,23.511,23.733,6515,0
2015-03-12,16:00:00,23.792,23.792,23.683,23.714,3202,0
2015-03-12,17:00:00,23.733,23.753,23.685,23.753,5874,0
2015-03-12,18:00:00,23.745,23.745,23.675,23.742,5726,0
2015-03-12,19:00:00,23.743,23.743,23.685,23.73,4395,0
2015-03-12,20:00:00,23.675,23.734,23.675,23.721,9513,0
2015-03-12,21:00:00,23.711,23.753,23.685,23.753,49644,0
2015-03-13,15:00:00,23.733,23.733,23.539,23.539,887,0
2015-03-13,16:00:00,23.579,23.588,23.462,23.52,4314,0
2015-03-13,17:00:00,23.471,23.571,23.471,23.569,4906,0
2015-03-13,18:00:00,23.548,23.549,23.539,23.539,2127,0
2015-03-13,19:00:00,23.569,23.582,23.515,23.561,1247,0
2015-03-13,20:00:00,23.491,23.539,23.491,23.503,4638,0
2015-03-13,21:00:00,23.491,23.511,23.471,23.501,6391,0
2015-03-16,15:00:00,23.591,23.63,23.493,23.493,6061,0
2015-03-16,16:00:00,23.497,23.522,23.298,23.444,9020,0
2015-03-16,17:00:00,23.356,23.444,23.356,23.435,5465,0
2015-03-16,18:00:00,23.356,23.4,23.356,23.4,861,0
2015-03-16,19:00:00,23.419,23.435,23.366,23.407,2698,0
2015-03-16,20:00:00,23.406,23.435,23.366,23.382,10475,0
2015-03-16,21:00:00,23.405,23.435,23.366,23.428,7538,0
2015-03-17,15:00:00,23.288,23.408,23.288,23.353,1586,0
2015-03-17,16:00:00,23.326,23.516,23.298,23.328,5533,0
2015-03-17,17:00:00,23.308,23.473,23.258,23.268,7544,0
2015-03-17,18:00:00,23.388,23.463,23.26,23.268,5646,0
2015-03-17,19:00:00,23.288,23.511,23.288,23.298,5644,0
2015-03-17,20:00:00,23.317,23.472,23.312,23.453,9069,0
2015-03-17,21:00:00,23.432,23.463,23.395,23.395,8342,0
2015-03-18,15:00:00,23.395,23.522,23.278,23.522,1104,0
2015-03-18,16:00:00,23.299,23.444,23.299,23.401,6682,0
2015-03-18,17:00:00,23.444,23.444,23.361,23.399,3790,0
2015-03-18,18:00:00,23.386,23.542,23.376,23.444,8485,0
2015-03-18,19:00:00,23.522,23.542,23.454,23.475,7807,0
2015-03-18,20:00:00,23.591,23.786,23.532,23.594,7924,0
2015-03-18,21:00:00,23.678,23.796,23.678,23.767,5398,0
2015-03-19,15:00:00,23.718,23.718,23.516,23.64,811,0
2015-03-19,16:00:00,23.65,23.678,23.562,23.591,8815,0
2015-03-19,17:00:00,23.659,23.678,23.552,23.63,10151,0
2015-03-19,18:00:00,23.64,23.655,23.562,23.607,6133,0
2015-03-19,19:00:00,23.63,23.678,23.581,23.678,7229,0
2015-03-19,20:00:00,23.645,23.65,23.581,23.591,7190,0
2015-03-19,21:00:00,23.63,23.669,23.591,23.591,7803,0
2015-03-20,15:00:00,23.688,24.001,23.688,23.894,1413,0
2015-03-20,16:00:00,23.903,23.922,23.767,23.91,3459,0
2015-03-20,17:00:00,23.932,23.952,23.835,23.952,6140,0
2015-03-20,18:00:00,23.951,23.991,23.864,23.942,3688,0
2015-03-20,19:00:00,23.942,24.001,23.874,23.874,8336,0
2015-03-20,20:00:00,24.031,24.031,23.826,23.922,4847,0
2015-03-20,21:00:00,23.884,23.985,23.767,23.767,5044,0
2015-03-23,15:00:00,23.952,24.06,23.905,24.055,3174,0
2015-03-23,16:00:00,24.06,24.127,24.051,24.108,7271,0
2015-03-23,17:00:00,24.108,24.118,23.991,24.07,3128,0
2015-03-23,18:00:00,24.127,24.265,24.119,24.127,14921,0
2015-03-23,19:00:00,24.089,24.147,24.07,24.135,5579,0
2015-03-23,20:00:00,24.089,24.21,24.089,24.21,3978,0
2015-03-23,21:00:00,24.196,24.222,24.011,24.011,6043,0
2015-03-24,15:00:00,23.981,24.099,23.981,24.079,1640,0
2015-03-24,16:00:00,24.265,24.275,24.201,24.228,7146,0
2015-03-24,17:00:00,24.235,24.255,24.157,24.226,14096,0
2015-03-24,18:00:00,24.226,24.255,24.071,24.111,20536,0
2015-03-24,19:00:00,24.187,24.255,24.149,24.245,4419,0
2015-03-24,20:00:00,24.079,24.215,24.079,24.205,3381,0
2015-03-24,21:00:00,24.177,24.177,24.102,24.177,3270,0
2015-03-25,15:00:00,24.011,24.011,24.011,24.011,147,0
2015-03-25,16:00:00,24.177,24.265,24.157,24.216,4891,0
2015-03-25,17:00:00,24.245,24.245,24.076,24.076,15229,0
2015-03-25,18:00:00,24.186,24.235,24.079,24.157,4861,0
2015-03-25,19:00:00,24.127,24.167,24.041,24.041,5091,0
2015-03-25,20:00:00,24.128,24.186,24.063,24.174,7519,0
2015-03-25,21:00:00,24.127,24.155,24.07,24.07,6089,0
2015-03-26,15:00:00,23.932,24.06,23.932,24.028,11906,0
2015-03-26,16:00:00,24.06,24.06,23.992,23.992,2488,0
2015-03-26,17:00:00,23.991,24.06,23.991,24.036,4914,0
2015-03-26,18:00:00,24.043,24.059,24.002,24.011,4025,0
2015-03-26,19:00:00,24.034,24.051,24.021,24.051,3570,0
2015-03-26,20:00:00,24.047,24.051,24.011,24.011,2228,0
2015-03-26,21:00:00,24.001,24.04,23.903,23.903,11209,0
2015-03-27,15:00:00,24.041,24.041,24.009,24.009,1465,0
2015-03-27,16:00:00,23.991,24.041,23.952,23.997,8473,0
2015-03-27,17:00:00,24.031,24.041,24.031,24.041,390,0
2015-03-27,18:00:00,24.041,24.041,23.991,23.991,2604,0
2015-03-27,19:00:00,23.991,24.041,23.991,24.041,3078,0
2015-03-27,20:00:00,24,24.039,23.952,23.952,10481,0
2015-03-27,21:00:00,23.922,24.031,23.806,23.835,19786,0
2015-03-30,16:00:00,23.737,23.989,23.689,23.884,8994,0
2015-03-30,17:00:00,23.884,23.884,23.817,23.845,7930,0
2015-03-30,18:00:00,23.836,23.913,23.816,23.893,9020,0
2015-03-30,19:00:00,23.893,23.893,23.835,23.835,683,0
2015-03-30,20:00:00,23.894,23.903,23.855,23.903,3154,0
2015-03-30,21:00:00,23.903,24.011,23.816,23.984,19093,0
2015-03-30,22:00:00,23.981,24.011,23.826,23.845,6529,0
2015-03-31,16:00:00,23.845,23.864,23.845,23.854,5000,0
2015-03-31,17:00:00,23.845,23.854,23.843,23.854,33382,0
2015-03-31,18:00:00,23.825,23.854,23.806,23.842,6916,0
2015-03-31,19:00:00,23.815,23.864,23.815,23.864,9300,0
2015-03-31,20:00:00,23.815,23.826,23.796,23.796,4174,0
2015-03-31,21:00:00,23.823,23.835,23.796,23.821,5752,0
2015-03-31,22:00:00,23.821,23.826,23.698,23.698,19539,0
2015-04-01,16:00:00,23.63,23.826,23.63,23.798,5755,0
2015-04-01,17:00:00,23.806,23.826,23.786,23.826,2452,0
2015-04-01,18:00:00,23.826,23.894,23.777,23.802,8496,0
2015-04-01,19:00:00,23.875,23.875,23.793,23.816,2666,0
2015-04-01,20:00:00,23.826,23.894,23.786,23.884,131915,0
2015-04-01,21:00:00,23.884,23.893,23.796,23.796,9636,0
2015-04-01,22:00:00,23.796,23.884,23.796,23.873,3519,0
2015-04-02,16:00:00,23.981,23.981,23.884,23.898,12259,0
2015-04-02,17:00:00,23.898,23.931,23.884,23.931,5379,0
2015-04-02,18:00:00,23.931,23.932,23.884,23.905,7193,0
2015-04-02,19:00:00,23.905,23.952,23.888,23.952,636,0
2015-04-02,20:00:00,23.972,24.07,23.932,24.001,16248,0
2015-04-02,21:00:00,24.001,24.021,23.945,23.974,6799,0
2015-04-02,22:00:00,24.011,24.011,23.952,23.952,3297,0
2015-04-06,16:00:00,24.089,24.196,24.038,24.055,3974,0
2015-04-06,17:00:00,24.055,24.225,24.041,24.222,8619,0
2015-04-06,18:00:00,24.094,24.209,24.06,24.08,14718,0
2015-04-06,19:00:00,24.202,24.215,24.099,24.179,13398,0
2015-04-06,20:00:00,24.179,24.216,24.099,24.107,7398,0
2015-04-06,21:00:00,24.185,24.216,24.157,24.186,7922,0
2015-04-06,22:00:00,24.186,24.215,24.089,24.206,8653,0
2015-04-07,16:00:00,24.305,24.305,24.109,24.109,7194,0
2015-04-07,17:00:00,24.196,24.206,24.142,24.206,3603,0
2015-04-07,18:00:00,24.226,24.305,24.168,24.236,5095,0
2015-04-07,19:00:00,24.206,24.285,24.206,24.285,4712,0
2015-04-07,20:00:00,24.285,24.285,24.187,24.265,9130,0
2015-04-07,21:00:00,24.265,24.285,24.246,24.274,4341,0
2015-04-07,22:00:00,24.274,24.274,24.235,24.238,4764,0
2015-04-08,16:00:00,24.137,24.261,24.137,24.236,4227,0
2015-04-08,17:00:00,24.236,24.411,24.236,24.324,4603,0
2015-04-08,18:00:00,24.261,24.333,24.157,24.247,8239,0
2015-04-08,19:00:00,24.247,24.323,24.247,24.323,2820,0
2015-04-08,20:00:00,24.323,24.323,24.241,24.323,2583,0
2015-04-08,21:00:00,24.294,24.323,24.187,24.303,5878,0
2015-04-08,22:00:00,24.303,24.323,24.167,24.269,5446,0
2015-04-09,16:00:00,24.338,24.374,24.186,24.186,6812,0
2015-04-09,17:00:00,24.186,24.32,24.186,24.313,1885,0
2015-04-09,18:00:00,24.323,24.341,24.167,24.216,22843,0
2015-04-09,19:00:00,24.216,24.305,24.216,24.305,5801,0
2015-04-09,20:00:00,24.226,24.315,24.226,24.305,8871,0
2015-04-09,21:00:00,24.294,24.305,24.226,24.295,3125,0
2015-04-09,22:00:00,24.295,24.343,24.285,24.333,12255,0
2015-04-10,16:00:00,24.147,24.26,24.147,24.186,5262,0
2015-04-10,17:00:00,24.255,24.295,24.186,24.295,3858,0
2015-04-10,18:00:00,24.295,24.343,24.265,24.277,9797,0
2015-04-10,19:00:00,24.265,24.343,24.265,24.333,9071,0
2015-04-10,20:00:00,24.332,24.362,24.327,24.36,20227,0
2015-04-10,21:00:00,24.36,24.411,24.36,24.411,2284,0
2015-04-10,22:00:00,24.411,24.411,24.371,24.391,6548,0
2015-04-13,16:00:00,24.323,24.411,24.206,24.411,4041,0
2015-04-13,17:00:00,24.226,24.411,24.226,24.323,3113,0
2015-04-13,18:00:00,24.226,24.411,24.226,24.384,7470,0
2015-04-13,19:00:00,24.236,24.384,24.236,24.384,1752,0
2015-04-13,20:00:00,24.384,24.411,24.314,24.409,3039,0
2015-04-13,21:00:00,24.315,24.389,24.279,24.389,2164,0
2015-04-13,22:00:00,24.389,24.389,24.236,24.236,4276,0
2015-04-14,16:00:00,24.235,24.361,24.235,24.349,2385,0
2015-04-14,17:00:00,24.349,24.352,24.275,24.333,6602,0
2015-04-14,18:00:00,24.333,24.411,24.333,24.343,8823,0
2015-04-14,19:00:00,24.343,24.411,24.334,24.391,2760,0
2015-04-14,20:00:00,24.391,24.421,24.323,24.421,8266,0
2015-04-14,21:00:00,24.421,24.421,24.333,24.421,8956,0
2015-04-14,22:00:00,24.421,24.421,24.371,24.411,6264,0
2015-04-15,16:00:00,24.411,24.441,24.411,24.415,1848,0
2015-04-15,17:00:00,24.441,24.576,24.431,24.49,24985,0
2015-04-15,18:00:00,24.49,24.576,24.49,24.555,3290,0
2015-04-15,19:00:00,24.547,24.695,24.506,24.678,75072,0
2015-04-15,20:00:00,24.743,24.773,24.677,24.72,2751,0
2015-04-15,21:00:00,24.72,24.72,24.606,24.715,6215,0
2015-04-15,22:00:00,24.715,24.733,24.607,24.645,8689,0
2015-04-16,16:00:00,24.47,24.756,24.47,24.54,14969,0
2015-04-16,17:00:00,24.676,24.717,24.54,24.717,7279,0
2015-04-16,18:00:00,24.551,24.7,24.49,24.513,52300,0
2015-04-16,19:00:00,24.55,24.657,24.55,24.55,3578,0
2015-04-16,20:00:00,24.55,24.828,24.55,24.828,24391,0
2015-04-16,21:00:00,24.789,24.862,24.637,24.791,5293,0
2015-04-16,22:00:00,24.717,24.843,24.627,24.796,13100,0
2015-04-17,16:00:00,24.607,24.674,24.53,24.647,2340,0
2015-04-17,17:00:00,24.57,24.726,24.57,24.587,16270,0
2015-04-17,18:00:00,24.587,24.607,24.516,24.516,6614,0
2015-04-17,19:00:00,24.597,24.597,24.51,24.56,6349,0
2015-04-17,20:00:00,24.597,24.597,24.51,24.587,2382,0
2015-04-17,21:00:00,24.578,24.597,24.51,24.534,4332,0
2015-04-17,22:00:00,24.551,24.643,24.453,24.587,7840,0
2015-04-20,16:00:00,24.617,24.667,24.411,24.657,3405,0
2015-04-20,17:00:00,24.587,24.707,24.587,24.707,4644,0
2015-04-20,18:00:00,24.707,24.707,24.607,24.687,2582,0
2015-04-20,19:00:00,24.687,24.697,24.607,24.677,10020,0
2015-04-20,20:00:00,24.667,24.679,24.617,24.632,1937,0
2015-04-20,21:00:00,24.678,24.696,24.607,24.666,6458,0
2015-04-20,22:00:00,24.607,24.687,24.607,24.627,23492,0
2015-04-21,16:00:00,24.805,24.805,24.607,24.607,3710,0
2015-04-21,17:00:00,24.667,24.736,24.607,24.736,18460,0
2015-04-21,18:00:00,24.697,24.727,24.607,24.702,7609,0
2015-04-21,19:00:00,24.607,24.72,24.607,24.679,5139,0
2015-04-21,20:00:00,24.657,24.726,24.607,24.627,16682,0
2015-04-21,21:00:00,24.627,24.653,24.569,24.607,5229,0
2015-04-21,22:00:00,24.676,24.677,24.491,24.607,9424,0
2015-04-22,16:00:00,24.687,24.697,24.496,24.647,3634,0
2015-04-22,17:00:00,24.578,24.606,24.51,24.606,5605,0
2015-04-22,18:00:00,24.607,24.617,24.54,24.578,5230,0
2015-04-22,19:00:00,24.617,24.617,24.57,24.617,5989,0
2015-04-22,20:00:00,24.617,24.627,24.53,24.627,5853,0
2015-04-22,21:00:00,24.627,24.627,24.558,24.588,2010,0
2015-04-22,22:00:00,24.627,24.627,24.587,24.617,13745,0
2015-04-23,16:00:00,24.56,24.569,24.56,24.569,2744,0
2015-04-23,17:00:00,24.512,24.587,24.512,24.539,4699,0
2015-04-23,18:00:00,24.587,24.617,24.56,24.607,6477,0
2015-04-23,19:00:00,24.617,24.756,24.617,24.716,12643,0
2015-04-23,20:00:00,24.643,24.805,24.643,24.667,2720,0
2015-04-23,21:00:00,24.796,24.805,24.641,24.727,12540,0
2015-04-23,22:00:00,24.726,24.794,24.617,24.776,21177,0
2015-04-24,16:00:00,24.607,24.923,24.607,24.707,5017,0
2015-04-24,17:00:00,24.707,24.815,24.677,24.694,7662,0
2015-04-24,18:00:00,24.786,24.873,24.786,24.796,5494,0
2015-04-24,19:00:00,24.851,24.863,24.786,24.815,8924,0
2015-04-24,20:00:00,24.824,24.854,24.766,24.834,5778,0
2015-04-24,21:00:00,24.767,24.824,24.766,24.766,4582,0
2015-04-24,22:00:00,24.786,24.873,24.657,24.657,10972,0
2015-04-27,16:00:00,24.756,24.756,24.677,24.726,12948,0
2015-04-27,17:00:00,24.736,24.76,24.736,24.736,35448,0
2015-04-27,18:00:00,24.736,24.922,24.736,24.844,8847,0
2015-04-27,19:00:00,24.863,24.873,24.756,24.834,1912,0
2015-04-27,20:00:00,24.819,24.827,24.786,24.824,1052,0
2015-04-27,21:00:00,24.824,24.834,24.736,24.824,3013,0
2015-04-27,22:00:00,24.807,24.843,24.667,24.697,24088,0
2015-04-28,16:00:00,24.707,24.766,24.707,24.724,10174,0
2015-04-28,17:00:00,24.742,24.903,24.707,24.893,10642,0
2015-04-28,18:00:00,24.903,24.903,24.824,24.903,6134,0
2015-04-28,19:00:00,24.903,24.953,24.863,24.953,6213,0
2015-04-28,20:00:00,24.953,24.972,24.883,24.963,22198,0
2015-04-28,21:00:00,24.933,24.983,24.834,24.933,10306,0
2015-04-28,22:00:00,24.903,24.992,24.844,24.893,4807,0
2015-04-29,16:00:00,24.903,24.903,24.736,24.815,5396,0
2015-04-29,17:00:00,24.824,24.94,24.805,24.913,7719,0
2015-04-29,18:00:00,24.894,24.973,24.786,24.921,5530,0
2015-04-29,19:00:00,24.913,24.933,24.873,24.878,3521,0
2015-04-29,20:00:00,24.943,24.953,24.833,24.927,5516,0
2015-04-29,21:00:00,24.863,24.963,24.855,24.855,2954,0
2015-04-29,22:00:00,24.903,24.903,24.854,24.903,3322,0
2015-04-30,16:00:00,24.854,24.883,24.746,24.883,12518,0
2015-04-30,17:00:00,24.777,24.854,24.736,24.776,28922,0
2015-04-30,18:00:00,24.797,24.853,24.796,24.851,2287,0
2015-04-30,19:00:00,24.806,24.875,24.805,24.805,11692,0
2015-04-30,20:00:00,24.873,24.893,24.872,24.881,9526,0
2015-04-30,21:00:00,24.854,24.883,24.805,24.853,3792,0
2015-04-30,22:00:00,24.824,24.844,24.805,24.805,5484,0
2015-05-01,16:00:00,24.893,24.893,24.756,24.882,7942,0
2015-05-01,17:00:00,24.797,24.855,24.797,24.809,929,0
2015-05-01,18:00:00,24.832,24.873,24.786,24.805,5348,0
2015-05-01,19:00:00,24.824,24.84,24.756,24.805,19871,0
2015-05-01,20:00:00,24.824,24.883,24.786,24.861,4343,0
2015-05-01,21:00:00,24.883,24.883,24.815,24.854,4232,0
2015-05-01,22:00:00,24.862,24.883,24.815,24.815,3176,0
2015-05-04,16:00:00,24.953,25.031,24.815,24.923,5648,0
2015-05-04,17:00:00,24.933,24.973,24.844,24.873,9495,0
2015-05-04,18:00:00,24.863,24.913,24.805,24.903,24577,0
2015-05-04,19:00:00,24.903,24.982,24.815,24.883,7032,0
2015-05-04,20:00:00,24.883,24.903,24.844,24.854,3769,0
2015-05-04,21:00:00,24.913,24.943,24.834,24.903,28991,0
2015-05-04,22:00:00,24.903,24.992,24.834,24.834,14837,0
2015-05-05,16:00:00,24.844,24.883,24.844,24.883,1531,0
2015-05-05,17:00:00,24.834,25.041,24.834,24.837,3765,0
2015-05-05,18:00:00,24.863,24.863,24.815,24.863,7417,0
2015-05-05,19:00:00,24.863,24.863,24.815,24.815,2527,0
2015-05-05,20:00:00,24.805,24.863,24.727,24.862,17753,0
2015-05-05,21:00:00,24.834,24.853,24.717,24.766,5112,0
2015-05-05,22:00:00,24.824,24.853,24.756,24.805,6367,0
2015-05-06,16:00:00,24.883,24.976,24.736,24.787,3486,0
2015-05-06,17:00:00,24.786,24.872,24.741,24.805,6665,0
2015-05-06,18:00:00,24.805,24.873,24.717,24.805,8089,0
2015-05-06,19:00:00,24.786,24.824,24.607,24.657,40112,0
2015-05-06,20:00:00,24.607,24.657,24.587,24.657,3340,0
2015-05-06,21:00:00,24.627,24.707,24.618,24.618,3065,0
2015-05-06,22:00:00,24.697,24.697,24.56,24.569,4493,0
2015-05-07,16:00:00,24.47,24.607,24.46,24.502,4271,0
2015-05-07,17:00:00,24.46,24.497,24.371,24.458,13092,0
2015-05-07,18:00:00,24.463,24.51,24.411,24.509,2954,0
2015-05-07,19:00:00,24.503,24.503,24.411,24.411,5167,0
2015-05-07,20:00:00,24.392,24.5,24.392,24.5,4560,0
2015-05-07,21:00:00,24.5,24.5,24.304,24.403,6457,0
2015-05-07,22:00:00,24.381,24.49,24.381,24.46,7000,0
2015-05-08,16:00:00,24.697,24.933,24.461,24.587,15190,0
2015-05-08,17:00:00,24.52,24.597,24.471,24.533,3877,0
2015-05-08,18:00:00,24.56,24.607,24.49,24.532,13485,0
2015-05-08,19:00:00,24.569,24.657,24.53,24.649,5575,0
2015-05-08,20:00:00,24.617,24.667,24.608,24.667,3150,0
2015-05-08,21:00:00,24.634,24.667,24.607,24.667,6263,0
2015-05-08,22:00:00,24.607,24.675,24.607,24.667,10178,0
2015-05-11,16:00:00,24.657,24.732,24.53,24.56,16867,0
2015-05-11,17:00:00,24.617,24.617,24.55,24.599,873,0
2015-05-11,18:00:00,24.607,24.607,24.583,24.583,1580,0
2015-05-11,19:00:00,24.56,24.587,24.53,24.578,2235,0
2015-05-11,20:00:00,24.607,24.607,24.48,24.48,3805,0
2015-05-11,21:00:00,24.55,24.56,24.48,24.54,9880,0
2015-05-11,22:00:00,24.511,24.597,24.51,24.51,1919,0
2015-05-12,16:00:00,24.46,24.526,24.46,24.526,407,0
2015-05-12,17:00:00,24.51,24.597,24.342,24.342,20664,0
2015-05-12,18:00:00,24.505,24.584,24.431,24.54,7961,0
2015-05-12,19:00:00,24.55,24.55,24.451,24.549,992,0
2015-05-12,20:00:00,24.532,24.55,24.489,24.55,4128,0
2015-05-12,21:00:00,24.432,24.565,24.431,24.542,5871,0
2015-05-12,22:00:00,24.569,24.607,24.51,24.578,5408,0
2015-05-13,16:00:00,24.707,24.707,24.645,24.645,4166,0
2015-05-13,17:00:00,24.687,24.697,24.627,24.661,9500,0
2015-05-13,18:00:00,24.627,24.667,24.49,24.55,25455,0
2015-05-13,19:00:00,24.52,24.627,24.52,24.627,4283,0
2015-05-13,20:00:00,24.637,24.662,24.53,24.662,11661,0
2015-05-13,21:00:00,24.573,24.647,24.531,24.608,8166,0
2015-05-13,22:00:00,24.546,24.637,24.53,24.617,10690,0
2015-05-14,16:00:00,24.756,24.756,24.602,24.647,2365,0
2015-05-14,17:00:00,24.647,24.787,24.647,24.787,4561,0
2015-05-14,18:00:00,24.708,24.805,24.569,24.617,8343,0
2015-05-14,19:00:00,24.617,24.667,24.589,24.635,3470,0
2015-05-14,20:00:00,24.67,24.687,24.607,24.677,4900,0
2015-05-14,21:00:00,24.646,24.677,24.607,24.67,10133,0
2015-05-14,22:00:00,24.667,24.707,24.657,24.667,9871,0
2015-05-15,16:00:00,24.657,24.667,24.56,24.578,24168,0
2015-05-15,17:00:00,24.684,24.716,24.684,24.697,2176,0
2015-05-15,18:00:00,24.702,24.746,24.581,24.688,7089,0
2015-05-15,19:00:00,24.641,24.707,24.617,24.707,2749,0
2015-05-15,20:00:00,24.687,24.796,24.681,24.786,24151,0
2015-05-15,21:00:00,24.67,24.786,24.657,24.728,7876,0
2015-05-15,22:00:00,24.786,24.786,24.629,24.629,6492,0
2015-05-18,16:00:00,24.781,24.781,24.631,24.641,10534,0
2015-05-18,17:00:00,24.691,24.731,24.661,24.691,8741,0
2015-05-18,18:00:00,24.699,24.731,24.641,24.691,7285,0
2015-05-18,19:00:00,24.642,24.722,24.64,24.721,3462,0
2015-05-18,20:00:00,24.721,24.721,24.631,24.643,4286,0
2015-05-18,21:00:00,24.646,24.716,24.646,24.681,3079,0
2015-05-18,22:00:00,24.701,24.711,24.641,24.641,12353,0
2015-05-19,16:00:00,24.661,24.761,24.523,24.542,8301,0
2015-05-19,17:00:00,24.523,24.543,24.403,24.463,8926,0
2015-05-19,18:00:00,24.513,24.513,24.315,24.463,5486,0
2015-05-19,19:00:00,24.315,24.503,24.315,24.39,3270,0
2015-05-19,20:00:00,24.493,24.493,24.363,24.473,6682,0
2015-05-19,21:00:00,24.473,24.731,24.324,24.383,5424,0
2015-05-19,22:00:00,24.523,24.701,24.334,24.523,13832,0
2015-05-20,16:00:00,24.493,24.641,24.275,24.543,3506,0
2015-05-20,17:00:00,24.473,24.571,24.353,24.413,17226,0
2015-05-20,18:00:00,24.403,24.473,24.315,24.383,20603,0
2015-05-20,19:00:00,24.415,24.433,24.315,24.395,5627,0
2015-05-20,20:00:00,24.373,24.413,24.353,24.403,12408,0
2015-05-20,21:00:00,24.393,24.429,24.373,24.407,8420,0
2015-05-20,22:00:00,24.373,24.423,24.344,24.353,14936,0
2015-05-21,16:00:00,24.403,24.488,24.275,24.423,3814,0
2015-05-21,17:00:00,24.483,24.551,24.404,24.404,2556,0
2015-05-21,18:00:00,24.513,24.533,24.363,24.503,16585,0
2015-05-21,19:00:00,24.483,24.531,24.393,24.493,10032,0
2015-05-21,20:00:00,24.344,24.493,24.344,24.344,3904,0
2015-05-21,21:00:00,24.473,24.498,24.443,24.453,19771,0
2015-05-21,22:00:00,24.473,24.493,24.393,24.393,5574,0
2015-05-22,16:00:00,24.443,24.503,24.393,24.393,4666,0
2015-05-22,17:00:00,24.439,24.491,24.373,24.423,62174,0
2015-05-22,18:00:00,24.443,24.483,24.403,24.434,13244,0
2015-05-22,19:00:00,24.449,24.473,24.404,24.41,13311,0
2015-05-22,20:00:00,24.453,24.473,24.353,24.407,7829,0
2015-05-22,21:00:00,24.434,24.443,24.394,24.426,11219,0
2015-05-22,22:00:00,24.408,24.433,24.334,24.433,6612,0
2015-05-26,16:00:00,24.403,24.473,24.315,24.324,17686,0
2015-05-26,17:00:00,24.311,24.375,24.255,24.302,15766,0
2015-05-26,18:00:00,24.301,24.324,24.209,24.275,19396,0
2015-05-26,19:00:00,24.205,24.312,24.155,24.312,7560,0
2015-05-26,20:00:00,24.259,24.259,24.18,24.245,3081,0
2015-05-26,21:00:00,24.275,24.333,24.155,24.26,12806,0
2015-05-26,22:00:00,24.201,24.295,24.201,24.245,6629,0
2015-05-27,16:00:00,24.155,24.225,24.155,24.218,2250,0
2015-05-27,17:00:00,24.155,24.225,24.155,24.189,3597,0
2015-05-27,18:00:00,24.224,24.225,24.155,24.206,10964,0
2015-05-27,19:00:00,24.225,24.235,24.179,24.218,6799,0
2015-05-27,20:00:00,24.222,24.275,24.205,24.205,5648,0
2015-05-27,21:00:00,24.246,24.275,24.246,24.275,6816,0
2015-05-27,22:00:00,24.275,24.275,24.205,24.275,5065,0
2015-05-28,16:00:00,24.175,24.245,24.175,24.235,3841,0
2015-05-28,17:00:00,24.256,24.256,24.155,24.175,3933,0
2015-05-28,18:00:00,24.166,24.195,24.155,24.165,14321,0
2015-05-28,19:00:00,24.165,24.175,24.007,24.044,15714,0
2015-05-28,20:00:00,24.101,24.173,24.101,24.125,5694,0
2015-05-28,21:00:00,24.096,24.255,24.096,24.224,5266,0
2015-05-28,22:00:00,24.145,24.265,24.096,24.106,2571,0
2015-05-29,16:00:00,24.195,24.195,24.106,24.123,3771,0
2015-05-29,17:00:00,24.168,24.195,24.168,24.17,2305,0
2015-05-29,18:00:00,24.137,24.145,24.017,24.115,13995,0
2015-05-29,19:00:00,24.037,24.125,24.008,24.04,20007,0
2015-05-29,20:00:00,24.061,24.195,24.017,24.067,4192,0
2015-05-29,21:00:00,24.134,24.167,24.007,24.167,2527,0
2015-05-29,22:00:00,24.082,24.125,24.047,24.057,7463,0
2015-06-01,16:00:00,24.067,24.145,24.067,24.145,1967,0
2015-06-01,17:00:00,24.127,24.155,24.086,24.155,11615,0
2015-06-01,18:00:00,24.119,24.155,24.047,24.047,8859,0
2015-06-01,19:00:00,24.057,24.165,24.047,24.076,6010,0
2015-06-01,20:00:00,24.113,24.155,24.047,24.101,20478,0
2015-06-01,21:00:00,24.155,24.155,24.047,24.096,12387,0
2015-06-01,22:00:00,24.096,24.145,24.007,24.007,5685,0
2015-06-02,16:00:00,24.145,24.185,24.057,24.096,12177,0
2015-06-02,17:00:00,24.096,24.18,24.096,24.116,1554,0
2015-06-02,18:00:00,24.116,24.185,24.116,24.145,2273,0
2015-06-02,19:00:00,24.145,24.185,24.116,24.116,2905,0
2015-06-02,20:00:00,24.116,24.185,24.076,24.185,9856,0
2015-06-02,21:00:00,24.136,24.185,24.106,24.151,2767,0
2015-06-02,22:00:00,24.136,24.195,24.106,24.155,4964,0
2015-06-03,16:00:00,24.305,24.305,24.098,24.098,961,0
2015-06-03,17:00:00,24.096,24.145,24.057,24.145,7033,0
2015-06-03,18:00:00,24.057,24.155,24.057,24.104,11685,0
2015-06-03,19:00:00,24.116,24.165,24.095,24.119,10343,0
2015-06-03,20:00:00,24.115,24.135,24.007,24.007,14750,0
2015-06-03,21:00:00,24.007,24.165,24.007,24.091,6126,0
2015-06-03,22:00:00,24.076,24.185,24.017,24.017,19835,0
2015-06-04,16:00:00,23.997,24.185,23.977,24.037,10891,0
2015-06-04,17:00:00,24.081,24.145,23.907,23.931,4081,0
2015-06-04,18:00:00,23.987,24.135,23.838,23.878,10610,0
2015-06-04,19:00:00,23.878,23.961,23.848,23.932,8709,0
2015-06-04,20:00:00,23.838,23.838,23.769,23.82,7354,0
2015-06-04,21:00:00,23.819,23.819,23.739,23.757,4128,0
2015-06-04,22:00:00,23.775,23.819,23.62,23.799,7879,0
2015-06-05,16:00:00,23.699,23.719,23.63,23.719,8924,0
2015-06-05,17:00:00,23.709,23.719,23.689,23.705,2497,0
2015-06-05,18:00:00,23.699,23.729,23.62,23.699,13483,0
2015-06-05,19:00:00,23.699,23.709,23.697,23.697,3382,0
2015-06-05,20:00:00,23.686,23.686,23.684,23.684,1210,0
2015-06-05,21:00:00,23.682,23.682,23.62,23.62,2637,0
2015-06-05,22:00:00,23.655,23.669,23.62,23.669,1554,0
2015-06-08,16:00:00,23.65,23.759,23.65,23.709,11100,0
2015-06-08,17:00:00,23.788,23.788,23.61,23.729,15389,0
2015-06-08,18:00:00,23.65,23.699,23.62,23.62,3255,0
2015-06-08,19:00:00,23.668,23.691,23.61,23.61,5732,0
2015-06-08,20:00:00,23.61,23.65,23.501,23.65,4884,0
2015-06-08,21:00:00,23.649,23.65,23.461,23.501,25364,0
2015-06-08,22:00:00,23.501,23.632,23.461,23.541,12511,0
2015-06-09,16:00:00,23.382,23.775,23.382,23.501,4189,0
2015-06-09,17:00:00,23.491,23.55,23.443,23.531,4448,0
2015-06-09,18:00:00,23.451,23.561,23.402,23.486,7954,0
2015-06-09,19:00:00,23.481,23.551,23.422,23.475,11498,0
2015-06-09,20:00:00,23.471,23.541,23.452,23.517,11613,0
2015-06-09,21:00:00,23.452,23.521,23.451,23.481,19127,0
2015-06-09,22:00:00,23.511,23.521,23.402,23.442,6866,0
2015-06-10,16:00:00,23.412,23.827,23.412,23.719,9454,0
2015-06-10,17:00:00,23.689,23.689,23.531,23.561,2601,0
2015-06-10,18:00:00,23.809,23.848,23.481,23.551,13908,0
2015-06-10,19:00:00,23.59,23.689,23.543,23.543,2692,0
2015-06-10,20:00:00,23.561,23.699,23.561,23.571,8317,0
2015-06-10,21:00:00,23.58,23.698,23.58,23.591,7512,0
2015-06-10,22:00:00,23.59,23.679,23.59,23.59,11810,0
2015-06-11,16:00:00,23.551,23.6,23.402,23.402,1829,0
2015-06-11,17:00:00,23.511,23.64,23.511,23.6,1254,0
2015-06-11,18:00:00,23.6,23.668,23.571,23.61,6607,0
2015-06-11,19:00:00,23.573,23.64,23.573,23.634,2785,0
2015-06-11,20:00:00,23.63,23.66,23.6,23.6,1740,0
2015-06-11,21:00:00,23.65,23.669,23.584,23.661,5481,0
2015-06-11,22:00:00,23.66,23.719,23.571,23.719,5065,0
2015-06-12,16:00:00,23.511,23.58,23.501,23.58,3341,0
2015-06-12,17:00:00,23.551,23.551,23.451,23.521,1947,0
2015-06-12,18:00:00,23.623,23.65,23.471,23.59,19414,0
2015-06-12,19:00:00,23.597,23.61,23.552,23.59,609,0
2015-06-12,20:00:00,23.62,23.62,23.59,23.604,1731,0
2015-06-12,21:00:00,23.61,23.62,23.575,23.577,2263,0
2015-06-12,22:00:00,23.551,23.61,23.551,23.61,4466,0
2015-06-15,16:00:00,23.372,23.443,23.362,23.4,9600,0
2015-06-15,17:00:00,23.412,23.559,23.323,23.342,109191,0
2015-06-15,18:00:00,23.352,23.412,23.323,23.392,50647,0
2015-06-15,19:00:00,23.392,23.511,23.342,23.389,4570,0
2015-06-15,20:00:00,23.352,23.392,23.352,23.382,3226,0
2015-06-15,21:00:00,23.367,23.491,23.342,23.453,5687,0
2015-06-15,22:00:00,23.451,23.501,23.342,23.352,5049,0
2015-06-16,16:00:00,23.306,23.535,23.306,23.335,2038,0
2015-06-16,17:00:00,23.286,23.565,23.266,23.356,8774,0
2015-06-16,18:00:00,23.455,23.475,23.246,23.384,11448,0
2015-06-16,19:00:00,23.405,23.405,23.306,23.405,5225,0
2015-06-16,20:00:00,23.429,23.445,23.347,23.399,5439,0
2015-06-16,21:00:00,23.445,23.445,23.355,23.404,6483,0
2015-06-16,22:00:00,23.412,23.445,23.226,23.306,21924,0
2015-06-17,16:00:00,23.216,23.555,23.216,23.266,3277,0
2015-06-17,17:00:00,23.326,23.408,23.306,23.338,2118,0
2015-06-17,18:00:00,23.306,23.445,23.196,23.256,7827,0
2015-06-17,19:00:00,23.266,23.435,23.206,23.26,10135,0
2015-06-17,20:00:00,23.349,23.472,23.206,23.435,5056,0
2015-06-17,21:00:00,23.555,23.572,23.236,23.518,11539,0
2015-06-17,22:00:00,23.421,23.535,23.355,23.355,4884,0
2015-06-18,16:00:00,23.286,23.584,23.286,23.584,8263,0
2015-06-18,17:00:00,23.583,23.583,23.435,23.477,2905,0
2015-06-18,18:00:00,23.385,23.594,23.385,23.455,11590,0
2015-06-18,19:00:00,23.455,23.604,23.395,23.565,14330,0
2015-06-18,20:00:00,23.565,23.575,23.415,23.555,8059,0
2015-06-18,21:00:00,23.555,23.584,23.486,23.565,18993,0
2015-06-18,22:00:00,23.58,23.604,23.415,23.415,15075,0
2015-06-19,16:00:00,23.505,23.608,23.505,23.604,5672,0
2015-06-19,17:00:00,23.614,23.618,23.525,23.575,8740,0
2015-06-19,18:00:00,23.562,23.624,23.425,23.624,19579,0
2015-06-19,19:00:00,23.535,23.634,23.425,23.604,14666,0
2015-06-19,20:00:00,23.575,23.575,23.425,23.575,1878,0
2015-06-19,21:00:00,23.582,23.584,23.425,23.584,7218,0
2015-06-19,22:00:00,23.425,23.535,23.425,23.435,14304,0
2015-06-22,16:00:00,23.475,23.57,23.475,23.545,2914,0
2015-06-22,17:00:00,23.555,23.644,23.475,23.545,30129,0
2015-06-22,18:00:00,23.545,23.644,23.495,23.577,3763,0
2015-06-22,19:00:00,23.475,23.644,23.474,23.515,2209,0
2015-06-22,20:00:00,23.624,23.624,23.475,23.475,1572,0
2015-06-22,21:00:00,23.525,23.714,23.465,23.714,4934,0
2015-06-22,22:00:00,23.624,23.644,23.555,23.565,3364,0
2015-06-23,16:00:00,23.654,23.654,23.519,23.644,5529,0
2015-06-23,17:00:00,23.644,23.654,23.595,23.599,5888,0
2015-06-23,18:00:00,23.595,23.654,23.575,23.629,1889,0
2015-06-23,19:00:00,23.597,23.654,23.597,23.654,1852,0
2015-06-23,20:00:00,23.595,23.654,23.595,23.619,5060,0
2015-06-23,21:00:00,23.654,23.784,23.606,23.654,10150,0
2015-06-23,22:00:00,23.704,23.764,23.654,23.724,10120,0
2015-06-24,16:00:00,23.774,23.784,23.714,23.735,9649,0
2015-06-24,17:00:00,23.734,23.794,23.614,23.722,19600,0
2015-06-24,18:00:00,23.674,23.762,23.525,23.575,14187,0
2015-06-24,19:00:00,23.634,23.724,23.515,23.699,2005,0
2015-06-24,20:00:00,23.525,23.704,23.525,23.704,3730,0
2015-06-24,21:00:00,23.754,23.754,23.535,23.684,3479,0
2015-06-24,22:00:00,23.565,23.734,23.535,23.545,5139,0
2015-06-25,16:00:00,23.545,23.672,23.529,23.634,1475,0
2015-06-25,17:00:00,23.555,23.634,23.505,23.505,12825,0
2015-06-25,18:00:00,23.614,23.615,23.515,23.545,6392,0
2015-06-25,19:00:00,23.546,23.624,23.475,23.475,2568,0
2015-06-25,20:00:00,23.505,23.624,23.445,23.582,2209,0
2015-06-25,21:00:00,23.495,23.624,23.437,23.624,1808,0
2015-06-25,22:00:00,23.485,23.615,23.425,23.455,3832,0
2015-06-26,16:00:00,23.555,23.555,23.455,23.495,2982,0
2015-06-26,17:00:00,23.415,23.565,23.415,23.455,13279,0
2015-06-26,18:00:00,23.425,23.505,23.375,23.494,40756,0
2015-06-26,19:00:00,23.435,23.475,23.375,23.435,1530,0
2015-06-26,20:00:00,23.375,23.429,23.375,23.429,1042,0
2015-06-26,21:00:00,23.421,23.439,23.415,23.421,6535,0
2015-06-26,22:00:00,23.425,23.465,23.286,23.286,13974,0
2015-06-29,16:00:00,23.146,23.216,23.146,23.216,6919,0
2015-06-29,17:00:00,23.328,23.328,23.166,23.216,984,0
2015-06-29,18:00:00,23.246,23.256,22.907,22.907,80663,0
2015-06-29,19:00:00,22.917,22.987,22.857,22.927,14285,0
2015-06-29,20:00:00,22.936,23.077,22.927,23.035,10121,0
2015-06-29,21:00:00,22.987,23.076,22.967,23.016,13379,0
2015-06-29,22:00:00,22.995,23.037,22.917,22.947,12394,0
2015-06-30,16:00:00,23.116,23.325,22.847,22.937,5464,0
2015-06-30,17:00:00,23.116,23.166,22.847,23.134,12578,0
2015-06-30,18:00:00,23.047,23.047,22.86,23.01,1635,0
2015-06-30,19:00:00,23.057,23.057,22.86,23.013,3868,0
2015-06-30,20:00:00,22.907,23.057,22.907,22.998,4278,0
2015-06-30,21:00:00,23.027,23.033,22.907,22.966,4102,0
2015-06-30,22:00:00,22.955,22.967,22.907,22.907,11694,0
2015-07-01,16:00:00,22.887,23.047,22.856,23.047,8401,0
2015-07-01,17:00:00,22.937,23.007,22.887,22.947,32413,0
2015-07-01,18:00:00,22.966,22.966,22.828,22.848,64631,0
2015-07-01,19:00:00,22.85,22.987,22.847,22.848,4819,0
2015-07-01,20:00:00,22.85,22.938,22.85,22.897,903,0
2015-07-01,21:00:00,22.889,23.006,22.848,22.907,18183,0
2015-07-01,22:00:00,22.917,23.035,22.818,22.887,8660,0
2015-07-02,16:00:00,22.987,23.236,22.987,22.988,1106,0
2015-07-02,17:00:00,23.007,23.047,22.986,23.005,3165,0
2015-07-02,18:00:00,23.017,23.027,22.937,22.977,3441,0
2015-07-02,19:00:00,22.977,23.027,22.937,22.937,3561,0
2015-07-02,20:00:00,22.959,23.017,22.959,23.017,1154,0
2015-07-02,21:00:00,23.017,23.017,22.927,22.927,7698,0
2015-07-02,22:00:00,22.987,23.005,22.847,22.847,7239,0
2015-07-06,16:00:00,22.778,22.937,22.668,22.887,30355,0
2015-07-06,17:00:00,22.877,22.877,22.748,22.828,27829,0
2015-07-06,18:00:00,22.808,22.808,22.708,22.75,7473,0
2015-07-06,19:00:00,22.728,22.768,22.658,22.658,7027,0
2015-07-06,20:00:00,22.718,22.738,22.668,22.708,1539,0
2015-07-06,21:00:00,22.658,22.847,22.349,22.494,401426,0
2015-07-06,22:00:00,22.459,22.539,22.379,22.419,189964,0
2015-07-07,16:00:00,22.34,22.619,22.33,22.357,7398,0
2015-07-07,17:00:00,22.29,22.439,22.251,22.252,9221,0
2015-07-07,18:00:00,22.26,22.369,22.24,22.359,18678,0
2015-07-07,19:00:00,22.373,22.399,22.28,22.32,9861,0
2015-07-07,20:00:00,22.33,22.399,22.31,22.399,8346,0
2015-07-07,21:00:00,22.399,22.409,22.31,22.35,10044,0
2015-07-07,22:00:00,22.398,22.499,22.349,22.499,23792,0
2015-07-08,16:00:00,22.26,22.409,22.26,22.409,4245,0
2015-07-08,17:00:00,22.34,22.399,22.302,22.313,9485,0
2015-07-08,18:00:00,22.31,22.399,22.3,22.349,6798,0
2015-07-08,19:00:00,22.324,22.349,22.26,22.26,8759,0
2015-07-08,20:00:00,22.274,22.29,22.249,22.249,2661,0
2015-07-08,21:00:00,22.246,22.3,22.21,22.247,4803,0
2015-07-08,22:00:00,22.23,22.399,22.23,22.23,11784,0
2015-07-09,16:00:00,22.369,22.708,22.283,22.419,7498,0
2015-07-09,17:00:00,22.469,22.72,22.409,22.569,39793,0
2015-07-09,18:00:00,22.587,22.674,22.27,22.569,79407,0
2015-07-09,19:00:00,22.569,22.636,22.489,22.489,76958,0
2015-07-09,20:00:00,22.509,22.628,22.459,22.628,3340,0
2015-07-09,21:00:00,22.475,22.674,22.359,22.469,41506,0
2015-07-09,22:00:00,22.48,22.539,22.32,22.539,34289,0
2015-07-10,16:00:00,22.479,22.724,22.414,22.569,7029,0
2015-07-10,17:00:00,22.519,22.628,22.491,22.545,10908,0
2015-07-10,18:00:00,22.511,22.688,22.511,22.549,7490,0
2015-07-10,19:00:00,22.638,22.743,22.539,22.54,4180,0
2015-07-10,20:00:00,22.589,22.61,22.539,22.539,5783,0
2015-07-10,21:00:00,22.549,22.628,22.539,22.615,10560,0
2015-07-10,22:00:00,22.628,22.628,22.539,22.579,5251,0
2015-07-13,16:00:00,22.847,22.847,22.658,22.748,6268,0
2015-07-13,17:00:00,22.853,22.887,22.688,22.688,4937,0
2015-07-13,18:00:00,22.648,22.667,22.519,22.589,14797,0
2015-07-13,19:00:00,22.519,22.764,22.509,22.736,13725,0
2015-07-13,20:00:00,22.668,22.766,22.539,22.589,17689,0
2015-07-13,21:00:00,22.593,22.638,22.559,22.595,13643,0
2015-07-13,22:00:00,22.589,22.618,22.509,22.608,10242,0
2015-07-14,16:00:00,22.839,22.839,22.839,22.839,502,0
2015-07-14,17:00:00,22.579,22.639,22.552,22.598,4763,0
2015-07-14,18:00:00,22.628,22.638,22.569,22.592,5254,0
2015-07-14,19:00:00,22.569,22.668,22.569,22.658,17452,0
2015-07-14,20:00:00,22.648,22.678,22.618,22.618,7604,0
2015-07-14,21:00:00,22.648,22.648,22.589,22.648,8616,0
2015-07-14,22:00:00,22.668,22.678,22.605,22.628,32605,0
2015-07-15,16:00:00,22.648,22.927,22.628,22.628,3377,0
2015-07-15,17:00:00,22.551,22.638,22.43,22.638,59935,0
2015-07-15,18:00:00,22.628,22.628,22.559,22.559,4358,0
2015-07-15,19:00:00,22.599,22.716,22.489,22.606,119915,0
2015-07-15,20:00:00,22.628,22.698,22.559,22.579,11779,0
2015-07-15,21:00:00,22.579,22.608,22.429,22.459,31888,0
2015-07-15,22:00:00,22.479,22.509,22.429,22.469,6713,0
2015-07-16,16:00:00,22.74,22.84,22.6,22.62,23137,0
2015-07-16,17:00:00,22.62,22.62,22.5405,22.6036,4111,0
2015-07-16,18:00:00,22.58,22.66,22.5,22.66,3532,0
2015-07-16,19:00:00,22.51,22.5714,22.51,22.5714,364,0
2015-07-16,20:00:00,22.5,22.55,22.5,22.5,2744,0
2015-07-16,21:00:00,22.5,22.6,22.5,22.5,11178,0
2015-07-16,22:00:00,22.52,22.542,22.42,22.44,10602,0
2015-07-17,16:00:00,22.45,22.8599,22.35,22.6426,1429,0
2015-07-17,17:00:00,22.5,22.58,22.44,22.4599,10515,0
2015-07-17,18:00:00,22.36,22.4,22.3501,22.37,5624,0
2015-07-17,19:00:00,22.3644,22.378,22.3501,22.3501,2332,0
2015-07-17,20:00:00,22.36,22.4,22.35,22.371,2558,0
2015-07-17,21:00:00,22.3799,22.4599,22.3,22.4399,40090,0
2015-07-17,22:00:00,22.4399,22.6185,22.314,22.4301,51250,0
2015-07-20,16:00:00,22.4,22.59,22.35,22.35,43789,0
2015-07-20,17:00:00,22.3201,22.41,22.2801,22.3152,6154,0
2015-07-20,18:00:00,22.26,22.41,22.22,22.3784,6910,0
2015-07-20,19:00:00,22.2301,22.35,22.22,22.27,610,0
2015-07-20,20:00:00,22.3,22.37,22.05,22.28,113454,0
2015-07-20,21:00:00,22.28,22.37,22.05,22.25,144823,0
2015-07-20,22:00:00,22.26,22.29,22.13,22.13,70254,0
2015-07-21,16:00:00,22.26,22.44,22.1,22.1705,44272,0
2015-07-21,17:00:00,22.175,22.29,22.17,22.2899,20742,0
2015-07-21,18:00:00,22.23,22.23,22.1,22.1001,19016,0
2015-07-21,19:00:00,22.1799,22.22,22.1,22.17,7421,0
2015-07-21,20:00:00,22.15,22.16,22.1,22.1191,10190,0
2015-07-21,21:00:00,22.1499,22.1808,22.12,22.1808,4025,0
2015-07-21,22:00:00,22.12,22.228,22.0812,22.11,8253,0
2015-07-22,16:00:00,22.2,22.3,21.95,21.965,30558,0
2015-07-22,17:00:00,21.97,22,21.95,21.97,10330,0
2015-07-22,18:00:00,21.98,21.9999,21.96,21.98,6204,0
2015-07-22,19:00:00,21.981,22.1,21.91,21.926,15926,0
2015-07-22,20:00:00,21.924,21.98,21.9,21.9491,8425,0
2015-07-22,21:00:00,21.9611,21.99,21.9105,21.9105,4315,0
2015-07-22,22:00:00,21.93,21.99,21.9,21.91,17779,0
2015-07-23,16:00:00,21.94,22.0684,21.9,21.91,2841,0
2015-07-23,17:00:00,21.91,21.97,21.802,21.89,90327,0
2015-07-23,18:00:00,21.891,21.9,21.81,21.81,8213,0
2015-07-23,19:00:00,21.81,21.96,21.81,21.952,55969,0
2015-07-23,20:00:00,21.93,21.992,21.91,21.9578,34158,0
2015-07-23,21:00:00,21.9524,21.9899,21.88,21.88,78162,0
2015-07-23,22:00:00,21.89,21.9899,21.76,21.81,31122,0
2015-07-24,16:00:00,21.71,22.12,21.52,21.77,30160,0
2015-07-24,17:00:00,21.77,21.7799,21.61,21.71,8098,0
2015-07-24,18:00:00,21.7,21.7424,21.61,21.71,12089,0
2015-07-24,19:00:00,21.6616,21.7417,21.63,21.7399,32076,0
2015-07-24,20:00:00,21.72,21.72,21.6283,21.673,5417,0
2015-07-24,21:00:00,21.69,21.7299,21.61,21.7299,19474,0
2015-07-24,22:00:00,21.708,21.74,21.62,21.65,13637,0
2015-07-27,16:00:00,21.46,21.825,21.46,21.81,10356,0
2015-07-27,17:00:00,21.59,21.8224,21.55,21.6,3066,0
2015-07-27,18:00:00,21.598,21.72,21.46,21.72,4322,0
2015-07-27,19:00:00,21.57,21.75,21.57,21.5919,11494,0
2015-07-27,20:00:00,21.5801,21.8,21.58,21.6304,7020,0
2015-07-27,21:00:00,21.603,21.67,21.58,21.585,23378,0
2015-07-27,22:00:00,21.585,21.6799,21.53,21.53,47737,0
2015-07-28,16:00:00,21.57,21.5872,21.48,21.5872,2506,0
2015-07-28,17:00:00,21.584,21.6199,21.565,21.57,26478,0
2015-07-28,18:00:00,21.62,21.76,21.57,21.73,15665,0
2015-07-28,19:00:00,21.715,21.84,21.6101,21.74,7362,0
2015-07-28,20:00:00,21.7908,21.8199,21.73,21.73,5211,0
2015-07-28,21:00:00,21.82,21.82,21.7,21.74,6905,0
2015-07-28,22:00:00,21.7327,21.82,21.7,21.73,6466,0
2015-07-29,16:00:00,21.73,21.966,21.7001,21.7001,2440,0
2015-07-29,17:00:00,21.7915,21.88,21.7664,21.8705,13116,0
2015-07-29,18:00:00,21.8558,22.2199,21.82,21.96,124964,0
2015-07-29,19:00:00,21.96,22.1599,21.9599,22.156,12066,0
2015-07-29,20:00:00,22.08,22.08,21.94,22.03,39442,0
2015-07-29,21:00:00,22.0088,22.172,21.9799,22.03,36892,0
2015-07-29,22:00:00,22.01,22.06,21.845,22.04,48708,0
2015-07-30,16:00:00,22.02,22.02,21.7401,21.884,4393,0
2015-07-30,17:00:00,21.8001,22.07,21.8,21.86,101130,0
2015-07-30,18:00:00,21.95,21.95,21.7907,21.805,4431,0
2015-07-30,19:00:00,21.84,21.9,21.81,21.87,20660,0
2015-07-30,20:00:00,21.8208,21.88,21.8208,21.8499,1749,0
2015-07-30,21:00:00,21.78,21.98,21.78,21.89,52653,0
2015-07-30,22:00:00,21.955,22.01,21.8301,21.85,7652,0
2015-07-31,16:00:00,21.94,21.95,21.87,21.87,2024,0
2015-07-31,17:00:00,22.06,22.06,21.884,21.9612,4721,0
2015-07-31,18:00:00,21.909,21.9593,21.85,21.94,2056,0
2015-07-31,19:00:00,21.8941,21.99,21.89,21.97,2477,0
2015-07-31,20:00:00,21.91,21.91,21.83,21.83,3630,0
2015-07-31,21:00:00,21.8332,21.87,21.714,21.714,13078,0
2015-07-31,22:00:00,21.73,21.7901,21.7165,21.74,2875,0
2015-08-03,16:00:00,21.67,21.672,21.59,21.61,12290,0
2015-08-03,17:00:00,21.598,21.703,21.584,21.584,700,0
2015-08-03,18:00:00,21.56,21.6299,21.4596,21.51,39921,0
2015-08-03,19:00:00,21.458,21.5,21.44,21.4539,5461,0
2015-08-03,20:00:00,21.4501,21.53,21.33,21.44,135197,0
2015-08-03,21:00:00,21.38,21.5,21.3668,21.3668,24680,0
2015-08-03,22:00:00,21.354,21.55,21.33,21.41,51060,0
2015-08-04,16:00:00,21.48,21.7299,21.48,21.6,1554,0
2015-08-04,17:00:00,21.545,21.58,21.4064,21.4064,2437,0
2015-08-04,18:00:00,21.45,21.689,21.45,21.52,2476,0
2015-08-04,19:00:00,21.5499,21.5499,21.5499,21.5499,368,0
2015-08-04,20:00:00,21.51,21.6899,21.46,21.46,2927,0
2015-08-04,21:00:00,21.4968,21.658,21.45,21.569,3416,0
2015-08-04,22:00:00,21.5,21.5899,21.4501,21.48,6836,0
2015-08-05,16:00:00,21.52,21.69,21.39,21.611,2882,0
2015-08-05,17:00:00,21.49,21.614,21.453,21.48,4098,0
2015-08-05,18:00:00,21.7199,21.7199,21.37,21.52,3822,0
2015-08-05,19:00:00,21.4656,21.4656,21.3509,21.3628,1935,0
2015-08-05,20:00:00,21.492,21.492,21.31,21.3256,10728,0
2015-08-05,21:00:00,21.3,21.49,21.291,21.34,2485,0
2015-08-05,22:00:00,21.4,21.5,21.3,21.38,7922,0
2015-08-06,16:00:00,21.3,21.3076,21.21,21.2968,3920,0
2015-08-06,17:00:00,21.2993,21.2993,21.1,21.24,39730,0
2015-08-06,18:00:00,21.28,21.38,21.2195,21.3,36613,0
2015-08-06,19:00:00,21.27,21.29,21.2029,21.2053,12414,0
2015-08-06,20:00:00,21.24,21.348,21.23,21.32,23430,0
2015-08-06,21:00:00,21.2808,21.67,21.274,21.408,108046,0
2015-08-06,22:00:00,21.42,21.4599,21.36,21.36,6474,0
2015-08-07,16:00:00,21.4201,21.52,21.35,21.48,62437,0
2015-08-07,17:00:00,21.38,21.43,21.32,21.38,24514,0
2015-08-07,18:00:00,21.43,21.48,21.36,21.4399,14544,0
2015-08-07,19:00:00,21.43,21.44,21.36,21.36,9221,0
2015-08-07,20:00:00,21.36,21.4144,21.35,21.3969,5458,0
2015-08-07,21:00:00,21.3857,21.4193,21.3601,21.3788,4379,0
2015-08-07,22:00:00,21.37,21.4399,21.37,21.43,5641,0
