Date,Time,Open,High,Low,Close,Volume,OpenInt
2015-01-15,16:00:00,22.008,22.047,21.968,21.998,2724,0
2015-01-15,17:00:00,21.998,22.076,21.959,22.028,34442,0
2015-01-15,18:00:00,21.998,22.038,21.864,21.892,16449,0
2015-01-15,19:00:00,21.921,22.038,21.864,21.892,8519,0
2015-01-15,20:00:00,21.951,22.038,21.902,22.038,9416,0
2015-01-15,21:00:00,21.951,22.038,21.951,21.978,4120,0
2015-01-15,22:00:00,21.978,22.047,21.66,21.7,134152,0
2015-01-16,16:00:00,21.968,21.968,21.785,21.864,5758,0
2015-01-16,17:00:00,21.805,21.874,21.728,21.728,5271,0
2015-01-16,18:00:00,21.777,21.882,21.651,21.864,11358,0
2015-01-16,19:00:00,21.767,21.854,21.69,21.805,11815,0
2015-01-16,20:00:00,21.621,21.805,21.611,21.69,1891,0
2015-01-16,21:00:00,21.854,21.854,21.621,21.66,16817,0
2015-01-16,22:00:00,21.651,21.844,21.611,21.621,62654,0
2015-01-20,16:00:00,21.931,21.931,21.68,21.795,15246,0
2015-01-20,17:00:00,21.795,21.892,21.69,21.708,20696,0
2015-01-20,18:00:00,21.69,21.757,21.574,21.583,71399,0
2015-01-20,19:00:00,21.631,21.738,21.631,21.68,4747,0
2015-01-20,20:00:00,21.7,21.738,21.651,21.67,26016,0
2015-01-20,21:00:00,21.66,21.728,21.631,21.67,18467,0
2015-01-20,22:00:00,21.7,21.708,21.611,21.611,55969,0
2015-01-21,16:00:00,21.708,21.757,21.66,21.708,12033,0
2015-01-21,17:00:00,21.747,21.795,21.728,21.757,9738,0
2015-01-21,18:00:00,21.728,21.747,21.708,21.728,12871,0
2015-01-21,19:00:00,21.747,21.747,21.718,21.718,11906,0
2015-01-21,20:00:00,21.718,21.767,21.66,21.738,11711,0
2015-01-21,21:00:00,21.757,21.757,21.708,21.718,6170,0
2015-01-21,22:00:00,21.747,21.757,21.708,21.757,21559,0
2015-01-22,16:00:00,21.767,21.834,21.757,21.834,5734,0
2015-01-22,17:00:00,21.747,21.844,21.738,21.767,29167,0
2015-01-22,18:00:00,21.757,21.785,21.757,21.777,12281,0
2015-01-22,19:00:00,21.777,21.805,21.767,21.777,4726,0
2015-01-22,20:00:00,21.767,21.777,21.747,21.757,5472,0
2015-01-22,21:00:00,21.777,21.814,21.738,21.805,26538,0
2015-01-22,22:00:00,21.757,21.805,21.738,21.805,52727,0
2015-01-23,16:00:00,22.008,22.018,21.968,21.968,313,0
2015-01-23,17:00:00,21.978,22.038,21.978,22.028,2504,0
2015-01-23,18:00:00,22.028,22.028,21.951,22.008,30563,0
2015-01-23,19:00:00,21.998,22.038,21.902,21.911,24154,0
2015-01-23,20:00:00,21.968,22.047,21.902,21.921,12637,0
2015-01-23,21:00:00,21.921,22.008,21.777,21.777,27548,0
2015-01-23,22:00:00,21.777,22.028,21.777,22.028,27368,0
2015-01-26,16:00:00,22.028,22.028,22.028,22.028,520,0
2015-01-26,17:00:00,22.028,22.028,21.911,21.968,14350,0
2015-01-26,18:00:00,21.959,22.008,21.959,22.008,1415,0
2015-01-26,19:00:00,22.008,22.008,21.941,21.998,3502,0
2015-01-26,20:00:00,21.921,21.921,21.785,21.805,3186,0
2015-01-26,21:00:00,21.854,21.892,21.777,21.824,19794,0
2015-01-26,22:00:00,21.892,21.921,21.777,21.777,21379,0
2015-01-27,16:00:00,21.959,21.968,21.834,21.834,5394,0
2015-01-27,17:00:00,21.882,22.008,21.805,21.959,23502,0
2015-01-27,18:00:00,21.951,21.951,21.805,21.854,7772,0
2015-01-27,19:00:00,21.854,21.874,21.777,21.824,9426,0
2015-01-27,20:00:00,21.805,21.931,21.805,21.874,953,0
2015-01-27,21:00:00,21.931,21.959,21.854,21.874,11242,0
2015-01-27,22:00:00,21.874,21.911,21.777,21.911,33185,0
2015-01-28,16:00:00,21.921,21.951,21.874,21.874,989,0
2015-01-28,17:00:00,21.864,22.076,21.864,21.902,13933,0
2015-01-28,18:00:00,21.921,22.008,21.874,21.874,8673,0
2015-01-28,19:00:00,21.911,21.959,21.854,21.892,7172,0
2015-01-28,20:00:00,21.854,21.911,21.844,21.844,9930,0
2015-01-28,21:00:00,21.874,21.921,21.814,21.824,34309,0
2015-01-28,22:00:00,21.824,21.844,21.777,21.785,44562,0
2015-01-29,16:00:00,21.951,21.978,21.844,21.978,11412,0
2015-01-29,17:00:00,21.988,21.988,21.805,21.892,14124,0
2015-01-29,18:00:00,21.911,21.988,21.854,21.911,12652,0
2015-01-29,19:00:00,21.921,21.921,21.864,21.864,4167,0
2015-01-29,20:00:00,21.864,21.968,21.854,21.959,15857,0
2015-01-29,21:00:00,21.959,21.959,21.834,21.834,25645,0
2015-01-29,22:00:00,21.844,21.978,21.805,21.805,24781,0
2015-01-30,16:00:00,21.882,21.911,21.874,21.882,2379,0
2015-01-30,17:00:00,21.874,21.988,21.864,21.874,14661,0
2015-01-30,18:00:00,21.882,21.978,21.834,21.834,7998,0
2015-01-30,19:00:00,21.824,21.844,21.777,21.785,17041,0
2015-01-30,20:00:00,21.805,21.844,21.795,21.824,7529,0
2015-01-30,21:00:00,21.814,21.892,21.795,21.874,16719,0
2015-01-30,22:00:00,21.834,21.911,21.824,21.844,25240,0
2015-02-02,16:00:00,21.991,22.031,21.796,21.816,7554,0
2015-02-02,17:00:00,21.923,21.953,21.836,21.923,17736,0
2015-02-02,18:00:00,21.894,21.953,21.894,21.933,7468,0
2015-02-02,19:00:00,21.933,21.933,21.913,21.923,14621,0
2015-02-02,20:00:00,21.923,21.943,21.913,21.943,6301,0
2015-02-02,21:00:00,21.923,21.943,21.913,21.933,19067,0
2015-02-02,22:00:00,21.913,21.961,21.913,21.923,40751,0
2015-02-03,16:00:00,21.971,22.176,21.961,22.069,3309,0
2015-02-03,17:00:00,21.991,22.088,21.961,22.078,4021,0
2015-02-03,18:00:00,22.001,22.146,21.933,21.991,41258,0
2015-02-03,19:00:00,21.971,22.011,21.943,21.953,10938,0
2015-02-03,20:00:00,21.971,22.098,21.953,21.971,8941,0
2015-02-03,21:00:00,22.041,22.041,21.943,21.981,38350,0
2015-02-03,22:00:00,22.011,22.118,21.961,22.069,56790,0
2015-02-04,16:00:00,21.991,22.118,21.991,22.118,7853,0
2015-02-04,17:00:00,22.05,22.128,22.021,22.059,7227,0
2015-02-04,18:00:00,22.078,22.098,22.001,22.078,13573,0
2015-02-04,19:00:00,22.05,22.098,22.05,22.069,1668,0
2015-02-04,20:00:00,22.031,22.098,22.021,22.059,2583,0
2015-02-04,21:00:00,22.078,22.088,21.981,21.991,18009,0
2015-02-04,22:00:00,22.031,22.069,21.953,21.953,21064,0
2015-02-05,16:00:00,21.991,22.166,21.981,21.981,1750,0
2015-02-05,17:00:00,22.059,22.118,22.059,22.098,3451,0
2015-02-05,18:00:00,22.031,22.128,22.011,22.078,5393,0
2015-02-05,19:00:00,22.078,22.118,22.031,22.098,12277,0
2015-02-05,20:00:00,22.041,22.118,21.943,22.069,18888,0
2015-02-05,21:00:00,22.021,22.078,22.021,22.031,18720,0
2015-02-05,22:00:00,22.069,22.078,21.953,21.971,11886,0
2015-02-06,16:00:00,22.098,22.146,22.021,22.098,35337,0
2015-02-06,17:00:00,22.118,22.166,22.098,22.146,6972,0
2015-02-06,18:00:00,22.098,22.136,22.078,22.108,10445,0
2015-02-06,19:00:00,22.136,22.136,22.098,22.098,17439,0
2015-02-06,20:00:00,22.088,22.146,22.088,22.146,7201,0
2015-02-06,21:00:00,22.146,22.146,22.098,22.118,30174,0
2015-02-06,22:00:00,22.108,22.118,22.05,22.05,23216,0
2015-02-09,16:00:00,22.215,22.215,22.128,22.215,3555,0
2015-02-09,17:00:00,22.206,22.253,22.118,22.253,14504,0
2015-02-09,18:00:00,22.244,22.263,22.118,22.206,8045,0
2015-02-09,19:00:00,22.136,22.156,22.128,22.128,10650,0
2015-02-09,20:00:00,22.156,22.156,22.088,22.136,13033,0
2015-02-09,21:00:00,22.146,22.156,22.118,22.156,30505,0
2015-02-09,22:00:00,22.146,22.156,22.118,22.118,33812,0
2015-02-10,17:00:00,22.263,22.263,22.166,22.166,13075,0
2015-02-10,18:00:00,22.196,22.234,22.156,22.225,16854,0
2015-02-10,19:00:00,22.206,22.206,22.088,22.128,4052,0
2015-02-10,20:00:00,22.118,22.156,22.088,22.108,11518,0
2015-02-10,21:00:00,22.088,22.206,22.059,22.108,21403,0
2015-02-10,22:00:00,22.166,22.186,22.088,22.098,27146,0
2015-02-11,16:00:00,22.128,22.283,22.098,22.176,1977,0
2015-02-11,17:00:00,22.196,22.244,22.118,22.128,8682,0
2015-02-11,18:00:00,22.176,22.225,22.078,22.128,20112,0
2015-02-11,19:00:00,22.088,22.118,22.088,22.118,11520,0
2015-02-11,20:00:00,22.108,22.118,22.088,22.108,2902,0
2015-02-11,21:00:00,22.118,22.136,22.098,22.118,10394,0
2015-02-11,22:00:00,22.118,22.206,22.098,22.108,26905,0
2015-02-12,16:00:00,22.108,22.293,22.108,22.225,1750,0
2015-02-12,17:00:00,22.234,22.4,22.176,22.371,30755,0
2015-02-12,18:00:00,22.371,22.381,22.263,22.283,21106,0
2015-02-12,19:00:00,22.331,22.341,22.283,22.303,5683,0
2015-02-12,20:00:00,22.303,22.351,22.293,22.293,5688,0
2015-02-12,21:00:00,22.293,22.321,22.273,22.293,10305,0
2015-02-12,22:00:00,22.283,22.321,22.283,22.283,19761,0
2015-02-13,16:00:00,22.381,22.506,22.351,22.351,15841,0
2015-02-13,17:00:00,22.4,22.487,22.4,22.428,17411,0
2015-02-13,18:00:00,22.458,22.487,22.428,22.487,15806,0
2015-02-13,19:00:00,22.487,22.487,22.448,22.487,22661,0
2015-02-13,20:00:00,22.468,22.487,22.458,22.487,14428,0
2015-02-13,21:00:00,22.487,22.487,22.448,22.487,33090,0
2015-02-13,22:00:00,22.487,22.526,22.448,22.468,25344,0
2015-02-17,16:00:00,22.613,22.662,22.613,22.662,2290,0
2015-02-17,17:00:00,22.438,22.749,22.438,22.593,4482,0
2015-02-17,18:00:00,22.662,22.662,22.438,22.526,27147,0
2015-02-17,19:00:00,22.536,22.536,22.381,22.381,8768,0
2015-02-17,20:00:00,22.633,22.633,22.381,22.468,2059,0
2015-02-17,21:00:00,22.565,22.583,22.448,22.526,15832,0
2015-02-17,22:00:00,22.526,22.603,22.448,22.603,33714,0
2015-02-18,16:00:00,22.438,22.603,22.438,22.603,6908,0
2015-02-18,17:00:00,22.536,22.701,22.418,22.418,30097,0
2015-02-18,18:00:00,22.438,22.575,22.438,22.575,12003,0
2015-02-18,19:00:00,22.593,22.593,22.448,22.536,1598,0
2015-02-18,20:00:00,22.478,22.496,22.448,22.496,3929,0
2015-02-18,21:00:00,22.448,22.526,22.448,22.478,20269,0
2015-02-18,22:00:00,22.478,22.526,22.448,22.478,25992,0
2015-02-19,17:00:00,22.643,22.711,22.496,22.496,29128,0
2015-02-19,18:00:00,22.438,22.623,22.438,22.468,10331,0
2015-02-19,19:00:00,22.575,22.633,22.575,22.633,4654,0
2015-02-19,20:00:00,22.643,22.643,22.506,22.506,1792,0
2015-02-19,21:00:00,22.526,22.662,22.496,22.643,71018,0
2015-02-19,22:00:00,22.643,22.681,22.575,22.681,88574,0
2015-02-20,16:00:00,22.701,22.749,22.652,22.749,8320,0
2015-02-20,17:00:00,22.74,22.749,22.662,22.749,4195,0
2015-02-20,18:00:00,22.711,22.711,22.662,22.671,17981,0
2015-02-20,19:00:00,22.662,22.721,22.565,22.691,7352,0
2015-02-20,20:00:00,22.671,22.681,22.652,22.662,2891,0
2015-02-20,21:00:00,22.671,22.681,22.652,22.652,21888,0
2015-02-20,22:00:00,22.671,22.671,22.468,22.575,42585,0
2015-02-23,16:00:00,22.575,22.603,22.555,22.555,4124,0
2015-02-23,17:00:00,22.603,22.603,22.409,22.593,6800,0
2015-02-23,18:00:00,22.546,22.603,22.39,22.575,25019,0
2015-02-23,19:00:00,22.448,22.583,22.4,22.487,16897,0
2015-02-23,20:00:00,22.448,22.593,22.418,22.583,6379,0
2015-02-23,21:00:00,22.458,22.603,22.409,22.575,95370,0
2015-02-23,22:00:00,22.583,22.583,22.409,22.487,28979,0
2015-02-24,16:00:00,22.506,22.575,22.448,22.478,12586,0
2015-02-24,17:00:00,22.487,22.593,22.428,22.593,4192,0
2015-02-24,18:00:00,22.526,22.593,22.428,22.583,20846,0
2015-02-24,19:00:00,22.593,22.603,22.526,22.603,7863,0
2015-02-24,20:00:00,22.593,22.623,22.536,22.583,4022,0
2015-02-24,21:00:00,22.546,22.583,22.438,22.575,24328,0
2015-02-24,22:00:00,22.487,22.603,22.438,22.487,14681,0
2015-02-25,16:00:00,22.516,22.565,22.516,22.526,1675,0
2015-02-25,17:00:00,22.778,22.788,22.496,22.691,8697,0
2015-02-25,18:00:00,22.681,22.681,22.516,22.526,9087,0
2015-02-25,19:00:00,22.506,22.555,22.506,22.555,4749,0
2015-02-25,20:00:00,22.555,22.565,22.516,22.536,2244,0
2015-02-25,21:00:00,22.506,22.623,22.506,22.546,11455,0
2015-02-25,22:00:00,22.536,22.555,22.496,22.506,10659,0
2015-02-26,16:00:00,22.701,22.74,22.633,22.73,9299,0
2015-02-26,17:00:00,22.73,22.73,22.546,22.701,10211,0
2015-02-26,18:00:00,22.603,22.701,22.546,22.701,23695,0
2015-02-26,19:00:00,22.603,22.662,22.593,22.633,1234,0
2015-02-26,20:00:00,22.603,22.701,22.593,22.701,5846,0
2015-02-26,21:00:00,22.681,22.691,22.546,22.603,53756,0
2015-02-26,22:00:00,22.593,22.711,22.546,22.555,13697,0
2015-02-27,16:00:00,22.623,22.623,22.565,22.575,778,0
2015-02-27,17:00:00,22.583,22.73,22.575,22.583,17872,0
2015-02-27,18:00:00,22.613,22.633,22.583,22.623,11145,0
2015-02-27,19:00:00,22.613,22.613,22.603,22.603,8357,0
2015-02-27,20:00:00,22.643,22.652,22.603,22.613,6224,0
2015-02-27,21:00:00,22.633,22.691,22.583,22.583,10443,0
2015-02-27,22:00:00,22.603,22.643,22.555,22.565,28321,0
2015-03-02,16:00:00,22.721,22.759,22.593,22.702,33609,0
2015-03-02,17:00:00,22.633,22.663,22.623,22.663,3431,0
2015-03-02,18:00:00,22.663,22.712,22.623,22.702,6998,0
2015-03-02,19:00:00,22.712,22.712,22.643,22.692,6336,0
2015-03-02,20:00:00,22.682,22.731,22.682,22.702,1776,0
2015-03-02,21:00:00,22.721,22.749,22.603,22.741,28810,0
2015-03-02,22:00:00,22.712,22.741,22.712,22.721,25855,0
2015-03-03,16:00:00,22.613,22.803,22.613,22.803,7710,0
2015-03-03,17:00:00,22.731,22.769,22.672,22.74,7320,0
2015-03-03,18:00:00,22.683,22.74,22.683,22.731,15962,0
2015-03-03,19:00:00,22.718,22.741,22.712,22.726,3107,0
2015-03-03,20:00:00,22.731,22.839,22.721,22.721,3602,0
2015-03-03,21:00:00,22.806,22.806,22.702,22.712,20831,0
2015-03-03,22:00:00,22.702,22.759,22.702,22.702,11689,0
2015-03-04,16:00:00,22.712,22.839,22.712,22.839,13547,0
2015-03-04,17:00:00,22.799,22.839,22.672,22.682,3092,0
2015-03-04,18:00:00,22.702,22.777,22.682,22.702,5659,0
2015-03-04,19:00:00,22.721,22.734,22.721,22.734,1294,0
2015-03-04,20:00:00,22.731,22.789,22.712,22.712,7573,0
2015-03-04,21:00:00,22.721,22.789,22.712,22.721,35543,0
2015-03-04,22:00:00,22.749,22.759,22.692,22.702,18426,0
2015-03-05,16:00:00,22.759,22.897,22.751,22.829,5303,0
2015-03-05,17:00:00,22.731,22.888,22.731,22.848,4271,0
2015-03-05,18:00:00,22.809,22.965,22.769,22.888,96792,0
2015-03-05,19:00:00,22.888,22.916,22.847,22.897,15479,0
2015-03-05,20:00:00,22.866,22.907,22.839,22.907,8156,0
2015-03-05,21:00:00,22.897,22.916,22.839,22.848,19708,0
2015-03-05,22:00:00,22.878,22.896,22.811,22.829,6859,0
2015-03-06,16:00:00,22.799,22.945,22.799,22.849,6078,0
2015-03-06,17:00:00,22.765,22.907,22.765,22.881,4430,0
2015-03-06,18:00:00,22.841,22.891,22.749,22.751,25333,0
2015-03-06,19:00:00,22.839,22.868,22.721,22.721,6049,0
2015-03-06,20:00:00,22.733,22.799,22.721,22.789,2281,0
2015-03-06,21:00:00,22.754,22.839,22.692,22.759,24237,0
2015-03-06,22:00:00,22.712,22.848,22.682,22.789,16703,0
2015-03-09,15:00:00,22.789,22.965,22.789,22.825,2286,0
2015-03-09,16:00:00,22.805,22.907,22.769,22.791,8845,0
2015-03-09,17:00:00,22.868,22.878,22.769,22.779,5819,0
2015-03-09,18:00:00,22.769,22.829,22.769,22.799,3552,0
2015-03-09,19:00:00,22.799,22.868,22.769,22.78,9700,0
2015-03-09,20:00:00,22.878,22.878,22.769,22.769,13202,0
2015-03-09,21:00:00,22.779,22.935,22.779,22.848,53501,0
2015-03-10,15:00:00,22.839,22.839,22.672,22.712,5400,0
2015-03-10,16:00:00,22.721,22.808,22.697,22.74,6896,0
2015-03-10,17:00:00,22.801,22.819,22.692,22.692,5103,0
2015-03-10,18:00:00,22.721,22.736,22.712,22.736,2151,0
2015-03-10,19:00:00,22.712,22.768,22.702,22.768,5326,0
2015-03-10,20:00:00,22.731,22.759,22.673,22.682,14218,0
2015-03-10,21:00:00,22.682,22.759,22.682,22.692,12290,0
2015-03-11,15:00:00,22.712,22.712,22.672,22.678,9071,0
2015-03-11,16:00:00,22.712,22.731,22.623,22.731,15843,0
2015-03-11,17:00:00,22.702,22.829,22.672,22.745,8422,0
2015-03-11,18:00:00,22.692,22.769,22.692,22.706,6949,0
2015-03-11,19:00:00,22.7,22.74,22.692,22.697,8767,0
2015-03-11,20:00:00,22.713,22.789,22.682,22.682,6362,0
2015-03-11,21:00:00,22.695,22.809,22.682,22.749,8444,0
2015-03-12,15:00:00,22.839,22.839,22.759,22.779,6654,0
2015-03-12,16:00:00,22.79,22.868,22.78,22.83,5309,0
2015-03-12,17:00:00,22.847,22.868,22.812,22.848,9123,0
2015-03-12,18:00:00,22.809,22.839,22.786,22.796,4400,0
2015-03-12,19:00:00,22.814,22.848,22.779,22.844,7549,0
2015-03-12,20:00:00,22.823,22.832,22.731,22.75,14807,0
2015-03-12,21:00:00,22.794,22.868,22.769,22.829,12454,0
2015-03-13,15:00:00,22.749,22.769,22.712,22.769,4135,0
2015-03-13,16:00:00,22.798,22.798,22.672,22.672,7310,0
2015-03-13,17:00:00,22.672,22.672,22.603,22.613,5892,0
2015-03-13,18:00:00,22.623,22.663,22.612,22.613,3246,0
2015-03-13,19:00:00,22.613,22.613,22.583,22.588,3177,0
2015-03-13,20:00:00,22.634,22.682,22.583,22.593,16479,0
2015-03-13,21:00:00,22.626,22.702,22.583,22.583,6229,0
2015-03-16,15:00:00,22.682,22.809,22.477,22.501,7164,0
2015-03-16,16:00:00,22.496,22.593,22.487,22.583,20065,0
2015-03-16,17:00:00,22.565,22.628,22.526,22.628,12368,0
2015-03-16,18:00:00,22.613,22.633,22.584,22.598,1666,0
2015-03-16,19:00:00,22.598,22.598,22.536,22.546,8654,0
2015-03-16,20:00:00,22.531,22.583,22.506,22.583,9492,0
2015-03-16,21:00:00,22.496,22.623,22.38,22.477,15533,0
2015-03-17,15:00:00,22.427,22.47,22.403,22.408,16320,0
2015-03-17,16:00:00,22.408,22.447,22.408,22.408,3808,0
2015-03-17,17:00:00,22.408,22.443,22.399,22.409,2577,0
2015-03-17,18:00:00,22.406,22.506,22.389,22.391,13425,0
2015-03-17,19:00:00,22.399,22.437,22.389,22.394,5495,0
2015-03-17,20:00:00,22.453,22.496,22.389,22.389,15852,0
2015-03-17,21:00:00,22.477,22.487,22.389,22.437,23988,0
2015-03-18,15:00:00,22.408,22.477,22.38,22.38,11061,0
2015-03-18,16:00:00,22.417,22.427,22.381,22.427,8640,0
2015-03-18,17:00:00,22.415,22.417,22.38,22.417,4967,0
2015-03-18,18:00:00,22.394,22.417,22.38,22.38,6657,0
2015-03-18,19:00:00,22.38,22.407,22.38,22.389,4855,0
2015-03-18,20:00:00,22.389,22.555,22.38,22.539,24914,0
2015-03-18,21:00:00,22.507,22.643,22.463,22.496,13816,0
2015-03-19,15:00:00,22.496,22.908,22.496,22.908,4142,0
2015-03-19,16:00:00,22.551,22.623,22.496,22.623,6098,0
2015-03-19,17:00:00,22.605,22.605,22.477,22.593,10279,0
2015-03-19,18:00:00,22.525,22.593,22.496,22.536,5669,0
2015-03-19,19:00:00,22.506,22.536,22.496,22.506,6552,0
2015-03-19,20:00:00,22.496,22.536,22.487,22.492,30660,0
2015-03-19,21:00:00,22.487,22.575,22.487,22.496,11714,0
2015-03-20,15:00:00,22.603,22.839,22.603,22.653,8739,0
2015-03-20,16:00:00,22.653,22.672,22.613,22.643,5630,0
2015-03-20,17:00:00,22.712,22.731,22.644,22.702,16089,0
2015-03-20,18:00:00,22.724,22.731,22.633,22.633,5571,0
2015-03-20,19:00:00,22.692,22.723,22.653,22.668,10658,0
2015-03-20,20:00:00,22.653,22.749,22.653,22.653,20198,0
2015-03-20,21:00:00,22.68,22.741,22.653,22.692,17308,0
2015-03-23,15:00:00,22.702,22.721,22.555,22.721,3334,0
2015-03-23,16:00:00,22.749,22.799,22.701,22.799,14484,0
2015-03-23,17:00:00,22.75,22.799,22.692,22.779,9980,0
2015-03-23,18:00:00,22.759,22.779,22.702,22.702,4246,0
2015-03-23,19:00:00,22.723,22.723,22.699,22.699,2282,0
2015-03-23,20:00:00,22.692,22.721,22.692,22.717,9027,0
2015-03-23,21:00:00,22.721,22.731,22.692,22.731,8983,0
2015-03-24,15:00:00,22.779,22.809,22.732,22.809,4243,0
2015-03-24,16:00:00,22.814,22.829,22.769,22.819,4015,0
2015-03-24,17:00:00,22.819,22.819,22.779,22.819,8014,0
2015-03-24,18:00:00,22.819,22.841,22.779,22.799,13735,0
2015-03-24,19:00:00,22.819,22.848,22.794,22.848,2528,0
2015-03-24,20:00:00,22.848,22.848,22.789,22.829,8680,0
2015-03-24,21:00:00,22.799,22.829,22.679,22.819,21296,0
2015-03-25,15:00:00,22.839,23.034,22.789,22.844,10225,0
2015-03-25,16:00:00,23.054,23.054,22.799,22.869,8610,0
2015-03-25,17:00:00,22.965,22.965,22.819,22.819,15282,0
2015-03-25,18:00:00,22.819,22.824,22.819,22.821,4022,0
2015-03-25,19:00:00,22.82,22.821,22.686,22.754,12454,0
2015-03-25,20:00:00,22.799,22.799,22.731,22.786,7900,0
2015-03-25,21:00:00,22.799,22.848,22.779,22.848,16804,0
2015-03-26,15:00:00,22.848,22.878,22.779,22.789,42405,0
2015-03-26,16:00:00,22.779,22.799,22.779,22.789,882,0
2015-03-26,17:00:00,22.789,22.829,22.749,22.759,21162,0
2015-03-26,18:00:00,22.796,22.808,22.762,22.78,5644,0
2015-03-26,19:00:00,22.779,22.799,22.741,22.756,16196,0
2015-03-26,20:00:00,22.741,22.789,22.634,22.741,37151,0
2015-03-26,21:00:00,22.743,22.799,22.741,22.759,14229,0
2015-03-27,15:00:00,22.858,22.868,22.779,22.779,6113,0
2015-03-27,16:00:00,22.868,22.879,22.794,22.809,9074,0
2015-03-27,17:00:00,22.875,22.888,22.799,22.848,6491,0
2015-03-27,18:00:00,22.86,22.86,22.804,22.809,1645,0
2015-03-27,19:00:00,22.809,22.824,22.789,22.809,14954,0
2015-03-27,20:00:00,22.844,22.858,22.789,22.805,3841,0
2015-03-27,21:00:00,22.805,22.847,22.789,22.809,7466,0
2015-03-30,16:00:00,22.819,22.916,22.799,22.894,9666,0
2015-03-30,17:00:00,22.868,22.916,22.809,22.809,2150,0
2015-03-30,18:00:00,22.839,22.858,22.789,22.819,22879,0
2015-03-30,19:00:00,22.819,22.858,22.809,22.819,34545,0
2015-03-30,20:00:00,22.809,22.819,22.799,22.809,14647,0
2015-03-30,21:00:00,22.809,22.829,22.799,22.827,15387,0
2015-03-30,22:00:00,22.809,22.826,22.789,22.819,18227,0
2015-03-31,16:00:00,22.799,22.995,22.799,22.814,11125,0
2015-03-31,17:00:00,22.839,22.858,22.8,22.8,1426,0
2015-03-31,18:00:00,22.799,22.878,22.799,22.839,43822,0
2015-03-31,19:00:00,22.839,22.868,22.829,22.836,3783,0
2015-03-31,20:00:00,22.836,22.878,22.836,22.878,5760,0
2015-03-31,21:00:00,22.878,22.888,22.839,22.843,17501,0
2015-03-31,22:00:00,22.839,22.897,22.829,22.897,12736,0
2015-04-01,16:00:00,22.819,22.897,22.754,22.794,17196,0
2015-04-01,17:00:00,22.878,22.905,22.749,22.877,6550,0
2015-04-01,18:00:00,22.749,22.83,22.749,22.796,9050,0
2015-04-01,19:00:00,22.796,22.827,22.769,22.813,8530,0
2015-04-01,20:00:00,22.813,22.839,22.769,22.835,8996,0
2015-04-01,21:00:00,22.838,22.848,22.799,22.799,8626,0
2015-04-01,22:00:00,22.798,22.848,22.798,22.829,7354,0
2015-04-02,16:00:00,22.848,22.885,22.848,22.885,3381,0
2015-04-02,17:00:00,22.888,22.897,22.839,22.839,7688,0
2015-04-02,18:00:00,22.876,22.897,22.855,22.888,4306,0
2015-04-02,19:00:00,22.897,22.897,22.848,22.868,4577,0
2015-04-02,20:00:00,22.848,22.907,22.848,22.868,1353,0
2015-04-02,21:00:00,22.907,22.916,22.878,22.916,1503,0
2015-04-02,22:00:00,22.878,22.916,22.848,22.878,21297,0
2015-04-06,16:00:00,22.897,22.957,22.878,22.925,4878,0
2015-04-06,17:00:00,22.925,22.955,22.888,22.935,5980,0
2015-04-06,18:00:00,22.935,22.946,22.916,22.925,14414,0
2015-04-06,19:00:00,22.935,22.946,22.916,22.92,10983,0
2015-04-06,20:00:00,22.955,22.955,22.721,22.902,26950,0
2015-04-06,21:00:00,22.897,22.916,22.878,22.897,124368,0
2015-04-06,22:00:00,22.916,22.916,22.897,22.916,27684,0
2015-04-07,16:00:00,22.985,23.015,22.926,23.015,5561,0
2015-04-07,17:00:00,22.975,23.015,22.945,22.965,4859,0
2015-04-07,18:00:00,22.995,23.005,22.925,22.955,8091,0
2015-04-07,19:00:00,22.965,22.965,22.935,22.965,3044,0
2015-04-07,20:00:00,22.957,22.975,22.925,22.955,26297,0
2015-04-07,21:00:00,22.955,23.054,22.935,23.054,48612,0
2015-04-07,22:00:00,23.054,23.054,23.015,23.054,10364,0
2015-04-08,16:00:00,23.131,23.21,23.131,23.181,4645,0
2015-04-08,17:00:00,23.21,23.21,23.14,23.201,9084,0
2015-04-08,18:00:00,23.21,23.239,23.151,23.21,17903,0
2015-04-08,19:00:00,23.198,23.22,23.151,23.21,8140,0
2015-04-08,20:00:00,23.21,23.22,23.151,23.22,16350,0
2015-04-08,21:00:00,23.22,23.239,23.151,23.21,16298,0
2015-04-08,22:00:00,23.22,23.277,23.161,23.225,26171,0
2015-04-09,16:00:00,23.277,23.337,23.253,23.289,29321,0
2015-04-09,17:00:00,23.307,23.367,23.297,23.367,6326,0
2015-04-09,18:00:00,23.358,23.377,23.307,23.377,8400,0
2015-04-09,19:00:00,23.317,23.337,23.311,23.322,7688,0
2015-04-09,20:00:00,23.307,23.32,23.307,23.32,3380,0
2015-04-09,21:00:00,23.337,23.337,23.307,23.309,7452,0
2015-04-09,22:00:00,23.334,23.337,23.307,23.317,33173,0
2015-04-10,16:00:00,23.414,23.503,23.377,23.396,9505,0
2015-04-10,17:00:00,23.396,23.463,23.396,23.448,5040,0
2015-04-10,18:00:00,23.459,23.48,23.434,23.44,6570,0
2015-04-10,19:00:00,23.469,23.469,23.396,23.396,11760,0
2015-04-10,20:00:00,23.411,23.434,23.405,23.423,3262,0
2015-04-10,21:00:00,23.434,23.434,23.396,23.404,11410,0
2015-04-10,22:00:00,23.405,23.434,23.396,23.405,11679,0
2015-04-13,16:00:00,23.463,23.523,23.4,23.523,3634,0
2015-04-13,17:00:00,23.523,23.523,23.466,23.468,5855,0
2015-04-13,18:00:00,23.468,23.533,23.463,23.478,10324,0
2015-04-13,19:00:00,23.483,23.533,23.463,23.476,8692,0
2015-04-13,20:00:00,23.473,23.502,23.463,23.473,10688,0
2015-04-13,21:00:00,23.463,23.523,23.453,23.51,22841,0
2015-04-13,22:00:00,23.523,23.523,23.377,23.386,55528,0
2015-04-14,16:00:00,23.434,23.453,23.268,23.41,9150,0
2015-04-14,17:00:00,23.476,23.56,23.367,23.56,6314,0
2015-04-14,18:00:00,23.542,23.571,23.493,23.501,5569,0
2015-04-14,19:00:00,23.516,23.571,23.498,23.52,3864,0
2015-04-14,20:00:00,23.52,23.571,23.503,23.503,3633,0
2015-04-14,21:00:00,23.53,23.533,23.503,23.513,19003,0
2015-04-14,22:00:00,23.517,23.571,23.493,23.562,17385,0
2015-04-15,16:00:00,23.523,23.571,23.513,23.571,13719,0
2015-04-15,17:00:00,23.534,23.644,23.513,23.629,36568,0
2015-04-15,18:00:00,23.644,23.689,23.58,23.611,77719,0
2015-04-15,19:00:00,23.632,23.683,23.6,23.641,2990,0
2015-04-15,20:00:00,23.62,23.708,23.453,23.559,60199,0
2015-04-15,21:00:00,23.607,23.659,23.533,23.56,15299,0
2015-04-15,22:00:00,23.56,23.679,23.543,23.571,11005,0
2015-04-16,16:00:00,23.562,23.729,23.553,23.629,112287,0
2015-04-16,17:00:00,23.61,23.659,23.6,23.639,37370,0
2015-04-16,18:00:00,23.64,23.649,23.553,23.562,46213,0
2015-04-16,19:00:00,23.562,23.591,23.546,23.571,9694,0
2015-04-16,20:00:00,23.58,23.605,23.543,23.571,19535,0
2015-04-16,21:00:00,23.571,23.649,23.562,23.59,12071,0
2015-04-16,22:00:00,23.59,23.659,23.405,23.513,205481,0
2015-04-17,16:00:00,23.473,23.689,23.473,23.679,5265,0
2015-04-17,17:00:00,23.513,23.59,23.483,23.492,5238,0
2015-04-17,18:00:00,23.493,23.503,23.424,23.481,17435,0
2015-04-17,19:00:00,23.483,23.483,23.453,23.472,7473,0
2015-04-17,20:00:00,23.453,23.453,23.424,23.447,969,0
2015-04-17,21:00:00,23.425,23.434,23.414,23.424,9535,0
2015-04-17,22:00:00,23.414,23.58,23.396,23.453,73459,0
2015-04-20,16:00:00,23.453,23.559,23.444,23.559,5875,0
2015-04-20,17:00:00,23.463,23.553,23.434,23.533,12088,0
2015-04-20,18:00:00,23.468,23.562,23.463,23.553,9659,0
2015-04-20,19:00:00,23.553,23.553,23.463,23.553,3421,0
2015-04-20,20:00:00,23.543,23.553,23.473,23.483,15670,0
2015-04-20,21:00:00,23.463,23.543,23.463,23.477,3264,0
2015-04-20,22:00:00,23.463,23.553,23.463,23.553,5840,0
2015-04-21,16:00:00,23.523,23.681,23.523,23.543,8209,0
2015-04-21,17:00:00,23.543,23.543,23.444,23.444,4700,0
2015-04-21,18:00:00,23.494,23.503,23.444,23.503,2536,0
2015-04-21,19:00:00,23.456,23.506,23.444,23.453,11095,0
2015-04-21,20:00:00,23.453,23.473,23.357,23.463,100135,0
2015-04-21,21:00:00,23.463,23.483,23.377,23.416,38630,0
2015-04-21,22:00:00,23.434,23.699,23.424,23.424,59359,0
2015-04-22,16:00:00,23.553,23.729,23.513,23.533,7829,0
2015-04-22,17:00:00,23.523,23.562,23.483,23.497,31750,0
2015-04-22,18:00:00,23.493,23.527,23.483,23.493,17374,0
2015-04-22,19:00:00,23.493,23.561,23.493,23.508,15223,0
2015-04-22,20:00:00,23.503,23.528,23.494,23.523,14096,0
2015-04-22,21:00:00,23.513,23.59,23.513,23.523,29888,0
2015-04-22,22:00:00,23.515,23.659,23.513,23.659,76803,0
2015-04-23,16:00:00,23.669,23.669,23.6,23.6,4431,0
2015-04-23,17:00:00,23.6,23.719,23.571,23.6,51898,0
2015-04-23,18:00:00,23.617,23.665,23.59,23.61,59351,0
2015-04-23,19:00:00,23.61,23.653,23.59,23.6,25727,0
2015-04-23,20:00:00,23.59,23.635,23.59,23.633,96640,0
2015-04-23,21:00:00,23.621,23.635,23.571,23.62,1009503,0
2015-04-23,22:00:00,23.605,23.649,23.6,23.629,37009,0
2015-04-24,16:00:00,23.689,23.815,23.664,23.795,9108,0
2015-04-24,17:00:00,23.746,23.786,23.7,23.736,12034,0
2015-04-24,18:00:00,23.709,23.736,23.709,23.723,4216,0
2015-04-24,19:00:00,23.719,23.771,23.719,23.771,2448,0
2015-04-24,20:00:00,23.787,23.825,23.746,23.746,5118,0
2015-04-24,21:00:00,23.729,23.805,23.729,23.742,4466,0
2015-04-24,22:00:00,23.719,23.835,23.719,23.835,6028,0
2015-04-27,16:00:00,23.835,23.855,23.831,23.831,4887,0
2015-04-27,17:00:00,23.855,23.855,23.789,23.815,11591,0
2015-04-27,18:00:00,23.815,23.815,23.776,23.799,5731,0
2015-04-27,19:00:00,23.825,23.845,23.805,23.805,6635,0
2015-04-27,20:00:00,23.825,23.845,23.805,23.825,5555,0
2015-04-27,21:00:00,23.788,23.865,23.786,23.845,19340,0
2015-04-27,22:00:00,23.815,23.855,23.786,23.845,17084,0
2015-04-28,16:00:00,23.776,23.855,23.776,23.845,7825,0
2015-04-28,17:00:00,23.756,23.835,23.746,23.795,8535,0
2015-04-28,18:00:00,23.791,23.795,23.766,23.766,2566,0
2015-04-28,19:00:00,23.747,23.791,23.747,23.791,2377,0
2015-04-28,20:00:00,23.776,23.783,23.719,23.729,15173,0
2015-04-28,21:00:00,23.733,23.776,23.729,23.737,16118,0
2015-04-28,22:00:00,23.729,23.786,23.729,23.786,4348,0
2015-04-29,16:00:00,23.709,23.791,23.639,23.709,25853,0
2015-04-29,17:00:00,23.736,23.736,23.649,23.669,8948,0
2015-04-29,18:00:00,23.68,23.719,23.649,23.679,12443,0
2015-04-29,19:00:00,23.669,23.709,23.649,23.662,4119,0
2015-04-29,20:00:00,23.659,23.703,23.659,23.673,2931,0
2015-04-29,21:00:00,23.699,23.699,23.669,23.685,5813,0
2015-04-29,22:00:00,23.685,23.729,23.683,23.689,7186,0
2015-04-30,16:00:00,23.776,23.823,23.705,23.766,11662,0
2015-04-30,17:00:00,23.795,23.795,23.729,23.729,11932,0
2015-04-30,18:00:00,23.777,23.865,23.737,23.737,10174,0
2015-04-30,19:00:00,23.719,23.795,23.709,23.724,18078,0
2015-04-30,20:00:00,23.734,23.782,23.71,23.782,4042,0
2015-04-30,21:00:00,23.709,23.795,23.709,23.764,11939,0
2015-04-30,22:00:00,23.805,23.805,23.709,23.729,4386,0
2015-05-01,16:00:00,23.907,23.946,23.868,23.868,11309,0
2015-05-01,17:00:00,23.888,23.898,23.738,23.778,7118,0
2015-05-01,18:00:00,23.779,23.821,23.749,23.821,7116,0
2015-05-01,19:00:00,23.759,23.759,23.73,23.737,2257,0
2015-05-01,20:00:00,23.739,23.755,23.731,23.749,2881,0
2015-05-01,21:00:00,23.759,23.878,23.737,23.81,5967,0
2015-05-01,22:00:00,23.799,23.839,23.731,23.839,17265,0
2015-05-04,16:00:00,23.769,23.995,23.769,23.779,16274,0
2015-05-04,17:00:00,23.785,23.827,23.785,23.792,6444,0
2015-05-04,18:00:00,23.808,23.808,23.789,23.808,3000,0
2015-05-04,19:00:00,23.799,23.808,23.789,23.793,7530,0
2015-05-04,20:00:00,23.789,23.828,23.788,23.808,10561,0
2015-05-04,21:00:00,23.797,23.848,23.789,23.809,7212,0
2015-05-04,22:00:00,23.818,23.838,23.769,23.79,15298,0
2015-05-05,16:00:00,23.878,23.903,23.878,23.888,4466,0
2015-05-05,17:00:00,23.888,23.908,23.828,23.828,10697,0
2015-05-05,18:00:00,23.846,23.975,23.828,23.931,226701,0
2015-05-05,19:00:00,23.931,24.01,23.907,24.01,279054,0
2015-05-05,20:00:00,23.975,24.013,23.926,23.941,2154027,0
2015-05-05,21:00:00,23.926,23.995,23.916,23.936,56642,0
2015-05-05,22:00:00,23.936,24.015,23.926,23.995,189246,0
2015-05-06,16:00:00,24.113,24.133,24.035,24.035,2190,0
2015-05-06,17:00:00,24.015,24.045,23.973,24.019,15747,0
2015-05-06,18:00:00,24.015,24.02,23.951,24.011,19711,0
2015-05-06,19:00:00,23.995,24.055,23.976,24.055,8477,0
2015-05-06,20:00:00,24.025,24.03,23.933,23.966,16303,0
2015-05-06,21:00:00,23.961,24.065,23.946,24.045,78457,0
2015-05-06,22:00:00,23.985,24.055,23.975,24.005,5815,0
2015-05-07,16:00:00,24.005,24.025,23.931,23.985,9170,0
2015-05-07,17:00:00,24.025,24.075,23.975,24.069,21245,0
2015-05-07,18:00:00,24.057,24.084,23.997,24.045,13427,0
2015-05-07,19:00:00,24.055,24.074,24.025,24.045,11960,0
2015-05-07,20:00:00,24.005,24.055,23.997,24.005,4458,0
2015-05-07,21:00:00,24.005,24.025,23.975,24.005,11286,0
2015-05-07,22:00:00,23.99,24.042,23.966,24.035,9609,0
2015-05-08,16:00:00,24.143,24.251,24.074,24.182,12228,0
2015-05-08,17:00:00,24.125,24.212,24.07,24.086,255197,0
2015-05-08,18:00:00,24.113,24.143,24.065,24.103,19703,0
2015-05-08,19:00:00,24.139,24.162,24.104,24.162,8037,0
2015-05-08,20:00:00,24.162,24.162,24.103,24.114,8011,0
2015-05-08,21:00:00,24.103,24.132,24.055,24.072,26017,0
2015-05-08,22:00:00,24.074,24.123,24.067,24.074,7630,0
2015-05-11,16:00:00,24.093,24.232,24.093,24.143,17916,0
2015-05-11,17:00:00,24.147,24.221,24.085,24.182,51065,0
2015-05-11,18:00:00,24.182,24.251,24.143,24.182,24573,0
2015-05-11,19:00:00,24.182,24.182,24.103,24.143,28932,0
2015-05-11,20:00:00,24.117,24.162,24.113,24.135,10716,0
2015-05-11,21:00:00,24.172,24.202,24.093,24.093,9803,0
2015-05-11,22:00:00,24.101,24.171,24.084,24.093,18371,0
2015-05-12,16:00:00,23.936,24.231,23.936,24.152,18681,0
2015-05-12,17:00:00,24.152,24.172,24.035,24.131,12110,0
2015-05-12,18:00:00,24.103,24.142,24.065,24.142,7826,0
2015-05-12,19:00:00,24.123,24.123,24.065,24.113,2879,0
2015-05-12,20:00:00,24.142,24.143,24.065,24.098,8993,0
2015-05-12,21:00:00,24.084,24.142,24.074,24.113,8903,0
2015-05-12,22:00:00,24.103,24.103,24.055,24.065,13356,0
2015-05-13,16:00:00,24.202,24.251,24.172,24.232,46949,0
2015-05-13,17:00:00,24.241,24.251,24.149,24.202,22430,0
2015-05-13,18:00:00,24.192,24.222,24.143,24.192,117495,0
2015-05-13,19:00:00,24.152,24.172,24.133,24.152,15259,0
2015-05-13,20:00:00,24.162,24.162,24.133,24.152,26611,0
2015-05-13,21:00:00,24.143,24.152,24.025,24.04,136378,0
2015-05-13,22:00:00,24.035,24.123,24.025,24.123,83360,0
2015-05-14,16:00:00,24.172,24.172,24.172,24.172,3744,0
2015-05-14,17:00:00,24.232,24.232,24.172,24.172,2854,0
2015-05-14,18:00:00,24.103,24.162,24.074,24.133,9532,0
2015-05-14,19:00:00,24.097,24.133,24.084,24.105,6334,0
2015-05-14,20:00:00,24.132,24.166,24.113,24.123,7318,0
2015-05-14,21:00:00,24.123,24.172,24.108,24.133,15405,0
2015-05-14,22:00:00,24.133,24.172,24.113,24.113,7840,0
2015-05-15,16:00:00,24.162,24.163,24.084,24.162,15134,0
2015-05-15,17:00:00,24.128,24.182,24.093,24.162,12299,0
2015-05-15,18:00:00,24.162,24.18,24.093,24.167,30601,0
2015-05-15,19:00:00,24.172,24.182,24.143,24.157,6349,0
2015-05-15,20:00:00,24.146,24.192,24.146,24.172,12654,0
2015-05-15,21:00:00,24.182,24.192,24.172,24.172,4526,0
2015-05-15,22:00:00,24.172,24.232,24.168,24.227,28837,0
2015-05-18,16:00:00,24.232,24.232,24.172,24.225,11016,0
2015-05-18,17:00:00,24.182,24.258,24.165,24.232,21090,0
2015-05-18,18:00:00,24.182,24.248,24.172,24.187,21610,0
2015-05-18,19:00:00,24.192,24.192,24.172,24.182,6387,0
2015-05-18,20:00:00,24.182,24.261,24.172,24.242,5345,0
2015-05-18,21:00:00,24.222,24.261,24.162,24.242,10706,0
2015-05-18,22:00:00,24.232,24.261,24.162,24.241,36135,0
2015-05-19,16:00:00,24.261,24.261,24.155,24.168,15092,0
2015-05-19,17:00:00,24.212,24.222,24.192,24.192,722,0
2015-05-19,18:00:00,24.202,24.222,24.192,24.192,8189,0
2015-05-19,19:00:00,24.227,24.227,24.182,24.192,3918,0
2015-05-19,20:00:00,24.184,24.192,24.152,24.162,20302,0
2015-05-19,21:00:00,24.152,24.222,24.133,24.142,7669,0
2015-05-19,22:00:00,24.133,24.182,24.133,24.172,5950,0
2015-05-20,16:00:00,24.241,24.241,24.198,24.198,10391,0
2015-05-20,17:00:00,24.222,24.28,24.143,24.19,28511,0
2015-05-20,18:00:00,24.19,24.241,24.172,24.241,9824,0
2015-05-20,19:00:00,24.224,24.224,24.224,24.224,509,0
2015-05-20,20:00:00,24.222,24.232,24.182,24.212,7840,0
2015-05-20,21:00:00,24.232,24.241,24.095,24.095,6577,0
2015-05-20,22:00:00,24.261,24.278,24.125,24.162,12092,0
2015-05-21,16:00:00,24.28,24.304,24.192,24.269,14170,0
2015-05-21,17:00:00,24.319,24.319,24.27,24.28,3432,0
2015-05-21,18:00:00,24.243,24.27,24.222,24.241,6579,0
2015-05-21,19:00:00,24.241,24.29,24.202,24.202,1145,0
2015-05-21,20:00:00,24.234,24.27,24.213,24.213,1848,0
2015-05-21,21:00:00,24.212,24.28,24.202,24.241,15270,0
2015-05-21,22:00:00,24.222,24.265,24.212,24.212,9607,0
2015-05-22,16:00:00,24.3,24.3,24.251,24.251,8348,0
2015-05-22,17:00:00,24.246,24.3,24.246,24.262,8292,0
2015-05-22,18:00:00,24.251,24.3,24.212,24.27,8798,0
2015-05-22,19:00:00,24.241,24.28,24.241,24.27,17845,0
2015-05-22,20:00:00,24.27,24.379,24.241,24.27,30529,0
2015-05-22,21:00:00,24.27,24.3,24.241,24.28,12995,0
2015-05-22,22:00:00,24.264,24.28,24.241,24.251,7801,0
2015-05-26,16:00:00,24.192,24.28,24.192,24.28,7885,0
2015-05-26,17:00:00,24.29,24.29,24.255,24.28,2840,0
2015-05-26,18:00:00,24.266,24.29,24.242,24.28,12897,0
2015-05-26,19:00:00,24.275,24.29,24.261,24.28,6729,0
2015-05-26,20:00:00,24.263,24.29,24.256,24.261,10305,0
2015-05-26,21:00:00,24.27,24.29,24.23,24.277,12842,0
2015-05-26,22:00:00,24.29,24.29,24.212,24.29,32282,0
2015-05-27,16:00:00,24.261,24.29,24.162,24.172,20787,0
2015-05-27,17:00:00,24.251,24.261,24.19,24.212,5764,0
2015-05-27,18:00:00,24.232,24.261,24.172,24.222,24253,0
2015-05-27,19:00:00,24.211,24.241,24.192,24.222,10202,0
2015-05-27,20:00:00,24.222,24.242,24.202,24.222,5421,0
2015-05-27,21:00:00,24.232,24.251,24.162,24.232,12390,0
2015-05-27,22:00:00,24.241,24.261,24.182,24.261,27488,0
2015-05-28,16:00:00,24.172,24.355,24.172,24.261,8208,0
2015-05-28,17:00:00,24.31,24.355,24.152,24.225,13334,0
2015-05-28,18:00:00,24.231,24.241,24.152,24.172,11195,0
2015-05-28,19:00:00,24.19,24.202,24.152,24.163,4807,0
2015-05-28,20:00:00,24.19,24.201,24.162,24.201,3088,0
2015-05-28,21:00:00,24.162,24.202,24.162,24.173,4749,0
2015-05-28,22:00:00,24.162,24.197,24.152,24.162,9263,0
2015-05-29,16:00:00,24.172,24.305,24.172,24.253,7585,0
2015-05-29,17:00:00,24.31,24.31,24.232,24.278,8655,0
2015-05-29,18:00:00,24.172,24.27,24.143,24.152,9480,0
2015-05-29,19:00:00,24.155,24.162,24.143,24.143,3794,0
2015-05-29,20:00:00,24.143,24.182,24.143,24.182,3535,0
2015-05-29,21:00:00,24.143,24.178,24.143,24.177,8529,0
2015-05-29,22:00:00,24.178,24.232,24.133,24.232,58816,0
2015-06-01,16:00:00,24.211,24.517,24.121,24.231,21112,0
2015-06-01,17:00:00,24.231,24.231,24.131,24.196,10056,0
2015-06-01,18:00:00,24.131,24.221,24.131,24.181,4691,0
2015-06-01,19:00:00,24.141,24.144,24.141,24.144,2066,0
2015-06-01,20:00:00,24.134,24.16,24.101,24.101,2965,0
2015-06-01,21:00:00,24.101,24.349,24.101,24.181,139718,0
2015-06-01,22:00:00,24.181,24.299,24.111,24.241,125988,0
2015-06-02,16:00:00,24.111,24.241,24.111,24.141,9288,0
2015-06-02,17:00:00,24.151,24.211,24.141,24.211,13143,0
2015-06-02,18:00:00,24.211,24.211,24.091,24.101,22439,0
2015-06-02,19:00:00,24.101,24.201,24.091,24.141,38381,0
2015-06-02,20:00:00,24.131,24.201,24.124,24.151,35176,0
2015-06-02,21:00:00,24.151,24.161,24.104,24.13,12628,0
2015-06-02,22:00:00,24.131,24.173,24.111,24.111,50864,0
2015-06-03,16:00:00,24.231,24.231,24.151,24.151,11749,0
2015-06-03,17:00:00,24.151,24.231,24.131,24.162,20529,0
2015-06-03,18:00:00,24.201,24.201,24.161,24.171,15047,0
2015-06-03,19:00:00,24.169,24.171,24.105,24.121,18912,0
2015-06-03,20:00:00,24.131,24.131,24.101,24.121,6592,0
2015-06-03,21:00:00,24.121,24.161,24.101,24.125,15228,0
2015-06-03,22:00:00,24.108,24.211,24.091,24.091,13458,0
2015-06-04,16:00:00,24.082,24.241,24.053,24.171,3656,0
2015-06-04,17:00:00,24.181,24.221,24.082,24.082,29333,0
2015-06-04,18:00:00,24.082,24.111,24.063,24.063,7813,0
2015-06-04,19:00:00,24.082,24.091,24.053,24.072,7300,0
2015-06-04,20:00:00,24.072,24.111,24.053,24.082,158392,0
2015-06-04,21:00:00,24.082,24.082,24.043,24.063,26305,0
2015-06-04,22:00:00,24.043,24.072,23.993,24.013,94611,0
2015-06-05,16:00:00,24.023,24.023,23.885,23.885,42480,0
2015-06-05,17:00:00,23.911,23.911,23.865,23.895,24026,0
2015-06-05,18:00:00,23.885,23.91,23.885,23.904,7950,0
2015-06-05,19:00:00,23.904,23.913,23.825,23.865,21354,0
2015-06-05,20:00:00,23.868,23.881,23.868,23.875,913,0
2015-06-05,21:00:00,23.865,23.923,23.835,23.855,218542,0
2015-06-05,22:00:00,23.892,23.913,23.845,23.845,9693,0
2015-06-08,16:00:00,23.983,23.983,23.885,23.933,5696,0
2015-06-08,17:00:00,23.932,23.963,23.913,23.931,11576,0
2015-06-08,18:00:00,23.913,23.913,23.835,23.845,15928,0
2015-06-08,19:00:00,23.851,23.851,23.835,23.842,2567,0
2015-06-08,20:00:00,23.845,23.885,23.835,23.835,14504,0
2015-06-08,21:00:00,23.908,23.963,23.855,23.885,6236,0
2015-06-08,22:00:00,23.845,23.933,23.835,23.835,29516,0
2015-06-09,16:00:00,23.835,24.023,23.835,23.9,6346,0
2015-06-09,17:00:00,23.953,23.953,23.785,23.805,85707,0
2015-06-09,18:00:00,23.795,23.805,23.775,23.785,26154,0
2015-06-09,19:00:00,23.785,23.804,23.755,23.755,17912,0
2015-06-09,20:00:00,23.765,23.773,23.755,23.766,5109,0
2015-06-09,21:00:00,23.77,23.785,23.755,23.77,20205,0
2015-06-09,22:00:00,23.755,23.782,23.755,23.755,6801,0
2015-06-10,16:00:00,23.865,23.9,23.865,23.875,5347,0
2015-06-10,17:00:00,23.904,23.904,23.785,23.825,31853,0
2015-06-10,18:00:00,23.795,23.861,23.765,23.861,48042,0
2015-06-10,19:00:00,23.784,23.784,23.784,23.784,215,0
2015-06-10,20:00:00,23.798,23.805,23.797,23.797,1131,0
2015-06-10,21:00:00,23.824,23.825,23.805,23.815,4711,0
2015-06-10,22:00:00,23.815,23.875,23.795,23.875,6424,0
2015-06-11,16:00:00,23.815,23.94,23.814,23.814,3481,0
2015-06-11,17:00:00,23.934,23.934,23.805,23.816,17953,0
2015-06-11,18:00:00,23.888,23.904,23.815,23.845,29428,0
2015-06-11,19:00:00,23.835,23.835,23.825,23.825,8427,0
2015-06-11,20:00:00,23.827,23.863,23.825,23.863,3825,0
2015-06-11,21:00:00,23.875,23.875,23.845,23.858,6613,0
2015-06-11,22:00:00,23.885,23.885,23.845,23.884,4887,0
2015-06-12,16:00:00,23.825,23.908,23.825,23.908,14474,0
2015-06-12,17:00:00,23.889,23.923,23.861,23.885,2789,0
2015-06-12,18:00:00,23.855,23.885,23.825,23.863,7154,0
2015-06-12,19:00:00,23.869,23.885,23.855,23.855,2866,0
2015-06-12,20:00:00,23.866,23.885,23.855,23.875,3180,0
2015-06-12,21:00:00,23.876,23.895,23.865,23.874,4449,0
2015-06-12,22:00:00,23.876,23.901,23.667,23.855,25134,0
2015-06-15,16:00:00,23.835,23.922,23.815,23.904,3332,0
2015-06-15,17:00:00,23.904,23.973,23.807,23.815,29683,0
2015-06-15,18:00:00,23.805,23.895,23.805,23.805,25951,0
2015-06-15,19:00:00,23.815,23.845,23.795,23.805,57993,0
2015-06-15,20:00:00,23.848,23.848,23.785,23.796,4511,0
2015-06-15,21:00:00,23.845,23.845,23.785,23.795,4928,0
2015-06-15,22:00:00,23.789,23.825,23.765,23.765,7681,0
2015-06-16,16:00:00,23.785,23.924,23.785,23.924,8985,0
2015-06-16,17:00:00,23.845,23.877,23.755,23.806,3291,0
2015-06-16,18:00:00,23.872,23.903,23.755,23.825,14834,0
2015-06-16,19:00:00,23.76,23.855,23.76,23.8,6018,0
2015-06-16,20:00:00,23.835,23.835,23.769,23.769,1729,0
2015-06-16,21:00:00,23.755,23.815,23.755,23.795,20000,0
2015-06-16,22:00:00,23.793,23.795,23.736,23.795,11636,0
2015-06-17,16:00:00,23.904,23.904,23.795,23.844,8985,0
2015-06-17,17:00:00,23.824,23.824,23.785,23.785,8064,0
2015-06-17,18:00:00,23.796,23.814,23.745,23.751,2893,0
2015-06-17,19:00:00,23.753,23.753,23.736,23.742,2197,0
2015-06-17,20:00:00,23.755,23.755,23.749,23.749,613,0
2015-06-17,21:00:00,23.765,23.765,23.736,23.75,5719,0
2015-06-17,22:00:00,23.753,23.884,23.753,23.875,16548,0
2015-06-18,16:00:00,23.923,23.923,23.818,23.865,16164,0
2015-06-18,17:00:00,23.795,23.923,23.795,23.886,41715,0
2015-06-18,18:00:00,23.805,23.885,23.805,23.885,13200,0
2015-06-18,19:00:00,23.885,23.885,23.845,23.859,3650,0
2015-06-18,20:00:00,23.885,23.894,23.856,23.856,1703,0
2015-06-18,21:00:00,23.895,23.907,23.856,23.858,2365,0
2015-06-18,22:00:00,23.845,24.003,23.845,23.953,29593,0
2015-06-19,16:00:00,23.875,23.953,23.875,23.891,5696,0
2015-06-19,17:00:00,23.941,23.963,23.865,23.952,9552,0
2015-06-19,18:00:00,23.913,23.963,23.865,23.917,11077,0
2015-06-19,19:00:00,23.963,23.963,23.892,23.892,4787,0
2015-06-19,20:00:00,23.898,23.963,23.898,23.953,7421,0
2015-06-19,21:00:00,23.952,23.952,23.875,23.945,11488,0
2015-06-19,22:00:00,23.875,23.963,23.875,23.963,15768,0
2015-06-22,16:00:00,23.983,24.013,23.953,23.953,19238,0
2015-06-22,17:00:00,23.953,24.013,23.953,23.953,22053,0
2015-06-22,18:00:00,24.008,24.013,23.914,23.943,34612,0
2015-06-22,19:00:00,23.926,23.943,23.925,23.943,1973,0
2015-06-22,20:00:00,23.941,23.963,23.923,23.952,7770,0
2015-06-22,21:00:00,23.921,23.973,23.913,23.953,18136,0
2015-06-22,22:00:00,23.956,23.973,23.914,23.963,7545,0
2015-06-23,16:00:00,24.023,24.038,24.023,24.023,18720,0
2015-06-23,17:00:00,24.003,24.054,23.933,24.016,35830,0
2015-06-23,18:00:00,24.016,24.053,23.968,24.023,14458,0
2015-06-23,19:00:00,24.022,24.053,23.949,24.003,17356,0
2015-06-23,20:00:00,24.003,24.033,23.933,23.933,10639,0
2015-06-23,21:00:00,23.982,24.044,23.943,23.986,14393,0
2015-06-23,22:00:00,24,24.043,23.943,23.953,7749,0
2015-06-24,16:00:00,24.003,24.084,24.003,24.063,7921,0
2015-06-24,17:00:00,24.063,24.094,24.013,24.061,7723,0
2015-06-24,18:00:00,24.014,24.072,24.013,24.03,11378,0
2015-06-24,19:00:00,24.024,24.063,24.024,24.03,1278,0
2015-06-24,20:00:00,24.013,24.063,23.993,23.993,4346,0
2015-06-24,21:00:00,24.053,24.072,24.003,24.056,6432,0
2015-06-24,22:00:00,24.033,24.063,24.003,24.063,4755,0
2015-06-25,16:00:00,23.885,24.063,23.885,24.003,6976,0
2015-06-25,17:00:00,24.043,24.101,23.983,24.063,26136,0
2015-06-25,18:00:00,24.063,24.072,24.012,24.013,8123,0
2015-06-25,19:00:00,23.993,24.013,23.973,24.013,9339,0
2015-06-25,20:00:00,24.002,24.023,23.995,24.023,3510,0
2015-06-25,21:00:00,23.983,24.023,23.983,24.013,13489,0
2015-06-25,22:00:00,24.013,24.023,23.953,23.968,14095,0
2015-06-26,16:00:00,24.003,24.043,23.785,23.984,6652,0
2015-06-26,17:00:00,23.978,23.984,23.943,23.962,13639,0
2015-06-26,18:00:00,23.963,23.973,23.953,23.953,2934,0
2015-06-26,19:00:00,23.971,23.971,23.933,23.953,5643,0
2015-06-26,20:00:00,23.943,24.023,23.943,23.97,15299,0
2015-06-26,21:00:00,23.988,23.993,23.955,23.976,8546,0
2015-06-26,22:00:00,23.95,24.023,23.924,24.023,10030,0
2015-06-29,16:00:00,23.973,23.973,23.918,23.952,7223,0
2015-06-29,17:00:00,23.877,23.944,23.855,23.856,21206,0
2015-06-29,18:00:00,23.835,23.885,23.835,23.867,21617,0
2015-06-29,19:00:00,23.855,23.885,23.855,23.882,3664,0
2015-06-29,20:00:00,23.885,23.885,23.864,23.875,4739,0
2015-06-29,21:00:00,23.858,23.885,23.845,23.86,7031,0
2015-06-29,22:00:00,23.854,23.963,23.845,23.953,15474,0
2015-06-30,16:00:00,23.953,23.981,23.877,23.877,11467,0
2015-06-30,17:00:00,23.966,23.973,23.835,23.845,8296,0
2015-06-30,18:00:00,23.963,24.013,23.885,23.895,68059,0
2015-06-30,19:00:00,23.931,23.933,23.845,23.865,20040,0
2015-06-30,20:00:00,23.855,23.885,23.792,23.815,33574,0
2015-06-30,21:00:00,23.832,23.923,23.815,23.82,21117,0
2015-06-30,22:00:00,23.824,23.885,23.815,23.825,3873,0
2015-07-01,16:00:00,23.859,23.948,23.859,23.895,9625,0
2015-07-01,17:00:00,23.889,23.948,23.859,23.869,16594,0
2015-07-01,18:00:00,23.869,23.918,23.859,23.906,11596,0
2015-07-01,19:00:00,23.899,23.899,23.838,23.843,28690,0
2015-07-01,20:00:00,23.859,23.869,23.835,23.869,3374,0
2015-07-01,21:00:00,23.829,23.938,23.829,23.849,40890,0
2015-07-01,22:00:00,23.897,23.938,23.849,23.938,14762,0
2015-07-02,16:00:00,23.73,23.938,23.73,23.908,7483,0
2015-07-02,17:00:00,23.889,23.928,23.879,23.913,13972,0
2015-07-02,18:00:00,23.899,23.948,23.889,23.899,20379,0
2015-07-02,19:00:00,23.899,23.899,23.796,23.869,29786,0
2015-07-02,20:00:00,23.859,23.899,23.854,23.869,3670,0
2015-07-02,21:00:00,23.869,23.879,23.775,23.859,16219,0
2015-07-02,22:00:00,23.839,23.908,23.794,23.908,5089,0
2015-07-06,16:00:00,23.72,24.018,23.72,24.008,9926,0
2015-07-06,17:00:00,24.018,24.018,23.873,23.958,11417,0
2015-07-06,18:00:00,23.889,23.948,23.809,23.829,20756,0
2015-07-06,19:00:00,23.84,23.85,23.819,23.829,2712,0
2015-07-06,20:00:00,23.833,23.833,23.824,23.829,6980,0
2015-07-06,21:00:00,23.831,23.837,23.819,23.834,7675,0
2015-07-06,22:00:00,23.829,23.918,23.819,23.918,7889,0
2015-07-07,16:00:00,23.819,24.077,23.819,23.899,15431,0
2015-07-07,17:00:00,23.896,23.899,23.859,23.899,29786,0
2015-07-07,18:00:00,23.889,23.899,23.849,23.889,25502,0
2015-07-07,19:00:00,23.889,23.908,23.871,23.879,12451,0
2015-07-07,20:00:00,23.899,23.958,23.869,23.906,34665,0
2015-07-07,21:00:00,23.899,23.948,23.879,23.894,15683,0
2015-07-07,22:00:00,23.899,23.908,23.799,23.799,39393,0
2015-07-08,16:00:00,23.69,23.749,23.69,23.699,5912,0
2015-07-08,17:00:00,23.712,23.839,23.69,23.749,25844,0
2015-07-08,18:00:00,23.749,23.749,23.7,23.716,9355,0
2015-07-08,19:00:00,23.72,23.749,23.72,23.73,11336,0
2015-07-08,20:00:00,23.71,23.769,23.7,23.747,3738,0
2015-07-08,21:00:00,23.72,23.753,23.69,23.69,2306,0
2015-07-08,22:00:00,23.7,23.849,23.69,23.799,9878,0
2015-07-09,16:00:00,23.779,23.938,23.705,23.769,5655,0
2015-07-09,17:00:00,23.878,23.878,23.796,23.839,9612,0
2015-07-09,18:00:00,23.805,23.859,23.769,23.799,26572,0
2015-07-09,19:00:00,23.789,23.808,23.77,23.808,7776,0
2015-07-09,20:00:00,23.769,23.809,23.759,23.802,4694,0
2015-07-09,21:00:00,23.789,23.799,23.759,23.799,3857,0
2015-07-09,22:00:00,23.759,23.799,23.759,23.78,2748,0
2015-07-10,16:00:00,23.749,23.789,23.718,23.739,3076,0
2015-07-10,17:00:00,23.749,23.809,23.72,23.72,6221,0
2015-07-10,18:00:00,23.737,23.809,23.73,23.759,18601,0
2015-07-10,19:00:00,23.76,23.851,23.76,23.78,2476,0
2015-07-10,20:00:00,23.809,23.809,23.773,23.795,2808,0
2015-07-10,21:00:00,23.799,23.858,23.759,23.809,11971,0
2015-07-10,22:00:00,23.807,23.849,23.779,23.809,9311,0
2015-07-13,16:00:00,23.769,23.938,23.769,23.938,5339,0
2015-07-13,17:00:00,23.849,23.893,23.779,23.818,12382,0
2015-07-13,18:00:00,23.819,23.968,23.799,23.829,27761,0
2015-07-13,19:00:00,23.849,23.879,23.81,23.833,8959,0
2015-07-13,20:00:00,23.838,23.888,23.799,23.799,20569,0
2015-07-13,21:00:00,23.849,23.849,23.789,23.789,3617,0
2015-07-13,22:00:00,23.789,23.839,23.779,23.779,12895,0
2015-07-14,16:00:00,23.769,23.799,23.769,23.789,6473,0
2015-07-14,17:00:00,23.79,23.799,23.781,23.799,8517,0
2015-07-14,18:00:00,23.799,23.879,23.763,23.829,30510,0
2015-07-14,19:00:00,23.869,23.869,23.836,23.836,4325,0
2015-07-14,20:00:00,23.835,23.859,23.779,23.779,8640,0
2015-07-14,21:00:00,23.849,23.859,23.769,23.859,7468,0
2015-07-14,22:00:00,23.799,23.879,23.759,23.779,46450,0
2015-07-15,16:00:00,23.769,23.928,23.769,23.915,10658,0
2015-07-15,17:00:00,23.918,23.918,23.779,23.839,9660,0
2015-07-15,18:00:00,23.849,23.908,23.799,23.835,4499,0
2015-07-15,19:00:00,23.813,23.849,23.789,23.789,883,0
2015-07-15,20:00:00,23.82,23.869,23.799,23.869,4937,0
2015-07-15,21:00:00,23.809,23.873,23.789,23.789,15925,0
2015-07-15,22:00:00,23.849,23.849,23.7,23.705,125408,0
2015-07-16,16:00:00,23.7,23.899,23.7,23.767,6173,0
2015-07-16,17:00:00,23.881,23.899,23.773,23.898,7272,0
2015-07-16,18:00:00,23.809,23.918,23.809,23.859,17777,0
2015-07-16,19:00:00,23.908,23.908,23.809,23.839,39623,0
2015-07-16,20:00:00,23.908,23.908,23.839,23.839,3506,0
2015-07-16,21:00:00,23.926,23.938,23.849,23.859,8895,0
2015-07-16,22:00:00,23.859,23.978,23.859,23.918,44701,0
2015-07-17,16:00:00,23.948,24.043,23.948,23.989,19469,0
2015-07-17,17:00:00,23.998,24.033,23.951,24.008,80399,0
2015-07-17,18:00:00,24.003,24.018,23.965,23.998,14016,0
2015-07-17,19:00:00,24.008,24.008,23.998,23.998,11721,0
2015-07-17,20:00:00,24.005,24.008,23.968,23.988,12504,0
2015-07-17,21:00:00,23.958,24.008,23.958,23.998,27859,0
2015-07-17,22:00:00,23.998,24.008,23.954,24.008,24369,0
2015-07-20,16:00:00,23.938,24.008,23.938,23.998,11647,0
2015-07-20,17:00:00,23.995,24.018,23.948,23.978,7764,0
2015-07-20,18:00:00,23.958,24.028,23.958,23.968,3791,0
2015-07-20,19:00:00,23.968,24.028,23.968,23.978,8298,0
2015-07-20,20:00:00,23.971,24.028,23.948,23.988,3902,0
2015-07-20,21:00:00,23.95,24.018,23.928,24.008,4711,0
2015-07-20,22:00:00,23.951,24.008,23.928,24.008,7918,0
2015-07-21,16:00:00,24.008,24.008,23.918,23.941,8065,0
2015-07-21,17:00:00,23.962,23.978,23.928,23.964,6640,0
2015-07-21,18:00:00,23.968,23.968,23.918,23.938,8278,0
2015-07-21,19:00:00,23.945,23.948,23.938,23.938,1728,0
2015-07-21,20:00:00,23.941,23.978,23.921,23.948,12717,0
2015-07-21,21:00:00,23.947,23.978,23.925,23.978,6190,0
2015-07-21,22:00:00,23.968,23.988,23.938,23.988,5624,0
2015-07-22,16:00:00,23.978,23.988,23.919,23.928,13942,0
2015-07-22,17:00:00,23.978,24.007,23.918,23.997,6750,0
2015-07-22,18:00:00,23.991,24.008,23.968,23.992,31947,0
2015-07-22,19:00:00,23.998,24.008,23.998,24.008,2996,0
2015-07-22,20:00:00,23.988,23.988,23.978,23.978,3988,0
2015-07-22,21:00:00,23.968,23.978,23.938,23.978,5640,0
2015-07-22,22:00:00,23.972,23.988,23.948,23.988,4513,0
2015-07-23,16:00:00,24.048,24.048,23.943,23.948,12791,0
2015-07-23,17:00:00,23.955,23.968,23.938,23.938,6324,0
2015-07-23,18:00:00,23.943,23.958,23.911,23.943,20975,0
2015-07-23,19:00:00,23.917,23.948,23.917,23.948,4794,0
2015-07-23,20:00:00,23.948,23.948,23.908,23.908,5599,0
2015-07-23,21:00:00,23.923,23.938,23.879,23.889,13257,0
2015-07-23,22:00:00,23.889,23.948,23.879,23.908,15759,0
2015-07-24,16:00:00,23.859,23.908,23.859,23.908,3615,0
2015-07-24,17:00:00,23.904,23.928,23.876,23.898,2582,0
2015-07-24,18:00:00,23.869,23.908,23.859,23.898,8753,0
2015-07-24,19:00:00,23.872,23.908,23.872,23.898,1975,0
2015-07-24,20:00:00,23.891,23.891,23.859,23.891,4477,0
2015-07-24,21:00:00,23.859,23.879,23.849,23.869,5130,0
2015-07-24,22:00:00,23.849,23.879,23.819,23.829,11304,0
2015-07-27,16:00:00,23.809,23.829,23.769,23.769,6142,0
2015-07-27,17:00:00,23.786,23.799,23.749,23.786,14415,0
2015-07-27,18:00:00,23.789,23.799,23.769,23.783,3783,0
2015-07-27,19:00:00,23.769,23.789,23.769,23.789,2230,0
2015-07-27,20:00:00,23.759,23.799,23.759,23.773,9742,0
2015-07-27,21:00:00,23.75,23.759,23.73,23.759,3418,0
2015-07-27,22:00:00,23.739,23.759,23.73,23.739,4623,0
2015-07-28,16:00:00,23.769,23.769,23.7,23.7,6319,0
2015-07-28,17:00:00,23.713,23.769,23.707,23.707,13941,0
2015-07-28,18:00:00,23.758,23.769,23.69,23.699,8797,0
2015-07-28,19:00:00,23.72,23.759,23.717,23.717,3709,0
2015-07-28,20:00:00,23.707,23.769,23.7,23.769,10597,0
2015-07-28,21:00:00,23.769,23.769,23.7,23.729,8113,0
2015-07-28,22:00:00,23.724,23.759,23.69,23.7,12238,0
2015-07-29,16:00:00,23.73,23.73,23.7,23.7,8164,0
2015-07-29,17:00:00,23.766,23.789,23.688,23.789,3713,0
2015-07-29,18:00:00,23.725,23.789,23.66,23.73,8890,0
2015-07-29,19:00:00,23.729,23.73,23.67,23.729,7157,0
2015-07-29,20:00:00,23.697,23.799,23.68,23.799,4393,0
2015-07-29,21:00:00,23.753,23.839,23.72,23.812,12187,0
2015-07-29,22:00:00,23.819,23.819,23.739,23.789,20269,0
2015-07-30,16:00:00,23.73,23.759,23.73,23.749,11446,0
2015-07-30,17:00:00,23.762,23.768,23.67,23.759,3308,0
2015-07-30,18:00:00,23.774,23.789,23.739,23.759,15132,0
2015-07-30,19:00:00,23.759,23.799,23.749,23.778,16688,0
2015-07-30,20:00:00,23.781,23.784,23.749,23.749,4592,0
2015-07-30,21:00:00,23.774,23.799,23.749,23.779,13603,0
2015-07-30,22:00:00,23.769,23.799,23.749,23.769,22261,0
2015-07-31,16:00:00,23.73,23.839,23.73,23.769,24249,0
2015-07-31,17:00:00,23.72,23.779,23.69,23.779,27259,0
2015-07-31,18:00:00,23.779,23.815,23.739,23.759,24178,0
2015-07-31,19:00:00,23.74,23.761,23.721,23.73,32129,0
2015-07-31,20:00:00,23.73,23.735,23.664,23.702,91078,0
2015-07-31,21:00:00,23.69,23.719,23.66,23.68,185649,0
2015-07-31,22:00:00,23.68,23.691,23.65,23.65,73283,0
2015-08-03,16:00:00,23.81,23.81,23.66,23.78,15736,0
2015-08-03,17:00:00,23.78,23.78,23.66,23.7499,9308,0
2015-08-03,18:00:00,23.681,23.7599,23.68,23.68,5375,0
2015-08-03,19:00:00,23.67,23.691,23.6401,23.6401,6671,0
2015-08-03,20:00:00,23.69,23.69,23.65,23.65,12072,0
2015-08-03,21:00:00,23.65,23.74,23.6405,23.664,12668,0
2015-08-03,22:00:00,23.66,23.6748,23.5686,23.65,175933,0
2015-08-04,16:00:00,23.74,23.75,23.6266,23.64,9225,0
2015-08-04,17:00:00,23.586,23.5998,23.55,23.55,28201,0
2015-08-04,18:00:00,23.5899,23.6,23.55,23.5855,8065,0
2015-08-04,19:00:00,23.58,23.598,23.56,23.56,4550,0
2015-08-04,20:00:00,23.55,23.57,23.53,23.56,13821,0
2015-08-04,21:00:00,23.535,23.6099,23.53,23.53,8077,0
2015-08-04,22:00:00,23.5301,23.61,23.53,23.53,7459,0
2015-08-05,16:00:00,23.66,23.72,23.57,23.61,9366,0
2015-08-05,17:00:00,23.59,23.77,23.54,23.56,39084,0
2015-08-05,18:00:00,23.56,23.66,23.54,23.58,20481,0
2015-08-05,19:00:00,23.58,23.61,23.57,23.5964,8074,0
2015-08-05,20:00:00,23.664,23.69,23.55,23.55,4449,0
2015-08-05,21:00:00,23.5501,23.7306,23.55,23.7306,9134,0
2015-08-05,22:00:00,23.72,23.7599,23.54,23.54,6090,0
2015-08-06,16:00:00,23.63,23.66,23.53,23.58,6361,0
2015-08-06,17:00:00,23.58,23.65,23.56,23.631,32049,0
2015-08-06,18:00:00,23.6394,23.7399,23.54,23.54,11240,0
2015-08-06,19:00:00,23.52,23.6582,23.45,23.62,40833,0
2015-08-06,20:00:00,23.6252,23.6582,23.481,23.6582,2925,0
2015-08-06,21:00:00,23.48,23.6699,23.47,23.54,7098,0
2015-08-06,22:00:00,23.5,23.59,23.47,23.475,8400,0
2015-08-07,16:00:00,23.49,23.664,23.49,23.52,5342,0
2015-08-07,17:00:00,23.5518,23.6299,23.5442,23.6299,3759,0
2015-08-07,18:00:00,23.53,23.58,23.52,23.52,22129,0
2015-08-07,19:00:00,23.575,23.69,23.47,23.552,13306,0
2015-08-07,20:00:00,23.61,23.66,23.4801,23.66,10407,0
2015-08-07,21:00:00,23.6599,23.6599,23.49,23.5415,4821,0
2015-08-07,22:00:00,23.54,23.646,23.49,23.49,19630,0
