Date,Time,Open,High,Low,Close,Volume,OpenInt
2014-08-19,20:00:00,24.882,24.882,24.882,24.882,401,0
2014-08-19,22:00:00,24.852,24.852,24.842,24.842,2425,0
2014-08-20,18:00:00,24.862,24.862,24.852,24.852,8387,0
2014-08-20,21:00:00,24.852,24.852,24.852,24.852,7779,0
2014-08-20,22:00:00,24.862,24.862,24.862,24.862,3244,0
2014-08-21,16:00:00,24.872,24.872,24.872,24.872,4648,0
2014-08-21,17:00:00,24.872,24.872,24.872,24.872,20207,0
2014-08-21,18:00:00,24.872,24.872,24.872,24.872,401,0
2014-08-22,18:00:00,24.902,24.912,24.902,24.912,7175,0
2014-08-22,19:00:00,24.912,24.912,24.912,24.912,2526,0
2014-08-22,21:00:00,24.902,24.902,24.872,24.892,7276,0
2014-08-22,22:00:00,24.902,24.912,24.882,24.912,11149,0
2014-08-26,17:00:00,24.912,24.932,24.912,24.922,36464,0
2014-08-26,21:00:00,24.922,24.922,24.912,24.922,59937,0
2014-08-26,22:00:00,24.922,24.922,24.882,24.912,2817,0
2014-08-27,16:00:00,24.972,24.972,24.942,24.942,6478,0
2014-08-27,22:00:00,24.952,24.952,24.872,24.872,5118,0
2014-08-28,17:00:00,24.942,24.952,24.942,24.952,505,0
2014-08-28,18:00:00,24.952,24.952,24.902,24.902,3639,0
2014-08-28,21:00:00,24.952,24.952,24.952,24.952,756,0
2014-08-28,22:00:00,24.902,24.952,24.902,24.952,6669,0
2014-08-29,20:00:00,24.972,24.972,24.962,24.972,12124,0
2014-08-29,22:00:00,24.972,24.972,24.972,24.972,609,0
2014-09-02,16:00:00,24.952,24.952,24.952,24.952,100,0
2014-09-02,17:00:00,24.952,24.962,24.952,24.962,423,0
2014-09-02,18:00:00,24.952,24.952,24.952,24.952,200,0
2014-09-02,19:00:00,24.952,24.952,24.952,24.952,200,0
2014-09-02,20:00:00,24.952,24.952,24.952,24.952,200,0
2014-09-02,21:00:00,24.952,24.952,24.942,24.942,300,0
2014-09-02,22:00:00,24.942,24.942,24.942,24.942,993,0
2014-09-03,16:00:00,24.932,24.952,24.932,24.952,638,0
2014-09-03,17:00:00,24.902,24.902,24.902,24.902,30312,0
2014-09-03,21:00:00,24.952,24.952,24.952,24.952,709,0
2014-09-03,22:00:00,24.922,24.982,24.922,24.952,3789,0
2014-09-04,18:00:00,24.942,24.982,24.922,24.922,3536,0
2014-09-04,19:00:00,24.932,24.932,24.932,24.932,300,0
2014-09-04,20:00:00,24.942,24.942,24.942,24.942,200,0
2014-09-04,21:00:00,24.942,24.942,24.942,24.942,200,0
2014-09-04,22:00:00,24.942,25.011,24.942,25.011,2729,0
2014-09-05,21:00:00,24.952,24.952,24.932,24.932,1926,0
2014-09-08,22:00:00,24.962,24.962,24.962,24.962,0,0
2014-09-09,16:00:00,24.991,24.991,24.942,24.942,2931,0
2014-09-09,22:00:00,24.962,24.962,24.952,24.952,2526,0
2014-09-10,16:00:00,24.892,24.892,24.892,24.892,1311,0
2014-09-11,19:00:00,24.912,24.922,24.912,24.922,9903,0
2014-09-11,21:00:00,24.942,24.942,24.912,24.912,1820,0
2014-09-12,16:00:00,24.842,24.842,24.842,24.842,1920,0
2014-09-12,18:00:00,24.902,24.902,24.902,24.902,481,0
2014-09-15,20:00:00,24.902,24.902,24.902,24.902,910,0
2014-09-15,21:00:00,24.882,24.892,24.862,24.892,2356,0
2014-09-15,22:00:00,24.902,24.902,24.902,24.902,200,0
2014-09-16,20:00:00,24.922,24.922,24.922,24.922,594,0
2014-09-17,20:00:00,24.922,24.922,24.922,24.922,200,0
2014-09-17,22:00:00,24.882,24.882,24.862,24.862,2322,0
2014-09-18,17:00:00,24.882,24.882,24.882,24.882,1211,0
2014-09-18,18:00:00,24.892,24.892,24.872,24.872,1000,0
2014-09-18,22:00:00,24.902,24.902,24.902,24.902,810,0
2014-09-19,18:00:00,24.882,24.882,24.882,24.882,2830,0
2014-09-19,21:00:00,24.912,24.912,24.882,24.882,1281,0
2014-09-19,22:00:00,24.882,24.882,24.882,24.882,401,0
2014-09-22,16:00:00,24.892,24.892,24.892,24.892,522,0
2014-09-23,16:00:00,24.912,24.912,24.912,24.912,100,0
2014-09-23,21:00:00,24.912,24.922,24.912,24.922,385,0
2014-09-24,19:00:00,24.952,24.952,24.952,24.952,401,0
2014-09-24,21:00:00,24.922,24.922,24.912,24.912,1210,0
2014-09-26,16:00:00,24.922,24.922,24.922,24.922,648,0
2014-09-26,21:00:00,24.942,24.962,24.932,24.962,3279,0
2014-09-29,20:00:00,24.932,24.962,24.922,24.932,7475,0
2014-09-29,21:00:00,24.952,24.972,24.932,24.972,4650,0
2014-09-29,22:00:00,24.932,24.982,24.932,24.932,7475,0
2014-09-30,16:00:00,24.902,24.902,24.902,24.902,2020,0
2014-09-30,18:00:00,24.922,24.922,24.922,24.922,919,0
2014-09-30,19:00:00,24.932,24.962,24.922,24.942,5750,0
2014-10-01,16:00:00,24.982,24.982,24.982,24.982,127,0
2014-10-01,17:00:00,24.982,24.982,24.982,24.982,1009,0
2014-10-01,21:00:00,25.011,25.011,25.011,25.011,200,0
2014-10-01,22:00:00,24.972,24.972,24.972,24.972,200,0
2014-10-02,17:00:00,24.922,24.922,24.922,24.922,145,0
2014-10-02,18:00:00,24.991,25.011,24.991,25.011,2017,0
2014-10-03,18:00:00,25.011,25.02,24.932,24.942,5341,0
2014-10-03,19:00:00,24.991,24.991,24.991,24.991,300,0
2014-10-03,21:00:00,25.011,25.011,25.011,25.011,300,0
2014-10-03,22:00:00,25.011,25.03,25.011,25.03,3026,0
2014-10-06,20:00:00,24.982,24.982,24.982,24.982,608,0
2014-10-06,21:00:00,24.991,24.991,24.952,24.952,1132,0
2014-10-06,22:00:00,24.991,24.991,24.952,24.952,1057,0
2014-10-07,19:00:00,24.991,25.03,24.991,25.03,3026,0
2014-10-07,20:00:00,24.991,24.991,24.991,24.991,367,0
2014-10-07,22:00:00,25.03,25.03,25.001,25.03,1335,0
2014-10-09,18:00:00,25.04,25.04,25.001,25.001,909,0
2014-10-09,22:00:00,25.05,25.05,25.05,25.05,1036,0
2014-10-10,20:00:00,25.08,25.1,25.08,25.1,2421,0
2014-10-10,21:00:00,25.09,25.1,25.09,25.1,1109,0
2014-10-13,17:00:00,25.13,25.13,25.12,25.12,4135,0
2014-10-14,16:00:00,25.08,25.08,25.08,25.08,200,0
2014-10-14,22:00:00,25.15,25.15,25.15,25.15,765,0
2014-10-15,16:00:00,25.269,25.269,25.269,25.269,2017,0
2014-10-15,20:00:00,25.18,25.18,25.18,25.18,504,0
2014-10-16,18:00:00,25.24,25.24,25.24,25.24,2725,0
2014-10-16,21:00:00,25.2,25.24,25.2,25.24,2989,0
2014-10-17,18:00:00,25.18,25.18,25.18,25.18,400,0
2014-10-17,22:00:00,25.19,25.19,25.19,25.19,1009,0
2014-10-21,19:00:00,25.13,25.13,25.11,25.11,4035,0
2014-10-21,21:00:00,25.13,25.13,25.11,25.11,1593,0
2014-10-22,21:00:00,25.1,25.1,25.06,25.08,2017,0
2014-10-22,22:00:00,25.1,25.11,25.06,25.11,757,0
2014-10-23,16:00:00,25.001,25.001,25.001,25.001,508,0
2014-10-23,18:00:00,25.06,25.06,25.06,25.06,2138,0
2014-10-23,22:00:00,25.06,25.06,25.06,25.06,2589,0
2014-10-24,18:00:00,25.08,25.08,25.08,25.08,2713,0
2014-10-24,19:00:00,25.06,25.08,25.06,25.07,2061,0
2014-10-24,20:00:00,25.06,25.07,25.06,25.07,2394,0
2014-10-24,21:00:00,25.06,25.08,25.03,25.07,4125,0
2014-10-24,22:00:00,25.08,25.08,25.08,25.08,503,0
2014-10-27,18:00:00,24.982,24.982,24.982,24.982,443,0
2014-10-28,18:00:00,25.11,25.11,25.1,25.1,503,0
2014-10-28,20:00:00,25.12,25.16,25.11,25.11,7199,0
2014-10-28,21:00:00,25.1,25.1,25.09,25.1,1851,0
2014-10-29,15:00:00,25.13,25.13,25.13,25.13,423,0
2014-10-30,16:00:00,25.12,25.12,25.12,25.12,1009,0
2014-10-30,20:00:00,25.09,25.09,25.09,25.09,697,0
2014-10-31,20:00:00,25.08,25.08,25.08,25.08,647,0
2014-11-03,21:00:00,25.077,25.077,25.077,25.077,1008,0
2014-11-04,16:00:00,24.949,24.949,24.949,24.949,100,0
2014-11-04,20:00:00,25.008,25.008,25.008,25.008,908,0
2014-11-04,21:00:00,25.008,25.008,24.919,25.008,1208,0
2014-11-06,19:00:00,24.959,24.959,24.939,24.959,2555,0
2014-11-06,22:00:00,24.949,24.998,24.919,24.919,4836,0
2014-11-07,22:00:00,24.979,24.979,24.979,24.979,607,0
2014-11-10,22:00:00,24.929,24.939,24.919,24.919,8163,0
2014-11-11,16:00:00,24.969,24.969,24.969,24.969,430,0
2014-11-11,20:00:00,24.969,24.969,24.969,24.969,200,0
2014-11-11,21:00:00,24.969,24.979,24.969,24.979,1755,0
2014-11-12,20:00:00,24.979,24.979,24.979,24.979,707,0
2014-11-12,21:00:00,24.979,24.988,24.979,24.988,400,0
2014-11-14,21:00:00,24.979,24.979,24.969,24.969,1486,0
2014-11-17,17:00:00,24.909,24.909,24.909,24.909,528,0
2014-11-17,18:00:00,24.919,24.939,24.919,24.929,2623,0
2014-11-17,20:00:00,24.939,24.939,24.939,24.939,672,0
2014-11-17,21:00:00,24.939,24.939,24.939,24.939,706,0
2014-11-17,22:00:00,24.939,24.998,24.939,24.939,2115,0
2014-11-18,21:00:00,24.969,24.969,24.969,24.969,10134,0
2014-11-18,22:00:00,24.988,24.988,24.979,24.979,2318,0
2014-11-20,16:00:00,24.979,24.979,24.979,24.979,400,0
2014-11-20,18:00:00,25.057,25.057,25.008,25.037,107477,0
2014-11-20,20:00:00,25.037,25.047,25.027,25.037,1307,0
2014-11-20,21:00:00,24.939,25.047,24.939,25.008,4466,0
2014-11-21,17:00:00,25.027,25.027,25.027,25.027,200,0
2014-11-21,19:00:00,25.037,25.037,25.037,25.037,2015,0
2014-11-21,21:00:00,25.027,25.027,25.027,25.027,100,0
2014-11-24,16:00:00,25.008,25.017,25.008,25.008,6550,0
2014-11-24,18:00:00,25.008,25.017,25.008,25.008,2217,0
2014-11-24,20:00:00,25.017,25.057,25.008,25.037,10783,0
2014-11-24,21:00:00,25.017,25.017,25.017,25.017,177,0
2014-11-24,22:00:00,24.998,24.998,24.998,24.998,424,0
2014-11-25,16:00:00,25.037,25.037,25.027,25.027,1208,0
2014-11-25,18:00:00,25.037,25.037,25.037,25.037,100,0
2014-11-25,19:00:00,25.037,25.047,25.037,25.047,200,0
2014-11-25,20:00:00,25.037,25.037,25.037,25.037,100,0
2014-11-25,21:00:00,25.037,25.047,25.037,25.047,907,0
2014-11-25,22:00:00,25.047,25.047,25.047,25.047,140,0
2014-11-26,19:00:00,25.057,25.087,25.057,25.057,2823,0
2014-11-26,22:00:00,25.067,25.067,25.067,25.067,243,0
2014-12-01,20:00:00,25.062,25.172,25.052,25.092,14432,0
2014-12-01,21:00:00,25.072,25.092,25.052,25.052,2113,0
2014-12-01,22:00:00,25.072,25.092,25.062,25.092,4329,0
2014-12-02,16:00:00,25.062,25.072,25.062,25.062,400,0
2014-12-02,17:00:00,25.062,25.062,25.062,25.062,100,0
2014-12-02,20:00:00,25.072,25.072,25.072,25.072,592,0
2014-12-02,22:00:00,25.062,25.062,25.052,25.052,539,0
2014-12-03,18:00:00,25.102,25.102,25.082,25.102,1218,0
2014-12-03,19:00:00,25.082,25.102,25.082,25.102,1006,0
2014-12-03,21:00:00,25.082,25.102,25.062,25.062,1432,0
2014-12-04,17:00:00,25.082,25.142,25.082,25.082,7746,0
2014-12-04,19:00:00,25.102,25.132,25.102,25.112,8255,0
2014-12-04,22:00:00,25.102,25.102,25.102,25.102,501,0
2014-12-05,17:00:00,25.082,25.082,25.072,25.072,2616,0
2014-12-05,18:00:00,25.072,25.072,25.042,25.072,1106,0
2014-12-05,19:00:00,25.062,25.082,25.062,25.082,1006,0
2014-12-05,20:00:00,25.062,25.062,25.062,25.062,4313,0
2014-12-05,22:00:00,25.062,25.062,25.042,25.042,1006,0
2014-12-08,17:00:00,25.042,25.152,25.042,25.042,10038,0
2014-12-08,18:00:00,25.112,25.112,25.112,25.112,9593,0
2014-12-08,21:00:00,25.062,25.082,25.062,25.062,5136,0
2014-12-08,22:00:00,25.062,25.062,25.062,25.062,400,0
2014-12-09,17:00:00,25.092,25.102,25.072,25.072,606,0
2014-12-09,19:00:00,25.092,25.092,25.092,25.092,1007,0
2014-12-09,21:00:00,25.072,25.092,25.072,25.092,330,0
2014-12-10,21:00:00,25.072,25.072,25.072,25.072,482,0
2014-12-10,22:00:00,25.102,25.152,25.102,25.102,5829,0
2014-12-11,16:00:00,25.102,25.102,25.102,25.102,308,0
2014-12-11,17:00:00,25.092,25.092,25.092,25.092,806,0
2014-12-11,18:00:00,25.102,25.102,25.092,25.092,1782,0
2014-12-11,20:00:00,25.092,25.092,25.092,25.092,200,0
2014-12-11,21:00:00,25.092,25.112,25.092,25.092,4427,0
2014-12-11,22:00:00,25.112,25.122,25.092,25.102,6105,0
2014-12-12,16:00:00,25.092,25.112,25.092,25.112,806,0
2014-12-12,17:00:00,25.092,25.092,25.092,25.092,2616,0
2014-12-12,18:00:00,25.142,25.142,25.142,25.142,706,0
2014-12-12,19:00:00,25.142,25.142,25.142,25.142,606,0
2014-12-12,20:00:00,25.142,25.162,25.142,25.162,962,0
2014-12-12,21:00:00,25.162,25.252,25.082,25.082,5155,0
2014-12-15,17:00:00,25.082,25.082,25.082,25.082,1007,0
2014-12-15,20:00:00,25.132,25.132,25.132,25.132,1408,0
2014-12-15,21:00:00,25.082,25.082,25.082,25.082,1321,0
2014-12-15,22:00:00,25.082,25.082,25.082,25.082,300,0
2014-12-16,16:00:00,25.082,25.082,25.082,25.082,400,0
2014-12-16,17:00:00,25.082,25.082,25.082,25.082,706,0
2014-12-16,18:00:00,25.082,25.122,25.062,25.082,1637,0
2014-12-16,19:00:00,25.082,25.082,25.082,25.082,606,0
2014-12-16,20:00:00,25.082,25.082,25.072,25.072,503,0
2014-12-16,21:00:00,25.072,25.291,25.072,25.082,4328,0
2014-12-16,22:00:00,25.082,25.082,25.082,25.082,871,0
2014-12-17,21:00:00,25.042,25.092,25.042,25.042,3035,0
2014-12-17,22:00:00,25.032,25.082,25.032,25.042,19938,0
2014-12-18,21:00:00,25.013,25.013,25.013,25.013,534,0
2014-12-18,22:00:00,25.062,25.122,25.062,25.122,6541,0
2014-12-19,18:00:00,25.072,25.072,25.052,25.052,616,0
2014-12-19,19:00:00,25.072,25.082,25.062,25.062,1509,0
2014-12-19,21:00:00,25.072,25.162,25.072,25.162,300,0
2014-12-19,22:00:00,25.072,25.072,25.052,25.072,6040,0
2014-12-22,19:00:00,25.062,25.062,25.062,25.062,906,0
2014-12-22,22:00:00,25.122,25.122,25.102,25.112,2213,0
2014-12-23,16:00:00,25.132,25.132,25.132,25.132,1592,0
2014-12-23,19:00:00,25.072,25.132,25.072,25.122,5638,0
2014-12-23,22:00:00,25.132,25.132,25.082,25.112,9200,0
2014-12-24,17:00:00,25.1,25.1,25.1,25.1,1206,0
2014-12-26,19:00:00,25.08,25.08,25.08,25.08,1812,0
2014-12-26,20:00:00,25.08,25.08,25.08,25.08,503,0
2014-12-26,21:00:00,25.09,25.09,25.04,25.04,1084,0
2014-12-29,18:00:00,25.05,25.14,25.05,25.09,2061,0
2014-12-29,19:00:00,25.14,25.14,25.14,25.14,698,0
2014-12-29,22:00:00,25.04,25.04,25.011,25.011,1722,0
2014-12-30,17:00:00,25.12,25.12,25.08,25.11,2118,0
2014-12-30,18:00:00,25.08,25.08,25.06,25.06,2274,0
2014-12-31,17:00:00,25.14,25.14,25.12,25.12,8328,0
2015-01-02,18:00:00,25.21,25.21,25.16,25.21,1509,0
2015-01-02,19:00:00,25.21,25.21,25.21,25.21,1106,0
2015-01-02,20:00:00,25.16,25.21,25.16,25.18,1394,0
2015-01-02,22:00:00,25.16,25.16,25.16,25.16,358,0
2015-01-05,16:00:00,25.12,25.12,25.12,25.12,100,0
2015-01-05,17:00:00,25.21,25.24,25.12,25.12,8148,0
2015-01-05,18:00:00,25.12,25.23,25.12,25.12,15341,0
2015-01-05,19:00:00,25.12,25.23,25.11,25.11,5926,0
2015-01-05,20:00:00,25.11,25.11,25.11,25.11,503,0
2015-01-05,21:00:00,25.12,25.22,25.12,25.13,5326,0
2015-01-05,22:00:00,25.17,25.17,25.12,25.12,6112,0
2015-01-06,17:00:00,25.14,25.18,25.14,25.14,1146,0
2015-01-06,18:00:00,25.16,25.16,25.16,25.16,100,0
2015-01-06,19:00:00,25.16,25.16,25.16,25.16,100,0
2015-01-06,20:00:00,25.16,25.16,25.16,25.16,200,0
2015-01-06,21:00:00,25.16,25.16,25.16,25.16,200,0
2015-01-06,22:00:00,25.15,25.15,25.15,25.15,415,0
2015-01-07,18:00:00,25.2,25.2,25.13,25.13,611,0
2015-01-07,19:00:00,25.15,25.15,25.15,25.15,503,0
2015-01-07,20:00:00,25.2,25.23,25.2,25.23,752,0
2015-01-07,21:00:00,25.2,25.2,25.2,25.2,200,0
2015-01-07,22:00:00,25.2,25.2,25.2,25.2,492,0
2015-01-08,18:00:00,25.2,25.289,25.2,25.21,3622,0
2015-01-08,20:00:00,25.18,25.18,25.18,25.18,100,0
2015-01-08,21:00:00,25.18,25.25,25.16,25.16,4156,0
2015-01-08,22:00:00,25.17,25.18,25.17,25.18,200,0
2015-01-09,19:00:00,25.23,25.24,25.18,25.24,1484,0
2015-01-09,20:00:00,25.24,25.24,25.24,25.24,71324,0
2015-01-09,21:00:00,25.23,25.24,25.19,25.19,1114,0
2015-01-12,16:00:00,25.22,25.23,25.22,25.23,630,0
2015-01-12,19:00:00,25.22,25.24,25.19,25.19,2694,0
2015-01-12,22:00:00,25.23,25.23,25.2,25.2,993,0
2015-01-13,17:00:00,25.269,25.269,25.22,25.269,1205,0
2015-01-13,19:00:00,25.25,25.25,25.25,25.25,355,0
2015-01-13,20:00:00,25.289,25.289,25.289,25.289,2844,0
2015-01-13,21:00:00,25.309,25.318,25.299,25.309,4728,0
2015-01-13,22:00:00,25.318,25.318,25.269,25.318,3632,0
2015-01-15,16:00:00,25.408,25.408,25.408,25.408,805,0
2015-01-15,18:00:00,25.428,25.438,25.428,25.428,1610,0
2015-01-15,19:00:00,25.428,25.428,25.428,25.428,100,0
2015-01-15,20:00:00,25.428,25.428,25.328,25.428,1710,0
2015-01-15,21:00:00,25.438,25.438,25.438,25.438,805,0
2015-01-16,17:00:00,25.368,25.388,25.358,25.378,2351,0
2015-01-16,18:00:00,25.358,25.378,25.358,25.378,11784,0
2015-01-16,19:00:00,25.368,25.368,25.358,25.358,5231,0
2015-01-16,21:00:00,25.358,25.358,25.358,25.358,164,0
2015-01-16,22:00:00,25.358,25.358,25.358,25.358,362,0
2015-01-20,20:00:00,25.478,25.478,25.328,25.328,2111,0
2015-01-20,21:00:00,25.408,25.408,25.398,25.398,400,0
2015-01-20,22:00:00,25.398,25.398,25.398,25.398,2012,0
2015-01-21,16:00:00,25.468,25.468,25.468,25.468,390,0
2015-01-21,22:00:00,25.408,25.408,25.408,25.408,100,0
2015-01-22,18:00:00,25.448,25.448,25.448,25.448,234,0
2015-01-22,19:00:00,25.468,25.468,25.398,25.398,1609,0
2015-01-23,18:00:00,25.448,25.448,25.408,25.408,1006,0
2015-01-23,19:00:00,25.418,25.448,25.418,25.448,3037,0
2015-01-23,22:00:00,25.448,25.448,25.448,25.448,132,0
2015-01-26,19:00:00,25.428,25.448,25.418,25.438,15105,0
2015-01-26,21:00:00,25.468,25.468,25.448,25.458,3603,0
2015-01-27,17:00:00,25.488,25.538,25.488,25.528,2645,0
2015-01-27,19:00:00,25.518,25.577,25.458,25.577,12177,0
2015-01-27,21:00:00,25.498,25.498,25.468,25.468,7454,0
2015-01-27,22:00:00,25.508,25.508,25.458,25.458,825,0
2015-01-28,19:00:00,25.518,25.518,25.518,25.518,100,0
2015-01-28,22:00:00,25.538,25.607,25.538,25.607,955,0
2015-01-29,22:00:00,25.567,25.567,25.548,25.548,3837,0
2015-01-30,21:00:00,25.607,25.607,25.458,25.458,1206,0
2015-01-30,22:00:00,25.538,25.577,25.538,25.567,462,0
2015-02-02,18:00:00,25.512,25.512,25.512,25.512,166,0
2015-02-02,21:00:00,25.571,25.571,25.562,25.562,1205,0
2015-02-02,22:00:00,25.542,25.542,25.542,25.542,300,0
2015-02-03,16:00:00,25.522,25.522,25.502,25.522,1191,0
2015-02-03,20:00:00,25.522,25.522,25.522,25.522,932,0
2015-02-03,21:00:00,25.492,25.492,25.492,25.492,1508,0
2015-02-03,22:00:00,25.462,25.621,25.462,25.462,3115,0
2015-02-04,20:00:00,25.522,25.522,25.502,25.502,400,0
2015-02-04,21:00:00,25.522,25.522,25.482,25.482,1790,0
2015-02-04,22:00:00,25.522,25.591,25.492,25.542,7892,0
2015-02-05,17:00:00,25.492,25.522,25.492,25.522,1373,0
2015-02-05,18:00:00,25.522,25.542,25.512,25.512,4782,0
2015-02-05,20:00:00,25.532,25.532,25.532,25.532,200,0
2015-02-05,21:00:00,25.532,25.571,25.502,25.532,3400,0
2015-02-06,17:00:00,25.482,25.482,25.482,25.482,830,0
2015-02-06,22:00:00,25.482,25.482,25.482,25.482,230,0
2015-02-09,19:00:00,25.482,25.482,25.462,25.462,2848,0
2015-02-09,21:00:00,25.462,25.482,25.462,25.482,3292,0
2015-02-09,22:00:00,25.472,25.472,25.362,25.472,5809,0
2015-02-10,17:00:00,25.452,25.452,25.452,25.452,200,0
2015-02-10,18:00:00,25.452,25.452,25.452,25.452,905,0
2015-02-10,19:00:00,25.442,25.462,25.442,25.462,4924,0
2015-02-10,20:00:00,25.452,25.462,25.342,25.422,3908,0
2015-02-10,21:00:00,25.412,25.452,25.412,25.442,18795,0
2015-02-11,18:00:00,25.422,25.422,25.362,25.362,3460,0
2015-02-11,20:00:00,25.412,25.412,25.412,25.412,193,0
2015-02-12,17:00:00,25.402,25.432,25.402,25.402,50622,0
2015-02-12,18:00:00,25.392,25.402,25.352,25.362,2734,0
2015-02-12,19:00:00,25.402,25.402,25.392,25.392,300,0
2015-02-12,21:00:00,25.402,25.402,25.402,25.402,4624,0
2015-02-13,17:00:00,25.362,25.362,25.362,25.362,2310,0
2015-02-13,18:00:00,25.362,25.372,25.362,25.372,442,0
2015-02-13,21:00:00,25.372,25.372,25.372,25.372,332,0
2015-02-13,22:00:00,25.372,25.372,25.372,25.372,373,0
2015-02-17,19:00:00,25.332,25.352,25.322,25.332,1430,0
2015-02-17,20:00:00,25.223,25.253,25.223,25.253,4322,0
2015-02-17,22:00:00,25.233,25.233,25.213,25.223,1710,0
2015-02-18,16:00:00,25.273,25.273,25.273,25.273,247,0
2015-02-18,18:00:00,25.273,25.273,25.273,25.273,393,0
2015-02-18,19:00:00,25.303,25.312,25.283,25.312,139018,0
2015-02-18,20:00:00,25.312,25.322,25.312,25.322,26616,0
2015-02-18,21:00:00,25.352,25.352,25.312,25.312,1974,0
2015-02-18,22:00:00,25.352,25.352,25.352,25.352,404,0
2015-02-19,17:00:00,25.332,25.332,25.332,25.332,1067,0
2015-02-19,19:00:00,25.322,25.322,25.312,25.312,605,0
2015-02-19,20:00:00,25.312,25.372,25.293,25.372,4624,0
2015-02-19,21:00:00,25.312,25.332,25.293,25.332,19257,0
2015-02-19,22:00:00,25.332,25.332,25.332,25.332,2135,0
2015-02-20,17:00:00,25.382,25.382,25.283,25.283,110802,0
2015-02-20,18:00:00,25.273,25.273,25.273,25.273,100,0
2015-02-20,20:00:00,25.342,25.342,25.342,25.342,2614,0
2015-02-20,21:00:00,25.283,25.382,25.283,25.382,1340,0
2015-02-20,22:00:00,25.322,25.332,25.283,25.283,10215,0
2015-02-23,19:00:00,25.372,25.372,25.372,25.372,388,0
2015-02-23,20:00:00,25.322,25.332,25.322,25.332,805,0
2015-02-23,22:00:00,25.392,25.392,25.392,25.392,631,0
2015-02-24,17:00:00,25.332,25.342,25.332,25.332,10146,0
2015-02-24,18:00:00,25.352,25.362,25.342,25.352,6353,0
2015-02-24,19:00:00,25.352,25.352,25.352,25.352,7437,0
2015-02-24,20:00:00,25.352,25.392,25.352,25.382,6728,0
2015-02-24,21:00:00,25.402,25.452,25.362,25.382,20995,0
2015-02-24,22:00:00,25.412,25.442,25.362,25.382,18910,0
2015-02-25,19:00:00,25.382,25.462,25.382,25.462,10151,0
2015-02-25,20:00:00,25.422,25.422,25.422,25.422,4823,0
2015-02-25,22:00:00,25.382,25.412,25.382,25.382,4873,0
2015-02-26,17:00:00,25.362,25.412,25.362,25.412,1005,0
2015-02-26,19:00:00,25.412,25.412,25.412,25.412,605,0
2015-02-26,20:00:00,25.392,25.412,25.392,25.392,4421,0
2015-02-26,21:00:00,25.392,25.412,25.362,25.362,3041,0
2015-02-26,22:00:00,25.412,25.412,25.362,25.362,5645,0
2015-02-27,19:00:00,25.362,25.362,25.362,25.362,854,0
2015-02-27,20:00:00,25.392,25.392,25.342,25.342,1909,0
2015-02-27,22:00:00,25.362,25.362,25.342,25.342,400,0
2015-03-02,18:00:00,25.347,25.357,25.347,25.357,2191,0
2015-03-02,19:00:00,25.347,25.347,25.347,25.347,593,0
2015-03-02,21:00:00,25.357,25.357,25.357,25.357,1,0
2015-03-02,22:00:00,25.298,25.308,25.298,25.298,4186,0
2015-03-03,16:00:00,25.297,25.297,25.297,25.297,1278,0
2015-03-03,18:00:00,25.308,25.308,25.288,25.288,6177,0
2015-03-03,20:00:00,25.302,25.302,25.259,25.259,1098,0
2015-03-03,21:00:00,25.291,25.302,25.278,25.278,5103,0
2015-03-03,22:00:00,25.3,25.3,25.3,25.3,200,0
2015-03-04,16:00:00,25.308,25.308,25.308,25.308,659,0
2015-03-04,19:00:00,25.228,25.228,25.228,25.228,296,0
2015-03-04,20:00:00,25.294,25.294,25.294,25.294,100,0
2015-03-04,22:00:00,25.228,25.228,25.228,25.228,305,0
2015-03-05,20:00:00,25.158,25.223,25.158,25.223,350,0
2015-03-05,21:00:00,25.288,25.288,25.256,25.256,936,0
2015-03-05,22:00:00,25.228,25.228,25.228,25.228,442,0
2015-03-06,16:00:00,25.148,25.148,25.148,25.148,2008,0
2015-03-06,17:00:00,25.102,25.102,25.102,25.102,1004,0
2015-03-06,18:00:00,25.148,25.148,25.148,25.148,1004,0
2015-03-06,20:00:00,25.063,25.148,25.063,25.148,1098,0
2015-03-06,21:00:00,25.116,25.116,25.112,25.112,977,0
2015-03-06,22:00:00,25.148,25.148,25.048,25.128,1311,0
2015-03-09,18:00:00,25.105,25.105,25.078,25.078,1113,0
2015-03-09,20:00:00,25.131,25.131,25.131,25.131,193,0
2015-03-09,21:00:00,25.088,25.088,25.088,25.088,542,0
2015-03-10,18:00:00,25.068,25.145,25.068,25.145,1304,0
2015-03-10,19:00:00,25.148,25.217,25.072,25.199,20048,0
2015-03-10,20:00:00,25.137,25.137,25.068,25.068,904,0
2015-03-10,21:00:00,25.113,25.148,25.058,25.058,7968,0
2015-03-11,18:00:00,25.038,25.039,25.038,25.039,2208,0
2015-03-11,21:00:00,25.108,25.108,25.108,25.108,604,0
2015-03-12,16:00:00,25.141,25.141,25.141,25.141,559,0
2015-03-12,19:00:00,25.128,25.128,25.108,25.128,1254,0
2015-03-12,20:00:00,25.108,25.108,25.098,25.098,200,0
2015-03-12,21:00:00,25.113,25.168,25.113,25.118,1150,0
2015-03-13,15:00:00,25.078,25.078,25.048,25.048,1492,0
2015-03-13,16:00:00,25.038,25.118,25.038,25.118,1312,0
2015-03-13,19:00:00,25.138,25.178,25.138,25.178,300,0
2015-03-13,20:00:00,25.058,25.058,25.038,25.038,2812,0
2015-03-16,17:00:00,25.188,25.188,25.078,25.078,486,0
2015-03-16,21:00:00,25.158,25.168,25.158,25.158,300,0
2015-03-17,15:00:00,25.178,25.218,25.168,25.168,3262,0
2015-03-17,20:00:00,25.172,25.172,25.172,25.172,300,0
2015-03-17,21:00:00,25.168,25.178,25.168,25.173,4475,0
2015-03-18,15:00:00,25.219,25.219,25.219,25.219,389,0
2015-03-18,21:00:00,25.218,25.262,25.188,25.248,7152,0
2015-03-19,16:00:00,25.278,25.278,25.278,25.278,251,0
2015-03-19,17:00:00,25.218,25.238,25.208,25.238,4116,0
2015-03-19,18:00:00,25.284,25.288,25.255,25.268,1147,0
2015-03-19,21:00:00,25.283,25.283,25.228,25.268,1609,0
2015-03-20,15:00:00,25.337,25.337,25.337,25.337,634,0
2015-03-20,17:00:00,25.308,25.327,25.298,25.327,2661,0
2015-03-20,18:00:00,25.272,25.298,25.272,25.298,987,0
2015-03-20,19:00:00,25.298,25.298,25.268,25.268,804,0
2015-03-20,20:00:00,25.308,25.308,25.308,25.308,704,0
2015-03-20,21:00:00,25.291,25.308,25.268,25.268,6107,0
2015-03-23,16:00:00,25.219,25.347,25.219,25.347,4378,0
2015-03-23,17:00:00,25.268,25.268,25.268,25.268,310,0
2015-03-23,18:00:00,25.21,25.21,25.21,25.21,127,0
2015-03-23,20:00:00,25.278,25.278,25.278,25.278,409,0
2015-03-23,21:00:00,25.308,25.427,25.218,25.293,4176,0
2015-03-24,15:00:00,25.298,25.298,25.298,25.298,1184,0
2015-03-24,17:00:00,25.298,25.427,25.298,25.308,3012,0
2015-03-24,19:00:00,25.337,25.337,25.311,25.311,1239,0
2015-03-24,20:00:00,25.337,25.337,25.327,25.327,2471,0
2015-03-24,21:00:00,25.288,25.337,25.288,25.337,2511,0
2015-03-25,16:00:00,25.288,25.288,25.278,25.278,1104,0
2015-03-25,18:00:00,25.244,25.278,25.244,25.278,261,0
2015-03-25,19:00:00,25.278,25.278,25.278,25.278,221,0
2015-03-25,20:00:00,25.278,25.278,25.278,25.278,481,0
2015-03-25,21:00:00,25.211,25.211,25.211,25.211,193,0
2015-03-26,17:00:00,25.278,25.278,25.278,25.278,1104,0
2015-03-26,18:00:00,25.222,25.222,25.222,25.222,195,0
2015-03-26,20:00:00,25.278,25.278,25.278,25.278,604,0
2015-03-26,21:00:00,25.244,25.258,25.244,25.258,1104,0
2015-03-27,15:00:00,25.248,25.248,25.248,25.248,100,0
2015-03-27,16:00:00,25.258,25.291,25.248,25.291,1004,0
2015-03-27,18:00:00,25.268,25.268,25.268,25.268,503,0
2015-03-27,20:00:00,25.268,25.268,25.268,25.268,100,0
2015-03-30,19:00:00,25.247,25.355,25.238,25.268,3808,0
2015-03-30,21:00:00,25.268,25.268,25.185,25.248,1733,0
2015-03-30,22:00:00,25.238,25.238,25.158,25.225,7401,0
2015-03-31,16:00:00,25.258,25.258,25.258,25.258,804,0
2015-03-31,18:00:00,25.256,25.256,25.256,25.256,422,0
2015-03-31,19:00:00,25.25,25.25,25.25,25.25,185,0
2015-03-31,20:00:00,25.178,25.288,25.178,25.288,5807,0
2015-04-01,16:00:00,25.284,25.337,25.268,25.273,2088,0
2015-04-01,17:00:00,25.273,25.288,25.273,25.288,1383,0
2015-04-01,18:00:00,25.307,25.307,25.307,25.307,403,0
2015-04-01,20:00:00,25.309,25.309,25.309,25.309,792,0
2015-04-01,21:00:00,25.258,25.337,25.258,25.268,14958,0
2015-04-01,22:00:00,25.278,25.278,25.278,25.278,492,0
2015-04-02,16:00:00,25.188,25.188,25.188,25.188,312,0
2015-04-02,17:00:00,25.274,25.274,25.274,25.274,399,0
2015-04-02,18:00:00,25.274,25.274,25.274,25.274,1,0
2015-04-02,19:00:00,25.316,25.316,25.218,25.298,10850,0
2015-04-02,20:00:00,25.248,25.248,25.239,25.239,759,0
2015-04-02,22:00:00,25.288,25.298,25.288,25.298,10643,0
2015-04-06,16:00:00,25.387,25.387,25.386,25.386,1330,0
2015-04-06,17:00:00,25.347,25.377,25.308,25.308,2897,0
2015-04-06,18:00:00,25.308,25.308,25.308,25.308,44,0
2015-04-06,19:00:00,25.346,25.346,25.298,25.298,1047,0
2015-04-06,21:00:00,25.316,25.337,25.31,25.317,6863,0
2015-04-06,22:00:00,25.31,25.327,25.31,25.317,10049,0
2015-04-07,17:00:00,25.337,25.417,25.326,25.326,2892,0
2015-04-07,18:00:00,25.326,25.326,25.288,25.288,225,0
2015-04-07,19:00:00,25.288,25.288,25.288,25.288,250,0
2015-04-07,20:00:00,25.288,25.288,25.288,25.288,5,0
2015-04-07,21:00:00,25.288,25.367,25.288,25.367,798,0
2015-04-07,22:00:00,25.367,25.367,25.357,25.357,300,0
2015-04-08,18:00:00,25.356,25.356,25.339,25.347,1900,0
2015-04-08,19:00:00,25.347,25.347,25.258,25.347,1854,0
2015-04-08,20:00:00,25.269,25.357,25.269,25.347,2433,0
2015-04-08,21:00:00,25.357,25.357,25.347,25.347,1607,0
2015-04-08,22:00:00,25.347,25.347,25.337,25.337,2464,0
2015-04-09,18:00:00,25.347,25.347,25.332,25.332,1405,0
2015-04-09,22:00:00,25.356,25.357,25.339,25.347,10543,0
2015-04-10,16:00:00,25.337,25.337,25.337,25.337,100,0
2015-04-10,17:00:00,25.337,25.337,25.337,25.337,473,0
2015-04-10,18:00:00,25.337,25.337,25.337,25.337,21,0
2015-04-10,19:00:00,25.337,25.337,25.337,25.337,2108,0
2015-04-10,20:00:00,25.364,25.364,25.337,25.337,9412,0
2015-04-10,21:00:00,25.337,25.337,25.337,25.337,2511,0
2015-04-10,22:00:00,25.337,25.367,25.337,25.337,9263,0
2015-04-13,18:00:00,25.258,25.258,25.258,25.258,1344,0
2015-04-13,20:00:00,25.327,25.327,25.296,25.296,2837,0
2015-04-13,21:00:00,25.296,25.337,25.296,25.337,401,0
2015-04-13,22:00:00,25.337,25.367,25.327,25.367,2629,0
2015-04-14,16:00:00,25.337,25.337,25.337,25.337,393,0
2015-04-14,17:00:00,25.278,25.278,25.238,25.258,8173,0
2015-04-14,18:00:00,25.188,25.188,25.188,25.188,69712,0
2015-04-14,20:00:00,25.311,25.311,25.268,25.268,1097,0
2015-04-14,21:00:00,25.268,25.282,25.268,25.268,4017,0
2015-04-14,22:00:00,25.268,25.268,25.233,25.268,3680,0
2015-04-15,16:00:00,25.308,25.308,25.308,25.308,1605,0
2015-04-15,17:00:00,25.287,25.287,25.287,25.287,250,0
2015-04-15,18:00:00,25.337,25.337,25.304,25.32,3097,0
2015-04-15,19:00:00,25.325,25.325,25.317,25.317,6659,0
2015-04-15,20:00:00,25.297,25.317,25.297,25.317,296,0
2015-04-15,21:00:00,25.317,25.327,25.294,25.317,9415,0
2015-04-15,22:00:00,25.317,25.336,25.288,25.288,3000,0
2015-04-16,17:00:00,25.318,25.318,25.318,25.318,119,0
2015-04-16,19:00:00,25.326,25.326,25.326,25.326,222,0
2015-04-16,20:00:00,25.326,25.336,25.308,25.308,1746,0
2015-04-16,21:00:00,25.346,25.347,25.308,25.308,4820,0
2015-04-16,22:00:00,25.343,25.343,25.308,25.312,3602,0
2015-04-17,16:00:00,25.317,25.317,25.317,25.317,307,0
2015-04-17,18:00:00,25.308,25.308,25.308,25.308,189,0
2015-04-17,19:00:00,25.268,25.308,25.268,25.308,1192,0
2015-04-17,21:00:00,25.308,25.311,25.308,25.308,792,0
2015-04-20,21:00:00,25.268,25.268,25.268,25.268,503,0
2015-04-20,22:00:00,25.269,25.308,25.269,25.308,276,0
2015-04-21,17:00:00,25.317,25.317,25.268,25.317,2206,0
2015-04-21,19:00:00,25.311,25.327,25.268,25.268,7518,0
2015-04-21,20:00:00,25.268,25.268,25.268,25.268,503,0
2015-04-21,22:00:00,25.327,25.327,25.327,25.327,110,0
2015-04-22,18:00:00,25.294,25.294,25.294,25.294,103,0
2015-04-22,19:00:00,25.303,25.303,25.278,25.288,7627,0
2015-04-22,21:00:00,25.268,25.278,25.268,25.268,3914,0
2015-04-22,22:00:00,25.268,25.278,25.258,25.258,9422,0
2015-04-23,16:00:00,25.234,25.278,25.234,25.254,2019,0
2015-04-23,17:00:00,25.278,25.288,25.278,25.283,1404,0
2015-04-23,19:00:00,25.278,25.298,25.227,25.227,2827,0
2015-04-23,21:00:00,25.308,25.308,25.308,25.308,276,0
2015-04-23,22:00:00,25.317,25.317,25.258,25.258,4267,0
2015-04-24,18:00:00,25.278,25.308,25.208,25.308,3973,0
2015-04-24,19:00:00,25.286,25.286,25.278,25.278,326,0
2015-04-24,21:00:00,25.302,25.302,25.278,25.278,1783,0
2015-04-27,16:00:00,25.288,25.288,25.261,25.261,803,0
2015-04-27,17:00:00,25.268,25.268,25.268,25.268,3986,0
2015-04-27,20:00:00,25.268,25.268,25.268,25.268,100,0
2015-04-27,21:00:00,25.251,25.278,25.251,25.278,803,0
2015-04-27,22:00:00,25.278,25.278,25.268,25.268,548,0
2015-04-28,16:00:00,25.268,25.268,25.268,25.268,3733,0
2015-04-28,17:00:00,25.278,25.278,25.268,25.278,6581,0
2015-04-28,18:00:00,25.269,25.269,25.269,25.269,129,0
2015-04-28,19:00:00,25.278,25.278,25.278,25.278,200,0
2015-04-28,20:00:00,25.278,25.278,25.268,25.268,300,0
2015-04-28,21:00:00,25.268,25.288,25.228,25.288,6102,0
2015-04-28,22:00:00,25.248,25.248,25.238,25.238,704,0
2015-04-29,17:00:00,25.258,25.258,25.258,25.258,704,0
2015-04-29,18:00:00,25.255,25.255,25.255,25.255,199,0
2015-04-29,21:00:00,25.248,25.282,25.248,25.282,2149,0
2015-04-29,22:00:00,25.269,25.278,25.248,25.248,5505,0
2015-04-30,16:00:00,25.218,25.228,25.208,25.218,3657,0
2015-04-30,17:00:00,25.238,25.238,25.238,25.238,3955,0
2015-04-30,18:00:00,25.238,25.238,25.232,25.238,10568,0
2015-04-30,19:00:00,25.218,25.238,25.218,25.238,4597,0
2015-04-30,21:00:00,25.208,25.258,25.208,25.228,10335,0
2015-05-01,16:00:00,25.152,25.152,25.152,25.152,737,0
2015-05-01,17:00:00,25.211,25.231,25.196,25.196,462,0
2015-05-01,19:00:00,25.191,25.191,25.176,25.176,1691,0
2015-05-01,20:00:00,25.2,25.201,25.191,25.191,1935,0
2015-05-01,21:00:00,25.191,25.191,25.191,25.191,1061,0
2015-05-01,22:00:00,25.191,25.191,25.191,25.191,1404,0
2015-05-04,17:00:00,25.171,25.171,25.171,25.171,1836,0
2015-05-04,18:00:00,25.141,25.211,25.141,25.211,82187,0
2015-05-04,19:00:00,25.161,25.213,25.161,25.213,551,0
2015-05-04,21:00:00,25.202,25.202,25.161,25.198,6405,0
2015-05-04,22:00:00,25.171,25.171,25.171,25.171,200,0
2015-05-05,16:00:00,25.171,25.2,25.171,25.181,5478,0
2015-05-05,19:00:00,25.181,25.181,25.159,25.159,537,0
2015-05-05,22:00:00,25.205,25.211,25.159,25.201,3798,0
2015-05-06,16:00:00,25.181,25.181,25.181,25.181,100,0
2015-05-06,17:00:00,25.177,25.193,25.161,25.193,4625,0
2015-05-06,19:00:00,25.161,25.161,25.161,25.161,539,0
2015-05-06,20:00:00,25.171,25.171,25.171,25.171,1852,0
2015-05-06,21:00:00,25.14,25.201,25.14,25.201,1770,0
2015-05-06,22:00:00,25.193,25.201,25.111,25.201,4025,0
2015-05-07,17:00:00,25.17,25.17,25.141,25.141,693,0
2015-05-07,18:00:00,25.141,25.161,25.141,25.161,300,0
2015-05-07,20:00:00,25.141,25.151,25.141,25.146,1203,0
2015-05-07,21:00:00,25.141,25.141,25.141,25.141,325,0
2015-05-08,16:00:00,25.151,25.151,25.151,25.151,803,0
2015-05-08,17:00:00,25.121,25.211,25.121,25.131,1239,0
2015-05-08,19:00:00,25.171,25.212,25.131,25.131,1805,0
2015-05-08,20:00:00,25.151,25.151,25.151,25.151,400,0
2015-05-08,21:00:00,25.19,25.19,25.19,25.19,443,0
2015-05-11,16:00:00,25.12,25.12,25.12,25.12,292,0
2015-05-11,19:00:00,25.121,25.211,25.042,25.071,6641,0
2015-05-11,20:00:00,25.077,25.077,25.077,25.077,214,0
2015-05-11,21:00:00,25.101,25.101,25.101,25.101,903,0
2015-05-11,22:00:00,25.061,25.061,25.061,25.061,381,0
2015-05-12,17:00:00,25.051,25.051,25.051,25.051,200,0
2015-05-12,18:00:00,25.12,25.121,25.079,25.079,905,0
2015-05-12,20:00:00,25.141,25.141,25.141,25.141,1506,0
2015-05-12,21:00:00,25.131,25.131,25.131,25.131,1706,0
2015-05-12,22:00:00,25.141,25.141,25.131,25.131,2373,0
2015-05-13,16:00:00,25.131,25.131,25.131,25.131,173,0
2015-05-13,18:00:00,25.101,25.131,25.076,25.076,746,0
2015-05-13,21:00:00,25.071,25.071,25.061,25.061,628,0
2015-05-13,22:00:00,25.071,25.071,25.071,25.071,200,0
2015-05-14,16:00:00,25.121,25.131,25.085,25.085,1203,0
2015-05-14,17:00:00,25.071,25.091,25.071,25.091,596,0
2015-05-14,19:00:00,25.141,25.141,25.121,25.121,3310,0
2015-05-14,20:00:00,25.121,25.121,25.121,25.121,803,0
2015-05-14,22:00:00,25.125,25.18,25.123,25.141,15047,0
2015-05-15,16:00:00,25.121,25.131,25.121,25.131,1359,0
2015-05-15,17:00:00,25.142,25.142,25.142,25.142,958,0
2015-05-15,18:00:00,25.072,25.072,25.072,25.072,588,0
2015-05-15,19:00:00,25.111,25.151,25.111,25.126,9738,0
2015-05-15,21:00:00,25.117,25.131,25.117,25.131,621,0
2015-05-15,22:00:00,25.092,25.131,25.081,25.131,3808,0
2015-05-18,20:00:00,25.121,25.121,25.121,25.121,2785,0
2015-05-18,22:00:00,25.101,25.121,25.101,25.111,2125,0
2015-05-19,18:00:00,25.091,25.111,25.091,25.091,1048,0
2015-05-19,21:00:00,25.095,25.095,25.095,25.095,803,0
2015-05-19,22:00:00,25.131,25.131,25.071,25.071,9283,0
2015-05-20,16:00:00,25.087,25.087,25.087,25.087,207,0
2015-05-20,19:00:00,25.101,25.101,25.071,25.101,1193,0
2015-05-20,20:00:00,25.071,25.071,25.071,25.071,236,0
2015-05-20,21:00:00,25.074,25.074,25.074,25.074,2006,0
2015-05-21,17:00:00,25.061,25.061,25.061,25.061,482,0
2015-05-21,19:00:00,25.042,25.042,25.042,25.042,420,0
2015-05-21,22:00:00,25.061,25.061,25.061,25.061,200,0
2015-05-22,16:00:00,25.071,25.071,25.071,25.071,1273,0
2015-05-22,17:00:00,25.061,25.061,25.061,25.061,2006,0
2015-05-22,19:00:00,25.066,25.081,25.066,25.081,1496,0
2015-05-22,20:00:00,25.051,25.068,25.041,25.041,2781,0
2015-05-22,21:00:00,25.041,25.041,25.041,25.041,230,0
2015-05-26,17:00:00,25.091,25.091,25.061,25.091,6461,0
2015-05-26,20:00:00,25.071,25.091,25.071,25.091,1003,0
2015-05-26,21:00:00,25.061,25.061,25.061,25.061,2006,0
2015-05-26,22:00:00,25.071,25.071,25.071,25.071,103,0
2015-05-27,18:00:00,25.131,25.131,25.106,25.106,200,0
2015-05-27,19:00:00,25.131,25.131,25.111,25.111,1203,0
2015-05-27,20:00:00,25.111,25.131,25.111,25.131,750,0
2015-05-27,21:00:00,25.131,25.131,25.101,25.131,1906,0
2015-05-27,22:00:00,25.101,25.101,25.101,25.101,300,0
2015-05-28,16:00:00,25.121,25.121,25.121,25.121,200,0
2015-05-28,17:00:00,25.11,25.11,25.101,25.105,1700,0
2015-05-28,19:00:00,25.106,25.106,25.106,25.106,803,0
2015-05-28,20:00:00,25.111,25.127,25.101,25.109,5024,0
2015-05-28,22:00:00,25.141,25.141,25.101,25.111,2791,0
2015-05-29,16:00:00,25.161,25.161,25.161,25.161,400,0
2015-05-29,17:00:00,25.121,25.121,25.121,25.121,450,0
2015-05-29,18:00:00,25.14,25.14,25.121,25.131,2286,0
2015-05-29,21:00:00,25.151,25.151,25.151,25.151,11721,0
2015-05-29,22:00:00,25.131,25.161,25.131,25.161,676,0
2015-06-01,18:00:00,25.14,25.14,25.14,25.14,602,0
2015-06-01,19:00:00,25.156,25.156,25.156,25.156,100,0
2015-06-01,20:00:00,25.154,25.154,25.154,25.154,177,0
2015-06-01,21:00:00,25.107,25.137,25.107,25.112,408,0
2015-06-01,22:00:00,25.137,25.157,25.137,25.156,2956,0
2015-06-02,16:00:00,25.117,25.117,25.117,25.117,170,0
2015-06-02,17:00:00,25.106,25.107,25.106,25.107,2238,0
2015-06-02,19:00:00,25.077,25.107,25.077,25.107,597,0
2015-06-02,22:00:00,25.084,25.107,25.084,25.107,1372,0
2015-06-03,16:00:00,25.107,25.107,25.087,25.087,400,0
2015-06-03,18:00:00,25.097,25.097,25.097,25.097,1904,0
2015-06-03,19:00:00,25.097,25.097,25.097,25.097,1375,0
2015-06-03,20:00:00,25.087,25.087,25.077,25.08,4592,0
2015-06-03,21:00:00,25.087,25.087,25.043,25.071,5623,0
2015-06-03,22:00:00,25.057,25.057,25.057,25.057,157,0
2015-06-04,16:00:00,25.05,25.05,25.05,25.05,1392,0
2015-06-04,18:00:00,25.047,25.062,25.027,25.062,4209,0
2015-06-04,21:00:00,25.067,25.097,25.052,25.097,1604,0
2015-06-04,22:00:00,25.097,25.097,25.027,25.05,2756,0
2015-06-05,16:00:00,24.997,24.997,24.997,24.997,602,0
2015-06-05,18:00:00,25.041,25.047,25.041,25.047,753,0
2015-06-05,19:00:00,25.031,25.031,25.031,25.031,137,0
2015-06-05,20:00:00,25.037,25.037,25.037,25.037,4721,0
2015-06-05,22:00:00,25.037,25.037,25.037,25.037,599,0
2015-06-08,16:00:00,24.987,24.987,24.987,24.987,2986,0
2015-06-08,17:00:00,24.987,24.992,24.987,24.99,2300,0
2015-06-08,18:00:00,24.992,24.992,24.992,24.992,100,0
2015-06-08,19:00:00,24.957,24.957,24.857,24.857,12126,0
2015-06-08,20:00:00,24.987,24.987,24.987,24.987,200,0
2015-06-08,21:00:00,24.987,24.997,24.987,24.997,300,0
2015-06-08,22:00:00,24.987,24.987,24.987,24.987,420,0
2015-06-09,18:00:00,25.006,25.007,24.975,24.975,1648,0
2015-06-09,19:00:00,24.987,24.987,24.967,24.987,2676,0
2015-06-09,21:00:00,24.987,24.987,24.987,24.987,1052,0
2015-06-09,22:00:00,25.007,25.007,25.007,25.007,2304,0
2015-06-10,17:00:00,24.987,24.987,24.887,24.887,4179,0
2015-06-10,18:00:00,24.857,24.887,24.827,24.827,5912,0
2015-06-10,19:00:00,24.851,24.851,24.851,24.851,200,0
2015-06-10,20:00:00,24.897,24.897,24.897,24.897,100,0
2015-06-10,21:00:00,24.885,24.885,24.885,24.885,320,0
2015-06-10,22:00:00,24.897,24.907,24.847,24.852,3006,0
2015-06-11,16:00:00,24.937,24.937,24.937,24.937,123,0
2015-06-11,18:00:00,24.927,24.928,24.927,24.928,307,0
2015-06-11,19:00:00,24.947,24.947,24.947,24.947,927,0
2015-06-11,20:00:00,24.977,24.977,24.977,24.977,100,0
2015-06-11,21:00:00,24.977,24.977,24.977,24.977,200,0
2015-06-11,22:00:00,24.977,24.977,24.977,24.977,1037,0
2015-06-12,17:00:00,24.967,24.967,24.967,24.967,469,0
2015-06-12,18:00:00,24.987,24.987,24.987,24.987,200,0
2015-06-12,20:00:00,24.987,24.987,24.987,24.987,100,0
2015-06-12,21:00:00,24.987,25.044,24.947,24.992,22869,0
2015-06-12,22:00:00,24.957,24.992,24.947,24.947,4810,0
2015-06-15,17:00:00,24.927,24.997,24.927,24.997,1503,0
2015-06-15,19:00:00,24.987,24.996,24.977,24.977,517,0
2015-06-15,20:00:00,24.957,24.957,24.957,24.957,300,0
2015-06-16,16:00:00,24.986,24.986,24.986,24.986,601,0
2015-06-16,18:00:00,24.997,24.997,24.997,24.997,100,0
2015-06-16,19:00:00,25.017,25.017,25.017,25.017,185,0
2015-06-16,20:00:00,25.017,25.017,24.997,24.997,400,0
2015-06-16,21:00:00,25.017,25.017,25.005,25.017,1904,0
2015-06-16,22:00:00,25.017,25.107,25.007,25.007,8077,0
2015-06-17,16:00:00,25.007,25.007,25.007,25.007,2168,0
2015-06-17,18:00:00,24.977,25.042,24.959,24.997,8892,0
2015-06-17,21:00:00,25.017,25.127,25.017,25.067,17587,0
2015-06-17,22:00:00,25.067,25.077,25.067,25.067,1864,0
2015-06-18,16:00:00,25.047,25.047,25.047,25.047,550,0
2015-06-18,17:00:00,25.057,25.057,24.977,24.977,4330,0
2015-06-18,18:00:00,24.977,24.977,24.977,24.977,400,0
2015-06-18,19:00:00,24.977,25.057,24.957,25.047,5844,0
2015-06-18,21:00:00,25.026,25.102,25.026,25.041,4026,0
2015-06-18,22:00:00,25.047,25.077,25.047,25.067,3106,0
2015-06-19,16:00:00,25.019,25.019,25.019,25.019,1067,0
2015-06-19,18:00:00,25.087,25.167,25.077,25.077,5110,0
2015-06-19,20:00:00,25.086,25.086,25.086,25.086,502,0
2015-06-19,21:00:00,25.087,25.087,25.049,25.049,2568,0
2015-06-19,22:00:00,25.077,25.077,25.076,25.076,1002,0
2015-06-22,16:00:00,25.047,25.047,25.047,25.047,100,0
2015-06-22,17:00:00,25.107,25.107,25.107,25.107,300,0
2015-06-22,18:00:00,25.077,25.117,25.077,25.087,7271,0
2015-06-22,19:00:00,25.087,25.122,25.087,25.092,3470,0
2015-06-22,20:00:00,25.087,25.122,25.087,25.122,400,0
2015-06-22,21:00:00,25.084,25.097,25.084,25.097,999,0
2015-06-22,22:00:00,25.107,25.107,25.097,25.107,1850,0
2015-06-23,16:00:00,25.167,25.167,25.107,25.107,2878,0
2015-06-23,19:00:00,25.157,25.157,25.154,25.154,713,0
2015-06-23,21:00:00,25.146,25.157,25.146,25.157,802,0
2015-06-23,22:00:00,25.102,25.107,25.102,25.107,400,0
2015-06-24,16:00:00,25.147,25.147,25.098,25.098,2736,0
2015-06-24,17:00:00,25.107,25.138,25.107,25.107,1509,0
2015-06-24,18:00:00,25.107,25.147,25.097,25.147,2254,0
2015-06-24,19:00:00,25.107,25.107,25.097,25.097,1202,0
2015-06-24,20:00:00,25.107,25.107,25.107,25.107,100,0
2015-06-24,21:00:00,25.107,25.132,25.107,25.117,5010,0
2015-06-24,22:00:00,25.107,25.167,25.107,25.117,1664,0
2015-06-25,16:00:00,25.147,25.147,25.147,25.147,200,0
2015-06-25,17:00:00,25.127,25.157,25.047,25.157,2146,0
2015-06-25,18:00:00,25.117,25.117,25.117,25.117,300,0
2015-06-25,19:00:00,25.157,25.157,25.117,25.117,702,0
2015-06-25,20:00:00,25.055,25.157,25.055,25.127,2462,0
2015-06-25,21:00:00,25.097,25.127,25.097,25.127,760,0
2015-06-25,22:00:00,25.157,25.157,25.127,25.132,827,0
2015-06-26,16:00:00,25.132,25.132,25.123,25.127,852,0
2015-06-26,17:00:00,25.133,25.133,25.133,25.133,200,0
2015-06-26,22:00:00,25.187,25.187,25.117,25.186,8518,0
2015-06-29,16:00:00,25.147,25.157,25.147,25.157,1002,0
2015-06-29,18:00:00,25.097,25.217,25.097,25.217,742,0
2015-06-29,19:00:00,25.191,25.191,25.145,25.175,993,0
2015-06-29,20:00:00,25.217,25.217,25.147,25.147,1654,0
2015-06-29,21:00:00,25.147,25.217,25.147,25.157,1403,0
2015-06-29,22:00:00,25.137,25.197,25.137,25.137,2119,0
2015-06-30,17:00:00,25.247,25.247,25.247,25.247,250,0
2015-06-30,18:00:00,25.157,25.157,25.157,25.157,602,0
2015-06-30,20:00:00,25.207,25.231,25.157,25.197,1179,0
2015-06-30,21:00:00,25.197,25.257,25.197,25.197,1125,0
2015-06-30,22:00:00,25.241,25.257,25.197,25.202,8198,0
2015-07-01,16:00:00,25.253,25.253,25.218,25.218,967,0
2015-07-01,18:00:00,25.244,25.244,25.24,25.24,791,0
2015-07-01,19:00:00,25.224,25.224,25.224,25.224,100,0
2015-07-01,21:00:00,25.267,25.267,25.23,25.23,1331,0
2015-07-01,22:00:00,25.224,25.274,25.224,25.256,9110,0
2015-07-02,16:00:00,25.264,25.264,25.264,25.264,121,0
2015-07-02,17:00:00,25.219,25.219,25.214,25.214,339,0
2015-07-02,18:00:00,25.219,25.264,25.174,25.202,3311,0
2015-07-02,19:00:00,25.21,25.263,25.21,25.219,1375,0
2015-07-02,20:00:00,25.204,25.264,25.204,25.264,1322,0
2015-07-02,21:00:00,25.224,25.224,25.224,25.224,100,0
2015-07-02,22:00:00,25.224,25.274,25.224,25.239,10702,0
2015-07-06,17:00:00,25.204,25.204,25.204,25.204,1001,0
2015-07-06,22:00:00,25.234,25.313,25.194,25.275,11050,0
2015-07-07,16:00:00,25.274,25.274,25.274,25.274,100,0
2015-07-07,19:00:00,25.304,25.334,25.304,25.334,399,0
2015-07-07,21:00:00,25.343,25.343,25.244,25.318,2376,0
2015-07-07,22:00:00,25.331,25.343,25.284,25.343,2383,0
2015-07-08,16:00:00,25.373,25.373,25.373,25.373,360,0
2015-07-08,22:00:00,25.355,25.355,25.284,25.284,568,0
2015-07-09,16:00:00,25.287,25.292,25.287,25.292,5806,0
2015-07-09,18:00:00,25.347,25.363,25.284,25.294,2425,0
2015-07-09,21:00:00,25.339,25.339,25.339,25.339,322,0
2015-07-09,22:00:00,25.359,25.365,25.353,25.353,2791,0
2015-07-10,17:00:00,25.393,25.393,25.343,25.343,1602,0
2015-07-10,18:00:00,25.392,25.392,25.343,25.343,4944,0
2015-07-10,19:00:00,25.343,25.343,25.343,25.343,100,0
2015-07-10,20:00:00,25.352,25.352,25.352,25.352,232,0
2015-07-10,21:00:00,25.353,25.393,25.343,25.393,6707,0
2015-07-10,22:00:00,25.343,25.393,25.343,25.343,3842,0
2015-07-13,20:00:00,25.313,25.313,25.313,25.313,400,0
2015-07-13,21:00:00,25.323,25.355,25.283,25.355,3854,0
2015-07-13,22:00:00,25.34,25.34,25.34,25.34,104,0
2015-07-14,18:00:00,25.333,25.369,25.333,25.358,2102,0
2015-07-14,19:00:00,25.341,25.363,25.341,25.353,3871,0
2015-07-14,20:00:00,25.363,25.368,25.343,25.351,8380,0
2015-07-14,22:00:00,25.39,25.39,25.39,25.39,1201,0
2015-07-15,17:00:00,25.373,25.389,25.356,25.389,1051,0
2015-07-15,20:00:00,25.403,25.403,25.403,25.403,1001,0
2015-07-15,22:00:00,25.383,25.393,25.373,25.373,1051,0
2015-07-16,17:00:00,25.393,25.403,25.353,25.353,501,0
2015-07-16,20:00:00,25.323,25.393,25.323,25.393,3874,0
2015-07-16,21:00:00,25.313,25.313,25.313,25.313,801,0
2015-07-17,18:00:00,25.403,25.403,25.313,25.313,801,0
2015-07-17,19:00:00,25.394,25.394,25.394,25.394,1289,0
2015-07-17,20:00:00,25.403,25.403,25.358,25.358,1833,0
2015-07-17,21:00:00,25.403,25.403,25.314,25.403,8170,0
2015-07-17,22:00:00,25.403,25.403,25.403,25.403,501,0
2015-07-20,16:00:00,25.413,25.433,25.413,25.433,2127,0
2015-07-20,18:00:00,25.343,25.343,25.343,25.343,32,0
2015-07-20,20:00:00,25.357,25.357,25.357,25.357,601,0
2015-07-20,21:00:00,25.433,25.433,25.433,25.433,79,0
2015-07-20,22:00:00,25.343,25.343,25.343,25.343,489,0
2015-07-21,16:00:00,25.353,25.353,25.353,25.353,2003,0
2015-07-21,20:00:00,25.415,25.415,25.415,25.415,1499,0
2015-07-21,22:00:00,25.393,25.433,25.393,25.433,272,0
2015-07-22,16:00:00,25.453,25.453,25.453,25.453,636,0
2015-07-22,17:00:00,25.423,25.443,25.423,25.443,1406,0
2015-07-22,20:00:00,25.433,25.453,25.419,25.453,3481,0
2015-07-22,21:00:00,25.451,25.451,25.423,25.423,591,0
2015-07-22,22:00:00,25.403,25.403,25.363,25.363,400,0
2015-07-23,18:00:00,25.443,25.443,25.443,25.443,190,0
2015-07-23,19:00:00,25.436,25.436,25.436,25.436,150,0
2015-07-23,21:00:00,25.433,25.443,25.433,25.443,584,0
2015-07-23,22:00:00,25.433,25.433,25.373,25.424,1872,0
2015-07-24,17:00:00,25.433,25.433,25.433,25.433,100,0
2015-07-24,18:00:00,25.393,25.433,25.393,25.415,3310,0
2015-07-24,20:00:00,25.433,25.433,25.428,25.428,1502,0
2015-07-24,21:00:00,25.433,25.443,25.393,25.433,19655,0
2015-07-27,16:00:00,25.453,25.453,25.453,25.453,986,0
2015-07-27,18:00:00,25.486,25.486,25.486,25.486,200,0
2015-07-27,19:00:00,25.485,25.485,25.453,25.453,1995,0
2015-07-27,22:00:00,25.463,25.483,25.438,25.438,7221,0
2015-07-28,17:00:00,25.434,25.434,25.434,25.434,274,0
2015-07-28,18:00:00,25.443,25.463,25.443,25.463,7524,0
2015-07-28,19:00:00,25.443,25.453,25.403,25.429,16911,0
2015-07-28,20:00:00,25.429,25.453,25.408,25.429,1315,0
2015-07-28,21:00:00,25.437,25.453,25.437,25.453,320,0
2015-07-28,22:00:00,25.453,25.453,25.453,25.453,6399,0
2015-07-29,18:00:00,25.394,25.394,25.394,25.394,601,0
2015-07-29,19:00:00,25.393,25.393,25.333,25.333,3294,0
2015-07-29,20:00:00,25.379,25.379,25.373,25.373,601,0
2015-07-29,21:00:00,25.364,25.364,25.364,25.364,236,0
2015-07-29,22:00:00,25.363,25.433,25.363,25.393,4304,0
2015-07-30,18:00:00,25.383,25.424,25.383,25.424,892,0
2015-07-30,19:00:00,25.361,25.361,25.361,25.361,100,0
2015-07-30,22:00:00,25.385,25.411,25.323,25.323,3072,0
2015-07-31,16:00:00,25.353,25.353,25.353,25.353,100,0
2015-07-31,18:00:00,25.409,25.409,25.383,25.383,6607,0
2015-07-31,21:00:00,25.433,25.433,25.393,25.393,2302,0
2015-07-31,22:00:00,25.409,25.409,25.353,25.353,3102,0
2015-08-03,17:00:00,25.43,25.43,25.43,25.43,19700,0
2015-08-03,18:00:00,25.433,25.433,25.433,25.433,1200,0
2015-08-03,19:00:00,25.39,25.4,25.39,25.4,8000,0
2015-08-03,20:00:00,25.405,25.427,25.4,25.4,7161,0
2015-08-03,22:00:00,25.44,25.45,25.4,25.4492,9707,0
2015-08-04,16:00:00,25.35,25.35,25.35,25.35,100,0
2015-08-04,17:00:00,25.4,25.4399,25.4,25.4,2005,0
2015-08-04,19:00:00,25.3908,25.4008,25.3908,25.4008,602,0
2015-08-04,22:00:00,25.4,25.4,25.4,25.4,300,0
2015-08-05,16:00:00,25.36,25.36,25.36,25.36,4493,0
2015-08-05,17:00:00,25.35,25.39,25.35,25.39,2270,0
2015-08-05,18:00:00,25.3703,25.3703,25.3703,25.3703,725,0
2015-08-05,19:00:00,25.35,25.35,25.35,25.35,400,0
2015-08-05,22:00:00,25.4,25.4,25.4,25.4,100,0
2015-08-06,16:00:00,25.34,25.3899,25.34,25.3899,514,0
2015-08-06,18:00:00,25.3999,25.3999,25.3673,25.3673,1900,0
2015-08-06,21:00:00,25.34,25.34,25.34,25.34,1180,0
2015-08-07,16:00:00,25.35,25.35,25.35,25.35,5400,0
2015-08-07,17:00:00,25.3792,25.3792,25.3792,25.3792,790,0
2015-08-07,18:00:00,25.352,25.374,25.352,25.374,794,0
2015-08-07,19:00:00,25.33,25.3699,25.3,25.3699,4601,0
2015-08-07,20:00:00,25.3661,25.3661,25.3415,25.3415,330,0
2015-08-07,21:00:00,25.36,25.36,25.34,25.3553,932,0
2015-08-07,22:00:00,25.3682,25.3682,25.3574,25.368,4745,0
