Date,Time,Open,High,Low,Close,Volume,OpenInt
2015-01-15,16:00:00,141.92,142.09,140.37,140.48,122819,0
2015-01-15,17:00:00,140.43,141.59,140.24,141.03,144385,0
2015-01-15,18:00:00,141.06,141.1,140.35,140.51,171969,0
2015-01-15,19:00:00,140.57,140.78,139.7,140,106250,0
2015-01-15,20:00:00,139.99,140.31,139.82,140.06,85892,0
2015-01-15,21:00:00,140.06,140.43,139.95,140.36,159566,0
2015-01-15,22:00:00,140.33,140.43,139.76,139.87,222143,0
2015-01-16,16:00:00,139.72,140.43,139.64,139.9,77887,0
2015-01-16,17:00:00,140.09,140.83,139.58,140.75,217471,0
2015-01-16,18:00:00,140.7,140.87,140.36,140.69,114131,0
2015-01-16,19:00:00,140.72,141.09,140.62,140.89,118088,0
2015-01-16,20:00:00,140.87,141.05,140.69,141.01,122485,0
2015-01-16,21:00:00,141.02,141.04,140.77,140.97,166225,0
2015-01-16,22:00:00,140.93,141.95,140.85,141.74,408534,0
2015-01-20,16:00:00,142.13,142.48,140.98,141.09,109439,0
2015-01-20,17:00:00,141.1,141.39,140.68,140.88,171320,0
2015-01-20,18:00:00,140.84,141.05,140.3,140.47,139142,0
2015-01-20,19:00:00,140.5,140.89,140.45,140.75,83500,0
2015-01-20,20:00:00,140.71,141.01,140.55,140.86,150811,0
2015-01-20,21:00:00,140.85,141.65,140.84,141.59,167830,0
2015-01-20,22:00:00,141.59,141.72,141.17,141.38,374003,0
2015-01-21,16:00:00,141.06,142.25,140.77,141.9,159196,0
2015-01-21,17:00:00,141.83,142.53,141.65,142.45,143936,0
2015-01-21,18:00:00,142.48,142.61,142,142.2,124083,0
2015-01-21,19:00:00,142.2,142.4,141.97,142.11,119282,0
2015-01-21,20:00:00,142.06,142.21,141.55,141.61,293180,0
2015-01-21,21:00:00,141.55,142.16,141.49,142.12,134259,0
2015-01-21,22:00:00,142.15,142.37,141.76,142.36,229805,0
2015-01-22,16:00:00,143.27,143.54,141.98,142.56,101052,0
2015-01-22,17:00:00,142.56,144.05,142.5,143.94,176057,0
2015-01-22,18:00:00,143.95,144.04,143.3,143.5,335107,0
2015-01-22,19:00:00,143.51,143.77,143.42,143.55,142057,0
2015-01-22,20:00:00,143.65,143.96,143.63,143.95,191168,0
2015-01-22,21:00:00,143.94,144.8,143.9,144.8,209573,0
2015-01-22,22:00:00,144.82,144.99,144.7,144.96,530365,0
2015-01-23,16:00:00,144.89,145.17,144.61,144.79,154965,0
2015-01-23,17:00:00,144.83,145.05,144.41,144.94,466135,0
2015-01-23,18:00:00,144.94,145.16,144.66,144.72,214111,0
2015-01-23,19:00:00,144.68,144.98,144.66,144.79,97637,0
2015-01-23,20:00:00,144.8,144.87,144.57,144.73,170965,0
2015-01-23,21:00:00,144.73,144.76,144.48,144.52,182994,0
2015-01-23,22:00:00,144.46,144.59,144.21,144.29,207208,0
2015-01-26,16:00:00,144.06,144.32,143.62,144.32,97190,0
2015-01-26,17:00:00,144.38,145.02,144.29,144.91,207920,0
2015-01-26,18:00:00,144.9,145.21,144.77,145.18,145460,0
2015-01-26,19:00:00,145.2,145.37,145.1,145.28,140856,0
2015-01-26,20:00:00,145.29,145.62,145.21,145.55,201132,0
2015-01-26,21:00:00,145.55,145.74,145.49,145.68,145386,0
2015-01-26,22:00:00,145.66,145.98,145.54,145.98,271980,0
2015-01-27,16:00:00,144.39,144.9,144.16,144.36,119288,0
2015-01-27,17:00:00,144.36,144.7,143.86,144.3,199779,0
2015-01-27,18:00:00,144.26,144.92,144.18,144.58,140235,0
2015-01-27,19:00:00,144.61,145.09,144.55,144.94,179140,0
2015-01-27,20:00:00,145.06,145.39,144.97,145.11,174303,0
2015-01-27,21:00:00,145.1,145.58,145.1,145.22,324574,0
2015-01-27,22:00:00,145.23,145.32,144.82,144.92,285907,0
2015-01-28,16:00:00,145.79,146,145.04,145.16,112631,0
2015-01-28,17:00:00,145.16,145.43,143.85,143.99,274531,0
2015-01-28,18:00:00,143.97,144.52,143.9,144.34,243332,0
2015-01-28,19:00:00,144.36,144.95,144.36,144.72,129803,0
2015-01-28,20:00:00,144.72,144.72,144.46,144.46,333556,0
2015-01-28,21:00:00,144.41,144.98,143.9,144.26,273152,0
2015-01-28,22:00:00,144.3,144.44,142.88,143.22,393038,0
2015-01-29,16:00:00,143.33,143.53,142.35,143.1,79330,0
2015-01-29,17:00:00,143.01,143.23,142.23,142.61,166247,0
2015-01-29,18:00:00,142.59,143,142.29,142.77,109785,0
2015-01-29,19:00:00,142.81,143,142.54,142.78,135565,0
2015-01-29,20:00:00,142.79,143.87,142.58,143.68,140760,0
2015-01-29,21:00:00,143.7,143.93,143.48,143.75,203879,0
2015-01-29,22:00:00,143.72,144.4,143.64,144.28,312824,0
2015-01-30,16:00:00,143.32,143.72,143.11,143.16,100488,0
2015-01-30,17:00:00,143.04,143.26,142.31,142.68,322371,0
2015-01-30,18:00:00,142.7,142.86,142.19,142.84,271062,0
2015-01-30,19:00:00,142.9,143.36,142.81,142.92,192920,0
2015-01-30,20:00:00,142.9,143.33,142.6,143.31,177910,0
2015-01-30,21:00:00,143.28,143.87,142.73,142.85,142417,0
2015-01-30,22:00:00,142.88,143.03,142.14,142.28,2063106,0
2015-02-02,16:00:00,143.05,143.11,141.49,141.55,171731,0
2015-02-02,17:00:00,141.48,141.87,140.71,141.67,422664,0
2015-02-02,18:00:00,141.71,142.84,141.62,142.5,202596,0
2015-02-02,19:00:00,142.52,142.55,141.81,141.9,523280,0
2015-02-02,20:00:00,141.91,142.16,141.4,141.41,158544,0
2015-02-02,21:00:00,141.39,142.25,141.39,141.94,481483,0
2015-02-02,22:00:00,141.95,143.57,141.89,143.52,1303318,0
2015-02-03,16:00:00,144.22,145.11,144.02,145.07,124160,0
2015-02-03,17:00:00,145.12,145.13,144.35,144.35,205725,0
2015-02-03,18:00:00,144.37,145.1,144.36,144.73,298526,0
2015-02-03,19:00:00,144.67,145.11,144.54,144.95,205343,0
2015-02-03,20:00:00,144.94,145.59,144.89,145.59,152743,0
2015-02-03,21:00:00,145.59,145.69,145.13,145.51,234734,0
2015-02-03,22:00:00,145.55,146.16,145.48,146.1,412100,0
2015-02-04,16:00:00,145.5,145.85,145.26,145.82,152429,0
2015-02-04,17:00:00,145.84,146.05,145.47,145.85,303499,0
2015-02-04,18:00:00,145.74,146.22,145.69,145.89,130019,0
2015-02-04,19:00:00,145.91,145.97,145.39,145.54,175346,0
2015-02-04,20:00:00,145.55,145.78,145.44,145.49,93902,0
2015-02-04,21:00:00,145.57,145.84,145.32,145.7,664011,0
2015-02-04,22:00:00,145.69,146.23,145.21,145.47,239095,0
2015-02-05,16:00:00,145.82,146.52,145.72,146.39,115541,0
2015-02-05,17:00:00,146.41,146.67,146.24,146.57,177467,0
2015-02-05,18:00:00,146.52,146.75,146.45,146.64,87349,0
2015-02-05,19:00:00,146.62,146.65,146.37,146.52,64636,0
2015-02-05,20:00:00,146.5,146.89,146.46,146.77,114471,0
2015-02-05,21:00:00,146.77,146.88,146.51,146.67,131220,0
2015-02-05,22:00:00,146.68,147.04,146.63,146.96,395209,0
2015-02-06,16:00:00,147.18,147.36,146.8,147,145152,0
2015-02-06,17:00:00,146.98,147.35,146.98,147.08,117705,0
2015-02-06,18:00:00,147.08,147.19,146.96,147.09,123207,0
2015-02-06,19:00:00,147.07,147.14,146.58,146.93,100834,0
2015-02-06,20:00:00,146.95,146.97,146.21,146.51,117355,0
2015-02-06,21:00:00,146.51,146.76,146.35,146.4,128293,0
2015-02-06,22:00:00,146.38,146.43,145.93,146.43,257651,0
2015-02-09,16:00:00,145.94,146.6,145.89,146.46,120234,0
2015-02-09,17:00:00,146.53,146.57,145.79,145.85,113383,0
2015-02-09,18:00:00,145.85,146.41,145.84,146.2,85913,0
2015-02-09,19:00:00,146.19,146.29,146.02,146.08,82318,0
2015-02-09,20:00:00,146.06,146.18,145.77,145.88,255388,0
2015-02-09,21:00:00,145.88,145.98,145.58,145.73,184038,0
2015-02-09,22:00:00,145.69,145.91,145.46,145.72,457959,0
2015-02-10,16:00:00,146.14,146.19,145.67,145.73,37947,0
2015-02-10,17:00:00,145.7,145.98,145.29,145.6,104314,0
2015-02-10,18:00:00,145.58,146.02,145.46,146.02,134839,0
2015-02-10,19:00:00,145.99,146.27,145.89,146.11,92954,0
2015-02-10,20:00:00,146.12,146.25,145.96,146.12,109490,0
2015-02-10,21:00:00,146.1,146.85,146.1,146.85,107171,0
2015-02-10,22:00:00,146.82,147.01,146.68,146.9,307792,0
2015-02-11,16:00:00,146.71,146.92,146.44,146.73,132482,0
2015-02-11,17:00:00,146.73,146.73,146.23,146.67,140132,0
2015-02-11,18:00:00,146.67,146.88,146.66,146.7,110388,0
2015-02-11,19:00:00,146.68,146.88,146.4,146.4,59097,0
2015-02-11,20:00:00,146.43,146.67,146.06,146.56,99111,0
2015-02-11,21:00:00,146.56,146.85,146.41,146.74,271397,0
2015-02-11,22:00:00,146.75,147.19,146.66,146.84,317753,0
2015-02-12,16:00:00,147.55,147.73,147.2,147.65,92689,0
2015-02-12,17:00:00,147.71,147.99,147.52,147.71,119840,0
2015-02-12,18:00:00,147.69,148.01,147.61,147.95,98451,0
2015-02-12,19:00:00,147.96,148.08,147.84,147.93,74887,0
2015-02-12,20:00:00,147.93,148.21,147.92,148.13,90565,0
2015-02-12,21:00:00,148.1,148.28,147.99,148.25,123209,0
2015-02-12,22:00:00,148.26,148.36,148.07,148.18,201172,0
2015-02-13,16:00:00,148.27,148.72,148.18,148.53,93528,0
2015-02-13,17:00:00,148.52,148.59,148.15,148.55,114566,0
2015-02-13,18:00:00,148.58,148.91,148.58,148.81,623391,0
2015-02-13,19:00:00,148.8,148.86,148.52,148.55,126703,0
2015-02-13,20:00:00,148.55,148.68,148.28,148.54,200160,0
2015-02-13,21:00:00,148.51,148.83,148.5,148.75,169392,0
2015-02-13,22:00:00,148.72,149.12,148.7,149.04,280948,0
2015-02-17,16:00:00,149.02,149.13,148.43,148.72,145401,0
2015-02-17,17:00:00,148.7,148.81,148.5,148.59,380179,0
2015-02-17,18:00:00,148.6,148.89,148.53,148.86,185106,0
2015-02-17,19:00:00,148.88,149.26,148.88,149.22,101879,0
2015-02-17,20:00:00,149.25,149.37,149.07,149.14,98024,0
2015-02-17,21:00:00,149.15,149.17,148.88,148.89,199059,0
2015-02-17,22:00:00,148.89,149.13,148.8,149.13,161625,0
2015-02-18,16:00:00,148.75,149.1,148.59,148.97,119204,0
2015-02-18,17:00:00,148.97,149.33,148.73,149.25,135235,0
2015-02-18,18:00:00,149.24,149.35,149.16,149.26,85756,0
2015-02-18,19:00:00,149.25,149.35,148.97,149.08,526782,0
2015-02-18,20:00:00,149.06,149.25,149.06,149.13,90435,0
2015-02-18,21:00:00,149.16,149.51,149.1,149.35,596454,0
2015-02-18,22:00:00,149.38,149.61,149.36,149.59,1637236,0
2015-02-19,16:00:00,149.12,149.28,148.9,149.25,90731,0
2015-02-19,17:00:00,149.28,149.53,149.11,149.42,107911,0
2015-02-19,18:00:00,149.46,149.72,149.33,149.65,131638,0
2015-02-19,19:00:00,149.65,149.7,149.38,149.48,115351,0
2015-02-19,20:00:00,149.49,149.57,149.35,149.54,103477,0
2015-02-19,21:00:00,149.57,149.61,149.32,149.49,126998,0
2015-02-19,22:00:00,149.48,149.56,149.25,149.36,226687,0
2015-02-20,16:00:00,149.17,149.44,148.52,148.62,158360,0
2015-02-20,17:00:00,148.57,149.59,148.44,149.54,283477,0
2015-02-20,18:00:00,149.55,149.7,149.41,149.56,198249,0
2015-02-20,19:00:00,149.57,149.93,149.54,149.73,123310,0
2015-02-20,20:00:00,149.77,150.11,149.73,150.08,120367,0
2015-02-20,21:00:00,150.06,150.18,149.97,150.16,208202,0
2015-02-20,22:00:00,150.17,150.52,150.17,150.48,379829,0
2015-02-23,16:00:00,150.24,150.3,149.58,149.69,212570,0
2015-02-23,17:00:00,149.81,149.94,149.67,149.79,135093,0
2015-02-23,18:00:00,149.81,150.16,149.8,150.1,108916,0
2015-02-23,19:00:00,150.12,150.16,149.81,149.89,122403,0
2015-02-23,20:00:00,149.89,150.2,149.87,150.04,103139,0
2015-02-23,21:00:00,150.04,150.16,149.84,149.93,123034,0
2015-02-23,22:00:00,149.89,150.47,149.76,150.47,255486,0
2015-02-24,16:00:00,150.38,150.54,150.11,150.24,153329,0
2015-02-24,17:00:00,150.18,150.69,149.97,150.46,122767,0
2015-02-24,18:00:00,150.49,150.66,150.24,150.31,137747,0
2015-02-24,19:00:00,150.22,150.45,150.06,150.27,113948,0
2015-02-24,20:00:00,150.23,150.38,150.13,150.38,213757,0
2015-02-24,21:00:00,150.38,150.48,150.25,150.47,294857,0
2015-02-24,22:00:00,150.47,150.74,150.45,150.65,239648,0
2015-02-25,16:00:00,150.47,150.6,150.3,150.48,116148,0
2015-02-25,17:00:00,150.54,150.78,150.49,150.73,112122,0
2015-02-25,18:00:00,150.75,150.84,150.63,150.69,121652,0
2015-02-25,19:00:00,150.69,150.87,150.68,150.76,132931,0
2015-02-25,20:00:00,150.76,150.89,150.68,150.8,144851,0
2015-02-25,21:00:00,150.82,150.87,150.17,150.31,127434,0
2015-02-25,22:00:00,150.33,150.52,150.13,150.47,248725,0
2015-02-26,16:00:00,150.47,150.51,149.92,149.93,41465,0
2015-02-26,17:00:00,149.87,150.29,149.85,150.24,98846,0
2015-02-26,18:00:00,150.23,150.53,150.2,150.36,115437,0
2015-02-26,19:00:00,150.36,150.46,150.15,150.4,104770,0
2015-02-26,20:00:00,150.4,150.41,150.15,150.29,135090,0
2015-02-26,21:00:00,150.29,150.34,149.9,149.91,110769,0
2015-02-26,22:00:00,149.87,150.2,149.67,150.19,244645,0
2015-02-27,16:00:00,150.06,150.16,149.72,149.78,58222,0
2015-02-27,17:00:00,149.8,150.13,149.73,150.08,104709,0
2015-02-27,18:00:00,150.09,150.13,149.91,150.11,169172,0
2015-02-27,19:00:00,150.09,150.28,150.07,150.11,78880,0
2015-02-27,20:00:00,150.11,150.11,149.87,149.98,164216,0
2015-02-27,21:00:00,149.96,150.06,149.76,149.8,116821,0
2015-02-27,22:00:00,149.82,149.91,149.51,149.52,401643,0
2015-03-02,16:00:00,149.61,150.11,149.57,150.05,49006,0
2015-03-02,17:00:00,150.11,150.63,150.06,150.38,108620,0
2015-03-02,18:00:00,150.41,150.43,150.21,150.24,62649,0
2015-03-02,19:00:00,150.25,150.26,149.83,150.01,80037,0
2015-03-02,20:00:00,149.98,150.29,149.98,150.29,87303,0
2015-03-02,21:00:00,150.3,150.35,150.09,150.23,126897,0
2015-03-02,22:00:00,150.23,150.72,150.18,150.68,163610,0
2015-03-03,16:00:00,150.27,150.46,149.6,149.91,44282,0
2015-03-03,17:00:00,149.85,150.07,149.8,149.84,115231,0
2015-03-03,18:00:00,149.81,149.86,149.38,149.5,123976,0
2015-03-03,19:00:00,149.47,149.73,149.31,149.71,58103,0
2015-03-03,20:00:00,149.73,149.75,149.56,149.6,53840,0
2015-03-03,21:00:00,149.59,149.96,149.59,149.9,151077,0
2015-03-03,22:00:00,149.89,150.03,149.8,149.93,224241,0
2015-03-04,16:00:00,149.38,149.5,148.72,148.94,90535,0
2015-03-04,17:00:00,148.98,149.09,148.62,148.84,134945,0
2015-03-04,18:00:00,148.83,149.4,148.83,149.13,98648,0
2015-03-04,19:00:00,149.11,149.4,149.07,149.23,60085,0
2015-03-04,20:00:00,149.25,149.35,149.01,149.04,102246,0
2015-03-04,21:00:00,149.06,149.29,149,149.28,201070,0
2015-03-04,22:00:00,149.28,149.34,149.08,149.3,166824,0
2015-03-05,16:00:00,149.52,149.55,148.99,149.3,65577,0
2015-03-05,17:00:00,149.32,149.66,149.24,149.58,52409,0
2015-03-05,18:00:00,149.57,149.57,149.21,149.45,61356,0
2015-03-05,19:00:00,149.43,149.45,148.98,149,45117,0
2015-03-05,20:00:00,148.98,149.35,148.98,149.35,68401,0
2015-03-05,21:00:00,149.33,149.57,149.33,149.52,280439,0
2015-03-05,22:00:00,149.53,149.57,149.37,149.43,132094,0
2015-03-06,16:00:00,148.66,149.16,148.66,148.94,63462,0
2015-03-06,17:00:00,148.91,149.02,148.56,148.56,34303,0
2015-03-06,18:00:00,148.57,148.57,147.68,147.77,66736,0
2015-03-06,19:00:00,147.8,147.89,147.55,147.69,52945,0
2015-03-06,20:00:00,147.7,147.82,147.51,147.64,51948,0
2015-03-06,21:00:00,147.62,147.86,147.48,147.49,82174,0
2015-03-06,22:00:00,147.49,147.77,147.37,147.67,140754,0
2015-03-09,15:00:00,147.92,148.26,147.92,148.12,60112,0
2015-03-09,16:00:00,148.13,148.2,147.93,148.1,91672,0
2015-03-09,17:00:00,148.07,148.15,147.95,148.05,144541,0
2015-03-09,18:00:00,148.05,148.19,147.9,148.15,66837,0
2015-03-09,19:00:00,148.16,148.45,148.07,148.36,152561,0
2015-03-09,20:00:00,148.38,148.41,148.21,148.36,116378,0
2015-03-09,21:00:00,148.36,148.45,148.15,148.23,159144,0
2015-03-10,15:00:00,146.93,147.13,146.52,146.66,232520,0
2015-03-10,16:00:00,146.64,146.85,146.3,146.79,110035,0
2015-03-10,17:00:00,146.76,147.13,146.41,146.41,165818,0
2015-03-10,18:00:00,146.38,146.67,146.33,146.59,141674,0
2015-03-10,19:00:00,146.58,146.8,146.55,146.73,48094,0
2015-03-10,20:00:00,146.71,146.8,146.46,146.58,69547,0
2015-03-10,21:00:00,146.59,146.74,146.26,146.35,159653,0
2015-03-11,15:00:00,146.69,146.71,146.23,146.61,37065,0
2015-03-11,16:00:00,146.6,146.78,146.12,146.29,63289,0
2015-03-11,17:00:00,146.34,146.78,146.31,146.67,40719,0
2015-03-11,18:00:00,146.7,146.95,146.6,146.87,62310,0
2015-03-11,19:00:00,146.89,147,146.57,146.76,42719,0
2015-03-11,20:00:00,146.75,147.43,146.71,147.42,152320,0
2015-03-11,21:00:00,147.41,147.43,147.03,147.42,452694,0
2015-03-12,15:00:00,148.06,148.95,148.03,148.57,80948,0
2015-03-12,16:00:00,148.52,148.71,148.21,148.43,141723,0
2015-03-12,17:00:00,148.46,148.82,148.38,148.59,62423,0
2015-03-12,18:00:00,148.58,148.71,148.5,148.63,60175,0
2015-03-12,19:00:00,148.61,148.7,148.51,148.66,38464,0
2015-03-12,20:00:00,148.64,148.88,148.55,148.84,60126,0
2015-03-12,21:00:00,148.86,149.24,148.86,149.05,168655,0
2015-03-13,15:00:00,148.74,148.81,148.23,148.54,67700,0
2015-03-13,16:00:00,148.53,148.56,147.71,147.72,79608,0
2015-03-13,17:00:00,147.65,147.91,147.15,147.37,102114,0
2015-03-13,18:00:00,147.35,147.88,147.2,147.86,230772,0
2015-03-13,19:00:00,147.77,147.85,147.48,147.75,134906,0
2015-03-13,20:00:00,147.77,147.81,147.58,147.8,134493,0
2015-03-13,21:00:00,147.81,148.42,147.71,148.15,358187,0
2015-03-16,15:00:00,148.77,149.49,148.67,149.41,80941,0
2015-03-16,16:00:00,149.42,149.72,149.37,149.51,125486,0
2015-03-16,17:00:00,149.53,149.76,149.53,149.69,43239,0
2015-03-16,18:00:00,149.7,149.72,149.45,149.56,163541,0
2015-03-16,19:00:00,149.56,149.86,149.41,149.79,58452,0
2015-03-16,20:00:00,149.82,149.93,149.75,149.89,123334,0
2015-03-16,21:00:00,149.91,149.98,149.79,149.87,352430,0
2015-03-17,15:00:00,149.43,149.74,149.26,149.52,51106,0
2015-03-17,16:00:00,149.53,149.85,149.44,149.74,85181,0
2015-03-17,17:00:00,149.73,149.75,149.38,149.62,116667,0
2015-03-17,18:00:00,149.62,149.83,149.45,149.83,59547,0
2015-03-17,19:00:00,149.8,150.04,149.76,150,98150,0
2015-03-17,20:00:00,149.97,150.08,149.8,150.03,87960,0
2015-03-17,21:00:00,150.03,150.27,149.93,150.18,208584,0
2015-03-18,15:00:00,149.83,149.9,149.53,149.8,90187,0
2015-03-18,16:00:00,149.77,150.13,149.76,150.07,62676,0
2015-03-18,17:00:00,150.09,150.13,149.81,150.11,162399,0
2015-03-18,18:00:00,150.11,150.15,149.89,149.94,90297,0
2015-03-18,19:00:00,149.93,150.09,149.56,149.99,55555,0
2015-03-18,20:00:00,150.1,151.79,150.1,151.63,180205,0
2015-03-18,21:00:00,151.66,152.35,151.6,151.69,191022,0
2015-03-19,15:00:00,151.4,151.49,151.1,151.49,65689,0
2015-03-19,16:00:00,151.42,151.62,151.27,151.47,59215,0
2015-03-19,17:00:00,151.48,151.48,150.88,150.99,58094,0
2015-03-19,18:00:00,150.97,151.06,150.86,150.93,43935,0
2015-03-19,19:00:00,150.9,151.32,150.89,151.14,54580,0
2015-03-19,20:00:00,151.15,151.43,151.14,151.43,100311,0
2015-03-19,21:00:00,151.43,151.48,151.27,151.28,86246,0
2015-03-20,15:00:00,151.95,152.11,151.73,151.88,36615,0
2015-03-20,16:00:00,151.91,152.37,151.86,152.31,96950,0
2015-03-20,17:00:00,152.31,152.66,152.31,152.63,54434,0
2015-03-20,18:00:00,152.62,152.84,152.57,152.82,60087,0
2015-03-20,19:00:00,152.8,152.89,152.76,152.86,104166,0
2015-03-20,20:00:00,152.86,152.9,152.72,152.81,72571,0
2015-03-20,21:00:00,152.84,153.19,152.61,152.74,197094,0
2015-03-23,15:00:00,153,153.23,152.94,152.98,57868,0
2015-03-23,16:00:00,152.99,153.27,152.99,153.19,42100,0
2015-03-23,17:00:00,153.18,153.27,153.02,153.11,64648,0
2015-03-23,18:00:00,153.1,153.24,153,153.12,96897,0
2015-03-23,19:00:00,153.13,153.21,153.09,153.13,126167,0
2015-03-23,20:00:00,153.13,153.3,153.13,153.17,200550,0
2015-03-23,21:00:00,153.17,153.21,152.77,152.82,227685,0
2015-03-24,15:00:00,152.75,152.78,152.22,152.5,40231,0
2015-03-24,16:00:00,152.54,152.78,152.39,152.54,176810,0
2015-03-24,17:00:00,152.54,152.78,152.47,152.68,51682,0
2015-03-24,18:00:00,152.6,152.7,152.3,152.37,48141,0
2015-03-24,19:00:00,152.31,152.41,152.09,152.33,46477,0
2015-03-24,20:00:00,152.3,152.36,152.08,152.25,188522,0
2015-03-24,21:00:00,152.24,152.51,152.08,152.09,624723,0
2015-03-25,15:00:00,152.35,152.52,151.72,151.93,69117,0
2015-03-25,16:00:00,151.94,152.22,151.76,151.92,125951,0
2015-03-25,17:00:00,151.99,152.01,150.85,150.91,72903,0
2015-03-25,18:00:00,150.87,150.93,150.33,150.64,109483,0
2015-03-25,19:00:00,150.61,150.62,150.17,150.48,69275,0
2015-03-25,20:00:00,150.43,150.53,150.28,150.34,122118,0
2015-03-25,21:00:00,150.32,150.32,149.58,149.63,284225,0
2015-03-26,15:00:00,148.89,149.31,148.84,148.91,367015,0
2015-03-26,16:00:00,148.95,149.12,148.46,149.05,310066,0
2015-03-26,17:00:00,149.07,149.45,148.72,149.45,45613,0
2015-03-26,18:00:00,149.44,149.46,149.06,149.38,42786,0
2015-03-26,19:00:00,149.4,149.81,149.12,149.72,67738,0
2015-03-26,20:00:00,149.74,149.74,149.21,149.21,83022,0
2015-03-26,21:00:00,149.21,149.5,149.13,149.26,177750,0
2015-03-27,15:00:00,149.24,149.6,149.22,149.59,40510,0
2015-03-27,16:00:00,149.64,149.76,148.98,149.51,44890,0
2015-03-27,17:00:00,149.51,149.57,149.15,149.34,68298,0
2015-03-27,18:00:00,149.34,149.62,149.29,149.62,58234,0
2015-03-27,19:00:00,149.61,149.65,149.44,149.62,44487,0
2015-03-27,20:00:00,149.62,149.72,149.55,149.71,193455,0
2015-03-27,21:00:00,149.71,150.04,149.71,149.96,125488,0
2015-03-30,16:00:00,150.82,151.48,150.8,151.41,45939,0
2015-03-30,17:00:00,151.42,151.63,151.22,151.48,102970,0
2015-03-30,18:00:00,151.48,151.51,151.32,151.49,112718,0
2015-03-30,19:00:00,151.49,151.91,151.47,151.9,134618,0
2015-03-30,20:00:00,151.9,152.16,151.89,152.07,198523,0
2015-03-30,21:00:00,152.07,152.27,152.07,152.27,306376,0
2015-03-30,22:00:00,152.28,152.3,152.01,152.01,502667,0
2015-03-31,16:00:00,151.49,151.63,151.14,151.62,259230,0
2015-03-31,17:00:00,151.62,151.8,151.59,151.67,103536,0
2015-03-31,18:00:00,151.65,151.99,151.44,151.46,130128,0
2015-03-31,19:00:00,151.46,151.69,151.33,151.67,78188,0
2015-03-31,20:00:00,151.68,151.86,151.58,151.61,137885,0
2015-03-31,21:00:00,151.61,151.74,151.54,151.72,107435,0
2015-03-31,22:00:00,151.71,151.71,151.05,151.52,296587,0
2015-04-01,16:00:00,151.52,151.54,150.02,150.23,149485,0
2015-04-01,17:00:00,150.23,151.13,150.08,150.95,154350,0
2015-04-01,18:00:00,151,151.19,150.61,150.65,198805,0
2015-04-01,19:00:00,150.65,150.72,150.2,150.47,162482,0
2015-04-01,20:00:00,150.47,150.95,150.33,150.8,135839,0
2015-04-01,21:00:00,150.81,150.87,150.41,150.61,335853,0
2015-04-01,22:00:00,150.61,151.04,150.4,151.01,519866,0
2015-04-02,16:00:00,151.02,152.1,150.87,152,74602,0
2015-04-02,17:00:00,152,152.21,151.8,151.82,140987,0
2015-04-02,18:00:00,151.82,152,151.56,151.63,105468,0
2015-04-02,19:00:00,151.63,151.67,151.33,151.53,58328,0
2015-04-02,20:00:00,151.54,151.76,151.45,151.58,85573,0
2015-04-02,21:00:00,151.56,151.75,151.28,151.4,113174,0
2015-04-02,22:00:00,151.39,151.68,151.36,151.54,187506,0
2015-04-06,16:00:00,150.88,152.14,150.76,151.96,72591,0
2015-04-06,17:00:00,152.07,152.53,151.9,152.41,168607,0
2015-04-06,18:00:00,152.41,152.56,152.32,152.53,178374,0
2015-04-06,19:00:00,152.53,152.78,152.53,152.74,221602,0
2015-04-06,20:00:00,152.74,152.87,152.72,152.86,218824,0
2015-04-06,21:00:00,152.87,152.96,152.79,152.85,134383,0
2015-04-06,22:00:00,152.85,152.93,152.54,152.91,415519,0
2015-04-07,16:00:00,152.71,152.91,152.48,152.57,61028,0
2015-04-07,17:00:00,152.57,152.89,152.28,152.66,147911,0
2015-04-07,18:00:00,152.64,152.65,152.42,152.51,59161,0
2015-04-07,19:00:00,152.51,152.61,152.44,152.51,42526,0
2015-04-07,20:00:00,152.51,152.55,152.16,152.23,75299,0
2015-04-07,21:00:00,152.23,152.32,152.09,152.1,234750,0
2015-04-07,22:00:00,152.1,152.1,151.54,151.54,176390,0
2015-04-08,16:00:00,151.63,152.41,151.62,152.18,88775,0
2015-04-08,17:00:00,152.18,152.29,151.3,151.77,144851,0
2015-04-08,18:00:00,151.74,152.25,151.65,152.13,74824,0
2015-04-08,19:00:00,152.16,152.17,151.97,152.13,47412,0
2015-04-08,20:00:00,152.13,152.16,151.97,152.13,152010,0
2015-04-08,21:00:00,152.14,152.53,151.69,152.09,236728,0
2015-04-08,22:00:00,152.09,152.34,152.06,152.34,140291,0
2015-04-09,16:00:00,152.25,152.8,151.98,152.05,77624,0
2015-04-09,17:00:00,152.09,152.28,151.58,151.79,71834,0
2015-04-09,18:00:00,151.79,151.89,151.38,151.77,100765,0
2015-04-09,19:00:00,151.77,152.18,151.73,152.16,116005,0
2015-04-09,20:00:00,152.17,152.21,151.89,151.92,106086,0
2015-04-09,21:00:00,151.92,151.98,151.78,151.91,81332,0
2015-04-09,22:00:00,151.91,152.33,151.91,152.33,232855,0
2015-04-10,16:00:00,152.61,152.8,152.37,152.41,71270,0
2015-04-10,17:00:00,152.41,152.87,152.34,152.81,331281,0
2015-04-10,18:00:00,152.8,152.93,152.78,152.79,414380,0
2015-04-10,19:00:00,152.79,152.84,152.65,152.69,159080,0
2015-04-10,20:00:00,152.69,152.72,152.56,152.59,82444,0
2015-04-10,21:00:00,152.56,152.62,152.47,152.54,92887,0
2015-04-10,22:00:00,152.54,152.67,152.37,152.62,193128,0
2015-04-13,16:00:00,152.63,152.83,152.54,152.81,57159,0
2015-04-13,17:00:00,152.83,153.01,152.72,152.75,56133,0
2015-04-13,18:00:00,152.75,152.99,152.75,152.86,55337,0
2015-04-13,19:00:00,152.86,152.89,152.68,152.76,58294,0
2015-04-13,20:00:00,152.76,152.77,152.3,152.46,62906,0
2015-04-13,21:00:00,152.46,152.53,152.28,152.36,80951,0
2015-04-13,22:00:00,152.36,152.43,152.11,152.11,304306,0
2015-04-14,16:00:00,152.21,152.53,151.64,151.67,68015,0
2015-04-14,17:00:00,151.65,151.68,151.2,151.56,79479,0
2015-04-14,18:00:00,151.56,152.15,151.46,152.09,57630,0
2015-04-14,19:00:00,152.1,152.37,152.08,152.18,56734,0
2015-04-14,20:00:00,152.2,152.21,152.08,152.11,35319,0
2015-04-14,21:00:00,152.11,152.19,151.97,152.14,64669,0
2015-04-14,22:00:00,152.12,152.31,152.12,152.25,549784,0
2015-04-15,16:00:00,152.81,153.14,152.63,152.98,49377,0
2015-04-15,17:00:00,152.99,153.23,152.82,153.17,87206,0
2015-04-15,18:00:00,153.17,153.19,152.98,153.16,81345,0
2015-04-15,19:00:00,153.16,153.28,153.03,153.27,64690,0
2015-04-15,20:00:00,153.27,153.54,153.19,153.38,76417,0
2015-04-15,21:00:00,153.38,153.48,153.26,153.32,89715,0
2015-04-15,22:00:00,153.32,153.38,152.92,152.98,106691,0
2015-04-16,16:00:00,152.71,152.8,152.06,152.21,101827,0
2015-04-16,17:00:00,152.17,152.51,152.1,152.44,85210,0
2015-04-16,18:00:00,152.44,152.64,152.37,152.42,121600,0
2015-04-16,19:00:00,152.41,152.59,152.4,152.57,377707,0
2015-04-16,20:00:00,152.57,153,152.55,152.92,205903,0
2015-04-16,21:00:00,152.92,152.95,152.71,152.71,351449,0
2015-04-16,22:00:00,152.72,152.76,152.47,152.54,2309688,0
2015-04-17,16:00:00,151.43,151.64,150.9,151.04,152399,0
2015-04-17,17:00:00,150.99,151.04,150.45,150.51,108847,0
2015-04-17,18:00:00,150.49,150.91,150.26,150.71,178676,0
2015-04-17,19:00:00,150.7,150.88,150.59,150.77,189163,0
2015-04-17,20:00:00,150.82,150.96,150.44,150.48,100984,0
2015-04-17,21:00:00,150.48,150.55,150.18,150.34,180610,0
2015-04-17,22:00:00,150.35,151.43,150.33,150.76,158120,0
2015-04-20,16:00:00,151.68,152.07,151.53,151.87,130734,0
2015-04-20,17:00:00,151.96,152.03,151.55,151.97,204752,0
2015-04-20,18:00:00,151.98,152.31,151.98,152.19,85749,0
2015-04-20,19:00:00,152.19,152.3,152.08,152.12,55374,0
2015-04-20,20:00:00,152.15,152.18,151.96,151.99,83425,0
2015-04-20,21:00:00,151.99,152.11,151.94,152.03,95296,0
2015-04-20,22:00:00,152.02,152.22,151.97,152.02,145562,0
2015-04-21,16:00:00,152.56,152.79,152.1,152.1,83285,0
2015-04-21,17:00:00,152.13,152.32,151.96,152.29,95633,0
2015-04-21,18:00:00,152.29,152.48,151.91,151.98,112507,0
2015-04-21,19:00:00,151.96,152.18,151.91,152.07,47701,0
2015-04-21,20:00:00,152.07,152.25,151.97,152.02,77866,0
2015-04-21,21:00:00,152,152.23,151.87,152.21,90640,0
2015-04-21,22:00:00,152.22,152.23,151.98,152.02,111220,0
2015-04-22,16:00:00,152.16,152.19,151.47,151.58,41928,0
2015-04-22,17:00:00,151.61,152.12,151.24,152.05,85726,0
2015-04-22,18:00:00,152.06,152.16,151.95,152.08,80756,0
2015-04-22,19:00:00,152.09,152.19,151.88,152.15,70837,0
2015-04-22,20:00:00,152.16,152.3,152.06,152.24,58769,0
2015-04-22,21:00:00,152.22,152.41,152.2,152.29,67578,0
2015-04-22,22:00:00,152.31,152.53,152.28,152.51,114477,0
2015-04-23,16:00:00,152.37,152.89,152.29,152.89,57700,0
2015-04-23,17:00:00,152.9,152.93,152.39,152.56,65121,0
2015-04-23,18:00:00,152.54,153.13,152.54,153.05,75835,0
2015-04-23,19:00:00,153.05,153.39,152.97,153.38,81408,0
2015-04-23,20:00:00,153.38,153.45,153.31,153.43,54213,0
2015-04-23,21:00:00,153.45,153.51,153.31,153.35,198281,0
2015-04-23,22:00:00,153.36,153.57,153.2,153.24,130633,0
2015-04-24,16:00:00,153.46,153.46,152.69,152.86,62335,0
2015-04-24,17:00:00,152.88,152.89,152.56,152.86,62950,0
2015-04-24,18:00:00,152.85,152.93,152.79,152.8,69098,0
2015-04-24,19:00:00,152.81,152.83,152.58,152.67,64698,0
2015-04-24,20:00:00,152.65,152.82,152.57,152.8,69929,0
2015-04-24,21:00:00,152.79,152.83,152.56,152.59,83709,0
2015-04-24,22:00:00,152.58,152.65,152.46,152.6,110887,0
2015-04-27,16:00:00,153,153.06,152.5,153.06,107031,0
2015-04-27,17:00:00,153.05,153.15,152.27,152.35,121034,0
2015-04-27,18:00:00,152.33,152.56,152.13,152.2,100300,0
2015-04-27,19:00:00,152.2,152.25,151.45,151.51,120671,0
2015-04-27,20:00:00,151.49,151.61,151.2,151.51,109379,0
2015-04-27,21:00:00,151.52,151.62,151.36,151.57,60432,0
2015-04-27,22:00:00,151.57,151.65,151.17,151.37,142643,0
2015-04-28,16:00:00,151.31,151.44,151.13,151.21,86240,0
2015-04-28,17:00:00,151.24,151.48,150.28,151.36,167729,0
2015-04-28,18:00:00,151.37,151.96,151.37,151.78,85095,0
2015-04-28,19:00:00,151.78,152.02,151.63,151.86,57195,0
2015-04-28,20:00:00,151.85,152,151.82,151.96,231974,0
2015-04-28,21:00:00,151.93,151.94,151.66,151.83,68533,0
2015-04-28,22:00:00,151.84,151.96,151.69,151.95,145694,0
2015-04-29,16:00:00,151.12,151.61,151.04,151.07,170839,0
2015-04-29,17:00:00,151.13,151.16,150.71,151.13,87611,0
2015-04-29,18:00:00,151.09,151.34,151,151.13,127492,0
2015-04-29,19:00:00,151.14,151.16,150.52,150.77,123962,0
2015-04-29,20:00:00,150.74,151.15,150.55,151,89206,0
2015-04-29,21:00:00,150.99,151.56,150.82,151.22,150190,0
2015-04-29,22:00:00,151.25,151.33,150.96,151.08,134867,0
2015-04-30,16:00:00,150.65,150.79,149.88,149.88,76026,0
2015-04-30,17:00:00,149.86,150.06,149.55,149.95,95338,0
2015-04-30,18:00:00,149.96,150.71,149.96,150.24,113440,0
2015-04-30,19:00:00,150.24,150.41,150.09,150.3,68812,0
2015-04-30,20:00:00,150.31,150.47,150.14,150.28,70761,0
2015-04-30,21:00:00,150.2,150.25,149.28,149.28,202960,0
2015-04-30,22:00:00,149.26,149.46,148.82,149.36,284134,0
2015-05-01,16:00:00,149.69,150.45,149.68,150.25,64829,0
2015-05-01,17:00:00,150.08,150.74,149.99,150.22,160368,0
2015-05-01,18:00:00,150.29,150.5,149.68,150.08,167868,0
2015-05-01,19:00:00,150.08,150.32,149.79,150.31,84058,0
2015-05-01,20:00:00,150.33,150.73,150.22,150.64,122748,0
2015-05-01,21:00:00,150.64,150.82,150.56,150.63,118585,0
2015-05-01,22:00:00,150.6,150.74,150.5,150.5,264547,0
2015-05-04,16:00:00,150.87,151.52,150.66,151.49,73145,0
2015-05-04,17:00:00,151.58,151.7,151.1,151.18,111443,0
2015-05-04,18:00:00,151.18,151.39,151.16,151.38,125153,0
2015-05-04,19:00:00,151.35,151.4,151.1,151.19,72075,0
2015-05-04,20:00:00,151.19,151.31,150.95,151.31,73685,0
2015-05-04,21:00:00,151.3,151.49,151.22,151.29,87740,0
2015-05-04,22:00:00,151.29,151.38,151.07,151.07,241843,0
2015-05-05,16:00:00,151.07,151.46,150.66,150.66,59247,0
2015-05-05,17:00:00,150.63,150.66,150.17,150.25,150876,0
2015-05-05,18:00:00,150.21,150.33,149.64,149.85,175335,0
2015-05-05,19:00:00,149.89,150.02,149.73,149.73,68187,0
2015-05-05,20:00:00,149.71,149.75,149.2,149.4,119235,0
2015-05-05,21:00:00,149.36,149.42,148.97,149.04,176134,0
2015-05-05,22:00:00,149.06,149.4,148.96,149.26,160232,0
2015-05-06,16:00:00,149.74,149.97,148.72,149.05,93889,0
2015-05-06,17:00:00,149,149.41,148.64,149.27,136373,0
2015-05-06,18:00:00,149.27,149.3,148.83,149.13,48131,0
2015-05-06,19:00:00,149.23,149.23,148.95,149,98209,0
2015-05-06,20:00:00,149.03,149.15,148.67,148.81,99676,0
2015-05-06,21:00:00,148.79,148.9,148.44,148.65,97730,0
2015-05-06,22:00:00,148.63,149.27,148.57,149.27,106763,0
2015-05-07,16:00:00,149.3,149.58,148.78,148.86,73365,0
2015-05-07,17:00:00,148.87,149.61,148.79,149.53,91056,0
2015-05-07,18:00:00,149.56,149.89,149.45,149.57,70454,0
2015-05-07,19:00:00,149.58,150.23,149.56,150.03,52322,0
2015-05-07,20:00:00,150.09,150.12,149.74,149.75,70139,0
2015-05-07,21:00:00,149.78,149.96,149.72,149.81,61713,0
2015-05-07,22:00:00,149.84,149.92,149.55,149.77,165584,0
2015-05-08,16:00:00,151.06,151.54,151.04,151.52,63509,0
2015-05-08,17:00:00,151.53,151.72,151.25,151.47,70008,0
2015-05-08,18:00:00,151.48,151.61,151.37,151.59,62237,0
2015-05-08,19:00:00,151.61,151.66,151.24,151.32,41878,0
2015-05-08,20:00:00,151.27,151.39,151,151.05,40854,0
2015-05-08,21:00:00,151.03,151.15,151,151.13,48439,0
2015-05-08,22:00:00,151.14,151.28,151.09,151.15,122685,0
2015-05-11,16:00:00,151,151.56,150.48,151.31,103058,0
2015-05-11,17:00:00,151.35,151.55,150.95,151.36,66302,0
2015-05-11,18:00:00,151.34,151.64,151.2,151.59,61346,0
2015-05-11,19:00:00,151.6,151.62,151.21,151.37,49005,0
2015-05-11,20:00:00,151.36,151.52,151.35,151.36,29987,0
2015-05-11,21:00:00,151.33,151.45,150.99,151.01,140018,0
2015-05-11,22:00:00,150.99,151.33,150.86,151.05,129360,0
2015-05-12,16:00:00,150.4,150.4,149.2,149.49,135058,0
2015-05-12,17:00:00,149.48,150.66,149.38,150.41,90537,0
2015-05-12,18:00:00,150.43,150.81,150.36,150.53,45564,0
2015-05-12,19:00:00,150.52,150.74,150.24,150.62,47821,0
2015-05-12,20:00:00,150.68,150.97,150.53,150.72,77194,0
2015-05-12,21:00:00,150.75,151.12,150.69,150.8,63846,0
2015-05-12,22:00:00,150.79,150.98,150.7,150.7,157237,0
2015-05-13,16:00:00,151.24,151.57,150.87,151.17,118946,0
2015-05-13,17:00:00,151.08,151.35,150.7,150.72,57243,0
2015-05-13,18:00:00,150.73,151.07,150.54,150.97,53120,0
2015-05-13,19:00:00,150.96,151.2,150.86,151.16,43978,0
2015-05-13,20:00:00,151.18,151.45,151.18,151.31,58486,0
2015-05-13,21:00:00,151.32,151.32,150.91,150.94,51498,0
2015-05-13,22:00:00,150.97,151.09,150.79,150.99,118068,0
2015-05-14,16:00:00,151.79,151.86,151.28,151.38,53313,0
2015-05-14,17:00:00,151.42,151.98,151.31,151.9,43576,0
2015-05-14,18:00:00,151.89,152.04,151.73,151.88,37566,0
2015-05-14,19:00:00,151.9,152.3,151.88,152.28,29874,0
2015-05-14,20:00:00,152.28,152.45,152.18,152.37,65882,0
2015-05-14,21:00:00,152.38,152.46,152.36,152.46,42708,0
2015-05-14,22:00:00,152.45,152.58,152.33,152.52,80248,0
2015-05-15,16:00:00,152.56,152.64,152.08,152.26,53350,0
2015-05-15,17:00:00,152.25,152.49,151.86,152.37,57334,0
2015-05-15,18:00:00,152.37,152.47,152.15,152.22,28374,0
2015-05-15,19:00:00,152.25,152.3,152.14,152.27,22787,0
2015-05-15,20:00:00,152.27,152.33,152.2,152.24,50578,0
2015-05-15,21:00:00,152.24,152.39,152.15,152.37,64969,0
2015-05-15,22:00:00,152.36,152.46,152.36,152.44,106787,0
2015-05-18,16:00:00,152.29,152.6,152.05,152.53,68382,0
2015-05-18,17:00:00,152.55,152.63,152.31,152.41,94909,0
2015-05-18,18:00:00,152.46,153.14,152.44,153.14,93475,0
2015-05-18,19:00:00,153.15,153.26,153.01,153.11,63569,0
2015-05-18,20:00:00,153.14,153.52,153.12,153.5,75997,0
2015-05-18,21:00:00,153.53,153.69,153.51,153.67,63479,0
2015-05-18,22:00:00,153.69,153.81,153.62,153.65,74119,0
2015-05-19,16:00:00,153.84,153.87,153.33,153.34,52391,0
2015-05-19,17:00:00,153.36,153.47,153.16,153.2,61843,0
2015-05-19,18:00:00,153.23,153.44,153.13,153.32,66838,0
2015-05-19,19:00:00,153.3,153.44,153.3,153.4,36027,0
2015-05-19,20:00:00,153.41,153.69,153.4,153.62,26878,0
2015-05-19,21:00:00,153.64,153.64,153.36,153.43,40660,0
2015-05-19,22:00:00,153.42,153.46,153.14,153.46,65042,0
2015-05-20,16:00:00,153.61,153.67,153.09,153.22,41194,0
2015-05-20,17:00:00,153.16,153.58,153.09,153.47,45815,0
2015-05-20,18:00:00,153.46,153.47,153.19,153.35,28454,0
2015-05-20,19:00:00,153.31,153.55,153.29,153.52,24568,0
2015-05-20,20:00:00,153.51,153.52,153.37,153.43,26978,0
2015-05-20,21:00:00,153.54,153.98,153.5,153.72,117976,0
2015-05-20,22:00:00,153.73,153.78,153.34,153.47,47173,0
2015-05-21,16:00:00,153.39,153.69,153.04,153.47,39444,0
2015-05-21,17:00:00,153.44,153.9,153.42,153.78,37920,0
2015-05-21,18:00:00,153.82,153.94,153.58,153.67,59799,0
2015-05-21,19:00:00,153.67,153.76,153.55,153.64,60270,0
2015-05-21,20:00:00,153.62,153.65,153.27,153.35,48118,0
2015-05-21,21:00:00,153.32,153.62,153.31,153.58,91085,0
2015-05-21,22:00:00,153.58,153.84,153.47,153.64,65904,0
2015-05-22,16:00:00,153.36,153.78,153.3,153.73,34649,0
2015-05-22,17:00:00,153.76,153.83,153.48,153.73,55942,0
2015-05-22,18:00:00,153.75,153.75,153.24,153.53,75700,0
2015-05-22,19:00:00,153.54,153.64,153.45,153.58,50116,0
2015-05-22,20:00:00,153.54,153.76,153.45,153.62,69734,0
2015-05-22,21:00:00,153.64,153.7,153.45,153.62,50389,0
2015-05-22,22:00:00,153.62,153.79,153.48,153.5,66506,0
2015-05-26,16:00:00,153.08,153.12,152.16,152.17,93198,0
2015-05-26,17:00:00,152.16,152.27,151.72,151.75,71593,0
2015-05-26,18:00:00,151.76,151.93,151.53,151.8,97075,0
2015-05-26,19:00:00,151.83,151.99,151.71,151.77,81195,0
2015-05-26,20:00:00,151.78,151.88,151.55,151.56,116491,0
2015-05-26,21:00:00,151.57,151.78,151.52,151.57,85349,0
2015-05-26,22:00:00,151.55,151.94,151.55,151.8,60741,0
2015-05-27,16:00:00,152.1,152.69,151.78,152.44,65105,0
2015-05-27,17:00:00,152.53,152.55,152.05,152.23,136727,0
2015-05-27,18:00:00,152.21,152.6,152.2,152.57,57731,0
2015-05-27,19:00:00,152.57,152.74,152.56,152.68,61390,0
2015-05-27,20:00:00,152.7,152.95,152.68,152.92,60376,0
2015-05-27,21:00:00,152.93,153.14,152.91,153.03,86799,0
2015-05-27,22:00:00,153.04,153.29,153.01,153.17,97502,0
2015-05-28,16:00:00,152.95,153.19,152.33,152.43,44420,0
2015-05-28,17:00:00,152.44,152.61,152.26,152.51,48677,0
2015-05-28,18:00:00,152.54,152.84,152.31,152.41,43941,0
2015-05-28,19:00:00,152.43,152.59,152.33,152.39,42777,0
2015-05-28,20:00:00,152.38,152.53,152.29,152.44,41686,0
2015-05-28,21:00:00,152.42,152.73,152.37,152.72,50844,0
2015-05-28,22:00:00,152.71,152.89,152.65,152.85,126902,0
2015-05-29,16:00:00,152.8,152.87,152.26,152.38,103005,0
2015-05-29,17:00:00,152.41,152.42,151.54,151.69,86625,0
2015-05-29,18:00:00,151.68,152.07,151.43,152.05,81226,0
2015-05-29,19:00:00,152.04,152.63,152.04,152.3,77248,0
2015-05-29,20:00:00,152.3,152.55,152.3,152.34,67773,0
2015-05-29,21:00:00,152.37,152.39,151.9,152,67734,0
2015-05-29,22:00:00,152,152.19,151.79,151.85,218643,0
2015-06-01,16:00:00,152.43,152.67,151.41,151.73,41860,0
2015-06-01,17:00:00,151.79,151.98,151.14,151.81,252692,0
2015-06-01,18:00:00,151.82,152.08,151.79,151.94,177322,0
2015-06-01,19:00:00,151.96,152.59,151.93,152.58,332627,0
2015-06-01,20:00:00,152.61,152.68,152.37,152.44,169636,0
2015-06-01,21:00:00,152.48,152.65,152.37,152.4,339009,0
2015-06-01,22:00:00,152.41,152.52,152.01,152.1,254718,0
2015-06-02,16:00:00,151.62,151.78,151.35,151.66,43076,0
2015-06-02,17:00:00,151.71,152.3,151.59,151.95,100411,0
2015-06-02,18:00:00,151.95,152.24,151.92,152.2,59059,0
2015-06-02,19:00:00,152.2,152.73,152.17,152.73,110215,0
2015-06-02,20:00:00,152.68,152.7,152.52,152.63,52938,0
2015-06-02,21:00:00,152.61,152.62,152.15,152.33,100723,0
2015-06-02,22:00:00,152.33,152.33,152.11,152.23,94484,0
2015-06-03,16:00:00,152.68,152.76,152.14,152.6,116172,0
2015-06-03,17:00:00,152.62,153.52,152.44,153.45,333859,0
2015-06-03,18:00:00,153.44,153.62,153.08,153.26,130147,0
2015-06-03,19:00:00,153.24,153.27,152.8,152.94,87396,0
2015-06-03,20:00:00,152.94,153.11,152.88,153.07,77536,0
2015-06-03,21:00:00,153.12,153.26,153.08,153.1,51235,0
2015-06-03,22:00:00,153.12,153.17,152.92,153.02,108736,0
2015-06-04,16:00:00,152.41,152.51,151.9,152.43,100728,0
2015-06-04,17:00:00,152.44,152.67,152.07,152.17,171946,0
2015-06-04,18:00:00,152.14,152.37,151.9,152.1,141863,0
2015-06-04,19:00:00,152.09,152.25,152.01,152.09,149765,0
2015-06-04,20:00:00,152.07,152.09,151.49,151.6,168732,0
2015-06-04,21:00:00,151.6,151.75,151.5,151.71,153796,0
2015-06-04,22:00:00,151.72,151.8,151.49,151.68,272455,0
2015-06-05,16:00:00,151.46,151.49,150.5,151.38,65777,0
2015-06-05,17:00:00,151.36,151.84,151.24,151.46,138326,0
2015-06-05,18:00:00,151.47,151.68,151.44,151.63,89305,0
2015-06-05,19:00:00,151.64,151.81,151.47,151.79,37306,0
2015-06-05,20:00:00,151.79,151.95,151.77,151.86,50710,0
2015-06-05,21:00:00,151.91,152.19,151.86,152.14,45515,0
2015-06-05,22:00:00,152.16,152.2,151.9,152.09,82777,0
2015-06-08,16:00:00,151.92,152.27,151.74,151.85,41736,0
2015-06-08,17:00:00,151.78,151.98,151.7,151.78,45922,0
2015-06-08,18:00:00,151.77,151.9,151.35,151.41,53466,0
2015-06-08,19:00:00,151.4,151.57,151.23,151.27,27120,0
2015-06-08,20:00:00,151.24,151.29,151.04,151.21,73755,0
2015-06-08,21:00:00,151.23,151.63,151.08,151.57,77790,0
2015-06-08,22:00:00,151.54,151.56,151.07,151.13,97107,0
2015-06-09,16:00:00,151.15,151.33,150.61,150.61,36376,0
2015-06-09,17:00:00,150.6,150.77,150.14,150.77,58171,0
2015-06-09,18:00:00,150.81,151.25,150.81,151.07,28525,0
2015-06-09,19:00:00,151.09,151.11,150.88,151.06,26072,0
2015-06-09,20:00:00,151.09,151.24,150.89,150.93,66479,0
2015-06-09,21:00:00,150.93,151.09,150.84,150.92,70548,0
2015-06-09,22:00:00,150.87,150.9,150.62,150.8,156762,0
2015-06-10,16:00:00,151.61,152.19,151.36,152.04,48259,0
2015-06-10,17:00:00,152.08,152.58,152.04,152.55,152285,0
2015-06-10,18:00:00,152.59,152.97,152.56,152.68,65404,0
2015-06-10,19:00:00,152.65,152.85,152.64,152.68,94466,0
2015-06-10,20:00:00,152.7,152.76,152.5,152.62,123986,0
2015-06-10,21:00:00,152.64,152.84,152.62,152.71,131217,0
2015-06-10,22:00:00,152.7,152.71,152.45,152.45,210388,0
2015-06-11,16:00:00,152.81,153.2,152.61,153.2,30114,0
2015-06-11,17:00:00,153.18,153.37,152.72,152.85,132005,0
2015-06-11,18:00:00,152.79,153.08,152.78,153.05,35953,0
2015-06-11,19:00:00,153.03,153.09,152.92,153.08,47980,0
2015-06-11,20:00:00,153.04,153.23,152.98,153.18,84450,0
2015-06-11,21:00:00,153.19,153.22,153.07,153.13,103973,0
2015-06-11,22:00:00,153.12,153.37,152.99,153.37,174963,0
2015-06-12,16:00:00,152.81,152.92,152.31,152.7,61831,0
2015-06-12,17:00:00,152.73,153,152.48,152.52,118763,0
2015-06-12,18:00:00,152.48,153.08,152.45,152.73,158103,0
2015-06-12,19:00:00,152.8,152.83,152.6,152.6,63945,0
2015-06-12,20:00:00,152.62,152.8,152.59,152.68,61367,0
2015-06-12,21:00:00,152.71,152.71,152.47,152.49,61458,0
2015-06-12,22:00:00,152.48,152.72,152.43,152.66,105445,0
2015-06-15,16:00:00,151.69,151.69,150.59,150.83,83973,0
2015-06-15,17:00:00,150.77,151.38,150.7,151.38,111673,0
2015-06-15,18:00:00,151.42,152.02,151.42,151.84,138918,0
2015-06-15,19:00:00,151.82,152.02,151.73,151.97,82514,0
2015-06-15,20:00:00,151.95,151.99,151.65,151.77,127050,0
2015-06-15,21:00:00,151.78,151.94,151.65,151.68,202470,0
2015-06-15,22:00:00,151.67,151.92,151.59,151.77,181704,0
2015-06-16,16:00:00,151.59,152.18,151.43,152.18,52733,0
2015-06-16,17:00:00,152.26,152.36,151.87,152.02,53115,0
2015-06-16,18:00:00,152.04,152.55,151.98,152.49,65573,0
2015-06-16,19:00:00,152.5,152.7,152.4,152.63,220938,0
2015-06-16,20:00:00,152.64,152.87,152.59,152.86,107914,0
2015-06-16,21:00:00,152.86,152.99,152.81,152.87,369626,0
2015-06-16,22:00:00,152.87,152.9,152.72,152.8,203417,0
2015-06-17,16:00:00,153.12,153.45,153.12,153.35,26318,0
2015-06-17,17:00:00,153.39,153.39,152.97,153.08,26734,0
2015-06-17,18:00:00,153.06,153.09,152.64,152.8,35239,0
2015-06-17,19:00:00,152.82,152.82,152.2,152.32,51494,0
2015-06-17,20:00:00,152.32,152.51,152.25,152.42,27252,0
2015-06-17,21:00:00,152.38,153.18,152.2,153.05,111823,0
2015-06-17,22:00:00,153.06,153.09,152.67,152.67,112589,0
2015-06-18,16:00:00,153.18,153.67,153.03,153.46,48716,0
2015-06-18,17:00:00,153.51,153.99,153.47,153.84,60756,0
2015-06-18,18:00:00,153.85,154.14,153.8,154.06,54625,0
2015-06-18,19:00:00,154.1,154.43,154.08,154.18,47507,0
2015-06-18,20:00:00,154.17,154.21,153.93,154.07,79447,0
2015-06-18,21:00:00,154.08,154.22,154.06,154.19,96317,0
2015-06-18,22:00:00,154.18,154.27,153.93,153.97,115377,0
2015-06-19,16:00:00,153.94,154.05,153.66,153.95,69356,0
2015-06-19,17:00:00,153.99,154.24,153.93,154.16,65816,0
2015-06-19,18:00:00,154.18,154.18,153.93,153.96,127927,0
2015-06-19,19:00:00,153.93,154,153.84,153.96,77050,0
2015-06-19,20:00:00,153.96,154.06,153.9,154.01,90963,0
2015-06-19,21:00:00,154.01,154.01,153.75,153.84,120226,0
2015-06-19,22:00:00,153.84,153.91,153.47,153.54,337007,0
2015-06-22,16:00:00,154.45,154.48,153.94,154.31,70218,0
2015-06-22,17:00:00,154.34,154.48,154.22,154.27,62685,0
2015-06-22,18:00:00,154.26,154.56,154.16,154.28,68673,0
2015-06-22,19:00:00,154.28,154.32,153.98,154.23,78833,0
2015-06-22,20:00:00,154.23,154.3,154.11,154.17,40416,0
2015-06-22,21:00:00,154.19,154.39,154.15,154.38,33321,0
2015-06-22,22:00:00,154.36,154.37,154.24,154.36,61537,0
2015-06-23,16:00:00,154.46,154.66,154.45,154.53,48966,0
2015-06-23,17:00:00,154.53,154.65,154.19,154.32,86676,0
2015-06-23,18:00:00,154.32,154.42,154.25,154.31,44101,0
2015-06-23,19:00:00,154.3,154.35,154.16,154.26,33682,0
2015-06-23,20:00:00,154.28,154.43,154.17,154.34,53779,0
2015-06-23,21:00:00,154.33,154.53,154.33,154.47,95970,0
2015-06-23,22:00:00,154.46,154.55,154.4,154.49,88268,0
2015-06-24,16:00:00,154.42,154.47,154.16,154.244,28694,0
2015-06-24,17:00:00,154.122,154.19,153.87,153.912,28873,0
2015-06-24,18:00:00,153.94,153.94,153.6,153.62,77869,0
2015-06-24,19:00:00,153.59,153.6574,153.32,153.3592,62483,0
2015-06-24,20:00:00,153.32,153.37,153.04,153.15,28408,0
2015-06-24,21:00:00,153.13,153.21,152.9237,153.13,103413,0
2015-06-24,22:00:00,153.12,153.22,152.97,153.02,84140,0
2015-06-25,16:00:00,153.48,153.53,152.73,152.8868,46219,0
2015-06-25,17:00:00,152.9077,153.15,152.86,153.12,21145,0
2015-06-25,18:00:00,153.1,153.24,152.98,153.11,43015,0
2015-06-25,19:00:00,153.1,153.1188,152.8,152.84,22824,0
2015-06-25,20:00:00,152.845,152.92,152.79,152.83,46783,0
2015-06-25,21:00:00,152.8212,152.8212,152.2896,152.5799,58087,0
2015-06-25,22:00:00,152.58,152.82,152.4903,152.56,84667,0
2015-06-26,16:00:00,152.91,153.06,152.44,152.97,59736,0
2015-06-26,17:00:00,153.01,153.1,152.59,152.62,138199,0
2015-06-26,18:00:00,152.64,153.04,152.64,152.86,45863,0
2015-06-26,19:00:00,152.8738,153.01,152.37,152.39,63164,0
2015-06-26,20:00:00,152.41,152.8301,152.29,152.72,54641,0
2015-06-26,21:00:00,152.74,152.7599,152.53,152.688,74067,0
2015-06-26,22:00:00,152.66,153.027,152.66,152.88,137553,0
2015-06-29,16:00:00,151.5,152.37,151.25,151.98,90252,0
2015-06-29,17:00:00,151.98,152.43,151.72,151.72,82587,0
2015-06-29,18:00:00,151.655,151.7,151.25,151.404,75977,0
2015-06-29,19:00:00,151.3781,151.48,150.89,150.9686,75839,0
2015-06-29,20:00:00,150.96,151.03,150.77,150.8492,105368,0
2015-06-29,21:00:00,150.85,150.8599,150.198,150.35,100517,0
2015-06-29,22:00:00,150.27,150.3399,149.57,149.63,160886,0
2015-06-30,16:00:00,150.77,150.77,150.07,150.16,97356,0
2015-06-30,17:00:00,150.13,150.31,149.58,149.9307,98177,0
2015-06-30,18:00:00,149.94,150.1843,149.7,149.702,126798,0
2015-06-30,19:00:00,149.74,149.92,149.49,149.75,131268,0
2015-06-30,20:00:00,149.79,150.3348,149.77,150.1829,123429,0
2015-06-30,21:00:00,150.2,150.6082,150.09,150.1,130835,0
2015-06-30,22:00:00,150.09,150.21,149.77,149.98,331801,0
2015-07-01,16:00:00,151.34,151.34,150.48,150.85,115355,0
2015-07-01,17:00:00,150.834,151.1,150.41,150.66,337417,0
2015-07-01,18:00:00,150.68,150.78,150.505,150.52,524891,0
2015-07-01,19:00:00,150.49,150.6339,149.91,149.95,666546,0
2015-07-01,20:00:00,149.94,150.47,149.86,150.15,513245,0
2015-07-01,21:00:00,150.16,150.23,149.96,150.16,810409,0
2015-07-01,22:00:00,150.16,150.53,150.15,150.46,958669,0
2015-07-02,16:00:00,150.85,151.01,150.65,150.78,241965,0
2015-07-02,17:00:00,150.8,150.88,150.36,150.5894,154937,0
2015-07-02,18:00:00,150.59,150.59,149.99,150.08,94826,0
2015-07-02,19:00:00,150.1121,150.156,149.85,149.9441,127810,0
2015-07-02,20:00:00,149.91,149.995,149.73,149.8439,111953,0
2015-07-02,21:00:00,149.85,150.18,149.79,150.13,105266,0
2015-07-02,22:00:00,150.14,150.38,150,150.21,265706,0
2015-07-06,16:00:00,149,149.64,148.8,149.49,70655,0
2015-07-06,17:00:00,149.55,150.53,149.4258,150.16,87916,0
2015-07-06,18:00:00,150.14,150.17,149.66,149.91,207563,0
2015-07-06,19:00:00,149.83,150.04,149.7062,149.82,78637,0
2015-07-06,20:00:00,149.8,149.84,149.2298,149.29,144564,0
2015-07-06,21:00:00,149.28,149.3699,149.06,149.26,163024,0
2015-07-06,22:00:00,149.25,149.79,149.195,149.75,234047,0
2015-07-07,16:00:00,149.9,149.9088,149.0501,149.13,114724,0
2015-07-07,17:00:00,149.1,149.1,147.81,148.267,123516,0
2015-07-07,18:00:00,148.14,148.905,147.77,148.79,145128,0
2015-07-07,19:00:00,148.7799,149.64,148.63,149.5716,121343,0
2015-07-07,20:00:00,149.59,149.8004,149.3053,149.46,70166,0
2015-07-07,21:00:00,149.467,150.3,149.0866,150.244,104026,0
2015-07-07,22:00:00,150.334,150.52,150.11,150.45,180711,0
2015-07-08,16:00:00,149.28,149.76,148.99,149.18,53857,0
2015-07-08,17:00:00,149.12,149.37,148.66,149.2801,77913,0
2015-07-08,18:00:00,149.24,149.24,148.42,148.57,162316,0
2015-07-08,19:00:00,148.55,148.7828,148.34,148.7572,64643,0
2015-07-08,20:00:00,148.7008,148.8101,148.51,148.74,79720,0
2015-07-08,21:00:00,148.73,148.73,147.72,147.83,137592,0
2015-07-08,22:00:00,147.88,148.36,147.87,148.34,314005,0
2015-07-09,16:00:00,149.82,150,149.28,149.3601,148069,0
2015-07-09,17:00:00,149.4278,149.54,148.823,149.27,195746,0
2015-07-09,18:00:00,149.25,149.44,149.03,149.06,133015,0
2015-07-09,19:00:00,149.01,149.1,148.85,149,99109,0
2015-07-09,20:00:00,148.98,149,148.647,148.8,110239,0
2015-07-09,21:00:00,148.77,148.8,148.33,148.738,135175,0
2015-07-09,22:00:00,148.75,148.92,148.43,148.44,182185,0
2015-07-10,16:00:00,150.2,150.23,149.6359,149.6359,45985,0
2015-07-10,17:00:00,149.72,149.87,149.42,149.76,45951,0
2015-07-10,18:00:00,149.78,150.135,149.78,149.989,298145,0
2015-07-10,19:00:00,150,150.02,149.71,149.89,83138,0
2015-07-10,20:00:00,149.87,149.93,149.68,149.77,62401,0
2015-07-10,21:00:00,149.8,150.0699,149.75,149.9919,78328,0
2015-07-10,22:00:00,150.02,150.16,149.95,149.98,107673,0
2015-07-13,16:00:00,150.86,151.35,150.79,151.2699,55060,0
2015-07-13,17:00:00,151.26,151.42,151.07,151.14,110224,0
2015-07-13,18:00:00,151.13,151.3,150.9,151.13,148413,0
2015-07-13,19:00:00,151.14,151.27,150.97,150.98,98689,0
2015-07-13,20:00:00,150.9861,151.14,150.93,150.9749,92343,0
2015-07-13,21:00:00,150.98,151.19,150.9602,151.17,100374,0
2015-07-13,22:00:00,151.19,151.49,151.13,151.33,154446,0
2015-07-14,16:00:00,151.27,151.69,151.15,151.64,42632,0
2015-07-14,17:00:00,151.66,151.73,151.44,151.68,101909,0
2015-07-14,18:00:00,151.69,151.98,151.69,151.8799,110508,0
2015-07-14,19:00:00,151.91,151.95,151.65,151.7201,97102,0
2015-07-14,20:00:00,151.73,151.81,151.71,151.78,66482,0
2015-07-14,21:00:00,151.788,151.96,151.76,151.94,111821,0
2015-07-14,22:00:00,151.949,152.19,151.9,151.94,128092,0
2015-07-15,16:00:00,152.01,152.015,151.46,151.58,29195,0
2015-07-15,17:00:00,151.47,151.8616,151.43,151.74,117802,0
2015-07-15,18:00:00,151.77,151.8,151.3881,151.43,72087,0
2015-07-15,19:00:00,151.4299,151.54,151.3,151.4558,58550,0
2015-07-15,20:00:00,151.459,151.544,151.34,151.3801,59789,0
2015-07-15,21:00:00,151.392,151.41,150.8464,150.96,95671,0
2015-07-15,22:00:00,150.98,151.205,150.914,151.08,109819,0
2015-07-16,16:00:00,151.88,151.97,151.49,151.7278,68596,0
2015-07-16,17:00:00,151.7,151.79,151.42,151.68,163981,0
2015-07-16,18:00:00,151.68,151.78,151.52,151.62,179759,0
2015-07-16,19:00:00,151.62,151.63,151.3501,151.405,315928,0
2015-07-16,20:00:00,151.39,151.47,151.275,151.362,206339,0
2015-07-16,21:00:00,151.354,151.687,151.354,151.54,302857,0
2015-07-16,22:00:00,151.5301,151.67,151.465,151.64,322393,0
2015-07-17,16:00:00,151.51,151.52,150.88,151.01,97193,0
2015-07-17,17:00:00,151.0128,151.0128,150.48,150.69,110451,0
2015-07-17,18:00:00,150.66,150.7,150.4764,150.5101,83349,0
2015-07-17,19:00:00,150.52,150.5299,150.24,150.28,58498,0
2015-07-17,20:00:00,150.28,150.36,150.178,150.1939,149937,0
2015-07-17,21:00:00,150.2,150.4976,150.18,150.36,80747,0
2015-07-17,22:00:00,150.33,150.5701,150.2301,150.42,131612,0
2015-07-20,16:00:00,150.46,150.47,150.13,150.3,78858,0
2015-07-20,17:00:00,150.32,150.45,150.06,150.45,143038,0
2015-07-20,18:00:00,150.42,150.65,150.34,150.52,127079,0
2015-07-20,19:00:00,150.5,150.74,150.5,150.63,160039,0
2015-07-20,20:00:00,150.62,150.7099,150.51,150.53,76265,0
2015-07-20,21:00:00,150.55,150.74,150.47,150.4845,53389,0
2015-07-20,22:00:00,150.48,150.61,150.28,150.41,203021,0
2015-07-21,16:00:00,150.28,150.78,150.25,150.68,57760,0
2015-07-21,17:00:00,150.73,150.74,149.83,149.898,136672,0
2015-07-21,18:00:00,149.88,149.899,149.49,149.56,68230,0
2015-07-21,19:00:00,149.55,149.8524,149.43,149.55,72143,0
2015-07-21,20:00:00,149.53,149.53,149.29,149.4351,85268,0
2015-07-21,21:00:00,149.43,149.62,149.19,149.3936,93425,0
2015-07-21,22:00:00,149.4168,149.5,149.28,149.34,180687,0
2015-07-22,16:00:00,148.86,149.6694,148.86,149.62,51322,0
2015-07-22,17:00:00,149.6,149.8,149.42,149.68,98116,0
2015-07-22,18:00:00,149.6999,149.6999,149.38,149.57,128224,0
2015-07-22,19:00:00,149.58,149.644,149.4,149.512,80578,0
2015-07-22,20:00:00,149.54,149.71,149.48,149.63,57766,0
2015-07-22,21:00:00,149.59,149.84,149.58,149.83,59839,0
2015-07-22,22:00:00,149.83,149.86,149.4799,149.69,123896,0
2015-07-23,16:00:00,149.99,150.18,149.86,149.97,46611,0
2015-07-23,17:00:00,149.95,150.24,149.8846,150.1943,105526,0
2015-07-23,18:00:00,150.205,150.27,149.2487,149.29,72761,0
2015-07-23,19:00:00,149.28,149.28,148.71,148.97,60275,0
2015-07-23,20:00:00,148.94,149.3,148.85,149.28,84979,0
2015-07-23,21:00:00,149.25,149.2699,148.69,148.77,100993,0
2015-07-23,22:00:00,148.75,148.85,148.543,148.72,108231,0
2015-07-24,16:00:00,148.68,148.95,148.36,148.91,46303,0
2015-07-24,17:00:00,148.83,148.83,148.09,148.1301,86017,0
2015-07-24,18:00:00,148.12,148.2799,148.07,148.1799,69256,0
2015-07-24,19:00:00,148.15,148.23,147.9,147.9034,63556,0
2015-07-24,20:00:00,147.9699,147.97,147.32,147.49,113389,0
2015-07-24,21:00:00,147.49,147.5,147.1101,147.45,120917,0
2015-07-24,22:00:00,147.45,147.67,147.31,147.38,153008,0
2015-07-27,16:00:00,146.71,146.82,146.0701,146.66,66564,0
2015-07-27,17:00:00,146.58,146.93,146.29,146.6048,73635,0
2015-07-27,18:00:00,146.53,146.83,146.233,146.59,94280,0
2015-07-27,19:00:00,146.61,146.61,146.2254,146.2342,36451,0
2015-07-27,20:00:00,146.278,146.4,146.15,146.31,38912,0
2015-07-27,21:00:00,146.31,146.45,146.19,146.35,63043,0
2015-07-27,22:00:00,146.33,146.35,146.02,146.3,196147,0
2015-07-28,16:00:00,146.74,146.81,145.98,146.49,53649,0
2015-07-28,17:00:00,146.49,146.69,145.82,146.69,216026,0
2015-07-28,18:00:00,146.72,147.24,146.69,147.23,64158,0
2015-07-28,19:00:00,147.24,147.5,147.2,147.425,59358,0
2015-07-28,20:00:00,147.401,147.78,147.4,147.72,41933,0
2015-07-28,21:00:00,147.685,147.89,147.5,147.7499,233043,0
2015-07-28,22:00:00,147.745,147.8,147.56,147.8,157423,0
2015-07-29,16:00:00,147.92,148.08,147.6354,147.92,48257,0
2015-07-29,17:00:00,147.93,148.528,147.82,148.4,67210,0
2015-07-29,18:00:00,148.4,148.932,148.32,148.81,76054,0
2015-07-29,19:00:00,148.83,148.93,148.6701,148.79,70383,0
2015-07-29,20:00:00,148.79,148.92,148.72,148.87,40358,0
2015-07-29,21:00:00,148.8624,149.42,148.655,149.39,67937,0
2015-07-29,22:00:00,149.32,149.7,149.25,149.48,140202,0
2015-07-30,16:00:00,149.32,149.32,148.72,148.98,91834,0
2015-07-30,17:00:00,148.98,149.56,148.92,149.02,55200,0
2015-07-30,18:00:00,149,149.81,148.97,149.69,75793,0
2015-07-30,19:00:00,149.74,149.76,149.5488,149.747,50694,0
2015-07-30,20:00:00,149.75,149.81,149.5552,149.627,89782,0
2015-07-30,21:00:00,149.6175,149.87,149.57,149.87,57310,0
2015-07-30,22:00:00,149.88,149.94,149.75,149.83,123697,0
2015-07-31,16:00:00,150.07,150.32,149.8,150.2748,34393,0
2015-07-31,17:00:00,150.2084,150.7,150.0699,150.66,41194,0
2015-07-31,18:00:00,150.64,150.8,150.53,150.5902,30254,0
2015-07-31,19:00:00,150.6,150.72,150.52,150.55,66599,0
2015-07-31,20:00:00,150.528,150.6123,150.28,150.285,70135,0
2015-07-31,21:00:00,150.32,150.4545,150.19,150.34,93427,0
2015-07-31,22:00:00,150.33,150.39,149.93,150.01,300750,0
2015-08-03,16:00:00,150.28,150.28,149.3201,149.8601,55460,0
2015-08-03,17:00:00,149.91,150.01,149.45,149.7899,82392,0
2015-08-03,18:00:00,149.8057,150.0079,149.7,149.72,49667,0
2015-08-03,19:00:00,149.8,149.82,148.95,149.04,108419,0
2015-08-03,20:00:00,149.01,149.35,148.8,149.2125,80699,0
2015-08-03,21:00:00,149.21,149.31,149.02,149.17,48409,0
2015-08-03,22:00:00,149.1899,149.5878,149.1,149.55,164936,0
2015-08-04,16:00:00,149.66,150.33,149.52,150.1243,44768,0
2015-08-04,17:00:00,150.12,150.43,150.05,150.1222,75387,0
2015-08-04,18:00:00,150.13,150.28,149.96,150.01,53934,0
2015-08-04,19:00:00,150,150.1848,149.62,149.625,48880,0
2015-08-04,20:00:00,149.6,149.83,149.35,149.38,53692,0
2015-08-04,21:00:00,149.3699,149.56,149.1242,149.5,148548,0
2015-08-04,22:00:00,149.51,149.57,149.26,149.53,112700,0
2015-08-05,16:00:00,150.22,150.95,150.11,150.81,61472,0
2015-08-05,17:00:00,150.88,151.29,150.65,150.9848,91421,0
2015-08-05,18:00:00,150.98,151.05,150.4,150.42,60560,0
2015-08-05,19:00:00,150.46,150.58,149.8499,150.21,70549,0
2015-08-05,20:00:00,150.19,150.19,149.8,150.08,45958,0
2015-08-05,21:00:00,150.0399,150.4,150.0399,150.15,47069,0
2015-08-05,22:00:00,150.1799,150.43,150.095,150.28,154819,0
2015-08-06,16:00:00,150.44,150.53,149.6,149.6499,40239,0
2015-08-06,17:00:00,149.51,149.74,149.21,149.53,44162,0
2015-08-06,18:00:00,149.5,149.5,148.29,148.29,61094,0
2015-08-06,19:00:00,148.2584,148.42,147.96,148.08,73477,0
2015-08-06,20:00:00,148.05,148.62,147.9953,148.51,74153,0
2015-08-06,21:00:00,148.5,148.93,148.38,148.765,220442,0
2015-08-06,22:00:00,148.77,148.9,148.59,148.86,175928,0
2015-08-07,16:00:00,148.54,148.88,148.32,148.81,48481,0
2015-08-07,17:00:00,148.76,148.86,148.28,148.56,64380,0
2015-08-07,18:00:00,148.6001,148.7024,148.03,148.19,68434,0
2015-08-07,19:00:00,148.29,148.42,148.12,148.26,49322,0
2015-08-07,20:00:00,148.24,148.33,147.97,148.205,73155,0
2015-08-07,21:00:00,148.15,148.45,147.98,148.34,76715,0
2015-08-07,22:00:00,148.3877,148.67,148.175,148.63,152897,0
