Date,Time,Open,High,Low,Close,Volume,OpenInt
2015-01-08,16:00:00,46.467,46.477,46.438,46.477,2205,0
2015-01-08,17:00:00,46.517,46.625,46.507,46.625,16288,0
2015-01-08,18:00:00,46.665,46.744,46.665,46.744,2262,0
2015-01-08,20:00:00,46.724,46.784,46.724,46.784,1645,0
2015-01-08,21:00:00,46.665,46.774,46.665,46.665,11914,0
2015-01-08,22:00:00,46.675,46.784,46.635,46.645,26223,0
2015-01-09,16:00:00,46.744,46.744,46.724,46.724,1416,0
2015-01-09,17:00:00,46.704,46.784,46.655,46.655,4057,0
2015-01-09,18:00:00,46.566,46.635,46.428,46.536,3351,0
2015-01-09,20:00:00,46.536,46.536,46.536,46.536,1457,0
2015-01-09,21:00:00,46.447,46.556,46.447,46.487,7193,0
2015-01-09,22:00:00,46.536,46.546,46.477,46.477,5845,0
2015-01-12,16:00:00,46.358,46.358,46.171,46.2,6778,0
2015-01-12,17:00:00,46.151,46.22,46.131,46.131,2179,0
2015-01-12,18:00:00,46.418,46.418,46.398,46.398,2189,0
2015-01-12,21:00:00,46.19,46.289,46.19,46.23,7041,0
2015-01-12,22:00:00,46.22,46.299,46.141,46.2,2076,0
2015-01-13,16:00:00,46.853,47.001,46.853,47.001,1861,0
2015-01-13,17:00:00,46.952,46.952,46.952,46.952,6535,0
2015-01-13,18:00:00,46.932,46.981,46.932,46.942,1500,0
2015-01-13,19:00:00,46.882,46.892,46.813,46.813,3440,0
2015-01-13,20:00:00,46.734,46.744,46.457,46.457,3541,0
2015-01-13,21:00:00,46.388,46.606,46.27,46.596,9457,0
2015-01-13,22:00:00,46.319,46.655,46.319,46.507,2379,0
2015-01-14,16:00:00,46.507,46.507,46.358,46.428,1857,0
2015-01-14,17:00:00,46.408,46.497,46.358,46.358,5789,0
2015-01-14,19:00:00,46.378,46.378,46.27,46.289,1560,0
2015-01-14,20:00:00,46.23,46.349,46.19,46.19,911,0
2015-01-14,21:00:00,46.22,46.378,46.171,46.27,3754,0
2015-01-14,22:00:00,46.25,46.497,46.25,46.329,1330,0
2015-01-15,16:00:00,46.961,46.991,46.813,46.813,3844,0
2015-01-15,17:00:00,46.872,47.011,46.872,47.011,2991,0
2015-01-15,18:00:00,46.892,46.892,46.744,46.784,1720,0
2015-01-15,19:00:00,46.784,46.823,46.734,46.734,9712,0
2015-01-15,20:00:00,46.724,46.744,46.704,46.704,3012,0
2015-01-15,21:00:00,46.645,46.724,46.635,46.724,3986,0
2015-01-15,22:00:00,46.724,46.853,46.685,46.724,2440,0
2015-01-16,16:00:00,46.784,46.784,46.774,46.774,202,0
2015-01-16,17:00:00,46.734,46.882,46.704,46.882,3156,0
2015-01-16,18:00:00,46.942,46.971,46.922,46.922,1571,0
2015-01-16,20:00:00,47.001,47.041,46.863,47.041,809,0
2015-01-16,21:00:00,46.961,47.041,46.853,46.872,14801,0
2015-01-16,22:00:00,47.031,47.08,46.853,47.08,6780,0
2015-01-20,16:00:00,47.07,47.149,47.07,47.139,911,0
2015-01-20,18:00:00,47.12,47.12,46.912,46.912,5472,0
2015-01-20,19:00:00,46.932,47.031,45.637,47.031,10668,0
2015-01-20,20:00:00,47.05,47.05,47.05,47.05,558,0
2015-01-20,21:00:00,47.08,47.159,47.05,47.149,3286,0
2015-01-20,22:00:00,47.159,47.228,47.06,47.06,9203,0
2015-01-21,16:00:00,47.377,47.377,47.258,47.258,11078,0
2015-01-21,19:00:00,47.209,47.218,47.189,47.218,3844,0
2015-01-21,20:00:00,47.209,47.228,47.209,47.228,1619,0
2015-01-21,21:00:00,47.209,47.209,47.209,47.209,2732,0
2015-01-21,22:00:00,47.258,47.367,47.258,47.258,12832,0
2015-01-22,16:00:00,47.416,47.416,47.11,47.11,3486,0
2015-01-22,17:00:00,47.307,47.377,47.307,47.367,4865,0
2015-01-22,18:00:00,47.367,47.386,47.268,47.386,5287,0
2015-01-22,19:00:00,47.367,47.367,47.327,47.327,708,0
2015-01-22,20:00:00,47.357,47.367,47.357,47.367,1198,0
2015-01-22,21:00:00,47.396,47.634,47.396,47.634,7137,0
2015-01-22,22:00:00,47.574,47.624,47.574,47.614,24886,0
2015-01-23,16:00:00,47.495,47.525,47.495,47.525,708,0
2015-01-23,17:00:00,47.525,47.525,47.337,47.416,12264,0
2015-01-23,20:00:00,47.357,47.357,47.357,47.357,202,0
2015-01-23,21:00:00,47.535,47.535,47.357,47.475,4663,0
2015-01-23,22:00:00,47.406,47.426,47.386,47.426,5101,0
2015-01-26,16:00:00,47.485,47.584,47.485,47.584,3035,0
2015-01-26,17:00:00,47.564,47.683,47.564,47.683,4249,0
2015-01-26,18:00:00,47.762,47.762,47.653,47.663,17131,0
2015-01-26,19:00:00,47.683,47.772,47.673,47.772,868,0
2015-01-26,20:00:00,47.772,47.782,47.772,47.782,304,0
2015-01-26,21:00:00,47.841,47.851,47.673,47.673,8545,0
2015-01-26,22:00:00,47.723,47.772,47.693,47.732,6752,0
2015-01-27,16:00:00,47.812,47.91,47.673,47.91,9297,0
2015-01-27,17:00:00,47.831,47.881,47.752,47.792,4827,0
2015-01-27,18:00:00,47.792,47.871,47.772,47.772,1640,0
2015-01-27,19:00:00,47.91,47.91,47.871,47.871,5139,0
2015-01-27,20:00:00,47.91,47.91,47.91,47.91,759,0
2015-01-27,21:00:00,47.91,48.009,47.772,48.009,7087,0
2015-01-27,22:00:00,47.851,47.96,47.703,47.703,6845,0
2015-01-28,16:00:00,48.286,48.286,48.138,48.237,1720,0
2015-01-28,17:00:00,48.167,48.217,48.029,48.108,4412,0
2015-01-28,18:00:00,48.069,48.167,48.069,48.167,2439,0
2015-01-28,19:00:00,48.108,48.227,48.108,48.138,9627,0
2015-01-28,20:00:00,48.187,48.187,48.108,48.108,3136,0
2015-01-28,21:00:00,48.148,48.177,47.851,47.851,7115,0
2015-01-28,22:00:00,47.821,47.95,47.545,47.594,9563,0
2015-01-29,16:00:00,47.703,47.772,47.624,47.772,2206,0
2015-01-29,17:00:00,47.831,47.831,47.742,47.782,6191,0
2015-01-29,18:00:00,47.792,47.812,47.604,47.693,2844,0
2015-01-29,19:00:00,47.584,47.634,47.574,47.634,1471,0
2015-01-29,20:00:00,47.723,47.772,47.723,47.772,1315,0
2015-01-29,21:00:00,47.831,47.989,47.831,47.989,4387,0
2015-01-29,22:00:00,47.9,48.098,47.9,47.94,10207,0
2015-01-30,16:00:00,47.643,47.673,47.604,47.634,1916,0
2015-01-30,17:00:00,47.564,47.624,47.515,47.624,5046,0
2015-01-30,18:00:00,47.643,47.653,47.505,47.505,10605,0
2015-01-30,19:00:00,47.525,47.574,47.505,47.574,1203,0
2015-01-30,20:00:00,47.475,47.673,47.475,47.505,5411,0
2015-01-30,21:00:00,47.584,47.792,47.545,47.545,3201,0
2015-01-30,22:00:00,47.584,47.604,47.426,47.525,117725,0
2015-02-02,16:00:00,47.841,47.851,47.713,47.831,19692,0
2015-02-02,17:00:00,47.792,47.871,47.752,47.802,15141,0
2015-02-02,18:00:00,47.881,47.91,47.752,47.841,4103,0
2015-02-02,19:00:00,47.812,47.999,47.782,47.792,22272,0
2015-02-02,20:00:00,47.802,47.93,47.772,47.772,5384,0
2015-02-02,21:00:00,47.713,47.831,47.693,47.742,9105,0
2015-02-02,22:00:00,47.812,48.039,47.742,47.96,13471,0
2015-02-03,16:00:00,48.157,48.157,47.347,47.535,4853,0
2015-02-03,17:00:00,47.535,47.821,47.535,47.772,32264,0
2015-02-03,18:00:00,47.782,47.9,47.732,47.821,10419,0
2015-02-03,19:00:00,47.861,47.96,47.841,47.94,11717,0
2015-02-03,20:00:00,48.029,48.039,47.98,48.039,1113,0
2015-02-03,21:00:00,48.039,48.039,47.94,48.029,15728,0
2015-02-03,22:00:00,48.029,48.128,47.989,48.069,16251,0
2015-02-04,16:00:00,48.157,48.237,48.157,48.237,6677,0
2015-02-04,17:00:00,48.217,48.237,48.187,48.197,4435,0
2015-02-04,18:00:00,48.237,48.375,48.237,48.375,3885,0
2015-02-04,20:00:00,48.256,48.276,48.177,48.177,12107,0
2015-02-04,21:00:00,48.157,48.256,48.157,48.237,2447,0
2015-02-04,22:00:00,48.276,48.326,48.128,48.148,23563,0
2015-02-05,16:00:00,48.167,48.326,48.167,48.326,2732,0
2015-02-05,17:00:00,48.316,48.454,48.316,48.405,5362,0
2015-02-05,18:00:00,48.503,48.553,48.474,48.513,14172,0
2015-02-05,19:00:00,48.563,48.563,48.454,48.503,8093,0
2015-02-05,20:00:00,48.494,48.553,48.494,48.543,3457,0
2015-02-05,21:00:00,48.543,48.543,48.414,48.414,3086,0
2015-02-05,22:00:00,48.503,48.731,48.474,48.701,355887,0
2015-02-06,16:00:00,48.543,48.573,48.197,48.375,11887,0
2015-02-06,17:00:00,48.246,48.395,48.246,48.375,2920,0
2015-02-06,18:00:00,48.444,48.444,48.444,48.444,2602,0
2015-02-06,19:00:00,48.484,48.484,48.444,48.444,4692,0
2015-02-06,20:00:00,48.306,48.355,48.306,48.326,1113,0
2015-02-06,21:00:00,48.345,48.395,48.207,48.286,8668,0
2015-02-06,22:00:00,48.246,48.316,48.118,48.118,19488,0
2015-02-09,16:00:00,48.049,48.197,48.049,48.197,2792,0
2015-02-09,17:00:00,48.118,48.118,48.118,48.118,708,0
2015-02-09,18:00:00,48.088,48.118,48.049,48.118,8264,0
2015-02-09,19:00:00,48.108,48.118,48.078,48.078,5167,0
2015-02-09,20:00:00,48.078,48.088,47.999,47.999,4107,0
2015-02-09,21:00:00,48.039,48.059,48.009,48.009,51196,0
2015-02-09,22:00:00,47.999,48.029,47.891,47.9,5897,0
2015-02-10,16:00:00,48.078,48.256,48.078,48.197,2520,0
2015-02-10,17:00:00,48.296,48.296,48.069,48.069,2702,0
2015-02-10,18:00:00,48.246,48.306,48.167,48.207,14666,0
2015-02-10,19:00:00,48.296,48.316,48.296,48.316,4780,0
2015-02-10,20:00:00,48.326,48.326,48.306,48.306,1990,0
2015-02-10,21:00:00,48.326,48.385,48.276,48.375,8581,0
2015-02-10,22:00:00,48.345,48.405,48.316,48.316,4433,0
2015-02-11,16:00:00,48.385,48.385,47.871,48.009,6907,0
2015-02-11,17:00:00,48.039,48.039,48.039,48.039,819,0
2015-02-11,18:00:00,48.039,48.148,48.039,48.138,3824,0
2015-02-11,20:00:00,47.98,48.088,47.98,48.088,2004,0
2015-02-11,21:00:00,48.059,48.108,48.059,48.108,854,0
2015-02-11,22:00:00,48.148,48.237,48.118,48.157,2499,0
2015-02-12,16:00:00,48.098,48.296,48.098,48.296,1381,0
2015-02-12,17:00:00,48.246,48.246,48.246,48.246,1241,0
2015-02-12,18:00:00,48.266,48.395,48.227,48.385,3202,0
2015-02-12,19:00:00,48.385,48.405,48.355,48.355,3971,0
2015-02-12,20:00:00,48.355,48.434,48.345,48.405,9079,0
2015-02-12,21:00:00,48.385,48.454,48.385,48.454,16309,0
2015-02-12,22:00:00,48.414,48.464,48.405,48.405,2565,0
2015-02-13,16:00:00,48.81,48.978,48.81,48.978,5160,0
2015-02-13,17:00:00,49.116,49.116,49.087,49.087,4367,0
2015-02-13,18:00:00,49.067,49.067,49.067,49.067,1569,0
2015-02-13,19:00:00,49.067,49.195,49.067,49.077,3828,0
2015-02-13,21:00:00,49.027,49.205,49.008,49.185,3756,0
2015-02-13,22:00:00,49.176,49.383,48.998,48.998,4004,0
2015-02-17,17:00:00,49.027,49.166,49.027,49.057,6520,0
2015-02-17,18:00:00,49.205,49.235,49.116,49.235,7379,0
2015-02-17,20:00:00,49.225,49.274,49.225,49.274,2458,0
2015-02-17,21:00:00,49.383,49.383,49.255,49.383,2961,0
2015-02-17,22:00:00,49.383,49.383,49.274,49.354,10139,0
2015-02-18,16:00:00,49.719,49.788,49.67,49.67,607,0
2015-02-18,17:00:00,49.66,49.69,49.62,49.68,2125,0
2015-02-18,21:00:00,49.838,49.838,49.729,49.729,301,0
2015-02-18,22:00:00,49.779,49.917,49.719,49.719,4830,0
2015-02-19,16:00:00,49.769,49.848,49.769,49.848,395,0
2015-02-19,17:00:00,49.858,50.085,49.858,50.085,1826,0
2015-02-19,18:00:00,50.075,50.105,50.075,50.105,7884,0
2015-02-19,19:00:00,49.917,49.917,49.907,49.907,1449,0
2015-02-19,21:00:00,49.996,49.996,49.996,49.996,911,0
2015-02-19,22:00:00,49.907,50.085,49.897,50.045,2484,0
2015-02-20,16:00:00,50.095,50.095,50.095,50.095,809,0
2015-02-20,17:00:00,49.986,50.065,49.986,50.036,2757,0
2015-02-20,18:00:00,50.045,50.125,49.976,50.055,6207,0
2015-02-20,19:00:00,50.085,50.164,50.006,50.134,15094,0
2015-02-20,20:00:00,50.085,50.174,50.055,50.055,2068,0
2015-02-20,21:00:00,50.095,50.293,50.085,50.273,4894,0
2015-02-20,22:00:00,50.273,50.391,50.204,50.391,14321,0
2015-02-23,16:00:00,50.115,50.115,50.006,50.045,112935,0
2015-02-23,17:00:00,49.947,49.986,49.947,49.966,1926,0
2015-02-23,18:00:00,49.996,50.105,49.996,50.105,96417,0
2015-02-23,19:00:00,50.115,50.115,50.085,50.085,700,0
2015-02-23,20:00:00,50.095,50.125,50.085,50.105,2245,0
2015-02-23,21:00:00,50.085,50.125,50.085,50.125,8570,0
2015-02-23,22:00:00,50.125,50.134,50.085,50.134,45673,0
2015-02-24,16:00:00,50.184,50.184,50.026,50.036,10086,0
2015-02-24,17:00:00,49.996,50.332,49.996,50.332,7223,0
2015-02-24,18:00:00,50.322,50.441,50.263,50.411,7079,0
2015-02-24,19:00:00,50.391,50.461,50.342,50.401,2666,0
2015-02-24,20:00:00,50.451,50.451,50.302,50.431,1589,0
2015-02-24,21:00:00,50.451,50.48,50.362,50.48,6578,0
2015-02-24,22:00:00,50.461,50.51,50.332,50.332,12013,0
2015-02-25,16:00:00,50.787,50.787,50.382,50.382,19137,0
2015-02-25,17:00:00,50.421,50.441,50.411,50.441,2335,0
2015-02-25,18:00:00,50.441,50.441,50.362,50.401,11095,0
2015-02-25,19:00:00,50.431,50.49,50.411,50.48,3867,0
2015-02-25,20:00:00,50.48,50.579,50.451,50.55,5797,0
2015-02-25,21:00:00,50.569,50.569,50.421,50.421,7664,0
2015-02-25,22:00:00,50.54,50.54,50.421,50.52,8382,0
2015-02-26,16:00:00,50.807,50.807,50.51,50.569,15142,0
2015-02-26,17:00:00,50.569,50.668,50.451,50.658,6481,0
2015-02-26,18:00:00,50.648,50.708,50.609,50.658,42768,0
2015-02-26,19:00:00,50.718,50.718,50.698,50.698,295,0
2015-02-26,20:00:00,50.698,50.698,50.668,50.668,7015,0
2015-02-26,21:00:00,50.431,50.569,50.382,50.52,3917,0
2015-02-26,22:00:00,50.5,50.609,50.451,50.47,6060,0
2015-02-27,16:00:00,50.47,50.47,50.47,50.47,607,0
2015-02-27,17:00:00,50.5,50.648,50.5,50.648,13686,0
2015-02-27,18:00:00,50.599,50.599,50.52,50.53,7364,0
2015-02-27,19:00:00,50.51,50.55,50.48,50.52,2523,0
2015-02-27,20:00:00,50.54,50.55,50.52,50.54,5395,0
2015-02-27,21:00:00,50.54,50.559,50.451,50.451,9157,0
2015-02-27,22:00:00,50.49,50.55,50.441,50.53,9791,0
2015-03-02,16:00:00,50.441,50.559,50.302,50.49,7400,0
2015-03-02,17:00:00,50.391,50.461,50.352,50.451,4014,0
2015-03-02,18:00:00,50.431,50.49,50.312,50.352,45560,0
2015-03-02,19:00:00,50.48,50.48,50.332,50.332,979,0
2015-03-02,20:00:00,50.342,50.461,50.342,50.352,1695,0
2015-03-02,21:00:00,50.421,50.55,50.352,50.54,28144,0
2015-03-02,22:00:00,50.54,50.609,50.431,50.579,2925,0
2015-03-03,16:00:00,50.51,50.54,50.411,50.53,3587,0
2015-03-03,17:00:00,50.51,50.53,50.401,50.53,1148,0
2015-03-03,18:00:00,50.51,50.51,50.352,50.372,14495,0
2015-03-03,19:00:00,50.362,50.391,50.318,50.382,2153,0
2015-03-03,20:00:00,50.441,50.451,50.382,50.441,7250,0
2015-03-03,21:00:00,50.411,50.47,50.391,50.431,5930,0
2015-03-03,22:00:00,50.429,50.46,50.362,50.382,7644,0
2015-03-04,16:00:00,50.283,50.29,50.006,50.006,3392,0
2015-03-04,17:00:00,50.085,50.125,50.016,50.075,2961,0
2015-03-04,18:00:00,50.124,50.213,50.065,50.213,3576,0
2015-03-04,19:00:00,50.144,50.233,50.144,50.204,10697,0
2015-03-04,20:00:00,50.204,50.302,50.184,50.224,17721,0
2015-03-04,21:00:00,50.204,50.233,50.144,50.144,3935,0
2015-03-04,22:00:00,50.262,50.262,50.196,50.243,2159,0
2015-03-05,16:00:00,50.401,50.579,50.204,50.283,2415,0
2015-03-05,17:00:00,50.315,50.441,50.258,50.441,7874,0
2015-03-05,18:00:00,50.362,50.391,50.322,50.372,1098,0
2015-03-05,19:00:00,50.322,50.332,50.273,50.273,4944,0
2015-03-05,20:00:00,50.318,50.318,50.318,50.318,101,0
2015-03-05,21:00:00,50.283,50.352,50.273,50.352,2805,0
2015-03-05,22:00:00,50.332,50.332,50.322,50.322,2529,0
2015-03-06,16:00:00,50.312,50.411,50.263,50.263,1265,0
2015-03-06,17:00:00,50.125,50.194,50.108,50.134,2006,0
2015-03-06,18:00:00,50.194,50.194,50.095,50.095,952,0
2015-03-06,19:00:00,50.106,50.115,50.075,50.075,2978,0
2015-03-06,20:00:00,50.095,50.095,50.006,50.047,1051,0
2015-03-06,21:00:00,50.095,50.124,50.036,50.105,1144,0
2015-03-06,22:00:00,50.036,50.085,49.976,50.026,44647,0
2015-03-09,16:00:00,49.868,49.966,49.813,49.907,10081,0
2015-03-09,17:00:00,49.907,49.975,49.808,49.808,11109,0
2015-03-09,18:00:00,49.887,49.907,49.858,49.858,502,0
2015-03-09,19:00:00,49.868,49.986,49.818,49.937,5421,0
2015-03-09,20:00:00,49.917,49.956,49.868,49.956,14987,0
2015-03-09,21:00:00,49.917,49.996,49.907,49.927,21797,0
2015-03-10,15:00:00,49.235,49.403,49.087,49.314,7284,0
2015-03-10,16:00:00,49.156,49.255,49.106,49.255,2834,0
2015-03-10,17:00:00,49.117,49.334,49.117,49.225,2245,0
2015-03-10,18:00:00,49.185,49.185,49.067,49.156,1373,0
2015-03-10,19:00:00,49.156,49.225,49.067,49.225,1379,0
2015-03-10,20:00:00,49.176,49.225,49.087,49.126,4325,0
2015-03-10,21:00:00,49.205,49.205,49.136,49.185,4986,0
2015-03-11,15:00:00,49.205,49.314,49.195,49.284,2758,0
2015-03-11,16:00:00,49.235,49.274,49.235,49.235,465,0
2015-03-11,17:00:00,49.255,49.344,49.235,49.329,2155,0
2015-03-11,18:00:00,49.314,49.403,49.314,49.383,4064,0
2015-03-11,19:00:00,49.383,49.383,49.344,49.344,1756,0
2015-03-11,20:00:00,49.373,49.472,49.245,49.373,8408,0
2015-03-11,21:00:00,49.452,49.477,49.284,49.403,12022,0
2015-03-12,15:00:00,50.322,50.382,50.253,50.253,3023,0
2015-03-12,16:00:00,50.243,50.3,50.224,50.3,1137,0
2015-03-12,17:00:00,50.332,50.441,50.263,50.407,2530,0
2015-03-12,18:00:00,50.401,50.401,50.302,50.302,637,0
2015-03-12,19:00:00,50.341,50.342,50.34,50.34,627,0
2015-03-12,20:00:00,50.312,50.342,50.194,50.194,5108,0
2015-03-12,21:00:00,50.263,50.446,50.253,50.431,13503,0
2015-03-13,15:00:00,50.283,50.283,50.115,50.213,2421,0
2015-03-13,16:00:00,50.134,50.184,50.065,50.184,3240,0
2015-03-13,17:00:00,50.083,50.083,50.017,50.017,207,0
2015-03-13,18:00:00,50.082,50.184,50.082,50.164,907,0
2015-03-13,19:00:00,50.144,50.154,50.049,50.079,2099,0
2015-03-13,20:00:00,50.139,50.184,50.016,50.184,2747,0
2015-03-13,21:00:00,50.184,50.288,50.115,50.273,6557,0
2015-03-16,15:00:00,50.579,50.579,50.55,50.55,1492,0
2015-03-16,16:00:00,50.51,50.579,50.47,50.569,2088,0
2015-03-16,17:00:00,50.5,50.619,50.5,50.619,863,0
2015-03-16,19:00:00,50.619,50.638,50.54,50.619,1473,0
2015-03-16,20:00:00,50.589,50.599,50.52,50.554,3372,0
2015-03-16,21:00:00,50.599,50.609,50.55,50.569,2222,0
2015-03-17,15:00:00,50.293,50.421,50.194,50.421,2141,0
2015-03-17,16:00:00,50.352,50.411,50.273,50.273,67813,0
2015-03-17,17:00:00,50.253,50.253,50.253,50.253,122,0
2015-03-17,18:00:00,50.372,50.372,50.362,50.362,405,0
2015-03-17,19:00:00,50.372,50.391,50.372,50.372,1113,0
2015-03-17,20:00:00,50.393,50.46,50.382,50.46,1012,0
2015-03-17,21:00:00,50.441,50.589,50.421,50.52,6080,0
2015-03-18,15:00:00,50.678,50.678,50.678,50.678,175,0
2015-03-18,16:00:00,50.658,50.698,50.599,50.698,3992,0
2015-03-18,17:00:00,50.688,50.794,50.668,50.794,770,0
2015-03-18,18:00:00,50.703,50.752,50.703,50.752,1876,0
2015-03-18,19:00:00,50.747,50.796,50.569,50.717,13698,0
2015-03-18,20:00:00,50.797,51.241,50.797,51.241,7479,0
2015-03-18,21:00:00,51.35,51.459,51.34,51.439,8476,0
2015-03-19,15:00:00,51.044,51.044,50.975,50.975,2212,0
2015-03-19,16:00:00,50.975,51.133,50.965,50.975,5941,0
2015-03-19,17:00:00,51.004,51.014,50.856,50.905,10381,0
2015-03-19,18:00:00,50.935,50.935,50.9,50.9,1785,0
2015-03-19,19:00:00,50.895,50.994,50.876,50.955,1998,0
2015-03-19,20:00:00,50.935,50.994,50.846,50.955,5910,0
2015-03-19,21:00:00,50.876,51.083,50.876,50.886,4082,0
2015-03-20,15:00:00,51.4,51.627,51.4,51.537,10875,0
2015-03-20,16:00:00,51.637,51.676,51.578,51.637,2023,0
2015-03-20,17:00:00,51.622,51.765,51.597,51.679,13320,0
2015-03-20,18:00:00,51.775,51.884,51.775,51.879,2340,0
2015-03-20,19:00:00,51.844,51.938,51.815,51.904,12036,0
2015-03-20,20:00:00,51.904,51.904,51.835,51.844,12459,0
2015-03-20,21:00:00,51.884,51.928,51.775,51.775,3690,0
2015-03-23,15:00:00,51.884,52.012,51.884,51.983,1922,0
2015-03-23,16:00:00,51.973,52.121,51.973,52.082,7525,0
2015-03-23,17:00:00,52.032,52.062,51.904,52.062,2597,0
2015-03-23,18:00:00,51.963,52.101,51.963,52.032,12501,0
2015-03-23,19:00:00,52.082,52.21,52.032,52.032,12125,0
2015-03-23,20:00:00,52.022,52.131,52.012,52.111,25366,0
2015-03-23,21:00:00,52.101,52.19,52.003,52.003,65445,0
2015-03-24,15:00:00,51.983,52.284,51.983,52.022,6948,0
2015-03-24,16:00:00,52.012,52.101,52.012,52.092,916,0
2015-03-24,17:00:00,52.151,52.19,52.072,52.171,8802,0
2015-03-24,18:00:00,52.177,52.184,52.116,52.151,1214,0
2015-03-24,19:00:00,52.146,52.161,52.022,52.131,10314,0
2015-03-24,20:00:00,52.121,52.171,52.033,52.033,5188,0
2015-03-24,21:00:00,52.072,52.141,52.032,52.092,5842,0
2015-03-25,15:00:00,52.269,52.314,52.23,52.24,1666,0
2015-03-25,16:00:00,52.24,52.26,52.042,52.141,20456,0
2015-03-25,17:00:00,52.131,52.131,52.003,52.012,3339,0
2015-03-25,18:00:00,51.993,52.072,51.963,52.042,2283,0
2015-03-25,19:00:00,51.854,51.943,51.854,51.914,2491,0
2015-03-25,20:00:00,51.933,51.933,51.844,51.933,2794,0
2015-03-25,21:00:00,51.914,51.973,51.835,51.884,8242,0
2015-03-26,15:00:00,51.568,51.568,51.457,51.469,1222,0
2015-03-26,16:00:00,51.479,51.489,51.35,51.419,22936,0
2015-03-26,17:00:00,51.449,51.558,51.439,51.558,809,0
2015-03-26,18:00:00,51.548,51.558,51.518,51.558,708,0
2015-03-26,19:00:00,51.587,51.607,51.489,51.548,2975,0
2015-03-26,20:00:00,51.562,51.562,51.498,51.543,2984,0
2015-03-26,21:00:00,51.38,51.538,51.38,51.538,1925,0
2015-03-27,15:00:00,51.498,51.548,51.498,51.533,4107,0
2015-03-27,16:00:00,51.409,51.538,51.409,51.538,2377,0
2015-03-27,17:00:00,51.548,51.597,51.499,51.499,4643,0
2015-03-27,18:00:00,51.518,51.518,51.518,51.518,224,0
2015-03-27,19:00:00,51.508,51.597,51.503,51.568,3164,0
2015-03-27,20:00:00,51.548,51.61,51.538,51.607,2223,0
2015-03-27,21:00:00,51.607,51.612,51.568,51.568,5000,0
2015-03-30,16:00:00,51.528,51.528,51.419,51.512,2121,0
2015-03-30,17:00:00,51.469,51.568,51.469,51.568,7803,0
2015-03-30,18:00:00,51.548,51.617,51.538,51.607,2939,0
2015-03-30,19:00:00,51.607,51.607,51.578,51.578,111,0
2015-03-30,20:00:00,51.607,51.607,51.597,51.597,1354,0
2015-03-30,21:00:00,51.597,51.647,51.597,51.647,833,0
2015-03-30,22:00:00,51.632,51.716,51.587,51.627,271079,0
2015-03-31,16:00:00,50.836,50.945,50.609,50.836,7668,0
2015-03-31,17:00:00,50.816,50.955,50.815,50.905,108357,0
2015-03-31,18:00:00,50.905,50.935,50.807,50.807,12987,0
2015-03-31,19:00:00,50.856,50.925,50.807,50.899,28507,0
2015-03-31,20:00:00,50.876,50.915,50.816,50.827,2671,0
2015-03-31,21:00:00,50.827,50.904,50.827,50.904,4676,0
2015-03-31,22:00:00,50.904,50.904,50.688,50.688,3103,0
2015-04-01,16:00:00,50.925,50.925,50.688,50.698,4051,0
2015-04-01,17:00:00,50.698,50.777,50.629,50.777,3072,0
2015-04-01,18:00:00,50.777,50.895,50.777,50.807,4440,0
2015-04-01,19:00:00,50.787,50.845,50.777,50.826,1537,0
2015-04-01,20:00:00,50.826,50.826,50.787,50.787,1704,0
2015-04-01,21:00:00,50.787,50.856,50.747,50.851,5501,0
2015-04-01,22:00:00,50.851,50.915,50.836,50.915,2637,0
2015-04-02,16:00:00,51.232,51.468,51.232,51.38,5329,0
2015-04-02,17:00:00,51.34,51.419,51.33,51.33,3794,0
2015-04-02,18:00:00,51.33,51.38,51.212,51.222,3362,0
2015-04-02,19:00:00,51.222,51.33,51.222,51.251,380,0
2015-04-02,20:00:00,51.251,51.37,51.251,51.291,2636,0
2015-04-02,21:00:00,51.291,51.37,51.271,51.281,2411,0
2015-04-02,22:00:00,51.281,51.37,51.162,51.232,4359,0
2015-04-06,16:00:00,51.736,51.736,51.597,51.676,7028,0
2015-04-06,17:00:00,51.716,52.012,51.716,52.003,14537,0
2015-04-06,18:00:00,52.003,52.003,51.983,52.003,1531,0
2015-04-06,19:00:00,52.003,52.101,52.003,52.101,1451,0
2015-04-06,20:00:00,52.101,52.101,52.082,52.082,819,0
2015-04-06,21:00:00,52.082,52.082,52.003,52.072,1536,0
2015-04-06,22:00:00,52.072,52.072,51.884,51.963,5950,0
2015-04-07,16:00:00,52.101,52.141,51.835,52.131,7068,0
2015-04-07,17:00:00,52.141,52.18,52.062,52.18,15747,0
2015-04-07,18:00:00,52.18,52.19,52.05,52.141,3184,0
2015-04-07,19:00:00,52.18,52.253,52.171,52.21,4691,0
2015-04-07,20:00:00,52.21,52.241,52.18,52.2,11771,0
2015-04-07,21:00:00,52.19,52.228,52.146,52.21,11689,0
2015-04-07,22:00:00,52.21,52.236,51.983,52.131,14555,0
2015-04-08,16:00:00,52.398,52.586,52.398,52.586,6016,0
2015-04-08,17:00:00,52.586,52.596,52.368,52.454,1812,0
2015-04-08,18:00:00,52.454,52.536,52.418,52.526,2433,0
2015-04-08,19:00:00,52.447,52.507,52.447,52.507,884,0
2015-04-08,20:00:00,52.507,52.526,52.476,52.477,1539,0
2015-04-08,21:00:00,52.397,52.536,52.315,52.477,12545,0
2015-04-08,22:00:00,52.485,52.485,52.418,52.418,419,0
2015-04-09,16:00:00,52.566,52.685,52.398,52.418,2116,0
2015-04-09,17:00:00,52.447,52.447,52.309,52.398,13872,0
2015-04-09,18:00:00,52.398,52.487,52.373,52.477,4760,0
2015-04-09,19:00:00,52.477,52.576,52.438,52.438,2474,0
2015-04-09,20:00:00,52.418,52.556,52.418,52.536,3627,0
2015-04-09,21:00:00,52.536,52.586,52.497,52.586,4502,0
2015-04-09,22:00:00,52.566,52.694,52.566,52.655,5598,0
2015-04-10,16:00:00,52.487,52.487,52.289,52.378,1549,0
2015-04-10,17:00:00,52.442,52.457,52.358,52.457,3442,0
2015-04-10,18:00:00,52.457,52.487,52.457,52.487,1594,0
2015-04-10,19:00:00,52.408,52.536,52.408,52.437,1500,0
2015-04-10,20:00:00,52.437,52.566,52.437,52.566,961,0
2015-04-10,21:00:00,52.566,52.594,52.517,52.594,1810,0
2015-04-10,22:00:00,52.594,52.645,52.556,52.635,2283,0
2015-04-13,16:00:00,52.26,52.279,52.18,52.279,2168,0
2015-04-13,17:00:00,52.279,52.304,52.187,52.21,1490,0
2015-04-13,18:00:00,52.137,52.22,52.137,52.22,1226,0
2015-04-13,19:00:00,52.22,52.25,52.19,52.25,349,0
2015-04-13,20:00:00,52.191,52.288,52.093,52.131,7185,0
2015-04-13,21:00:00,52.2,52.302,52.151,52.151,6697,0
2015-04-13,22:00:00,52.171,52.18,52.111,52.111,4332,0
2015-04-14,16:00:00,52.467,52.467,52.467,52.467,452,0
2015-04-14,17:00:00,52.447,52.447,52.428,52.428,1148,0
2015-04-14,18:00:00,52.428,52.526,52.378,52.497,1341,0
2015-04-14,19:00:00,52.497,52.507,52.43,52.43,611,0
2015-04-14,20:00:00,52.43,52.517,52.43,52.517,343,0
2015-04-14,21:00:00,52.517,52.531,52.378,52.477,6814,0
2015-04-14,22:00:00,52.477,52.517,52.418,52.428,3587,0
2015-04-15,16:00:00,52.591,52.591,52.487,52.487,810,0
2015-04-15,17:00:00,52.487,52.561,52.487,52.517,542,0
2015-04-15,18:00:00,52.517,52.517,52.437,52.489,1580,0
2015-04-15,19:00:00,52.489,52.502,52.467,52.502,375,0
2015-04-15,20:00:00,52.447,52.744,52.437,52.704,5566,0
2015-04-15,21:00:00,52.714,52.793,52.625,52.724,2975,0
2015-04-15,22:00:00,52.724,52.724,52.606,52.676,1119,0
2015-04-16,16:00:00,52.853,52.853,52.803,52.803,878,0
2015-04-16,17:00:00,52.764,52.803,52.655,52.655,2397,0
2015-04-16,18:00:00,52.65,52.775,52.65,52.704,16041,0
2015-04-16,20:00:00,52.704,52.813,52.704,52.813,1536,0
2015-04-16,21:00:00,52.813,52.97,52.813,52.97,1017,0
2015-04-16,22:00:00,52.97,52.991,52.803,52.951,79609,0
2015-04-17,16:00:00,52.586,52.586,52.092,52.398,19126,0
2015-04-17,17:00:00,52.378,52.388,52.269,52.362,835,0
2015-04-17,18:00:00,52.299,52.321,52.23,52.274,1912,0
2015-04-17,19:00:00,52.339,52.378,52.229,52.368,2678,0
2015-04-17,20:00:00,52.289,52.353,52.269,52.289,1375,0
2015-04-17,21:00:00,52.279,52.358,52.171,52.255,41344,0
2015-04-17,22:00:00,52.23,52.408,52.161,52.161,64107,0
2015-04-20,16:00:00,52.349,52.349,52.18,52.319,1382,0
2015-04-20,17:00:00,52.329,52.358,52.22,52.22,1281,0
2015-04-20,18:00:00,52.388,52.388,52.26,52.27,325,0
2015-04-20,19:00:00,52.279,52.348,52.25,52.339,637,0
2015-04-20,20:00:00,52.329,52.329,52.23,52.289,442,0
2015-04-20,21:00:00,52.289,52.378,52.25,52.378,1452,0
2015-04-20,22:00:00,52.403,52.447,52.279,52.437,3062,0
2015-04-21,16:00:00,52.966,53.248,52.695,52.872,3645,0
2015-04-21,17:00:00,52.813,52.971,52.803,52.971,1385,0
2015-04-21,18:00:00,52.942,52.942,52.912,52.912,114,0
2015-04-21,19:00:00,52.981,52.993,52.882,52.922,1220,0
2015-04-21,20:00:00,52.922,52.932,52.902,52.902,809,0
2015-04-21,21:00:00,52.902,52.959,52.833,52.892,2078,0
2015-04-21,22:00:00,52.823,52.961,52.734,52.833,6800,0
2015-04-22,16:00:00,53.149,53.149,52.942,53.021,1606,0
2015-04-22,17:00:00,52.922,53.021,52.922,53.021,835,0
2015-04-22,18:00:00,53.129,53.129,53.011,53.09,858,0
2015-04-22,19:00:00,53.1,53.386,53.1,53.129,2428,0
2015-04-22,20:00:00,53.169,53.198,53.135,53.189,5547,0
2015-04-22,21:00:00,53.159,53.268,53.159,53.248,537,0
2015-04-22,22:00:00,53.209,53.238,53.179,53.228,2208,0
2015-04-23,16:00:00,52.942,52.951,52.942,52.942,809,0
2015-04-23,17:00:00,52.951,53.031,52.951,53.031,11432,0
2015-04-23,18:00:00,53.149,53.164,53.018,53.018,459,0
2015-04-23,19:00:00,53.169,53.199,53.169,53.169,1848,0
2015-04-23,20:00:00,53.268,53.268,53.164,53.179,911,0
2015-04-23,21:00:00,53.179,53.307,53.11,53.11,13252,0
2015-04-23,22:00:00,53.129,53.297,53.129,53.297,4010,0
2015-04-24,16:00:00,53.643,53.782,53.485,53.604,6608,0
2015-04-24,17:00:00,53.594,53.594,53.589,53.589,504,0
2015-04-24,18:00:00,53.634,53.634,53.495,53.495,1294,0
2015-04-24,19:00:00,53.653,53.663,53.545,53.564,16838,0
2015-04-24,20:00:00,53.579,53.618,53.535,53.604,35526,0
2015-04-24,21:00:00,53.604,53.634,53.505,53.614,11374,0
2015-04-24,22:00:00,53.614,53.693,53.545,53.554,7506,0
2015-04-27,16:00:00,53.792,53.821,53.564,53.762,9613,0
2015-04-27,17:00:00,53.92,53.92,53.806,53.881,660,0
2015-04-27,18:00:00,53.861,53.9,53.742,53.811,8023,0
2015-04-27,19:00:00,53.891,53.891,53.764,53.764,330,0
2015-04-27,20:00:00,53.79,53.841,53.656,53.753,5406,0
2015-04-27,21:00:00,53.624,53.693,53.624,53.693,1097,0
2015-04-27,22:00:00,53.636,53.802,53.614,53.713,2449,0
2015-04-28,16:00:00,54.049,54.049,53.891,53.91,1937,0
2015-04-28,17:00:00,53.891,53.95,53.722,53.881,9352,0
2015-04-28,18:00:00,53.95,53.979,53.821,53.95,5632,0
2015-04-28,19:00:00,53.93,53.994,53.861,53.94,5316,0
2015-04-28,20:00:00,53.93,53.992,53.881,53.94,2814,0
2015-04-28,21:00:00,53.94,53.97,53.861,53.91,6335,0
2015-04-28,22:00:00,53.861,53.95,53.802,53.821,3362,0
2015-04-29,16:00:00,53.456,53.564,53.456,53.465,5773,0
2015-04-29,17:00:00,53.485,53.495,53.297,53.485,29044,0
2015-04-29,19:00:00,53.317,53.322,53.268,53.268,1434,0
2015-04-29,20:00:00,53.228,53.377,53.199,53.377,6313,0
2015-04-29,21:00:00,53.209,53.535,53.209,53.535,1897,0
2015-04-29,22:00:00,53.278,53.489,53.278,53.446,1871,0
2015-04-30,16:00:00,52.724,52.734,52.447,52.477,24254,0
2015-04-30,17:00:00,52.487,52.546,52.453,52.54,1344,0
2015-04-30,18:00:00,52.576,52.586,52.329,52.389,3231,0
2015-04-30,19:00:00,52.339,52.418,52.279,52.349,5463,0
2015-04-30,20:00:00,52.358,52.457,52.339,52.339,2883,0
2015-04-30,21:00:00,52.428,52.546,52.339,52.408,3256,0
2015-04-30,22:00:00,52.398,52.398,52.21,52.339,3656,0
2015-05-01,16:00:00,52.526,52.526,52.26,52.497,3442,0
2015-05-01,17:00:00,52.497,52.497,52.339,52.388,1113,0
2015-05-01,18:00:00,52.357,52.437,52.357,52.437,418,0
2015-05-01,19:00:00,52.472,52.507,52.428,52.437,1593,0
2015-05-01,20:00:00,52.526,52.526,52.526,52.526,101,0
2015-05-01,21:00:00,52.536,52.665,52.536,52.655,2614,0
2015-05-01,22:00:00,52.659,52.659,52.566,52.625,555,0
2015-05-04,16:00:00,52.853,52.853,52.694,52.793,20360,0
2015-05-04,17:00:00,52.803,52.872,52.744,52.863,5097,0
2015-05-04,18:00:00,52.745,52.745,52.69,52.69,1045,0
2015-05-04,19:00:00,52.809,52.833,52.809,52.833,404,0
2015-05-04,20:00:00,52.695,52.872,52.695,52.853,5715,0
2015-05-04,21:00:00,52.724,52.892,52.724,52.882,3450,0
2015-05-04,22:00:00,52.863,53.04,52.774,52.942,4904,0
2015-05-05,16:00:00,52.546,52.645,52.517,52.645,6913,0
2015-05-05,17:00:00,52.556,52.598,52.418,52.598,2097,0
2015-05-05,18:00:00,52.309,52.309,52.101,52.269,17959,0
2015-05-05,19:00:00,52.246,52.246,52.246,52.246,202,0
2015-05-05,20:00:00,52.112,52.141,52.062,52.062,2513,0
2015-05-05,21:00:00,52.013,52.22,52.013,52.107,620,0
2015-05-05,22:00:00,52.289,52.309,52.151,52.151,2303,0
2015-05-06,16:00:00,52.18,52.18,51.933,51.953,23051,0
2015-05-06,17:00:00,52.022,52.2,51.923,52.2,1934,0
2015-05-06,18:00:00,52.001,52.072,51.993,52.022,1659,0
2015-05-06,19:00:00,52.082,52.082,51.815,51.844,4930,0
2015-05-06,20:00:00,51.839,51.844,51.716,51.818,3913,0
2015-05-06,21:00:00,51.815,51.874,51.709,51.729,2553,0
2015-05-06,22:00:00,51.736,51.785,51.667,51.755,18172,0
2015-05-07,16:00:00,51.755,51.825,51.666,51.686,3880,0
2015-05-07,17:00:00,51.746,51.765,51.696,51.755,1119,0
2015-05-07,18:00:00,51.706,51.785,51.706,51.765,4620,0
2015-05-07,19:00:00,51.745,51.82,51.637,51.82,3311,0
2015-05-07,20:00:00,51.736,51.795,51.726,51.755,3857,0
2015-05-07,21:00:00,51.775,51.844,51.765,51.795,1211,0
2015-05-07,22:00:00,51.854,51.864,51.736,51.854,3493,0
2015-05-08,16:00:00,52.372,52.556,52.372,52.487,7364,0
2015-05-08,17:00:00,52.467,52.601,52.418,52.566,19667,0
2015-05-08,18:00:00,52.571,52.724,52.571,52.714,4862,0
2015-05-08,19:00:00,52.675,52.743,52.635,52.704,3878,0
2015-05-08,20:00:00,52.714,52.732,52.694,52.694,2563,0
2015-05-08,21:00:00,52.615,52.694,52.615,52.675,6406,0
2015-05-08,22:00:00,52.675,52.783,52.655,52.655,3638,0
2015-05-11,16:00:00,52.25,52.25,52.22,52.22,2020,0
2015-05-11,17:00:00,52.269,52.299,52.161,52.2,2232,0
2015-05-11,18:00:00,52.19,52.19,52.18,52.18,607,0
2015-05-11,19:00:00,52.062,52.19,52.062,52.151,616,0
2015-05-11,20:00:00,52.22,52.25,52.19,52.25,607,0
2015-05-11,21:00:00,52.23,52.24,52.042,52.085,4789,0
2015-05-11,22:00:00,52.101,52.151,52.092,52.131,1698,0
2015-05-12,16:00:00,52.19,52.19,52.087,52.087,2833,0
2015-05-12,17:00:00,52.072,52.309,52.032,52.309,2071,0
2015-05-12,18:00:00,52.19,52.24,52.171,52.215,5070,0
2015-05-12,19:00:00,52.176,52.299,52.176,52.25,1315,0
2015-05-12,20:00:00,52.289,52.329,52.111,52.111,3719,0
2015-05-12,21:00:00,52.21,52.289,52.072,52.25,6695,0
2015-05-12,22:00:00,52.309,52.349,52.131,52.309,3718,0
2015-05-13,16:00:00,52.843,53.021,52.843,52.843,2300,0
2015-05-13,17:00:00,52.922,52.922,52.922,52.922,101,0
2015-05-13,18:00:00,52.892,52.892,52.764,52.774,3703,0
2015-05-13,19:00:00,52.793,52.793,52.793,52.793,278,0
2015-05-13,20:00:00,52.882,52.882,52.724,52.724,931,0
2015-05-13,21:00:00,52.793,52.823,52.685,52.714,3693,0
2015-05-13,22:00:00,52.753,52.753,52.635,52.635,2846,0
2015-05-14,16:00:00,52.803,52.833,52.793,52.833,1625,0
2015-05-14,17:00:00,52.745,52.922,52.745,52.922,3444,0
2015-05-14,18:00:00,52.863,52.882,52.855,52.872,2121,0
2015-05-14,19:00:00,52.912,52.961,52.893,52.942,1391,0
2015-05-14,20:00:00,52.991,52.991,52.803,52.971,1568,0
2015-05-14,21:00:00,52.971,52.971,52.793,52.793,3872,0
2015-05-14,22:00:00,52.844,52.981,52.843,52.863,3812,0
2015-05-15,16:00:00,53.149,53.149,52.991,53.06,4005,0
2015-05-15,17:00:00,53.139,53.258,53.139,53.199,2185,0
2015-05-15,18:00:00,53.23,53.23,53.1,53.19,3552,0
2015-05-15,19:00:00,53.258,53.258,53.129,53.208,1400,0
2015-05-15,20:00:00,53.209,53.327,53.208,53.327,329,0
2015-05-15,21:00:00,53.112,53.317,53.11,53.228,1864,0
2015-05-15,22:00:00,53.09,53.288,53.09,53.288,1712,0
2015-05-18,16:00:00,53.268,53.668,53.139,53.218,8621,0
2015-05-18,17:00:00,53.218,53.218,53.189,53.189,221,0
2015-05-18,18:00:00,53.208,53.292,53.208,53.268,613,0
2015-05-18,19:00:00,53.278,53.317,53.238,53.238,1808,0
2015-05-18,20:00:00,53.297,53.297,53.248,53.248,2007,0
2015-05-18,21:00:00,53.292,53.307,53.179,53.218,10162,0
2015-05-18,22:00:00,53.228,53.377,53.159,53.377,11269,0
2015-05-19,16:00:00,53.159,53.168,53.159,53.168,1335,0
2015-05-19,17:00:00,53.077,53.189,53.07,53.139,4706,0
2015-05-19,18:00:00,53.12,53.218,53.12,53.218,1787,0
2015-05-19,19:00:00,53.204,53.218,53.169,53.179,1619,0
2015-05-19,20:00:00,53.184,53.184,53.169,53.169,574,0
2015-05-19,21:00:00,53.189,53.189,53.189,53.189,101,0
2015-05-19,22:00:00,53.149,53.169,52.981,53.159,2702,0
2015-05-20,16:00:00,53.001,53.001,52.853,52.907,2059,0
2015-05-20,17:00:00,52.912,52.969,52.892,52.892,1138,0
2015-05-20,18:00:00,52.932,52.951,52.902,52.951,1344,0
2015-05-20,19:00:00,52.991,52.991,52.922,52.961,1408,0
2015-05-20,20:00:00,53.03,53.031,53.03,53.031,222,0
2015-05-20,21:00:00,52.981,53.199,52.907,53.116,3469,0
2015-05-20,22:00:00,53.248,53.248,52.892,53.139,3474,0
2015-05-21,16:00:00,53.09,53.09,52.853,53.06,3397,0
2015-05-21,17:00:00,53.08,53.129,53.022,53.06,2016,0
2015-05-21,20:00:00,53.218,53.218,53.08,53.08,548,0
2015-05-21,21:00:00,53.159,53.199,53.159,53.199,645,0
2015-05-21,22:00:00,53.147,53.357,53.104,53.238,3850,0
2015-05-22,16:00:00,53.179,53.179,53.06,53.09,1458,0
2015-05-22,17:00:00,53.11,53.288,53.05,53.288,15957,0
2015-05-22,18:00:00,53.228,53.238,53.129,53.149,2328,0
2015-05-22,19:00:00,53.101,53.228,53.1,53.228,641,0
2015-05-22,20:00:00,53.208,53.258,53.208,53.258,1548,0
2015-05-22,21:00:00,53.236,53.268,53.155,53.268,663,0
2015-05-22,22:00:00,53.248,53.268,53.139,53.248,2987,0
2015-05-26,16:00:00,53.11,53.11,52.912,52.951,3616,0
2015-05-26,17:00:00,52.872,52.882,52.635,52.675,3199,0
2015-05-26,18:00:00,52.675,52.783,52.675,52.736,6568,0
2015-05-26,19:00:00,52.732,52.749,52.662,52.714,5912,0
2015-05-26,20:00:00,52.704,52.813,52.675,52.714,6698,0
2015-05-26,21:00:00,52.714,52.742,52.586,52.665,2078,0
2015-05-26,22:00:00,52.739,52.803,52.685,52.685,2593,0
2015-05-27,16:00:00,52.685,52.971,52.685,52.833,8775,0
2015-05-27,17:00:00,52.734,52.734,52.734,52.734,172,0
2015-05-27,18:00:00,52.704,52.704,52.704,52.704,340,0
2015-05-27,19:00:00,52.832,52.832,52.774,52.774,798,0
2015-05-27,20:00:00,52.734,52.795,52.734,52.795,769,0
2015-05-27,21:00:00,52.838,52.838,52.724,52.784,1417,0
2015-05-27,22:00:00,52.817,52.971,52.809,52.872,1818,0
2015-05-28,16:00:00,52.418,52.418,52.26,52.309,2142,0
2015-05-28,17:00:00,52.358,52.388,52.319,52.329,1584,0
2015-05-28,18:00:00,52.368,52.368,52.299,52.358,1619,0
2015-05-28,19:00:00,52.368,52.388,52.307,52.378,1486,0
2015-05-28,20:00:00,52.507,52.517,52.507,52.517,911,0
2015-05-28,21:00:00,52.526,52.581,52.467,52.581,2498,0
2015-05-28,22:00:00,52.586,52.586,52.388,52.586,4316,0
2015-05-29,16:00:00,52.467,52.467,52.467,52.467,1420,0
2015-05-29,17:00:00,52.399,52.447,52.181,52.181,4316,0
2015-05-29,18:00:00,52.161,52.319,52.141,52.151,887,0
2015-05-29,19:00:00,52.191,52.418,52.161,52.418,1550,0
2015-05-29,20:00:00,52.201,52.368,52.201,52.27,943,0
2015-05-29,21:00:00,52.22,52.22,52.141,52.141,405,0
2015-05-29,22:00:00,52.314,52.358,52.141,52.181,2773,0
2015-06-01,16:00:00,52.161,52.507,52.161,52.507,879,0
2015-06-01,17:00:00,52.408,52.408,52.26,52.26,6257,0
2015-06-01,18:00:00,52.339,52.349,52.319,52.339,2327,0
2015-06-01,19:00:00,52.363,52.388,52.299,52.358,8669,0
2015-06-01,20:00:00,52.358,52.387,52.358,52.387,433,0
2015-06-01,21:00:00,52.332,52.408,52.319,52.361,3708,0
2015-06-01,22:00:00,52.289,52.437,52.24,52.24,1911,0
2015-06-02,16:00:00,52.338,52.338,52.338,52.338,132,0
2015-06-02,17:00:00,52.358,52.358,52.27,52.27,228,0
2015-06-02,18:00:00,52.298,52.298,52.298,52.298,121,0
2015-06-02,19:00:00,52.368,52.368,52.368,52.368,304,0
2015-06-02,20:00:00,52.388,52.418,52.388,52.418,1659,0
2015-06-02,21:00:00,52.349,52.349,52.334,52.334,1113,0
2015-06-02,22:00:00,52.23,52.329,52.21,52.26,4372,0
2015-06-03,16:00:00,52.368,52.368,52.21,52.358,3244,0
2015-06-03,17:00:00,52.546,52.546,52.488,52.546,2931,0
2015-06-03,19:00:00,52.576,52.586,52.378,52.378,1023,0
2015-06-03,21:00:00,52.487,52.556,52.388,52.556,5063,0
2015-06-03,22:00:00,52.329,52.388,52.319,52.349,1109,0
2015-06-04,16:00:00,52.012,52.012,51.933,51.933,2044,0
2015-06-04,17:00:00,51.915,52.003,51.915,51.993,3092,0
2015-06-04,18:00:00,51.854,51.874,51.854,51.874,3434,0
2015-06-04,19:00:00,51.983,51.983,51.983,51.983,214,0
2015-06-04,20:00:00,51.864,51.885,51.775,51.885,5187,0
2015-06-04,21:00:00,51.844,51.854,51.844,51.854,253,0
2015-06-04,22:00:00,51.884,51.963,51.845,51.963,1346,0
2015-06-05,16:00:00,51.627,51.627,51.459,51.498,2118,0
2015-06-05,17:00:00,51.498,51.657,51.498,51.647,1922,0
2015-06-05,18:00:00,51.459,51.459,51.449,51.449,306,0
2015-06-05,19:00:00,51.5,51.5,51.401,51.401,258,0
2015-06-05,20:00:00,51.617,51.617,51.586,51.586,10825,0
2015-06-05,21:00:00,51.637,51.637,51.637,51.637,163,0
2015-06-05,22:00:00,51.558,51.558,51.498,51.498,409,0
2015-06-08,16:00:00,51.321,51.321,51.321,51.321,221,0
2015-06-08,17:00:00,51.347,51.347,51.233,51.266,480,0
2015-06-08,18:00:00,51.325,51.325,51.325,51.325,708,0
2015-06-08,19:00:00,51.281,51.281,51.251,51.271,1100,0
2015-06-08,20:00:00,51.281,51.4,51.271,51.306,1448,0
2015-06-08,21:00:00,51.291,51.39,51.271,51.301,3082,0
2015-06-08,22:00:00,51.479,51.479,51.432,51.432,917,0
2015-06-09,16:00:00,51.034,51.034,50.876,50.955,3039,0
2015-06-09,17:00:00,50.93,50.945,50.79,50.866,2403,0
2015-06-09,18:00:00,50.955,50.994,50.846,50.994,2150,0
2015-06-09,19:00:00,50.975,50.98,50.935,50.965,809,0
2015-06-09,20:00:00,50.955,51.044,50.955,51.014,2451,0
2015-06-09,21:00:00,51.034,51.064,51.024,51.024,517,0
2015-06-09,22:00:00,50.945,50.984,50.866,50.955,1743,0
2015-06-10,16:00:00,51.765,51.775,51.4,51.578,3527,0
2015-06-10,17:00:00,51.607,51.607,51.537,51.607,1720,0
2015-06-10,18:00:00,51.666,51.736,51.666,51.716,2023,0
2015-06-10,19:00:00,51.722,51.722,51.632,51.696,1464,0
2015-06-10,20:00:00,51.701,51.706,51.662,51.666,3309,0
2015-06-10,21:00:00,51.686,51.737,51.686,51.686,9307,0
2015-06-10,22:00:00,51.686,51.785,51.578,51.785,7918,0
2015-06-11,17:00:00,51.983,52.002,51.805,51.933,5151,0
2015-06-11,18:00:00,52.032,52.032,51.983,51.983,202,0
2015-06-11,19:00:00,52.003,52.012,51.993,51.993,443,0
2015-06-11,20:00:00,52.022,52.092,51.924,52.04,2503,0
2015-06-11,21:00:00,52.072,52.131,52.031,52.079,2004,0
2015-06-11,22:00:00,52.121,52.121,51.884,52.022,2546,0
2015-06-12,16:00:00,51.676,51.676,51.647,51.657,2226,0
2015-06-12,17:00:00,51.617,51.795,51.587,51.795,1970,0
2015-06-12,18:00:00,51.706,51.844,51.599,51.746,1012,0
2015-06-12,19:00:00,51.637,51.637,51.637,51.637,139,0
2015-06-12,20:00:00,51.79,51.79,51.79,51.79,420,0
2015-06-12,21:00:00,51.793,51.793,51.662,51.676,4476,0
2015-06-12,22:00:00,51.755,51.864,51.657,51.666,10877,0
2015-06-15,16:00:00,51.696,51.726,51.587,51.627,48153,0
2015-06-15,17:00:00,51.62,51.62,51.578,51.578,383,0
2015-06-15,18:00:00,51.638,51.805,51.638,51.755,864,0
2015-06-15,19:00:00,51.752,51.815,51.696,51.696,1267,0
2015-06-15,20:00:00,51.785,51.825,51.736,51.746,1586,0
2015-06-15,21:00:00,51.815,51.835,51.706,51.753,7619,0
2015-06-15,22:00:00,51.736,51.864,51.711,51.765,6038,0
2015-06-16,16:00:00,51.568,51.784,51.568,51.578,1912,0
2015-06-16,17:00:00,51.627,51.627,51.498,51.498,405,0
2015-06-16,18:00:00,51.578,51.647,51.549,51.549,2139,0
2015-06-16,19:00:00,51.681,51.721,51.666,51.706,681,0
2015-06-16,20:00:00,51.628,51.676,51.578,51.657,861,0
2015-06-16,21:00:00,51.657,51.736,51.657,51.736,3693,0
2015-06-16,22:00:00,51.785,51.795,51.702,51.786,2726,0
2015-06-17,16:00:00,51.469,51.607,51.28,51.33,2197,0
2015-06-17,17:00:00,51.379,51.379,51.212,51.33,1820,0
2015-06-17,19:00:00,51.251,51.251,51.123,51.133,785,0
2015-06-17,20:00:00,51.172,51.172,51.172,51.172,101,0
2015-06-17,21:00:00,51.241,51.558,51.241,51.558,1478,0
2015-06-17,22:00:00,51.597,51.676,51.534,51.617,2667,0
2015-06-18,16:00:00,51.607,51.607,51.449,51.596,2700,0
2015-06-18,17:00:00,51.548,51.726,51.548,51.558,3401,0
2015-06-18,18:00:00,51.746,51.835,51.679,51.679,2010,0
2015-06-18,19:00:00,51.658,51.785,51.658,51.776,1393,0
2015-06-18,20:00:00,51.824,51.825,51.824,51.825,253,0
2015-06-18,21:00:00,51.795,51.815,51.706,51.708,2070,0
2015-06-18,22:00:00,51.755,51.844,51.637,51.795,3149,0
2015-06-19,16:00:00,51.825,51.938,51.686,51.686,1430,0
2015-06-19,17:00:00,51.795,51.835,51.686,51.825,1499,0
2015-06-19,18:00:00,51.657,51.835,51.657,51.755,507,0
2015-06-19,19:00:00,51.853,51.853,51.696,51.696,421,0
2015-06-19,21:00:00,51.716,51.904,51.716,51.904,450,0
2015-06-19,22:00:00,51.884,51.894,51.676,51.676,2125,0
2015-06-22,16:00:00,52.596,52.596,52.25,52.398,4579,0
2015-06-22,17:00:00,52.378,52.457,52.289,52.447,2377,0
2015-06-22,18:00:00,52.309,52.556,52.309,52.354,4672,0
2015-06-22,19:00:00,52.447,52.457,52.314,52.442,2934,0
2015-06-22,20:00:00,52.428,52.447,52.368,52.436,3033,0
2015-06-22,21:00:00,52.409,52.409,52.276,52.276,692,0
2015-06-22,22:00:00,52.387,52.387,52.23,52.349,3635,0
2015-06-23,16:00:00,52.437,52.655,52.437,52.615,14901,0
2015-06-23,17:00:00,52.675,52.793,52.497,52.655,6956,0
2015-06-23,18:00:00,52.646,52.714,52.646,52.714,1966,0
2015-06-23,19:00:00,52.822,52.823,52.754,52.754,452,0
2015-06-23,20:00:00,52.719,52.719,52.719,52.719,106,0
2015-06-23,21:00:00,52.734,52.798,52.645,52.754,3727,0
2015-06-23,22:00:00,52.774,52.812,52.645,52.783,3674,0
2015-06-24,16:00:00,52.269,52.477,52.23,52.437,6675,0
2015-06-24,17:00:00,52.368,52.477,52.289,52.418,6298,0
2015-06-24,18:00:00,52.309,52.393,52.26,52.358,7812,0
2015-06-24,19:00:00,52.279,52.418,52.22,52.26,7285,0
2015-06-24,20:00:00,52.26,52.349,52.18,52.299,5879,0
2015-06-24,21:00:00,52.26,52.289,52.22,52.269,5757,0
2015-06-24,22:00:00,52.269,52.408,52.23,52.23,9168,0
2015-06-25,16:00:00,52.58,52.74,52.36,52.42,5788,0
2015-06-25,17:00:00,52.479,52.5,52.4,52.447,2788,0
2015-06-25,18:00:00,52.41,52.48,52.355,52.48,15716,0
2015-06-25,19:00:00,52.33,52.35,52.325,52.33,1300,0
2015-06-25,20:00:00,52.33,52.47,52.33,52.33,3820,0
2015-06-25,21:00:00,52.33,52.44,52.26,52.27,7250,0
2015-06-25,22:00:00,52.27,52.37,52.24,52.37,6036,0
2015-06-26,16:00:00,52.27,52.27,52.02,52.24,5167,0
2015-06-26,17:00:00,52.29,52.32,52.18,52.22,5320,0
2015-06-26,18:00:00,52.129,52.26,52.01,52.23,4561,0
2015-06-26,19:00:00,52.23,52.26,52.15,52.21,4677,0
2015-06-26,20:00:00,52.21,52.25,52.14,52.22,2100,0
2015-06-26,21:00:00,52.25,52.25,52.06,52.24,4763,0
2015-06-26,22:00:00,52.24,52.3,52.1001,52.25,3152,0
2015-06-29,16:00:00,51.73,51.73,51.01,51.2,3700,0
2015-06-29,18:00:00,51.11,51.308,51.11,51.3,914,0
2015-06-29,19:00:00,51.3199,51.328,51.288,51.288,1037,0
2015-06-29,20:00:00,51.09,51.308,51.08,51.1,5196,0
2015-06-29,21:00:00,51.25,51.26,51.0601,51.21,3688,0
2015-06-29,22:00:00,50.9901,51.08,50.89,50.94,6046,0
2015-06-30,16:00:00,51.54,51.8,51.36,51.36,5075,0
2015-06-30,17:00:00,51.45,51.45,51.4,51.4,2095,0
2015-06-30,18:00:00,51.38,51.4599,51.38,51.45,1443,0
2015-06-30,19:00:00,51.35,51.41,51.31,51.347,4397,0
2015-06-30,20:00:00,51.3,51.3,51.2401,51.2937,1751,0
2015-06-30,21:00:00,51.295,51.44,51.295,51.44,7503,0
2015-06-30,22:00:00,51.39,51.4,51.29,51.29,4500,0
2015-07-01,16:00:00,51.72,51.999,51.48,51.66,5031,0
2015-07-01,17:00:00,51.73,51.87,51.73,51.81,11392,0
2015-07-01,18:00:00,51.8377,51.84,51.655,51.815,7931,0
2015-07-01,19:00:00,51.6,51.73,51.47,51.5,5175,0
2015-07-01,20:00:00,51.64,51.64,51.64,51.64,100,0
2015-07-01,21:00:00,51.66,51.67,51.456,51.46,3415,0
2015-07-01,22:00:00,51.4601,51.74,51.4601,51.52,13640,0
2015-07-02,16:00:00,51.74,51.74,51.74,51.74,2157,0
2015-07-02,17:00:00,51.758,51.758,51.6578,51.6578,853,0
2015-07-02,18:00:00,51.7,51.74,51.69,51.74,5154,0
2015-07-02,19:00:00,51.7344,51.74,51.7344,51.7372,1390,0
2015-07-02,20:00:00,51.7358,51.74,51.7299,51.7299,1840,0
2015-07-02,21:00:00,51.63,51.66,51.615,51.615,1820,0
2015-07-02,22:00:00,51.66,51.784,51.62,51.67,18215,0
2015-07-06,16:00:00,51.16,51.16,50.94,51.03,3450,0
2015-07-06,17:00:00,51.035,51.2299,50.91,51.2299,7313,0
2015-07-06,18:00:00,51.28,51.28,51.11,51.11,2468,0
2015-07-06,19:00:00,51.01,51.19,51.01,51.1199,1410,0
2015-07-06,20:00:00,50.98,51.23,50.9401,51.11,21606,0
2015-07-06,21:00:00,50.96,51.0377,50.82,51.01,6292,0
2015-07-06,22:00:00,50.98,51.04,50.93,51,248221,0
2015-07-07,16:00:00,50.96,50.97,50.89,50.89,1400,0
2015-07-07,17:00:00,50.86,50.87,50.56,50.6799,5745,0
2015-07-07,18:00:00,50.6,50.6,50.45,50.53,40487,0
2015-07-07,19:00:00,50.54,50.771,50.5201,50.72,36023,0
2015-07-07,20:00:00,50.63,50.8399,50.6,50.79,13695,0
2015-07-07,21:00:00,50.88,50.92,50.771,50.92,1119,0
2015-07-07,22:00:00,50.92,51.045,50.92,50.95,384,0
2015-07-08,16:00:00,49.92,49.92,49.6,49.71,3267,0
2015-07-08,17:00:00,49.64,49.715,49.49,49.715,3470,0
2015-07-08,18:00:00,49.51,49.65,49.49,49.5525,2414,0
2015-07-08,19:00:00,49.5124,49.62,49.5124,49.53,1075,0
2015-07-08,20:00:00,49.5195,49.55,49.4001,49.465,1731,0
2015-07-08,21:00:00,49.44,49.46,49.195,49.24,3039,0
2015-07-08,22:00:00,49.19,49.295,49.17,49.17,124990,0
2015-07-09,16:00:00,50.21,50.21,50.05,50.05,685,0
2015-07-09,17:00:00,50.09,50.09,49.8801,49.96,10790,0
2015-07-09,18:00:00,50.0104,50.0104,49.92,49.93,1350,0
2015-07-09,19:00:00,49.89,49.89,49.8,49.82,2942,0
2015-07-09,20:00:00,49.8941,49.8941,49.75,49.75,1296,0
2015-07-09,21:00:00,49.79,49.81,49.73,49.81,16323,0
2015-07-09,22:00:00,49.84,49.886,49.78,49.84,2023,0
2015-07-10,16:00:00,50.52,50.52,50.22,50.26,9408,0
2015-07-10,17:00:00,50.32,50.36,50.21,50.33,6825,0
2015-07-10,18:00:00,50.35,50.35,50.2103,50.33,2343,0
2015-07-10,19:00:00,50.32,50.47,50.32,50.37,1830,0
2015-07-10,20:00:00,50.355,50.39,50.24,50.285,1091,0
2015-07-10,21:00:00,50.24,50.47,50.24,50.38,4508,0
2015-07-10,22:00:00,50.4,50.54,50.4,50.4103,6806,0
2015-07-13,16:00:00,50.83,51.02,50.83,51.01,1625,0
2015-07-13,17:00:00,51.025,51.07,50.95,50.9601,3820,0
2015-07-13,18:00:00,50.9775,51.0699,50.9775,51.0699,940,0
2015-07-13,19:00:00,51.04,51.04,50.93,50.975,2075,0
2015-07-13,20:00:00,50.95,51.04,50.879,50.9,4041,0
2015-07-13,21:00:00,50.97,51.12,50.86,51.12,55866,0
2015-07-13,22:00:00,51.11,51.14,50.9982,51.11,2483484,0
2015-07-14,16:00:00,51.23,51.35,51.11,51.22,7607,0
2015-07-14,17:00:00,51.19,51.2041,51.18,51.2041,1021,0
2015-07-14,18:00:00,51.2201,51.33,51.2201,51.3,1230,0
2015-07-14,19:00:00,51.2401,51.34,51.2401,51.34,781,0
2015-07-14,20:00:00,51.38,51.38,51.272,51.37,11874,0
2015-07-14,21:00:00,51.35,51.41,51.2735,51.32,40513,0
2015-07-14,22:00:00,51.44,51.44,51.3,51.3,1980,0
2015-07-15,16:00:00,51.37,51.37,51.21,51.25,9524,0
2015-07-15,17:00:00,51.23,51.35,51.2101,51.33,1814,0
2015-07-15,18:00:00,51.35,51.38,51.3472,51.38,1420,0
2015-07-15,19:00:00,51.3599,51.3699,51.3201,51.3201,792,0
2015-07-15,20:00:00,51.359,51.4,51.32,51.3201,5490,0
2015-07-15,21:00:00,51.356,51.3716,51.3,51.3,2460,0
2015-07-15,22:00:00,51.38,51.38,51.23,51.31,780,0
2015-07-16,16:00:00,51.55,51.82,51.48,51.655,5645,0
2015-07-16,17:00:00,51.66,51.66,51.59,51.62,3319,0
2015-07-16,18:00:00,51.59,51.64,51.57,51.57,1025,0
2015-07-16,19:00:00,51.5238,51.5238,51.5238,51.5238,364,0
2015-07-16,20:00:00,51.64,51.64,51.55,51.6232,5805,0
2015-07-16,21:00:00,51.605,51.63,51.5,51.62,9417,0
2015-07-16,22:00:00,51.55,51.56,51.5101,51.55,1912,0
2015-07-17,16:00:00,51.59,51.6292,51.58,51.58,4666,0
2015-07-17,17:00:00,51.65,51.68,51.505,51.66,11148,0
2015-07-17,18:00:00,51.66,51.66,51.58,51.64,519,0
2015-07-17,19:00:00,51.65,51.65,51.605,51.65,400,0
2015-07-17,20:00:00,51.65,51.7189,51.61,51.7189,5282,0
2015-07-17,21:00:00,51.515,51.72,51.515,51.71,6956,0
2015-07-17,22:00:00,51.53,51.7,51.53,51.69,3269,0
2015-07-20,16:00:00,51.77,51.84,51.51,51.69,8556,0
2015-07-20,17:00:00,51.7,51.77,51.56,51.75,9379,0
2015-07-20,18:00:00,51.76,51.85,51.67,51.83,5567,0
2015-07-20,19:00:00,51.84,51.92,51.75,51.83,10894,0
2015-07-20,20:00:00,51.82,51.91,51.81,51.84,5185,0
2015-07-20,21:00:00,51.8201,51.9,51.7901,51.88,5190,0
2015-07-20,22:00:00,51.88,51.88,51.63,51.66,16036,0
2015-07-21,16:00:00,51.66,51.6628,51.62,51.64,2709,0
2015-07-21,17:00:00,51.77,51.78,51.65,51.75,7165,0
2015-07-21,18:00:00,51.73,51.73,51.53,51.6,17741,0
2015-07-21,19:00:00,51.66,51.69,51.63,51.655,6889,0
2015-07-21,20:00:00,51.63,51.65,51.57,51.63,9067,0
2015-07-21,21:00:00,51.62,51.6649,51.5,51.6418,5104,0
2015-07-21,22:00:00,51.65,51.729,51.54,51.54,3869,0
2015-07-22,16:00:00,51.27,51.27,51.219,51.22,1604,0
2015-07-22,17:00:00,51.27,51.32,51.25,51.26,5889,0
2015-07-22,18:00:00,51.32,51.36,51.199,51.26,12720,0
2015-07-22,19:00:00,51.3099,51.32,51.18,51.23,3172,0
2015-07-22,20:00:00,51.2401,51.32,51.15,51.29,6686,0
2015-07-22,21:00:00,51.25,51.31,51.19,51.31,3900,0
2015-07-22,22:00:00,51.3174,51.33,51.16,51.2601,10627,0
2015-07-23,16:00:00,51.26,51.37,51.26,51.31,4025,0
2015-07-23,17:00:00,51.271,51.405,51.2601,51.38,21558,0
2015-07-23,18:00:00,51.3,51.32,51.21,51.24,5412,0
2015-07-23,19:00:00,51.2836,51.2836,51.19,51.23,1900,0
2015-07-23,20:00:00,51.21,51.25,51.1601,51.25,4078,0
2015-07-23,21:00:00,51.221,51.28,51.22,51.2799,747,0
2015-07-23,22:00:00,51.2,51.24,51.14,51.19,4274,0
2015-07-24,16:00:00,51.09,51.18,50.9498,50.98,9638,0
2015-07-24,17:00:00,50.91,50.91,50.86,50.88,59301,0
2015-07-24,18:00:00,50.87,50.87,50.85,50.85,700,0
2015-07-24,19:00:00,50.84,50.87,50.77,50.8299,4060,0
2015-07-24,20:00:00,50.86,50.86,50.64,50.66,6444,0
2015-07-24,21:00:00,50.69,50.72,50.5301,50.6999,4893,0
2015-07-24,22:00:00,50.73,50.73,50.58,50.7,1356,0
2015-07-27,16:00:00,50.18,50.3,50.18,50.3,5837,0
2015-07-27,17:00:00,50.29,50.35,50.26,50.27,570,0
2015-07-27,18:00:00,50.38,50.4,50.31,50.38,3781,0
2015-07-27,20:00:00,50.3199,50.36,50.27,50.28,1657,0
2015-07-27,21:00:00,50.28,50.366,50.1806,50.219,9494,0
2015-07-27,22:00:00,50.41,50.41,50.2,50.34,4340,0
2015-07-28,16:00:00,50.48,50.525,50.39,50.51,4829,0
2015-07-28,17:00:00,50.535,50.556,50.44,50.4721,1401,0
2015-07-28,18:00:00,50.4695,50.6346,50.455,50.59,9965,0
2015-07-28,19:00:00,50.65,50.73,50.65,50.73,2030,0
2015-07-28,20:00:00,50.67,50.82,50.6401,50.72,9769,0
2015-07-28,21:00:00,50.78,50.8,50.71,50.73,2244,0
2015-07-28,22:00:00,50.73,50.79,50.68,50.79,2356,0
2015-07-29,16:00:00,50.78,50.78,50.6,50.6,1034,0
2015-07-29,17:00:00,50.69,50.775,50.68,50.71,2323,0
2015-07-29,18:00:00,50.7307,50.85,50.7307,50.85,2813,0
2015-07-29,19:00:00,50.9099,50.9099,50.9099,50.9099,223,0
2015-07-29,20:00:00,50.8138,50.9599,50.76,50.79,4519,0
2015-07-29,21:00:00,50.94,51.04,50.9201,51.03,3725,0
2015-07-29,22:00:00,51.07,51.07,50.88,51.05,1953,0
2015-07-30,16:00:00,50.84,50.84,50.65,50.67,3512,0
2015-07-30,17:00:00,50.72,50.83,50.71,50.79,3600,0
2015-07-30,18:00:00,50.88,50.94,50.85,50.87,25433,0
2015-07-30,19:00:00,50.88,50.94,50.86,50.86,3051,0
2015-07-30,20:00:00,50.93,50.96,50.8301,50.91,4420,0
2015-07-30,21:00:00,50.945,50.98,50.89,50.96,4031,0
2015-07-30,22:00:00,50.999,51.04,50.9,51.04,1422,0
2015-07-31,16:00:00,51.35,51.35,51.29,51.29,261,0
2015-07-31,17:00:00,51.3,51.37,51.26,51.36,8647,0
2015-07-31,18:00:00,51.34,51.402,51.34,51.35,4637,0
2015-07-31,19:00:00,51.378,51.39,51.31,51.31,4649,0
2015-07-31,20:00:00,51.32,51.3616,51.3,51.352,3885,0
2015-07-31,21:00:00,51.34,51.3799,51.28,51.29,6471,0
2015-07-31,22:00:00,51.23,51.31,51.17,51.31,2100,0
2015-08-03,16:00:00,51.07,51.07,50.97,50.98,7981,0
2015-08-03,18:00:00,50.96,51.06,50.94,51.06,505,0
2015-08-03,19:00:00,51.0687,51.0687,50.88,50.88,3537,0
2015-08-03,20:00:00,50.87,50.93,50.83,50.93,4004,0
2015-08-03,21:00:00,50.82,50.9,50.82,50.89,1562,0
2015-08-03,22:00:00,50.89,51,50.81,51,5112,0
2015-08-04,16:00:00,51.17,51.17,51.03,51.05,2149,0
2015-08-04,17:00:00,51.08,51.17,51.08,51.165,2968,0
2015-08-04,18:00:00,51.1502,51.1502,51.08,51.09,7460,0
2015-08-04,19:00:00,51.11,51.18,51.11,51.12,3613,0
2015-08-04,20:00:00,51.11,51.2299,51.1,51.21,6076,0
2015-08-04,21:00:00,51.02,51.15,51.02,51.13,4270,0
2015-08-04,22:00:00,51.0201,51.21,50.98,50.98,5428,0
2015-08-05,16:00:00,51.29,51.421,51.23,51.4,8018,0
2015-08-05,17:00:00,51.27,51.55,51.27,51.55,12198,0
2015-08-05,18:00:00,51.4246,51.4246,51.28,51.28,580,0
2015-08-05,19:00:00,51.2,51.2,51.19,51.19,219,0
2015-08-05,20:00:00,51.22,51.4379,51.22,51.4379,2197,0
2015-08-05,21:00:00,51.4109,51.4391,51.28,51.36,5130,0
2015-08-05,22:00:00,51.39,51.402,51.294,51.34,900,0
2015-08-06,16:00:00,51.06,51.06,50.81,50.93,4902,0
2015-08-06,17:00:00,50.85,50.92,50.83,50.91,2055,0
2015-08-06,18:00:00,50.86,50.92,50.77,50.82,5721,0
2015-08-06,19:00:00,50.83,50.88,50.83,50.88,304,0
2015-08-06,20:00:00,50.8699,50.9199,50.6901,50.7744,4798,0
2015-08-06,21:00:00,50.87,50.89,50.7018,50.81,2746,0
2015-08-06,22:00:00,50.8699,50.9,50.7497,50.81,2622,0
2015-08-07,17:00:00,50.8,50.81,50.78,50.78,1700,0
2015-08-07,18:00:00,50.8782,50.9299,50.85,50.9299,965,0
2015-08-07,19:00:00,51.0299,51.0299,50.91,50.91,254,0
2015-08-07,20:00:00,50.84,50.9792,50.7896,50.9792,13849,0
2015-08-07,21:00:00,50.84,50.9699,50.79,50.91,7388,0
2015-08-07,22:00:00,50.7901,51.0084,50.7901,50.84,1241,0
