Date,Time,Open,High,Low,Close,Volume,OpenInt
2011-03-24,15:00:00,53.6,53.87,53.36,53.87,900,0
2011-03-24,16:00:00,53.98,53.98,53.45,53.45,1200,0
2011-03-24,17:00:00,53.11,53.11,53.11,53.11,400,0
2011-03-24,18:00:00,53.03,53.03,53.03,53.03,200,0
2011-03-24,19:00:00,53.15,53.15,53.08,53.08,700,0
2011-03-24,20:00:00,53.06,53.06,52.92,52.92,700,0
2011-03-24,21:00:00,53.0,53.03,53.0,53.03,1067,0
2011-03-25,15:00:00,52.96,53.17,52.9,53.12,800,0
2011-03-25,16:00:00,53.08,53.09,52.83,52.83,600,0
2011-03-25,17:00:00,52.4,52.55,52.4,52.55,700,0
2011-03-25,18:00:00,52.4,52.71,52.4,52.71,700,0
2011-03-25,19:00:00,52.72,52.73,52.72,52.73,300,0
2011-03-25,20:00:00,52.81,52.81,52.81,52.81,400,0
2011-03-25,21:00:00,52.67,52.75,52.67,52.75,1100,0
2011-03-29,16:00:00,52.85,52.89,52.85,52.89,300,0
2011-03-29,18:00:00,52.24,52.24,52.24,52.24,100,0
2011-03-29,22:00:00,51.59,51.59,51.59,51.59,262,0
2011-03-30,16:00:00,50.66,50.66,50.66,50.66,100,0
2011-03-30,18:00:00,50.3,50.3,50.3,50.3,200,0
2011-03-30,21:00:00,49.97,49.97,49.96,49.96,1200,0
2011-03-30,22:00:00,50.03,50.03,50.03,50.03,200,0
2011-03-31,16:00:00,49.95,50.04,49.95,50.04,300,0
2011-03-31,17:00:00,50.1,50.1,49.7,49.7,650,0
2011-03-31,18:00:00,49.96,49.96,49.96,49.96,300,0
2011-03-31,19:00:00,49.75,49.79,49.59,49.59,600,0
2011-03-31,20:00:00,49.5,49.5,49.5,49.5,200,0
2011-03-31,21:00:00,49.58,49.58,49.58,49.58,300,0
2011-03-31,22:00:00,49.64,49.78,49.64,49.78,674,0
2011-04-01,16:00:00,49.21,49.38,49.02,49.38,500,0
2011-04-01,17:00:00,48.94,49.0,48.94,48.96,500,0
2011-04-01,18:00:00,48.63,48.69,48.63,48.69,400,0
2011-04-01,19:00:00,48.72,48.72,48.72,48.72,200,0
2011-04-01,20:00:00,48.68,48.68,48.68,48.68,400,0
2011-04-01,21:00:00,48.5,48.5,48.5,48.5,200,0
2011-04-01,22:00:00,48.71,48.89,48.64,48.76,1014,0
2011-04-04,16:00:00,48.41,48.52,48.41,48.51,700,0
2011-04-04,17:00:00,48.74,48.74,48.61,48.61,400,0
2011-04-04,18:00:00,48.51,48.51,48.51,48.51,400,0
2011-04-04,19:00:00,48.46,48.55,48.46,48.55,600,0
2011-04-04,20:00:00,48.63,48.63,48.63,48.63,200,0
2011-04-04,21:00:00,48.63,48.63,48.63,48.63,100,0
2011-04-04,22:00:00,48.61,48.61,48.38,48.38,546,0
2011-04-06,18:00:00,47.07,47.07,47.07,47.07,105,0
2011-04-06,21:00:00,47.05,47.05,47.05,47.05,240,0
2011-04-06,22:00:00,46.92,46.98,46.92,46.94,500,0
2011-04-07,17:00:00,46.58,47.23,46.57,47.23,800,0
2011-04-07,18:00:00,47.45,47.45,47.45,47.45,125,0
2011-04-07,19:00:00,47.24,47.24,47.1,47.1,500,0
2011-04-08,16:00:00,46.1,46.1,46.1,46.1,100,0
2011-04-08,18:00:00,46.06,46.06,46.06,46.06,100,0
2011-04-08,22:00:00,46.26,46.26,46.26,46.26,300,0
2011-04-11,16:00:00,45.88,45.88,45.88,45.88,100,0
2011-04-11,18:00:00,45.71,45.71,45.71,45.71,800,0
2011-04-11,22:00:00,46.54,46.54,46.54,46.54,200,0
2011-04-13,16:00:00,46.74,46.87,46.74,46.87,500,0
2011-04-15,16:00:00,47.17,47.17,47.17,47.17,200,0
2011-04-15,18:00:00,46.9,46.9,46.9,46.9,100,0
2011-04-15,21:00:00,46.77,46.77,46.77,46.77,100,0
2011-04-15,22:00:00,46.92,46.92,46.92,46.92,200,0
2011-04-19,16:00:00,48.3,48.3,48.3,48.3,100,0
2011-04-19,21:00:00,47.87,47.87,47.87,47.87,100,0
2011-04-19,22:00:00,47.91,47.91,47.91,47.91,300,0
2011-04-20,21:00:00,45.78,45.78,45.74,45.74,400,0
2011-04-20,22:00:00,45.72,45.72,45.72,45.72,600,0
2011-04-29,17:00:00,44.9,44.9,44.9,44.9,208,0
2011-04-29,18:00:00,44.98,44.98,44.98,44.98,115,0
2011-04-29,19:00:00,44.83,44.83,44.83,44.83,100,0
2011-05-04,17:00:00,47.97,47.97,47.91,47.91,1100,0
2011-05-04,22:00:00,48.36,48.36,48.36,48.36,450,0
2011-05-05,17:00:00,48.86,48.86,48.86,48.86,400,0
2011-05-06,16:00:00,47.04,47.04,47.04,47.04,190,0
2011-05-06,17:00:00,47.06,47.06,47.06,47.06,200,0
2011-05-06,18:00:00,46.79,46.79,46.79,46.79,495,0
2011-05-09,22:00:00,47.11,47.11,47.07,47.07,900,0
2011-05-13,17:00:00,48.59,48.7,48.59,48.7,200,0
2011-05-23,16:00:00,51.18,51.18,51.08,51.1,400,0
2011-05-27,16:00:00,48.39,48.39,48.39,48.39,100,0
2011-05-27,22:00:00,48.58,48.58,48.58,48.58,450,0
2011-05-31,16:00:00,47.29,47.44,47.29,47.44,700,0
2011-06-02,16:00:00,49.41,49.41,49.17,49.17,300,0
2011-06-02,17:00:00,49.7,49.7,49.7,49.7,200,0
2011-06-02,18:00:00,49.91,50.18,49.91,50.18,3920,0
2011-06-06,17:00:00,50.15,50.15,50.15,50.15,200,0
2011-06-08,20:00:00,51.39,51.39,51.39,51.39,412,0
2011-06-09,17:00:00,50.61,50.61,50.61,50.61,200,0
2011-06-09,20:00:00,50.21,50.21,50.21,50.21,624,0
2011-06-14,18:00:00,49.85,49.85,49.85,49.85,200,0
2011-06-14,19:00:00,49.91,49.91,49.91,49.91,400,0
2011-06-16,17:00:00,52.82,52.82,52.77,52.77,600,0
2011-06-17,16:00:00,52.39,52.4,52.39,52.4,200,0
2011-06-17,18:00:00,52.16,52.16,52.16,52.16,1200,0
2011-06-20,18:00:00,52.83,52.83,52.83,52.83,260,0
2011-06-21,16:00:00,52.15,52.15,52.09,52.09,215,0
2011-06-21,20:00:00,51.49,51.49,51.49,51.49,600,0
2011-06-24,17:00:00,52.94,52.94,52.94,52.94,700,0
2011-06-27,16:00:00,53.48,53.48,53.47,53.47,1100,0
2011-06-28,18:00:00,52.06,52.06,52.06,52.06,136,0
2011-06-29,18:00:00,49.9,49.9,49.9,49.9,800,0
2011-06-30,19:00:00,47.85,47.85,47.85,47.85,400,0
2011-07-01,17:00:00,47.79,47.79,47.79,47.79,200,0
2011-07-01,21:00:00,47.15,47.15,47.15,47.15,1200,0
2011-07-05,21:00:00,48.45,48.45,48.44,48.44,300,0
2011-07-06,16:00:00,49.04,49.04,49.03,49.03,300,0
2011-07-11,22:00:00,50.55,50.55,50.55,50.55,200,0
2011-07-12,16:00:00,51.6,51.61,51.26,51.26,575,0
2011-07-12,22:00:00,51.66,51.66,51.64,51.64,1000,0
2011-07-13,16:00:00,50.38,50.38,50.34,50.34,1200,0
2011-07-15,16:00:00,51.37,51.39,51.37,51.39,600,0
2011-07-20,22:00:00,49.18,49.18,49.18,49.18,1400,0
2011-07-21,16:00:00,48.49,48.49,48.49,48.49,1000,0
2011-07-27,19:00:00,47.84,47.84,47.84,47.84,100,0
2011-07-27,20:00:00,47.95,47.95,47.95,47.95,1900,0
2011-08-01,16:00:00,47.0,47.0,47.0,47.0,100,0
2011-08-01,22:00:00,48.57,48.57,48.57,48.57,400,0
2011-08-02,20:00:00,50.42,50.42,50.42,50.42,120,0
2011-08-03,16:00:00,52.64,52.64,52.64,52.64,100,0
2011-08-04,17:00:00,55.53,55.6,55.53,55.6,2600,0
2011-08-05,17:00:00,60.15,60.15,60.15,60.15,200,0
2011-08-05,18:00:00,62.19,62.75,62.19,62.75,1200,0
2011-08-05,20:00:00,59.4,59.4,58.96,59.29,1099,0
2011-08-05,21:00:00,58.95,59.59,58.75,59.59,1800,0
2011-08-08,17:00:00,64.25,64.3,64.25,64.3,1000,0
2011-08-08,21:00:00,66.65,66.65,66.6,66.6,500,0
2011-08-08,22:00:00,66.53,66.53,66.53,66.53,300,0
2011-08-09,16:00:00,62.57,63.81,62.57,63.17,400,0
2011-08-09,19:00:00,61.39,61.93,61.36,61.93,300,0
2011-08-09,22:00:00,59.66,59.66,59.66,59.66,100,0
2011-08-10,16:00:00,60.81,60.81,60.81,60.81,185,0
2011-08-10,18:00:00,62.82,62.82,61.81,61.81,480,0
2011-08-11,16:00:00,60.14,60.14,60.14,60.14,200,0
2011-08-11,22:00:00,55.5,55.65,55.5,55.65,600,0
2011-08-15,16:00:00,53.24,53.24,52.83,52.83,600,0
2011-08-16,18:00:00,53.8,53.8,53.8,53.8,250,0
2011-08-16,22:00:00,53.57,53.57,53.57,53.57,400,0
2011-08-17,16:00:00,51.98,51.98,51.98,51.98,200,0
2011-08-18,19:00:00,56.47,56.47,56.33,56.38,400,0
2011-08-18,21:00:00,56.82,56.88,56.8,56.84,1963,0
2011-08-18,22:00:00,56.7,56.7,56.7,56.7,200,0
2011-08-19,16:00:00,56.95,57.17,56.95,57.17,320,0
2011-08-22,17:00:00,57.0,57.0,57.0,57.0,400,0
2011-08-23,17:00:00,55.37,55.37,54.84,54.84,2000,0
2011-08-23,22:00:00,53.54,53.54,53.54,53.54,280,0
2011-08-24,20:00:00,54.24,54.24,54.15,54.15,300,0
2011-08-25,19:00:00,54.74,54.74,54.74,54.74,400,0
2011-08-26,16:00:00,55.6,55.6,55.6,55.6,377,0
2011-08-29,16:00:00,50.02,50.89,50.02,50.89,960,0
2011-09-07,16:00:00,51.78,51.78,51.78,51.78,100,0
2011-09-07,20:00:00,50.92,50.92,50.92,50.92,200,0
2011-09-07,21:00:00,50.7,50.7,50.7,50.7,100,0
2011-09-08,16:00:00,51.17,51.17,51.17,51.17,200,0
2011-09-09,16:00:00,54.33,54.33,54.33,54.33,100,0
2011-09-12,18:00:00,57.91,57.91,57.91,57.91,200,0
2011-09-14,18:00:00,58.91,58.91,58.83,58.83,400,0
2011-09-14,19:00:00,58.29,58.29,58.29,58.29,200,0
2011-09-14,21:00:00,57.37,57.37,57.37,57.37,1300,0
2011-09-15,18:00:00,56.46,56.46,56.46,56.46,1100,0
2011-09-15,22:00:00,55.87,55.87,55.87,55.87,100,0
2011-09-16,16:00:00,55.36,55.36,55.02,55.02,300,0
2011-09-19,17:00:00,59.26,59.35,59.26,59.35,795,0
2011-09-19,22:00:00,57.91,58.18,57.91,58.18,600,0
2011-09-21,22:00:00,62.99,63.03,62.99,63.03,300,0
2011-09-22,22:00:00,70.3,70.3,70.17,70.17,1219,0
2011-09-23,16:00:00,68.85,68.85,66.51,66.51,500,0
2011-09-23,19:00:00,67.24,67.24,67.24,67.24,300,0
2011-09-23,22:00:00,67.28,67.35,67.28,67.35,1700,0
2011-09-26,16:00:00,67.27,67.27,66.67,66.67,1700,0
2011-09-26,18:00:00,67.62,67.62,67.62,67.62,500,0
2011-09-26,19:00:00,67.4,67.4,67.4,67.4,159,0
2011-09-26,20:00:00,67.84,67.84,67.84,67.84,100,0
2011-09-26,21:00:00,67.31,67.31,67.31,67.31,100,0
2011-09-27,18:00:00,59.84,59.88,59.84,59.88,700,0
2011-09-28,16:00:00,62.2,62.31,62.2,62.25,500,0
2011-09-28,22:00:00,65.78,65.86,65.78,65.86,300,0
2011-09-30,18:00:00,67.36,67.36,66.82,66.82,300,0
2011-10-03,16:00:00,71.1,71.1,70.96,70.96,300,0
2011-10-03,17:00:00,70.16,70.26,70.16,70.26,900,0
2011-10-03,18:00:00,70.65,70.65,70.65,70.65,100,0
2011-10-03,19:00:00,71.17,71.17,71.17,71.17,100,0
2011-10-03,20:00:00,72.57,72.57,72.57,72.57,100,0
2011-10-04,16:00:00,76.81,76.81,76.81,76.81,500,0
2011-10-04,17:00:00,76.45,76.45,76.45,76.45,100,0
2011-10-05,16:00:00,70.55,71.63,70.55,71.63,300,0
2011-10-05,21:00:00,67.35,67.86,67.35,67.86,300,0
2011-10-05,22:00:00,68.02,68.19,68.02,68.19,300,0
2011-10-06,16:00:00,65.61,65.61,65.61,65.61,211,0
2011-10-06,19:00:00,63.1,63.1,63.1,63.1,100,0
2011-10-07,16:00:00,59.37,59.89,59.37,59.89,3100,0
2011-10-07,20:00:00,62.37,62.37,62.35,62.35,300,0
2011-10-10,16:00:00,58.3,58.3,58.3,58.3,100,0
2011-10-10,17:00:00,56.79,56.84,56.79,56.84,700,0
2011-10-10,19:00:00,56.41,56.51,56.41,56.51,200,0
2011-10-10,20:00:00,56.41,56.52,56.4,56.52,324,0
2011-10-10,22:00:00,57.21,57.22,56.24,56.34,2100,0
2011-10-11,16:00:00,57.51,57.51,57.51,57.51,200,0
2011-10-11,18:00:00,56.94,57.01,56.94,57.01,800,0
2011-10-12,16:00:00,54.45,54.45,54.45,54.45,100,0
2011-10-12,17:00:00,53.71,53.71,53.1,53.28,300,0
2011-10-12,18:00:00,53.55,53.55,53.48,53.48,330,0
2011-10-13,16:00:00,55.39,55.39,55.39,55.39,100,0
2011-10-13,18:00:00,55.04,55.04,55.04,55.04,300,0
2011-10-14,22:00:00,52.3,52.3,52.3,52.3,200,0
2011-10-17,17:00:00,54.28,54.28,54.28,54.28,100,0
2011-10-17,18:00:00,54.16,54.16,53.97,53.97,2000,0
2011-10-17,19:00:00,54.45,54.52,54.45,54.52,800,0
2011-10-17,20:00:00,54.78,54.78,54.68,54.68,300,0
2011-10-17,21:00:00,54.98,54.98,54.98,54.98,100,0
2011-10-18,18:00:00,55.61,55.61,55.61,55.61,200,0
2011-10-19,17:00:00,53.68,53.68,53.68,53.68,200,0
2011-10-19,20:00:00,53.65,53.65,53.65,53.65,400,0
2011-10-19,22:00:00,55.26,55.26,55.26,55.26,200,0
2011-10-20,20:00:00,56.0,56.0,56.0,56.0,200,0
2011-10-21,16:00:00,54.64,54.64,54.15,54.15,558,0
2011-10-21,20:00:00,54.46,54.46,54.46,54.46,100,0
2011-10-21,22:00:00,53.28,53.37,53.28,53.37,200,0
2011-10-24,16:00:00,51.29,51.29,51.27,51.27,1021,0
2011-10-24,17:00:00,50.9,50.9,50.9,50.9,100,0
2011-10-27,16:00:00,45.01,45.01,45.01,45.01,200,0
2011-10-28,18:00:00,44.79,44.79,44.79,44.79,200,0
2011-10-28,21:00:00,45.1,45.1,45.1,45.1,100,0
2011-10-31,15:00:00,47.76,47.76,47.76,47.76,200,0
2011-10-31,17:00:00,47.64,47.64,47.64,47.64,100,0
2011-11-02,17:00:00,49.58,49.58,49.58,49.58,200,0
2011-11-03,16:00:00,50.0,50.0,50.0,50.0,200,0
2011-11-04,17:00:00,50.05,50.05,50.05,50.05,200,0
2011-11-08,18:00:00,48.82,48.82,48.82,48.82,200,0
2011-11-08,19:00:00,48.47,48.47,48.47,48.47,100,0
2011-11-09,22:00:00,51.7,51.7,51.7,51.7,100,0
2011-11-14,16:00:00,49.53,49.63,49.49,49.63,776,0
2011-11-14,22:00:00,50.32,50.32,50.32,50.32,100,0
2011-11-21,16:00:00,56.28,56.57,56.28,56.55,1112,0
2011-11-21,17:00:00,57.26,57.58,57.26,57.58,400,0
2011-11-21,18:00:00,57.59,57.59,57.59,57.59,200,0
2011-11-21,19:00:00,57.42,57.5,57.42,57.5,200,0
2011-11-21,20:00:00,57.38,57.38,57.38,57.38,250,0
2011-11-22,18:00:00,57.38,57.64,57.38,57.64,200,0
2011-11-25,16:00:00,59.47,59.57,59.47,59.57,300,0
2011-11-25,17:00:00,59.33,59.33,59.33,59.33,100,0
2011-11-28,16:00:00,55.18,55.18,55.18,55.18,100,0
2011-11-28,18:00:00,55.26,55.26,55.26,55.26,100,0
2011-11-28,20:00:00,55.9,55.9,55.9,55.9,100,0
2011-11-29,17:00:00,54.5,54.54,54.5,54.51,700,0
2011-11-29,18:00:00,54.35,54.35,54.35,54.35,100,0
2011-11-30,16:00:00,49.51,49.63,49.51,49.63,500,0
2011-12-02,16:00:00,47.83,47.83,47.83,47.83,400,0
2011-12-05,16:00:00,47.44,47.44,47.29,47.37,605,0
2011-12-07,16:00:00,49.12,49.12,49.12,49.12,1500,0
2011-12-08,20:00:00,50.84,50.91,50.84,50.85,2300,0
2011-12-08,22:00:00,50.99,51.05,50.99,51.05,2760,0
2011-12-09,22:00:00,49.34,49.34,49.25,49.25,3680,0
2011-12-12,16:00:00,52.07,52.07,52.07,52.07,500,0
2011-12-13,18:00:00,52.18,52.18,52.18,52.18,790,0
2011-12-14,17:00:00,54.59,54.61,54.59,54.61,300,0
2011-12-14,22:00:00,54.56,54.56,54.53,54.53,2000,0
2011-12-15,21:00:00,54.74,54.74,54.74,54.74,125,0
2011-12-19,16:00:00,54.77,54.8,54.77,54.8,1200,0
2011-12-19,17:00:00,54.88,54.88,54.82,54.82,230,0
2011-12-19,19:00:00,55.88,55.91,55.87,55.87,1000,0
2011-12-20,18:00:00,52.8,53.05,52.62,53.04,800,0
2011-12-20,19:00:00,52.82,52.82,52.82,52.82,500,0
2011-12-21,16:00:00,53.45,53.48,53.16,53.16,1200,0
2011-12-21,17:00:00,53.36,53.36,53.06,53.35,1025,0
2011-12-22,17:00:00,51.9,51.9,51.9,51.9,300,0
2011-12-22,18:00:00,51.6,51.79,51.6,51.79,200,0
2011-12-22,19:00:00,51.38,51.38,51.38,51.38,100,0
2011-12-22,20:00:00,51.49,51.49,51.45,51.45,200,0
2011-12-22,21:00:00,51.38,51.58,51.38,51.58,200,0
2011-12-22,22:00:00,51.57,51.57,51.57,51.57,100,0
2011-12-23,17:00:00,51.69,51.82,51.69,51.75,1183,0
2011-12-23,18:00:00,51.44,51.48,51.26,51.26,450,0
2011-12-23,19:00:00,51.2,51.36,51.09,51.09,500,0
2011-12-23,20:00:00,51.2,51.2,51.2,51.2,100,0
2011-12-23,21:00:00,51.25,51.25,51.23,51.23,200,0
2011-12-23,22:00:00,51.28,51.28,51.28,51.28,200,0
2011-12-27,16:00:00,51.18,51.18,51.18,51.18,100,0
2011-12-27,17:00:00,51.23,51.23,51.23,51.23,100,0
2011-12-27,18:00:00,51.47,51.47,51.47,51.47,100,0
2011-12-27,19:00:00,51.41,51.42,51.41,51.42,600,0
2011-12-29,16:00:00,53.36,53.41,53.36,53.41,200,0
2011-12-29,17:00:00,52.8,52.82,52.8,52.82,405,0
2011-12-30,16:00:00,52.48,52.48,52.48,52.48,100,0
2011-12-30,19:00:00,52.11,52.11,52.11,52.11,200,0
2012-01-03,16:00:00,49.74,49.74,49.15,49.15,300,0
2012-01-03,18:00:00,49.08,49.08,49.08,49.08,115,0
2012-01-03,19:00:00,49.38,49.38,49.38,49.38,100,0
2012-01-03,20:00:00,49.43,49.43,49.07,49.07,200,0
2012-01-03,21:00:00,49.04,49.04,48.85,48.85,300,0
2012-01-03,22:00:00,48.87,48.9,48.87,48.9,200,0
2012-01-04,17:00:00,49.25,49.25,49.25,49.25,100,0
2012-01-04,18:00:00,49.1,49.1,49.1,49.1,300,0
2012-01-04,19:00:00,48.71,48.71,48.68,48.68,200,0
2012-01-04,20:00:00,48.84,48.84,48.84,48.84,100,0
2012-01-04,21:00:00,48.59,48.63,48.59,48.63,200,0
2012-01-04,22:00:00,48.58,48.58,48.51,48.51,200,0
2012-01-06,18:00:00,50.66,50.66,50.66,50.66,100,0
2012-01-06,19:00:00,50.79,50.84,50.79,50.84,200,0
2012-01-06,20:00:00,50.94,50.94,50.94,50.94,100,0
2012-01-06,21:00:00,50.63,50.63,50.63,50.63,100,0
2012-01-06,22:00:00,50.63,50.65,50.63,50.65,300,0
2012-01-09,18:00:00,50.95,51.18,50.95,51.18,200,0
2012-01-09,19:00:00,51.03,51.03,51.03,51.03,200,0
2012-01-09,20:00:00,50.93,50.93,50.93,50.93,100,0
2012-01-09,21:00:00,50.75,50.75,50.62,50.62,300,0
2012-01-09,22:00:00,50.54,50.54,50.54,50.54,100,0
2012-01-10,17:00:00,48.55,48.55,48.52,48.52,200,0
2012-01-10,18:00:00,48.35,48.35,48.27,48.27,200,0
2012-01-10,19:00:00,48.36,48.61,48.36,48.61,200,0
2012-01-10,20:00:00,48.64,48.64,48.64,48.64,100,0
2012-01-10,21:00:00,48.44,48.44,48.44,48.44,100,0
2012-01-10,22:00:00,48.47,48.61,48.47,48.61,200,0
2012-01-11,16:00:00,48.6,48.6,48.6,48.6,200,0
2012-01-11,17:00:00,48.67,48.67,48.67,48.67,100,0
2012-01-11,18:00:00,48.71,48.75,48.71,48.75,400,0
2012-01-11,19:00:00,48.61,48.67,48.61,48.67,200,0
2012-01-11,20:00:00,48.49,48.49,48.3,48.3,300,0
2012-01-11,21:00:00,48.32,48.49,48.32,48.49,200,0
2012-01-11,22:00:00,48.47,48.47,48.1,48.15,600,0
2012-01-12,22:00:00,47.75,47.75,47.75,47.75,200,0
2012-01-17,16:00:00,46.99,46.99,46.79,46.9,646,0
2012-01-17,18:00:00,46.77,46.77,46.77,46.77,100,0
2012-01-18,22:00:00,45.64,45.64,45.64,45.64,200,0
2012-01-19,17:00:00,45.52,45.52,45.52,45.52,100,0
2012-01-20,17:00:00,44.95,45.05,44.94,44.94,733,0
2012-01-20,19:00:00,45.05,45.05,45.05,45.05,400,0
2012-01-23,18:00:00,44.35,44.35,44.35,44.35,200,0
2012-01-25,16:00:00,44.72,44.72,44.72,44.72,300,0
2012-01-25,20:00:00,42.98,42.98,42.96,42.96,300,0
2012-01-26,22:00:00,42.9,42.9,42.9,42.9,260,0
2012-01-30,16:00:00,43.67,43.77,43.67,43.76,300,0
2012-02-01,19:00:00,41.48,41.48,41.48,41.48,400,0
2012-02-02,16:00:00,41.86,42.0,41.86,42.0,500,0
2012-02-02,19:00:00,42.13,42.13,42.13,42.13,100,0
2012-02-03,17:00:00,40.76,40.76,40.76,40.76,200,0
2012-02-06,16:00:00,41.64,41.64,41.64,41.64,125,0
2012-02-06,22:00:00,41.17,41.17,41.17,41.17,100,0
2012-02-08,22:00:00,40.52,40.7,40.52,40.7,200,0
2012-02-10,21:00:00,42.57,42.57,42.57,42.57,100,0
2012-02-10,22:00:00,42.73,42.73,42.73,42.73,250,0
2012-02-13,16:00:00,41.28,41.28,41.28,41.28,200,0
2012-02-17,21:00:00,41.48,41.48,41.48,41.48,109,0
2012-02-21,16:00:00,40.53,40.53,40.53,40.53,100,0
2012-02-29,17:00:00,39.27,39.27,39.27,39.27,129,0
2012-03-06,20:00:00,43.75,43.83,43.75,43.75,18400,0
2012-03-06,21:00:00,43.81,43.86,43.81,43.86,900,0
2012-03-08,16:00:00,41.72,41.72,41.72,41.72,1000,0
2012-03-09,16:00:00,41.62,41.62,41.62,41.62,200,0
2012-03-09,17:00:00,41.64,41.64,41.64,41.64,200,0
2012-03-13,16:00:00,41.08,41.08,41.08,41.08,100,0
2012-03-14,16:00:00,40.67,40.67,40.67,40.67,100,0
2012-03-15,20:00:00,40.54,40.54,40.54,40.54,800,0
2012-03-16,17:00:00,39.76,39.76,39.76,39.76,1000,0
2012-03-20,16:00:00,41.45,41.59,41.45,41.59,2200,0
2012-03-22,21:00:00,42.44,42.44,42.44,42.44,200,0
2012-03-23,21:00:00,41.72,41.72,41.72,41.72,100,0
2012-03-26,16:00:00,40.79,40.79,40.65,40.65,200,0
2012-03-26,18:00:00,40.45,40.45,40.45,40.45,505,0
2012-04-02,18:00:00,40.55,40.55,40.55,40.55,100,0
2012-04-09,19:00:00,42.49,42.49,42.49,42.49,200,0
2012-04-10,17:00:00,42.81,42.98,42.81,42.98,200,0
2012-04-10,19:00:00,43.51,43.51,43.51,43.51,200,0
2012-04-13,17:00:00,41.7,41.7,41.7,41.7,100,0
2012-04-13,22:00:00,41.69,41.69,41.69,41.69,100,0
2012-04-17,17:00:00,40.85,40.85,40.85,40.85,500,0
2012-04-17,20:00:00,40.51,40.51,40.51,40.51,100,0
2012-04-18,18:00:00,40.76,40.79,40.76,40.79,500,0
2012-04-18,19:00:00,40.66,40.69,40.66,40.69,500,0
2012-04-20,17:00:00,39.93,39.93,39.93,39.93,800,0
2012-04-20,18:00:00,40.13,40.13,40.13,40.13,200,0
2012-04-23,21:00:00,41.45,41.45,41.45,41.45,100,0
2012-04-26,16:00:00,40.26,40.26,40.26,40.26,100,0
2012-04-26,20:00:00,39.76,39.76,39.76,39.76,400,0
2012-04-26,22:00:00,39.45,39.45,39.45,39.45,100,0
2012-04-27,17:00:00,39.68,39.68,39.68,39.68,200,0
2012-04-30,16:00:00,39.65,39.65,39.65,39.65,100,0
2012-05-01,18:00:00,38.91,38.91,38.91,38.91,100,0
2012-05-02,17:00:00,39.85,39.85,39.85,39.85,500,0
2012-05-09,17:00:00,44.3,44.3,44.3,44.3,300,0
2012-05-10,16:00:00,42.55,42.55,42.32,42.32,429,0
2012-05-10,17:00:00,42.33,42.63,42.33,42.63,1600,0
2012-05-14,16:00:00,44.88,44.89,44.86,44.86,900,0
2012-05-14,18:00:00,44.61,44.62,44.58,44.59,900,0
2012-05-14,22:00:00,45.05,45.05,45.0,45.02,1300,0
2012-05-15,17:00:00,44.91,44.94,44.91,44.94,800,0
2012-05-15,18:00:00,45.03,45.03,45.03,45.03,500,0
2012-05-16,19:00:00,46.95,46.95,46.95,46.95,100,0
2012-05-16,20:00:00,47.06,47.06,47.06,47.06,1100,0
2012-05-17,17:00:00,47.81,47.91,47.81,47.91,1100,0
2012-05-21,21:00:00,48.34,48.34,48.34,48.34,170,0
2012-05-23,16:00:00,50.19,50.19,50.19,50.19,200,0
2012-05-23,17:00:00,50.95,50.95,50.95,50.95,100,0
2012-05-23,18:00:00,51.2,51.2,51.2,51.2,100,0
2012-05-23,19:00:00,51.3,51.3,51.3,51.3,100,0
2012-05-23,22:00:00,49.61,49.61,49.61,49.61,100,0
2012-05-25,21:00:00,51.11,51.11,51.11,51.11,100,0
2012-05-30,22:00:00,50.73,50.73,50.73,50.73,200,0
2012-06-01,16:00:00,51.26,51.26,50.68,50.68,2300,0
2012-06-04,16:00:00,51.06,51.06,51.06,51.06,600,0
2012-06-04,21:00:00,51.28,51.28,51.28,51.28,300,0
2012-06-07,16:00:00,45.85,45.85,45.85,45.85,300,0
2012-06-08,22:00:00,47.92,47.92,47.92,47.92,100,0
2012-06-11,16:00:00,47.0,47.52,47.0,47.52,268,0
2012-06-15,16:00:00,46.84,46.84,46.84,46.84,300,0
2012-06-18,17:00:00,45.51,45.51,45.51,45.51,100,0
2012-06-18,22:00:00,45.18,45.18,45.18,45.18,100,0
2012-06-19,16:00:00,46.94,46.94,43.73,43.73,3200,0
2012-06-19,17:00:00,43.7,43.7,43.7,43.7,350,0
2012-06-19,19:00:00,43.36,43.36,43.36,43.36,100,0
2012-06-21,22:00:00,46.97,46.97,46.86,46.86,700,0
2012-06-22,19:00:00,46.55,46.55,46.55,46.55,100,0
2012-06-25,17:00:00,47.74,48.2,47.74,48.2,840,0
2012-06-25,18:00:00,48.22,48.22,48.21,48.21,400,0
2012-06-27,17:00:00,45.56,45.56,45.56,45.56,100,0
2012-06-27,19:00:00,45.4,45.4,45.4,45.4,350,0
2012-07-02,16:00:00,42.64,42.64,42.41,42.41,400,0
2012-07-03,16:00:00,42.29,42.29,42.29,42.29,100,0
2012-07-05,16:00:00,41.61,41.61,41.48,41.48,650,0
2012-07-11,18:00:00,42.77,42.77,42.62,42.62,400,0
2012-07-11,19:00:00,42.54,42.54,42.54,42.54,700,0
2012-07-12,22:00:00,43.43,43.43,43.43,43.43,900,0
2012-07-13,16:00:00,43.36,43.36,43.36,43.36,300,0
2012-07-13,17:00:00,42.63,42.63,42.63,42.63,200,0
2012-07-16,17:00:00,42.61,42.61,42.61,42.61,600,0
2012-07-16,18:00:00,42.4,42.4,42.4,42.4,450,0
2012-07-16,19:00:00,42.65,42.66,42.63,42.63,3800,0
2012-07-17,16:00:00,41.43,41.43,41.43,41.43,350,0
2012-07-18,18:00:00,40.84,40.84,40.84,40.84,800,0
2012-07-19,19:00:00,39.67,39.67,39.67,39.67,300,0
2012-07-20,17:00:00,40.5,40.5,40.5,40.5,250,0
2012-07-20,19:00:00,40.59,40.59,40.59,40.59,100,0
2012-07-24,16:00:00,41.85,41.89,41.85,41.89,700,0
2012-07-24,17:00:00,42.24,42.24,42.24,42.24,300,0
2012-07-24,18:00:00,42.28,42.35,42.28,42.35,550,0
2012-07-24,19:00:00,42.69,42.69,42.69,42.69,300,0
2012-07-24,20:00:00,42.69,42.69,42.69,42.69,300,0
2012-07-24,22:00:00,42.92,42.92,42.38,42.38,787,0
2012-07-25,17:00:00,42.31,42.31,42.31,42.31,195,0
2012-07-25,20:00:00,41.43,41.43,41.43,41.43,300,0
2012-07-26,16:00:00,40.14,40.14,40.14,40.14,1300,0
2012-07-26,17:00:00,40.22,40.22,40.18,40.18,300,0
2012-07-26,18:00:00,40.44,40.44,40.44,40.44,100,0
2012-07-26,21:00:00,40.45,40.45,40.45,40.45,100,0
2012-07-26,22:00:00,40.33,40.33,40.33,40.33,100,0
2012-07-27,17:00:00,39.23,39.23,39.23,39.23,100,0
2012-07-27,19:00:00,39.25,39.25,39.25,39.25,2500,0
2012-07-27,20:00:00,39.0,39.0,39.0,39.0,204,0
2012-07-27,22:00:00,38.63,38.63,38.63,38.63,116,0
2012-07-30,16:00:00,38.53,38.53,38.42,38.42,500,0
2012-07-31,18:00:00,38.17,38.17,38.17,38.17,200,0
2012-08-01,16:00:00,38.09,38.09,38.09,38.09,100,0
2012-08-01,17:00:00,38.15,38.15,38.15,38.15,100,0
2012-08-01,18:00:00,37.99,37.99,37.99,37.99,200,0
2012-08-01,21:00:00,38.58,38.58,38.5,38.5,200,0
2012-08-02,18:00:00,38.78,38.81,38.76,38.77,1300,0
2012-08-03,16:00:00,37.65,37.65,37.65,37.65,400,0
2012-08-03,17:00:00,37.37,37.38,37.37,37.38,200,0
2012-08-03,20:00:00,37.2,37.2,37.2,37.2,989,0
2012-08-03,21:00:00,37.26,37.26,37.26,37.26,100,0
2012-08-03,22:00:00,37.18,37.34,37.18,37.34,600,0
2012-08-06,22:00:00,37.31,37.31,37.31,37.31,116,0
2012-08-07,16:00:00,36.95,36.95,36.63,36.63,1200,0
2012-08-07,18:00:00,36.67,36.67,36.67,36.67,100,0
2012-08-07,21:00:00,36.6,36.6,36.6,36.6,240,0
2012-08-07,22:00:00,36.94,36.94,36.94,36.94,138,0
2012-08-08,16:00:00,36.82,36.82,36.82,36.82,100,0
2012-08-09,16:00:00,36.82,36.82,36.82,36.82,141,0
2012-08-10,16:00:00,37.41,37.41,37.41,37.41,100,0
2012-08-10,17:00:00,37.17,37.2,37.17,37.2,200,0
2012-08-10,18:00:00,37.13,37.13,37.13,37.13,100,0
2012-08-10,22:00:00,36.94,36.94,36.94,36.94,300,0
2012-08-13,16:00:00,37.18,37.18,37.18,37.18,100,0
2012-08-13,18:00:00,37.47,37.47,37.47,37.47,100,0
2012-08-13,19:00:00,37.41,37.41,37.41,37.41,100,0
2012-08-13,22:00:00,37.42,37.42,37.42,37.42,100,0
2012-08-16,17:00:00,36.94,36.94,36.94,36.94,500,0
2012-08-16,18:00:00,36.84,36.84,36.84,36.84,1000,0
2012-08-17,18:00:00,36.8,36.8,36.8,36.8,250,0
2012-08-20,16:00:00,36.6,36.6,36.6,36.6,700,0
2012-08-21,18:00:00,35.61,35.61,35.61,35.61,400,0
2012-08-27,16:00:00,36.98,36.98,36.98,36.98,171,0
2012-08-27,18:00:00,36.82,36.82,36.82,36.82,200,0
2012-08-28,16:00:00,37.18,37.18,37.18,37.18,100,0
2012-08-28,19:00:00,36.9,36.9,36.9,36.9,100,0
2012-08-28,22:00:00,36.99,36.99,36.99,36.99,100,0
2012-08-29,16:00:00,36.87,36.87,36.87,36.87,100,0
2012-08-29,21:00:00,36.93,36.93,36.93,36.93,200,0
2012-08-29,22:00:00,37.1,37.1,37.1,37.1,111,0
2012-08-31,19:00:00,37.56,37.56,37.56,37.56,100,0
2012-09-04,16:00:00,38.12,38.12,38.12,38.12,100,0
2012-09-04,18:00:00,38.53,38.53,38.53,38.53,100,0
2012-09-04,21:00:00,38.2,38.2,38.2,38.2,100,0
2012-09-05,16:00:00,38.72,38.72,38.67,38.67,300,0
2012-09-06,16:00:00,37.98,37.98,37.98,37.98,100,0
2012-09-06,17:00:00,37.56,37.56,37.29,37.29,200,0
2012-09-06,21:00:00,36.97,36.97,36.97,36.97,100,0
2012-09-07,16:00:00,36.26,36.31,36.26,36.31,500,0
2012-09-07,17:00:00,36.3,36.3,36.3,36.3,100,0
2012-09-07,19:00:00,36.22,36.22,36.22,36.22,100,0
2012-09-07,21:00:00,36.17,36.17,36.17,36.17,100,0
2012-09-11,19:00:00,35.79,35.79,35.79,35.79,200,0
2012-09-12,16:00:00,35.31,35.31,35.31,35.31,100,0
2012-09-12,22:00:00,35.43,35.43,35.43,35.43,139,0
2012-09-13,16:00:00,35.6,35.66,35.6,35.66,300,0
2012-09-13,20:00:00,34.85,34.85,34.85,34.85,100,0
2012-09-13,21:00:00,34.31,34.31,33.85,33.85,500,0
2012-09-14,16:00:00,33.91,33.91,33.49,33.49,300,0
2012-09-14,17:00:00,33.26,33.26,33.26,33.26,100,0
2012-09-14,18:00:00,33.43,33.61,33.42,33.61,395,0
2012-09-14,22:00:00,33.73,33.73,33.73,33.73,100,0
2012-09-17,16:00:00,33.82,33.82,33.82,33.82,700,0
2012-09-17,17:00:00,33.96,33.96,33.92,33.92,200,0
2012-09-17,18:00:00,33.87,33.87,33.87,33.87,100,0
2012-09-17,21:00:00,34.35,34.35,34.35,34.35,400,0
2012-09-17,22:00:00,34.38,34.38,34.34,34.34,1322,0
2012-09-19,16:00:00,34.21,34.26,33.99,33.99,3210,0
2012-09-19,18:00:00,33.93,33.93,33.93,33.93,1250,0
2012-09-19,19:00:00,33.96,33.96,33.96,33.96,200,0
2012-09-20,21:00:00,34.41,34.41,34.41,34.41,100,0
2012-09-21,17:00:00,34.07,34.07,34.07,34.07,100,0
2012-09-24,21:00:00,34.61,34.61,34.61,34.61,500,0
2012-09-25,16:00:00,34.77,34.77,34.77,34.77,800,0
2012-09-25,22:00:00,35.62,35.62,35.62,35.62,100,0
2012-09-27,19:00:00,34.53,34.53,34.31,34.31,3000,0
2012-09-27,20:00:00,34.27,34.27,34.27,34.27,200,0
2012-10-01,16:00:00,34.47,34.47,34.47,34.47,200,0
2012-10-01,18:00:00,33.82,33.82,33.82,33.82,100,0
2012-10-01,19:00:00,34.14,34.14,34.14,34.14,100,0
2012-10-01,21:00:00,34.06,34.06,34.06,34.06,200,0
2012-10-01,22:00:00,34.23,34.37,34.23,34.27,300,0
2012-10-02,16:00:00,34.18,34.18,34.18,34.18,100,0
2012-10-02,17:00:00,34.27,34.27,34.18,34.18,300,0
2012-10-02,19:00:00,34.52,34.52,34.52,34.52,100,0
2012-10-09,16:00:00,34.3,34.3,34.27,34.27,250,0
2012-10-11,17:00:00,34.11,34.11,34.11,34.11,250,0
2012-10-15,16:00:00,34.31,34.31,34.31,34.31,450,0
2012-10-18,17:00:00,32.8,32.81,32.8,32.81,1150,0
2012-10-24,16:00:00,33.27,33.27,33.27,33.27,230,0
2012-10-25,16:00:00,32.82,32.83,32.79,32.79,800,0
2012-10-31,17:00:00,33.4,33.4,33.4,33.4,700,0
2012-11-01,15:00:00,33.45,33.45,33.45,33.45,100,0
2012-11-01,16:00:00,32.99,32.99,32.99,32.99,100,0
2012-11-02,15:00:00,33.02,33.02,32.86,32.86,286,0
2012-11-05,17:00:00,33.39,33.39,33.39,33.39,400,0
2012-11-05,22:00:00,33.19,33.19,33.19,33.19,100,0
2012-11-06,17:00:00,32.61,32.61,32.61,32.61,100,0
2012-11-08,16:00:00,32.91,32.91,32.86,32.86,400,0
2012-11-08,18:00:00,33.41,33.41,33.21,33.21,1300,0
2012-11-09,16:00:00,33.43,33.57,33.41,33.57,488,0
2012-11-09,22:00:00,33.28,33.28,33.28,33.28,250,0
2012-11-12,17:00:00,33.14,33.14,33.07,33.07,1400,0
2012-11-12,19:00:00,33.04,33.06,33.04,33.06,1700,0
2012-11-12,20:00:00,32.93,32.93,32.93,32.93,100,0
2012-11-13,16:00:00,33.97,34.05,33.86,33.86,1897,0
2012-11-13,17:00:00,33.84,33.85,33.84,33.85,1200,0
2012-11-14,16:00:00,33.83,33.98,33.83,33.98,2146,0
2012-11-14,17:00:00,34.21,34.45,34.21,34.45,1897,0
2012-11-14,19:00:00,34.38,34.44,34.17,34.44,1700,0
2012-11-15,17:00:00,34.97,34.97,34.97,34.97,400,0
2012-11-16,16:00:00,35.22,35.33,35.22,35.33,225,0
2012-11-16,21:00:00,35.19,35.19,35.15,35.19,2300,0
2012-11-19,16:00:00,34.14,34.14,34.14,34.14,800,0
2012-11-19,18:00:00,33.93,33.93,33.93,33.93,1000,0
2012-11-21,16:00:00,34.1,34.1,34.03,34.03,950,0
2012-11-27,21:00:00,32.46,32.46,32.46,32.46,100,0
2012-11-27,22:00:00,32.69,32.69,32.69,32.69,800,0
2012-12-03,17:00:00,31.62,31.62,31.62,31.62,970,0
2012-12-05,18:00:00,31.51,31.51,31.51,31.51,600,0
2012-12-19,16:00:00,30.07,30.07,30.07,30.07,1000,0
2012-12-19,17:00:00,30.04,30.04,30.04,30.04,1000,0
2012-12-19,20:00:00,30.03,30.05,30.03,30.05,400,0
2012-12-31,16:00:00,30.2,30.2,30.18,30.19,932,0
2013-01-02,16:00:00,28.71,28.71,28.71,28.71,525,0
2013-01-02,17:00:00,28.84,28.84,28.62,28.62,200,0
2013-01-02,18:00:00,28.75,28.75,28.73,28.73,200,0
2013-01-04,16:00:00,28.93,28.93,28.93,28.93,350,0
2013-01-07,22:00:00,28.85,28.85,28.85,28.85,500,0
2013-01-08,22:00:00,29.06,29.1,29.05,29.09,1900,0
2013-01-09,16:00:00,28.91,28.91,28.91,28.91,500,0
2013-01-10,16:00:00,28.44,28.44,28.32,28.32,250,0
2013-01-11,16:00:00,28.65,28.65,28.6,28.6,800,0
2013-01-11,17:00:00,28.6,28.6,28.6,28.6,100,0
2013-01-15,20:00:00,28.63,28.64,28.63,28.64,275,0
2013-01-18,17:00:00,28.22,28.22,28.22,28.22,500,0
2013-01-18,22:00:00,28.0,28.0,27.91,27.91,600,0
2013-01-22,16:00:00,27.92,27.92,27.92,27.92,300,0
2013-01-22,17:00:00,28.0,28.0,28.0,28.0,100,0
2013-01-23,21:00:00,27.8,27.8,27.8,27.8,100,0
2013-01-25,19:00:00,27.75,27.75,27.75,27.75,250,0
2013-01-29,19:00:00,27.34,27.34,27.34,27.34,200,0
2013-01-30,20:00:00,27.06,27.06,26.99,26.99,200,0
2013-01-31,16:00:00,27.31,27.31,27.31,27.31,200,0
2013-02-04,16:00:00,27.41,27.45,27.41,27.45,600,0
2013-02-05,18:00:00,27.73,27.73,27.73,27.73,200,0
2013-02-05,19:00:00,27.6,27.6,27.55,27.55,2400,0
2013-02-05,20:00:00,27.5,27.5,27.5,27.5,100,0
2013-02-05,21:00:00,27.5,27.5,27.45,27.45,300,0
2013-02-13,16:00:00,26.61,26.61,26.61,26.61,300,0
2013-02-14,17:00:00,26.45,26.45,26.45,26.45,100,0
2013-02-15,16:00:00,26.35,26.35,26.35,26.35,100,0
2013-02-15,17:00:00,26.23,26.25,26.23,26.25,2000,0
2013-02-15,22:00:00,26.55,26.55,26.55,26.55,250,0
2013-02-19,16:00:00,26.04,26.04,26.04,26.04,200,0
2013-02-19,20:00:00,25.67,25.67,25.67,25.67,455,0
2013-02-21,16:00:00,26.9,26.9,26.9,26.9,400,0
2013-02-21,17:00:00,27.08,27.08,27.03,27.03,400,0
2013-02-21,18:00:00,27.04,27.1,27.04,27.1,350,0
2013-02-21,20:00:00,27.18,27.18,27.16,27.16,500,0
2013-02-22,17:00:00,26.85,26.85,26.81,26.81,500,0
2013-02-22,20:00:00,26.44,26.44,26.44,26.44,400,0
2013-02-22,21:00:00,26.55,26.55,26.55,26.55,300,0
2013-02-25,20:00:00,26.55,26.55,26.55,26.55,550,0
2013-02-26,17:00:00,26.99,27.2,26.99,27.2,2500,0
2013-02-27,19:00:00,26.38,26.38,26.38,26.38,500,0
2013-02-27,20:00:00,26.35,26.35,26.35,26.35,100,0
2013-02-27,21:00:00,26.26,26.26,26.25,26.25,200,0
2013-02-27,22:00:00,26.13,26.13,26.08,26.08,300,0
2013-03-05,16:00:00,25.62,25.78,25.62,25.78,2100,0
2013-03-13,16:00:00,25.95,25.95,25.95,25.95,400,0
2013-03-15,16:00:00,25.75,25.75,25.75,25.75,100,0
2013-03-18,20:00:00,26.13,26.13,26.13,26.13,100,0
2013-03-19,15:00:00,26.49,26.49,26.49,26.49,700,0
2013-03-19,20:00:00,27.01,27.01,27.01,27.01,150,0
2013-03-20,17:00:00,26.68,26.68,26.68,26.68,100,0
2013-04-02,16:00:00,25.74,25.74,25.74,25.74,250,0
2013-04-02,17:00:00,25.75,25.75,25.75,25.75,1000,0
2013-04-04,16:00:00,26.46,26.46,26.46,26.46,100,0
2013-04-09,16:00:00,26.34,26.34,26.34,26.34,132,0
2013-04-09,21:00:00,26.0,26.0,26.0,26.0,400,0
2013-04-23,16:00:00,26.03,26.03,26.03,26.03,400,0
2013-04-23,18:00:00,25.86,25.86,25.86,25.86,466,0
2013-04-26,18:00:00,24.98,24.98,24.81,24.83,750,0
2013-04-26,20:00:00,24.89,24.89,24.89,24.89,466,0
2013-04-29,17:00:00,24.35,24.35,24.35,24.35,100,0
2013-04-29,18:00:00,24.36,24.36,24.36,24.36,500,0
2013-04-30,22:00:00,24.11,24.11,24.07,24.07,1032,0
2013-05-01,16:00:00,24.16,24.16,24.16,24.16,800,0
2013-05-01,18:00:00,24.4,24.4,24.4,24.4,100,0
2013-05-01,19:00:00,24.42,24.42,24.42,24.42,100,0
2013-05-01,22:00:00,24.76,24.76,24.76,24.76,500,0
2013-05-02,21:00:00,24.4,24.4,24.4,24.4,500,0
2013-05-03,17:00:00,24.07,24.07,24.07,24.07,1300,0
2013-05-03,18:00:00,24.07,24.07,24.07,24.07,100,0
2013-05-09,16:00:00,24.02,24.02,24.02,24.02,100,0
2013-05-09,19:00:00,24.21,24.32,24.21,24.32,800,0
2013-05-13,16:00:00,24.63,24.63,24.63,24.63,1400,0
2013-05-14,17:00:00,24.77,24.77,24.77,24.77,500,0
2013-05-16,16:00:00,25.3,25.3,25.3,25.3,1260,0
2013-05-16,19:00:00,25.27,25.27,25.27,25.27,100,0
2013-05-16,21:00:00,25.4,25.4,25.4,25.4,800,0
2013-05-17,16:00:00,25.66,25.66,25.66,25.66,500,0
2013-05-17,17:00:00,25.66,25.66,25.66,25.66,100,0
2013-05-21,16:00:00,25.46,25.46,25.36,25.42,4800,0
2013-05-22,17:00:00,25.75,25.75,25.75,25.75,500,0
2013-05-23,16:00:00,26.96,26.96,26.96,26.96,450,0
2013-05-23,18:00:00,26.88,26.89,26.83,26.87,1000,0
2013-05-23,19:00:00,26.42,26.42,26.42,26.42,1000,0
2013-05-24,16:00:00,27.72,27.72,27.72,27.72,650,0
2013-05-24,18:00:00,28.02,28.02,28.02,28.02,200,0
2013-05-24,19:00:00,27.87,27.91,27.87,27.91,400,0
2013-05-24,21:00:00,28.01,28.01,27.9,27.9,750,0
2013-05-28,16:00:00,27.49,27.49,27.49,27.49,1000,0
2013-05-28,20:00:00,27.81,27.81,27.81,27.81,300,0
2013-05-28,22:00:00,27.82,27.82,27.82,27.82,300,0
2013-05-29,17:00:00,28.28,28.28,28.28,28.28,850,0
2013-05-29,20:00:00,28.36,28.36,28.36,28.36,200,0
2013-05-29,22:00:00,28.2,28.2,28.2,28.2,200,0
2013-05-30,19:00:00,28.04,28.04,28.04,28.04,200,0
2013-05-31,17:00:00,28.98,28.99,28.98,28.99,2050,0
2013-05-31,21:00:00,28.99,28.99,28.99,28.99,1050,0
2013-05-31,22:00:00,29.34,29.34,29.34,29.34,990,0
2013-06-03,16:00:00,29.11,29.12,29.11,29.12,200,0
2013-06-03,17:00:00,28.91,28.91,28.91,28.91,160,0
2013-06-04,17:00:00,28.7,28.7,28.7,28.7,100,0
2013-06-04,19:00:00,28.81,28.81,28.81,28.81,400,0
2013-06-04,20:00:00,29.09,29.09,29.09,29.09,200,0
2013-06-05,16:00:00,29.9,30.08,29.9,30.08,810,0
2013-06-05,21:00:00,30.61,30.61,30.61,30.61,200,0
2013-06-05,22:00:00,30.54,30.54,30.54,30.54,100,0
2013-06-06,17:00:00,30.95,31.02,30.95,31.02,211,0
2013-06-06,18:00:00,30.95,30.95,30.95,30.95,161,0
2013-06-06,19:00:00,30.83,30.83,30.83,30.83,100,0
2013-06-06,21:00:00,30.54,30.54,30.4,30.4,855,0
2013-06-07,16:00:00,30.75,30.75,30.75,30.75,500,0
2013-06-07,17:00:00,30.66,30.66,30.49,30.49,800,0
2013-06-07,18:00:00,30.51,30.51,30.51,30.51,200,0
2013-06-07,19:00:00,30.51,30.51,30.51,30.51,100,0
2013-06-07,20:00:00,30.55,30.6,30.55,30.6,400,0
2013-06-07,21:00:00,30.6,30.73,30.6,30.73,1100,0
2013-06-07,22:00:00,30.63,30.63,30.63,30.63,200,0
2013-06-10,16:00:00,30.92,30.92,30.92,30.92,282,0
2013-06-10,17:00:00,31.18,31.18,31.11,31.11,600,0
2013-06-10,20:00:00,31.14,31.24,31.14,31.24,355,0
2013-06-10,22:00:00,31.13,31.13,31.13,31.13,500,0
2013-06-11,19:00:00,31.65,31.65,31.65,31.65,100,0
2013-06-11,22:00:00,31.95,31.95,31.95,31.95,700,0
2013-06-12,17:00:00,31.75,31.75,31.75,31.75,100,0
2013-06-12,18:00:00,31.82,31.82,31.78,31.78,200,0
2013-06-13,16:00:00,31.33,31.33,31.02,31.02,261,0
2013-06-13,17:00:00,31.23,31.23,31.16,31.16,300,0
2013-06-13,18:00:00,31.08,31.08,30.89,30.95,2100,0
2013-06-13,20:00:00,30.81,30.81,30.81,30.81,100,0
2013-06-13,22:00:00,30.57,30.57,30.5,30.5,5161,0
2013-06-14,16:00:00,30.4,30.4,30.4,30.4,400,0
2013-06-14,18:00:00,30.48,30.48,30.48,30.48,660,0
2013-06-14,21:00:00,30.59,30.59,30.59,30.59,300,0
2013-06-14,22:00:00,30.67,30.67,30.67,30.67,400,0
2013-06-17,16:00:00,29.42,29.57,29.0,29.57,700,0
2013-06-17,22:00:00,29.8,29.8,29.65,29.75,550,0
2013-06-18,16:00:00,30.0,30.0,30.0,30.0,600,0
2013-06-18,21:00:00,29.52,29.52,29.52,29.52,500,0
2013-06-19,16:00:00,29.44,29.44,29.44,29.44,159,0
2013-06-19,17:00:00,29.82,29.82,29.82,29.82,159,0
2013-06-19,21:00:00,30.37,30.37,30.37,30.37,2700,0
2013-06-19,22:00:00,30.96,31.0,30.96,30.98,5275,0
2013-06-20,17:00:00,33.09,33.33,33.09,33.32,423,0
2013-06-20,18:00:00,33.36,33.36,33.36,33.36,308,0
2013-06-20,20:00:00,33.45,33.47,33.45,33.47,400,0
2013-06-20,22:00:00,33.84,34.23,33.84,34.23,632,0
2013-06-21,16:00:00,33.21,33.21,33.0,33.2,550,0
2013-06-21,17:00:00,33.2,33.2,33.2,33.2,500,0
2013-06-21,22:00:00,32.88,32.91,32.88,32.91,200,0
2013-06-24,17:00:00,34.3,34.3,34.3,34.3,700,0
2013-06-24,19:00:00,34.58,34.58,34.45,34.45,500,0
2013-06-25,17:00:00,33.15,33.15,33.15,33.15,210,0
2013-06-25,18:00:00,32.91,32.91,32.78,32.85,650,0
2013-06-25,22:00:00,32.64,32.64,32.64,32.64,122,0
2013-06-26,16:00:00,31.74,31.74,31.47,31.47,995,0
2013-06-27,17:00:00,30.73,30.73,30.73,30.73,200,0
2013-06-27,20:00:00,31.0,31.0,30.89,30.89,682,0
2013-06-27,21:00:00,30.99,30.99,30.99,30.99,255,0
2013-06-28,18:00:00,31.7,31.7,31.7,31.7,100,0
2013-06-28,22:00:00,31.64,31.64,31.64,31.64,100,0
2013-07-02,21:00:00,32.15,32.18,32.15,32.18,400,0
2013-07-03,18:00:00,32.8,32.85,32.8,32.85,820,0
2013-07-05,16:00:00,29.07,32.2,29.07,32.2,513,0
2013-07-08,16:00:00,32.0,32.0,32.0,32.0,300,0
2013-07-08,17:00:00,31.71,31.71,31.71,31.71,100,0
2013-07-11,20:00:00,29.53,29.53,29.48,29.48,870,0
2013-07-15,18:00:00,29.6,29.67,29.6,29.67,1400,0
2013-07-15,21:00:00,29.59,29.59,29.59,29.59,125,0
2013-07-16,16:00:00,29.5,29.5,29.5,29.5,100,0
2013-07-22,18:00:00,29.0,29.0,29.0,29.0,100,0
2013-07-26,19:00:00,28.43,28.43,28.43,28.43,100,0
2013-07-29,17:00:00,28.45,28.46,28.45,28.46,250,0
2013-07-30,17:00:00,28.87,28.87,28.87,28.87,150,0
2013-07-31,18:00:00,29.37,29.37,29.37,29.37,104,0
2013-08-01,16:00:00,29.02,29.02,29.02,29.02,400,0
2013-08-02,17:00:00,28.94,28.94,28.94,28.94,100,0
2013-08-05,17:00:00,29.0,29.0,29.0,29.0,100,0
2013-08-05,22:00:00,29.1,29.1,29.05,29.05,500,0
2013-08-07,18:00:00,29.81,29.84,29.81,29.84,200,0
2013-08-08,19:00:00,28.52,28.52,28.52,28.52,1400,0
2013-08-09,22:00:00,28.09,28.09,28.09,28.09,100,0
2013-08-12,16:00:00,27.82,27.82,27.82,27.82,300,0
2013-08-12,18:00:00,27.72,27.72,27.72,27.72,200,0
2013-08-14,17:00:00,27.36,27.36,27.36,27.36,200,0
2013-08-15,16:00:00,27.87,27.87,27.87,27.87,100,0
2013-08-16,20:00:00,27.87,27.87,27.87,27.87,500,0
2013-08-19,16:00:00,27.82,27.96,27.82,27.96,226,0
2013-08-19,18:00:00,28.03,28.03,28.03,28.03,100,0
2013-08-20,16:00:00,28.72,28.81,28.72,28.81,358,0
2013-08-20,20:00:00,28.71,28.79,28.71,28.79,574,0
2013-08-21,19:00:00,29.37,29.37,29.37,29.37,100,0
2013-08-26,16:00:00,28.89,28.89,28.89,28.89,100,0
2013-08-28,17:00:00,29.83,29.83,29.83,29.83,300,0
2013-08-28,20:00:00,29.62,29.62,29.62,29.62,200,0
2013-09-04,17:00:00,27.56,27.56,27.56,27.56,100,0
2013-09-05,17:00:00,27.51,27.51,27.51,27.51,348,0
2013-09-10,16:00:00,26.14,26.14,26.14,26.14,400,0
2013-09-10,18:00:00,26.1,26.1,26.1,26.1,550,0
2013-09-11,22:00:00,25.79,25.79,25.79,25.79,200,0
2013-09-12,22:00:00,26.25,26.25,26.25,26.25,100,0
2013-09-13,22:00:00,26.19,26.19,26.19,26.19,499,0
2013-09-17,16:00:00,25.44,25.44,25.44,25.44,100,0
2013-09-18,21:00:00,24.31,24.31,24.31,24.31,500,0
2013-09-19,19:00:00,24.29,24.29,24.22,24.24,4500,0
2013-10-03,19:00:00,25.07,25.07,25.07,25.07,100,0
2013-10-03,20:00:00,25.07,25.07,25.07,25.07,100,0
2013-10-08,20:00:00,25.45,25.45,25.45,25.45,200,0
2013-10-08,21:00:00,25.62,25.65,25.58,25.59,2400,0
2013-10-08,22:00:00,25.54,25.54,25.49,25.49,1300,0
2013-10-11,16:00:00,24.58,24.58,24.58,24.58,100,0
2013-10-11,18:00:00,24.44,24.44,24.4,24.4,2020,0
2013-10-11,22:00:00,24.2,24.2,24.2,24.2,160,0
2013-10-15,16:00:00,24.08,24.08,24.08,24.08,300,0
2013-10-16,20:00:00,24.0,24.0,23.83,23.83,600,0
2013-10-17,17:00:00,23.55,23.6,23.5,23.57,17400,0
2013-10-17,18:00:00,23.56,23.56,23.42,23.42,12700,0
2013-10-18,17:00:00,22.97,22.97,22.88,22.88,1500,0
2013-10-18,18:00:00,23.05,23.05,23.05,23.05,100,0
2013-10-22,18:00:00,22.6,22.6,22.37,22.37,1525,0
2013-10-25,19:00:00,22.75,22.75,22.75,22.75,600,0
2013-10-28,15:00:00,22.95,22.95,22.95,22.95,100,0
2013-10-28,17:00:00,22.92,22.95,22.85,22.85,13600,0
2013-10-28,18:00:00,22.78,22.78,22.78,22.78,200,0
2013-10-29,18:00:00,23.07,23.07,22.98,22.98,200,0
2013-10-30,17:00:00,22.94,22.95,22.94,22.95,400,0
2013-10-31,16:00:00,23.17,23.19,23.1,23.19,400,0
2013-11-08,20:00:00,23.4,23.4,23.37,23.37,200,0
2013-11-11,22:00:00,23.61,23.61,23.6,23.6,200,0
2013-11-15,20:00:00,23.45,23.45,23.45,23.45,100,0
2013-11-22,16:00:00,24.31,24.34,24.31,24.34,200,0
2013-11-27,16:00:00,24.53,24.55,24.48,24.48,6300,0
2013-12-04,20:00:00,25.56,25.56,25.56,25.56,800,0
2013-12-05,19:00:00,25.79,25.81,25.79,25.81,900,0
2013-12-10,18:00:00,26.12,26.12,26.12,26.12,500,0
2013-12-10,22:00:00,26.0,26.0,26.0,26.0,200,0
2013-12-11,22:00:00,26.8,26.81,26.77,26.81,700,0
2013-12-12,16:00:00,27.11,27.11,27.11,27.11,160,0
2013-12-12,17:00:00,27.55,27.55,27.55,27.55,300,0
2013-12-12,18:00:00,27.54,27.54,27.54,27.54,700,0
2013-12-17,18:00:00,27.36,27.36,27.36,27.36,1616,0
2013-12-18,16:00:00,26.96,26.96,26.96,26.96,400,0
2013-12-20,16:00:00,26.12,26.12,26.0,26.0,2100,0
2013-12-23,18:00:00,25.4,25.4,25.4,25.4,300,0
2013-12-23,22:00:00,25.4,25.4,25.4,25.4,800,0
2013-12-26,18:00:00,25.49,25.49,25.49,25.49,883,0
2013-12-30,16:00:00,25.37,25.37,25.37,25.37,202,0
2014-01-02,21:00:00,25.47,25.47,25.47,25.47,2850,0
2014-01-16,20:00:00,26.03,26.05,25.99,25.99,10200,0
2014-01-17,22:00:00,26.08,26.08,26.08,26.08,158,0
2014-01-21,19:00:00,26.0,26.0,26.0,26.0,200,0
2014-01-23,16:00:00,26.09,26.09,26.09,26.09,500,0
2014-01-24,16:00:00,27.76,27.76,27.76,27.76,200,0
2014-01-24,17:00:00,27.79,27.79,27.79,27.79,100,0
2014-01-24,21:00:00,28.01,28.01,28.01,28.01,700,0
2014-01-27,17:00:00,28.05,28.05,28.05,28.05,100,0
2014-01-27,20:00:00,28.24,28.24,28.24,28.24,150,0
2014-01-27,22:00:00,27.92,28.02,27.72,28.02,1051,0
2014-01-28,17:00:00,27.42,27.47,27.42,27.47,200,0
2014-01-28,18:00:00,27.51,27.57,27.51,27.57,400,0
2014-01-29,17:00:00,28.02,28.02,28.02,28.02,202,0
2014-01-29,20:00:00,28.14,28.14,28.14,28.14,700,0
2014-01-30,18:00:00,27.59,27.59,27.59,27.59,200,0
2014-01-30,22:00:00,27.4,27.4,27.18,27.18,2100,0
2014-01-31,20:00:00,28.15,28.15,28.15,28.15,100,0
2014-01-31,22:00:00,27.98,27.98,27.98,27.98,100,0
2014-02-03,16:00:00,27.93,27.93,27.93,27.93,300,0
2014-02-03,20:00:00,28.86,28.86,28.86,28.86,175,0
2014-02-03,22:00:00,29.13,29.13,29.13,29.13,400,0
2014-02-04,16:00:00,28.06,28.06,28.06,28.06,1900,0
2014-02-05,22:00:00,28.4,28.4,28.4,28.4,143,0
2014-02-06,16:00:00,27.26,27.26,27.26,27.26,200,0
2014-02-06,19:00:00,27.1,27.1,27.1,27.1,100,0
2014-02-07,20:00:00,26.67,26.77,26.62,26.77,2000,0
2014-02-10,16:00:00,26.79,26.79,26.74,26.74,584,0
2014-02-11,18:00:00,25.99,25.99,25.71,25.71,280,0
2014-02-11,21:00:00,25.54,25.54,25.54,25.54,300,0
2014-02-12,16:00:00,25.11,25.11,25.11,25.11,300,0
2014-02-14,17:00:00,24.72,24.72,24.72,24.72,100,0
2014-02-14,19:00:00,24.61,24.66,24.61,24.66,350,0
2014-02-18,16:00:00,24.74,24.74,24.74,24.74,400,0
2014-02-18,20:00:00,24.49,24.49,24.49,24.49,200,0
2014-02-21,16:00:00,24.3,24.3,24.3,24.3,800,0
2014-02-24,16:00:00,24.12,24.12,24.12,24.12,600,0
2014-02-25,20:00:00,24.01,24.01,24.01,24.01,150,0
2014-02-28,20:00:00,24.06,24.06,24.06,24.06,100,0
2014-03-10,16:00:00,24.01,24.1,24.01,24.1,700,0
2014-03-11,15:00:00,23.97,23.97,23.97,23.97,100,0
2014-03-14,15:00:00,24.79,24.81,24.79,24.81,1000,0
2014-03-14,21:00:00,25.13,25.13,25.09,25.09,500,0
2014-03-20,15:00:00,25.36,25.37,25.36,25.37,4200,0
2014-03-20,16:00:00,25.27,25.27,25.27,25.27,200,0
2014-03-21,15:00:00,24.98,24.98,24.98,24.98,395,0
2014-03-21,20:00:00,24.8,24.8,24.8,24.8,2200,0
2014-03-25,19:00:00,23.82,23.82,23.82,23.82,400,0
2014-03-26,15:00:00,23.75,23.75,23.75,23.75,625,0
2014-03-28,21:00:00,23.16,23.19,23.16,23.19,200,0
2014-03-31,17:00:00,23.1,23.1,23.1,23.1,1400,0
2014-04-02,16:00:00,22.9,22.9,22.9,22.9,275,0
2014-04-08,22:00:00,22.08,22.08,22.08,22.08,500,0
2014-04-09,16:00:00,21.65,21.65,21.65,21.65,1300,0
2014-04-09,18:00:00,21.65,21.65,21.65,21.65,1100,0
2014-04-09,19:00:00,21.65,21.65,21.65,21.65,200,0
2014-04-11,16:00:00,21.64,21.64,21.64,21.64,400,0
2014-04-11,21:00:00,21.64,21.64,21.64,21.64,125,0
2014-04-15,17:00:00,22.11,22.11,22.11,22.11,750,0
2014-04-21,18:00:00,21.62,21.62,21.62,21.62,1000,0
2014-04-23,17:00:00,21.62,21.62,21.62,21.62,100,0
2014-04-28,16:00:00,21.71,21.71,21.71,21.71,300,0
2014-04-30,18:00:00,21.8,21.8,21.8,21.8,400,0
2014-05-02,16:00:00,21.95,21.95,21.88,21.88,7100,0
2014-05-07,17:00:00,21.99,21.99,21.93,21.93,1600,0
2014-05-08,16:00:00,20.75,21.68,20.75,21.67,2350,0
2014-05-08,17:00:00,21.78,21.79,21.75,21.75,26200,0
2014-05-08,18:00:00,21.75,21.75,21.75,21.75,19500,0
2014-05-20,16:00:00,21.65,21.65,21.65,21.65,425,0
2014-05-22,18:00:00,21.43,21.43,21.43,21.43,200,0
2014-05-23,16:00:00,21.43,21.43,21.43,21.43,1300,0
2014-05-27,17:00:00,21.13,21.16,21.13,21.16,800,0
2014-05-28,22:00:00,21.12,21.16,21.12,21.16,1300,0
2014-05-30,16:00:00,20.96,20.96,20.96,20.96,1500,0
2014-06-02,22:00:00,21.04,21.04,21.04,21.04,143,0
2014-06-06,21:00:00,21.04,21.08,21.0,21.04,3400,0
2014-06-06,22:00:00,21.03,21.15,21.03,21.12,3300,0
2014-06-09,16:00:00,20.97,20.97,20.87,20.94,1800,0
2014-06-09,17:00:00,20.89,20.94,20.86,20.88,6900,0
2014-06-09,18:00:00,20.78,20.8,20.76,20.77,1500,0
2014-06-11,19:00:00,21.03,21.08,21.03,21.03,2900,0
2014-06-11,20:00:00,21.04,21.08,21.01,21.01,2800,0
2014-06-19,16:00:00,21.01,21.01,21.01,21.01,1000,0
2014-06-23,16:00:00,21.24,21.24,21.24,21.24,100,0
2014-06-26,22:00:00,20.78,20.78,20.78,20.78,784,0
2014-07-02,21:00:00,20.4,20.4,20.3,20.38,2500,0
2014-07-02,22:00:00,20.38,20.38,20.38,20.38,100,0
2014-07-08,19:00:00,20.54,20.54,20.54,20.54,100,0
2014-07-08,22:00:00,20.54,20.54,20.54,20.54,100,0
2014-07-24,21:00:00,19.52,19.52,19.51,19.51,1000,0
2014-07-28,16:00:00,19.5,19.5,19.5,19.5,100,0
2014-08-01,16:00:00,19.83,19.83,19.83,19.83,400,0
2014-08-01,20:00:00,19.91,19.91,19.91,19.91,1000,0
2014-08-07,19:00:00,20.47,20.47,20.47,20.47,200,0
2014-08-08,20:00:00,20.55,20.55,20.55,20.55,200,0
2014-08-11,16:00:00,20.38,20.38,20.38,20.38,200,0
2014-08-15,20:00:00,19.91,19.91,19.91,19.91,200,0
2014-08-18,19:00:00,19.54,19.54,19.52,19.52,500,0
2014-08-19,17:00:00,19.38,19.38,19.38,19.38,1000,0
2014-08-19,18:00:00,19.37,19.37,19.37,19.37,103,0
2014-08-20,17:00:00,19.16,19.16,19.16,19.16,500,0
2014-08-22,18:00:00,19.26,19.26,19.26,19.26,400,0
2014-08-22,21:00:00,19.38,19.38,19.38,19.38,199,0
2014-08-25,20:00:00,19.26,19.26,19.26,19.26,100,0
2014-08-25,21:00:00,19.19,19.21,19.17,19.17,4100,0
2014-08-25,22:00:00,19.18,19.19,19.16,19.16,600,0
2014-08-26,21:00:00,19.23,19.23,19.23,19.23,100,0
2014-09-02,16:00:00,19.08,19.08,19.08,19.08,100,0
2014-09-03,20:00:00,18.96,18.98,18.96,18.98,2318,0
2014-09-15,22:00:00,21.01,21.01,21.01,21.01,200,0
2014-09-29,16:00:00,22.75,22.76,22.75,22.76,1100,0
2014-09-29,20:00:00,23.66,23.67,23.66,23.66,1100,0
2014-09-30,17:00:00,23.7,23.7,23.7,23.7,175,0
2014-09-30,18:00:00,23.67,23.67,23.67,23.67,800,0
2014-10-01,16:00:00,23.6,23.6,23.6,23.6,100,0
2014-10-03,18:00:00,23.61,23.61,23.61,23.61,200,0
2014-10-10,16:00:00,23.99,24.0,23.95,23.95,1100,0
2014-10-13,19:00:00,23.65,23.65,23.65,23.65,100,0
2014-10-14,21:00:00,23.62,23.62,23.62,23.62,200,0
2014-10-15,19:00:00,23.62,23.62,23.62,23.62,306,0
2014-10-15,20:00:00,24.3,24.3,24.3,24.3,265,0
2014-10-16,17:00:00,23.28,23.28,23.28,23.28,200,0
2014-10-20,17:00:00,22.65,22.68,22.63,22.68,1300,0
2014-10-21,20:00:00,22.27,22.27,22.22,22.22,465,0
2014-10-22,18:00:00,22.09,22.09,22.09,22.09,100,0
2014-10-22,20:00:00,22.33,22.33,22.33,22.33,300,0
2014-10-23,22:00:00,22.12,22.12,22.12,22.12,600,0
2014-10-30,15:00:00,21.59,21.59,21.59,21.59,103,0
2014-12-03,21:00:00,23.24,23.24,23.24,23.24,100,0
2014-12-04,18:00:00,23.19,23.19,23.19,23.19,100,0
2014-12-09,16:00:00,24.19,24.29,24.19,24.29,1200,0
2014-12-09,17:00:00,24.2,24.2,24.2,24.2,1200,0
2014-12-09,20:00:00,24.14,24.14,24.14,24.14,500,0
2014-12-12,17:00:00,24.97,25.01,24.97,25.0,11497,0
2014-12-12,22:00:00,25.02,25.03,25.02,25.03,600,0
2014-12-17,16:00:00,26.35,26.35,25.82,25.82,500,0
2014-12-22,17:00:00,23.97,24.04,23.97,24.04,200,0
2014-12-23,16:00:00,23.9,23.9,23.9,23.9,6800,0
2014-12-31,16:00:00,23.7,23.7,23.7,23.7,3000,0
2015-01-02,18:00:00,24.13,24.13,24.13,24.13,600,0
2015-01-05,22:00:00,24.64,24.64,24.64,24.64,900,0
2015-01-06,18:00:00,25.06,25.06,25.06,25.06,300,0
2015-01-06,19:00:00,25.16,25.16,25.16,25.16,600,0
2015-01-06,20:00:00,25.16,25.16,25.12,25.12,2300,0
2015-01-06,21:00:00,25.02,25.03,25.01,25.01,5182,0
2015-01-26,18:00:00,23.36,23.36,23.36,23.36,100,0
2015-02-02,17:00:00,23.04,23.06,22.98,22.98,1700,0
2015-02-03,17:00:00,22.71,22.71,22.71,22.71,200,0
2015-02-04,17:00:00,22.25,22.25,22.25,22.25,200,0
2015-02-04,18:00:00,22.25,22.25,22.22,22.22,300,0
2015-02-05,17:00:00,22.11,22.11,22.11,22.11,200,0
2015-02-06,18:00:00,22.16,22.16,22.16,22.16,255,0
2015-02-09,17:00:00,22.07,22.07,22.07,22.07,200,0
2015-02-09,18:00:00,22.19,22.2,22.19,22.2,600,0
2015-02-13,22:00:00,21.91,21.91,21.91,21.91,168,0
2015-03-16,17:00:00,22.75,22.75,22.75,22.75,125,0
2015-03-23,15:00:00,21.2,21.2,21.2,21.2,100,0
2015-03-23,21:00:00,21.05,21.05,21.05,21.05,100,0
2015-04-17,21:00:00,20.78,20.78,20.78,20.78,100,0
2015-04-20,19:00:00,20.58,20.58,20.58,20.58,3000,0
2015-05-01,22:00:00,20.07,20.07,20.07,20.07,100,0
2015-05-07,17:00:00,21.0763,21.0763,21.0763,21.0763,150,0
2015-05-07,22:00:00,21.05,21.05,21.05,21.05,300,0
2015-05-14,16:00:00,20.01,20.01,20.01,20.01,100,0
2015-05-14,22:00:00,19.97,19.97,19.97,19.97,246,0
2015-05-15,16:00:00,20.04,20.04,20.04,20.04,197,0
2015-05-21,21:00:00,20.52,20.52,20.52,20.52,100,0
2015-06-22,17:00:00,21.14,21.14,21.14,21.14,100,0
2015-06-29,16:00:00,22.87,22.87,22.87,22.87,158,0
2015-06-29,17:00:00,23,23,23,23,100,0
2015-07-13,16:00:00,23.25,23.25,23.25,23.25,275,0
2015-07-28,20:00:00,23.3899,23.3899,23.2601,23.2601,600,0
2015-08-03,16:00:00,23.54,23.54,23.54,23.54,5000,0
2015-08-03,17:00:00,23.54,23.54,23.54,23.54,100,0
2015-08-03,19:00:00,23.6,23.6,23.6,23.6,245,0
2015-08-06,18:00:00,23.9601,23.9601,23.92,23.96,6000,0
2015-08-06,21:00:00,24.059,24.059,24.059,24.059,165,0
