Date,Time,Open,High,Low,Close,Volume,OpenInt
2013-08-15,16:00:00,56.194,56.194,55.264,55.662,1402,0
2013-08-15,21:00:00,55.565,55.565,55.565,55.565,102,0
2013-08-16,16:00:00,55.042,55.681,55.042,55.681,207,0
2013-08-16,18:00:00,56,56,56,56,102,0
2013-08-16,20:00:00,55.797,55.797,55.748,55.748,413,0
2013-08-16,21:00:00,55.768,55.768,55.642,55.642,2066,0
2013-08-19,16:00:00,55.205,55.205,55.205,55.205,516,0
2013-08-19,19:00:00,55.187,55.187,55.187,55.187,1034,0
2013-08-19,20:00:00,55.139,55.139,55.139,55.139,729,0
2013-08-20,17:00:00,55.09,55.09,55.09,55.09,102,0
2013-08-20,18:00:00,55.139,55.215,55.139,55.215,238,0
2013-08-21,16:00:00,55.149,55.149,55.149,55.149,102,0
2013-08-21,20:00:00,55.139,55.139,55.139,55.139,290,0
2013-08-21,21:00:00,54.926,54.926,54.926,54.926,1845,0
2013-08-22,16:00:00,55.497,55.691,55.497,55.691,564,0
2013-08-22,17:00:00,56.03,56.03,56.03,56.03,102,0
2013-08-22,18:00:00,55.788,55.788,55.788,55.788,207,0
2013-08-23,18:00:00,55.797,55.797,55.797,55.797,220,0
2013-08-23,19:00:00,55.738,55.738,55.738,55.738,334,0
2013-08-26,17:00:00,55.913,55.942,55.913,55.942,1194,0
2013-08-26,18:00:00,55.942,55.942,55.942,55.942,259,0
2013-08-26,19:00:00,55.827,55.827,55.827,55.827,207,0
2013-08-27,16:00:00,55.507,55.507,54.267,54.722,4545,0
2013-08-27,17:00:00,54.742,54.742,54.413,54.586,1136,0
2013-08-27,18:00:00,54.606,54.626,54.586,54.626,1859,0
2013-08-27,20:00:00,54.452,54.452,54.152,54.267,310,0
2013-08-27,21:00:00,54.064,54.094,54.054,54.054,3707,0
2013-08-27,22:00:00,54.152,54.152,53.938,53.938,8769,0
2013-08-28,17:00:00,54.094,54.094,54.094,54.094,238,0
2013-08-28,18:00:00,54.423,54.423,54.423,54.423,214,0
2013-08-28,19:00:00,54.364,54.364,54.364,54.364,619,0
2013-08-29,20:00:00,54.452,54.452,54.452,54.452,619,0
2013-08-29,21:00:00,54.742,54.742,54.742,54.742,102,0
2013-08-30,19:00:00,54.026,54.074,54.026,54.026,2066,0
2013-08-30,21:00:00,54.17,54.17,54.17,54.17,102,0
2013-08-30,22:00:00,54.161,54.161,54.161,54.161,102,0
2013-09-04,17:00:00,55.312,55.312,55.312,55.312,155,0
2013-09-04,19:00:00,55.729,55.729,55.497,55.497,735,0
2013-09-04,22:00:00,55.312,55.312,55.312,55.312,365,0
2013-09-05,17:00:00,55.507,55.507,55.507,55.507,207,0
2013-09-06,17:00:00,54.519,54.519,54.519,54.519,269,0
2013-09-06,19:00:00,55.149,55.351,55.139,55.149,8366,0
2013-09-06,21:00:00,55.4,55.4,55.4,55.4,547,0
2013-09-09,16:00:00,55.458,55.458,55.458,55.458,180,0
2013-09-09,17:00:00,55.555,55.555,55.555,55.555,1034,0
2013-09-09,19:00:00,55.603,55.603,55.603,55.603,413,0
2013-09-09,20:00:00,55.681,55.758,55.517,55.729,1212,0
2013-09-09,21:00:00,55.913,55.913,55.913,55.913,392,0
2013-09-10,16:00:00,56.146,56.271,56.146,56.271,568,0
2013-09-10,18:00:00,56.543,56.678,56.543,56.678,671,0
2013-09-10,20:00:00,56.397,56.446,56.397,56.446,853,0
2013-09-10,21:00:00,56.61,56.61,56.61,56.61,310,0
2013-09-10,22:00:00,56.669,56.669,56.669,56.669,186,0
2013-09-11,17:00:00,56.61,56.61,56.61,56.61,1136,0
2013-09-11,18:00:00,56.456,56.456,56.456,56.456,304,0
2013-09-12,16:00:00,56.465,56.465,56.465,56.465,102,0
2013-09-12,17:00:00,56.687,56.862,56.687,56.862,419,0
2013-09-12,18:00:00,56.62,56.62,56.358,56.358,853,0
2013-09-12,20:00:00,56.523,56.563,56.523,56.563,255,0
2013-09-13,19:00:00,56.523,56.523,56.523,56.523,102,0
2013-09-13,20:00:00,56.339,56.397,56.339,56.397,310,0
2013-09-16,17:00:00,57.124,57.124,57.124,57.124,11552,0
2013-09-16,18:00:00,57.191,57.191,57.191,57.191,102,0
2013-09-16,19:00:00,57.124,57.124,57.124,57.124,888,0
2013-09-16,22:00:00,57.105,57.105,57.105,57.105,102,0
2013-09-17,18:00:00,57.23,57.316,57.23,57.316,385,0
2013-09-17,19:00:00,57.268,57.268,57.268,57.268,102,0
2013-09-18,19:00:00,57.51,57.51,57.51,57.51,102,0
2013-09-18,21:00:00,58.111,58.111,57.859,57.937,873,0
2013-09-19,16:00:00,57.473,57.473,57.443,57.443,310,0
2013-09-19,17:00:00,57.51,57.51,57.433,57.433,1911,0
2013-09-19,18:00:00,57.384,57.443,57.384,57.443,368,0
2013-09-19,20:00:00,57.443,57.443,57.443,57.443,4235,0
2013-09-19,21:00:00,57.278,57.278,57.278,57.278,413,0
2013-09-19,22:00:00,57.316,57.326,57.316,57.326,635,0
2013-09-20,16:00:00,57.69,57.69,57.69,57.69,180,0
2013-09-20,17:00:00,57.469,57.546,57.469,57.506,759,0
2013-09-20,18:00:00,57.555,57.555,57.555,57.555,180,0
2013-09-20,20:00:00,57.302,57.302,57.302,57.302,515,0
2013-09-24,17:00:00,56.614,56.614,56.614,56.614,197,0
2013-09-24,18:00:00,56.866,56.866,56.866,56.866,182,0
2013-09-24,20:00:00,57.178,57.332,57.178,57.332,530,0
2013-09-24,21:00:00,57.187,57.187,57.187,57.187,669,0
2013-09-24,22:00:00,57.041,57.041,57.041,57.041,104,0
2013-09-25,16:00:00,57.08,57.08,56.866,56.934,1958,0
2013-09-25,17:00:00,57.06,57.06,57.06,57.06,102,0
2013-09-25,18:00:00,57.302,57.302,57.273,57.273,412,0
2013-09-25,20:00:00,57.312,57.312,57.302,57.302,438,0
2013-09-27,19:00:00,57.215,57.215,57.215,57.215,438,0
2013-09-27,22:00:00,57.118,57.118,57.118,57.118,102,0
2013-09-30,20:00:00,56.566,56.566,56.566,56.566,180,0
2013-10-01,16:00:00,57.06,57.06,57.06,57.06,113,0
2013-10-02,17:00:00,56.585,56.585,56.585,56.585,1032,0
2013-10-02,20:00:00,56.856,56.856,56.856,56.856,144,0
2013-10-02,22:00:00,56.934,56.934,56.934,56.934,309,0
2013-10-03,19:00:00,56.263,56.263,56.263,56.263,618,0
2013-10-07,16:00:00,55.856,56.788,55.856,56.788,4757,0
2013-10-07,21:00:00,56.818,56.818,56.818,56.818,237,0
2013-10-08,16:00:00,57.506,57.506,55.769,55.856,1228,0
2013-10-08,17:00:00,56.633,56.633,56.293,56.293,361,0
2013-10-09,16:00:00,55.924,55.924,55.924,55.924,102,0
2013-10-09,17:00:00,55.653,55.653,55.653,55.653,1071,0
2013-10-09,19:00:00,55.613,55.613,55.613,55.613,618,0
2013-10-09,20:00:00,55.856,55.856,55.856,55.856,102,0
2013-10-10,16:00:00,57.312,57.312,56.925,57.011,335,0
2013-10-10,17:00:00,57.021,57.021,57.011,57.021,515,0
2013-10-10,18:00:00,56.915,56.915,56.915,56.915,102,0
2013-10-10,19:00:00,57.187,57.187,57.138,57.138,1362,0
2013-10-10,21:00:00,57.168,57.168,57.168,57.168,102,0
2013-10-11,16:00:00,57.292,57.292,57.292,57.292,1854,0
2013-10-11,17:00:00,57.615,57.652,57.605,57.652,480,0
2013-10-11,18:00:00,57.623,57.623,57.623,57.623,412,0
2013-10-14,16:00:00,57.662,57.662,57.662,57.662,118,0
2013-10-14,19:00:00,57.914,57.914,57.914,57.914,207,0
2013-10-14,20:00:00,58.089,58.089,58.089,58.089,107,0
2013-10-14,21:00:00,58.128,58.128,58.128,58.128,102,0
2013-10-15,22:00:00,57.75,57.75,57.75,57.75,618,0
2013-10-16,16:00:00,58.186,58.186,58.186,58.186,155,0
2013-10-16,17:00:00,58.933,58.933,58.933,58.933,180,0
2013-10-16,18:00:00,59.204,59.204,59.204,59.204,102,0
2013-10-16,19:00:00,59.302,59.302,59.292,59.292,833,0
2013-10-16,20:00:00,59.302,59.332,59.283,59.332,505,0
2013-10-16,22:00:00,59.157,59.157,59.137,59.137,207,0
2013-10-17,16:00:00,59.758,59.758,59.244,59.244,207,0
2013-10-17,17:00:00,59.185,59.185,59.185,59.185,258,0
2013-10-17,18:00:00,59.506,59.506,59.506,59.506,824,0
2013-10-17,21:00:00,59.614,59.614,59.614,59.614,309,0
2013-10-17,22:00:00,59.574,59.574,59.574,59.574,167,0
2013-10-18,16:00:00,59.709,59.845,59.709,59.845,267,0
2013-10-18,17:00:00,59.496,59.536,59.496,59.536,722,0
2013-10-18,18:00:00,59.865,59.865,59.865,59.865,102,0
2013-10-18,20:00:00,59.729,59.729,59.729,59.729,102,0
2013-10-18,21:00:00,59.982,59.982,59.982,59.982,207,0
2013-10-18,22:00:00,59.895,59.895,59.885,59.885,207,0
2013-10-21,16:00:00,60.127,60.127,60.127,60.127,128,0
2013-10-21,17:00:00,59.932,59.932,59.932,59.932,155,0
2013-10-21,18:00:00,59.942,59.952,59.942,59.952,309,0
2013-10-22,16:00:00,60.429,60.429,60.419,60.419,1751,0
2013-10-22,18:00:00,60.137,60.147,60.137,60.147,618,0
2013-10-22,21:00:00,60.156,60.41,59.942,59.942,5359,0
2013-10-22,22:00:00,60.243,60.243,60.243,60.243,618,0
2013-10-23,16:00:00,59.204,59.204,59.204,59.204,186,0
2013-10-23,17:00:00,59.022,59.022,59.022,59.022,128,0
2013-10-23,18:00:00,59.643,59.643,59.643,59.643,102,0
2013-10-23,21:00:00,59.496,59.496,59.496,59.496,1545,0
2013-10-24,17:00:00,59.574,59.574,59.574,59.574,207,0
2013-10-24,19:00:00,59.699,59.729,59.699,59.729,349,0
2013-10-24,22:00:00,59.895,59.895,59.895,59.895,515,0
2013-10-25,18:00:00,59.924,60.108,59.924,60.108,207,0
2013-10-25,19:00:00,60.099,60.099,60.059,60.079,1032,0
2013-10-25,20:00:00,59.942,59.942,59.942,59.942,234,0
2013-10-28,15:00:00,59.895,59.895,59.895,59.895,102,0
2013-10-29,18:00:00,60.583,60.583,60.583,60.583,309,0
2013-10-29,20:00:00,60.623,60.623,60.593,60.593,207,0
2013-10-30,15:00:00,60.661,60.661,60.467,60.467,412,0
2013-10-30,17:00:00,60.515,60.515,60.515,60.515,515,0
2013-10-30,20:00:00,60.166,60.166,59.875,59.924,1751,0
2013-10-30,21:00:00,60.059,60.059,60.059,60.059,309,0
2013-10-31,15:00:00,60.564,60.564,60.118,60.118,207,0
2013-10-31,19:00:00,60.195,60.272,60.051,60.233,1082,0
2013-10-31,20:00:00,60.282,60.36,60.069,60.069,3812,0
2013-10-31,21:00:00,60.079,60.233,60.001,60.059,618,0
2013-11-04,16:00:00,60.021,60.021,60.021,60.021,500,0
2013-11-04,19:00:00,59.991,60.051,59.991,60.021,1122,0
2013-11-04,20:00:00,60.031,60.079,60.031,60.079,207,0
2013-11-04,21:00:00,60.099,60.195,60.099,60.195,241,0
2013-11-04,22:00:00,60.041,60.041,60.041,60.041,167,0
2013-11-05,19:00:00,60.4,60.4,60.37,60.37,618,0
2013-11-06,17:00:00,60.419,60.419,60.419,60.419,102,0
2013-11-07,16:00:00,60.797,60.854,60.797,60.854,618,0
2013-11-07,19:00:00,60.583,60.583,60.535,60.564,412,0
2013-11-07,20:00:00,60.448,60.505,60.448,60.505,207,0
2013-11-07,22:00:00,60.059,60.059,60.059,60.059,207,0
2013-11-08,18:00:00,61.263,61.263,61.02,61.02,412,0
2013-11-08,20:00:00,60.874,60.874,60.874,60.874,102,0
2013-11-08,21:00:00,61.108,61.108,61.108,61.108,102,0
2013-11-11,16:00:00,61.311,61.311,61.291,61.291,642,0
2013-11-11,17:00:00,61.291,61.291,61.195,61.195,824,0
2013-11-11,21:00:00,61.409,61.409,61.409,61.409,592,0
2013-11-11,22:00:00,61.223,61.223,61.223,61.223,102,0
2013-11-12,20:00:00,60.806,60.806,60.806,60.806,180,0
2013-11-12,22:00:00,60.972,60.972,60.972,60.972,412,0
2013-11-13,16:00:00,60.806,60.933,60.748,60.933,1492,0
2013-11-13,19:00:00,61.213,61.213,61.213,61.213,266,0
2013-11-13,20:00:00,61.321,61.321,61.321,61.321,118,0
2013-11-13,22:00:00,61.467,61.467,61.467,61.467,102,0
2013-11-14,18:00:00,62.175,62.175,62.175,62.175,927,0
2013-11-14,21:00:00,62.311,62.311,62.311,62.311,207,0
2013-11-15,17:00:00,62.378,62.378,62.378,62.378,824,0
2013-11-15,18:00:00,62.331,62.331,62.331,62.331,722,0
2013-11-15,20:00:00,62.35,62.388,62.35,62.388,438,0
2013-11-15,22:00:00,62.535,62.535,62.535,62.535,128,0
2013-11-18,17:00:00,62.457,62.826,62.457,62.767,829,0
2013-11-18,19:00:00,62.767,62.767,62.767,62.767,309,0
2013-11-18,21:00:00,62.816,62.884,62.689,62.689,4428,0
2013-11-19,16:00:00,62.689,62.689,62.689,62.689,102,0
2013-11-19,17:00:00,62.505,62.515,62.505,62.515,465,0
2013-11-19,18:00:00,62.359,62.359,62.359,62.359,117,0
2013-11-19,22:00:00,62.35,62.35,62.35,62.35,3092,0
2013-11-20,17:00:00,62.457,62.457,62.457,62.457,155,0
2013-11-20,21:00:00,62.457,62.457,62.457,62.457,207,0
2013-11-20,22:00:00,62.117,62.117,62.117,62.117,102,0
2013-11-22,18:00:00,63.34,63.34,63.3,63.3,435,0
2013-11-22,20:00:00,63.31,63.31,63.31,63.31,102,0
2013-11-25,17:00:00,63.534,63.544,63.505,63.544,824,0
2013-11-25,18:00:00,63.514,63.564,63.427,63.564,1133,0
2013-11-25,19:00:00,63.564,63.564,63.564,63.564,728,0
2013-11-25,21:00:00,63.573,63.573,63.524,63.524,1597,0
2013-11-26,19:00:00,63.689,63.689,63.689,63.689,207,0
2013-11-26,22:00:00,63.679,63.679,63.669,63.669,212,0
2013-11-27,16:00:00,63.573,63.728,63.573,63.728,1133,0
2013-11-29,16:00:00,63.815,63.815,63.815,63.815,102,0
2013-11-29,19:00:00,63.845,63.845,63.603,63.603,416,0
2013-12-02,16:00:00,63.427,63.427,63.059,63.059,556,0
2013-12-02,21:00:00,63.613,63.613,63.613,63.613,824,0
2013-12-03,16:00:00,63.573,63.573,63.573,63.573,258,0
2013-12-03,17:00:00,63.126,63.126,63.098,63.098,237,0
2013-12-03,22:00:00,62.467,62.467,62.467,62.467,321,0
2013-12-04,16:00:00,63.884,63.884,63.884,63.884,515,0
2013-12-04,17:00:00,63.098,63.098,63.098,63.098,207,0
2013-12-04,18:00:00,62.931,62.941,62.826,62.826,361,0
2013-12-04,20:00:00,62.195,62.195,62.195,62.195,412,0
2013-12-05,16:00:00,62.649,62.649,62.649,62.649,207,0
2013-12-05,18:00:00,62.515,62.515,62.515,62.515,309,0
2013-12-05,20:00:00,62.408,62.408,62.408,62.408,207,0
2013-12-06,16:00:00,63.669,63.669,63.029,63.108,979,0
2013-12-06,17:00:00,63.194,63.194,63.049,63.049,273,0
2013-12-06,22:00:00,63.29,63.29,63.233,63.233,515,0
2013-12-09,16:00:00,63.379,63.379,63.379,63.379,2009,0
2013-12-09,18:00:00,63.622,63.622,63.622,63.622,102,0
2013-12-09,20:00:00,63.689,63.689,63.689,63.689,1410,0
2013-12-09,22:00:00,63.3,63.3,63.3,63.3,102,0
2013-12-10,16:00:00,63.28,63.28,63.088,63.088,2165,0
2013-12-10,18:00:00,63.349,63.349,63.349,63.349,102,0
2013-12-10,19:00:00,63.28,63.28,63.272,63.272,278,0
2013-12-10,20:00:00,63.28,63.28,63.28,63.28,102,0
2013-12-10,21:00:00,63.29,63.29,63.29,63.29,1545,0
2013-12-11,17:00:00,62.999,62.999,62.776,62.776,515,0
2013-12-11,21:00:00,62.649,62.649,62.649,62.649,155,0
2013-12-12,18:00:00,62.486,62.486,62.486,62.486,618,0
2013-12-12,19:00:00,62.437,62.437,62.437,62.437,3504,0
2013-12-12,22:00:00,62.272,62.272,62.214,62.232,1391,0
2013-12-13,20:00:00,62.05,62.05,62.05,62.05,180,0
2013-12-13,21:00:00,62.145,62.155,62.145,62.155,618,0
2013-12-13,22:00:00,62.214,62.214,62.214,62.214,207,0
2013-12-16,18:00:00,62.185,62.185,62.185,62.185,618,0
2013-12-16,19:00:00,62.369,62.369,62.369,62.369,207,0
2013-12-17,16:00:00,61.146,62.204,61.146,62.204,824,0
2013-12-17,18:00:00,61.718,61.718,61.718,61.718,515,0
2013-12-17,20:00:00,61.883,61.883,61.883,61.883,3092,0
2013-12-18,16:00:00,61.69,62.04,61.69,62.04,412,0
2013-12-18,17:00:00,62.117,62.117,62.117,62.117,207,0
2013-12-18,21:00:00,62.331,62.331,62.331,62.331,207,0
2013-12-18,22:00:00,62.603,62.865,62.603,62.865,568,0
2013-12-19,20:00:00,62.904,62.904,62.904,62.904,207,0
2013-12-19,22:00:00,63.108,63.108,63.108,63.108,207,0
2013-12-20,16:00:00,61.639,61.639,61.639,61.639,954,0
2013-12-20,17:00:00,63.062,63.062,63.062,63.062,410,0
2013-12-20,18:00:00,63.052,63.217,63.022,63.217,25563,0
2013-12-20,19:00:00,63.462,63.462,63.462,63.462,410,0
2013-12-20,22:00:00,63.753,63.753,63.753,63.753,102,0
2013-12-23,17:00:00,63.753,64.104,63.753,64.104,14269,0
2013-12-23,18:00:00,64.104,64.104,64.104,64.104,4323,0
2013-12-23,19:00:00,63.899,63.949,63.899,63.939,7289,0
2013-12-23,20:00:00,63.929,63.949,63.929,63.949,11234,0
2013-12-23,22:00:00,63.959,63.988,63.949,63.988,3244,0
2013-12-24,16:00:00,63.899,63.899,63.841,63.841,3192,0
2013-12-24,18:00:00,64.045,64.045,64.045,64.045,360,0
2013-12-26,16:00:00,63.491,63.491,63.491,63.491,206,0
2013-12-26,17:00:00,64.377,64.386,64.298,64.386,719,0
2013-12-26,18:00:00,64.445,64.445,64.386,64.386,265,0
2013-12-26,19:00:00,64.405,64.405,64.405,64.405,443,0
2013-12-26,20:00:00,64.514,64.514,64.445,64.445,206,0
2013-12-26,21:00:00,64.543,64.591,64.445,64.591,616,0
2013-12-27,19:00:00,64.279,64.279,64.279,64.279,187,0
2013-12-27,20:00:00,64.279,64.279,64.279,64.279,185,0
2013-12-27,21:00:00,64.279,64.279,64.279,64.279,206,0
2013-12-30,16:00:00,64.288,64.445,64.288,64.328,1345,0
2013-12-30,19:00:00,64.396,64.396,64.221,64.221,1129,0
2013-12-30,22:00:00,64.191,64.191,64.191,64.191,1417,0
2013-12-31,20:00:00,64.211,64.211,64.211,64.211,7597,0
2013-12-31,22:00:00,64.425,64.543,64.425,64.465,1169,0
2014-01-02,16:00:00,64.484,64.484,63.899,63.899,1872,0
2014-01-02,17:00:00,63.899,63.899,63.724,63.724,513,0
2014-01-02,21:00:00,63.491,63.491,63.491,63.491,497,0
2014-01-02,22:00:00,63.655,63.655,63.509,63.509,538,0
2014-01-03,16:00:00,63.509,63.509,63.509,63.509,485,0
2014-01-03,18:00:00,63.509,63.509,63.509,63.509,462,0
2014-01-03,22:00:00,63.645,63.645,63.645,63.645,206,0
2014-01-06,17:00:00,63.344,63.344,63.344,63.344,1540,0
2014-01-06,18:00:00,63.314,63.314,63.013,63.072,6561,0
2014-01-06,19:00:00,63.12,63.208,63.003,63.208,5406,0
2014-01-06,20:00:00,63.12,63.354,63.092,63.179,1395,0
2014-01-06,21:00:00,63.189,63.481,63.179,63.481,410,0
2014-01-06,22:00:00,63.324,63.383,63.305,63.354,580,0
2014-01-07,16:00:00,63.412,63.412,63.412,63.412,1437,0
2014-01-07,17:00:00,63.589,63.589,63.589,63.589,616,0
2014-01-07,19:00:00,63.481,63.491,63.344,63.344,521,0
2014-01-07,20:00:00,63.422,63.422,63.314,63.314,260,0
2014-01-07,21:00:00,63.422,63.422,63.422,63.422,102,0
2014-01-07,22:00:00,63.462,63.462,63.217,63.266,1552,0
2014-01-08,17:00:00,63.579,63.579,63.344,63.344,410,0
2014-01-08,18:00:00,63.344,63.481,63.256,63.374,1230,0
2014-01-08,19:00:00,63.501,63.501,63.324,63.324,1135,0
2014-01-08,20:00:00,63.383,63.617,63.383,63.617,1479,0
2014-01-08,22:00:00,63.432,63.569,63.432,63.569,360,0
2014-01-09,17:00:00,63.665,63.665,63.608,63.608,616,0
2014-01-09,18:00:00,63.724,63.724,63.724,63.724,308,0
2014-01-09,19:00:00,63.685,63.724,63.685,63.724,546,0
2014-01-09,20:00:00,63.801,63.801,63.801,63.801,1230,0
2014-01-10,17:00:00,63.599,63.599,63.599,63.599,206,0
2014-01-10,18:00:00,63.491,63.491,63.491,63.491,107,0
2014-01-10,19:00:00,63.655,63.655,63.655,63.655,125,0
2014-01-10,20:00:00,63.685,63.685,63.685,63.685,821,0
2014-01-10,22:00:00,63.801,63.801,63.801,63.801,189,0
2014-01-13,16:00:00,63.559,63.559,63.559,63.559,786,0
2014-01-13,17:00:00,63.589,63.589,63.589,63.589,157,0
2014-01-13,18:00:00,63.599,63.599,63.364,63.364,2088,0
2014-01-13,21:00:00,62.828,62.828,62.749,62.749,3634,0
2014-01-14,16:00:00,62.858,62.858,62.858,62.858,770,0
2014-01-14,18:00:00,63.112,63.112,63.112,63.112,206,0
2014-01-14,19:00:00,63.169,63.169,63.169,63.169,3182,0
2014-01-15,22:00:00,63.422,63.635,63.422,63.635,677,0
2014-01-16,19:00:00,63.266,63.266,63.266,63.266,410,0
2014-01-16,20:00:00,63.149,63.198,63.149,63.198,261,0
2014-01-17,16:00:00,63.198,63.198,63.022,63.12,3954,0
2014-01-17,18:00:00,63.237,63.237,63.217,63.217,308,0
2014-01-17,19:00:00,63.102,63.393,63.102,63.374,903,0
2014-01-17,20:00:00,63.374,63.374,63.344,63.344,316,0
2014-01-17,21:00:00,63.247,63.247,63.217,63.217,308,0
2014-01-17,22:00:00,63.022,63.022,62.917,62.917,231,0
2014-01-21,17:00:00,63.022,63.022,62.867,62.867,206,0
2014-01-21,18:00:00,62.924,62.924,62.924,62.924,1550,0
2014-01-21,19:00:00,62.468,62.468,62.468,62.468,4620,0
2014-01-21,20:00:00,62.848,62.848,62.848,62.848,240,0
2014-01-21,21:00:00,62.858,62.858,62.858,62.858,278,0
2014-01-21,22:00:00,62.858,62.858,62.828,62.828,1178,0
2014-01-22,17:00:00,62.828,62.828,62.585,62.585,3218,0
2014-01-22,18:00:00,62.478,62.478,62.478,62.478,410,0
2014-01-22,19:00:00,62.468,62.517,62.468,62.517,1033,0
2014-01-22,22:00:00,62.838,62.907,62.838,62.858,924,0
2014-01-23,16:00:00,62.468,62.468,62.107,62.107,667,0
2014-01-23,17:00:00,61.99,61.99,61.853,61.853,719,0
2014-01-23,18:00:00,61.942,61.942,61.942,61.942,986,0
2014-01-23,19:00:00,61.747,61.796,61.747,61.796,1230,0
2014-01-23,21:00:00,61.181,61.23,61.181,61.181,1032,0
2014-01-23,22:00:00,61.658,61.658,61.561,61.561,308,0
2014-01-24,16:00:00,60.87,60.939,60.87,60.939,1745,0
2014-01-24,17:00:00,60.811,60.811,60.499,60.499,1540,0
2014-01-24,18:00:00,60.48,60.792,60.256,60.423,1965,0
2014-01-24,19:00:00,60.393,60.393,60.188,60.216,4963,0
2014-01-24,21:00:00,59.827,59.877,59.827,59.827,1437,0
2014-01-24,22:00:00,59.73,59.73,59.73,59.73,616,0
2014-01-27,16:00:00,59.798,59.798,59.74,59.74,1015,0
2014-01-27,17:00:00,59.72,59.916,59.447,59.497,3481,0
2014-01-27,19:00:00,58.853,58.931,58.853,58.931,616,0
2014-01-27,20:00:00,59.058,59.381,59.058,59.361,4768,0
2014-01-28,16:00:00,59.71,59.916,59.71,59.916,206,0
2014-01-28,17:00:00,60.15,60.15,60.082,60.082,1241,0
2014-01-29,16:00:00,59.906,59.906,59.71,59.71,1365,0
2014-01-29,18:00:00,59.877,59.877,59.877,59.877,719,0
2014-01-29,22:00:00,59.654,59.654,59.654,59.654,206,0
2014-01-30,18:00:00,60.043,60.043,60.043,60.043,490,0
2014-01-30,21:00:00,60.276,60.276,60.276,60.276,243,0
2014-01-31,16:00:00,59.126,59.437,58.853,59.437,1139,0
2014-01-31,17:00:00,59.467,59.467,59.467,59.467,513,0
2014-01-31,20:00:00,59.974,59.974,59.974,59.974,1645,0
2014-02-03,16:00:00,59.662,59.662,59.662,59.662,154,0
2014-02-03,18:00:00,58.853,58.853,58.523,58.523,1071,0
2014-02-03,20:00:00,58.191,58.25,58.035,58.035,1488,0
2014-02-03,21:00:00,58.162,58.162,58.007,58.007,616,0
2014-02-03,22:00:00,57.704,57.704,57.704,57.704,160,0
2014-02-04,16:00:00,58.035,58.035,58.035,58.035,1028,0
2014-02-04,19:00:00,58.688,58.688,58.688,58.688,1024,0
2014-02-05,16:00:00,58.444,58.444,58.444,58.444,513,0
2014-02-05,17:00:00,58.328,58.328,58.201,58.201,1028,0
2014-02-05,18:00:00,58.25,58.444,58.25,58.444,888,0
2014-02-06,18:00:00,58.922,58.941,58.883,58.941,4005,0
2014-02-06,19:00:00,58.581,58.581,58.581,58.581,410,0
2014-02-06,20:00:00,58.678,58.697,58.678,58.697,342,0
2014-02-06,21:00:00,58.707,58.912,58.707,58.815,513,0
2014-02-06,22:00:00,58.931,58.931,58.931,58.931,616,0
2014-02-07,16:00:00,58.114,58.114,58.114,58.114,513,0
2014-02-07,19:00:00,59.497,59.497,59.497,59.497,770,0
2014-02-11,17:00:00,60.092,60.092,60.092,60.092,657,0
2014-02-11,22:00:00,60.84,60.84,60.84,60.84,360,0
2014-02-12,20:00:00,60.433,60.433,60.433,60.433,513,0
2014-02-12,21:00:00,60.539,60.539,60.539,60.539,493,0
2014-02-12,22:00:00,60.393,60.393,60.393,60.393,206,0
2014-02-13,16:00:00,60.197,60.197,60.197,60.197,206,0
2014-02-13,19:00:00,60.559,60.559,60.559,60.559,616,0
2014-02-18,21:00:00,61.523,61.523,61.523,61.523,206,0
2014-02-19,17:00:00,61.756,61.756,61.756,61.756,1540,0
2014-02-19,19:00:00,61.416,61.416,61.416,61.416,308,0
2014-02-21,16:00:00,61.639,61.639,61.639,61.639,2464,0
2014-02-21,18:00:00,61.484,61.513,61.484,61.513,821,0
2014-02-21,19:00:00,61.561,61.561,61.561,61.561,513,0
2014-02-24,17:00:00,61.688,61.698,61.688,61.698,513,0
2014-02-24,19:00:00,61.902,61.902,61.902,61.902,257,0
2014-02-24,22:00:00,61.806,61.806,61.806,61.806,154,0
2014-02-25,16:00:00,61.756,61.756,61.756,61.756,410,0
2014-02-25,19:00:00,61.298,61.464,61.298,61.464,488,0
2014-02-26,20:00:00,61.396,61.406,61.396,61.406,569,0
2014-02-26,21:00:00,61.289,61.289,61.289,61.289,308,0
2014-02-27,17:00:00,61.084,61.084,61.036,61.036,699,0
2014-02-27,18:00:00,61.328,61.553,61.328,61.553,513,0
2014-02-27,20:00:00,61.649,61.649,61.561,61.649,410,0
2014-03-03,17:00:00,61.406,61.474,61.406,61.474,3080,0
2014-03-03,19:00:00,61.23,61.366,61.22,61.366,1028,0
2014-03-05,17:00:00,62.907,62.944,62.907,62.934,1437,0
2014-03-06,16:00:00,63.072,63.334,63.072,63.334,579,0
2014-03-06,21:00:00,63.645,63.645,63.645,63.645,102,0
2014-03-07,16:00:00,63.988,63.997,63.988,63.997,821,0
2014-03-10,20:00:00,63.851,63.851,63.851,63.851,102,0
2014-03-10,21:00:00,63.949,63.949,63.949,63.949,308,0
2014-03-11,17:00:00,63.772,63.772,63.772,63.772,308,0
2014-03-13,18:00:00,62.671,62.681,62.661,62.681,2362,0
2014-03-13,19:00:00,62.379,62.517,62.379,62.517,410,0
2014-03-17,15:00:00,62.595,62.934,62.595,62.924,873,0
2014-03-17,18:00:00,62.779,62.779,62.779,62.779,206,0
2014-03-17,19:00:00,62.661,62.661,62.661,62.661,102,0
2014-03-18,15:00:00,62.661,62.974,62.661,62.887,924,0
2014-03-18,16:00:00,62.917,62.917,62.917,62.917,1129,0
2014-03-18,17:00:00,63.022,63.022,63.022,63.022,206,0
2014-03-18,18:00:00,63.139,63.139,63.112,63.112,462,0
2014-03-19,15:00:00,63.169,63.169,63.169,63.169,408,0
2014-03-19,18:00:00,63.189,63.189,63.159,63.159,309,0
2014-03-20,15:00:00,63.129,63.129,63.013,63.013,1899,0
2014-03-24,18:00:00,63.448,63.448,63.448,63.448,402,0
2014-03-24,19:00:00,63.448,63.448,63.448,63.448,408,0
2014-03-24,21:00:00,63.32,63.32,63.32,63.32,102,0
2014-03-25,18:00:00,63.261,63.261,63.261,63.261,156,0
2014-03-25,20:00:00,63.163,63.369,63.163,63.369,928,0
2014-03-26,17:00:00,63.379,63.379,63.379,63.379,25,0
2014-03-26,18:00:00,63.33,63.33,63.33,63.33,27,0
2014-03-26,20:00:00,63.056,63.056,62.89,62.89,294,0
2014-03-27,16:00:00,62.38,62.38,62.38,62.38,444,0
2014-03-27,17:00:00,62.243,62.243,62.243,62.243,408,0
2014-03-27,18:00:00,61.911,61.94,61.911,61.94,307,0
2014-03-27,21:00:00,61.852,61.852,61.852,61.852,408,0
2014-03-28,18:00:00,62.361,62.4,62.361,62.4,601,0
2014-03-31,16:00:00,62.302,62.802,62.302,62.782,2031,0
2014-03-31,20:00:00,63.016,63.183,63.016,63.183,11323,0
2014-04-01,18:00:00,63.232,63.232,63.232,63.232,619,0
2014-04-01,20:00:00,63.212,63.212,63.212,63.212,102,0
2014-04-03,16:00:00,63.869,63.869,63.869,63.869,429,0
2014-04-04,17:00:00,64.221,64.221,64.221,64.221,122,0
2014-04-07,16:00:00,63.066,63.066,63.066,63.066,102,0
2014-04-07,18:00:00,62.079,62.079,62.079,62.079,102,0
2014-04-07,19:00:00,61.871,61.891,61.871,61.891,1242,0
2014-04-08,18:00:00,61.725,62.145,61.725,62.145,1124,0
2014-04-09,16:00:00,62.205,62.205,62.205,62.205,307,0
2014-04-09,19:00:00,62.352,62.352,62.352,62.352,205,0
2014-04-10,19:00:00,62.185,62.185,62.185,62.185,102,0
2014-04-11,22:00:00,60.64,60.64,60.501,60.501,1834,0
2014-04-14,17:00:00,60.737,60.737,60.697,60.697,2146,0
2014-04-15,17:00:00,60.688,60.688,60.688,60.688,102,0
2014-04-15,18:00:00,60.59,60.59,60.57,60.57,817,0
2014-04-15,20:00:00,60.15,60.159,60.15,60.159,1103,0
2014-04-15,22:00:00,60.883,60.933,60.883,60.933,2110,0
2014-04-16,22:00:00,61.774,61.774,61.774,61.774,2632,0
2014-04-17,18:00:00,62.116,62.116,62.089,62.089,408,0
2014-04-17,21:00:00,62.282,62.282,62.282,62.282,967,0
2014-04-21,18:00:00,62.069,62.069,62.069,62.069,613,0
2014-04-22,16:00:00,61.979,62.508,61.979,62.508,4705,0
2014-04-22,17:00:00,62.371,62.371,62.371,62.371,3617,0
2014-04-23,18:00:00,62.87,62.87,62.87,62.87,5825,0
2014-04-23,21:00:00,62.663,62.663,62.663,62.663,511,0
2014-04-23,22:00:00,62.851,62.861,62.851,62.861,967,0
2014-04-24,16:00:00,62.782,62.782,62.782,62.782,102,0
2014-04-24,17:00:00,62.752,62.752,62.752,62.752,307,0
2014-04-24,19:00:00,62.831,62.938,62.831,62.938,2555,0
2014-04-28,16:00:00,62.449,62.449,62.449,62.449,408,0
2014-04-29,20:00:00,62.89,62.89,62.89,62.89,460,0
2014-04-30,20:00:00,62.861,62.861,62.861,62.861,408,0
2014-05-01,18:00:00,63.545,63.545,63.545,63.545,231,0
2014-05-02,20:00:00,63.555,63.575,63.555,63.555,817,0
2014-05-02,21:00:00,63.721,63.721,63.711,63.711,1935,0
2014-05-05,17:00:00,63.222,63.545,63.222,63.545,1431,0
2014-05-05,18:00:00,63.477,63.477,63.477,63.477,245,0
2014-05-05,20:00:00,63.487,63.487,63.487,63.487,307,0
2014-05-06,16:00:00,63.144,63.173,63.144,63.173,560,0
2014-05-06,22:00:00,62.821,62.821,62.821,62.821,307,0
2014-05-07,17:00:00,62.928,62.928,62.928,62.928,408,0
2014-05-07,22:00:00,63.349,63.349,63.349,63.349,307,0
2014-05-08,19:00:00,64.073,64.083,64.073,64.083,589,0
2014-05-09,16:00:00,63.497,63.497,63.497,63.497,408,0
2014-05-09,17:00:00,63.595,63.595,63.595,63.595,102,0
2014-05-09,18:00:00,63.388,63.388,63.388,63.388,307,0
2014-05-09,21:00:00,63.75,63.75,63.731,63.731,1941,0
2014-05-12,16:00:00,64.093,64.093,64.093,64.093,205,0
2014-05-12,18:00:00,64.465,64.465,64.425,64.425,869,0
2014-05-14,18:00:00,64.015,64.015,64.015,64.015,2299,0
2014-05-14,20:00:00,64.034,64.034,64.034,64.034,124,0
2014-05-15,17:00:00,62.653,62.653,62.577,62.577,307,0
2014-05-15,18:00:00,62.38,62.38,62.38,62.38,799,0
2014-05-15,22:00:00,62.9,62.9,62.851,62.89,817,0
2014-05-16,17:00:00,62.577,62.577,62.577,62.577,205,0
2014-05-20,22:00:00,62.938,62.938,62.938,62.938,205,0
2014-05-22,18:00:00,63.369,63.369,63.369,63.369,408,0
2014-05-27,20:00:00,63.849,63.849,63.849,63.849,1023,0
2014-05-27,22:00:00,63.849,63.849,63.849,63.849,143,0
2014-05-28,17:00:00,63.721,63.721,63.721,63.721,205,0
2014-05-28,22:00:00,63.917,63.917,63.897,63.897,1737,0
2014-05-29,16:00:00,63.779,63.779,63.779,63.779,817,0
2014-05-30,19:00:00,63.624,63.624,63.624,63.624,205,0
2014-05-30,21:00:00,63.76,63.829,63.76,63.829,887,0
2014-05-30,22:00:00,63.937,63.957,63.937,63.957,715,0
2014-06-02,16:00:00,63.957,63.957,63.957,63.957,715,0
2014-06-02,19:00:00,64.093,64.093,64.093,64.093,408,0
2014-06-02,20:00:00,64.231,64.231,64.231,64.231,102,0
2014-06-02,22:00:00,64.161,64.161,64.161,64.161,205,0
2014-06-04,16:00:00,65.014,65.052,65.014,65.052,2182,0
2014-06-04,18:00:00,65.443,65.443,65.443,65.443,910,0
2014-06-05,18:00:00,65.288,65.288,65.288,65.288,310,0
2014-06-06,16:00:00,65.962,65.962,65.962,65.962,408,0
2014-06-06,17:00:00,66.305,66.305,66.305,66.305,460,0
2014-06-06,22:00:00,66.255,66.255,66.196,66.196,715,0
2014-06-10,16:00:00,66.374,66.374,66.374,66.374,186,0
2014-06-11,18:00:00,65.952,65.952,65.864,65.864,1225,0
2014-06-11,21:00:00,65.904,65.952,65.904,65.952,2453,0
2014-06-12,16:00:00,65.864,65.864,65.864,65.864,2455,0
2014-06-16,21:00:00,65.492,65.512,65.492,65.512,246,0
2014-06-17,18:00:00,66.09,66.09,66.09,66.09,410,0
2014-06-17,20:00:00,66.403,66.403,66.403,66.403,882,0
2014-06-19,16:00:00,66.744,66.744,66.744,66.744,308,0
2014-06-20,20:00:00,66.562,66.562,66.562,66.562,204,0
2014-06-20,21:00:00,66.522,66.522,66.522,66.522,231,0
2014-06-23,18:00:00,66.512,66.512,66.512,66.512,204,0
2014-06-23,21:00:00,66.246,66.246,66.246,66.246,121,0
2014-06-24,22:00:00,65.922,65.922,65.922,65.922,305,0
2014-06-25,17:00:00,65.922,65.922,65.695,65.784,23130,0
2014-06-25,20:00:00,65.863,65.863,65.863,65.863,669,0
2014-06-25,21:00:00,65.922,65.922,65.922,65.922,305,0
2014-06-25,22:00:00,65.922,66.041,65.922,66.041,427,0
2014-06-26,19:00:00,65.695,65.695,65.695,65.695,915,0
2014-06-26,22:00:00,65.715,65.715,65.715,65.715,101,0
2014-06-27,17:00:00,65.519,65.519,65.519,65.519,508,0
2014-07-01,18:00:00,66.246,66.532,66.246,66.532,1830,0
2014-07-02,18:00:00,66.365,66.365,66.316,66.316,6,0
2014-07-02,22:00:00,66.148,66.187,66.148,66.187,1065,0
2014-07-03,17:00:00,66.709,66.709,66.709,66.709,508,0
2014-07-03,19:00:00,66.69,66.69,66.69,66.69,305,0
2014-07-07,17:00:00,66.365,66.395,66.365,66.375,1302,0
2014-07-07,19:00:00,66.09,66.09,66.09,66.09,216,0
2014-07-08,19:00:00,65.695,65.695,65.695,65.695,271,0
2014-07-08,22:00:00,65.695,65.695,65.695,65.695,134,0
2014-07-09,19:00:00,65.764,65.764,65.764,65.764,123,0
2014-07-09,21:00:00,66.061,66.061,66.061,66.061,176,0
2014-07-09,22:00:00,66.061,66.061,66.061,66.061,176,0
2014-07-10,16:00:00,64.938,64.938,64.938,64.938,406,0
2014-07-10,21:00:00,65.568,65.764,65.568,65.685,1765,0
2014-07-14,17:00:00,65.991,65.991,65.991,65.991,813,0
2014-07-14,22:00:00,65.991,65.991,65.991,65.991,101,0
2014-07-16,20:00:00,65.429,65.429,65.381,65.381,1017,0
2014-07-16,22:00:00,65.381,65.449,65.352,65.371,13534,0
2014-07-17,16:00:00,65.439,65.439,65.439,65.439,204,0
2014-07-17,17:00:00,65.439,65.439,65.439,65.439,508,0
2014-07-17,19:00:00,65.429,65.429,65.429,65.429,204,0
2014-07-17,21:00:00,65.439,65.439,65.429,65.429,427,0
2014-07-17,22:00:00,65.429,65.429,65.037,65.037,1118,0
2014-07-21,16:00:00,65.381,65.381,65.381,65.381,915,0
2014-07-21,18:00:00,65.203,65.203,65.203,65.203,1168,0
2014-07-21,19:00:00,65.183,65.183,65.183,65.183,305,0
2014-07-21,21:00:00,65.362,65.362,65.362,65.362,101,0
2014-07-21,22:00:00,65.362,65.362,65.362,65.362,101,0
2014-07-22,17:00:00,65.41,65.41,65.41,65.41,813,0
2014-07-22,22:00:00,65.41,65.41,65.41,65.41,204,0
2014-07-23,22:00:00,65.362,65.578,65.342,65.578,1122,0
2014-07-24,17:00:00,65.666,65.666,65.666,65.666,305,0
2014-07-24,22:00:00,65.449,65.529,65.39,65.489,1931,0
2014-07-28,22:00:00,64.869,64.869,64.594,64.594,915,0
2014-07-29,21:00:00,64.506,64.506,64.446,64.446,6327,0
2014-07-29,22:00:00,64.357,64.357,64.357,64.357,1625,0
2014-07-30,19:00:00,63.611,63.648,63.423,63.561,3764,0
2014-07-30,22:00:00,63.561,63.561,63.561,63.561,101,0
2014-07-31,18:00:00,63.119,63.119,63.119,63.119,101,0
2014-07-31,19:00:00,62.654,62.654,62.654,62.654,305,0
2014-07-31,20:00:00,62.773,63.019,62.704,63.019,508,0
2014-08-01,16:00:00,62.597,62.597,62.597,62.597,508,0
2014-08-04,20:00:00,62.183,62.183,62.183,62.183,610,0
2014-08-04,21:00:00,62.291,62.341,62.291,62.341,1218,0
2014-08-04,22:00:00,62.419,62.419,62.37,62.37,1087,0
2014-08-05,17:00:00,62.301,62.587,62.301,62.518,3457,0
2014-08-05,22:00:00,62.133,62.183,62.133,62.183,1014,0
2014-08-06,20:00:00,62.488,62.577,62.488,62.577,305,0
2014-08-08,16:00:00,62.311,62.311,62.231,62.231,2281,0
2014-08-08,21:00:00,62.773,62.773,62.773,62.773,610,0
2014-08-11,21:00:00,63.246,63.265,63.246,63.265,732,0
2014-08-12,16:00:00,63.157,63.157,63.157,63.157,1423,0
2014-08-12,20:00:00,63.236,63.284,63.236,63.284,3461,0
2014-08-13,17:00:00,63.581,63.581,63.581,63.581,101,0
2014-08-13,18:00:00,63.591,63.611,63.591,63.611,915,0
2014-08-14,16:00:00,63.62,63.62,63.62,63.62,305,0
2014-08-15,21:00:00,63.886,63.886,63.886,63.886,101,0
2014-08-18,17:00:00,64.506,64.506,64.506,64.506,305,0
2014-08-18,22:00:00,64.604,64.604,64.604,64.604,4622,0
2014-08-19,17:00:00,64.928,65.114,64.928,65.114,2961,0
2014-08-19,22:00:00,64.82,64.82,64.82,64.82,180,0
2014-08-21,18:00:00,65.293,65.293,65.293,65.293,204,0
2014-08-21,20:00:00,65.342,65.342,65.342,65.342,204,0
2014-08-25,19:00:00,65.853,65.853,65.804,65.804,764,0
2014-08-26,18:00:00,65.863,65.863,65.863,65.863,204,0
2014-08-26,21:00:00,65.843,65.843,65.843,65.843,146,0
2014-08-27,20:00:00,66.021,66.021,66.021,66.021,204,0
2014-08-27,21:00:00,66.021,66.021,66.021,66.021,305,0
2014-08-27,22:00:00,65.883,65.883,65.883,65.883,204,0
2014-08-28,19:00:00,65.883,65.883,65.883,65.883,204,0
2014-09-02,16:00:00,66.236,66.256,66.226,66.226,2846,0
2014-09-03,17:00:00,66.355,66.355,66.355,66.355,372,0
2014-09-03,21:00:00,66.07,66.07,66.07,66.07,736,0
2014-09-04,17:00:00,66.492,66.492,66.492,66.492,204,0
2014-09-05,16:00:00,66.09,66.09,65.705,65.725,2254,0
2014-09-05,17:00:00,65.676,65.676,65.549,65.627,813,0
2014-09-05,20:00:00,65.784,65.784,65.784,65.784,228,0
2014-09-05,22:00:00,65.863,65.863,65.863,65.863,152,0
2014-09-08,22:00:00,65.588,65.588,65.588,65.588,101,0
2014-09-09,17:00:00,65.263,65.263,65.223,65.223,204,0
2014-09-10,17:00:00,65.253,65.253,65.253,65.253,117,0
2014-09-10,19:00:00,65.342,65.342,65.342,65.342,543,0
2014-09-11,20:00:00,65.449,65.449,65.449,65.449,204,0
2014-09-12,20:00:00,65.41,65.41,65.41,65.41,17169,0
2014-09-12,21:00:00,65.449,65.489,65.381,65.381,9209,0
2014-09-22,17:00:00,66.156,66.156,65.948,65.948,304,0
2014-09-22,21:00:00,65.701,65.701,65.701,65.701,180,0
2014-09-25,21:00:00,64.735,64.735,64.735,64.735,405,0
2014-09-30,18:00:00,65.109,65.109,65.109,65.109,307,0
2014-10-02,18:00:00,63.334,63.334,63.334,63.334,205,0
2014-10-03,22:00:00,64.548,64.675,64.519,64.675,811,0
2014-10-07,22:00:00,63.413,63.413,63.413,63.413,130,0
2014-10-10,17:00:00,62.652,62.652,62.575,62.652,817,0
2014-10-10,20:00:00,62.702,62.702,62.624,62.624,2027,0
2014-10-13,22:00:00,61.972,61.972,61.972,61.972,912,0
2014-10-14,16:00:00,61.607,61.972,61.607,61.953,1752,0
2014-10-14,17:00:00,62.159,62.159,61.972,61.972,405,0
2014-10-14,19:00:00,62.386,62.396,62.082,62.376,1115,0
2014-10-15,16:00:00,61.696,61.696,59.189,60.157,1498,0
2014-10-15,18:00:00,60.748,60.748,60.157,60.157,973,0
2014-10-15,20:00:00,59.702,59.801,59.702,59.772,2209,0
2014-10-15,21:00:00,60.138,60.275,60.138,60.275,912,0
2014-10-16,21:00:00,61.262,61.262,61.055,61.134,1014,0
2014-10-17,17:00:00,62.159,62.159,62.159,62.159,507,0
2014-10-20,17:00:00,62.159,62.159,62.159,62.159,1014,0
2014-10-20,18:00:00,62.446,62.446,62.338,62.338,420,0
2014-10-20,21:00:00,62.505,62.505,62.505,62.505,101,0
2014-10-20,22:00:00,62.652,62.652,62.652,62.652,101,0
2014-10-21,17:00:00,63.304,63.611,63.304,63.611,507,0
2014-10-22,18:00:00,64.084,64.084,64.084,64.084,412,0
2014-10-24,21:00:00,64.509,64.509,64.509,64.509,101,0
2014-10-27,21:00:00,64.863,64.883,64.863,64.883,638,0
2014-10-28,20:00:00,65.613,65.613,65.613,65.613,304,0
2014-10-29,15:00:00,65.958,65.958,65.958,65.958,405,0
2014-11-03,18:00:00,67.004,67.004,67.004,67.004,203,0
2014-11-03,19:00:00,67.142,67.142,67.142,67.142,152,0
2014-11-05,16:00:00,67.508,67.508,67.498,67.508,1215,0
2014-11-05,17:00:00,67.605,67.605,67.605,67.605,1014,0
2014-11-07,17:00:00,66.946,66.946,66.946,66.946,1014,0
2014-11-10,16:00:00,67.024,67.024,67.024,67.024,1419,0
2014-11-10,17:00:00,67.074,67.074,67.074,67.074,102,0
2014-11-10,20:00:00,67.31,67.31,67.31,67.31,405,0
2014-11-14,20:00:00,67.389,67.389,67.389,67.389,101,0
2014-11-19,18:00:00,67.459,67.488,67.459,67.488,740,0
2014-11-19,19:00:00,67.518,67.518,67.518,67.518,1040,0
2014-11-21,16:00:00,68.485,68.485,68.485,68.485,203,0
2014-11-25,21:00:00,68.573,68.573,68.573,68.573,203,0
2014-12-01,18:00:00,67.962,67.962,67.962,67.962,203,0
2014-12-01,22:00:00,68.118,68.118,68.118,68.118,101,0
2014-12-05,20:00:00,69.461,69.589,69.461,69.589,710,0
2014-12-08,21:00:00,69.639,69.639,69.639,69.639,305,0
2014-12-09,18:00:00,69.066,69.066,69.066,69.066,1930,0
2014-12-15,16:00:00,67.605,67.605,67.605,67.605,1321,0
2014-12-15,17:00:00,67.092,67.092,67.092,67.092,406,0
2014-12-15,20:00:00,66.886,66.886,66.886,66.886,2028,0
2014-12-16,22:00:00,66.866,66.866,66.866,66.866,320,0
2014-12-17,16:00:00,66.609,66.609,66.609,66.609,203,0
2014-12-22,19:00:00,69.435,69.435,69.435,69.435,201,0
2014-12-22,20:00:00,69.524,69.524,69.524,69.524,120,0
2014-12-23,20:00:00,70.538,70.538,70.538,70.538,585,0
2014-12-29,17:00:00,70.538,70.538,70.538,70.538,402,0
2014-12-29,18:00:00,70.499,70.499,70.499,70.499,100,0
2014-12-30,19:00:00,70.439,70.439,70.439,70.439,302,0
2014-12-31,17:00:00,70.469,70.469,70.469,70.469,694,0
2014-12-31,20:00:00,69.991,69.991,69.991,69.991,100,0
2014-12-31,21:00:00,69.852,69.852,69.852,69.852,100,0
2014-12-31,22:00:00,69.464,69.464,69.464,69.464,302,0
2015-01-05,19:00:00,67.804,67.804,67.804,67.804,124,0
2015-01-05,21:00:00,67.764,67.764,67.764,67.764,135,0
2015-01-06,16:00:00,67.555,67.555,67.555,67.555,122,0
2015-01-06,18:00:00,67.476,67.476,67.476,67.476,591,0
2015-01-06,20:00:00,66.829,66.829,66.829,66.829,100,0
2015-01-08,20:00:00,68.708,68.708,68.708,68.708,579,0
2015-01-09,17:00:00,68.39,68.39,68.111,68.231,1083,0
2015-01-12,18:00:00,67.416,67.416,67.386,67.386,402,0
2015-01-12,22:00:00,67.157,67.157,67.157,67.157,100,0
2015-01-15,22:00:00,65.805,65.805,65.805,65.805,100,0
2015-01-20,16:00:00,67.157,67.157,67.157,67.157,402,0
2015-01-21,18:00:00,66.71,66.71,66.71,66.71,146,0
2015-01-21,22:00:00,66.372,66.372,66.372,66.372,100,0
2015-01-22,16:00:00,66.65,66.65,66.65,66.65,262,0
2015-01-22,19:00:00,67.296,67.296,67.296,67.296,603,0
2015-01-27,20:00:00,67.217,67.217,67.217,67.217,201,0
2015-01-27,22:00:00,67.157,67.157,66.969,66.969,845,0
2015-01-28,16:00:00,67.107,67.107,67.107,67.107,246,0
2015-01-28,17:00:00,66.919,66.919,66.809,66.809,201,0
2015-01-28,22:00:00,66.202,66.202,66.202,66.202,100,0
2015-02-02,17:00:00,65.198,65.198,65.198,65.198,113,0
2015-02-04,20:00:00,67.316,67.316,67.316,67.316,305,0
2015-02-04,21:00:00,67.366,67.366,67.366,67.366,100,0
2015-02-04,22:00:00,67.565,67.565,67.565,67.565,100,0
2015-02-06,16:00:00,68.241,68.241,68.241,68.241,100,0
2015-02-06,17:00:00,68.311,68.311,68.311,68.311,201,0
2015-02-06,20:00:00,68.023,68.023,68.023,68.023,125,0
2015-02-06,22:00:00,67.833,67.873,67.794,67.843,2083,0
2015-02-11,18:00:00,68.341,68.42,68.341,68.42,302,0
2015-02-11,20:00:00,68.241,68.241,68.241,68.241,100,0
2015-02-11,22:00:00,68.56,68.56,68.56,68.56,130,0
2015-02-17,16:00:00,69.096,69.096,69.096,69.096,100,0
2015-02-17,18:00:00,69.255,69.255,69.255,69.255,252,0
2015-02-18,17:00:00,69.166,69.166,69.166,69.166,201,0
2015-02-20,20:00:00,69.037,69.037,69.037,69.037,529,0
2015-02-20,22:00:00,69.175,69.175,69.175,69.175,100,0
2015-02-26,21:00:00,68.868,68.868,68.868,68.868,100,0
2015-03-02,17:00:00,69.017,69.017,69.017,69.017,1,0
2015-03-04,16:00:00,69.225,69.225,69.225,69.225,201,0
2015-03-06,22:00:00,69.037,69.037,68.907,68.907,1273,0
2015-03-10,15:00:00,68.111,68.111,68.111,68.111,100,0
2015-03-10,17:00:00,68.071,68.071,68.071,68.071,100,0
2015-03-12,19:00:00,68.848,68.848,68.778,68.778,3437,0
2015-03-16,19:00:00,69.59,69.59,69.59,69.59,262,0
2015-03-17,19:00:00,69.752,69.752,69.752,69.752,111,0
2015-03-18,19:00:00,69.357,69.357,69.357,69.357,100,0
2015-03-19,20:00:00,69.255,69.255,69.255,69.255,100,0
2015-03-23,16:00:00,70.847,70.847,70.847,70.847,100,0
2015-03-23,19:00:00,70.478,70.478,70.478,70.478,200,0
2015-03-24,15:00:00,69.966,69.966,69.966,69.966,150,0
2015-03-27,16:00:00,68.439,68.482,68.292,68.292,701,0
2015-03-27,18:00:00,68.292,68.292,68.292,68.292,75,0
2015-03-27,19:00:00,68.292,68.292,68.292,68.292,30,0
2015-03-27,21:00:00,68.292,68.302,68.292,68.302,270,0
2015-03-30,16:00:00,68.861,68.861,68.861,68.861,501,0
2015-03-30,17:00:00,68.861,68.861,68.861,68.861,30,0
2015-03-30,18:00:00,69.26,69.26,69.26,69.26,100,0
2015-03-30,20:00:00,69.26,69.26,69.26,69.26,57,0
2015-03-31,21:00:00,69.271,69.271,69.271,69.271,226,0
2015-03-31,22:00:00,69.051,69.051,69.051,69.051,251,0
2015-04-01,17:00:00,68.901,68.901,68.901,68.901,100,0
2015-04-01,21:00:00,68.961,68.961,68.961,68.961,172,0
2015-04-02,19:00:00,69.09,69.09,69.09,69.09,100,0
2015-04-02,22:00:00,69.09,69.09,69.09,69.09,1,0
2015-04-06,18:00:00,69.48,69.52,69.48,69.52,200,0
2015-04-06,22:00:00,69.5,69.5,69.5,69.5,145,0
2015-04-08,18:00:00,69.32,69.32,69.32,69.32,406,0
2015-04-08,21:00:00,69.32,69.32,69.32,69.32,1,0
2015-04-09,16:00:00,69.17,69.17,69.17,69.17,200,0
2015-04-09,19:00:00,69.17,69.17,69.17,69.17,50,0
2015-04-09,20:00:00,69.633,69.633,69.633,69.633,100,0
2015-04-09,21:00:00,69.32,69.32,69.32,69.32,100,0
2015-04-09,22:00:00,69.5,69.5,69.5,69.5,153,0
2015-04-10,18:00:00,69.43,69.43,69.43,69.43,222,0
2015-04-10,22:00:00,69.427,69.427,69.427,69.427,100,0
2015-04-13,22:00:00,69.839,69.929,69.839,69.929,641,0
2015-04-14,16:00:00,70.518,70.518,70.518,70.518,393,0
2015-04-14,20:00:00,69.759,69.759,69.759,69.759,100,0
2015-04-14,21:00:00,69.52,69.52,69.52,69.52,100,0
2015-04-15,21:00:00,70.128,70.128,70.128,70.128,200,0
2015-04-15,22:00:00,70.128,70.128,70.118,70.128,396,0
2015-04-17,16:00:00,68.951,68.951,68.951,68.951,150,0
2015-04-17,17:00:00,68.961,68.961,68.961,68.961,301,0
2015-04-20,16:00:00,68.053,69.43,68.053,69.43,393,0
2015-04-20,19:00:00,69.719,69.719,69.719,69.719,301,0
2015-04-23,20:00:00,69.582,69.582,69.582,69.582,301,0
2015-04-24,16:00:00,69.288,69.288,69.288,69.288,160,0
2015-04-24,21:00:00,69.612,69.612,69.612,69.612,100,0
2015-04-24,22:00:00,69.353,69.353,69.353,69.353,100,0
2015-04-28,21:00:00,69.387,69.387,69.387,69.387,150,0
2015-04-28,22:00:00,69.471,69.471,69.4,69.4,1253,0
2015-04-29,16:00:00,69.17,69.17,69.17,69.17,547,0
2015-04-29,18:00:00,69.462,69.462,69.462,69.462,100,0
2015-04-29,19:00:00,69.51,69.51,69.25,69.25,555,0
2015-04-29,21:00:00,69.719,69.719,69.719,69.719,265,0
2015-04-29,22:00:00,69.52,69.52,69.51,69.51,383,0
2015-04-30,21:00:00,68.951,68.951,68.899,68.899,976,0
2015-05-04,20:00:00,69.576,69.576,69.576,69.576,200,0
2015-05-06,18:00:00,69.24,69.24,69.24,69.24,100,0
2015-05-06,19:00:00,68.995,68.995,68.995,68.995,150,0
2015-05-07,20:00:00,69.57,69.809,69.57,69.579,501,0
2015-05-11,21:00:00,70.398,70.498,70.398,70.498,701,0
2015-05-12,16:00:00,70.947,70.947,70.947,70.947,501,0
2015-05-12,22:00:00,70.108,70.108,70.108,70.108,140,0
2015-05-13,19:00:00,70.108,70.108,70.108,70.108,286,0
2015-05-13,22:00:00,69.991,69.991,69.991,69.991,301,0
2015-05-18,17:00:00,70.716,70.716,70.561,70.561,1002,0
2015-05-19,17:00:00,71.037,71.037,71.037,71.037,200,0
2015-05-19,18:00:00,70.937,70.937,70.937,70.937,100,0
2015-05-19,22:00:00,70.997,70.997,70.967,70.967,200,0
2015-05-21,19:00:00,71.017,71.017,71.017,71.017,601,0
2015-05-21,20:00:00,70.839,70.839,70.839,70.839,100,0
2015-05-27,16:00:00,70.448,70.448,70.448,70.448,100,0
2015-05-27,17:00:00,70.348,70.348,70.348,70.348,100,0
2015-05-27,19:00:00,70.538,70.538,70.538,70.538,100,0
2015-05-27,21:00:00,70.687,70.687,70.687,70.687,100,0
2015-05-27,22:00:00,70.667,70.667,70.667,70.667,100,0
2015-05-29,22:00:00,70.021,70.021,70.021,70.021,100,0
2015-06-01,18:00:00,69.822,69.822,69.822,69.822,100,0
2015-06-01,22:00:00,70.019,70.019,70.019,70.019,200,0
2015-06-05,20:00:00,70.288,70.288,70.288,70.288,100,0
2015-06-05,22:00:00,70.278,70.278,70.278,70.278,142,0
2015-06-08,18:00:00,70.258,70.258,70.258,70.258,401,0
2015-06-09,18:00:00,70.039,70.039,70.027,70.027,200,0
2015-06-09,20:00:00,70.257,70.257,70.257,70.257,100,0
2015-06-11,18:00:00,71.685,71.685,71.685,71.685,725,0
2015-06-12,16:00:00,71.655,71.655,71.655,71.655,100,0
2015-06-15,16:00:00,71.256,71.256,71.256,71.256,170,0
2015-06-15,17:00:00,70.787,70.787,70.787,70.787,100,0
2015-06-16,16:00:00,70.807,70.807,70.807,70.807,126,0
2015-06-16,19:00:00,71.426,71.426,71.426,71.426,200,0
2015-06-16,20:00:00,71.585,71.585,71.585,71.585,139,0
2015-06-16,21:00:00,71.765,71.765,71.765,71.765,200,0
2015-06-17,18:00:00,71.755,71.755,71.617,71.655,481,0
2015-06-17,19:00:00,71.655,71.655,71.655,71.655,160,0
2015-06-18,19:00:00,72.18,72.334,72.144,72.334,965,0
2015-06-18,21:00:00,72.284,72.284,72.282,72.282,337,0
2015-06-18,22:00:00,72.334,72.334,72.254,72.254,300,0
2015-06-19,16:00:00,72.35,72.35,72.1,72.1,634,0
2015-06-19,17:00:00,72.16,72.16,72.16,72.16,200,0
2015-06-19,18:00:00,72.07,72.07,72,72,500,0
2015-06-19,19:00:00,71.82,71.98,71.82,71.98,500,0
2015-06-19,20:00:00,71.8001,71.804,71.8001,71.804,600,0
2015-06-19,21:00:00,71.738,71.738,71.738,71.738,100,0
2015-06-19,22:00:00,71.7699,71.85,71.7699,71.85,1170,0
2015-06-22,16:00:00,72.36,72.36,72.266,72.266,494,0
2015-06-22,17:00:00,72.16,72.16,72.16,72.16,300,0
2015-06-22,18:00:00,72.309,72.3799,72.309,72.37,619,0
2015-06-22,19:00:00,72.084,72.084,72.084,72.084,100,0
2015-06-22,20:00:00,72.08,72.08,72.08,72.08,100,0
2015-06-22,21:00:00,72.2378,72.2378,72.2378,72.2378,485,0
2015-06-22,22:00:00,72.231,72.231,72.21,72.21,500,0
2015-06-23,16:00:00,72.47,72.47,72.47,72.47,720,0
2015-06-23,19:00:00,72.4399,72.4399,72.4399,72.4399,207,0
2015-06-23,21:00:00,72.56,72.56,72.56,72.56,300,0
2015-06-23,22:00:00,72.597,72.597,72.597,72.597,200,0
2015-06-24,16:00:00,72.62,72.62,72.31,72.31,219,0
2015-06-24,17:00:00,72.138,72.27,72.138,72.27,400,0
2015-06-24,18:00:00,72.1999,72.1999,72.15,72.15,775,0
2015-06-24,19:00:00,72.09,72.09,72,72,900,0
2015-06-24,20:00:00,72,72,72,72,520,0
2015-06-24,22:00:00,71.95,71.95,71.95,71.95,200,0
2015-06-25,16:00:00,72.37,72.37,71.74,71.79,2487,0
2015-06-25,17:00:00,71.71,71.71,71.71,71.71,100,0
2015-06-25,18:00:00,71.76,71.82,71.71,71.71,3041,0
2015-06-25,19:00:00,71.71,71.71,71.7,71.7,1083,0
2015-06-25,20:00:00,71.59,71.59,71.5105,71.5105,482,0
2015-06-25,22:00:00,71.35,71.36,71.33,71.33,600,0
2015-06-26,16:00:00,71.5984,71.5984,71.5984,71.5984,100,0
2015-06-26,17:00:00,71.73,71.73,71.636,71.636,250,0
2015-06-26,18:00:00,71.83,71.83,71.8,71.8,200,0
2015-06-26,19:00:00,71.78,71.78,71.66,71.66,300,0
2015-06-26,21:00:00,71.68,71.68,71.674,71.674,1100,0
2015-06-26,22:00:00,71.7795,71.7795,71.7795,71.7795,100,0
2015-06-29,16:00:00,71.58,71.58,70.96,70.96,285,0
2015-06-29,17:00:00,70.808,70.808,70.808,70.808,100,0
2015-06-29,18:00:00,70.534,70.54,70.51,70.518,700,0
2015-06-29,19:00:00,70.57,70.57,70.38,70.38,500,0
2015-06-29,20:00:00,70.298,70.298,70.27,70.28,500,0
2015-06-29,21:00:00,70.215,70.215,70.125,70.125,300,0
2015-06-29,22:00:00,70.1,70.1,70.0032,70.0032,342,0
2015-06-30,16:00:00,70.55,70.55,70.23,70.25,400,0
2015-06-30,17:00:00,70.04,70.04,70.04,70.04,100,0
2015-06-30,18:00:00,70.005,70.005,70,70,343,0
2015-06-30,19:00:00,69.88,69.88,69.88,69.88,121,0
2015-06-30,20:00:00,70.14,70.14,70.126,70.126,200,0
2015-06-30,21:00:00,70.526,70.526,70.42,70.42,500,0
2015-07-01,16:00:00,72.33,72.5248,72.23,72.32,985,0
2015-07-01,17:00:00,72.45,72.45,71.97,72.015,1700,0
2015-07-01,18:00:00,72.0301,72.055,72.03,72.03,400,0
2015-07-01,19:00:00,71.97,71.97,71.85,71.85,200,0
2015-07-01,20:00:00,71.83,71.9,71.82,71.82,900,0
2015-07-01,21:00:00,71.82,71.84,71.764,71.765,800,0
2015-07-01,22:00:00,71.934,71.934,71.88,71.906,845,0
2015-07-02,16:00:00,72.1,72.13,72,72,894,0
2015-07-02,17:00:00,72.02,72.07,72,72,1100,0
2015-07-02,18:00:00,72.1,72.1,72.1,72.1,150,0
2015-07-02,19:00:00,71.72,71.72,71.7,71.7,2500,0
2015-07-02,20:00:00,71.66,71.66,71.66,71.66,100,0
2015-07-02,22:00:00,71.65,71.73,71.65,71.73,800,0
2015-07-06,16:00:00,71.1999,71.1999,70.6,70.6,460,0
2015-07-06,18:00:00,71.5699,71.5699,71.5699,71.5699,250,0
2015-07-06,19:00:00,71.44,71.44,71.44,71.44,100,0
2015-07-06,20:00:00,71.27,71.27,71.27,71.27,100,0
2015-07-06,21:00:00,71.19,71.19,71.19,71.19,100,0
2015-07-06,22:00:00,71.175,71.55,71.175,71.55,337,0
2015-07-07,16:00:00,71.5,71.5,71.5,71.5,250,0
2015-07-07,17:00:00,70.99,70.99,70.52,70.52,200,0
2015-07-07,21:00:00,71.082,71.3935,71.082,71.3935,1189,0
2015-07-08,17:00:00,71.3169,71.41,71.3169,71.41,516,0
2015-07-08,19:00:00,71.056,71.056,71.056,71.056,691,0
2015-07-08,21:00:00,71.0299,71.0299,71.0299,71.0299,100,0
2015-07-09,20:00:00,71.2,71.2,71.155,71.155,500,0
2015-07-09,21:00:00,71.08,71.08,71.08,71.08,100,0
2015-07-09,22:00:00,71.3444,71.3444,71.32,71.32,359,0
2015-07-10,18:00:00,71.94,72.06,71.921,72.0186,1100,0
2015-07-10,19:00:00,72.05,72.06,72,72.04,500,0
2015-07-10,20:00:00,72,72.04,71.96,72.04,1000,0
2015-07-10,21:00:00,72.03,72.19,72.03,72.19,825,0
2015-07-13,16:00:00,72.9,72.9,72.61,72.61,3240,0
2015-07-13,17:00:00,72.678,72.678,72.678,72.678,200,0
2015-07-13,18:00:00,72.761,72.82,72.71,72.77,1713,0
2015-07-13,19:00:00,72.76,72.76,72.68,72.68,1050,0
2015-07-13,20:00:00,72.64,72.64,72.64,72.64,100,0
2015-07-13,22:00:00,72.7,72.7,72.69,72.69,200,0
2015-07-14,16:00:00,72.44,72.44,72.44,72.44,140,0
2015-07-14,17:00:00,72.9099,72.9099,72.877,72.877,275,0
2015-07-14,18:00:00,72.9086,72.9086,72.9086,72.9086,125,0
2015-07-14,19:00:00,72.9,72.9,72.785,72.785,375,0
2015-07-14,21:00:00,72.8795,72.8795,72.8795,72.8795,250,0
2015-07-15,16:00:00,72.8,72.8186,72.8,72.8186,360,0
2015-07-15,17:00:00,73.0499,73.0499,73.0499,73.0499,300,0
2015-07-15,18:00:00,73.16,73.236,73.16,73.236,700,0
2015-07-15,19:00:00,73.005,73.005,72.8835,72.8835,700,0
2015-07-15,20:00:00,73.08,73.08,73.08,73.08,100,0
2015-07-15,22:00:00,72.91,72.91,72.91,72.91,100,0
2015-07-16,16:00:00,73.6199,73.62,73.587,73.587,650,0
2015-07-16,19:00:00,73.5099,73.5099,73.5099,73.5099,150,0
2015-07-16,20:00:00,73.35,73.35,73.35,73.35,100,0
2015-07-17,16:00:00,73.48,73.48,73.269,73.269,300,0
2015-07-17,17:00:00,73.2897,73.2897,73.26,73.27,400,0
2015-07-17,18:00:00,73.26,73.26,73.14,73.14,500,0
2015-07-17,19:00:00,73.18,73.18,73.18,73.18,281,0
2015-07-17,22:00:00,73.36,73.36,73.36,73.36,100,0
2015-07-20,16:00:00,73.11,73.55,73.11,73.25,277,0
2015-07-20,17:00:00,73.06,73.13,73.06,73.13,240,0
2015-07-20,20:00:00,73.36,73.36,73.36,73.36,10,0
2015-07-20,21:00:00,73.22,73.22,73.22,73.22,20,0
2015-07-20,22:00:00,73.2,73.24,73.15,73.15,410,0
2015-07-21,16:00:00,73.37,73.55,73.37,73.55,725,0
2015-07-21,17:00:00,73.63,73.69,73.44,73.44,800,0
2015-07-21,18:00:00,73.22,73.22,73.22,73.22,100,0
2015-07-21,19:00:00,73.1892,73.23,73.1892,73.23,352,0
2015-07-21,22:00:00,73.2861,73.2861,73.2861,73.2861,300,0
2015-07-22,16:00:00,73.35,73.4599,73.35,73.4599,1100,0
2015-07-22,19:00:00,73.3468,73.3468,73.3468,73.3468,100,0
2015-07-22,22:00:00,73.45,73.45,73.45,73.45,609,0
2015-07-23,18:00:00,73.5,73.5,73.26,73.26,924,0
2015-07-23,20:00:00,73.221,73.221,73.221,73.221,150,0
2015-07-23,21:00:00,73.176,73.26,73.176,73.26,200,0
2015-07-24,17:00:00,73.56,73.56,73.56,73.56,165,0
2015-07-24,18:00:00,73.415,73.415,73.415,73.415,135,0
2015-07-24,21:00:00,73.1999,73.1999,73.1999,73.1999,136,0
2015-07-27,16:00:00,73,73,73,73,300,0
2015-07-27,18:00:00,72.919,72.919,72.919,72.919,200,0
2015-07-27,19:00:00,72.85,72.85,72.85,72.85,200,0
2015-07-27,20:00:00,72.7,72.7,72.7,72.7,200,0
2015-07-27,21:00:00,72.7237,72.75,72.7092,72.73,1545,0
2015-07-28,16:00:00,73.8,73.8,73.21,73.21,750,0
2015-07-28,17:00:00,72.73,72.73,72.73,72.73,100,0
2015-07-28,18:00:00,73,73,73,73,100,0
2015-07-28,21:00:00,73.1,73.14,73.1,73.14,200,0
2015-07-28,22:00:00,73.01,73.01,73.01,73.01,200,0
2015-07-29,16:00:00,73.3,73.3,73.3,73.3,323,0
2015-07-29,18:00:00,73.71,73.73,73.71,73.72,300,0
2015-07-29,20:00:00,73.64,73.64,73.64,73.64,150,0
2015-07-29,22:00:00,73.91,73.91,73.8717,73.8717,500,0
2015-07-30,16:00:00,73.56,73.56,73.56,73.56,100,0
2015-07-30,19:00:00,73.79,73.79,73.79,73.79,100,0
2015-07-30,20:00:00,73.78,73.78,73.7799,73.78,300,0
2015-07-30,21:00:00,73.84,73.92,73.84,73.92,754,0
2015-07-31,16:00:00,74.02,74.02,74.02,74.02,200,0
2015-07-31,18:00:00,73.85,73.92,73.85,73.9199,2300,0
2015-07-31,21:00:00,73.78,73.78,73.78,73.78,200,0
2015-07-31,22:00:00,73.612,73.612,73.6,73.6,300,0
2015-08-03,16:00:00,73.73,73.73,73.48,73.48,622,0
2015-08-03,18:00:00,73.55,73.76,73.55,73.76,400,0
2015-08-03,19:00:00,73.692,73.692,73.56,73.56,600,0
2015-08-03,20:00:00,73.53,73.53,73.53,73.53,105,0
2015-08-03,21:00:00,73.47,73.54,73.46,73.46,1200,0
2015-08-03,22:00:00,73.54,73.54,73.54,73.54,100,0
2015-08-04,16:00:00,73.9,73.9,73.85,73.85,733,0
2015-08-04,17:00:00,73.83,73.83,73.8,73.8,2200,0
2015-08-04,18:00:00,73.6899,73.6899,73.6899,73.6899,135,0
2015-08-04,19:00:00,73.69,73.69,73.69,73.69,203,0
2015-08-04,22:00:00,73.61,73.61,73.595,73.595,500,0
2015-08-05,16:00:00,74.07,74.07,74.07,74.07,100,0
2015-08-05,17:00:00,73.975,73.975,73.95,73.95,200,0
2015-08-05,18:00:00,73.94,73.94,73.8399,73.8399,700,0
2015-08-05,19:00:00,73.5912,73.5912,73.5912,73.5912,125,0
2015-08-05,20:00:00,73.5,73.5339,73.41,73.5339,450,0
2015-08-05,22:00:00,73.5599,73.5599,73.5599,73.5599,120,0
2015-08-06,17:00:00,73.4399,73.4399,73.4399,73.4399,100,0
2015-08-06,18:00:00,73.5,73.5,73.4,73.4,300,0
2015-08-06,19:00:00,73.2,73.2,72.954,72.954,200,0
2015-08-07,16:00:00,72.972,72.972,72.972,72.972,200,0
2015-08-07,17:00:00,72.95,73.0499,72.95,73.0499,1150,0
2015-08-07,18:00:00,72.8,72.8,72.8,72.8,100,0
2015-08-07,19:00:00,72.87,72.87,72.87,72.87,100,0
2015-08-07,20:00:00,72.81,72.82,72.76,72.82,835,0
2015-08-07,22:00:00,72.8,72.8,72.8,72.8,100,0
