Date,Time,Open,High,Low,Close,Volume,OpenInt
2014-12-22,16:00:00,86.216,86.216,86.137,86.137,402,0
2014-12-22,17:00:00,86.176,86.305,86.176,86.255,3415,0
2014-12-22,18:00:00,86.216,86.226,86.078,86.166,3539,0
2014-12-22,19:00:00,86.156,86.186,86.108,86.186,3722,0
2014-12-22,20:00:00,86.245,86.245,86.245,86.245,106,0
2014-12-22,21:00:00,86.315,86.345,86.206,86.335,2532,0
2014-12-22,22:00:00,86.345,86.444,86.315,86.444,1793,0
2014-12-23,16:00:00,86.89,86.89,86.89,86.89,1769,0
2014-12-23,17:00:00,86.82,86.82,86.741,86.741,805,0
2014-12-23,19:00:00,86.731,86.731,86.731,86.731,244,0
2014-12-23,20:00:00,86.93,86.958,86.93,86.958,1041,0
2014-12-23,21:00:00,86.76,86.82,86.75,86.82,584,0
2014-12-23,22:00:00,86.88,86.9,86.721,86.75,2767,0
2014-12-24,18:00:00,86.836,86.995,86.836,86.995,3315,0
2014-12-24,19:00:00,86.995,86.995,86.886,86.886,906,0
2014-12-26,16:00:00,87.044,87.114,87.044,87.104,816,0
2014-12-26,17:00:00,87.104,87.104,87.104,87.104,976,0
2014-12-26,21:00:00,87.124,87.124,87.124,87.124,538,0
2014-12-26,22:00:00,87.124,87.124,86.945,86.965,1107,0
2014-12-29,16:00:00,86.886,86.886,86.886,86.886,100,0
2014-12-29,17:00:00,87.025,87.025,87.025,87.025,503,0
2014-12-29,18:00:00,87.035,87.114,87.035,87.114,815,0
2014-12-29,19:00:00,87.044,87.044,87.044,87.044,260,0
2014-12-29,20:00:00,87.035,87.044,87.035,87.044,402,0
2014-12-29,21:00:00,87.114,87.114,87.035,87.035,2295,0
2014-12-29,22:00:00,87.144,87.144,87.144,87.144,302,0
2014-12-30,16:00:00,86.727,86.945,86.727,86.926,1434,0
2014-12-30,17:00:00,86.756,86.756,86.756,86.756,100,0
2014-12-30,18:00:00,86.776,86.806,86.776,86.806,825,0
2014-12-30,19:00:00,86.697,86.697,86.697,86.697,202,0
2014-12-30,20:00:00,86.697,86.697,86.667,86.667,1258,0
2014-12-30,22:00:00,86.508,86.707,86.508,86.617,46140,0
2014-12-31,16:00:00,86.796,86.796,86.578,86.578,1021,0
2014-12-31,17:00:00,86.617,86.756,86.597,86.756,1219,0
2014-12-31,18:00:00,86.737,86.737,86.737,86.737,688,0
2014-12-31,19:00:00,86.399,86.399,86.299,86.389,503,0
2014-12-31,20:00:00,86.478,86.478,86.329,86.369,1701,0
2014-12-31,21:00:00,86.24,86.24,85.892,85.941,2142,0
2014-12-31,22:00:00,85.971,85.971,85.573,85.573,1415,0
2015-01-02,16:00:00,85.723,86.031,85.723,85.971,2169,0
2015-01-02,17:00:00,86.051,86.051,85.823,85.823,1234,0
2015-01-02,18:00:00,85.206,85.385,85.037,85.265,2745,0
2015-01-02,19:00:00,85.325,85.435,85.285,85.285,10714,0
2015-01-02,20:00:00,85.197,85.197,85.167,85.187,12913,0
2015-01-02,21:00:00,85.315,85.445,85.315,85.355,6893,0
2015-01-02,22:00:00,85.525,85.713,85.525,85.554,604,0
2015-01-05,16:00:00,85.226,85.226,84.839,84.858,3242,0
2015-01-05,17:00:00,84.789,84.789,84.411,84.55,1409,0
2015-01-05,18:00:00,84.53,84.53,84.332,84.372,1320,0
2015-01-05,19:00:00,84.51,84.51,84.262,84.262,1119,0
2015-01-05,20:00:00,84.074,84.172,84.074,84.172,3964,0
2015-01-05,21:00:00,84.162,84.162,83.884,83.994,8939,0
2015-01-05,22:00:00,83.984,84.162,83.844,84.054,3495,0
2015-01-06,16:00:00,84.252,84.362,84.004,84.123,2212,0
2015-01-06,18:00:00,83.556,83.556,83.556,83.556,402,0
2015-01-06,19:00:00,82.9,83.07,82.851,83.07,2232,0
2015-01-06,21:00:00,82.97,83.338,82.95,83.338,1870,0
2015-01-06,22:00:00,83.606,83.676,83.258,83.258,3725,0
2015-01-07,16:00:00,83.348,83.656,83.348,83.656,302,0
2015-01-07,17:00:00,83.824,83.884,83.824,83.884,731,0
2015-01-07,18:00:00,83.776,84.113,83.776,84.113,1647,0
2015-01-07,19:00:00,84.034,84.083,84.034,84.083,811,0
2015-01-07,20:00:00,83.984,83.984,83.984,83.984,302,0
2015-01-07,21:00:00,84.113,84.262,84.044,84.044,3916,0
2015-01-07,22:00:00,84.083,84.172,84.044,84.172,3035,0
2015-01-08,16:00:00,84.908,85.206,84.908,85.206,16801,0
2015-01-08,17:00:00,85.206,85.425,85.206,85.355,3408,0
2015-01-08,18:00:00,85.583,85.583,85.405,85.475,2256,0
2015-01-08,19:00:00,85.395,85.445,85.325,85.445,1139,0
2015-01-08,20:00:00,85.673,85.673,85.673,85.673,342,0
2015-01-08,21:00:00,85.583,85.753,85.415,85.753,2787,0
2015-01-08,22:00:00,85.713,85.743,85.505,85.505,4157,0
2015-01-09,16:00:00,85.793,85.793,85.505,85.505,747,0
2015-01-09,17:00:00,85.385,85.385,85.067,85.087,2003,0
2015-01-09,18:00:00,85.107,85.107,84.789,85.067,5970,0
2015-01-09,19:00:00,85.256,85.256,85.097,85.097,3724,0
2015-01-09,20:00:00,85.057,85.236,85.057,85.137,3462,0
2015-01-09,21:00:00,85.117,85.187,85.087,85.177,2774,0
2015-01-09,22:00:00,85.187,85.305,85.177,85.177,2293,0
2015-01-12,16:00:00,84.61,84.61,84.61,84.61,1233,0
2015-01-12,18:00:00,84.451,84.471,84.401,84.441,2533,0
2015-01-12,20:00:00,84.153,84.172,84.133,84.143,1143,0
2015-01-12,21:00:00,84.024,84.054,84.024,84.054,1152,0
2015-01-12,22:00:00,84.153,84.202,83.984,84.202,2001,0
2015-01-13,16:00:00,85.127,85.285,85.127,85.285,4226,0
2015-01-13,17:00:00,85.455,85.455,85.236,85.236,4337,0
2015-01-13,18:00:00,85.265,85.265,85.047,85.047,604,0
2015-01-13,19:00:00,84.729,84.729,84.6,84.6,778,0
2015-01-13,20:00:00,84.67,84.679,83.776,83.824,4285,0
2015-01-13,21:00:00,83.576,83.576,83.576,83.576,604,0
2015-01-13,22:00:00,83.646,84.182,83.646,83.974,6144,0
2015-01-14,16:00:00,83.02,83.179,83.02,83.179,2415,0
2015-01-14,17:00:00,83.348,83.566,83.348,83.368,1182,0
2015-01-14,18:00:00,83.1,83.338,83.1,83.228,1982,0
2015-01-14,19:00:00,82.94,83.05,82.94,83.03,875,0
2015-01-14,20:00:00,83.1,83.1,82.772,82.772,2530,0
2015-01-14,21:00:00,82.96,83.318,82.96,83.318,1688,0
2015-01-14,22:00:00,83.516,83.516,83.516,83.516,1034,0
2015-01-15,16:00:00,83.894,83.904,83.418,83.418,1711,0
2015-01-15,17:00:00,83.487,83.756,83.487,83.736,597,0
2015-01-15,18:00:00,83.179,83.179,83.179,83.179,437,0
2015-01-15,19:00:00,83.208,83.208,83.06,83.06,859,0
2015-01-15,20:00:00,82.92,83.05,82.92,83.05,981,0
2015-01-15,21:00:00,83.12,83.208,83.06,83.208,2315,0
2015-01-15,22:00:00,83.04,83.04,82.841,82.841,825,0
2015-01-16,16:00:00,82.891,83.06,82.891,83.06,302,0
2015-01-16,17:00:00,82.662,83.06,82.662,83.06,1628,0
2015-01-16,18:00:00,83.418,83.418,83.218,83.218,981,0
2015-01-16,20:00:00,83.438,83.438,83.438,83.438,346,0
2015-01-16,21:00:00,83.438,83.438,83.438,83.438,704,0
2015-01-16,22:00:00,83.468,83.795,83.408,83.795,1584,0
2015-01-20,16:00:00,84.004,84.153,83.944,83.944,436,0
2015-01-20,17:00:00,83.706,83.834,83.477,83.496,3228,0
2015-01-20,18:00:00,83.496,83.496,83.338,83.338,2213,0
2015-01-20,19:00:00,83.328,83.566,83.328,83.566,5443,0
2015-01-20,20:00:00,83.496,83.736,83.496,83.736,1761,0
2015-01-20,21:00:00,83.776,84.083,83.676,84.083,2287,0
2015-01-20,22:00:00,84.093,84.143,84.054,84.054,1152,0
2015-01-21,16:00:00,83.716,83.874,83.716,83.874,1107,0
2015-01-21,17:00:00,84.212,84.322,84.113,84.252,1711,0
2015-01-21,18:00:00,84.699,84.699,84.481,84.481,2344,0
2015-01-21,19:00:00,84.55,84.55,84.352,84.352,1318,0
2015-01-21,20:00:00,84.431,84.471,84.292,84.292,3324,0
2015-01-21,21:00:00,84.222,84.391,84.113,84.222,4136,0
2015-01-21,22:00:00,84.222,84.401,84.113,84.332,1973,0
2015-01-22,16:00:00,84.888,84.888,84.292,84.292,3134,0
2015-01-22,17:00:00,84.898,84.898,84.779,84.819,820,0
2015-01-22,18:00:00,85.206,85.206,84.958,84.958,2833,0
2015-01-22,20:00:00,85.107,85.137,85.107,85.137,322,0
2015-01-22,21:00:00,85.385,85.603,85.385,85.603,705,0
2015-01-22,22:00:00,85.733,85.753,85.643,85.713,6204,0
2015-01-23,16:00:00,85.613,85.613,85.455,85.583,2365,0
2015-01-23,17:00:00,85.563,85.563,85.563,85.563,1575,0
2015-01-23,18:00:00,85.673,85.673,85.673,85.673,292,0
2015-01-23,19:00:00,85.593,85.663,85.515,85.663,2999,0
2015-01-23,21:00:00,85.613,85.673,85.495,85.545,2785,0
2015-01-23,22:00:00,85.325,85.325,85.197,85.197,704,0
2015-01-26,17:00:00,84.987,84.987,84.987,84.987,2041,0
2015-01-26,19:00:00,85.216,85.216,85.216,85.216,302,0
2015-01-26,20:00:00,85.335,85.415,85.335,85.415,872,0
2015-01-26,22:00:00,85.315,85.355,85.226,85.226,1851,0
2015-01-27,16:00:00,84.67,84.67,84.67,84.67,1461,0
2015-01-27,17:00:00,84.143,84.143,83.834,83.834,1658,0
2015-01-27,18:00:00,83.934,84.103,83.914,84.103,3281,0
2015-01-27,19:00:00,84.322,84.362,84.153,84.262,3422,0
2015-01-27,20:00:00,84.56,84.56,84.54,84.54,1060,0
2015-01-27,21:00:00,84.64,84.699,84.64,84.699,1006,0
2015-01-27,22:00:00,84.441,84.441,84.312,84.312,3649,0
2015-01-28,16:00:00,84.61,84.61,84.61,84.61,805,0
2015-01-28,17:00:00,84.739,84.739,84.381,84.481,939,0
2015-01-28,18:00:00,84.143,84.292,84.143,84.272,1946,0
2015-01-28,19:00:00,84.292,84.54,84.292,84.451,503,0
2015-01-28,20:00:00,84.411,84.411,84.302,84.322,3759,0
2015-01-28,21:00:00,84.411,84.411,83.834,84.093,2022,0
2015-01-28,22:00:00,83.676,83.756,83.149,83.149,3664,0
2015-01-29,16:00:00,83.129,83.268,82.98,82.98,1004,0
2015-01-29,17:00:00,82.98,82.98,82.98,82.98,805,0
2015-01-29,18:00:00,82.791,83.238,82.791,83.238,896,0
2015-01-29,19:00:00,83.169,83.278,83.169,83.278,604,0
2015-01-29,20:00:00,83.656,83.656,83.656,83.656,362,0
2015-01-29,21:00:00,83.566,83.716,83.566,83.696,1323,0
2015-01-29,22:00:00,83.516,83.964,83.516,83.944,5703,0
2015-01-30,16:00:00,83.398,83.398,83.388,83.388,1362,0
2015-01-30,17:00:00,83.218,83.218,83.07,83.07,3187,0
2015-01-30,18:00:00,83.07,83.218,82.92,82.92,4699,0
2015-01-30,19:00:00,83.448,83.448,83.448,83.448,362,0
2015-01-30,21:00:00,83.368,83.666,83.368,83.666,2717,0
2015-01-30,22:00:00,83.03,83.03,82.642,82.642,704,0
2015-02-02,16:00:00,82.702,82.9,82.702,82.9,1964,0
2015-02-02,17:00:00,82.374,82.513,82.165,82.513,2603,0
2015-02-02,18:00:00,82.772,83.208,82.772,83.03,5867,0
2015-02-02,19:00:00,83.08,83.08,82.593,82.593,3452,0
2015-02-02,20:00:00,82.801,82.811,82.523,82.523,1493,0
2015-02-02,21:00:00,82.453,82.692,82.453,82.692,2629,0
2015-02-02,22:00:00,82.841,82.841,82.841,82.841,966,0
2015-02-03,16:00:00,84.391,84.391,84.391,84.391,302,0
2015-02-03,17:00:00,84.421,84.431,84.272,84.431,1882,0
2015-02-03,18:00:00,84.332,84.332,84.103,84.103,2013,0
2015-02-03,19:00:00,84.232,84.302,84.212,84.302,1789,0
2015-02-03,20:00:00,84.54,84.58,84.501,84.58,791,0
2015-02-03,21:00:00,84.719,84.719,84.719,84.719,4528,0
2015-02-03,22:00:00,84.6,84.749,84.6,84.749,982,0
2015-02-04,16:00:00,84.471,84.51,84.471,84.51,604,0
2015-02-04,17:00:00,84.54,84.54,84.501,84.501,604,0
2015-02-04,18:00:00,84.66,84.878,84.66,84.868,623,0
2015-02-04,19:00:00,84.878,84.888,84.51,84.51,1466,0
2015-02-04,20:00:00,84.67,84.789,84.67,84.789,906,0
2015-02-04,21:00:00,84.709,84.709,84.709,84.709,202,0
2015-02-04,22:00:00,84.809,84.868,84.451,84.461,2092,0
2015-02-05,17:00:00,85.077,85.345,85.037,85.345,829,0
2015-02-05,18:00:00,85.285,85.305,85.077,85.265,6619,0
2015-02-05,19:00:00,85.246,85.246,85.137,85.137,12538,0
2015-02-05,20:00:00,85.177,85.335,85.177,85.335,1778,0
2015-02-05,21:00:00,85.325,85.345,85.216,85.265,6637,0
2015-02-05,22:00:00,85.206,85.365,85.206,85.265,2886,0
2015-02-06,17:00:00,85.573,85.663,85.563,85.663,3924,0
2015-02-06,18:00:00,85.643,85.643,85.643,85.643,1057,0
2015-02-06,20:00:00,85.057,85.107,85.047,85.047,3246,0
2015-02-06,21:00:00,85.067,85.067,85.067,85.067,302,0
2015-02-06,22:00:00,84.749,84.789,84.699,84.729,2291,0
2015-02-09,16:00:00,84.491,84.868,84.491,84.868,695,0
2015-02-09,17:00:00,84.57,84.58,84.57,84.57,1065,0
2015-02-09,18:00:00,84.789,84.809,84.789,84.809,910,0
2015-02-09,20:00:00,84.829,84.829,84.829,84.829,875,0
2015-02-09,21:00:00,84.55,84.59,84.471,84.59,10617,0
2015-02-09,22:00:00,84.431,84.6,84.322,84.54,1905,0
2015-02-10,16:00:00,84.829,84.958,84.739,84.878,3471,0
2015-02-10,17:00:00,84.749,84.839,84.749,84.839,922,0
2015-02-10,18:00:00,85.047,85.087,84.987,85.087,1209,0
2015-02-10,19:00:00,85.017,85.117,85.017,85.037,851,0
2015-02-10,20:00:00,85.147,85.177,85.037,85.177,1771,0
2015-02-10,21:00:00,85.107,85.117,85.107,85.117,1731,0
2015-02-10,22:00:00,85.465,85.525,85.445,85.495,2429,0
2015-02-11,17:00:00,85.256,85.275,85.256,85.275,855,0
2015-02-11,18:00:00,85.246,85.355,85.187,85.355,3275,0
2015-02-11,19:00:00,85.375,85.375,85.147,85.147,819,0
2015-02-11,20:00:00,85.027,85.167,85.027,85.157,2307,0
2015-02-11,21:00:00,85.226,85.335,85.157,85.335,865,0
2015-02-11,22:00:00,85.295,85.554,85.295,85.425,2473,0
2015-02-12,16:00:00,85.783,85.783,85.783,85.783,100,0
2015-02-12,17:00:00,85.872,85.892,85.793,85.862,2159,0
2015-02-12,18:00:00,85.843,85.843,85.843,85.843,202,0
2015-02-12,19:00:00,86.001,86.001,86.001,86.001,934,0
2015-02-12,20:00:00,86.041,86.121,86.041,86.041,1786,0
2015-02-12,21:00:00,86.22,86.22,86.22,86.22,100,0
2015-02-12,22:00:00,86.051,86.16,86.051,86.141,2137,0
2015-02-13,16:00:00,86.279,86.279,86.15,86.23,4115,0
2015-02-13,17:00:00,86.17,86.19,86.111,86.111,1599,0
2015-02-13,18:00:00,86.329,86.329,86.22,86.22,1920,0
2015-02-13,19:00:00,86.24,86.24,86.21,86.21,734,0
2015-02-13,20:00:00,86.17,86.17,86.051,86.051,302,0
2015-02-13,21:00:00,86.18,86.22,86.101,86.121,1710,0
2015-02-13,22:00:00,86.259,86.389,86.259,86.329,2402,0
2015-02-17,17:00:00,86.269,86.269,86.269,86.269,830,0
2015-02-17,19:00:00,86.329,86.448,86.329,86.448,1893,0
2015-02-17,20:00:00,86.578,86.578,86.498,86.498,2717,0
2015-02-17,21:00:00,86.538,86.538,86.468,86.468,3240,0
2015-02-17,22:00:00,86.458,86.458,86.399,86.409,7144,0
2015-02-18,16:00:00,86.488,86.488,86.488,86.488,224,0
2015-02-18,17:00:00,86.488,86.498,86.349,86.458,1392,0
2015-02-18,18:00:00,86.429,86.429,86.429,86.429,554,0
2015-02-18,19:00:00,86.528,86.558,86.508,86.508,2658,0
2015-02-18,20:00:00,86.528,86.528,86.528,86.528,1241,0
2015-02-18,21:00:00,86.637,86.667,86.538,86.538,9539,0
2015-02-18,22:00:00,86.627,86.836,86.627,86.836,601,0
2015-02-19,16:00:00,86.409,86.458,86.409,86.458,1409,0
2015-02-19,17:00:00,86.429,86.637,86.429,86.597,10178,0
2015-02-19,18:00:00,86.627,86.766,86.597,86.746,4176,0
2015-02-19,19:00:00,86.627,86.627,86.458,86.488,1489,0
2015-02-19,21:00:00,86.717,86.717,86.538,86.538,1057,0
2015-02-19,22:00:00,86.647,86.657,86.488,86.488,2052,0
2015-02-20,16:00:00,86.488,86.488,86.23,86.23,2490,0
2015-02-20,17:00:00,86.16,86.548,86.16,86.488,1537,0
2015-02-20,18:00:00,86.568,86.568,86.568,86.568,1215,0
2015-02-20,20:00:00,86.766,86.936,86.766,86.936,2379,0
2015-02-20,21:00:00,86.906,86.965,86.906,86.965,503,0
2015-02-20,22:00:00,87.064,87.114,86.936,86.936,3014,0
2015-02-23,17:00:00,86.846,86.846,86.846,86.846,438,0
2015-02-23,18:00:00,86.965,86.995,86.965,86.995,530,0
2015-02-23,19:00:00,86.995,86.995,86.866,86.866,305,0
2015-02-23,20:00:00,86.926,86.995,86.856,86.995,1634,0
2015-02-23,21:00:00,86.856,86.995,86.836,86.836,1168,0
2015-02-23,22:00:00,86.836,86.936,86.836,86.936,1751,0
2015-02-24,17:00:00,87.005,87.184,87.005,87.184,1871,0
2015-02-24,18:00:00,87.284,87.362,87.284,87.352,2432,0
2015-02-24,19:00:00,87.084,87.084,87.084,87.084,402,0
2015-02-24,20:00:00,87.204,87.204,87.204,87.204,805,0
2015-02-24,21:00:00,87.274,87.284,87.264,87.264,1076,0
2015-02-24,22:00:00,87.323,87.422,87.323,87.422,2694,0
2015-02-25,16:00:00,87.293,87.293,87.293,87.293,906,0
2015-02-25,17:00:00,87.323,87.323,87.323,87.323,1509,0
2015-02-25,19:00:00,87.323,87.323,87.323,87.323,1197,0
2015-02-25,20:00:00,87.362,87.522,87.362,87.522,1845,0
2015-02-25,21:00:00,87.382,87.452,87.094,87.094,907,0
2015-02-25,22:00:00,87.164,87.164,87.074,87.134,871,0
2015-02-26,16:00:00,87.164,87.164,87.064,87.064,1207,0
2015-02-26,17:00:00,86.955,87.005,86.955,87.005,3898,0
2015-02-26,18:00:00,87.124,87.164,87.044,87.164,1097,0
2015-02-26,21:00:00,87.074,87.074,86.796,86.836,4245,0
2015-02-26,22:00:00,86.786,87.015,86.786,87.015,1131,0
2015-02-27,16:00:00,87.044,87.044,86.856,86.856,1409,0
2015-02-27,17:00:00,86.677,86.916,86.677,86.906,1751,0
2015-02-27,18:00:00,86.955,86.965,86.866,86.955,12015,0
2015-02-27,19:00:00,86.965,87.054,86.965,87.015,606,0
2015-02-27,20:00:00,86.955,87.054,86.906,86.926,5253,0
2015-02-27,21:00:00,86.995,86.995,86.856,86.886,4219,0
2015-02-27,22:00:00,86.846,86.866,86.697,86.697,8203,0
2015-03-02,16:00:00,86.876,86.955,86.856,86.955,4704,0
2015-03-02,17:00:00,87.035,87.104,86.985,87.084,1822,0
2015-03-02,18:00:00,86.975,86.975,86.975,86.975,100,0
2015-03-02,19:00:00,87.084,87.094,86.936,86.936,4971,0
2015-03-02,20:00:00,86.975,87.054,86.975,87.054,453,0
2015-03-02,21:00:00,87.015,87.044,87.015,87.044,400,0
2015-03-02,22:00:00,87.124,87.274,87.124,87.274,1325,0
2015-03-03,16:00:00,86.965,86.985,86.965,86.985,2065,0
2015-03-03,17:00:00,86.737,86.737,86.737,86.737,147,0
2015-03-03,18:00:00,86.528,86.55,86.528,86.55,515,0
2015-03-03,19:00:00,86.633,86.633,86.538,86.538,252,0
2015-03-03,20:00:00,86.776,86.776,86.657,86.657,2148,0
2015-03-03,21:00:00,86.802,86.802,86.8,86.8,602,0
2015-03-03,22:00:00,86.836,86.836,86.667,86.806,2891,0
2015-03-04,16:00:00,86.498,86.498,86.289,86.289,2275,0
2015-03-04,17:00:00,86.24,86.24,86.081,86.197,931,0
2015-03-04,18:00:00,86.18,86.18,86.18,86.18,237,0
2015-03-04,19:00:00,86.319,86.498,86.319,86.498,629,0
2015-03-04,20:00:00,86.369,86.369,86.279,86.289,1092,0
2015-03-04,21:00:00,86.294,86.329,86.24,86.329,2264,0
2015-03-04,22:00:00,86.329,86.329,86.259,86.259,316,0
2015-03-05,16:00:00,86.597,86.597,86.363,86.458,1840,0
2015-03-05,17:00:00,86.478,86.498,86.478,86.498,302,0
2015-03-05,18:00:00,86.548,86.548,86.409,86.409,202,0
2015-03-05,19:00:00,86.438,86.438,86.31,86.31,331,0
2015-03-05,20:00:00,86.21,86.353,86.21,86.353,1284,0
2015-03-05,21:00:00,86.419,86.601,86.379,86.601,6651,0
2015-03-05,22:00:00,86.389,86.558,86.389,86.488,5481,0
2015-03-06,16:00:00,86.2,86.2,86.091,86.091,616,0
2015-03-06,17:00:00,86.081,86.131,86.059,86.059,767,0
2015-03-06,19:00:00,85.633,85.633,85.465,85.465,302,0
2015-03-06,20:00:00,85.304,85.304,85.285,85.285,302,0
2015-03-06,21:00:00,85.414,85.444,85.106,85.137,3570,0
2015-03-06,22:00:00,85.296,85.296,85.047,85.147,12264,0
2015-03-09,15:00:00,85.385,85.385,85.365,85.365,759,0
2015-03-09,16:00:00,85.455,85.455,85.325,85.355,710,0
2015-03-09,17:00:00,85.465,85.465,85.455,85.465,704,0
2015-03-09,18:00:00,85.425,85.535,85.423,85.535,704,0
2015-03-09,19:00:00,85.558,85.738,85.558,85.738,3160,0
2015-03-09,20:00:00,85.703,85.703,85.573,85.583,2616,0
2015-03-09,21:00:00,85.717,85.723,85.613,85.613,1931,0
2015-03-10,15:00:00,85.177,85.177,84.855,84.864,2776,0
2015-03-10,16:00:00,84.54,84.54,84.54,84.54,202,0
2015-03-10,17:00:00,84.759,84.821,84.749,84.821,1146,0
2015-03-10,19:00:00,84.362,84.55,84.362,84.421,525,0
2015-03-10,20:00:00,84.412,84.412,84.292,84.352,2163,0
2015-03-10,21:00:00,84.302,84.372,84.302,84.372,848,0
2015-03-11,15:00:00,84.401,84.401,84.103,84.262,1109,0
2015-03-11,16:00:00,84.292,84.292,84.257,84.257,750,0
2015-03-11,17:00:00,84.083,84.088,84.083,84.088,1610,0
2015-03-11,18:00:00,84.029,84.212,84.029,84.212,202,0
2015-03-11,19:00:00,84.118,84.172,83.805,83.805,2954,0
2015-03-11,20:00:00,83.904,84.103,83.894,84.05,2209,0
2015-03-11,21:00:00,84.069,84.069,83.864,83.864,805,0
2015-03-12,15:00:00,84.123,84.51,84.123,84.51,721,0
2015-03-12,16:00:00,84.461,84.461,84.461,84.461,145,0
2015-03-12,17:00:00,84.622,84.622,84.622,84.622,151,0
2015-03-12,18:00:00,84.54,84.673,84.54,84.673,484,0
2015-03-12,19:00:00,84.6,84.609,84.6,84.609,403,0
2015-03-12,20:00:00,84.689,84.689,84.679,84.689,898,0
2015-03-12,21:00:00,84.86,84.888,84.799,84.835,1049,0
2015-03-13,15:00:00,84.868,84.868,84.52,84.769,1221,0
2015-03-13,17:00:00,84.074,84.074,83.789,83.789,894,0
2015-03-13,18:00:00,83.894,83.894,83.894,83.894,100,0
2015-03-13,19:00:00,84.128,84.153,83.982,84.004,4364,0
2015-03-13,20:00:00,84.034,84.034,83.848,83.904,959,0
2015-03-13,21:00:00,84.222,84.441,84.222,84.362,1004,0
2015-03-16,15:00:00,84.849,84.849,84.849,84.849,359,0
2015-03-16,16:00:00,85.206,85.206,85.206,85.206,100,0
2015-03-16,17:00:00,85.345,85.37,85.256,85.37,578,0
2015-03-16,20:00:00,85.484,85.563,85.484,85.563,5751,0
2015-03-16,21:00:00,85.533,85.535,85.515,85.535,648,0
2015-03-17,16:00:00,85.117,85.117,85.067,85.067,1292,0
2015-03-17,17:00:00,85.067,85.067,84.849,84.898,6927,0
2015-03-17,18:00:00,85.007,85.007,85.007,85.007,100,0
2015-03-17,19:00:00,85.187,85.216,85.187,85.216,221,0
2015-03-17,21:00:00,85.424,85.425,85.315,85.325,1820,0
2015-03-18,15:00:00,85.295,85.295,84.889,84.889,2897,0
2015-03-18,16:00:00,85.157,85.157,85.107,85.107,549,0
2015-03-18,17:00:00,85.167,85.167,85.037,85.057,5449,0
2015-03-18,19:00:00,84.997,85.007,84.968,84.968,7774,0
2015-03-18,20:00:00,86.339,86.339,86.279,86.279,583,0
2015-03-19,15:00:00,86.399,86.399,86.399,86.399,641,0
2015-03-19,16:00:00,86.319,86.319,86.319,86.319,402,0
2015-03-19,17:00:00,86.051,86.051,86.051,86.051,100,0
2015-03-19,18:00:00,86.041,86.041,85.833,85.833,1554,0
2015-03-19,19:00:00,86.123,86.123,86.123,86.123,167,0
2015-03-19,20:00:00,86.082,86.129,86.037,86.102,738,0
2015-03-19,21:00:00,86.15,86.15,86.14,86.14,226,0
2015-03-20,15:00:00,86.399,86.508,86.399,86.508,764,0
2015-03-20,16:00:00,86.607,86.607,86.607,86.607,114,0
2015-03-20,19:00:00,87.005,87.084,86.955,86.995,18104,0
2015-03-20,20:00:00,87.017,87.017,86.936,86.936,2063,0
2015-03-20,21:00:00,87.005,87.005,86.836,86.856,1910,0
2015-03-23,15:00:00,86.886,86.916,86.886,86.916,852,0
2015-03-23,16:00:00,86.955,87.025,86.955,86.965,905,0
2015-03-23,17:00:00,86.975,87.005,86.955,87.005,4023,0
2015-03-23,18:00:00,87.045,87.045,87.045,87.045,100,0
2015-03-23,19:00:00,86.981,86.981,86.981,86.981,1414,0
2015-03-23,20:00:00,87.099,87.099,87.099,87.099,160,0
2015-03-23,21:00:00,87.005,87.005,86.756,86.756,1073,0
2015-03-24,15:00:00,86.657,86.657,86.518,86.518,409,0
2015-03-24,16:00:00,86.746,86.746,86.648,86.648,2068,0
2015-03-24,18:00:00,86.717,86.717,86.548,86.548,2281,0
2015-03-24,19:00:00,86.385,86.385,86.385,86.385,100,0
2015-03-24,20:00:00,86.399,86.399,86.249,86.269,20216,0
2015-03-24,21:00:00,86.409,86.409,86.16,86.2,2531,0
2015-03-25,15:00:00,86.338,86.338,85.919,85.919,1001,0
2015-03-25,16:00:00,85.999,86.08,85.999,86.069,313,0
2015-03-25,17:00:00,85.909,85.919,85.471,85.471,3547,0
2015-03-25,19:00:00,85.339,85.382,85.248,85.382,933,0
2015-03-25,20:00:00,85.311,85.381,85.262,85.262,1396,0
2015-03-25,21:00:00,85.172,85.172,84.913,84.933,5705,0
2015-03-26,15:00:00,84.853,84.883,84.763,84.793,1198,0
2015-03-26,16:00:00,84.514,84.514,84.514,84.514,100,0
2015-03-26,17:00:00,84.853,84.903,84.853,84.903,335,0
2015-03-26,18:00:00,84.963,84.963,84.895,84.895,1523,0
2015-03-26,19:00:00,84.903,85.122,84.883,85.122,869,0
2015-03-26,20:00:00,85.129,85.129,84.865,84.865,851,0
2015-03-26,21:00:00,84.823,85.022,84.748,85.021,832,0
2015-03-27,15:00:00,84.793,84.863,84.723,84.863,1304,0
2015-03-27,16:00:00,84.843,84.843,84.703,84.703,3713,0
2015-03-27,17:00:00,84.773,84.773,84.733,84.733,246,0
2015-03-27,18:00:00,84.733,84.733,84.733,84.733,42,0
2015-03-27,19:00:00,84.843,84.851,84.843,84.851,399,0
2015-03-27,20:00:00,84.833,84.853,84.833,84.833,2136,0
2015-03-27,21:00:00,84.833,84.833,84.833,84.833,92,0
2015-03-30,16:00:00,85.57,85.632,85.521,85.632,3553,0
2015-03-30,17:00:00,85.804,85.859,85.76,85.85,699,0
2015-03-30,18:00:00,85.85,85.85,85.85,85.85,115,0
2015-03-30,19:00:00,85.874,85.958,85.874,85.958,809,0
2015-03-30,20:00:00,85.958,86.055,85.958,86.04,1213,0
2015-03-30,21:00:00,86.029,86.128,86.029,86.128,1379,0
2015-03-30,22:00:00,86.128,86.128,86.025,86.079,4847,0
2015-03-31,16:00:00,85.82,85.82,85.82,85.82,1105,0
2015-03-31,17:00:00,85.82,85.889,85.774,85.889,1150,0
2015-03-31,18:00:00,85.989,85.989,85.859,85.859,2453,0
2015-03-31,19:00:00,85.859,85.859,85.859,85.859,99,0
2015-03-31,20:00:00,85.859,85.889,85.859,85.889,1403,0
2015-03-31,21:00:00,85.802,85.914,85.75,85.75,4329,0
2015-03-31,22:00:00,85.75,85.832,85.491,85.57,738,0
2015-04-01,16:00:00,85.531,85.531,85.346,85.351,1659,0
2015-04-01,17:00:00,84.823,85.267,84.823,85.267,2547,0
2015-04-01,18:00:00,85.267,85.377,85.082,85.082,1545,0
2015-04-01,19:00:00,85.082,85.082,85.082,85.082,1,0
2015-04-01,20:00:00,85.122,85.122,85.102,85.102,339,0
2015-04-01,21:00:00,85.102,85.122,85.052,85.07,7881,0
2015-04-01,22:00:00,85.07,85.162,85.002,85.152,2455,0
2015-04-02,16:00:00,85.351,85.351,85.23,85.23,463,0
2015-04-02,17:00:00,85.744,85.744,85.562,85.562,1357,0
2015-04-02,19:00:00,85.562,85.562,85.562,85.562,124,0
2015-04-02,20:00:00,85.562,85.562,85.562,85.562,23,0
2015-04-02,21:00:00,85.562,85.583,85.536,85.536,1564,0
2015-04-02,22:00:00,85.451,85.67,85.451,85.541,5341,0
2015-04-06,16:00:00,84.972,84.972,84.972,84.972,481,0
2015-04-06,17:00:00,85.78,86.039,85.78,86.039,1989,0
2015-04-06,18:00:00,86.248,86.248,86.248,86.248,311,0
2015-04-06,19:00:00,86.248,86.547,86.248,86.491,1558,0
2015-04-06,20:00:00,86.497,86.497,86.457,86.457,2137,0
2015-04-06,21:00:00,86.457,86.488,86.448,86.457,1998,0
2015-04-06,22:00:00,86.457,86.457,86.289,86.388,1959,0
2015-04-07,18:00:00,86.481,86.481,86.438,86.438,606,0
2015-04-07,19:00:00,86.567,86.57,86.567,86.57,692,0
2015-04-07,20:00:00,86.587,86.587,86.467,86.467,1490,0
2015-04-07,21:00:00,86.467,86.507,86.448,86.496,607,0
2015-04-07,22:00:00,86.405,86.405,86.208,86.208,14231,0
2015-04-08,16:00:00,86.408,86.408,86.408,86.408,182,0
2015-04-08,17:00:00,86.408,86.408,86.069,86.069,659,0
2015-04-08,18:00:00,86.188,86.258,86.188,86.256,1178,0
2015-04-08,19:00:00,86.256,86.256,86.256,86.256,56,0
2015-04-08,20:00:00,86.256,86.296,86.248,86.296,371,0
2015-04-08,21:00:00,86.296,86.338,86.216,86.216,1710,0
2015-04-08,22:00:00,86.216,86.216,86.216,86.216,25,0
2015-04-09,16:00:00,86.178,86.418,86.178,86.417,1188,0
2015-04-09,17:00:00,86.408,86.408,86.075,86.075,431,0
2015-04-09,18:00:00,86.075,86.075,86.075,86.075,25,0
2015-04-09,19:00:00,86.075,86.417,86.075,86.417,540,0
2015-04-09,20:00:00,86.497,86.497,86.37,86.418,1319,0
2015-04-09,21:00:00,86.418,86.511,86.297,86.412,771,0
2015-04-09,22:00:00,86.412,86.666,86.412,86.666,737,0
2015-04-10,16:00:00,86.707,86.707,86.707,86.707,159,0
2015-04-10,17:00:00,86.707,86.707,86.707,86.707,162,0
2015-04-10,18:00:00,86.707,86.707,86.707,86.707,282,0
2015-04-10,19:00:00,86.707,86.882,86.707,86.838,788,0
2015-04-10,20:00:00,86.838,86.838,86.838,86.838,29,0
2015-04-10,21:00:00,86.838,86.838,86.804,86.804,372,0
2015-04-10,22:00:00,86.804,86.916,86.804,86.916,172,0
2015-04-13,16:00:00,87.055,87.105,86.727,86.727,1407,0
2015-04-13,17:00:00,86.976,87.016,86.965,87.016,1495,0
2015-04-13,18:00:00,87.016,87.016,86.986,86.986,170,0
2015-04-13,19:00:00,86.936,86.936,86.826,86.826,773,0
2015-04-13,20:00:00,86.856,86.856,86.667,86.761,13684,0
2015-04-13,21:00:00,86.761,86.836,86.732,86.836,3029,0
2015-04-13,22:00:00,86.611,86.736,86.527,86.527,1083,0
2015-04-14,16:00:00,86.507,86.577,86.398,86.398,833,0
2015-04-14,17:00:00,86.398,86.398,86.208,86.208,271,0
2015-04-14,18:00:00,86.208,86.328,86.208,86.328,420,0
2015-04-14,19:00:00,86.487,86.671,86.487,86.557,3211,0
2015-04-14,20:00:00,86.458,86.573,86.458,86.517,5483,0
2015-04-14,21:00:00,86.477,86.517,86.358,86.358,5239,0
2015-04-14,22:00:00,86.567,86.625,86.537,86.585,2508,0
2015-04-15,16:00:00,86.946,86.946,86.904,86.946,1623,0
2015-04-15,17:00:00,86.976,87.016,86.966,87.016,1057,0
2015-04-15,18:00:00,86.996,86.996,86.996,86.996,301,0
2015-04-15,19:00:00,86.996,87.065,86.996,87.055,296,0
2015-04-15,20:00:00,87.055,87.265,87.027,87.215,729,0
2015-04-15,21:00:00,87.215,87.251,87.155,87.195,14090,0
2015-04-15,22:00:00,87.195,87.205,86.986,86.996,11814,0
2015-04-16,16:00:00,86.886,86.886,86.687,86.806,2322,0
2015-04-16,17:00:00,86.806,86.823,86.721,86.823,529,0
2015-04-16,19:00:00,86.823,86.906,86.823,86.906,374,0
2015-04-16,20:00:00,86.906,86.906,86.906,86.906,45,0
2015-04-16,21:00:00,86.996,87.084,86.977,87.01,3336,0
2015-04-16,22:00:00,87.01,87.01,86.857,86.857,1527,0
2015-04-17,16:00:00,86.597,86.597,85.79,85.909,1626,0
2015-04-17,17:00:00,85.854,85.854,85.67,85.69,251,0
2015-04-17,18:00:00,85.694,85.74,85.694,85.74,351,0
2015-04-17,19:00:00,85.829,85.85,85.75,85.85,1262,0
2015-04-17,20:00:00,85.828,85.868,85.452,85.491,961,0
2015-04-17,21:00:00,85.501,85.501,85.281,85.491,1773,0
2015-04-17,22:00:00,85.521,85.73,85.431,85.7,2862,0
2015-04-20,16:00:00,86.218,86.468,86.218,86.468,988,0
2015-04-20,17:00:00,86.447,86.533,86.447,86.477,754,0
2015-04-20,18:00:00,86.586,86.653,86.567,86.637,1469,0
2015-04-20,19:00:00,86.625,86.632,86.507,86.507,932,0
2015-04-20,20:00:00,86.577,86.597,86.458,86.458,1966,0
2015-04-20,21:00:00,86.477,86.557,86.477,86.547,1224,0
2015-04-20,22:00:00,86.607,86.677,86.494,86.577,1008,0
2015-04-21,16:00:00,86.855,86.855,86.728,86.728,1326,0
2015-04-21,17:00:00,86.656,86.656,86.502,86.502,903,0
2015-04-21,18:00:00,86.597,86.627,86.418,86.418,412,0
2015-04-21,19:00:00,86.417,86.438,86.408,86.438,805,0
2015-04-21,20:00:00,86.439,86.439,86.408,86.408,103,0
2015-04-21,21:00:00,86.406,86.457,86.406,86.447,154,0
2015-04-21,22:00:00,86.358,86.358,86.279,86.279,804,0
2015-04-22,16:00:00,86.438,86.438,86.378,86.378,2058,0
2015-04-22,17:00:00,86.069,86.218,86.069,86.218,502,0
2015-04-22,18:00:00,86.416,86.557,86.416,86.557,331,0
2015-04-22,19:00:00,86.507,86.507,86.507,86.507,226,0
2015-04-22,20:00:00,86.607,86.607,86.607,86.607,1003,0
2015-04-22,21:00:00,86.707,86.738,86.694,86.694,691,0
2015-04-22,22:00:00,86.721,86.721,86.721,86.721,126,0
2015-04-23,16:00:00,86.328,86.328,86.328,86.328,145,0
2015-04-23,18:00:00,87.055,87.055,87.055,87.055,138,0
2015-04-23,19:00:00,87.006,87.165,87.006,87.165,261,0
2015-04-23,20:00:00,87.155,87.155,87.145,87.145,320,0
2015-04-23,21:00:00,87.036,87.105,87.036,87.075,13255,0
2015-04-23,22:00:00,87.146,87.146,86.896,86.896,811,0
2015-04-24,16:00:00,87.065,87.075,87.045,87.075,803,0
2015-04-24,17:00:00,87.095,87.095,86.876,87.085,2107,0
2015-04-24,18:00:00,87.235,87.235,87.155,87.155,450,0
2015-04-24,21:00:00,87.245,87.285,87.225,87.225,805,0
2015-04-24,22:00:00,87.231,87.285,87.225,87.225,1184,0
2015-04-27,16:00:00,87.624,87.624,87.255,87.255,10478,0
2015-04-27,17:00:00,87.374,87.374,87.374,87.374,229,0
2015-04-27,18:00:00,87.404,87.404,87.245,87.245,1380,0
2015-04-27,19:00:00,87.301,87.301,87.301,87.301,114,0
2015-04-27,20:00:00,87.153,87.185,87.085,87.085,1016,0
2015-04-27,22:00:00,86.99,87.006,86.927,86.927,324,0
2015-04-28,16:00:00,86.906,86.906,86.856,86.856,942,0
2015-04-28,17:00:00,86.537,86.843,86.537,86.843,350,0
2015-04-28,18:00:00,87.104,87.245,86.986,87.135,3927,0
2015-04-28,20:00:00,87.235,87.295,87.235,87.295,634,0
2015-04-28,21:00:00,87.193,87.225,87.115,87.215,815,0
2015-04-28,22:00:00,87.236,87.314,87.205,87.235,2234,0
2015-04-29,16:00:00,86.906,87.185,86.906,87.134,502,0
2015-04-29,17:00:00,86.816,86.846,86.816,86.846,201,0
2015-04-29,18:00:00,87.074,87.074,87.074,87.074,120,0
2015-04-29,19:00:00,86.707,86.717,86.707,86.717,1470,0
2015-04-29,21:00:00,87.113,87.113,87.113,87.113,356,0
2015-04-29,22:00:00,87.08,87.126,86.978,87.026,2090,0
2015-04-30,16:00:00,86.926,86.926,86.467,86.467,940,0
2015-04-30,17:00:00,86.408,86.408,86.408,86.408,602,0
2015-04-30,18:00:00,86.687,86.687,86.667,86.667,732,0
2015-04-30,19:00:00,86.557,86.557,86.354,86.438,1033,0
2015-04-30,20:00:00,86.557,86.567,86.525,86.537,1247,0
2015-04-30,21:00:00,86.47,86.47,86.248,86.308,1894,0
2015-04-30,22:00:00,85.958,85.958,85.958,85.958,140,0
2015-05-01,16:00:00,86.587,86.727,86.587,86.727,880,0
2015-05-01,18:00:00,86.687,86.766,86.517,86.517,3036,0
2015-05-01,20:00:00,86.687,86.687,86.687,86.687,100,0
2015-05-01,21:00:00,87.026,87.105,86.983,86.983,1123,0
2015-05-01,22:00:00,87.065,87.135,87.006,87.135,538,0
2015-05-04,16:00:00,87.434,87.693,87.434,87.693,1240,0
2015-05-04,17:00:00,87.763,87.763,87.534,87.534,2408,0
2015-05-04,18:00:00,87.604,87.604,87.434,87.554,2146,0
2015-05-04,19:00:00,87.554,87.554,87.454,87.464,2779,0
2015-05-04,20:00:00,87.454,87.454,87.334,87.444,2713,0
2015-05-04,21:00:00,87.454,87.519,87.394,87.394,813,0
2015-05-04,22:00:00,87.449,87.534,87.424,87.464,2335,0
2015-05-05,16:00:00,87.414,87.414,87.414,87.414,1097,0
2015-05-05,17:00:00,86.957,86.957,86.876,86.876,349,0
2015-05-05,18:00:00,86.617,86.617,86.617,86.617,522,0
2015-05-05,19:00:00,86.866,86.866,86.776,86.776,803,0
2015-05-05,20:00:00,86.597,86.597,86.527,86.527,1544,0
2015-05-05,21:00:00,86.537,86.537,86.338,86.388,2969,0
2015-05-05,22:00:00,86.308,86.358,86.308,86.358,301,0
2015-05-06,16:00:00,86.737,86.819,86.059,86.059,1969,0
2015-05-06,18:00:00,86.178,86.188,86.069,86.069,3026,0
2015-05-06,19:00:00,86.069,86.069,86.069,86.069,100,0
2015-05-06,20:00:00,85.949,85.949,85.949,85.949,127,0
2015-05-06,21:00:00,85.78,85.796,85.56,85.61,1193,0
2015-05-06,22:00:00,85.73,86.029,85.68,86.029,3862,0
2015-05-07,16:00:00,86.039,86.059,86.023,86.059,614,0
2015-05-07,18:00:00,86.197,86.218,86.168,86.168,1780,0
2015-05-07,19:00:00,86.414,86.414,86.398,86.398,652,0
2015-05-07,20:00:00,86.348,86.354,86.298,86.354,873,0
2015-05-07,21:00:00,86.377,86.403,86.288,86.348,2185,0
2015-05-07,22:00:00,86.387,86.388,86.318,86.318,1222,0
2015-05-08,16:00:00,86.836,87.185,86.836,87.185,1383,0
2015-05-08,17:00:00,87.195,87.195,87.155,87.155,401,0
2015-05-08,18:00:00,87.293,87.394,87.293,87.344,689,0
2015-05-08,19:00:00,87.315,87.315,87.205,87.211,1526,0
2015-05-08,20:00:00,87.235,87.265,87.175,87.175,1836,0
2015-05-08,21:00:00,87.135,87.17,87.1,87.155,1776,0
2015-05-08,22:00:00,87.203,87.269,87.125,87.125,5245,0
2015-05-11,16:00:00,87.255,87.255,87.135,87.235,926,0
2015-05-11,17:00:00,87.165,87.165,87.165,87.165,351,0
2015-05-11,18:00:00,87.118,87.118,87.118,87.118,155,0
2015-05-11,20:00:00,87.02,87.02,87.02,87.02,100,0
2015-05-11,21:00:00,87.045,87.045,87.045,87.045,132,0
2015-05-11,22:00:00,86.796,86.933,86.796,86.856,773,0
2015-05-12,16:00:00,86.587,86.587,85.999,85.999,656,0
2015-05-12,17:00:00,86.079,86.089,85.959,86.089,880,0
2015-05-12,18:00:00,86.358,86.426,86.358,86.426,368,0
2015-05-12,19:00:00,86.447,86.447,86.447,86.447,100,0
2015-05-12,20:00:00,86.577,86.597,86.358,86.597,665,0
2015-05-12,21:00:00,86.657,86.746,86.624,86.746,1725,0
2015-05-12,22:00:00,86.547,86.597,86.517,86.517,533,0
2015-05-13,16:00:00,86.846,86.846,86.842,86.842,201,0
2015-05-13,17:00:00,86.687,86.756,86.587,86.587,1362,0
2015-05-13,18:00:00,86.596,86.596,86.596,86.596,201,0
2015-05-13,19:00:00,86.748,86.766,86.617,86.617,1326,0
2015-05-13,21:00:00,86.577,86.647,86.577,86.577,692,0
2015-05-13,22:00:00,86.505,86.505,86.505,86.505,211,0
2015-05-14,16:00:00,86.856,87.195,86.856,87.195,482,0
2015-05-14,17:00:00,87.136,87.136,87.136,87.136,206,0
2015-05-14,19:00:00,87.135,87.301,87.135,87.301,2885,0
2015-05-14,20:00:00,87.442,87.442,87.321,87.321,552,0
2015-05-14,22:00:00,87.479,87.479,87.405,87.472,572,0
2015-05-15,16:00:00,87.633,87.633,87.574,87.574,1106,0
2015-05-15,17:00:00,87.305,87.434,87.305,87.434,237,0
2015-05-15,19:00:00,87.374,87.504,87.374,87.504,283,0
2015-05-15,20:00:00,87.464,87.514,87.445,87.514,1322,0
2015-05-15,21:00:00,87.484,87.533,87.46,87.533,2443,0
2015-05-15,22:00:00,87.494,87.494,87.494,87.494,151,0
2015-05-18,16:00:00,87.414,87.414,87.414,87.414,2007,0
2015-05-18,17:00:00,87.424,87.434,87.424,87.434,4950,0
2015-05-18,21:00:00,87.827,87.827,87.783,87.808,758,0
2015-05-18,22:00:00,87.79,87.875,87.79,87.799,1128,0
2015-05-19,16:00:00,87.972,87.972,87.834,87.834,393,0
2015-05-19,17:00:00,87.771,87.771,87.771,87.771,687,0
2015-05-19,18:00:00,87.853,87.853,87.833,87.833,928,0
2015-05-19,19:00:00,87.753,87.843,87.703,87.703,1100,0
2015-05-19,20:00:00,87.902,87.903,87.902,87.903,469,0
2015-05-19,21:00:00,87.863,87.901,87.863,87.901,363,0
2015-05-19,22:00:00,87.703,87.703,87.703,87.703,201,0
2015-05-20,16:00:00,87.843,87.843,87.843,87.843,266,0
2015-05-20,17:00:00,87.843,87.843,87.843,87.843,135,0
2015-05-20,18:00:00,87.907,87.907,87.713,87.819,8824,0
2015-05-20,19:00:00,87.834,87.957,87.793,87.957,502,0
2015-05-20,20:00:00,87.911,87.939,87.911,87.939,406,0
2015-05-20,21:00:00,88.001,88.182,88.001,88.013,497,0
2015-05-21,16:00:00,88.032,88.032,87.923,87.923,878,0
2015-05-21,17:00:00,87.923,87.923,87.923,87.923,899,0
2015-05-21,18:00:00,88.092,88.092,88.092,88.092,171,0
2015-05-21,19:00:00,88.019,88.019,88.019,88.019,452,0
2015-05-21,20:00:00,88.052,88.052,87.923,87.923,1204,0
2015-05-21,21:00:00,87.972,87.972,87.903,87.903,635,0
2015-05-21,22:00:00,88.002,88.002,87.91,87.932,1022,0
2015-05-22,16:00:00,87.962,87.962,87.962,87.962,281,0
2015-05-22,17:00:00,87.873,87.873,87.873,87.873,166,0
2015-05-22,20:00:00,87.903,88.097,87.903,88.097,809,0
2015-05-22,21:00:00,88.043,88.043,88.001,88.013,1059,0
2015-05-22,22:00:00,88.052,88.052,87.804,87.883,1759,0
2015-05-26,16:00:00,87.893,87.893,87.893,87.893,838,0
2015-05-26,17:00:00,87.155,87.155,87.036,87.036,336,0
2015-05-26,18:00:00,86.976,87.061,86.936,87.061,1826,0
2015-05-26,19:00:00,87.01,87.01,86.996,86.996,376,0
2015-05-26,20:00:00,86.946,87,86.836,86.836,596,0
2015-05-26,21:00:00,86.806,86.806,86.722,86.755,671,0
2015-05-26,22:00:00,87.016,87.016,86.956,86.956,471,0
2015-05-27,17:00:00,87.424,87.465,87.424,87.465,787,0
2015-05-27,18:00:00,87.514,87.544,87.514,87.518,1129,0
2015-05-27,19:00:00,87.649,87.649,87.628,87.628,800,0
2015-05-27,21:00:00,87.785,87.79,87.76,87.76,564,0
2015-05-27,22:00:00,87.82,87.923,87.82,87.913,903,0
2015-05-28,16:00:00,87.703,87.703,87.651,87.651,773,0
2015-05-28,18:00:00,87.564,87.564,87.564,87.564,139,0
2015-05-28,19:00:00,87.384,87.384,87.384,87.384,271,0
2015-05-28,20:00:00,87.414,87.414,87.414,87.414,100,0
2015-05-28,21:00:00,87.504,87.639,87.504,87.639,683,0
2015-05-28,22:00:00,87.646,87.713,87.646,87.711,1468,0
2015-05-29,16:00:00,87.713,87.713,87.713,87.713,341,0
2015-05-29,17:00:00,87.125,87.135,87.099,87.099,1816,0
2015-05-29,18:00:00,87.075,87.075,87.075,87.075,201,0
2015-05-29,20:00:00,87.428,87.428,87.295,87.299,5003,0
2015-05-29,21:00:00,87.284,87.284,87.075,87.225,2133,0
2015-05-29,22:00:00,87.185,87.295,87.185,87.215,702,0
2015-06-01,16:00:00,87.554,87.554,87.016,87.016,579,0
2015-06-01,17:00:00,87.006,87.006,86.926,86.926,334,0
2015-06-01,18:00:00,87.205,87.205,87.115,87.115,1123,0
2015-06-01,19:00:00,87.085,87.282,87.085,87.282,522,0
2015-06-01,20:00:00,87.377,87.377,87.377,87.377,271,0
2015-06-01,22:00:00,87.44,87.44,87.301,87.301,1551,0
2015-06-02,16:00:00,87.155,87.155,86.707,86.771,2009,0
2015-06-02,17:00:00,86.906,87.011,86.906,87.006,301,0
2015-06-02,19:00:00,87.105,87.216,87.105,87.216,369,0
2015-06-02,20:00:00,87.325,87.364,87.293,87.354,489,0
2015-06-02,22:00:00,87.083,87.136,87.075,87.136,622,0
2015-06-03,16:00:00,87.514,87.514,87.135,87.135,1023,0
2015-06-03,17:00:00,87.474,87.474,87.474,87.474,232,0
2015-06-03,18:00:00,87.44,87.464,87.384,87.384,912,0
2015-06-03,19:00:00,87.245,87.245,87.132,87.225,1523,0
2015-06-03,20:00:00,87.195,87.295,87.195,87.295,1907,0
2015-06-03,21:00:00,87.364,87.378,87.364,87.378,381,0
2015-06-03,22:00:00,87.32,87.32,87.255,87.255,726,0
2015-06-04,16:00:00,87.115,87.115,86.887,86.887,1540,0
2015-06-04,18:00:00,86.835,86.835,86.699,86.699,321,0
2015-06-04,19:00:00,86.651,86.651,86.651,86.651,1112,0
2015-06-04,20:00:00,86.588,86.588,86.427,86.457,1345,0
2015-06-04,21:00:00,86.444,86.547,86.444,86.483,1575,0
2015-06-04,22:00:00,86.567,86.567,86.348,86.348,2179,0
2015-06-05,16:00:00,85.962,86.089,85.962,86.089,769,0
2015-06-05,18:00:00,86.306,86.358,86.232,86.232,8459,0
2015-06-05,19:00:00,86.308,86.308,86.192,86.192,254,0
2015-06-05,20:00:00,86.298,86.298,86.275,86.275,211,0
2015-06-05,21:00:00,86.285,86.372,86.278,86.305,942,0
2015-06-05,22:00:00,86.348,86.348,86.228,86.308,1139,0
2015-06-08,16:00:00,86.129,86.187,86.129,86.181,3175,0
2015-06-08,17:00:00,86.198,86.198,86.129,86.129,449,0
2015-06-08,18:00:00,86.125,86.125,86.033,86.033,472,0
2015-06-08,19:00:00,86.049,86.049,86.028,86.029,1666,0
2015-06-08,20:00:00,85.909,85.909,85.829,85.829,607,0
2015-06-08,21:00:00,85.82,85.889,85.82,85.889,201,0
2015-06-08,22:00:00,86.016,86.016,85.887,85.887,1600,0
2015-06-09,16:00:00,85.949,85.949,85.949,85.949,834,0
2015-06-09,18:00:00,85.869,85.959,85.77,85.919,2442,0
2015-06-09,19:00:00,85.85,85.85,85.85,85.85,301,0
2015-06-09,20:00:00,86.016,86.016,85.919,85.919,454,0
2015-06-09,21:00:00,85.859,85.979,85.859,85.979,846,0
2015-06-09,22:00:00,85.76,85.858,85.76,85.858,211,0
2015-06-10,16:00:00,86.168,86.168,86.168,86.168,106,0
2015-06-10,17:00:00,86.567,86.637,86.538,86.587,2057,0
2015-06-10,18:00:00,86.717,86.717,86.717,86.717,301,0
2015-06-10,20:00:00,86.906,86.906,86.856,86.856,1224,0
2015-06-10,21:00:00,86.946,87.006,86.942,86.956,1080,0
2015-06-10,22:00:00,86.946,86.946,86.916,86.916,833,0
2015-06-11,16:00:00,86.916,86.916,86.916,86.916,649,0
2015-06-11,17:00:00,87.115,87.128,87.115,87.128,266,0
2015-06-11,18:00:00,87.105,87.15,87.105,87.15,271,0
2015-06-11,19:00:00,87.165,87.175,87.105,87.175,1504,0
2015-06-11,20:00:00,87.145,87.255,87.145,87.225,401,0
2015-06-11,21:00:00,87.205,87.215,87.145,87.195,2027,0
2015-06-11,22:00:00,87.175,87.215,87.065,87.065,4404,0
2015-06-12,16:00:00,87.006,87.006,87.006,87.006,613,0
2015-06-12,17:00:00,86.579,86.579,86.579,86.579,137,0
2015-06-12,18:00:00,86.786,86.796,86.786,86.796,201,0
2015-06-12,19:00:00,86.617,86.617,86.547,86.547,903,0
2015-06-12,20:00:00,86.567,86.697,86.567,86.607,1248,0
2015-06-12,21:00:00,86.507,86.507,86.457,86.457,694,0
2015-06-12,22:00:00,86.497,86.577,86.497,86.577,243,0
2015-06-15,16:00:00,85.71,85.71,85.587,85.587,1738,0
2015-06-15,17:00:00,85.889,85.889,85.889,85.889,201,0
2015-06-15,18:00:00,86.109,86.109,86.109,86.109,301,0
2015-06-15,19:00:00,86.079,86.079,86.079,86.079,100,0
2015-06-15,20:00:00,86.115,86.138,86.008,86.069,7514,0
2015-06-15,21:00:00,86.047,86.094,86.007,86.094,503,0
2015-06-15,22:00:00,85.869,86.084,85.869,85.989,3332,0
2015-06-16,17:00:00,86.218,86.218,86.088,86.198,2147,0
2015-06-16,18:00:00,86.207,86.314,86.198,86.314,1199,0
2015-06-16,20:00:00,86.472,86.557,86.472,86.557,1316,0
2015-06-16,21:00:00,86.577,86.577,86.547,86.547,702,0
2015-06-16,22:00:00,86.507,86.578,86.507,86.557,878,0
2015-06-17,16:00:00,86.866,86.866,86.687,86.687,28158,0
2015-06-17,17:00:00,86.677,86.737,86.667,86.707,2268,0
2015-06-17,18:00:00,86.657,86.726,86.657,86.726,687,0
2015-06-17,20:00:00,86.408,86.438,86.403,86.403,911,0
2015-06-17,21:00:00,86.607,87.068,86.557,87.068,1559,0
2015-06-17,22:00:00,87.065,87.065,86.896,86.906,1947,0
2015-06-18,16:00:00,86.876,87.125,86.876,87.105,24696,0
2015-06-18,17:00:00,87.374,87.414,87.371,87.414,679,0
2015-06-18,18:00:00,87.614,87.614,87.614,87.614,201,0
2015-06-18,19:00:00,87.803,87.803,87.803,87.803,100,0
2015-06-18,20:00:00,87.803,87.803,87.668,87.668,303,0
2015-06-18,21:00:00,87.663,87.719,87.663,87.719,308,0
2015-06-18,22:00:00,87.793,87.833,87.604,87.604,2651,0
2015-06-19,16:00:00,87.823,87.823,87.444,87.444,14897,0
2015-06-19,17:00:00,87.454,87.594,87.454,87.504,868,0
2015-06-19,18:00:00,87.554,87.554,87.444,87.444,3419,0
2015-06-19,19:00:00,87.36,87.368,87.36,87.368,301,0
2015-06-19,20:00:00,87.315,87.399,87.315,87.399,2668,0
2015-06-19,21:00:00,87.374,87.374,87.176,87.214,1384,0
2015-06-19,22:00:00,87.222,87.225,87.218,87.225,525,0
2015-06-22,16:00:00,87.534,87.562,87.524,87.534,1288,0
2015-06-22,17:00:00,87.684,87.783,87.684,87.783,214,0
2015-06-22,18:00:00,87.833,87.836,87.833,87.836,502,0
2015-06-22,19:00:00,87.708,87.708,87.574,87.603,901,0
2015-06-22,20:00:00,87.574,87.574,87.568,87.568,502,0
2015-06-22,21:00:00,87.584,87.647,87.577,87.647,910,0
2015-06-22,22:00:00,87.576,87.623,87.54,87.54,1544,0
2015-06-23,16:00:00,87.454,87.673,87.454,87.673,483,0
2015-06-23,17:00:00,87.494,87.504,87.494,87.504,4564,0
2015-06-23,18:00:00,87.434,87.524,87.414,87.524,5714,0
2015-06-23,19:00:00,87.477,87.477,87.411,87.411,1343,0
2015-06-23,20:00:00,87.377,87.474,87.359,87.424,2196,0
2015-06-23,21:00:00,87.454,87.564,87.454,87.494,316,0
2015-06-23,22:00:00,87.484,87.528,87.484,87.504,735,0
2015-06-24,16:00:00,87.61,87.61,87.4952,87.4952,1414,0
2015-06-24,17:00:00,87.45,87.45,87.4001,87.4001,240,0
2015-06-24,18:00:00,87.3426,87.3749,87.34,87.34,660,0
2015-06-24,19:00:00,87.21,87.2499,87.115,87.115,1421,0
2015-06-24,21:00:00,87.039,87.07,86.9701,86.9701,593,0
2015-06-24,22:00:00,87,87,86.92,86.92,414,0
2015-06-25,18:00:00,86.85,86.859,86.85,86.853,1786,0
2015-06-25,19:00:00,86.8038,86.8038,86.662,86.662,472,0
2015-06-25,20:00:00,86.6899,86.6899,86.6899,86.6899,280,0
2015-06-25,21:00:00,86.6,86.6,86.45,86.5176,1245,0
2015-06-25,22:00:00,86.5699,86.65,86.5599,86.65,879,0
2015-06-26,16:00:00,86.83,86.83,86.48,86.48,459,0
2015-06-26,17:00:00,86.79,86.79,86.65,86.65,5500,0
2015-06-26,18:00:00,86.73,86.73,86.6501,86.6501,274,0
2015-06-26,20:00:00,86.44,86.65,86.44,86.58,3449,0
2015-06-26,21:00:00,86.55,86.57,86.55,86.55,415,0
2015-06-26,22:00:00,86.63,86.64,86.63,86.64,962,0
2015-06-29,16:00:00,85.99,85.99,85.99,85.99,147,0
2015-06-29,17:00:00,86.1,86.16,86.0018,86.02,2836,0
2015-06-29,18:00:00,85.6524,85.68,85.58,85.63,1336,0
2015-06-29,19:00:00,85.68,85.68,85.47,85.47,779,0
2015-06-29,20:00:00,85.41,85.5199,85.35,85.46,1122,0
2015-06-29,21:00:00,85.23,85.2901,85.21,85.2601,7827,0
2015-06-29,22:00:00,85.1413,85.1413,84.8368,85,1717,0
2015-06-30,16:00:00,85.56,85.56,85.27,85.27,346,0
2015-06-30,17:00:00,85.149,85.15,85.0808,85.0808,2238,0
2015-06-30,18:00:00,85.0301,85.1341,84.9315,84.9315,1897,0
2015-06-30,19:00:00,85.024,85.024,85.024,85.024,693,0
2015-06-30,20:00:00,84.99,85.19,84.99,85.19,410,0
2015-06-30,21:00:00,85.27,85.44,85.27,85.3001,913,0
2015-06-30,22:00:00,85.08,85.159,85,85.11,5876,0
2015-07-01,16:00:00,85.74,86.06,85.74,86.06,296,0
2015-07-01,17:00:00,85.79,85.79,85.5699,85.581,800,0
2015-07-01,18:00:00,85.679,85.679,85.55,85.55,1359,0
2015-07-01,19:00:00,85.5299,85.5299,85.42,85.42,493,0
2015-07-01,20:00:00,85.47,85.51,85.46,85.51,334,0
2015-07-01,21:00:00,85.34,85.389,85.23,85.389,3248,0
2015-07-01,22:00:00,85.44,85.55,85.378,85.55,712,0
2015-07-02,16:00:00,85.96,85.96,85.96,85.96,3186,0
2015-07-02,17:00:00,85.74,85.8,85.74,85.8,1800,0
2015-07-02,18:00:00,85.6,85.609,85.48,85.48,2713,0
2015-07-02,19:00:00,85.46,85.46,85.46,85.46,100,0
2015-07-02,20:00:00,85.47,85.47,85.47,85.47,150,0
2015-07-02,21:00:00,85.4608,85.51,85.4608,85.51,1080,0
2015-07-02,22:00:00,85.55,85.6,85.51,85.6,6375,0
2015-07-06,16:00:00,85.15,85.25,85,85.22,1249,0
2015-07-06,17:00:00,85.14,85.29,85.0887,85.29,1026,0
2015-07-06,18:00:00,85.519,85.519,85.229,85.23,458,0
2015-07-06,19:00:00,85.29,85.29,85.2899,85.2899,300,0
2015-07-06,20:00:00,85.29,85.3,85.02,85.02,3128,0
2015-07-06,21:00:00,85,85,84.9178,84.9178,1050,0
2015-07-06,22:00:00,84.96,85.18,84.9,85.18,2954,0
2015-07-07,16:00:00,85.37,85.37,85.0635,85.0635,1526,0
2015-07-07,17:00:00,84.77,84.77,84.77,84.77,100,0
2015-07-07,18:00:00,84.64,84.9067,84.4541,84.9067,2127,0
2015-07-07,19:00:00,84.8445,84.8445,84.8445,84.8445,340,0
2015-07-07,20:00:00,85.1499,85.3,85.1499,85.26,1952,0
2015-07-07,21:00:00,85.2692,85.3,85.254,85.3,906,0
2015-07-07,22:00:00,85.77,85.88,85.77,85.88,2009,0
2015-07-08,16:00:00,85.22,85.3,85.1,85.1,8708,0
2015-07-08,17:00:00,84.939,84.939,84.82,84.82,1376,0
2015-07-08,18:00:00,84.76,84.8199,84.6,84.62,5426,0
2015-07-08,19:00:00,84.64,84.64,84.64,84.64,200,0
2015-07-08,21:00:00,84.6001,84.6001,84.32,84.32,1196,0
2015-07-08,22:00:00,84.46,84.56,84.446,84.56,800,0
2015-07-09,16:00:00,85.47,85.47,85.1664,85.1664,1035,0
2015-07-09,17:00:00,84.93,84.93,84.9299,84.9299,200,0
2015-07-09,18:00:00,84.9337,84.9337,84.9337,84.9337,235,0
2015-07-09,19:00:00,84.8,84.819,84.8,84.818,1360,0
2015-07-09,20:00:00,84.75,84.75,84.65,84.65,318,0
2015-07-09,21:00:00,84.65,84.66,84.5564,84.66,1776,0
2015-07-09,22:00:00,84.7324,84.74,84.61,84.61,2459,0
2015-07-10,16:00:00,85.21,85.21,85.21,85.21,1100,0
2015-07-10,18:00:00,85.2,85.26,85.1701,85.26,2482,0
2015-07-10,19:00:00,85.32,85.39,85.2326,85.28,5891,0
2015-07-10,20:00:00,85.29,85.29,85.2002,85.2002,502,0
2015-07-10,21:00:00,85.265,85.265,85.265,85.265,1894,0
2015-07-10,22:00:00,85.4299,85.4299,85.4,85.4,1194,0
2015-07-13,16:00:00,86.09,86.09,86.09,86.09,110,0
2015-07-13,17:00:00,85.971,85.971,85.971,85.971,694,0
2015-07-13,18:00:00,85.944,86.01,85.944,86.01,340,0
2015-07-13,19:00:00,85.9215,85.9599,85.9215,85.9599,400,0
2015-07-13,20:00:00,85.9201,86.02,85.9201,86.016,637,0
2015-07-13,21:00:00,86.0093,86.0093,86.0093,86.0093,1188,0
2015-07-13,22:00:00,86.1599,86.202,86.1373,86.202,1890,0
2015-07-14,16:00:00,86.06,86.06,86.06,86.06,320,0
2015-07-14,17:00:00,86.25,86.25,86.25,86.25,254,0
2015-07-14,18:00:00,86.3775,86.44,86.3775,86.438,16919,0
2015-07-14,19:00:00,86.305,86.36,86.305,86.36,320,0
2015-07-14,20:00:00,86.42,86.42,86.396,86.396,2711,0
2015-07-14,21:00:00,86.47,86.49,86.47,86.49,200,0
2015-07-14,22:00:00,86.57,86.57,86.57,86.57,492,0
2015-07-15,16:00:00,86.62,86.62,86.4,86.4,1640,0
2015-07-15,19:00:00,86.49,86.49,86.4117,86.4117,312,0
2015-07-15,20:00:00,86.53,86.53,86.53,86.53,1000,0
2015-07-15,21:00:00,86.52,86.52,86.21,86.21,300,0
2015-07-15,22:00:00,86.2799,86.3599,86.2057,86.32,2296,0
2015-07-16,16:00:00,86.96,86.96,86.96,86.96,335,0
2015-07-16,17:00:00,86.85,86.85,86.7288,86.78,534,0
2015-07-16,18:00:00,86.82,86.82,86.774,86.82,1621,0
2015-07-16,19:00:00,86.9,86.9,86.9,86.9,356,0
2015-07-16,21:00:00,86.89,86.96,86.88,86.96,508,0
2015-07-16,22:00:00,87,87,86.995,86.995,1000,0
2015-07-17,17:00:00,86.6699,86.7,86.66,86.67,1550,0
2015-07-17,18:00:00,86.68,86.68,86.66,86.67,1100,0
2015-07-17,19:00:00,86.68,86.68,86.6506,86.68,1120,0
2015-07-17,20:00:00,86.68,86.68,86.613,86.63,1229,0
2015-07-17,21:00:00,86.67,86.76,86.67,86.73,1400,0
2015-07-17,22:00:00,86.71,86.751,86.6721,86.751,2085,0
2015-07-20,16:00:00,86.81,86.84,86.7458,86.84,1153,0
2015-07-20,17:00:00,86.8,86.8,86.8,86.8,900,0
2015-07-20,18:00:00,86.95,86.99,86.9265,86.9265,415,0
2015-07-20,19:00:00,86.92,86.98,86.92,86.98,950,0
2015-07-20,20:00:00,86.95,86.96,86.95,86.96,1200,0
2015-07-20,21:00:00,87.04,87.04,87.02,87.02,1100,0
2015-07-20,22:00:00,87.04,87.04,86.88,86.91,9230,0
2015-07-21,16:00:00,86.8,86.81,86.78,86.78,3134,0
2015-07-21,17:00:00,86.87,86.87,86.5701,86.5701,300,0
2015-07-21,19:00:00,86.485,86.485,86.384,86.384,575,0
2015-07-21,20:00:00,86.3294,86.376,86.3263,86.3263,2186,0
2015-07-21,21:00:00,86.26,86.3201,86.25,86.32,692,0
2015-07-21,22:00:00,86.3201,86.4904,86.3101,86.4904,1565,0
2015-07-22,16:00:00,86.08,86.41,86.08,86.41,1828,0
2015-07-22,18:00:00,86.2272,86.2272,86.22,86.22,702,0
2015-07-22,19:00:00,86.18,86.18,86.12,86.14,480,0
2015-07-22,20:00:00,86.17,86.17,86.1299,86.1362,1670,0
2015-07-22,21:00:00,86.14,86.21,86.13,86.21,1400,0
2015-07-22,22:00:00,86.2001,86.2001,86.08,86.1162,1780,0
2015-07-23,17:00:00,85.9599,86.1273,85.9599,86.1273,680,0
2015-07-23,18:00:00,86.127,86.127,85.9146,85.9146,216,0
2015-07-23,19:00:00,85.741,85.741,85.741,85.741,175,0
2015-07-23,20:00:00,85.7599,85.8299,85.7599,85.8299,649,0
2015-07-23,21:00:00,85.856,85.8903,85.8501,85.89,1913,0
2015-07-23,22:00:00,85.664,85.74,85.6,85.7,2300,0
2015-07-24,16:00:00,85.61,85.61,85.45,85.45,2596,0
2015-07-24,17:00:00,85.45,85.45,85.171,85.26,5885,0
2015-07-24,18:00:00,85.18,85.222,85.18,85.22,1800,0
2015-07-24,19:00:00,85.1843,85.19,85.0599,85.0599,708,0
2015-07-24,21:00:00,84.7401,84.7401,84.7401,84.7401,400,0
2015-07-24,22:00:00,84.8,84.8,84.8,84.8,236,0
2015-07-27,16:00:00,84.3,84.3,84.25,84.25,906,0
2015-07-27,17:00:00,84.23,84.35,84.22,84.35,778,0
2015-07-27,18:00:00,84.408,84.4656,84.38,84.4656,1298,0
2015-07-27,19:00:00,84.438,84.438,84.438,84.438,800,0
2015-07-27,20:00:00,84.2096,84.2296,84.2096,84.2296,902,0
2015-07-27,21:00:00,84.37,84.37,84.294,84.3223,1784,0
2015-07-27,22:00:00,84.2345,84.26,84.17,84.26,1179,0
2015-07-28,16:00:00,84.79,84.79,84.55,84.55,347,0
2015-07-28,17:00:00,84.4901,84.4901,84.46,84.46,251,0
2015-07-28,20:00:00,85.2104,85.27,85.2104,85.27,312,0
2015-07-28,21:00:00,85.39,85.39,85.33,85.33,500,0
2015-07-28,22:00:00,85.3,85.3,85.2999,85.2999,400,0
2015-07-29,16:00:00,85.58,85.58,85.55,85.55,693,0
2015-07-29,17:00:00,85.7,85.7,85.7,85.7,100,0
2015-07-29,18:00:00,85.67,85.79,85.67,85.77,1832,0
2015-07-29,19:00:00,85.78,85.78,85.6501,85.6501,1451,0
2015-07-29,20:00:00,85.69,85.69,85.69,85.69,200,0
2015-07-29,21:00:00,85.61,85.88,85.61,85.88,760,0
2015-07-29,22:00:00,85.94,85.96,85.89,85.96,1463,0
2015-07-30,16:00:00,85.8,85.8,85.8,85.8,150,0
2015-07-30,17:00:00,85.8399,85.8399,85.8399,85.8399,200,0
2015-07-30,19:00:00,85.935,85.96,85.935,85.96,2211,0
2015-07-30,20:00:00,85.906,85.9199,85.906,85.9199,1136,0
2015-07-30,21:00:00,85.826,85.8799,85.826,85.8799,511,0
2015-07-30,22:00:00,86,86.06,86,86.06,453,0
2015-07-31,16:00:00,86.356,86.4,86.24,86.4,5665,0
2015-07-31,18:00:00,86.43,86.495,86.4,86.42,1171,0
2015-07-31,19:00:00,86.45,86.49,86.41,86.4259,608,0
2015-07-31,20:00:00,86.4,86.4,86.26,86.26,800,0
2015-07-31,21:00:00,86.33,86.33,86.19,86.2489,1024,0
2015-07-31,22:00:00,86.16,86.162,86.12,86.162,500,0
2015-08-03,16:00:00,86.15,86.15,86.09,86.09,6357,0
2015-08-03,18:00:00,86.03,86.07,86.03,86.07,1100,0
2015-08-03,20:00:00,85.53,85.53,85.53,85.53,110,0
2015-08-03,21:00:00,85.59,85.59,85.44,85.44,1017,0
2015-08-03,22:00:00,85.48,85.72,85.48,85.72,1151,0
2015-08-04,17:00:00,85.91,85.98,85.91,85.9327,700,0
2015-08-04,18:00:00,85.905,85.905,85.905,85.905,814,0
2015-08-04,19:00:00,85.92,85.92,85.92,85.92,115,0
2015-08-04,20:00:00,85.87,85.87,85.64,85.64,500,0
2015-08-04,21:00:00,85.64,85.64,85.64,85.64,105,0
2015-08-04,22:00:00,85.7713,85.807,85.7713,85.799,6100,0
2015-08-05,16:00:00,86.2,86.2,86.2,86.2,345,0
2015-08-05,17:00:00,86.47,86.65,86.47,86.58,910,0
2015-08-05,18:00:00,86.5399,86.5399,86.447,86.447,590,0
2015-08-05,19:00:00,86.09,86.09,86.09,86.09,200,0
2015-08-05,20:00:00,85.9706,85.9706,85.9706,85.9706,122,0
2015-08-05,21:00:00,86.0937,86.1607,86.0937,86.1607,1638,0
2015-08-05,22:00:00,86.1694,86.1694,86.01,86.01,423,0
2015-08-06,16:00:00,86.13,86.13,85.63,85.63,2845,0
2015-08-06,17:00:00,85.66,85.66,85.53,85.64,945,0
2015-08-06,18:00:00,85.49,85.49,85.153,85.153,1652,0
2015-08-06,19:00:00,85.21,85.21,85.0412,85.0412,425,0
2015-08-06,20:00:00,85.27,85.314,85.24,85.27,750,0
2015-08-06,21:00:00,85.1488,85.33,85.1488,85.33,400,0
2015-08-06,22:00:00,85.2352,85.4,85.2352,85.32,788,0
2015-08-07,16:00:00,85.15,85.17,85.12,85.12,4768,0
2015-08-07,20:00:00,84.8547,84.8547,84.8547,84.8547,930,0
2015-08-07,21:00:00,85.0899,85.1046,85.055,85.1,2297,0
2015-08-07,22:00:00,85.16,85.231,85.06,85.231,2529,0
