Date,Time,Open,High,Low,Close,Volume,OpenInt
2014-12-12,16:00:00,19.611,19.629,19.537,19.537,1685,0
2014-12-12,17:00:00,19.537,19.556,19.207,19.343,13708,0
2014-12-12,18:00:00,19.198,19.198,19.133,19.17,2158,0
2014-12-12,19:00:00,19.161,19.308,19.161,19.308,2937,0
2014-12-12,20:00:00,19.343,19.353,19.308,19.353,14977,0
2014-12-12,22:00:00,19.317,19.317,19.17,19.271,10767,0
2014-12-15,17:00:00,19.207,19.243,18.959,19.079,9962,0
2014-12-15,18:00:00,19.032,19.032,18.886,18.886,6677,0
2014-12-15,20:00:00,18.941,19.39,18.913,18.913,17693,0
2014-12-15,21:00:00,18.903,18.903,18.903,18.903,1957,0
2014-12-15,22:00:00,18.876,18.921,18.819,18.848,8510,0
2014-12-16,16:00:00,18.572,18.572,18.517,18.572,3644,0
2014-12-16,17:00:00,18.71,18.71,18.71,18.71,1087,0
2014-12-16,18:00:00,18.839,19.096,18.839,19.022,6800,0
2014-12-16,20:00:00,18.785,18.839,18.756,18.839,3807,0
2014-12-16,21:00:00,18.867,18.867,18.867,18.867,273,0
2014-12-16,22:00:00,18.775,18.793,18.6,18.617,3916,0
2014-12-17,16:00:00,18.793,18.903,18.793,18.903,5330,0
2014-12-17,17:00:00,19.004,19.079,18.931,19.079,2448,0
2014-12-17,18:00:00,19.19,19.299,19.19,19.299,3210,0
2014-12-17,20:00:00,19.418,19.519,19.409,19.454,7396,0
2014-12-17,21:00:00,19.546,19.546,19.546,19.546,783,0
2014-12-17,22:00:00,19.574,19.72,19.483,19.537,4785,0
2014-12-18,16:00:00,20.125,20.125,20.107,20.107,6525,0
2014-12-18,17:00:00,20.198,20.198,20.079,20.079,1588,0
2014-12-18,18:00:00,20.04,20.04,20.006,20.006,11601,0
2014-12-18,19:00:00,20.152,20.152,20.116,20.116,494,0
2014-12-18,21:00:00,20.152,20.152,20.079,20.097,4352,0
2014-12-18,22:00:00,20.162,20.272,20.015,20.208,2285,0
2014-12-19,17:00:00,20.456,20.456,20.456,20.456,816,0
2014-12-19,18:00:00,20.456,20.456,20.456,20.456,109,0
2014-12-19,19:00:00,20.31,20.31,20.243,20.243,3264,0
2014-12-19,21:00:00,20.382,20.382,20.382,20.382,434,0
2014-12-19,22:00:00,20.511,20.511,20.411,20.42,11312,0
2014-12-22,16:00:00,20.483,20.705,20.483,20.705,2905,0
2014-12-22,18:00:00,20.319,20.326,20.179,20.226,2068,0
2014-12-22,19:00:00,20.179,20.198,20.162,20.198,1522,0
2014-12-22,20:00:00,20.142,20.188,20.142,20.188,2501,0
2014-12-22,21:00:00,20.133,20.17,20.133,20.17,1415,0
2014-12-22,22:00:00,20.188,20.234,20.179,20.217,652,0
2014-12-23,17:00:00,20.446,20.511,20.373,20.502,34698,0
2014-12-23,18:00:00,20.575,20.575,20.529,20.529,978,0
2014-12-23,20:00:00,20.594,20.676,20.594,20.676,1084,0
2014-12-23,21:00:00,20.676,20.676,20.658,20.676,909,0
2014-12-23,22:00:00,20.648,20.648,20.436,20.631,2148,0
2014-12-24,16:00:00,20.529,20.529,20.529,20.529,109,0
2014-12-24,17:00:00,20.622,20.622,20.604,20.604,1305,0
2014-12-24,18:00:00,20.594,20.594,20.594,20.594,6525,0
2014-12-24,19:00:00,20.566,20.613,20.566,20.613,1668,0
2014-12-26,16:00:00,20.502,20.502,20.502,20.502,1031,0
2014-12-26,17:00:00,20.638,20.638,20.638,20.638,543,0
2014-12-26,18:00:00,20.648,20.648,20.638,20.638,428,0
2014-12-26,19:00:00,20.604,20.638,20.594,20.594,831,0
2014-12-26,20:00:00,20.594,20.594,20.557,20.557,347,0
2014-12-26,22:00:00,20.604,20.604,20.566,20.575,1848,0
2014-12-29,16:00:00,20.917,20.917,20.917,20.917,2785,0
2014-12-29,17:00:00,20.705,20.714,20.695,20.714,3807,0
2014-12-29,19:00:00,20.631,20.631,20.622,20.622,706,0
2014-12-29,20:00:00,20.585,20.594,20.473,20.473,5493,0
2014-12-29,21:00:00,20.42,20.511,20.42,20.511,326,0
2014-12-29,22:00:00,20.465,20.465,20.456,20.456,1903,0
2014-12-30,16:00:00,20.319,20.319,20.319,20.319,609,0
2014-12-30,17:00:00,20.363,20.363,20.354,20.363,1195,0
2014-12-30,20:00:00,20.685,20.685,20.685,20.685,652,0
2014-12-30,21:00:00,20.658,20.658,20.585,20.604,7832,0
2014-12-30,22:00:00,20.585,20.638,20.575,20.575,816,0
2014-12-31,16:00:00,20.575,20.585,20.575,20.575,4243,0
2014-12-31,17:00:00,20.705,20.714,20.705,20.714,1120,0
2014-12-31,18:00:00,20.786,20.786,20.695,20.695,1740,0
2014-12-31,19:00:00,20.638,20.75,20.631,20.723,117280,0
2014-12-31,20:00:00,20.75,20.989,20.714,20.917,112909,0
2014-12-31,21:00:00,20.934,20.934,20.631,20.685,48806,0
2014-12-31,22:00:00,20.685,20.806,20.638,20.638,31111,0
2015-01-02,16:00:00,21.071,21.109,20.97,20.97,25546,0
2015-01-02,17:00:00,20.97,20.98,20.638,20.714,26859,0
2015-01-02,18:00:00,20.714,20.786,20.648,20.786,8000,0
2015-01-02,19:00:00,20.786,20.898,20.74,20.898,6994,0
2015-01-02,20:00:00,20.888,20.908,20.841,20.841,12369,0
2015-01-02,21:00:00,20.989,21.118,20.888,21.118,5492,0
2015-01-02,22:00:00,21.145,21.183,21.081,21.145,13434,0
2015-01-05,16:00:00,21.283,21.293,20.648,20.648,13406,0
2015-01-05,17:00:00,20.638,20.714,20.604,20.604,13232,0
2015-01-05,18:00:00,20.604,20.705,20.473,20.473,10314,0
2015-01-05,19:00:00,20.456,20.456,20.326,20.411,3485,0
2015-01-05,20:00:00,20.411,20.473,20.31,20.363,9736,0
2015-01-05,21:00:00,20.446,20.446,20.31,20.334,7971,0
2015-01-05,22:00:00,20.272,20.594,20.272,20.594,2448,0
2015-01-06,16:00:00,20.834,20.834,20.272,20.272,4936,0
2015-01-06,17:00:00,20.243,20.243,20.031,20.116,16385,0
2015-01-06,18:00:00,20.06,20.06,19.675,19.675,15079,0
2015-01-06,19:00:00,19.584,19.646,19.51,19.637,3568,0
2015-01-06,20:00:00,19.703,19.703,19.39,19.473,6672,0
2015-01-06,21:00:00,19.574,19.803,19.501,19.765,7993,0
2015-01-06,22:00:00,19.712,19.848,19.712,19.83,5546,0
2015-01-07,16:00:00,20.142,20.243,20.142,20.226,1305,0
2015-01-07,17:00:00,20.179,20.226,20.179,20.226,1264,0
2015-01-07,18:00:00,20.179,20.262,20.107,20.262,7177,0
2015-01-07,19:00:00,20.319,20.319,20.281,20.281,1740,0
2015-01-07,20:00:00,20.382,20.382,20.243,20.243,978,0
2015-01-07,21:00:00,20.428,20.465,20.354,20.354,1848,0
2015-01-07,22:00:00,20.456,20.456,20.456,20.456,543,0
2015-01-08,16:00:00,20.841,20.917,20.841,20.869,8022,0
2015-01-08,17:00:00,20.869,20.869,20.869,20.869,326,0
2015-01-08,18:00:00,20.879,20.98,20.879,20.98,3698,0
2015-01-08,19:00:00,20.952,21.044,20.824,20.824,17945,0
2015-01-08,21:00:00,20.769,20.879,20.76,20.879,6415,0
2015-01-08,22:00:00,20.942,20.942,20.942,20.942,238,0
2015-01-09,18:00:00,20.782,20.801,20.782,20.801,1773,0
2015-01-09,19:00:00,20.975,21.022,20.975,21.022,544,0
2015-01-09,20:00:00,20.93,20.93,20.93,20.93,1415,0
2015-01-09,21:00:00,20.939,20.984,20.939,20.984,788,0
2015-01-09,22:00:00,20.984,20.984,20.947,20.957,8156,0
2015-01-12,16:00:00,20.912,20.912,20.912,20.912,545,0
2015-01-12,17:00:00,20.681,20.681,20.497,20.671,8591,0
2015-01-12,18:00:00,20.643,20.643,20.643,20.643,109,0
2015-01-12,20:00:00,20.653,20.653,20.643,20.643,4350,0
2015-01-12,21:00:00,20.634,20.653,20.634,20.643,9243,0
2015-01-12,22:00:00,20.662,20.671,20.58,20.609,5382,0
2015-01-13,16:00:00,21.923,21.923,20.772,20.791,2066,0
2015-01-13,17:00:00,20.975,20.994,20.947,20.966,1118,0
2015-01-13,18:00:00,20.939,20.939,20.856,20.856,3589,0
2015-01-13,19:00:00,20.801,20.801,20.69,20.71,1031,0
2015-01-13,20:00:00,20.736,20.736,20.415,20.415,7848,0
2015-01-13,21:00:00,20.314,20.314,20.267,20.267,434,0
2015-01-13,22:00:00,20.314,20.571,20.314,20.571,2394,0
2015-01-14,16:00:00,20.626,20.626,20.23,20.295,1087,0
2015-01-14,17:00:00,20.368,20.451,20.258,20.386,1962,0
2015-01-14,18:00:00,20.368,20.368,20.368,20.368,3915,0
2015-01-14,19:00:00,20.258,20.258,20.175,20.23,8043,0
2015-01-14,20:00:00,20.157,20.157,20.092,20.147,3480,0
2015-01-14,21:00:00,20.055,20.238,20.055,20.238,652,0
2015-01-14,22:00:00,20.212,20.406,20.203,20.406,2827,0
2015-01-15,21:00:00,19.871,19.871,19.871,19.871,217,0
2015-01-15,22:00:00,19.889,19.889,19.798,19.863,10597,0
2015-01-16,17:00:00,19.698,19.725,19.698,19.725,4872,0
2015-01-16,18:00:00,19.77,19.881,19.77,19.881,816,0
2015-01-16,21:00:00,19.935,20.001,19.935,20.001,1578,0
2015-01-16,22:00:00,20.112,20.12,20.112,20.12,217,0
2015-01-20,17:00:00,20.064,20.175,20.064,20.137,4909,0
2015-01-20,18:00:00,20.12,20.12,20.12,20.12,978,0
2015-01-20,20:00:00,20.157,20.166,20.157,20.166,326,0
2015-01-20,21:00:00,20.339,20.359,20.339,20.359,554,0
2015-01-20,22:00:00,20.323,20.396,20.323,20.396,379,0
2015-01-21,17:00:00,20.497,20.561,20.497,20.552,8156,0
2015-01-21,18:00:00,20.58,20.634,20.58,20.634,5329,0
2015-01-21,19:00:00,20.552,20.552,20.552,20.552,164,0
2015-01-21,20:00:00,20.589,20.719,20.589,20.719,414,0
2015-01-21,21:00:00,20.643,20.69,20.643,20.69,217,0
2015-01-21,22:00:00,20.755,20.782,20.755,20.782,1195,0
2015-01-22,16:00:00,20.893,20.903,20.893,20.903,2499,0
2015-01-22,17:00:00,21.013,21.279,21.013,21.279,5977,0
2015-01-22,18:00:00,21.224,21.243,21.197,21.197,4475,0
2015-01-22,19:00:00,21.251,21.279,21.251,21.279,809,0
2015-01-22,20:00:00,21.288,21.482,21.288,21.38,2991,0
2015-01-22,21:00:00,21.38,21.454,21.37,21.454,4302,0
2015-01-23,16:00:00,21.288,21.288,21.288,21.288,125,0
2015-01-23,17:00:00,21.427,21.427,21.427,21.427,869,0
2015-01-23,18:00:00,21.417,21.454,21.417,21.454,2400,0
2015-01-23,21:00:00,21.454,21.454,21.454,21.454,379,0
2015-01-23,22:00:00,21.454,21.454,21.454,21.454,164,0
2015-01-26,16:00:00,21.335,21.361,21.335,21.361,2995,0
2015-01-26,17:00:00,21.592,21.592,21.573,21.573,2284,0
2015-01-26,18:00:00,21.711,21.804,21.665,21.795,4377,0
2015-01-26,20:00:00,21.885,21.977,21.885,21.967,3470,0
2015-01-26,21:00:00,21.942,21.942,21.942,21.942,2174,0
2015-01-26,22:00:00,21.942,21.942,21.923,21.932,4373,0
2015-01-27,16:00:00,21.785,21.795,21.537,21.537,4131,0
2015-01-27,17:00:00,21.75,21.813,21.75,21.813,1030,0
2015-01-27,18:00:00,21.592,21.683,21.582,21.683,2134,0
2015-01-27,19:00:00,21.731,21.813,21.731,21.785,6969,0
2015-01-27,20:00:00,21.876,21.876,21.876,21.876,652,0
2015-01-27,21:00:00,21.904,21.923,21.857,21.895,3152,0
2015-01-27,22:00:00,21.857,21.942,21.85,21.923,1555,0
2015-01-28,16:00:00,21.822,21.822,21.822,21.822,109,0
2015-01-28,17:00:00,22.06,22.06,21.923,21.942,4557,0
2015-01-28,18:00:00,21.885,21.885,21.885,21.885,652,0
2015-01-28,20:00:00,21.932,21.932,21.876,21.876,273,0
2015-01-28,21:00:00,21.932,21.942,21.866,21.942,1331,0
2015-01-29,16:00:00,21.519,21.519,21.519,21.519,109,0
2015-01-29,17:00:00,21.519,21.519,21.399,21.501,2284,0
2015-01-29,19:00:00,21.519,21.519,21.519,21.519,1087,0
2015-01-29,20:00:00,21.482,21.61,21.482,21.61,489,0
2015-01-29,21:00:00,21.555,21.656,21.555,21.649,4282,0
2015-01-29,22:00:00,21.656,21.656,21.656,21.656,2935,0
2015-01-30,17:00:00,21.683,21.683,21.683,21.683,1631,0
2015-01-30,18:00:00,21.683,21.683,21.683,21.683,109,0
2015-01-30,19:00:00,21.573,21.573,21.573,21.573,109,0
2015-01-30,20:00:00,21.491,21.582,21.446,21.582,1195,0
2015-01-30,21:00:00,21.75,21.84,21.74,21.84,7948,0
2015-01-30,22:00:00,21.711,21.711,21.711,21.711,273,0
2015-02-02,16:00:00,21.703,21.813,21.703,21.813,978,0
2015-02-02,17:00:00,21.74,21.74,21.74,21.74,369,0
2015-02-02,18:00:00,21.683,21.766,21.62,21.74,8238,0
2015-02-02,19:00:00,21.61,21.61,21.61,21.61,2173,0
2015-02-02,22:00:00,21.639,21.831,21.639,21.831,869,0
2015-02-03,16:00:00,21.977,22.052,21.977,22.052,1159,0
2015-02-03,17:00:00,22.246,22.246,22.246,22.246,1244,0
2015-02-03,18:00:00,22.207,22.207,22.198,22.198,978,0
2015-02-03,20:00:00,22.263,22.392,22.263,22.392,2086,0
2015-02-03,21:00:00,22.456,22.456,22.456,22.456,1087,0
2015-02-03,22:00:00,22.401,22.438,22.401,22.438,659,0
2015-02-04,16:00:00,22.438,22.438,22.401,22.401,710,0
2015-02-04,17:00:00,22.328,22.328,22.328,22.328,217,0
2015-02-04,18:00:00,22.207,22.246,22.207,22.246,2597,0
2015-02-04,19:00:00,22.198,22.207,22.198,22.207,434,0
2015-02-04,21:00:00,22.227,22.227,22.217,22.217,379,0
2015-02-04,22:00:00,22.198,22.207,22.198,22.207,1522,0
2015-02-05,16:00:00,22.299,22.299,22.299,22.299,652,0
2015-02-05,17:00:00,22.337,22.337,22.29,22.29,543,0
2015-02-05,18:00:00,22.584,22.584,22.584,22.584,1304,0
2015-02-05,19:00:00,22.584,22.659,22.584,22.631,1087,0
2015-02-05,20:00:00,22.612,22.695,22.576,22.584,1826,0
2015-02-05,21:00:00,22.584,22.612,22.576,22.593,2310,0
2015-02-05,22:00:00,22.602,22.622,22.602,22.622,326,0
2015-02-06,16:00:00,22.53,22.659,22.53,22.659,652,0
2015-02-06,17:00:00,22.641,22.732,22.567,22.686,14069,0
2015-02-06,18:00:00,22.668,22.668,22.641,22.641,2473,0
2015-02-06,19:00:00,22.751,22.769,22.751,22.769,862,0
2015-02-06,20:00:00,22.741,22.741,22.659,22.686,761,0
2015-02-06,21:00:00,22.732,22.732,22.723,22.723,761,0
2015-02-06,22:00:00,22.695,22.723,22.695,22.723,1092,0
2015-02-09,16:00:00,22.825,22.825,22.602,22.612,3139,0
2015-02-09,17:00:00,22.723,22.723,22.695,22.695,543,0
2015-02-09,18:00:00,22.805,22.879,22.805,22.87,8833,0
2015-02-09,19:00:00,22.879,22.879,22.879,22.879,379,0
2015-02-09,20:00:00,22.787,22.787,22.787,22.787,109,0
2015-02-09,21:00:00,22.796,22.796,22.796,22.796,217,0
2015-02-09,22:00:00,22.714,22.714,22.576,22.659,2935,0
2015-02-10,17:00:00,22.3,22.3,22.126,22.18,2065,0
2015-02-10,18:00:00,22.18,22.338,22.18,22.19,1739,0
2015-02-10,20:00:00,22.309,22.309,22.247,22.247,414,0
2015-02-10,22:00:00,22.448,22.448,22.448,22.448,2392,0
2015-02-11,17:00:00,22.383,22.383,22.383,22.383,1195,0
2015-02-11,18:00:00,22.383,22.383,22.383,22.383,652,0
2015-02-11,19:00:00,22.585,22.585,22.585,22.585,109,0
2015-02-11,20:00:00,22.541,22.541,22.541,22.541,109,0
2015-02-11,21:00:00,22.503,22.632,22.484,22.632,2394,0
2015-02-11,22:00:00,22.687,22.724,22.687,22.724,217,0
2015-02-12,16:00:00,22.871,23,22.863,23,17200,0
2015-02-12,17:00:00,23.009,23.009,23.009,23.009,217,0
2015-02-12,18:00:00,23.046,23.046,23.036,23.046,2065,0
2015-02-12,19:00:00,23.12,23.148,23.11,23.148,1847,0
2015-02-12,20:00:00,23.157,23.34,23.157,23.34,999,0
2015-02-12,21:00:00,23.285,23.303,23.201,23.303,1683,0
2015-02-12,22:00:00,23.294,23.294,23.294,23.294,109,0
2015-02-13,18:00:00,23.525,23.525,23.479,23.479,652,0
2015-02-13,19:00:00,23.599,23.599,23.572,23.572,652,0
2015-02-13,20:00:00,23.442,23.442,23.442,23.442,374,0
2015-02-13,21:00:00,23.451,23.643,23.451,23.643,761,0
2015-02-13,22:00:00,23.652,23.707,23.607,23.662,1437,0
2015-02-17,16:00:00,23.543,23.543,23.543,23.543,441,0
2015-02-17,17:00:00,23.543,23.643,23.533,23.633,1195,0
2015-02-17,18:00:00,23.607,23.624,23.607,23.624,489,0
2015-02-17,19:00:00,23.525,23.525,23.487,23.487,1087,0
2015-02-17,20:00:00,23.479,23.497,23.414,23.442,1968,0
2015-02-17,22:00:00,23.432,23.432,23.432,23.432,434,0
2015-02-18,16:00:00,23.396,23.396,23.386,23.386,652,0
2015-02-18,17:00:00,23.404,23.432,23.055,23.432,2599,0
2015-02-18,18:00:00,23.386,23.386,23.386,23.386,217,0
2015-02-18,19:00:00,23.378,23.386,23.378,23.386,1304,0
2015-02-18,20:00:00,23.432,23.432,23.432,23.432,1304,0
2015-02-18,21:00:00,23.369,23.369,23.369,23.369,1304,0
2015-02-18,22:00:00,23.487,23.487,23.487,23.487,869,0
2015-02-19,17:00:00,23.461,23.461,23.442,23.442,434,0
2015-02-19,19:00:00,23.497,23.505,23.487,23.505,869,0
2015-02-19,22:00:00,23.487,23.487,23.487,23.487,217,0
2015-02-20,16:00:00,23.505,23.505,23.432,23.432,46397,0
2015-02-20,18:00:00,23.414,23.414,23.303,23.303,1483,0
2015-02-20,19:00:00,23.359,23.359,23.34,23.34,543,0
2015-02-20,20:00:00,23.505,23.505,23.505,23.505,652,0
2015-02-20,21:00:00,23.479,23.562,23.479,23.562,1107,0
2015-02-20,22:00:00,23.589,23.643,23.589,23.643,1656,0
2015-02-23,16:00:00,23.599,23.599,23.35,23.35,2170,0
2015-02-23,17:00:00,23.359,23.487,23.359,23.404,13149,0
2015-02-23,19:00:00,23.414,23.414,23.414,23.414,652,0
2015-02-23,20:00:00,23.313,23.331,23.249,23.331,2500,0
2015-02-23,21:00:00,23.322,23.322,23.313,23.313,652,0
2015-02-24,16:00:00,23.359,23.386,23.359,23.369,652,0
2015-02-24,17:00:00,23.359,23.589,23.359,23.562,6087,0
2015-02-24,18:00:00,23.562,23.599,23.562,23.58,3588,0
2015-02-24,20:00:00,23.543,23.543,23.525,23.525,1739,0
2015-02-24,21:00:00,23.552,23.552,23.552,23.552,1087,0
2015-02-24,22:00:00,23.543,23.543,23.47,23.47,326,0
2015-02-25,17:00:00,23.359,23.451,23.322,23.322,2392,0
2015-02-25,18:00:00,23.34,23.432,23.313,23.396,19414,0
2015-02-25,19:00:00,23.396,23.396,23.369,23.369,761,0
2015-02-25,20:00:00,23.396,23.396,23.396,23.396,217,0
2015-02-25,22:00:00,23.414,23.451,23.34,23.432,6043,0
2015-02-26,17:00:00,23.322,23.322,23.322,23.322,543,0
2015-02-26,19:00:00,23.414,23.552,23.414,23.552,2173,0
2015-02-26,21:00:00,23.461,23.461,23.461,23.461,1087,0
2015-02-26,22:00:00,23.386,23.386,23.386,23.386,652,0
2015-02-27,17:00:00,23.313,23.331,23.276,23.331,8083,0
2015-02-27,18:00:00,23.322,23.378,23.322,23.378,543,0
2015-02-27,19:00:00,23.386,23.386,23.359,23.359,217,0
2015-02-27,20:00:00,23.369,23.378,23.369,23.378,1522,0
2015-02-27,22:00:00,23.23,23.23,23.23,23.23,199,0
2015-03-02,16:00:00,23.331,23.369,23.331,23.369,3342,0
2015-03-02,17:00:00,23.359,23.378,23.359,23.378,761,0
2015-03-02,19:00:00,23.414,23.414,23.414,23.414,799,0
2015-03-02,20:00:00,23.369,23.369,23.369,23.369,109,0
2015-03-02,21:00:00,23.331,23.34,23.331,23.34,326,0
2015-03-02,22:00:00,23.313,23.424,23.313,23.424,1195,0
2015-03-03,16:00:00,23.138,23.148,23.138,23.138,7493,0
2015-03-03,17:00:00,23.138,23.239,22.742,23.23,48262,0
2015-03-03,18:00:00,23.221,23.221,23.138,23.138,1586,0
2015-03-03,19:00:00,23.1,23.11,23.065,23.065,1195,0
2015-03-03,21:00:00,23.083,23.083,23.083,23.083,217,0
2015-03-03,22:00:00,23.009,23.04,23.009,23.04,1414,0
2015-03-04,16:00:00,23,23.083,23,23.083,435,0
2015-03-04,17:00:00,23.091,23.091,23.045,23.045,218,0
2015-03-04,18:00:00,23.065,23.167,23.065,23.065,817,0
2015-03-04,19:00:00,23.065,23.091,23.065,23.091,217,0
2015-03-04,21:00:00,23.157,23.157,23.148,23.157,326,0
2015-03-04,22:00:00,23.211,23.285,23.201,23.258,1876,0
2015-03-05,17:00:00,23.35,23.633,23.35,23.633,3968,0
2015-03-05,18:00:00,23.624,23.865,23.624,23.662,14451,0
2015-03-05,19:00:00,23.525,23.525,23.524,23.524,870,0
2015-03-05,20:00:00,23.567,23.567,23.564,23.564,592,0
2015-03-05,21:00:00,23.552,23.552,23.34,23.414,4132,0
2015-03-05,22:00:00,23.423,23.423,23.423,23.423,543,0
2015-03-06,16:00:00,23.442,23.442,23.404,23.404,1432,0
2015-03-06,17:00:00,23.396,23.432,23.268,23.268,5446,0
2015-03-06,18:00:00,23.239,23.239,23.138,23.138,859,0
2015-03-06,19:00:00,23.192,23.192,23.091,23.091,217,0
2015-03-06,20:00:00,23.091,23.091,23.031,23.031,1195,0
2015-03-06,21:00:00,23.053,23.053,22.816,22.816,2104,0
2015-03-06,22:00:00,23.083,23.083,23.009,23.009,1088,0
2015-03-09,15:00:00,23.432,23.432,23.074,23.12,2702,0
2015-03-09,16:00:00,23.1,23.1,23.046,23.046,11161,0
2015-03-09,17:00:00,23.046,23.046,23,23,1658,0
2015-03-09,18:00:00,23,23,22.907,22.907,232,0
2015-03-09,19:00:00,22.816,22.816,22.788,22.788,653,0
2015-03-09,20:00:00,22.856,22.907,22.833,22.88,21861,0
2015-03-09,21:00:00,22.826,22.826,22.826,22.826,393,0
2015-03-10,15:00:00,22.88,22.88,22.281,22.319,15269,0
2015-03-10,16:00:00,22.3,22.383,22.272,22.365,4353,0
2015-03-10,17:00:00,22.309,22.389,22.264,22.264,979,0
2015-03-10,18:00:00,22.309,22.457,22.291,22.457,9115,0
2015-03-10,19:00:00,22.383,22.466,22.309,22.319,9466,0
2015-03-10,20:00:00,22.264,22.264,22.18,22.19,4456,0
2015-03-10,21:00:00,22.319,22.531,22.319,22.411,6871,0
2015-03-11,15:00:00,22.688,22.688,22.487,22.487,1570,0
2015-03-11,16:00:00,22.545,22.545,22.22,22.22,6666,0
2015-03-11,17:00:00,22.315,22.449,22.21,22.44,7821,0
2015-03-11,18:00:00,22.44,22.44,22.401,22.401,324,0
2015-03-11,19:00:00,22.43,22.43,22.43,22.43,105,0
2015-03-11,21:00:00,22.43,22.44,22.43,22.44,209,0
2015-03-12,15:00:00,22.621,22.84,22.621,22.84,878,0
2015-03-12,18:00:00,22.745,22.745,22.66,22.66,376,0
2015-03-12,19:00:00,22.707,22.707,22.707,22.707,209,0
2015-03-12,20:00:00,22.712,22.717,22.712,22.717,833,0
2015-03-12,21:00:00,22.691,22.726,22.691,22.698,1457,0
2015-03-13,16:00:00,22.669,22.669,22.49,22.49,2057,0
2015-03-13,17:00:00,22.449,22.449,22.24,22.345,16070,0
2015-03-13,18:00:00,22.241,22.345,22.241,22.345,314,0
2015-03-13,19:00:00,22.353,22.353,22.353,22.353,105,0
2015-03-13,20:00:00,22.356,22.364,22.345,22.345,432,0
2015-03-13,21:00:00,22.369,22.372,22.354,22.354,837,0
2015-03-16,15:00:00,22.354,22.401,22.354,22.392,314,0
2015-03-16,17:00:00,22.468,22.468,22.449,22.449,419,0
2015-03-16,18:00:00,22.354,22.354,22.354,22.354,105,0
2015-03-16,20:00:00,22.327,22.327,22.325,22.325,523,0
2015-03-16,21:00:00,22.354,22.401,22.354,22.401,209,0
2015-03-17,15:00:00,22.354,22.354,22.354,22.354,219,0
2015-03-17,16:00:00,22.22,22.23,22.058,22.111,6176,0
2015-03-17,17:00:00,22.144,22.144,22.144,22.144,419,0
2015-03-17,18:00:00,22.134,22.181,22.076,22.076,5443,0
2015-03-17,19:00:00,22.171,22.24,22.171,22.24,523,0
2015-03-17,20:00:00,22.21,22.21,22.21,22.21,105,0
2015-03-17,21:00:00,22.249,22.345,22.249,22.345,209,0
2015-03-18,15:00:00,22.162,22.345,21.131,22.076,10493,0
2015-03-18,16:00:00,22.049,22.258,22.049,22.258,1779,0
2015-03-18,17:00:00,22.2,22.2,22.2,22.2,732,0
2015-03-18,18:00:00,22.21,22.259,22.163,22.259,732,0
2015-03-18,19:00:00,22.22,22.22,22.171,22.171,523,0
2015-03-18,20:00:00,22.2,22.745,22.2,22.745,1046,0
2015-03-18,21:00:00,22.688,22.688,22.688,22.688,105,0
2015-03-19,15:00:00,22.496,22.496,22.496,22.496,105,0
2015-03-19,16:00:00,22.553,22.553,22.372,22.372,535,0
2015-03-19,17:00:00,22.372,22.372,22.287,22.287,791,0
2015-03-19,20:00:00,22.286,22.506,22.286,22.506,6017,0
2015-03-19,21:00:00,22.536,22.565,22.459,22.54,8062,0
2015-03-20,15:00:00,22.526,22.573,22.526,22.573,1375,0
2015-03-20,16:00:00,22.745,22.841,22.745,22.783,2440,0
2015-03-20,17:00:00,22.907,22.907,22.783,22.906,792,0
2015-03-20,18:00:00,22.907,22.907,22.904,22.904,523,0
2015-03-20,19:00:00,22.917,22.917,22.917,22.917,314,0
2015-03-20,20:00:00,22.917,22.927,22.917,22.927,419,0
2015-03-20,21:00:00,22.937,22.937,22.937,22.937,1047,0
2015-03-23,15:00:00,22.966,22.972,22.966,22.972,648,0
2015-03-23,16:00:00,22.679,22.79,22.679,22.79,2302,0
2015-03-23,19:00:00,22.812,22.812,22.812,22.812,419,0
2015-03-23,20:00:00,22.917,22.917,22.917,22.917,125,0
2015-03-23,21:00:00,22.846,22.936,22.846,22.936,229,0
2015-03-24,15:00:00,22.736,22.736,22.611,22.611,628,0
2015-03-24,16:00:00,22.669,22.669,22.669,22.669,210,0
2015-03-24,17:00:00,22.888,22.888,22.888,22.888,105,0
2015-03-24,18:00:00,22.832,22.832,22.774,22.783,2410,0
2015-03-24,19:00:00,22.79,22.812,22.755,22.812,1207,0
2015-03-24,20:00:00,22.802,22.802,22.748,22.755,684,0
2015-03-24,21:00:00,22.774,22.774,22.774,22.774,105,0
2015-03-25,15:00:00,22.822,22.822,22.822,22.822,219,0
2015-03-25,17:00:00,22.811,22.811,22.66,22.66,525,0
2015-03-25,18:00:00,22.66,22.66,22.611,22.611,2571,0
2015-03-25,19:00:00,22.496,22.496,22.496,22.496,209,0
2015-03-26,15:00:00,22.181,22.24,22.066,22.066,1215,0
2015-03-26,16:00:00,22.159,22.251,22.159,22.251,701,0
2015-03-26,17:00:00,22.305,22.315,22.305,22.315,770,0
2015-03-26,18:00:00,22.305,22.305,22.305,22.305,105,0
2015-03-26,20:00:00,22.259,22.445,22.259,22.398,1799,0
2015-03-27,15:00:00,22.401,22.401,22.259,22.259,629,0
2015-03-27,17:00:00,22.379,22.496,22.379,22.496,1937,0
2015-03-27,18:00:00,22.496,22.496,22.496,22.496,42,0
2015-03-27,19:00:00,22.471,22.487,22.423,22.487,1362,0
2015-03-27,20:00:00,22.487,22.487,22.419,22.419,720,0
2015-03-27,21:00:00,22.419,22.545,22.419,22.545,158,0
2015-03-30,16:00:00,22.496,22.679,22.496,22.679,630,0
2015-03-30,17:00:00,22.679,22.812,22.679,22.736,477,0
2015-03-30,18:00:00,22.736,22.802,22.726,22.802,5024,0
2015-03-30,19:00:00,22.783,22.802,22.631,22.802,12549,0
2015-03-30,20:00:00,22.822,22.987,22.822,22.987,4374,0
2015-03-30,21:00:00,22.987,22.987,22.987,22.987,2,0
2015-03-30,22:00:00,23.003,23.003,22.897,22.897,1613,0
2015-03-31,17:00:00,22.857,22.946,22.857,22.915,1136,0
2015-03-31,18:00:00,22.915,22.915,22.915,22.915,1,0
2015-03-31,19:00:00,22.915,22.926,22.907,22.907,494,0
2015-03-31,21:00:00,22.907,22.907,22.907,22.907,11,0
2015-03-31,22:00:00,22.921,22.921,22.879,22.879,445,0
2015-04-01,17:00:00,23.29,23.299,23.242,23.242,736,0
2015-04-01,18:00:00,23.128,23.299,23.128,23.281,5240,0
2015-04-01,19:00:00,23.157,23.312,23.147,23.312,1151,0
2015-04-01,20:00:00,23.238,23.365,23.238,23.365,1151,0
2015-04-01,21:00:00,23.252,23.252,23.233,23.242,1434,0
2015-04-01,22:00:00,23.29,23.29,23.252,23.252,628,0
2015-04-02,16:00:00,23.424,23.424,23.281,23.377,3459,0
2015-04-02,17:00:00,23.262,23.262,23.193,23.213,1993,0
2015-04-02,18:00:00,23.243,23.243,23.118,23.118,838,0
2015-04-02,19:00:00,23.061,23.147,23.022,23.117,1992,0
2015-04-02,20:00:00,23.071,23.071,23.071,23.071,513,0
2015-04-02,21:00:00,23.071,23.071,23.013,23.013,1558,0
2015-04-02,22:00:00,23.032,23.156,22.967,23.071,7452,0
2015-04-06,16:00:00,22.975,23.071,22.927,22.927,2542,0
2015-04-06,17:00:00,23.098,23.098,23.053,23.053,1570,0
2015-04-06,18:00:00,23.053,23.33,23.053,23.33,4375,0
2015-04-06,19:00:00,23.33,23.337,23.329,23.329,669,0
2015-04-06,20:00:00,23.329,23.394,23.185,23.223,7027,0
2015-04-06,21:00:00,23.175,23.223,23.167,23.223,1019,0
2015-04-06,22:00:00,23.213,23.213,23.071,23.071,1195,0
2015-04-07,16:00:00,23.157,23.157,23.157,23.157,120,0
2015-04-07,17:00:00,23.285,23.285,23.223,23.223,461,0
2015-04-07,18:00:00,23.223,23.233,23.223,23.233,172,0
2015-04-07,19:00:00,23.233,23.309,23.193,23.262,1048,0
2015-04-07,20:00:00,23.137,23.137,23.118,23.118,733,0
2015-04-07,21:00:00,23.118,23.118,23.098,23.098,1156,0
2015-04-07,22:00:00,23.071,23.137,23.071,23.071,1316,0
2015-04-08,16:00:00,23.213,23.213,22.975,22.975,690,0
2015-04-08,17:00:00,23.147,23.147,23.116,23.116,660,0
2015-04-08,18:00:00,23.116,23.242,23.116,23.242,146,0
2015-04-08,20:00:00,23.242,23.242,23.157,23.167,2412,0
2015-04-08,21:00:00,23.185,23.185,23.071,23.071,1070,0
2015-04-08,22:00:00,23.041,23.175,23.041,23.107,2769,0
2015-04-09,16:00:00,23.314,23.363,23.257,23.257,1866,0
2015-04-09,17:00:00,23.257,23.257,23.064,23.064,3007,0
2015-04-09,18:00:00,23.026,23.045,22.969,23.045,3980,0
2015-04-09,19:00:00,23.026,23.026,23.026,23.026,208,0
2015-04-09,20:00:00,23.016,23.016,23.016,23.016,614,0
2015-04-09,21:00:00,23.016,23.016,23.016,23.016,1251,0
2015-04-09,22:00:00,23.045,23.189,23.045,23.141,495,0
2015-04-10,16:00:00,23.141,23.141,23.141,23.141,1148,0
2015-04-10,17:00:00,23.189,23.538,23.189,23.538,1612,0
2015-04-10,18:00:00,23.497,23.497,23.439,23.439,636,0
2015-04-10,19:00:00,23.439,23.439,23.439,23.439,73,0
2015-04-10,22:00:00,23.276,23.439,23.276,23.42,1842,0
2015-04-13,16:00:00,23.602,23.602,23.602,23.602,360,0
2015-04-13,17:00:00,23.602,23.602,23.502,23.555,2312,0
2015-04-13,18:00:00,23.627,23.627,23.49,23.49,1455,0
2015-04-13,19:00:00,23.463,23.463,23.463,23.463,312,0
2015-04-13,20:00:00,23.42,23.42,23.42,23.42,208,0
2015-04-13,21:00:00,23.363,23.363,23.363,23.363,219,0
2015-04-13,22:00:00,23.449,23.449,23.333,23.333,2393,0
2015-04-14,19:00:00,23.506,23.506,23.506,23.506,442,0
2015-04-14,22:00:00,23.506,23.506,23.506,23.506,17,0
2015-04-15,16:00:00,23.763,23.763,23.763,23.763,520,0
2015-04-15,17:00:00,23.763,23.9,23.756,23.9,3628,0
2015-04-15,18:00:00,23.69,23.726,23.66,23.66,1508,0
2015-04-15,20:00:00,23.756,23.909,23.756,23.909,678,0
2015-04-15,21:00:00,23.909,23.909,23.909,23.909,6,0
2015-04-15,22:00:00,23.909,23.909,23.909,23.909,557,0
2015-04-16,16:00:00,23.726,24.024,23.726,24.024,5786,0
2015-04-16,17:00:00,24.006,24.214,24.006,24.214,3906,0
2015-04-16,18:00:00,24.233,24.438,24.226,24.357,20936,0
2015-04-16,19:00:00,24.275,24.29,24.275,24.285,1040,0
2015-04-16,20:00:00,24.381,24.381,24.38,24.38,572,0
2015-04-16,21:00:00,24.38,24.477,24.38,24.428,542,0
2015-04-16,22:00:00,24.439,24.467,24.439,24.448,884,0
2015-04-17,17:00:00,24.101,24.179,24.034,24.034,12533,0
2015-04-17,18:00:00,24.083,24.12,24.083,24.12,193,0
2015-04-17,20:00:00,24.102,24.102,24.044,24.044,520,0
2015-04-17,21:00:00,24.006,24.024,23.977,23.996,2082,0
2015-04-17,22:00:00,24.073,24.188,24.073,24.188,627,0
2015-04-20,16:00:00,24.487,24.563,24.371,24.496,15434,0
2015-04-20,17:00:00,24.524,24.524,24.275,24.419,1598,0
2015-04-20,18:00:00,24.332,24.332,24.285,24.332,772,0
2015-04-20,19:00:00,24.322,24.322,24.258,24.258,364,0
2015-04-20,20:00:00,24.28,24.294,24.256,24.256,1247,0
2015-04-20,21:00:00,24.248,24.275,24.248,24.275,727,0
2015-04-20,22:00:00,24.275,24.448,24.275,24.342,885,0
2015-04-21,16:00:00,24.4,24.4,24.4,24.4,104,0
2015-04-21,18:00:00,24.352,24.467,24.352,24.448,473,0
2015-04-21,19:00:00,24.275,24.275,24.14,24.236,4086,0
2015-04-21,20:00:00,24.14,24.226,24.14,24.208,31,0
2015-04-21,21:00:00,24.14,24.293,24.14,24.293,640,0
2015-04-21,22:00:00,24.294,24.294,24.294,24.294,5,0
2015-04-22,16:00:00,24.371,24.371,24.064,24.14,1830,0
2015-04-22,17:00:00,24.092,24.092,24.092,24.092,104,0
2015-04-22,19:00:00,24.111,24.111,24.111,24.111,130,0
2015-04-22,21:00:00,24.294,24.335,24.294,24.335,416,0
2015-04-22,22:00:00,24.213,24.333,24.16,24.333,997,0
2015-04-23,16:00:00,24.332,24.332,24.332,24.332,1040,0
2015-04-23,18:00:00,24.467,24.467,24.419,24.419,1040,0
2015-04-23,20:00:00,24.448,24.543,24.448,24.458,2452,0
2015-04-23,21:00:00,24.506,24.563,24.477,24.543,10610,0
2015-04-23,22:00:00,24.554,24.554,24.408,24.408,2291,0
2015-04-24,16:00:00,24.554,24.554,24.467,24.467,788,0
2015-04-24,17:00:00,24.524,24.697,24.524,24.612,9064,0
2015-04-24,18:00:00,24.548,24.573,24.517,24.517,312,0
2015-04-24,20:00:00,24.514,24.514,24.514,24.514,780,0
2015-04-24,22:00:00,24.678,24.678,24.678,24.678,246,0
2015-04-27,16:00:00,24.756,24.756,24.756,24.756,1123,0
2015-04-27,18:00:00,24.742,24.746,24.66,24.66,5100,0
2015-04-27,19:00:00,24.621,24.621,24.612,24.612,1767,0
2015-04-27,21:00:00,24.612,24.65,24.603,24.65,2898,0
2015-04-28,16:00:00,24.689,24.689,24.593,24.593,3031,0
2015-04-28,17:00:00,24.4,24.4,24.342,24.396,1494,0
2015-04-28,20:00:00,24.621,24.621,24.621,24.621,119,0
2015-04-28,21:00:00,24.612,24.612,24.515,24.515,1035,0
2015-04-29,16:00:00,24.612,24.689,24.612,24.689,2699,0
2015-04-29,17:00:00,24.534,24.65,24.534,24.64,4368,0
2015-04-29,18:00:00,24.698,24.698,24.63,24.63,1247,0
2015-04-29,19:00:00,24.534,24.534,24.534,24.534,104,0
2015-04-29,20:00:00,24.511,24.511,24.511,24.511,104,0
2015-04-29,21:00:00,24.64,24.64,24.64,24.64,312,0
2015-04-29,22:00:00,24.64,24.64,24.64,24.64,208,0
2015-04-30,17:00:00,24.679,24.679,24.467,24.467,1700,0
2015-04-30,18:00:00,24.534,24.534,24.534,24.534,199,0
2015-04-30,20:00:00,24.612,24.612,24.612,24.612,268,0
2015-04-30,21:00:00,24.612,24.612,24.612,24.612,159,0
2015-04-30,22:00:00,24.524,24.524,24.419,24.438,1079,0
2015-05-01,16:00:00,24.689,24.689,24.428,24.467,1905,0
2015-05-01,17:00:00,24.563,24.563,24.563,24.563,241,0
2015-05-01,18:00:00,24.775,24.775,24.593,24.593,312,0
2015-05-01,19:00:00,24.679,24.679,24.679,24.679,104,0
2015-05-01,20:00:00,24.669,24.679,24.669,24.679,2434,0
2015-05-01,21:00:00,24.792,24.792,24.792,24.792,503,0
2015-05-01,22:00:00,24.756,24.794,24.717,24.717,2705,0
2015-05-04,16:00:00,24.948,25.15,24.948,25.15,936,0
2015-05-04,18:00:00,25.241,25.332,25.15,25.15,3644,0
2015-05-04,20:00:00,25.265,25.409,25.265,25.36,1755,0
2015-05-04,21:00:00,25.371,25.371,25.333,25.333,386,0
2015-05-04,22:00:00,25.377,25.377,25.365,25.365,2299,0
2015-05-05,16:00:00,25.477,25.708,25.477,25.506,9749,0
2015-05-05,17:00:00,25.497,25.497,25.265,25.265,7174,0
2015-05-05,18:00:00,25.199,25.199,24.997,24.997,1040,0
2015-05-05,19:00:00,25.025,25.025,24.944,25.025,790,0
2015-05-05,20:00:00,24.97,24.97,24.909,24.957,637,0
2015-05-05,21:00:00,24.929,24.929,24.9,24.919,921,0
2015-05-05,22:00:00,24.852,24.891,24.852,24.881,1404,0
2015-05-06,16:00:00,25.102,25.131,24.832,24.832,1352,0
2015-05-06,17:00:00,24.775,24.775,24.55,24.55,3128,0
2015-05-06,18:00:00,24.708,24.756,24.708,24.755,1873,0
2015-05-06,20:00:00,24.635,24.635,24.612,24.612,208,0
2015-05-06,21:00:00,24.487,24.487,24.285,24.41,1958,0
2015-05-06,22:00:00,24.438,24.439,24.438,24.439,910,0
2015-05-07,16:00:00,24.66,24.66,24.078,24.15,3824,0
2015-05-07,17:00:00,24.179,24.226,24.179,24.226,1175,0
2015-05-07,18:00:00,24.41,24.41,24.41,24.41,312,0
2015-05-07,19:00:00,24.587,24.679,24.587,24.65,4453,0
2015-05-07,20:00:00,24.65,24.66,24.621,24.621,988,0
2015-05-07,21:00:00,24.602,24.602,24.514,24.514,5879,0
2015-05-07,22:00:00,24.448,24.448,24.406,24.433,936,0
2015-05-08,16:00:00,24.544,24.679,24.544,24.679,3364,0
2015-05-08,17:00:00,24.804,24.88,24.679,24.765,4256,0
2015-05-08,18:00:00,24.712,24.736,24.621,24.621,5800,0
2015-05-08,19:00:00,24.66,24.66,24.593,24.612,2206,0
2015-05-08,20:00:00,24.775,24.775,24.744,24.744,1352,0
2015-05-08,21:00:00,24.645,24.66,24.573,24.573,7427,0
2015-05-08,22:00:00,24.554,24.593,24.515,24.569,9979,0
2015-05-11,16:00:00,24.847,24.847,24.459,24.595,1844,0
2015-05-11,17:00:00,24.575,24.605,24.546,24.575,669,0
2015-05-11,18:00:00,24.643,24.653,24.546,24.653,1442,0
2015-05-11,19:00:00,24.585,24.653,24.556,24.653,824,0
2015-05-11,20:00:00,24.614,24.614,24.614,24.614,103,0
2015-05-11,21:00:00,24.517,24.517,24.517,24.517,309,0
2015-05-11,22:00:00,24.478,24.512,24.449,24.459,1673,0
2015-05-12,16:00:00,24.459,24.508,23.605,24.362,20469,0
2015-05-12,17:00:00,24.314,24.477,24.304,24.411,3091,0
2015-05-12,18:00:00,24.411,24.411,24.342,24.342,1536,0
2015-05-12,19:00:00,24.265,24.265,24.235,24.265,824,0
2015-05-12,20:00:00,24.274,24.274,24.274,24.274,103,0
2015-05-12,21:00:00,24.352,24.352,24.352,24.352,335,0
2015-05-12,22:00:00,24.352,24.352,24.294,24.294,206,0
2015-05-13,16:00:00,24.672,24.672,24.672,24.672,106,0
2015-05-13,17:00:00,24.643,24.769,24.643,24.769,2473,0
2015-05-13,18:00:00,24.508,24.517,24.508,24.508,2370,0
2015-05-13,22:00:00,24.468,24.468,24.468,24.468,206,0
2015-05-14,16:00:00,24.75,24.837,24.74,24.818,5450,0
2015-05-14,17:00:00,24.944,24.944,24.828,24.857,15557,0
2015-05-14,18:00:00,24.828,24.828,24.818,24.818,3812,0
2015-05-14,19:00:00,24.954,25.012,24.866,24.866,16230,0
2015-05-14,20:00:00,24.847,24.954,24.847,24.954,206,0
2015-05-14,21:00:00,24.925,25.06,24.925,24.973,17281,0
2015-05-14,22:00:00,24.993,25.032,24.934,24.963,4430,0
2015-05-15,16:00:00,24.944,26.206,24.944,25.138,1417,0
2015-05-15,18:00:00,24.973,24.973,24.915,24.922,3503,0
2015-05-15,19:00:00,24.934,24.966,24.934,24.966,618,0
2015-05-15,21:00:00,25.109,25.118,25.022,25.118,1772,0
2015-05-15,22:00:00,25.129,25.129,25.06,25.06,960,0
2015-05-18,16:00:00,25.138,25.157,25.051,25.157,6646,0
2015-05-18,17:00:00,25.138,25.138,25.07,25.1,27612,0
2015-05-18,18:00:00,25.119,25.187,24.997,24.997,16650,0
2015-05-18,19:00:00,25.148,25.148,25.08,25.09,3503,0
2015-05-18,20:00:00,25.063,25.129,25.022,25.022,741,0
2015-05-18,21:00:00,25.187,25.381,25.101,25.187,2849,0
2015-05-18,22:00:00,25.23,25.264,25.1,25.129,4101,0
2015-05-19,16:00:00,25.236,26.206,25.138,25.138,3662,0
2015-05-19,17:00:00,25.138,25.138,24.896,24.993,8809,0
2015-05-19,18:00:00,25.012,25.157,24.973,25.041,8140,0
2015-05-19,19:00:00,25.041,25.109,25.041,25.056,1819,0
2015-05-19,20:00:00,25.081,25.081,25.081,25.081,134,0
2015-05-19,21:00:00,25.119,25.119,25.099,25.1,3503,0
2015-05-19,22:00:00,25.051,25.167,24.954,24.954,17303,0
2015-05-20,16:00:00,25.09,25.09,25.09,25.09,206,0
2015-05-20,17:00:00,25.206,25.206,25.203,25.203,206,0
2015-05-20,18:00:00,25.187,25.294,25.157,25.187,6389,0
2015-05-20,19:00:00,25.177,25.254,25.147,25.254,1442,0
2015-05-20,20:00:00,25.226,25.236,25.114,25.114,1456,0
2015-05-20,21:00:00,25.259,25.274,25.197,25.257,3792,0
2015-05-20,22:00:00,25.226,25.245,25.158,25.158,3503,0
2015-05-21,16:00:00,25.333,25.333,25.157,25.157,3557,0
2015-05-21,17:00:00,25.187,25.333,25.142,25.323,2665,0
2015-05-21,18:00:00,25.177,25.216,25.171,25.187,6387,0
2015-05-21,19:00:00,25.206,25.206,25.148,25.148,206,0
2015-05-21,20:00:00,25.197,25.197,25.187,25.187,864,0
2015-05-21,21:00:00,25.167,25.245,25.167,25.167,1648,0
2015-05-22,17:00:00,25.294,25.313,25.216,25.216,799,0
2015-05-22,18:00:00,25.167,25.333,25.167,25.187,9363,0
2015-05-22,19:00:00,25.457,25.457,25.177,25.381,3827,0
2015-05-22,20:00:00,25.565,25.565,25.565,25.565,103,0
2015-05-22,21:00:00,25.517,25.517,25.277,25.284,1355,0
2015-05-22,22:00:00,25.245,25.274,25.236,25.236,927,0
2015-05-26,16:00:00,25.478,25.478,25.187,25.187,1006,0
2015-05-26,17:00:00,25.041,25.041,24.896,24.896,2713,0
2015-05-26,18:00:00,24.906,24.934,24.906,24.934,1612,0
2015-05-26,19:00:00,24.944,24.963,24.944,24.963,721,0
2015-05-26,20:00:00,24.963,24.963,24.876,24.925,3024,0
2015-05-26,21:00:00,24.946,24.946,24.946,24.946,515,0
2015-05-26,22:00:00,24.925,25.109,24.865,24.944,4158,0
2015-05-27,17:00:00,25.157,25.226,25.048,25.071,14357,0
2015-05-27,18:00:00,25.119,25.119,25.051,25.051,257,0
2015-05-27,19:00:00,25.09,25.09,25.09,25.09,491,0
2015-05-27,20:00:00,25.153,25.153,25.153,25.153,103,0
2015-05-27,21:00:00,25.197,25.197,25.197,25.197,198,0
2015-05-27,22:00:00,25.245,25.313,25.245,25.313,721,0
2015-05-28,17:00:00,25.138,25.138,25.06,25.06,1030,0
2015-05-28,18:00:00,25.236,25.323,25.236,25.323,1030,0
2015-05-28,19:00:00,25.284,25.317,25.284,25.317,721,0
2015-05-28,20:00:00,25.361,25.361,25.293,25.332,1607,0
2015-05-28,21:00:00,25.351,25.371,25.351,25.371,206,0
2015-05-28,22:00:00,25.391,25.565,25.391,25.565,3813,0
2015-05-29,16:00:00,25.662,25.662,25.467,25.467,2981,0
2015-05-29,17:00:00,25.46,25.46,25.401,25.401,2556,0
2015-05-29,18:00:00,25.449,25.517,25.44,25.468,5665,0
2015-05-29,19:00:00,25.458,25.492,25.44,25.492,1648,0
2015-05-29,21:00:00,25.527,25.565,25.527,25.565,824,0
2015-05-29,22:00:00,25.575,25.575,25.533,25.555,6079,0
2015-06-01,16:00:00,25.711,25.711,25.527,25.546,1802,0
2015-06-01,17:00:00,25.546,25.546,25.294,25.342,13435,0
2015-06-01,18:00:00,25.458,25.468,25.397,25.397,1957,0
2015-06-01,19:00:00,25.468,25.468,25.458,25.468,5408,0
2015-06-01,20:00:00,25.517,25.604,25.478,25.478,9203,0
2015-06-01,21:00:00,25.468,25.721,25.449,25.498,8655,0
2015-06-01,22:00:00,25.527,25.527,25.391,25.391,6279,0
2015-06-02,16:00:00,25.313,25.313,24.965,25.06,9516,0
2015-06-02,17:00:00,25.119,25.294,25.119,25.216,19566,0
2015-06-02,18:00:00,25.254,25.254,25.187,25.216,618,0
2015-06-02,19:00:00,25.361,25.468,25.245,25.381,4018,0
2015-06-02,20:00:00,25.371,25.391,25.245,25.245,3066,0
2015-06-02,21:00:00,25.246,25.274,25.245,25.245,4011,0
2015-06-02,22:00:00,25.245,25.264,25.157,25.206,5151,0
2015-06-03,16:00:00,25.41,25.478,25.41,25.458,4442,0
2015-06-03,17:00:00,25.468,25.527,25.468,25.498,2764,0
2015-06-03,18:00:00,25.527,25.555,25.468,25.468,5385,0
2015-06-03,19:00:00,25.458,25.468,25.43,25.461,2911,0
2015-06-03,20:00:00,25.43,25.43,25.352,25.43,1719,0
2015-06-03,21:00:00,25.371,25.497,25.371,25.489,3433,0
2015-06-03,22:00:00,25.444,25.458,25.381,25.458,2881,0
2015-06-04,16:00:00,25.537,25.537,25.308,25.43,6595,0
2015-06-04,17:00:00,25.333,25.333,25.333,25.333,824,0
2015-06-04,18:00:00,25.254,25.264,25.051,25.138,19334,0
2015-06-04,19:00:00,25.129,25.129,25.129,25.129,103,0
2015-06-04,20:00:00,25.012,25.02,24.956,24.956,1854,0
2015-06-04,21:00:00,24.968,24.993,24.876,24.876,4971,0
2015-06-04,22:00:00,25.107,25.107,25.107,25.107,515,0
2015-06-05,16:00:00,25.1,25.111,24.973,25.111,2475,0
2015-06-05,17:00:00,25.236,25.236,25.119,25.148,2988,0
2015-06-05,18:00:00,25.09,25.109,25.051,25.109,1493,0
2015-06-05,19:00:00,25.07,25.079,25.032,25.041,1133,0
2015-06-05,20:00:00,25.012,25.167,25.012,25.167,2370,0
2015-06-05,21:00:00,25.129,25.162,25.129,25.129,1184,0
2015-06-05,22:00:00,25.109,25.274,25.08,25.274,4595,0
2015-06-08,16:00:00,25.274,25.274,25.041,25.148,5048,0
2015-06-08,17:00:00,25.157,25.284,24.925,24.993,20572,0
2015-06-08,18:00:00,25.1,25.1,24.896,24.896,1834,0
2015-06-08,19:00:00,24.857,24.857,24.847,24.847,618,0
2015-06-08,20:00:00,24.857,24.944,24.575,24.702,8262,0
2015-06-08,21:00:00,24.721,25.214,24.536,24.536,2627,0
2015-06-08,22:00:00,24.682,24.789,24.662,24.712,3606,0
2015-06-09,16:00:00,24.692,25.274,24.322,24.322,21850,0
2015-06-09,17:00:00,24.314,24.322,24.207,24.245,19195,0
2015-06-09,18:00:00,24.265,24.371,24.207,24.371,20508,0
2015-06-09,19:00:00,24.362,24.439,24.294,24.309,3795,0
2015-06-09,20:00:00,24.362,24.411,24.294,24.314,20192,0
2015-06-09,21:00:00,24.304,24.304,24.207,24.207,10449,0
2015-06-09,22:00:00,24.096,24.096,24.021,24.071,3091,0
2015-06-10,16:00:00,24.515,25,24.257,24.927,21067,0
2015-06-10,17:00:00,24.267,24.812,24.267,24.554,1464,0
2015-06-10,19:00:00,25.463,25.463,24.747,24.747,1010,0
2015-06-10,20:00:00,24.578,24.578,24.455,24.564,2095,0
2015-06-10,21:00:00,24.524,24.524,24.515,24.524,935,0
2015-06-10,22:00:00,24.485,24.554,24.485,24.495,2424,0
2015-06-11,16:00:00,24.624,24.851,24.624,24.851,404,0
2015-06-11,17:00:00,24.732,24.732,24.574,24.574,1262,0
2015-06-11,18:00:00,24.77,24.841,24.745,24.781,3838,0
2015-06-11,19:00:00,24.742,24.768,24.643,24.768,3434,0
2015-06-11,20:00:00,24.697,24.697,24.697,24.697,303,0
2015-06-11,21:00:00,24.772,24.772,24.742,24.753,2064,0
2015-06-11,22:00:00,24.762,24.911,24.723,24.752,8484,0
2015-06-12,16:00:00,24.683,24.703,24.653,24.703,1212,0
2015-06-12,17:00:00,24.697,24.697,24.554,24.564,2608,0
2015-06-12,18:00:00,24.554,24.554,24.435,24.513,1530,0
2015-06-12,19:00:00,24.544,24.563,24.543,24.544,1111,0
2015-06-12,20:00:00,24.544,24.544,24.544,24.544,505,0
2015-06-12,21:00:00,24.554,24.554,24.534,24.544,8484,0
2015-06-12,22:00:00,24.505,24.515,24.505,24.515,1313,0
2015-06-15,16:00:00,24.217,24.505,24.208,24.346,16968,0
2015-06-15,17:00:00,24.321,24.376,24.307,24.307,4838,0
2015-06-15,18:00:00,24.307,24.505,24.307,24.46,2131,0
2015-06-15,20:00:00,24.505,24.653,24.505,24.653,1287,0
2015-06-15,21:00:00,24.643,24.643,24.615,24.624,441,0
2015-06-15,22:00:00,24.614,24.614,24.614,24.614,505,0
2015-06-16,16:00:00,24.485,24.653,24.485,24.653,2550,0
2015-06-16,17:00:00,24.534,24.534,24.366,24.376,818,0
2015-06-16,18:00:00,24.346,24.459,24.317,24.386,7447,0
2015-06-16,22:00:00,24.602,24.602,24.466,24.466,707,0
2015-06-17,16:00:00,24.455,24.538,24.455,24.505,7121,0
2015-06-17,17:00:00,24.485,24.485,24.465,24.465,12062,0
2015-06-17,18:00:00,24.465,24.475,24.356,24.445,7795,0
2015-06-17,19:00:00,24.396,24.396,24.257,24.282,4115,0
2015-06-17,20:00:00,24.257,24.257,24.079,24.226,3648,0
2015-06-17,21:00:00,24.277,24.416,24.257,24.416,3333,0
2015-06-17,22:00:00,24.416,24.465,24.317,24.346,5757,0
2015-06-18,16:00:00,24.336,24.762,24.336,24.762,2323,0
2015-06-18,17:00:00,24.98,24.98,24.673,24.822,5811,0
2015-06-18,18:00:00,24.752,24.821,24.752,24.821,1288,0
2015-06-18,19:00:00,24.752,24.861,24.752,24.851,2626,0
2015-06-18,20:00:00,24.83,24.851,24.802,24.802,10504,0
2015-06-18,21:00:00,24.841,24.841,24.802,24.812,707,0
2015-06-18,22:00:00,24.818,24.831,24.643,24.713,3232,0
2015-06-19,16:00:00,24.643,24.782,24.643,24.668,2929,0
2015-06-19,17:00:00,24.732,24.931,24.723,24.742,6606,0
2015-06-19,18:00:00,24.752,24.802,24.723,24.723,3868,0
2015-06-19,19:00:00,24.566,24.762,24.566,24.643,3131,0
2015-06-19,20:00:00,24.782,24.822,24.774,24.807,1111,0
2015-06-19,22:00:00,24.774,24.812,24.732,24.732,1010,0
2015-06-22,16:00:00,25.188,25.188,24.509,24.812,22284,0
2015-06-22,17:00:00,24.841,24.911,24.841,24.901,3434,0
2015-06-22,18:00:00,24.841,24.841,24.802,24.802,603,0
2015-06-22,19:00:00,24.633,24.633,24.633,24.633,1010,0
2015-06-22,20:00:00,24.663,24.663,24.663,24.663,101,0
2015-06-22,21:00:00,24.673,24.673,24.643,24.643,433,0
2015-06-22,22:00:00,24.643,24.89,24.642,24.747,5312,0
2015-06-23,16:00:00,24.792,24.792,24.673,24.703,2871,0
2015-06-23,17:00:00,24.712,24.812,24.702,24.812,606,0
2015-06-23,18:00:00,24.713,24.742,24.703,24.742,990,0
2015-06-23,19:00:00,24.723,24.831,24.633,24.772,3636,0
2015-06-23,20:00:00,24.792,24.807,24.742,24.762,909,0
2015-06-23,21:00:00,24.673,24.767,24.673,24.767,1111,0
2015-06-23,22:00:00,24.826,24.831,24.822,24.822,555,0
2015-06-24,16:00:00,24.742,24.802,24.614,24.673,3560,0
2015-06-24,18:00:00,24.723,24.723,24.604,24.604,2673,0
2015-06-24,19:00:00,24.604,24.604,24.455,24.455,1974,0
2015-06-24,20:00:00,24.237,24.307,24.227,24.257,3131,0
2015-06-24,21:00:00,24.257,24.257,24.231,24.231,2424,0
2015-06-24,22:00:00,24.257,24.356,24.208,24.277,1449,0
2015-06-25,16:00:00,24.387,24.458,24.387,24.458,576,0
2015-06-25,17:00:00,24.411,24.411,24.411,24.411,1010,0
2015-06-25,18:00:00,24.533,24.533,24.457,24.457,1717,0
2015-06-25,19:00:00,24.455,24.455,24.455,24.455,101,0
2015-06-25,20:00:00,24.386,24.386,24.158,24.267,1876,0
2015-06-25,22:00:00,24.208,24.208,24.208,24.208,101,0
2015-06-26,16:00:00,24.227,24.406,24.178,24.178,707,0
2015-06-26,17:00:00,24.356,24.356,24.356,24.356,404,0
2015-06-26,20:00:00,24.243,24.257,24.158,24.247,1111,0
2015-06-26,21:00:00,24.227,24.227,24.168,24.168,717,0
2015-06-26,22:00:00,24.217,24.257,24.217,24.257,4242,0
2015-06-29,16:00:00,24.277,24.277,23.831,23.831,9104,0
2015-06-29,17:00:00,23.942,24.287,23.772,23.821,14824,0
2015-06-29,18:00:00,23.782,23.782,23.633,23.688,11276,0
2015-06-29,19:00:00,23.651,23.669,23.651,23.669,693,0
2015-06-29,20:00:00,23.643,23.643,23.585,23.595,2677,0
2015-06-29,21:00:00,23.505,23.505,23.337,23.416,4613,0
2015-06-29,22:00:00,23.429,23.436,23.268,23.288,7960,0
2015-06-30,16:00:00,23.396,23.663,23.396,23.575,8535,0
2015-06-30,17:00:00,23.496,23.575,23.496,23.499,808,0
2015-06-30,18:00:00,23.558,23.558,23.486,23.486,1515,0
2015-06-30,19:00:00,23.496,23.496,23.208,23.367,3675,0
2015-06-30,20:00:00,23.446,23.456,23.273,23.273,4747,0
2015-06-30,21:00:00,23.515,23.525,23.317,23.525,341,0
2015-06-30,22:00:00,23.643,23.73,23.268,23.585,4040,0
2015-07-01,16:00:00,24.109,24.109,23.752,23.92,5353,0
2015-07-01,17:00:00,24.099,24.128,23.871,23.908,5151,0
2015-07-01,18:00:00,23.929,23.995,23.929,23.995,1014,0
2015-07-01,19:00:00,23.901,23.901,23.703,23.811,4338,0
2015-07-01,20:00:00,23.732,23.732,23.732,23.732,454,0
2015-07-01,21:00:00,23.683,23.683,23.565,23.565,1914,0
2015-07-01,22:00:00,23.614,23.782,23.604,23.782,3456,0
2015-07-02,16:00:00,23.772,23.811,23.653,23.683,26139,0
2015-07-02,17:00:00,23.722,23.722,23.614,23.633,4343,0
2015-07-02,18:00:00,23.727,23.732,23.614,23.729,1414,0
2015-07-02,19:00:00,23.802,23.802,23.693,23.693,606,0
2015-07-02,20:00:00,23.722,23.742,23.623,23.742,808,0
2015-07-02,22:00:00,23.742,24.257,23.683,24.257,5757,0
2015-07-06,16:00:00,23.92,23.93,23.288,23.396,10043,0
2015-07-06,17:00:00,23.367,24.287,23.327,23.426,6403,0
2015-07-06,18:00:00,23.525,23.525,23.159,23.347,2367,0
2015-07-06,19:00:00,23.406,23.722,23.238,23.357,5454,0
2015-07-06,20:00:00,23.377,23.377,23.119,23.129,5454,0
2015-07-06,21:00:00,23.169,23.198,23.02,23.109,10907,0
2015-07-06,22:00:00,23.097,23.337,23.07,23.337,12713,0
2015-07-07,16:00:00,23.268,23.268,22.753,22.753,18084,0
2015-07-07,17:00:00,22.773,22.773,22.287,22.337,7326,0
2015-07-07,18:00:00,22.298,22.376,22.18,22.277,11308,0
2015-07-07,19:00:00,22.423,22.664,22.377,22.604,8751,0
2015-07-07,20:00:00,22.763,22.839,22.624,22.664,5908,0
2015-07-07,21:00:00,22.674,22.74,22.604,22.74,7555,0
2015-07-07,22:00:00,22.842,23.119,22.782,22.951,8535,0
2015-07-08,16:00:00,22.525,22.763,22.367,22.604,3332,0
2015-07-08,17:00:00,22.396,22.426,22.386,22.416,2316,0
2015-07-08,18:00:00,22.367,22.367,22.178,22.188,2747,0
2015-07-08,19:00:00,22.188,22.307,22.089,22.141,7713,0
2015-07-08,21:00:00,22.139,22.139,22.129,22.129,472,0
2015-07-08,22:00:00,22.277,22.277,22.05,22.114,1709,0
2015-07-09,16:00:00,22.782,23.025,22.475,22.525,4140,0
2015-07-09,17:00:00,22.515,22.562,22.307,22.307,1923,0
2015-07-09,18:00:00,22.357,22.47,22.327,22.327,3130,0
2015-07-09,19:00:00,22.277,22.326,22.218,22.326,4480,0
2015-07-09,20:00:00,22.198,22.218,22.198,22.218,606,0
2015-07-09,21:00:00,22.218,22.248,22.168,22.248,28680,0
2015-07-09,22:00:00,22.396,22.426,22.248,22.327,4645,0
2015-07-10,17:00:00,22.857,22.857,22.55,22.579,3415,0
2015-07-10,18:00:00,22.817,22.817,22.639,22.648,3746,0
2015-07-10,20:00:00,22.689,22.787,22.599,22.619,2088,0
2015-07-10,21:00:00,22.807,22.827,22.629,22.738,1822,0
2015-07-10,22:00:00,22.851,22.936,22.669,22.837,8230,0
2015-07-13,16:00:00,22.896,24.045,22.896,23.193,8890,0
2015-07-13,17:00:00,23.193,23.193,23.055,23.104,7351,0
2015-07-13,18:00:00,23.184,23.302,23.144,23.283,1515,0
2015-07-13,19:00:00,23.278,23.278,23.203,23.203,2121,0
2015-07-13,20:00:00,23.154,23.382,23.154,23.263,404,0
2015-07-13,21:00:00,23.144,23.307,23.094,23.307,13521,0
2015-07-13,22:00:00,23.293,23.451,23.223,23.451,964,0
2015-07-14,16:00:00,23.392,23.392,23.392,23.392,202,0
2015-07-14,17:00:00,23.53,23.53,23.53,23.53,101,0
2015-07-14,19:00:00,23.622,23.622,23.55,23.619,1313,0
2015-07-14,20:00:00,23.629,23.629,23.629,23.629,101,0
2015-07-14,22:00:00,23.867,24.006,23.867,23.976,636,0
2015-07-15,16:00:00,23.857,23.857,23.857,23.857,101,0
2015-07-15,17:00:00,23.867,24.015,23.817,23.944,3635,0
2015-07-15,18:00:00,23.867,24.164,23.857,24.035,6034,0
2015-07-15,19:00:00,24.006,24.045,23.946,23.946,2827,0
2015-07-15,20:00:00,24.035,24.035,23.936,23.996,1894,0
2015-07-15,21:00:00,24.065,24.065,23.847,23.847,2474,0
2015-07-15,22:00:00,23.867,24.006,23.788,23.956,1818,0
2015-07-16,21:00:00,24.273,24.273,24.273,24.273,757,0
2015-07-16,22:00:00,24.154,24.278,24.154,24.278,1565,0
2015-07-17,16:00:00,24.095,24.164,23.837,24.045,6846,0
2015-07-17,17:00:00,24.164,24.164,24.06,24.06,1025,0
2015-07-17,19:00:00,24.055,24.085,24.055,24.085,404,0
2015-07-17,20:00:00,24.065,24.065,24.065,24.065,101,0
2015-07-17,22:00:00,24.174,24.174,24.035,24.174,303,0
2015-07-20,16:00:00,24.402,24.402,24.263,24.263,4880,0
2015-07-20,17:00:00,24.273,24.273,24.015,24.204,3186,0
2015-07-20,19:00:00,24.114,24.114,24.015,24.065,3638,0
2015-07-20,20:00:00,24.015,24.055,24.015,24.055,2322,0
2015-07-20,21:00:00,24.015,24.015,23.956,23.956,1111,0
2015-07-21,16:00:00,23.768,24.184,23.768,23.996,2878,0
2015-07-21,17:00:00,24.025,24.184,24.025,24.123,2322,0
2015-07-21,18:00:00,23.887,23.996,23.817,23.931,4353,0
2015-07-21,19:00:00,23.976,24.055,23.956,24.055,5251,0
2015-07-21,20:00:00,23.966,24.085,23.916,23.946,1313,0
2015-07-21,21:00:00,23.916,24.105,23.916,24.065,9596,0
2015-07-21,22:00:00,24.065,24.233,24.065,24.233,13228,0
2015-07-22,17:00:00,24.124,24.124,23.768,23.817,5355,0
2015-07-22,18:00:00,23.788,23.798,23.699,23.788,3179,0
2015-07-22,19:00:00,23.699,23.699,23.57,23.57,889,0
2015-07-22,20:00:00,23.613,23.698,23.57,23.57,2696,0
2015-07-22,21:00:00,23.57,23.57,23.57,23.57,202,0
2015-07-22,22:00:00,23.52,23.629,23.5,23.609,4108,0
2015-07-23,16:00:00,23.748,23.748,23.629,23.699,4629,0
2015-07-23,17:00:00,23.57,23.629,23.431,23.441,4039,0
2015-07-23,18:00:00,23.471,23.471,23.075,23.233,15941,0
2015-07-23,19:00:00,23.045,23.273,22.778,22.936,5556,0
2015-07-23,20:00:00,22.882,22.946,22.748,22.886,4342,0
2015-07-23,21:00:00,22.812,23.005,22.807,23.005,1010,0
2015-07-23,22:00:00,22.898,22.956,22.738,22.847,9669,0
2015-07-24,16:00:00,22.787,22.847,22.669,22.847,2367,0
2015-07-24,17:00:00,22.203,22.51,22.203,22.243,2928,0
2015-07-24,18:00:00,22.208,22.437,22.203,22.437,934,0
2015-07-24,19:00:00,22.223,22.451,21.847,22.282,2150,0
2015-07-24,20:00:00,22.218,22.253,22.084,22.084,1010,0
2015-07-24,21:00:00,22.084,22.253,22.074,22.253,3055,0
2015-07-24,22:00:00,21.906,22.471,21.906,22.083,808,0
2015-07-27,16:00:00,22.035,22.035,21.55,21.55,1813,0
2015-07-27,17:00:00,21.559,21.698,21.47,21.565,3542,0
2015-07-27,18:00:00,21.668,21.668,21.569,21.569,977,0
2015-07-27,19:00:00,21.688,21.698,21.391,21.431,11184,0
2015-07-27,20:00:00,21.401,21.401,21.361,21.394,957,0
2015-07-27,21:00:00,21.351,21.599,21.351,21.599,606,0
2015-07-27,22:00:00,21.559,21.559,21.441,21.549,3736,0
2015-07-28,16:00:00,22.155,22.155,21.569,21.708,707,0
2015-07-28,17:00:00,21.738,21.738,21.46,21.579,2444,0
2015-07-28,18:00:00,21.738,21.837,21.738,21.837,1818,0
2015-07-28,19:00:00,21.787,21.859,21.649,21.859,1212,0
2015-07-28,20:00:00,21.965,22.005,21.926,22.005,1010,0
2015-07-28,21:00:00,21.916,22.074,21.827,21.827,505,0
2015-07-28,22:00:00,21.896,22.164,21.777,21.956,4544,0
2015-07-29,16:00:00,22.045,22.045,22.045,22.045,202,0
2015-07-29,17:00:00,22.213,22.421,22.203,22.203,2887,0
2015-07-29,18:00:00,22.362,22.362,22.316,22.316,353,0
2015-07-29,19:00:00,22.387,22.387,22.387,22.387,454,0
2015-07-29,20:00:00,22.332,22.401,22.292,22.401,1717,0
2015-07-29,21:00:00,22.342,22.342,22.292,22.292,606,0
2015-07-29,22:00:00,22.421,22.54,22.243,22.381,6989,0
2015-07-30,16:00:00,21.342,22.332,21.342,21.901,1921,0
2015-07-30,17:00:00,22.411,22.48,22.391,22.441,707,0
2015-07-30,18:00:00,22.441,22.441,22.441,22.441,121,0
2015-07-30,19:00:00,22.342,22.53,22.302,22.421,18556,0
2015-07-30,20:00:00,22.5,22.5,22.233,22.391,8280,0
2015-07-30,21:00:00,22.51,22.52,22.381,22.412,1515,0
2015-07-30,22:00:00,22.381,22.505,22.203,22.381,10894,0
2015-07-31,16:00:00,22.391,22.53,22.372,22.53,303,0
2015-07-31,17:00:00,22.52,22.669,22.421,22.669,4692,0
2015-07-31,18:00:00,22.589,22.748,22.589,22.678,1515,0
2015-07-31,19:00:00,22.57,22.837,22.401,22.56,2827,0
2015-07-31,20:00:00,22.5,22.5,22.5,22.5,202,0
2015-07-31,21:00:00,22.48,22.56,22.48,22.5,1515,0
2015-07-31,22:00:00,22.352,22.431,22.342,22.391,1131,0
2015-08-03,16:00:00,22.431,22.5,22.401,22.441,6422,0
2015-08-03,17:00:00,22.471,22.471,22.471,22.471,268,0
2015-08-03,18:00:00,22.352,22.401,22.342,22.352,2248,0
2015-08-03,19:00:00,22.362,22.362,22.124,22.243,10401,0
2015-08-03,20:00:00,22.093,22.093,22.015,22.015,1111,0
2015-08-03,21:00:00,22.094,22.094,21.975,21.985,909,0
2015-08-03,22:00:00,21.886,22.035,21.876,21.985,707,0
2015-08-04,16:00:00,21.985,21.985,21.985,21.985,180,0
2015-08-04,17:00:00,22.272,22.272,22.272,22.272,101,0
2015-08-04,18:00:00,22.282,22.322,22.243,22.272,909,0
2015-08-04,19:00:00,22.272,22.302,22.272,22.302,404,0
2015-08-04,20:00:00,22.263,22.282,22.263,22.272,606,0
2015-08-04,21:00:00,22.342,22.342,22.342,22.342,102,0
2015-08-04,22:00:00,22.253,22.282,22.253,22.282,303,0
2015-08-05,16:00:00,22.5,22.5,22.5,22.5,202,0
2015-08-05,17:00:00,22.446,22.446,22.446,22.446,251,0
2015-08-05,18:00:00,22.401,22.401,22.401,22.401,202,0
2015-08-05,19:00:00,22.244,22.244,22.244,22.244,151,0
2015-08-05,20:00:00,22.084,22.134,22.025,22.025,303,0
2015-08-05,21:00:00,22.134,22.134,22.025,22.084,777,0
2015-08-05,22:00:00,22.124,22.134,22.045,22.124,434,0
2015-08-06,16:00:00,22.045,22.045,22.045,22.045,202,0
2015-08-06,17:00:00,21.839,22.168,21.55,21.55,7372,0
2015-08-06,18:00:00,21.619,21.619,21.322,21.322,2963,0
2015-08-06,19:00:00,21.292,21.391,21.005,21.054,4378,0
2015-08-06,20:00:00,21.064,21.163,21.054,21.144,808,0
2015-08-06,21:00:00,21.233,21.233,21.213,21.213,1616,0
2015-08-06,22:00:00,21.223,21.46,21.203,21.312,9645,0
2015-08-07,16:00:00,21.51,21.52,21.252,21.312,976,0
2015-08-07,17:00:00,21.351,21.401,20.881,21.292,3636,0
2015-08-07,18:00:00,21.292,21.292,21.096,21.096,1111,0
2015-08-07,19:00:00,20.995,21.064,20.985,21.016,1044,0
2015-08-07,20:00:00,20.926,20.975,20.856,20.955,9499,0
2015-08-07,21:00:00,21.025,21.173,20.866,21.173,1414,0
2015-08-07,22:00:00,21.134,21.51,21.134,21.437,6869,0
