Date,Time,Open,High,Low,Close,Volume,OpenInt
2013-08-19,16:00:00,28.888,28.888,28.888,28.888,384,0
2013-08-19,22:00:00,28.769,28.769,28.769,28.769,218,0
2013-08-20,20:00:00,29.034,29.034,29.034,29.034,119,0
2013-08-22,21:00:00,29.206,29.206,29.206,29.206,429,0
2013-08-23,22:00:00,29.342,29.342,29.334,29.334,218,0
2013-08-26,22:00:00,29.124,29.124,29.124,29.124,341,0
2013-08-27,22:00:00,29.161,29.161,29.152,29.152,1266,0
2013-08-28,18:00:00,29.188,29.188,29.188,29.188,172,0
2013-08-29,17:00:00,29.206,29.206,29.206,29.206,218,0
2013-08-29,20:00:00,29.206,29.206,29.206,29.206,258,0
2013-08-29,21:00:00,29.179,29.179,29.179,29.179,331,0
2013-08-30,19:00:00,29.051,29.051,29.051,29.051,181,0
2013-09-03,21:00:00,28.696,28.696,28.696,28.696,1396,0
2013-09-04,22:00:00,28.615,28.615,28.615,28.615,176,0
2013-09-09,22:00:00,29.006,29.006,29.006,29.006,1153,0
2013-09-10,16:00:00,29.179,29.179,29.097,29.097,331,0
2013-09-11,16:00:00,29.288,29.288,29.142,29.142,331,0
2013-09-11,20:00:00,29.015,29.015,29.015,29.015,176,0
2013-09-12,22:00:00,28.933,28.933,28.933,28.933,549,0
2013-09-16,16:00:00,29.134,29.134,29.134,29.134,687,0
2013-09-18,22:00:00,28.943,28.943,28.943,28.943,559,0
2013-09-19,20:00:00,29.553,29.553,29.553,29.553,346,0
2013-09-24,16:00:00,29.179,29.179,29.179,29.179,218,0
2013-09-24,20:00:00,29.317,29.326,29.317,29.326,2196,0
2013-09-25,18:00:00,29.097,29.097,29.097,29.097,218,0
2013-10-08,16:00:00,29.061,29.061,29.061,29.061,16476,0
2013-10-08,17:00:00,29.225,29.225,29.225,29.225,2746,0
2013-10-08,18:00:00,29.196,29.196,29.196,29.196,108,0
2013-10-09,20:00:00,28.889,28.889,28.889,28.889,293,0
2013-10-10,19:00:00,29.221,29.221,29.221,29.221,164,0
2013-10-10,20:00:00,29.091,29.091,29.091,29.091,288,0
2013-10-10,21:00:00,29.119,29.119,29.119,29.119,1194,0
2013-10-11,21:00:00,29.386,29.386,29.339,29.339,753,0
2013-10-16,21:00:00,29.339,29.339,29.339,29.339,272,0
2013-10-17,21:00:00,29.773,29.773,29.691,29.691,1140,0
2013-10-21,22:00:00,30.244,30.254,30.244,30.254,950,0
2013-10-22,20:00:00,30.473,30.473,30.473,30.473,434,0
2013-10-23,20:00:00,30.337,30.337,30.337,30.337,571,0
2013-10-24,16:00:00,30.381,30.381,30.381,30.381,216,0
2013-10-28,16:00:00,30.41,30.41,30.4,30.4,3256,0
2013-10-28,18:00:00,30.215,30.225,30.215,30.225,434,0
2013-10-28,20:00:00,30.114,30.114,30.105,30.105,2170,0
2013-10-29,21:00:00,30.327,30.327,30.327,30.327,956,0
2013-10-30,21:00:00,30.519,30.519,30.519,30.519,216,0
2013-10-31,15:00:00,30.428,30.428,30.428,30.428,542,0
2013-10-31,17:00:00,30.087,30.087,30.087,30.087,216,0
2013-10-31,18:00:00,30.161,30.161,30.161,30.161,325,0
2013-10-31,20:00:00,30.288,30.298,30.288,30.298,650,0
2013-11-07,21:00:00,30.234,30.234,30.205,30.215,8037,0
2013-11-12,19:00:00,30.05,30.05,30.022,30.04,8355,0
2013-11-12,22:00:00,30.022,30.022,30.022,30.022,107,0
2013-11-15,16:00:00,30.279,30.279,30.279,30.279,650,0
2013-11-15,17:00:00,30.279,30.279,30.279,30.279,413,0
2013-11-15,20:00:00,30.419,30.428,30.419,30.428,3037,0
2013-11-18,22:00:00,30.372,30.372,30.372,30.372,107,0
2013-11-19,19:00:00,30.142,30.142,30.142,30.142,434,0
2013-11-25,17:00:00,30.639,30.639,30.639,30.639,2944,0
2013-11-26,18:00:00,30.676,30.676,30.676,30.676,434,0
2013-12-06,19:00:00,29.828,29.828,29.828,29.828,107,0
2013-12-11,16:00:00,29.617,29.617,29.617,29.617,216,0
2013-12-11,21:00:00,29.534,29.534,29.534,29.534,107,0
2013-12-13,21:00:00,29.644,29.644,29.644,29.644,364,0
2013-12-13,22:00:00,29.663,29.663,29.663,29.663,107,0
2013-12-16,19:00:00,29.783,29.783,29.783,29.783,107,0
2013-12-16,21:00:00,29.773,29.773,29.773,29.773,434,0
2013-12-17,18:00:00,29.479,29.479,29.479,29.479,325,0
2013-12-18,20:00:00,29.303,29.348,29.303,29.348,1813,0
2013-12-18,21:00:00,29.515,29.515,29.515,29.515,1736,0
2013-12-18,22:00:00,29.524,29.571,29.524,29.571,454,0
2013-12-20,21:00:00,30.123,30.123,30.123,30.123,868,0
2013-12-23,16:00:00,30.557,30.557,30.557,30.557,107,0
2013-12-23,18:00:00,30.575,30.575,30.539,30.539,650,0
2013-12-23,20:00:00,30.529,30.529,30.529,30.529,434,0
2013-12-26,16:00:00,30.816,30.816,30.816,30.816,325,0
2013-12-27,17:00:00,30.685,30.685,30.685,30.685,434,0
2013-12-27,20:00:00,30.925,30.925,30.908,30.908,1616,0
2013-12-30,17:00:00,31.102,31.102,31.102,31.102,433,0
2013-12-30,21:00:00,31.136,31.136,31.136,31.136,216,0
2013-12-31,20:00:00,31.285,31.285,31.285,31.285,216,0
2013-12-31,22:00:00,31.21,31.21,31.21,31.21,770,0
2014-01-03,18:00:00,30.816,30.816,30.816,30.816,258,0
2014-01-07,17:00:00,30.741,30.741,30.741,30.741,2277,0
2014-01-07,19:00:00,30.777,30.787,30.777,30.787,541,0
2014-01-07,21:00:00,30.796,30.796,30.796,30.796,107,0
2014-01-07,22:00:00,30.842,30.842,30.842,30.842,163,0
2014-01-08,16:00:00,30.639,30.639,30.639,30.639,433,0
2014-01-08,19:00:00,30.529,30.529,30.529,30.529,196,0
2014-01-09,19:00:00,30.688,30.688,30.688,30.688,321,0
2014-01-10,19:00:00,30.624,30.624,30.624,30.624,188,0
2014-01-13,16:00:00,30.959,30.959,30.959,30.959,121,0
2014-01-13,17:00:00,30.735,30.735,30.717,30.726,4403,0
2014-01-15,20:00:00,30.744,30.744,30.66,30.66,1053,0
2014-01-15,22:00:00,30.717,30.717,30.717,30.717,230,0
2014-01-21,16:00:00,31.248,31.268,30.987,30.996,1716,0
2014-01-21,20:00:00,31.015,31.015,31.015,31.015,535,0
2014-01-22,21:00:00,31.303,31.351,31.303,31.303,1159,0
2014-01-24,16:00:00,31.258,31.258,31.258,31.258,214,0
2014-01-28,16:00:00,30.996,30.996,30.996,30.996,214,0
2014-01-31,16:00:00,30.921,30.959,30.921,30.959,321,0
2014-02-03,20:00:00,31.052,31.07,31.052,31.07,461,0
2014-02-04,19:00:00,31.015,31.015,31.015,31.015,14008,0
2014-02-04,20:00:00,30.969,30.969,30.969,30.969,106,0
2014-02-04,21:00:00,30.959,30.959,30.959,30.959,106,0
2014-02-04,22:00:00,31.033,31.033,31.033,31.033,172,0
2014-02-10,19:00:00,31.537,31.537,31.537,31.537,106,0
2014-02-11,20:00:00,31.891,31.891,31.891,31.891,214,0
2014-02-11,21:00:00,31.77,31.77,31.77,31.77,214,0
2014-02-13,19:00:00,32.136,32.136,32.117,32.117,7740,0
2014-02-14,16:00:00,31.985,32.003,31.985,32.003,933,0
2014-02-14,19:00:00,31.966,31.966,31.966,31.966,119,0
2014-02-18,16:00:00,31.92,31.92,31.92,31.92,214,0
2014-02-18,17:00:00,32.142,32.142,32.142,32.142,1976,0
2014-02-18,18:00:00,32.142,32.142,32.142,32.142,938,0
2014-02-18,19:00:00,32.117,32.117,32.117,32.117,1798,0
2014-02-20,16:00:00,31.705,31.705,31.705,31.705,321,0
2014-02-20,20:00:00,31.556,31.556,31.556,31.556,321,0
2014-02-21,19:00:00,31.556,31.556,31.556,31.556,214,0
2014-03-05,17:00:00,31.846,31.846,31.827,31.827,535,0
2014-03-05,18:00:00,31.872,31.872,31.872,31.872,106,0
2014-03-05,22:00:00,31.872,31.882,31.872,31.882,686,0
2014-03-06,22:00:00,31.836,31.836,31.836,31.836,106,0
2014-03-07,21:00:00,31.714,31.714,31.714,31.714,214,0
2014-03-11,21:00:00,31.602,31.602,31.602,31.602,429,0
2014-03-12,20:00:00,31.463,31.463,31.463,31.463,2858,0
2014-03-13,21:00:00,31.425,31.425,31.425,31.425,964,0
2014-03-14,15:00:00,31.425,31.593,31.425,31.425,535,0
2014-03-19,16:00:00,31.872,31.872,31.872,31.872,643,0
2014-03-20,16:00:00,31.602,31.602,31.602,31.602,321,0
2014-03-21,19:00:00,31.807,31.807,31.807,31.807,1768,0
2014-03-24,21:00:00,31.593,31.593,31.593,31.593,110,0
2014-03-26,16:00:00,31.659,31.659,31.659,31.659,248,0
2014-03-26,19:00:00,31.659,31.659,31.659,31.659,106,0
2014-03-31,22:00:00,32.097,32.097,32.097,32.097,106,0
2014-04-03,17:00:00,32.526,32.526,32.526,32.526,321,0
2014-04-04,19:00:00,32.769,32.769,32.769,32.769,362,0
2014-04-08,19:00:00,32.553,32.553,32.553,32.553,5323,0
2014-04-08,22:00:00,32.516,32.516,32.516,32.516,106,0
2014-04-09,16:00:00,30.84,30.84,30.84,30.84,424,0
2014-04-10,16:00:00,35.727,35.727,32.801,32.81,1441,0
2014-04-10,18:00:00,32.878,32.878,32.878,32.878,212,0
2014-04-14,19:00:00,32.905,32.905,32.905,32.905,848,0
2014-04-15,17:00:00,32.83,32.83,32.82,32.82,529,0
2014-04-16,19:00:00,33.018,33.159,33.018,33.159,2650,0
2014-04-21,16:00:00,33.283,33.283,33.254,33.254,1026,0
2014-04-21,20:00:00,33.32,33.32,33.32,33.32,179,0
2014-04-21,22:00:00,33.387,33.387,33.387,33.387,1759,0
2014-04-22,21:00:00,33.358,33.367,33.349,33.367,887,0
2014-04-23,21:00:00,33.33,33.33,33.33,33.33,212,0
2014-04-24,19:00:00,33.143,33.143,33.143,33.143,773,0
2014-04-25,17:00:00,32.83,32.83,32.83,32.83,170,0
2014-04-28,19:00:00,33.067,33.067,33.028,33.028,848,0
2014-04-29,19:00:00,33.33,33.33,33.33,33.33,160,0
2014-04-30,22:00:00,33.263,33.263,33.263,33.263,976,0
2014-05-07,19:00:00,34.179,34.179,34.179,34.179,1889,0
2014-05-08,19:00:00,33.887,33.887,33.887,33.887,2545,0
2014-05-08,21:00:00,34,34,34,34,165,0
2014-05-08,22:00:00,33.849,33.849,33.849,33.849,148,0
2014-05-09,18:00:00,33.744,33.744,33.744,33.744,729,0
2014-05-12,17:00:00,33.952,33.952,33.952,33.952,7395,0
2014-05-12,18:00:00,33.914,33.914,33.914,33.914,20988,0
2014-05-12,20:00:00,33.982,33.982,33.982,33.982,105,0
2014-05-12,21:00:00,33.962,33.962,33.962,33.962,916,0
2014-05-13,20:00:00,33.829,33.829,33.829,33.829,1270,0
2014-05-14,17:00:00,33.972,33.972,33.972,33.972,272,0
2014-05-15,22:00:00,33.942,33.942,33.942,33.942,933,0
2014-05-19,16:00:00,33.774,34.151,33.774,34.151,1906,0
2014-05-19,19:00:00,34.142,34.142,34.142,34.142,636,0
2014-05-19,20:00:00,34.027,34.027,34.027,34.027,2511,0
2014-05-20,21:00:00,34.085,34.085,34.057,34.057,2525,0
2014-05-21,21:00:00,34.142,34.142,34.142,34.142,636,0
2014-05-22,18:00:00,34.311,34.311,34.311,34.311,848,0
2014-05-23,16:00:00,34.906,34.906,34.415,34.415,1137,0
2014-05-27,16:00:00,34.415,34.415,34.415,34.415,953,0
2014-05-28,21:00:00,34.321,34.321,34.321,34.321,105,0
2014-05-28,22:00:00,34.33,34.33,34.33,34.33,416,0
2014-06-02,17:00:00,34.575,34.575,34.575,34.575,105,0
2014-06-02,19:00:00,34.678,34.717,34.678,34.717,1270,0
2014-06-04,22:00:00,34.925,34.925,34.925,34.925,105,0
2014-06-10,18:00:00,35.245,35.245,35.245,35.245,1235,0
2014-06-10,22:00:00,35.226,35.235,35.226,35.235,1060,0
2014-06-12,22:00:00,34.934,34.934,34.934,34.934,529,0
2014-06-13,21:00:00,34.942,34.942,34.942,34.942,424,0
2014-06-17,17:00:00,35.396,35.396,35.396,35.396,212,0
2014-06-17,20:00:00,35.443,35.443,35.443,35.443,212,0
2014-06-17,21:00:00,35.424,35.424,35.424,35.424,212,0
2014-06-20,16:00:00,39.236,39.236,39.236,39.236,743,0
2014-06-20,17:00:00,35.537,35.537,35.537,35.537,405,0
2014-06-20,19:00:00,35.567,35.567,35.567,35.567,318,0
2014-06-20,21:00:00,35.527,35.575,35.527,35.575,1034,0
2014-06-20,22:00:00,35.537,35.537,35.537,35.537,212,0
2014-06-24,19:00:00,36.217,36.217,36.217,36.217,858,0
2014-06-24,22:00:00,36,36,36,36,212,0
2014-06-25,20:00:00,36.094,36.094,36.094,36.094,3180,0
2014-06-27,16:00:00,37.274,37.274,36.528,36.528,636,0
2014-06-27,19:00:00,36.537,36.537,36.537,36.537,105,0
2014-06-27,21:00:00,36.546,36.585,36.546,36.585,519,0
2014-06-30,18:00:00,36.593,36.593,36.593,36.593,410,0
2014-06-30,22:00:00,36.708,36.708,36.708,36.708,648,0
2014-07-01,16:00:00,36.802,36.802,36.802,36.802,424,0
2014-07-01,19:00:00,36.849,36.849,36.839,36.839,1590,0
2014-07-01,22:00:00,36.934,36.934,36.934,36.934,3286,0
2014-07-02,18:00:00,36.869,36.869,36.869,36.869,119,0
2014-07-02,20:00:00,36.764,36.764,36.764,36.764,4323,0
2014-07-02,21:00:00,36.764,36.764,36.717,36.717,1144,0
2014-07-02,22:00:00,36.717,36.717,36.717,36.717,105,0
2014-07-03,17:00:00,36.623,36.623,36.623,36.623,142,0
2014-07-03,18:00:00,36.452,36.452,36.452,36.452,105,0
2014-07-03,19:00:00,36.434,36.452,36.434,36.452,1929,0
2014-07-03,20:00:00,36.452,36.452,36.452,36.452,339,0
2014-07-07,16:00:00,36.179,36.415,36.179,36.415,2358,0
2014-07-07,22:00:00,36.415,36.415,36.415,36.415,212,0
2014-07-08,20:00:00,35.885,35.885,35.885,35.885,105,0
2014-07-08,22:00:00,35.877,35.877,35.877,35.877,105,0
2014-07-10,22:00:00,36.065,36.065,36.045,36.065,1742,0
2014-07-11,16:00:00,36.207,36.207,36.141,36.141,1242,0
2014-07-11,22:00:00,36.16,36.16,36.16,36.16,463,0
2014-07-14,18:00:00,36.217,36.217,36.217,36.217,524,0
2014-07-14,19:00:00,36.217,36.217,36.217,36.217,524,0
2014-07-14,22:00:00,36.217,36.217,36.217,36.217,210,0
2014-07-15,16:00:00,36.236,36.236,36.236,36.236,315,0
2014-07-15,21:00:00,36.16,36.16,36.16,36.16,158,0
2014-07-15,22:00:00,36.16,36.16,36.16,36.16,158,0
2014-07-16,18:00:00,36.293,36.293,36.293,36.293,833,0
2014-07-17,18:00:00,36.388,36.388,36.388,36.388,1363,0
2014-07-17,19:00:00,36.437,36.437,36.303,36.303,3567,0
2014-07-17,20:00:00,36.504,36.504,36.504,36.504,210,0
2014-07-17,21:00:00,36.54,36.54,36.54,36.54,138,0
2014-07-22,16:00:00,36.817,36.817,36.817,36.817,524,0
2014-07-22,17:00:00,36.808,36.808,36.808,36.808,682,0
2014-07-22,19:00:00,36.846,36.846,36.836,36.836,1435,0
2014-07-22,21:00:00,36.856,36.856,36.856,36.856,944,0
2014-07-22,22:00:00,36.856,36.876,36.856,36.876,3199,0
2014-07-23,17:00:00,36.989,36.989,36.989,36.989,104,0
2014-07-23,18:00:00,37.075,37.075,37.075,37.075,840,0
2014-07-23,20:00:00,37.075,37.075,37.075,37.075,104,0
2014-07-23,22:00:00,37.075,37.075,36.912,36.912,1081,0
2014-07-24,17:00:00,36.884,36.884,36.884,36.884,210,0
2014-07-24,21:00:00,36.989,36.989,36.961,36.961,1474,0
2014-07-25,17:00:00,36.826,36.826,36.817,36.817,1782,0
2014-07-28,19:00:00,36.75,36.75,36.75,36.75,3672,0
2014-07-28,22:00:00,36.74,36.74,36.74,36.74,315,0
2014-07-31,16:00:00,36.378,36.378,35.846,35.846,388,0
2014-07-31,17:00:00,35.76,35.76,35.76,35.76,210,0
2014-07-31,19:00:00,35.484,35.484,35.454,35.454,1994,0
2014-08-01,16:00:00,34.948,35.008,34.663,35.008,9024,0
2014-08-01,17:00:00,35.34,35.34,35.34,35.34,104,0
2014-08-01,21:00:00,35.14,35.14,35.14,35.14,104,0
2014-08-01,22:00:00,35.169,35.169,35.169,35.169,2713,0
2014-08-06,16:00:00,35.064,35.064,35.064,35.064,132,0
2014-08-06,20:00:00,35.187,35.187,35.187,35.187,630,0
2014-08-07,22:00:00,35.187,35.255,35.044,35.255,7583,0
2014-08-08,18:00:00,35.331,35.331,35.331,35.331,104,0
2014-08-11,16:00:00,36.79,36.846,36.79,36.846,3253,0
2014-08-11,17:00:00,37.037,37.037,36.674,36.674,1782,0
2014-08-11,20:00:00,36.836,36.836,36.826,36.836,1889,0
2014-08-11,21:00:00,36.826,36.826,36.826,36.826,672,0
2014-08-12,19:00:00,36.57,36.57,36.513,36.513,340,0
2014-08-12,20:00:00,36.504,36.504,36.504,36.504,1101,0
2014-08-14,22:00:00,42.364,43.804,33.892,43.489,2624,0
2014-08-15,16:00:00,37.312,37.312,37.312,37.312,944,0
2014-08-15,18:00:00,37.312,37.332,37.18,37.18,813,0
2014-08-15,19:00:00,37.17,37.17,37.17,37.17,104,0
2014-08-18,16:00:00,37.246,37.246,37.246,37.246,552,0
2014-08-18,17:00:00,37.218,37.218,37.218,37.218,210,0
2014-08-18,21:00:00,37.141,37.141,37.141,37.141,630,0
2014-08-20,19:00:00,37.81,37.81,37.81,37.81,524,0
2014-08-20,20:00:00,37.8,37.8,37.8,37.8,420,0
2014-08-21,16:00:00,37.76,37.76,37.76,37.76,104,0
2014-08-21,17:00:00,37.638,37.638,37.638,37.638,210,0
2014-08-21,18:00:00,37.618,37.618,37.618,37.618,104,0
2014-08-21,20:00:00,37.724,37.724,37.724,37.724,315,0
2014-08-21,22:00:00,37.733,37.733,37.733,37.733,1842,0
2014-08-22,17:00:00,37.628,37.656,37.628,37.656,315,0
2014-08-25,18:00:00,37.684,37.684,37.656,37.656,4200,0
2014-08-25,22:00:00,37.876,37.876,37.876,37.876,378,0
2014-08-26,17:00:00,37.942,37.942,37.942,37.942,210,0
2014-08-26,19:00:00,37.971,37.971,37.952,37.952,523,0
2014-08-26,22:00:00,37.952,37.952,37.942,37.942,315,0
2014-08-27,18:00:00,38.009,38.009,38.009,38.009,630,0
2014-08-27,21:00:00,38.143,38.143,38.104,38.104,1154,0
2014-08-28,17:00:00,38.114,38.123,38.114,38.123,571,0
2014-08-29,17:00:00,38.332,38.332,38.332,38.332,315,0
2014-09-02,17:00:00,38.39,38.39,38.39,38.39,210,0
2014-09-02,21:00:00,38.256,38.286,38.246,38.286,2843,0
2014-09-03,20:00:00,38.332,38.332,38.332,38.332,1258,0
2014-09-03,22:00:00,38.305,38.305,38.305,38.305,104,0
2014-09-04,16:00:00,38.362,38.362,38.266,38.266,734,0
2014-09-04,17:00:00,38.21,38.21,38.21,38.21,258,0
2014-09-04,18:00:00,38.296,38.296,38.296,38.296,630,0
2014-09-04,19:00:00,38.296,38.296,38.161,38.161,210,0
2014-09-04,20:00:00,38.095,38.095,38.095,38.095,210,0
2014-09-04,22:00:00,37.999,37.999,37.999,37.999,104,0
2014-09-05,16:00:00,38.009,38.009,37.952,37.952,1154,0
2014-09-05,19:00:00,37.961,37.961,37.952,37.952,524,0
2014-09-05,22:00:00,38.114,38.19,38.114,38.19,420,0
2014-09-08,16:00:00,38.6,38.6,38.075,38.075,1626,0
2014-09-08,22:00:00,38.075,38.075,38.075,38.075,0,0
2014-09-09,17:00:00,38.2,38.2,38.18,38.18,1574,0
2014-09-09,20:00:00,38.171,38.171,38.171,38.171,341,0
2014-09-09,21:00:00,38.123,38.123,38.123,38.123,210,0
2014-09-09,22:00:00,38.238,38.238,38.238,38.238,104,0
2014-09-12,19:00:00,37.885,37.885,37.885,37.885,265,0
2014-09-12,20:00:00,37.598,37.598,37.598,37.598,2099,0
2014-09-12,22:00:00,37.408,37.408,37.408,37.408,104,0
2014-09-15,16:00:00,41.316,41.316,36.961,36.961,2519,0
2014-09-15,20:00:00,37.237,37.237,37.237,37.237,231,0
2014-09-15,22:00:00,37.256,37.256,37.256,37.256,241,0
2014-09-16,16:00:00,39.248,39.248,37.237,37.237,1889,0
2014-09-16,18:00:00,37.638,37.647,37.638,37.638,2099,0
2014-09-16,19:00:00,37.714,37.714,37.704,37.704,3267,0
2014-09-16,20:00:00,37.704,37.704,37.704,37.704,210,0
2014-09-16,22:00:00,37.675,37.675,37.666,37.666,263,0
2014-09-17,17:00:00,37.647,37.647,37.647,37.647,420,0
2014-09-18,16:00:00,37.742,37.742,37.742,37.742,630,0
2014-09-18,17:00:00,37.684,37.684,37.684,37.684,210,0
2014-09-18,20:00:00,37.933,37.961,37.933,37.942,787,0
2014-09-19,21:00:00,38.133,38.133,38.133,38.133,420,0
2014-09-22,22:00:00,37.561,37.59,37.561,37.59,702,0
2014-09-23,16:00:00,37.684,37.684,37.598,37.598,3044,0
2014-09-23,17:00:00,37.504,37.504,37.504,37.504,420,0
2014-09-23,20:00:00,37.312,37.312,37.304,37.304,312,0
2014-09-23,21:00:00,37.256,37.266,37.246,37.246,631,0
2014-09-23,22:00:00,37.199,37.237,37.199,37.237,1258,0
2014-09-24,18:00:00,37.17,37.266,37.17,37.266,658,0
2014-09-24,20:00:00,37.227,37.237,37.227,37.237,944,0
2014-09-25,16:00:00,37.218,37.218,37.17,37.17,487,0
2014-09-25,17:00:00,37.18,37.18,37.17,37.17,524,0
2014-09-25,21:00:00,36.808,36.808,36.808,36.808,104,0
2014-09-30,16:00:00,37.237,37.532,37.237,37.532,840,0
2014-09-30,19:00:00,37.484,37.484,37.484,37.484,1258,0
2014-09-30,21:00:00,37.542,37.542,37.542,37.542,2099,0
2014-10-02,20:00:00,37.055,37.055,37.055,37.055,263,0
2014-10-06,19:00:00,36.664,36.664,36.664,36.664,551,0
2014-10-07,21:00:00,36.884,36.884,36.884,36.884,315,0
2014-10-07,22:00:00,36.589,36.589,36.589,36.589,420,0
2014-10-09,21:00:00,35.203,35.203,35.203,35.203,144,0
2014-10-10,16:00:00,34.336,34.336,34.222,34.222,346,0
2014-10-10,17:00:00,34.375,34.375,32.979,33.22,1329,0
2014-10-10,19:00:00,34.808,34.808,34.79,34.79,434,0
2014-10-10,20:00:00,34.943,34.943,34.895,34.895,349,0
2014-10-10,22:00:00,34.404,34.404,34.395,34.395,260,0
2014-10-13,21:00:00,33.432,33.432,33.432,33.432,374,0
2014-10-14,18:00:00,32.651,33.057,32.651,33.057,416,0
2014-10-14,20:00:00,32.7,32.7,32.7,32.7,284,0
2014-10-14,21:00:00,32.565,32.594,32.527,32.527,1222,0
2014-10-15,16:00:00,35.742,35.742,31.149,31.487,5690,0
2014-10-15,22:00:00,33.238,33.499,33.238,33.499,709,0
2014-10-17,16:00:00,36.581,36.581,36.581,36.581,329,0
2014-10-17,17:00:00,35.868,35.868,35.868,35.868,208,0
2014-10-17,18:00:00,35.656,35.656,35.627,35.627,2199,0
2014-10-17,19:00:00,35.183,35.183,35.183,35.183,624,0
2014-10-17,20:00:00,35.183,35.183,35.183,35.183,103,0
2014-10-20,16:00:00,35.406,35.483,35.406,35.483,1039,0
2014-10-20,17:00:00,35.357,35.357,35.261,35.261,208,0
2014-10-20,20:00:00,35.647,35.647,35.647,35.647,103,0
2014-10-20,22:00:00,35.627,35.627,35.57,35.588,893,0
2014-10-21,17:00:00,36.743,36.743,36.253,36.253,312,0
2014-10-21,19:00:00,36.359,36.359,36.359,36.359,312,0
2014-10-21,20:00:00,36.377,36.377,36.34,36.34,935,0
2014-10-21,22:00:00,36.273,36.273,36.233,36.233,312,0
2014-10-22,19:00:00,36.571,36.571,36.464,36.464,457,0
2014-10-22,21:00:00,36.117,36.117,36.117,36.117,208,0
2014-10-23,20:00:00,36.176,36.176,36.176,36.176,430,0
2014-10-24,18:00:00,36.273,36.291,36.273,36.291,1973,0
2014-10-24,19:00:00,36.147,36.147,36.147,36.147,2042,0
2014-10-24,20:00:00,36.157,36.157,36.157,36.157,112,0
2014-10-24,21:00:00,36.166,36.214,36.166,36.214,582,0
2014-10-27,21:00:00,35.896,35.896,35.896,35.896,103,0
2014-10-28,17:00:00,36.099,36.099,36.08,36.08,1049,0
2014-10-28,20:00:00,36.137,36.137,36.137,36.137,130,0
2014-10-28,21:00:00,36.176,36.214,36.176,36.214,753,0
2014-10-30,15:00:00,36.195,36.195,36.195,36.195,208,0
2014-10-30,18:00:00,36.186,36.186,36.186,36.186,3116,0
2014-10-30,19:00:00,36.186,36.186,36.186,36.186,208,0
2014-10-31,15:00:00,36.09,36.09,35.685,35.685,416,0
2014-10-31,17:00:00,35.742,35.801,35.742,35.801,519,0
2014-10-31,18:00:00,35.704,35.704,35.694,35.694,1143,0
2014-11-03,20:00:00,36.263,36.359,36.263,36.359,2336,0
2014-11-03,22:00:00,36.204,36.204,36.204,36.204,312,0
2014-11-04,21:00:00,35.3,35.338,35.3,35.338,416,0
2014-11-04,22:00:00,35.261,35.261,35.261,35.261,416,0
2014-11-05,16:00:00,35.126,35.126,35.049,35.049,1246,0
2014-11-05,17:00:00,35.27,35.27,35.156,35.165,2492,0
2014-11-05,19:00:00,35.386,35.386,35.386,35.386,208,0
2014-11-05,21:00:00,35.521,35.521,35.521,35.521,103,0
2014-11-05,22:00:00,35.55,35.55,35.55,35.55,935,0
2014-11-06,17:00:00,35.27,35.27,35.27,35.27,208,0
2014-11-07,17:00:00,36.06,36.157,36.031,36.031,727,0
2014-11-10,17:00:00,36.233,36.233,36.137,36.137,875,0
2014-11-10,21:00:00,36.031,36.031,36.031,36.031,416,0
2014-11-11,17:00:00,35.868,35.868,35.868,35.868,208,0
2014-11-11,18:00:00,35.801,35.801,35.801,35.801,1039,0
2014-11-11,19:00:00,35.829,35.829,35.829,35.829,208,0
2014-11-11,20:00:00,35.906,35.906,35.906,35.906,638,0
2014-11-11,22:00:00,35.993,35.993,35.993,35.993,519,0
2014-11-12,17:00:00,35.886,35.886,35.886,35.886,208,0
2014-11-12,19:00:00,36.08,36.08,36.08,36.08,208,0
2014-11-13,21:00:00,35.704,35.704,35.704,35.704,624,0
2014-11-13,22:00:00,35.675,35.675,35.473,35.637,935,0
2014-11-14,16:00:00,35.607,35.607,35.607,35.607,1016,0
2014-11-14,22:00:00,36.05,36.08,36.04,36.08,830,0
2014-11-17,16:00:00,36.301,36.301,36.301,36.301,312,0
2014-11-17,18:00:00,36.204,36.204,36.204,36.204,1454,0
2014-11-17,20:00:00,36.369,36.369,36.369,36.369,208,0
2014-11-18,17:00:00,36.513,36.513,36.513,36.513,103,0
2014-11-18,19:00:00,36.59,36.59,36.59,36.59,3082,0
2014-11-18,20:00:00,36.638,36.638,36.638,36.638,312,0
2014-11-18,22:00:00,36.763,36.763,36.763,36.763,624,0
2014-11-19,18:00:00,36.88,36.88,36.88,36.88,208,0
2014-11-19,19:00:00,36.83,36.888,36.83,36.84,12349,0
2014-11-20,22:00:00,37.197,37.284,37.197,37.274,1558,0
2014-11-21,16:00:00,37.717,37.717,37.717,37.717,181,0
2014-11-21,17:00:00,37.754,37.754,37.754,37.754,103,0
2014-11-21,18:00:00,37.495,37.495,37.495,37.495,208,0
2014-11-21,21:00:00,37.37,37.38,37.37,37.38,208,0
2014-11-21,22:00:00,37.351,37.361,37.167,37.167,1973,0
2014-11-24,18:00:00,36.974,36.974,36.974,36.974,612,0
2014-11-24,20:00:00,36.994,36.994,36.994,36.994,270,0
2014-11-24,21:00:00,36.937,36.937,36.907,36.907,312,0
2014-11-24,22:00:00,36.897,36.937,36.897,36.937,2285,0
2014-11-25,22:00:00,36.86,36.888,36.83,36.84,2701,0
2014-11-28,16:00:00,36.147,36.147,36.147,36.147,1805,0
2014-11-28,18:00:00,35.329,35.357,35.319,35.319,1012,0
2014-11-28,19:00:00,35.213,35.213,35.213,35.213,103,0
2014-12-01,21:00:00,33.567,33.567,33.567,33.567,1039,0
2014-12-01,22:00:00,33.634,33.739,33.605,33.73,4881,0
2014-12-02,17:00:00,34.192,34.192,34.192,34.192,208,0
2014-12-02,18:00:00,34.636,34.693,34.636,34.693,416,0
2014-12-02,22:00:00,34.578,34.578,34.519,34.539,2146,0
2014-12-03,18:00:00,35.106,35.106,35.106,35.106,208,0
2014-12-03,19:00:00,35.165,35.165,35.165,35.165,103,0
2014-12-03,22:00:00,35.213,35.223,35.193,35.193,2285,0
2014-12-04,18:00:00,35.261,35.261,35.261,35.261,208,0
2014-12-04,19:00:00,35.242,35.242,35.242,35.242,103,0
2014-12-04,22:00:00,35.183,35.213,35.183,35.213,1039,0
2014-12-05,17:00:00,35.088,35.088,35.088,35.088,935,0
2014-12-05,18:00:00,35.012,35.012,35.012,35.012,103,0
2014-12-05,19:00:00,35.059,35.059,35.059,35.059,260,0
2014-12-05,21:00:00,34.915,34.915,34.915,34.915,208,0
2014-12-05,22:00:00,34.78,34.78,34.636,34.654,1246,0
2014-12-09,16:00:00,32.623,32.623,31.871,32.546,10386,0
2014-12-10,20:00:00,32.065,32.065,32.065,32.065,495,0
2014-12-11,18:00:00,32.633,32.633,32.633,32.633,278,0
2014-12-11,19:00:00,32.786,32.786,32.767,32.786,491,0
2014-12-11,21:00:00,31.824,31.862,31.824,31.824,3811,0
2014-12-11,22:00:00,31.92,31.92,31.891,31.92,935,0
2014-12-12,22:00:00,31.699,31.699,31.447,31.516,1805,0
2014-12-15,22:00:00,30.582,30.6,30.582,30.6,270,0
2014-12-16,16:00:00,30.042,30.158,30.042,30.158,4362,0
2014-12-16,17:00:00,30.081,30.205,30.081,30.205,1080,0
2014-12-16,21:00:00,31.352,31.352,31.159,31.159,1108,0
2014-12-16,22:00:00,31.149,31.236,31.149,31.169,1143,0
2014-12-17,16:00:00,31.66,31.66,31.66,31.66,416,0
2014-12-17,17:00:00,31.949,31.949,31.949,31.949,312,0
2014-12-17,18:00:00,32.546,32.546,32.488,32.488,3531,0
2014-12-17,20:00:00,32.488,32.488,32.488,32.488,160,0
2014-12-17,21:00:00,32.604,32.604,32.354,32.354,1558,0
2014-12-17,22:00:00,32.681,32.681,32.633,32.671,1662,0
2014-12-18,16:00:00,33.499,33.499,33.325,33.374,2078,0
2014-12-18,17:00:00,33.422,33.422,33.422,33.422,416,0
2014-12-18,18:00:00,32.633,32.633,32.633,32.633,400,0
2014-12-18,19:00:00,32.421,32.421,32.421,32.421,312,0
2014-12-18,22:00:00,32.844,32.892,32.844,32.892,935,0
2014-12-19,16:00:00,32.671,32.671,32.604,32.604,416,0
2014-12-19,17:00:00,32.835,32.835,32.748,32.796,519,0
2014-12-19,18:00:00,32.633,32.633,32.633,32.633,956,0
2014-12-19,20:00:00,32.805,32.805,32.805,32.805,2991,0
2014-12-19,22:00:00,32.95,32.999,32.95,32.999,1727,0
2014-12-22,17:00:00,32.786,32.786,32.507,32.507,779,0
2014-12-22,18:00:00,32.613,32.738,32.459,32.71,5244,0
2014-12-22,19:00:00,32.574,32.574,32.574,32.574,237,0
2014-12-22,21:00:00,32.796,32.796,32.758,32.758,457,0
2014-12-22,22:00:00,33.017,33.017,32.96,32.96,312,0
2014-12-23,16:00:00,33.104,33.104,33.047,33.047,534,0
2014-12-23,17:00:00,33.057,33.238,32.883,33.22,4984,0
2014-12-23,18:00:00,33.037,33.211,33.027,33.211,4053,0
2014-12-23,19:00:00,33.211,33.211,33.211,33.211,519,0
2014-12-23,22:00:00,33.345,33.355,33.325,33.335,2701,0
2014-12-24,16:00:00,33.364,33.364,33.066,33.191,1432,0
2014-12-24,17:00:00,33.211,33.374,33.094,33.307,5930,0
2014-12-24,18:00:00,33.22,33.489,33.201,33.47,17862,0
2014-12-24,19:00:00,33.355,33.499,33.258,33.325,19524,0
2014-12-26,16:00:00,33.027,33.605,33.027,33.412,4984,0
2014-12-26,17:00:00,33.364,33.402,33.152,33.268,7893,0
2014-12-26,18:00:00,33.144,33.393,33.134,33.384,24408,0
2014-12-26,19:00:00,33.393,33.441,33.315,33.364,4051,0
2014-12-26,20:00:00,33.335,33.441,33.315,33.384,11632,0
2014-12-26,22:00:00,33.278,33.422,33.278,33.315,16928,0
2014-12-29,16:00:00,33.315,33.557,33.297,33.393,20770,0
2014-12-29,17:00:00,33.499,33.72,33.384,33.605,29062,0
2014-12-29,18:00:00,33.595,33.874,33.412,33.538,42175,0
2014-12-29,19:00:00,33.489,33.518,33.422,33.422,1351,0
2014-12-29,20:00:00,33.412,33.412,33.288,33.288,519,0
2014-12-29,21:00:00,33.345,33.345,33.345,33.345,208,0
2014-12-29,22:00:00,33.644,33.662,33.595,33.605,4466,0
2014-12-30,16:00:00,33.345,33.701,33.315,33.585,45908,0
2014-12-30,17:00:00,33.576,33.615,33.374,33.489,37492,0
2014-12-30,18:00:00,33.499,33.508,33.345,33.48,11005,0
2014-12-30,19:00:00,33.499,33.499,33.499,33.499,312,0
2014-12-30,20:00:00,33.576,33.749,33.567,33.749,11632,0
2014-12-30,22:00:00,33.73,33.759,33.557,33.634,18916,0
2014-12-31,16:00:00,33.894,33.923,33.22,33.47,22432,0
2014-12-31,17:00:00,33.605,34.086,33.288,33.769,70589,0
2014-12-31,19:00:00,33.797,34.009,33.701,33.836,20251,0
2014-12-31,22:00:00,33.508,33.567,33.114,33.402,31847,0
2015-01-02,16:00:00,33.315,33.864,33.315,33.672,47083,0
2015-01-02,17:00:00,33.749,33.991,33.653,33.701,28357,0
2015-01-02,18:00:00,33.826,34.086,33.826,33.971,21871,0
2015-01-02,19:00:00,34.058,34.058,34.058,34.058,624,0
2015-01-02,20:00:00,34.078,34.356,34.058,34.145,36305,0
2015-01-02,21:00:00,34.048,34.163,34,34.105,9347,0
2015-01-02,22:00:00,34.095,34.163,33.941,34.163,30116,0
2015-01-05,16:00:00,33.749,33.769,33.393,33.518,25652,0
2015-01-05,17:00:00,33.499,33.557,33.152,33.432,29702,0
2015-01-05,18:00:00,33.393,33.422,33.144,33.211,52757,0
2015-01-05,19:00:00,33.114,33.114,32.728,32.922,43308,0
2015-01-05,20:00:00,32.844,32.989,32.844,32.892,22796,0
2015-01-05,21:00:00,32.902,32.902,32.786,32.892,889,0
2015-01-05,22:00:00,32.661,32.786,32.527,32.604,46865,0
2015-01-06,16:00:00,32.642,32.892,32.642,32.738,7993,0
2015-01-06,17:00:00,32.536,32.805,32.267,32.411,2188,0
2015-01-06,18:00:00,32.016,32.16,31.602,31.708,6019,0
2015-01-06,19:00:00,31.544,31.544,31.544,31.544,103,0
2015-01-06,20:00:00,31.699,31.891,31.65,31.776,72533,0
2015-01-06,21:00:00,31.785,31.968,31.747,31.968,26268,0
2015-01-06,22:00:00,32.065,32.065,32.065,32.065,312,0
2015-01-07,17:00:00,32.354,32.354,32.247,32.247,311,0
2015-01-07,18:00:00,31.804,31.978,31.612,31.978,32992,0
2015-01-07,19:00:00,31.996,32.17,31.794,31.939,27501,0
2015-01-07,21:00:00,31.814,31.968,31.814,31.939,1870,0
2015-01-07,22:00:00,31.901,31.958,31.862,31.92,10230,0
2015-01-08,16:00:00,32.767,33.441,31.958,32.728,54429,0
2015-01-08,17:00:00,32.44,32.748,32.103,32.381,41208,0
2015-01-08,18:00:00,32.401,32.517,32.15,32.334,49001,0
2015-01-08,19:00:00,32.334,32.401,32.247,32.401,6793,0
2015-01-08,20:00:00,32.257,32.257,32.237,32.237,416,0
2015-01-08,21:00:00,32.218,32.401,32.218,32.344,3400,0
2015-01-08,22:00:00,32.324,32.381,32.267,32.354,5910,0
2015-01-09,16:00:00,32.251,32.349,32.085,32.212,85329,0
2015-01-09,17:00:00,32.153,32.221,31.958,32.105,4102,0
2015-01-09,18:00:00,32.193,32.193,31.832,32.173,11283,0
2015-01-09,19:00:00,32.212,32.309,32.143,32.261,7077,0
2015-01-09,20:00:00,32.221,32.349,32.173,32.251,29898,0
2015-01-09,21:00:00,32.271,32.436,32.271,32.319,9334,0
2015-01-09,22:00:00,32.309,32.65,31.646,31.646,23078,0
2015-01-12,16:00:00,31.724,31.724,31.237,31.432,2359,0
2015-01-12,17:00:00,31.432,31.774,31.257,31.588,78980,0
2015-01-12,18:00:00,31.637,31.734,31.481,31.51,72414,0
2015-01-12,19:00:00,31.549,31.549,31.277,31.345,8533,0
2015-01-12,20:00:00,31.325,31.325,31.013,31.013,21027,0
2015-01-12,21:00:00,31.062,31.071,31.003,31.013,6976,0
2015-01-12,22:00:00,31.003,31.363,31.003,31.277,30126,0
2015-01-13,16:00:00,31.247,31.403,31.159,31.247,10565,0
2015-01-13,17:00:00,31.257,31.53,31.179,31.315,40002,0
2015-01-13,18:00:00,31.159,31.198,30.993,31.149,33336,0
2015-01-13,19:00:00,30.76,31.101,29.892,30.838,14565,0
2015-01-13,20:00:00,30.906,30.984,30.906,30.984,3180,0
2015-01-13,21:00:00,30.613,30.701,30.428,30.428,28207,0
2015-01-13,22:00:00,30.477,30.896,30.291,30.418,36925,0
2015-01-14,16:00:00,30.126,30.467,30.116,30.223,32515,0
2015-01-14,17:00:00,30.272,30.379,30.018,30.331,35690,0
2015-01-14,18:00:00,30.281,30.399,30.145,30.233,24308,0
2015-01-14,19:00:00,30.087,30.116,30.087,30.116,615,0
2015-01-14,20:00:00,30.135,30.203,30.135,30.203,205,0
2015-01-14,21:00:00,29.834,29.834,29.834,29.834,205,0
2015-01-14,22:00:00,30.682,31.042,30.613,30.828,11283,0
2015-01-15,16:00:00,31.023,31.032,30.856,30.974,12886,0
2015-01-15,17:00:00,31.062,31.159,30.856,30.954,26477,0
2015-01-15,18:00:00,30.916,31.149,30.856,31.071,21754,0
2015-01-15,20:00:00,31.032,31.032,30.866,30.935,513,0
2015-01-15,21:00:00,30.838,31.032,30.838,31.032,1642,0
2015-01-15,22:00:00,30.954,31.237,30.682,30.984,18565,0
2015-01-16,16:00:00,31.277,31.422,31.179,31.277,19078,0
2015-01-16,17:00:00,31.422,31.676,31.335,31.51,17030,0
2015-01-16,18:00:00,31.598,31.676,31.461,31.491,14770,0
2015-01-16,19:00:00,31.53,31.568,31.53,31.568,205,0
2015-01-16,20:00:00,31.714,31.714,31.383,31.559,24311,0
2015-01-16,21:00:00,31.608,31.637,31.52,31.549,6770,0
2015-01-16,22:00:00,31.929,32.241,31.871,32.241,30155,0
2015-01-20,16:00:00,31.676,31.676,31.413,31.413,615,0
2015-01-20,17:00:00,31.637,32.056,31.207,31.871,34054,0
2015-01-20,18:00:00,32.173,32.203,32.115,32.125,3077,0
2015-01-20,19:00:00,32.193,32.193,31.92,31.92,6052,0
2015-01-20,20:00:00,31.929,31.929,31.724,31.774,26987,0
2015-01-20,21:00:00,31.792,32.075,31.774,31.949,19294,0
2015-01-20,22:00:00,31.958,32.221,31.939,31.988,32012,0
2015-01-21,16:00:00,32.203,32.466,32.163,32.299,43080,0
2015-01-21,17:00:00,32.309,32.894,32.163,32.728,70568,0
2015-01-21,18:00:00,32.71,32.885,32.524,32.69,45233,0
2015-01-21,19:00:00,32.69,32.846,32.495,32.65,23899,0
2015-01-21,20:00:00,32.768,32.885,32.514,32.544,15488,0
2015-01-21,22:00:00,32.963,32.963,32.632,32.768,26463,0
2015-01-22,16:00:00,33.002,33.275,32.7,32.924,57521,0
2015-01-22,17:00:00,32.865,33.255,32.728,33.089,87377,0
2015-01-22,18:00:00,33.139,33.187,32.719,32.816,92301,0
2015-01-22,19:00:00,32.71,32.806,32.592,32.65,40003,0
2015-01-22,20:00:00,32.622,32.826,32.504,32.641,28415,0
2015-01-22,21:00:00,32.612,32.816,32.514,32.748,5641,0
2015-01-22,22:00:00,32.758,32.924,32.7,32.738,41028,0
2015-01-23,16:00:00,32.563,32.846,32.427,32.612,63902,0
2015-01-23,17:00:00,32.66,33.07,32.66,32.982,35079,0
2015-01-23,18:00:00,32.953,33.011,32.865,32.933,4821,0
2015-01-23,19:00:00,32.982,33.187,32.856,33.011,102057,0
2015-01-23,20:00:00,33.147,33.147,33.011,33.011,513,0
2015-01-23,21:00:00,33.031,33.235,32.806,33.099,104077,0
2015-01-23,22:00:00,33.167,33.275,32.719,32.768,77249,0
2015-01-26,16:00:00,33.079,33.079,32.797,32.875,14976,0
2015-01-26,17:00:00,32.865,33.119,32.797,33.051,72989,0
2015-01-26,18:00:00,32.943,32.943,32.865,32.865,1011,0
2015-01-26,19:00:00,33.07,33.167,33.002,33.031,48516,0
2015-01-26,20:00:00,33.07,33.207,33.041,33.157,53233,0
2015-01-26,21:00:00,33.187,33.207,33.089,33.129,4718,0
2015-01-26,22:00:00,33.147,33.294,33.099,33.129,108623,0
2015-01-27,17:00:00,32.982,32.982,32.7,32.914,148727,0
2015-01-27,18:00:00,32.904,33.051,32.797,33.051,22666,0
2015-01-27,19:00:00,33.07,33.139,33.07,33.139,513,0
2015-01-27,20:00:00,33.089,33.275,32.992,33.109,75799,0
2015-01-27,21:00:00,33.167,33.217,33.099,33.167,9435,0
2015-01-27,22:00:00,33.119,33.596,33.06,33.079,35489,0
2015-01-28,16:00:00,32.904,32.933,32.71,32.728,45823,0
2015-01-28,17:00:00,32.7,32.943,32.66,32.68,91348,0
2015-01-28,18:00:00,32.719,32.806,32.641,32.719,79698,0
2015-01-28,19:00:00,32.806,32.894,32.446,32.787,45849,0
2015-01-28,20:00:00,32.787,32.904,32.758,32.836,42974,0
2015-01-28,21:00:00,32.836,32.856,32.251,32.632,30463,0
2015-01-28,22:00:00,32.602,32.738,32.397,32.514,41927,0
2015-01-29,16:00:00,32.349,32.427,31.032,32.427,31235,0
2015-01-29,17:00:00,32.417,32.504,31.559,31.822,143660,0
2015-01-29,18:00:00,31.812,32.037,31.696,31.988,122373,0
2015-01-29,19:00:00,32.075,32.29,32.007,32.203,153652,0
2015-01-29,20:00:00,32.173,32.378,32.163,32.378,10989,0
2015-01-29,21:00:00,32.299,32.368,32.231,32.271,97340,0
2015-01-29,22:00:00,32.281,32.378,32.251,32.281,10769,0
2015-01-30,16:00:00,32.485,32.485,32.485,32.485,513,0
2015-01-30,17:00:00,32.572,32.612,32.319,32.329,41193,0
2015-01-30,18:00:00,32.143,32.504,32.095,32.407,94878,0
2015-01-30,19:00:00,32.397,32.524,32.397,32.436,10616,0
2015-01-30,20:00:00,32.436,32.806,32.436,32.758,13795,0
2015-01-30,21:00:00,32.846,33.089,32.787,32.973,1949,0
2015-01-30,22:00:00,32.826,32.826,32.553,32.719,3270,0
2015-02-02,17:00:00,32.719,32.826,32.719,32.748,4513,0
2015-02-02,18:00:00,32.904,33.235,32.875,33.109,106161,0
2015-02-02,19:00:00,33.157,33.167,32.992,33.011,16340,0
2015-02-02,20:00:00,33.167,33.207,32.758,32.963,57645,0
2015-02-02,21:00:00,32.914,33.089,32.524,32.875,146780,0
2015-02-02,22:00:00,32.875,33.46,32.826,33.147,142975,0
2015-02-03,16:00:00,33.275,33.684,33.217,33.636,61132,0
2015-02-03,17:00:00,33.616,33.674,33.187,33.508,4206,0
2015-02-03,18:00:00,33.548,33.646,33.48,33.626,9744,0
2015-02-03,19:00:00,33.576,33.909,33.528,33.636,9952,0
2015-02-03,20:00:00,33.646,34.025,33.646,33.899,27740,0
2015-02-03,21:00:00,33.909,34.025,33.714,33.742,61070,0
2015-02-03,22:00:00,33.811,33.811,33.646,33.674,8924,0
2015-02-04,16:00:00,33.382,33.762,33.167,33.314,44721,0
2015-02-04,17:00:00,33.499,33.704,32.982,33.245,103698,0
2015-02-04,18:00:00,33.167,33.382,33.167,33.382,1237,0
2015-02-04,19:00:00,33.294,33.294,33.294,33.294,174,0
2015-02-04,20:00:00,33.207,33.207,33.177,33.177,411,0
2015-02-04,21:00:00,33.157,33.245,33.129,33.245,820,0
2015-02-04,22:00:00,33.294,33.401,33.147,33.333,5231,0
2015-02-05,16:00:00,33.47,33.47,33.333,33.333,2872,0
2015-02-05,17:00:00,33.48,33.586,33.372,33.489,50157,0
2015-02-05,18:00:00,33.489,33.772,33.333,33.674,29335,0
2015-02-05,19:00:00,33.636,33.684,33.596,33.664,2051,0
2015-02-05,20:00:00,33.752,33.869,33.694,33.801,107904,0
2015-02-05,21:00:00,33.821,33.957,33.801,33.85,2051,0
2015-02-05,22:00:00,33.84,33.967,33.772,33.782,52956,0
2015-02-06,16:00:00,33.733,33.869,33.733,33.821,1692,0
2015-02-06,17:00:00,33.86,33.937,33.704,33.742,45380,0
2015-02-06,18:00:00,33.704,33.704,33.499,33.654,118975,0
2015-02-06,19:00:00,33.694,33.762,33.654,33.733,16924,0
2015-02-06,20:00:00,33.694,33.694,33.684,33.684,411,0
2015-02-06,21:00:00,33.48,33.889,33.48,33.889,101085,0
2015-02-06,22:00:00,33.889,33.889,33.762,33.821,2359,0
2015-02-09,16:00:00,33.772,34.025,33.772,33.889,35798,0
2015-02-09,17:00:00,33.879,33.967,33.733,33.742,71287,0
2015-02-09,18:00:00,33.811,33.85,33.654,33.654,3998,0
2015-02-09,19:00:00,33.626,33.792,33.508,33.684,96877,0
2015-02-09,20:00:00,33.654,33.801,33.576,33.723,20206,0
2015-02-09,21:00:00,33.704,33.811,33.548,33.548,73338,0
2015-02-09,22:00:00,33.538,33.977,33.362,33.576,35387,0
2015-02-10,16:00:00,33.508,33.508,32.865,32.865,39092,0
2015-02-10,17:00:00,33.06,33.294,32.387,33.177,79994,0
2015-02-10,18:00:00,33.226,33.265,33.011,33.167,37989,0
2015-02-10,19:00:00,33.147,33.323,33.129,33.226,10778,0
2015-02-10,20:00:00,33.275,33.362,33.235,33.275,133447,0
2015-02-10,21:00:00,33.235,33.265,33.099,33.177,30772,0
2015-02-10,22:00:00,33.235,33.392,33.235,33.372,72402,0
2015-02-11,16:00:00,33.401,33.401,32.973,33.119,33401,0
2015-02-11,17:00:00,33.235,33.265,32.943,33.041,17232,0
2015-02-11,18:00:00,33.051,33.139,33.051,33.139,205,0
2015-02-11,19:00:00,33.187,33.372,33.089,33.109,22359,0
2015-02-11,20:00:00,33.079,33.147,33.011,33.051,28823,0
2015-02-11,21:00:00,33.031,33.07,33.002,33.002,15694,0
2015-02-11,22:00:00,33.011,33.011,32.885,32.914,13847,0
2015-02-12,16:00:00,33.147,33.489,33.147,33.343,25209,0
2015-02-12,17:00:00,33.304,33.304,33.197,33.207,6355,0
2015-02-12,18:00:00,33.333,33.343,33.255,33.294,21129,0
2015-02-12,19:00:00,33.304,33.46,33.265,33.294,11693,0
2015-02-12,20:00:00,33.382,33.46,33.285,33.401,36223,0
2015-02-12,21:00:00,33.401,33.421,33.392,33.411,1231,0
2015-02-12,22:00:00,33.392,33.46,33.343,33.362,66265,0
2015-02-13,16:00:00,33.752,33.83,33.558,33.684,16411,0
2015-02-13,17:00:00,33.723,34.932,33.089,33.84,28311,0
2015-02-13,19:00:00,33.928,33.947,33.869,33.879,820,0
2015-02-13,21:00:00,33.654,33.654,33.636,33.636,205,0
2015-02-13,22:00:00,33.674,33.772,33.548,33.694,9539,0
2015-02-17,16:00:00,34.113,34.113,33.079,33.548,17107,0
2015-02-17,17:00:00,33.548,33.723,33.518,33.558,63326,0
2015-02-17,18:00:00,33.568,33.879,33.548,33.801,16719,0
2015-02-17,19:00:00,33.811,33.957,33.684,33.84,18463,0
2015-02-17,20:00:00,33.869,34.083,33.674,33.937,87378,0
2015-02-17,21:00:00,33.937,34.143,33.83,34.035,64412,0
2015-02-17,22:00:00,33.996,34.055,33.899,33.937,89519,0
2015-02-18,16:00:00,33.83,33.937,33.596,33.714,96991,0
2015-02-18,17:00:00,33.654,33.937,33.646,33.762,13437,0
2015-02-18,18:00:00,33.772,34.318,33.167,33.664,66774,0
2015-02-18,19:00:00,33.636,33.723,33.596,33.646,13847,0
2015-02-18,20:00:00,33.586,33.636,33.568,33.596,3795,0
2015-02-18,22:00:00,33.636,33.84,33.596,33.684,2975,0
2015-02-19,16:00:00,33.343,33.636,32.933,33.207,28566,0
2015-02-19,17:00:00,33.167,33.47,33.167,33.294,17642,0
2015-02-19,18:00:00,33.508,33.723,33.508,33.606,4000,0
2015-02-19,19:00:00,33.568,33.772,33.45,33.772,1538,0
2015-02-19,20:00:00,33.694,33.762,33.606,33.704,7015,0
2015-02-19,21:00:00,33.782,33.782,33.782,33.782,5128,0
2015-02-19,22:00:00,33.85,33.85,33.664,33.664,4436,0
2015-02-20,16:00:00,33.811,34.347,33.119,33.694,37369,0
2015-02-20,17:00:00,33.733,33.996,33.528,33.928,61999,0
2015-02-20,18:00:00,33.937,34.025,33.937,34.015,5990,0
2015-02-20,19:00:00,33.996,34.035,33.967,33.967,820,0
2015-02-20,20:00:00,33.967,33.967,33.947,33.947,513,0
2015-02-20,21:00:00,33.947,33.967,33.947,33.947,7795,0
2015-02-20,22:00:00,34.103,34.191,34.103,34.191,1231,0
2015-02-23,16:00:00,34.035,34.23,33.772,33.801,21540,0
2015-02-23,17:00:00,33.801,33.909,33.742,33.772,42397,0
2015-02-23,18:00:00,33.752,33.918,33.626,33.733,95084,0
2015-02-23,19:00:00,33.733,33.752,33.586,33.684,107138,0
2015-02-23,20:00:00,33.684,33.879,33.674,33.879,43388,0
2015-02-24,18:00:00,33.821,33.85,33.752,33.792,20514,0
2015-02-24,19:00:00,33.742,33.889,33.742,33.801,22464,0
2015-02-24,20:00:00,33.792,33.801,33.772,33.772,923,0
2015-02-24,21:00:00,33.723,33.723,33.723,33.723,1995,0
2015-02-24,22:00:00,33.792,33.86,33.684,33.684,1021,0
2015-02-25,16:00:00,33.967,33.967,33.967,33.967,1405,0
2015-02-25,17:00:00,34.006,34.152,33.977,34.025,12411,0
2015-02-25,18:00:00,34.075,34.113,34.075,34.113,718,0
2015-02-25,20:00:00,34.221,34.289,34.123,34.259,22155,0
2015-02-25,21:00:00,34.259,34.376,34.191,34.211,38735,0
2015-02-25,22:00:00,34.221,34.221,34.055,34.103,48409,0
2015-02-26,16:00:00,33.909,34.075,33.646,33.646,4308,0
2015-02-26,17:00:00,33.606,33.616,33.508,33.508,33862,0
2015-02-26,18:00:00,33.664,33.664,33.664,33.664,307,0
2015-02-26,19:00:00,33.636,33.733,33.636,33.733,310,0
2015-02-26,20:00:00,33.568,33.782,33.568,33.742,37742,0
2015-02-26,21:00:00,33.626,33.782,33.499,33.518,37586,0
2015-02-26,22:00:00,33.46,33.752,33.44,33.626,38419,0
2015-02-27,16:00:00,33.83,33.909,33.568,33.704,21117,0
2015-02-27,17:00:00,33.586,33.586,33.586,33.586,205,0
2015-02-27,18:00:00,33.606,33.733,33.606,33.733,3077,0
2015-02-27,19:00:00,33.704,33.704,33.704,33.704,2549,0
2015-02-27,22:00:00,33.723,34.123,33.636,33.782,17272,0
2015-03-02,16:00:00,33.742,33.742,33.654,33.684,1128,0
2015-03-02,17:00:00,33.733,33.889,33.684,33.714,52588,0
2015-03-02,18:00:00,33.733,33.733,33.646,33.664,15495,0
2015-03-02,19:00:00,33.664,33.664,33.664,33.664,615,0
2015-03-02,20:00:00,33.508,33.508,33.508,33.508,102,0
2015-03-02,22:00:00,33.489,33.558,33.382,33.382,909,0
2015-03-03,16:00:00,33.44,33.528,33.265,33.421,19589,0
2015-03-03,17:00:00,33.421,33.59,33.372,33.586,22876,0
2015-03-03,18:00:00,33.616,33.723,33.304,33.674,24818,0
2015-03-03,19:00:00,33.674,33.733,33.664,33.733,8840,0
2015-03-03,20:00:00,33.684,33.684,33.684,33.684,102,0
2015-03-03,21:00:00,33.714,33.733,33.714,33.733,307,0
2015-03-04,16:00:00,33.576,33.586,33.382,33.411,8412,0
2015-03-04,17:00:00,33.44,33.636,33.304,33.333,21336,0
2015-03-04,18:00:00,33.314,33.45,33.217,33.45,2770,0
2015-03-04,19:00:00,33.333,33.543,33.304,33.431,13745,0
2015-03-04,20:00:00,33.44,33.518,33.401,33.45,16309,0
2015-03-04,21:00:00,33.45,33.508,33.45,33.508,2759,0
2015-03-04,22:00:00,33.548,33.606,33.548,33.576,718,0
2015-03-05,16:00:00,33.762,33.947,33.255,33.757,11351,0
2015-03-05,17:00:00,33.674,33.869,33.626,33.85,7079,0
2015-03-05,18:00:00,33.937,33.937,33.801,33.86,16378,0
2015-03-05,19:00:00,33.85,34.015,33.85,33.86,2426,0
2015-03-05,22:00:00,33.723,33.86,33.723,33.86,205,0
2015-03-06,16:00:00,33.602,33.669,33.343,33.558,9552,0
2015-03-06,17:00:00,33.558,33.586,33.558,33.586,205,0
2015-03-06,18:00:00,33.333,33.343,33.235,33.245,12411,0
2015-03-06,19:00:00,33.157,33.208,33.119,33.157,20309,0
2015-03-06,21:00:00,33.217,33.323,33.217,33.323,820,0
2015-03-06,22:00:00,33.187,33.338,33.129,33.226,8103,0
2015-03-09,15:00:00,33.762,33.762,33.265,33.275,863,0
2015-03-09,16:00:00,33.226,33.226,33.226,33.226,205,0
2015-03-09,17:00:00,33.302,33.314,33.06,33.07,37433,0
2015-03-09,18:00:00,33.119,33.129,33.06,33.07,10667,0
2015-03-09,19:00:00,33.031,33.119,32.909,32.943,9951,0
2015-03-09,20:00:00,32.933,33.079,32.826,32.826,5954,0
2015-03-09,21:00:00,32.758,32.836,32.602,32.602,3077,0
2015-03-10,15:00:00,32.417,32.417,32.075,32.173,9717,0
2015-03-10,16:00:00,32.193,32.427,32.134,32.368,17158,0
2015-03-10,17:00:00,32.368,32.368,32.339,32.339,1231,0
2015-03-10,18:00:00,32.387,32.387,32.358,32.358,205,0
2015-03-10,21:00:00,32.358,32.728,32.349,32.592,14667,0
2015-03-11,15:00:00,32.582,32.582,32.281,32.281,923,0
2015-03-11,16:00:00,32.319,32.466,32.173,32.193,15077,0
2015-03-11,17:00:00,32.319,32.344,32.153,32.153,3178,0
2015-03-11,18:00:00,32.251,32.299,32.11,32.299,3898,0
2015-03-11,19:00:00,32.271,32.304,31.973,32.056,5437,0
2015-03-11,20:00:00,32.046,32.221,31.978,32.115,10975,0
2015-03-11,21:00:00,32.125,32.203,32.032,32.095,3078,0
2015-03-12,16:00:00,32.046,32.11,31.924,32.056,8513,0
2015-03-12,17:00:00,32.037,32.203,31.92,32.066,17027,0
2015-03-12,18:00:00,32.027,32.027,32.027,32.027,285,0
2015-03-12,20:00:00,32.007,32.261,31.88,31.958,5333,0
2015-03-12,21:00:00,31.968,32.125,31.871,31.988,12193,0
2015-03-13,16:00:00,31.608,31.696,31.53,31.598,12616,0
2015-03-13,17:00:00,31.598,31.686,31.568,31.656,4206,0
2015-03-13,20:00:00,31.573,31.705,31.52,31.608,1231,0
2015-03-13,21:00:00,31.686,31.92,31.559,31.774,20427,0
2015-03-16,16:00:00,31.403,31.481,31.335,31.345,8206,0
2015-03-16,17:00:00,31.466,31.53,31.325,31.393,4513,0
2015-03-16,18:00:00,31.451,31.451,31.451,31.451,102,0
2015-03-16,19:00:00,31.421,31.421,31.421,31.421,121,0
2015-03-16,20:00:00,31.432,31.53,31.393,31.53,5539,0
2015-03-16,21:00:00,31.51,31.958,31.003,31.656,28314,0
2015-03-17,15:00:00,31.354,31.608,31.354,31.568,1744,0
2015-03-17,17:00:00,31.574,31.574,31.574,31.574,278,0
2015-03-17,18:00:00,31.681,31.949,31.53,31.714,3898,0
2015-03-17,19:00:00,31.871,31.871,31.871,31.871,205,0
2015-03-17,21:00:00,31.774,31.949,31.115,31.822,47877,0
2015-03-18,15:00:00,30.312,31.549,30.312,31.549,387,0
2015-03-18,16:00:00,31.608,31.677,31.568,31.568,6975,0
2015-03-18,20:00:00,32.378,32.378,32.378,32.378,102,0
2015-03-18,21:00:00,32.519,32.592,32.29,32.436,17540,0
2015-03-19,19:00:00,32.143,32.221,32.085,32.085,2462,0
2015-03-19,20:00:00,32.051,32.208,32.051,32.183,2051,0
2015-03-19,21:00:00,32.09,32.246,32.075,32.134,11590,0
2015-03-20,18:00:00,32.339,32.436,32.271,32.436,13628,0
2015-03-20,19:00:00,32.397,32.436,32.266,32.339,27340,0
2015-03-20,20:00:00,32.407,32.407,32.407,32.407,1122,0
2015-03-20,21:00:00,32.271,32.387,32.251,32.309,2561,0
2015-03-23,16:00:00,32.475,32.475,32.417,32.427,18240,0
2015-03-23,17:00:00,32.485,32.572,32.475,32.572,6558,0
2015-03-23,18:00:00,32.65,32.67,32.65,32.66,1640,0
2015-03-23,19:00:00,32.748,32.748,32.748,32.748,205,0
2015-03-23,21:00:00,32.816,32.894,32.728,32.836,13013,0
2015-03-24,18:00:00,32.672,32.672,32.65,32.65,785,0
2015-03-24,19:00:00,32.524,32.524,32.524,32.524,102,0
2015-03-24,21:00:00,32.397,32.612,32.387,32.475,12804,0
2015-03-25,17:00:00,32.524,32.612,32.475,32.582,13418,0
2015-03-26,17:00:00,32.443,32.443,32.443,32.443,231,0
2015-03-26,21:00:00,32.514,32.514,32.504,32.504,512,0
2015-03-27,19:00:00,32.553,32.553,32.553,32.553,615,0
2015-03-27,21:00:00,32.553,32.553,32.553,32.553,5,0
2015-03-30,18:00:00,32.544,32.602,32.544,32.573,1546,0
2015-03-30,21:00:00,32.573,32.573,32.573,32.573,203,0
2015-03-31,19:00:00,32.602,32.67,32.602,32.67,410,0
2015-03-31,22:00:00,32.571,32.571,32.571,32.571,359,0
2015-04-01,17:00:00,32.826,32.826,32.826,32.826,126,0
2015-04-01,20:00:00,32.808,32.808,32.788,32.788,268,0
2015-04-02,18:00:00,32.856,32.924,32.778,32.778,5949,0
2015-04-02,19:00:00,32.797,32.806,32.797,32.806,614,0
2015-04-02,20:00:00,32.806,32.806,32.797,32.797,755,0
2015-04-07,17:00:00,32.861,32.861,32.861,32.861,974,0
2015-04-07,19:00:00,32.861,32.861,32.861,32.861,7,0
2015-04-07,21:00:00,32.861,32.861,32.861,32.861,60,0
2015-04-07,22:00:00,32.816,32.824,32.816,32.824,219,0
2015-04-08,19:00:00,32.915,32.924,32.914,32.924,563,0
2015-04-08,21:00:00,32.992,32.992,32.992,32.992,102,0
2015-04-10,17:00:00,33.04,33.04,33.001,33.01,562,0
2015-04-14,22:00:00,33.405,33.405,33.405,33.405,380,0
2015-04-16,22:00:00,33.849,33.849,33.849,33.849,213,0
2015-04-21,17:00:00,33.75,33.772,33.74,33.772,728,0
2015-04-21,20:00:00,33.711,33.711,33.711,33.711,504,0
2015-04-21,22:00:00,33.671,33.671,33.66,33.671,145,0
2015-04-22,19:00:00,33.713,33.77,33.713,33.77,309,0
2015-04-22,22:00:00,33.73,33.73,33.73,33.73,101,0
2015-04-23,16:00:00,33.829,33.899,33.829,33.859,939,0
2015-04-23,22:00:00,33.987,33.987,33.987,33.987,152,0
2015-04-24,16:00:00,33.878,33.878,33.859,33.859,203,0
2015-04-24,22:00:00,34.007,34.007,34.007,34.007,101,0
2015-04-27,21:00:00,34.104,34.115,34.104,34.115,882,0
2015-04-27,22:00:00,34.105,34.135,33.987,33.987,1186,0
2015-04-28,21:00:00,34.037,34.037,34.037,34.037,113,0
2015-04-29,18:00:00,34.154,34.154,34.154,34.154,101,0
2015-04-29,19:00:00,34.263,34.283,34.263,34.283,406,0
2015-04-30,17:00:00,34.371,34.371,34.371,34.371,203,0
2015-04-30,21:00:00,34.371,34.371,34.371,34.371,2126,0
2015-05-01,20:00:00,34.569,34.736,34.48,34.667,8110,0
2015-05-01,21:00:00,34.638,34.697,34.579,34.687,4258,0
2015-05-04,16:00:00,34.618,34.845,34.618,34.776,4765,0
2015-05-04,17:00:00,34.786,34.787,34.608,34.628,6163,0
2015-05-04,19:00:00,34.717,34.726,34.588,34.598,1115,0
2015-05-04,20:00:00,34.51,34.51,34.51,34.51,2515,0
2015-05-04,22:00:00,34.564,34.564,34.564,34.564,101,0
2015-05-05,16:00:00,34.312,35.022,34.312,34.736,8314,0
2015-05-05,17:00:00,34.707,34.736,34.667,34.667,1826,0
2015-05-05,19:00:00,34.411,34.411,34.411,34.411,101,0
2015-05-06,21:00:00,33.977,34.011,33.957,33.957,485,0
2015-05-06,22:00:00,33.977,33.977,33.977,33.977,101,0
2015-05-07,18:00:00,33.898,34.046,33.799,33.868,8933,0
2015-05-07,19:00:00,33.888,33.947,33.868,33.888,608,0
2015-05-07,20:00:00,33.79,33.839,33.78,33.78,1361,0
2015-05-07,21:00:00,33.691,33.765,33.681,33.741,1014,0
2015-05-08,16:00:00,33.691,33.78,33.681,33.78,4056,0
2015-05-08,17:00:00,33.78,33.829,33.711,33.829,4157,0
2015-05-08,18:00:00,33.947,34.115,33.947,34.056,7301,0
2015-05-08,19:00:00,34.036,34.145,34.026,34.095,14458,0
2015-05-08,21:00:00,34.076,34.076,33.967,33.977,1014,0
2015-05-08,22:00:00,33.997,34.036,33.947,33.947,1328,0
2015-05-11,18:00:00,33.859,33.928,33.848,33.928,1521,0
2015-05-11,19:00:00,33.789,33.859,33.78,33.859,1014,0
2015-05-11,20:00:00,33.839,33.839,33.711,33.77,2233,0
2015-05-11,22:00:00,33.711,33.78,33.711,33.75,712,0
2015-05-12,16:00:00,33.316,33.711,33.316,33.573,3503,0
2015-05-12,17:00:00,33.543,33.543,33.543,33.543,203,0
2015-05-12,22:00:00,33.73,33.73,33.73,33.73,120,0
2015-05-13,20:00:00,34.204,34.204,34.194,34.204,1318,0
2015-05-15,16:00:00,34.056,34.056,34.026,34.036,1926,0
2015-05-15,17:00:00,34.381,34.391,34.381,34.391,304,0
2015-05-15,19:00:00,34.421,34.421,34.421,34.421,101,0
2015-05-15,20:00:00,34.47,34.48,34.46,34.48,710,0
2015-05-15,21:00:00,34.476,34.476,34.476,34.476,142,0
2015-05-15,22:00:00,34.48,34.48,34.45,34.45,203,0
2015-05-18,19:00:00,34.618,34.618,34.608,34.608,203,0
2015-05-18,20:00:00,34.608,34.648,34.559,34.569,1825,0
2015-05-20,18:00:00,34.125,34.144,34.125,34.144,643,0
2015-05-21,22:00:00,34.292,34.292,34.288,34.288,245,0
2015-05-26,17:00:00,34.154,35.246,33.997,33.997,736,0
2015-05-26,22:00:00,34.105,34.115,34.105,34.115,406,0
2015-05-28,21:00:00,33.671,34.883,33.671,34.883,1036,0
2015-06-01,22:00:00,33.632,33.644,33.632,33.644,637,0
2015-06-03,21:00:00,33.306,33.356,33.306,33.356,874,0
2015-06-05,17:00:00,32.86,32.86,32.86,32.86,345,0
2015-06-05,19:00:00,32.902,32.902,32.902,32.902,101,0
2015-06-09,18:00:00,32.823,33.987,32.818,32.818,507,0
2015-06-10,16:00:00,32.892,32.975,32.892,32.975,2028,0
2015-06-10,17:00:00,32.912,32.996,32.912,32.996,608,0
2015-06-10,22:00:00,32.724,32.724,32.724,32.724,203,0
2015-06-11,16:00:00,32.685,32.694,32.685,32.694,811,0
2015-06-15,17:00:00,32.597,32.645,32.597,32.645,1012,0
2015-06-15,20:00:00,32.843,32.843,32.843,32.843,101,0
2015-06-15,22:00:00,32.853,32.989,32.853,32.941,2634,0
2015-06-16,20:00:00,32.833,32.833,32.803,32.804,507,0
2015-06-19,19:00:00,32.645,32.645,32.645,32.645,1419,0
2015-06-19,22:00:00,32.576,32.596,32.576,32.596,203,0
2015-06-22,17:00:00,32.537,33.691,32.458,32.458,920,0
2015-06-22,18:00:00,32.566,32.567,32.557,32.557,507,0
2015-06-22,22:00:00,32.478,32.478,32.478,32.478,101,0
2015-06-23,22:00:00,32.438,32.456,32.438,32.456,608,0
2015-06-26,21:00:00,31.906,31.945,31.906,31.945,1217,0
2015-06-29,19:00:00,31.57,31.57,31.57,31.57,101,0
2015-06-29,21:00:00,31.476,31.476,31.452,31.452,740,0
2015-06-29,22:00:00,31.354,31.354,31.304,31.304,468,0
2015-07-01,22:00:00,30.732,30.735,30.732,30.735,2180,0
2015-07-02,16:00:00,30.91,30.91,30.91,30.91,304,0
2015-07-02,18:00:00,31.018,31.018,31.018,31.018,1014,0
2015-07-02,19:00:00,31.117,31.186,31.107,31.186,710,0
2015-07-06,18:00:00,30.939,30.969,30.821,30.919,3351,0
2015-07-07,20:00:00,30.959,30.959,30.959,30.959,101,0
2015-07-07,21:00:00,30.88,30.88,30.88,30.88,101,0
2015-07-07,22:00:00,31.044,31.247,31.044,31.245,920,0
2015-07-09,19:00:00,30.919,30.939,30.831,30.86,3033,0
2015-07-09,20:00:00,30.87,30.89,30.811,30.811,1518,0
2015-07-10,16:00:00,30.67,30.95,30.67,30.95,360,0
2015-07-10,17:00:00,30.96,31.06,30.96,31.03,3057,0
2015-07-13,18:00:00,31.335,31.335,31.335,31.335,150,0
2015-07-13,21:00:00,31.53,31.53,31.45,31.49,1148,0
2015-07-13,22:00:00,31.43,31.48,31.43,31.48,499,0
2015-07-14,18:00:00,31.74,31.74,31.74,31.74,595,0
2015-07-14,20:00:00,31.5497,31.5497,31.5497,31.5497,157,0
2015-07-14,21:00:00,31.58,31.5801,31.58,31.5801,680,0
2015-07-15,19:00:00,31.41,31.9,31.4,31.42,13601,0
2015-07-15,20:00:00,31.32,31.32,31.32,31.32,200,0
2015-07-15,21:00:00,31.21,31.21,31.21,31.21,100,0
2015-07-15,22:00:00,31.07,31.07,31.07,31.07,100,0
2015-07-16,22:00:00,30.86,30.86,30.81,30.81,200,0
2015-07-20,20:00:00,29.79,29.79,29.74,29.74,200,0
2015-07-20,22:00:00,29.79,29.8,29.62,29.62,700,0
2015-07-21,16:00:00,29.86,29.86,29.86,29.86,1725,0
2015-07-21,17:00:00,29.89,29.95,29.87,29.89,1002,0
2015-07-22,22:00:00,28.76,28.76,28.76,28.76,100,0
2015-07-23,22:00:00,28.8286,28.8286,28.8286,28.8286,465,0
2015-07-24,17:00:00,28.94,29.0501,28.94,29.0501,800,0
2015-07-27,19:00:00,28.97,28.97,28.97,28.97,260,0
2015-07-27,20:00:00,29.095,29.095,29.095,29.095,258,0
2015-07-27,22:00:00,29.05,29.05,29.05,29.05,260,0
2015-07-28,21:00:00,29.871,29.9024,29.871,29.9024,420,0
2015-07-28,22:00:00,29.81,29.81,29.81,29.81,200,0
2015-07-29,18:00:00,30.13,30.13,30.13,30.13,500,0
2015-08-03,17:00:00,29.44,29.53,29.44,29.53,755,0
2015-08-06,16:00:00,23.33,25.48,23.33,25.48,950,0
2015-08-06,17:00:00,26.69,26.69,26.69,26.69,100,0
2015-08-06,18:00:00,27.29,27.29,27.29,27.29,360,0
2015-08-07,20:00:00,27.42,27.48,27.36,27.48,7500,0
2015-08-07,21:00:00,27.46,27.4801,27.12,27.12,12900,0
2015-08-07,22:00:00,27.18,27.2,27.12,27.2,500,0
