Date,Time,Open,High,Low,Close,Volume,OpenInt
2014-12-31,16:00:00,45.062,45.062,45.062,45.062,43729,0
2014-12-31,17:00:00,45.023,45.062,45.023,45.062,1146,0
2014-12-31,18:00:00,45.053,45.082,45.033,45.082,17588,0
2014-12-31,19:00:00,44.994,45.004,44.924,44.934,4824,0
2014-12-31,20:00:00,44.944,44.954,44.905,44.905,8658,0
2014-12-31,21:00:00,44.825,44.825,44.795,44.805,1386,0
2014-12-31,22:00:00,44.687,44.696,44.628,44.648,2832,0
2015-01-02,16:00:00,44.766,44.766,44.687,44.687,2574,0
2015-01-02,17:00:00,44.696,44.696,44.588,44.588,764,0
2015-01-02,18:00:00,44.539,44.549,44.489,44.529,13498,0
2015-01-02,19:00:00,44.489,44.539,44.479,44.479,3438,0
2015-01-02,20:00:00,44.43,44.439,44.43,44.439,431,0
2015-01-02,21:00:00,44.489,44.489,44.469,44.469,1720,0
2015-01-02,22:00:00,44.459,44.578,44.42,44.558,1315,0
2015-01-05,17:00:00,43.827,43.827,43.787,43.827,1618,0
2015-01-05,18:00:00,43.837,43.837,43.708,43.737,10155,0
2015-01-05,19:00:00,43.58,43.628,43.58,43.628,1284,0
2015-01-05,20:00:00,43.58,43.609,43.58,43.609,9072,0
2015-01-05,21:00:00,43.55,43.55,43.55,43.55,607,0
2015-01-05,22:00:00,43.52,43.628,43.52,43.55,36403,0
2015-01-06,16:00:00,43.52,43.52,43.52,43.52,1820,0
2015-01-06,17:00:00,43.59,43.698,43.59,43.628,7584,0
2015-01-06,18:00:00,43.411,43.421,43.184,43.194,2275,0
2015-01-06,19:00:00,43.145,43.223,43.105,43.223,26479,0
2015-01-06,20:00:00,43.243,43.243,43.105,43.125,8724,0
2015-01-06,21:00:00,43.223,43.362,43.184,43.342,3135,0
2015-01-07,16:00:00,43.491,43.491,43.491,43.491,1282,0
2015-01-07,17:00:00,43.54,43.54,43.342,43.342,3321,0
2015-01-07,18:00:00,43.272,43.322,43.263,43.322,3178,0
2015-01-07,19:00:00,43.57,43.618,43.54,43.618,2781,0
2015-01-07,20:00:00,43.59,43.59,43.52,43.58,5152,0
2015-01-07,21:00:00,43.728,43.728,43.55,43.58,3661,0
2015-01-07,22:00:00,43.53,43.53,43.53,43.53,3034,0
2015-01-08,16:00:00,43.956,43.956,43.906,43.936,3761,0
2015-01-08,17:00:00,44.064,44.074,44.054,44.054,2516,0
2015-01-08,18:00:00,44.183,44.232,44.183,44.203,3061,0
2015-01-08,19:00:00,44.203,44.203,44.183,44.183,926,0
2015-01-08,20:00:00,44.252,44.262,44.222,44.232,2685,0
2015-01-08,21:00:00,44.133,44.262,44.133,44.242,13636,0
2015-01-08,22:00:00,44.262,44.262,44.173,44.173,3570,0
2015-01-09,16:00:00,44.203,44.203,44.193,44.193,10137,0
2015-01-09,17:00:00,44.084,44.133,44.014,44.024,7947,0
2015-01-09,18:00:00,43.936,44.004,43.936,44.004,3794,0
2015-01-09,19:00:00,44.014,44.133,44.014,44.074,3055,0
2015-01-09,20:00:00,44.074,44.074,44.034,44.044,5524,0
2015-01-09,21:00:00,44.004,44.004,44.004,44.004,1366,0
2015-01-09,22:00:00,44.044,44.074,44.004,44.004,2543,0
2015-01-12,17:00:00,43.57,43.688,43.55,43.688,14557,0
2015-01-12,18:00:00,43.777,43.777,43.688,43.698,4270,0
2015-01-12,19:00:00,43.737,43.767,43.698,43.698,15834,0
2015-01-12,20:00:00,43.628,43.718,43.628,43.718,2722,0
2015-01-12,21:00:00,43.678,43.688,43.678,43.688,203,0
2015-01-12,22:00:00,43.668,43.698,43.648,43.658,2086,0
2015-01-13,16:00:00,44.272,44.272,44.272,44.272,910,0
2015-01-13,17:00:00,44.312,44.312,44.262,44.262,945,0
2015-01-13,18:00:00,44.252,44.272,44.252,44.272,2704,0
2015-01-13,19:00:00,44.133,44.173,44.044,44.044,6168,0
2015-01-13,20:00:00,44.093,44.113,43.797,43.807,3548,0
2015-01-13,21:00:00,43.461,43.688,43.461,43.638,1711,0
2015-01-13,22:00:00,43.876,43.876,43.767,43.787,6958,0
2015-01-14,16:00:00,43.658,43.658,43.658,43.658,1732,0
2015-01-14,17:00:00,43.757,43.757,43.757,43.757,2193,0
2015-01-14,18:00:00,43.767,43.777,43.638,43.638,5940,0
2015-01-14,19:00:00,43.628,43.628,43.56,43.56,1673,0
2015-01-14,20:00:00,43.54,43.54,43.441,43.451,1911,0
2015-01-14,21:00:00,43.618,43.737,43.618,43.668,1048,0
2015-01-14,22:00:00,43.767,43.896,43.767,43.896,3282,0
2015-01-15,16:00:00,43.974,43.984,43.965,43.965,1668,0
2015-01-15,17:00:00,43.984,44.153,43.984,44.153,9811,0
2015-01-15,18:00:00,44.064,44.064,43.965,43.965,1139,0
2015-01-15,19:00:00,43.906,43.956,43.896,43.936,3293,0
2015-01-15,20:00:00,43.994,44.044,43.886,43.886,5546,0
2015-01-15,21:00:00,44.004,44.004,44.004,44.004,708,0
2015-01-15,22:00:00,43.965,43.965,43.965,43.965,1724,0
2015-01-16,16:00:00,44.123,44.123,44.093,44.113,2336,0
2015-01-16,17:00:00,44.074,44.173,44.074,44.123,2411,0
2015-01-16,18:00:00,44.232,44.232,44.232,44.232,437,0
2015-01-16,19:00:00,44.302,44.42,44.302,44.42,2015,0
2015-01-16,20:00:00,44.4,44.41,44.38,44.38,959,0
2015-01-16,21:00:00,44.38,44.39,44.38,44.39,2478,0
2015-01-16,22:00:00,44.489,44.578,44.489,44.568,910,0
2015-01-20,16:00:00,44.668,44.668,44.439,44.439,3140,0
2015-01-20,17:00:00,44.558,44.568,44.499,44.499,8488,0
2015-01-20,18:00:00,44.489,44.499,44.43,44.43,11533,0
2015-01-20,19:00:00,44.41,44.479,44.4,44.4,9394,0
2015-01-20,20:00:00,44.35,44.39,44.35,44.39,5563,0
2015-01-20,21:00:00,44.479,44.638,44.479,44.628,43788,0
2015-01-20,22:00:00,44.628,44.628,44.549,44.549,7688,0
2015-01-21,16:00:00,44.825,44.825,44.825,44.825,607,0
2015-01-21,17:00:00,44.658,44.835,44.658,44.835,5874,0
2015-01-21,18:00:00,44.905,44.934,44.905,44.934,6134,0
2015-01-21,20:00:00,44.845,44.845,44.845,44.845,965,0
2015-01-21,21:00:00,44.815,44.905,44.815,44.905,2528,0
2015-01-21,22:00:00,44.964,44.964,44.964,44.964,101,0
2015-01-22,16:00:00,45.092,45.092,44.984,44.984,5075,0
2015-01-22,17:00:00,45.062,45.171,45.062,45.151,2475,0
2015-01-22,18:00:00,45.062,45.062,45.014,45.033,3136,0
2015-01-22,19:00:00,45.072,45.102,45.053,45.082,7089,0
2015-01-22,20:00:00,45.112,45.112,45.102,45.102,2468,0
2015-01-22,21:00:00,45.161,45.26,45.161,45.26,1355,0
2015-01-22,22:00:00,45.34,45.36,45.29,45.29,2124,0
2015-01-23,16:00:00,45.141,45.141,45.053,45.141,11095,0
2015-01-23,17:00:00,45.092,45.092,45.092,45.092,607,0
2015-01-23,18:00:00,45.151,45.151,45.151,45.151,530,0
2015-01-23,19:00:00,45.132,45.201,45.132,45.161,5227,0
2015-01-23,20:00:00,45.132,45.141,45.082,45.082,6854,0
2015-01-23,21:00:00,45.082,45.082,45.082,45.082,304,0
2015-01-23,22:00:00,45.004,45.004,44.944,44.944,1208,0
2015-01-26,16:00:00,45.082,45.082,45.082,45.082,2433,0
2015-01-26,17:00:00,45.181,45.251,45.181,45.251,3317,0
2015-01-26,18:00:00,45.26,45.34,45.26,45.34,5005,0
2015-01-26,19:00:00,45.409,45.409,45.32,45.37,10032,0
2015-01-26,20:00:00,45.35,45.37,45.35,45.37,1517,0
2015-01-26,21:00:00,45.35,45.35,45.35,45.35,203,0
2015-01-26,22:00:00,45.29,45.35,45.29,45.35,935,0
2015-01-27,16:00:00,45.171,45.26,45.171,45.26,7604,0
2015-01-27,17:00:00,45.141,45.141,45.141,45.141,101,0
2015-01-27,18:00:00,45.201,45.231,45.201,45.231,8117,0
2015-01-27,19:00:00,45.29,45.34,45.29,45.34,1921,0
2015-01-27,20:00:00,45.458,45.458,45.399,45.419,9012,0
2015-01-27,21:00:00,45.458,45.488,45.458,45.488,9324,0
2015-01-27,22:00:00,45.34,45.37,45.34,45.34,1124,0
2015-01-28,16:00:00,45.527,45.527,45.527,45.527,5710,0
2015-01-28,18:00:00,45.379,45.537,45.379,45.527,9941,0
2015-01-28,19:00:00,45.497,45.587,45.497,45.577,52651,0
2015-01-28,20:00:00,45.547,45.547,45.419,45.419,2901,0
2015-01-28,21:00:00,45.389,45.389,45.082,45.231,7804,0
2015-01-28,22:00:00,45.004,45.004,45.004,45.004,404,0
2015-01-29,16:00:00,45.102,45.102,45.014,45.033,1446,0
2015-01-29,17:00:00,45.033,45.043,44.795,44.805,3690,0
2015-01-29,18:00:00,44.895,44.905,44.895,44.905,1517,0
2015-01-29,19:00:00,44.954,44.994,44.905,44.914,2226,0
2015-01-29,20:00:00,45.014,45.211,45.014,45.211,4267,0
2015-01-29,21:00:00,45.122,45.122,45.122,45.122,465,0
2015-01-29,22:00:00,45.151,45.31,45.151,45.31,4977,0
2015-01-30,16:00:00,44.875,44.875,44.875,44.875,799,0
2015-01-30,19:00:00,44.835,44.835,44.835,44.835,758,0
2015-01-30,20:00:00,44.805,44.954,44.805,44.954,4636,0
2015-01-30,21:00:00,44.914,45.004,44.815,44.825,2348,0
2015-01-30,22:00:00,44.825,44.825,44.578,44.578,3287,0
2015-02-02,16:00:00,44.746,44.746,44.746,44.746,3661,0
2015-02-02,17:00:00,44.608,44.815,44.608,44.815,1618,0
2015-02-02,18:00:00,45.014,45.102,45.014,45.102,2699,0
2015-02-02,19:00:00,44.994,45.014,44.924,44.934,2983,0
2015-02-02,20:00:00,44.835,44.845,44.439,44.756,3936,0
2015-02-02,21:00:00,44.865,44.865,44.865,44.865,607,0
2015-02-02,22:00:00,44.984,45.191,44.944,45.141,1926,0
2015-02-03,16:00:00,45.31,45.448,45.31,45.448,5425,0
2015-02-03,17:00:00,45.458,45.468,45.429,45.438,3586,0
2015-02-03,18:00:00,45.507,45.567,45.507,45.557,607,0
2015-02-03,19:00:00,45.448,45.616,45.438,45.616,5138,0
2015-02-03,20:00:00,45.686,45.785,45.686,45.745,7020,0
2015-02-03,21:00:00,45.735,45.735,45.676,45.676,561,0
2015-02-03,22:00:00,45.706,45.775,45.706,45.775,1264,0
2015-02-04,16:00:00,45.527,45.527,45.527,45.527,3986,0
2015-02-04,17:00:00,45.557,45.557,45.547,45.547,1982,0
2015-02-04,18:00:00,45.607,45.755,45.607,45.755,10517,0
2015-02-04,19:00:00,45.745,45.765,45.696,45.716,8766,0
2015-02-04,20:00:00,45.597,45.607,45.597,45.607,1746,0
2015-02-04,21:00:00,45.497,45.567,45.497,45.567,883,0
2015-02-04,22:00:00,45.656,45.656,45.389,45.389,425,0
2015-02-05,16:00:00,45.616,45.616,45.616,45.616,1654,0
2015-02-05,17:00:00,45.775,45.775,45.755,45.755,2965,0
2015-02-05,18:00:00,45.765,45.785,45.765,45.785,8292,0
2015-02-05,19:00:00,45.804,45.804,45.755,45.755,2518,0
2015-02-05,20:00:00,45.853,45.863,45.853,45.863,2074,0
2015-02-05,21:00:00,45.814,45.814,45.804,45.804,4349,0
2015-02-05,22:00:00,45.775,45.873,45.775,45.843,3701,0
2015-02-06,16:00:00,45.597,45.597,45.597,45.597,4967,0
2015-02-06,17:00:00,45.517,45.646,45.517,45.636,11843,0
2015-02-06,18:00:00,45.527,45.626,45.507,45.507,2730,0
2015-02-06,20:00:00,45.35,45.35,45.35,45.35,2584,0
2015-02-06,22:00:00,45.092,45.211,45.092,45.211,6343,0
2015-02-09,16:00:00,45.004,45.043,44.716,45.043,4535,0
2015-02-09,17:00:00,44.984,44.984,44.865,44.865,6405,0
2015-02-09,18:00:00,44.934,44.934,44.934,44.934,394,0
2015-02-09,19:00:00,44.934,44.954,44.924,44.954,3192,0
2015-02-09,21:00:00,44.815,44.845,44.786,44.795,1495,0
2015-02-09,22:00:00,44.677,44.795,44.677,44.795,1062,0
2015-02-10,16:00:00,44.974,45.014,44.974,45.014,2770,0
2015-02-10,17:00:00,44.954,44.964,44.914,44.914,4677,0
2015-02-10,18:00:00,44.944,45.053,44.944,45.053,708,0
2015-02-10,19:00:00,45.151,45.161,45.151,45.151,2730,0
2015-02-10,20:00:00,45.062,45.112,45.062,45.112,777,0
2015-02-10,21:00:00,45.102,45.211,45.102,45.211,3641,0
2015-02-10,22:00:00,45.31,45.31,45.31,45.31,101,0
2015-02-11,16:00:00,45.043,45.043,45.023,45.023,1008,0
2015-02-11,17:00:00,45.004,45.004,44.954,44.994,8409,0
2015-02-11,18:00:00,44.974,44.994,44.974,44.984,2225,0
2015-02-11,19:00:00,44.954,44.984,44.944,44.964,4819,0
2015-02-11,20:00:00,44.895,44.905,44.736,44.885,7989,0
2015-02-11,21:00:00,44.964,44.964,44.905,44.905,3913,0
2015-02-11,22:00:00,44.994,45.053,44.984,45.014,2149,0
2015-02-12,16:00:00,45.34,45.34,45.34,45.34,1557,0
2015-02-12,17:00:00,45.33,45.409,45.33,45.399,5658,0
2015-02-12,18:00:00,45.399,45.438,45.399,45.438,2848,0
2015-02-12,19:00:00,45.468,45.468,45.438,45.448,2453,0
2015-02-12,20:00:00,45.507,45.507,45.507,45.507,643,0
2015-02-12,21:00:00,45.527,45.547,45.488,45.547,3774,0
2015-02-12,22:00:00,45.577,45.607,45.567,45.567,1345,0
2015-02-13,16:00:00,45.547,45.567,45.547,45.567,1382,0
2015-02-13,17:00:00,45.636,45.636,45.636,45.636,8083,0
2015-02-13,18:00:00,45.686,45.696,45.616,45.636,7667,0
2015-02-13,19:00:00,45.656,45.656,45.577,45.597,22278,0
2015-02-13,20:00:00,45.587,45.587,45.587,45.587,658,0
2015-02-13,21:00:00,45.517,45.547,45.517,45.547,2384,0
2015-02-13,22:00:00,45.537,45.537,45.537,45.537,203,0
2015-02-17,16:00:00,45.409,45.409,45.409,45.409,31870,0
2015-02-17,18:00:00,45.497,45.497,45.497,45.497,2490,0
2015-02-17,19:00:00,45.557,45.557,45.557,45.557,404,0
2015-02-17,20:00:00,45.676,45.686,45.656,45.666,3211,0
2015-02-17,21:00:00,45.666,45.666,45.626,45.656,1030,0
2015-02-17,22:00:00,45.616,45.646,45.616,45.646,3858,0
2015-02-18,17:00:00,45.409,45.547,45.409,45.537,20892,0
2015-02-18,18:00:00,45.577,45.587,45.577,45.587,3455,0
2015-02-18,19:00:00,45.557,45.567,45.537,45.547,3016,0
2015-02-18,20:00:00,45.577,45.577,45.567,45.577,1921,0
2015-02-18,21:00:00,45.686,45.706,45.686,45.706,661,0
2015-02-18,22:00:00,45.755,45.765,45.716,45.745,2783,0
2015-02-19,16:00:00,45.646,45.656,45.636,45.636,9529,0
2015-02-19,17:00:00,45.656,45.696,45.646,45.696,2581,0
2015-02-19,18:00:00,45.755,45.775,45.716,45.775,20721,0
2015-02-19,19:00:00,45.716,45.716,45.577,45.616,3063,0
2015-02-19,20:00:00,45.607,45.616,45.607,45.616,1054,0
2015-02-19,22:00:00,45.607,45.616,45.577,45.616,1557,0
2015-02-20,16:00:00,45.527,45.527,45.389,45.389,315,0
2015-02-20,17:00:00,45.409,45.488,45.409,45.419,3742,0
2015-02-20,18:00:00,45.547,45.567,45.517,45.527,9902,0
2015-02-20,19:00:00,45.537,45.676,45.537,45.676,505,0
2015-02-20,20:00:00,45.706,45.765,45.706,45.765,1339,0
2015-02-20,21:00:00,45.804,45.824,45.795,45.795,6472,0
2015-02-20,22:00:00,45.853,45.893,45.824,45.824,4926,0
2015-02-23,16:00:00,45.735,45.735,45.686,45.686,8104,0
2015-02-23,17:00:00,45.676,45.686,45.666,45.666,703,0
2015-02-23,18:00:00,45.745,45.745,45.745,45.745,351,0
2015-02-23,19:00:00,45.735,45.745,45.706,45.706,505,0
2015-02-23,20:00:00,45.686,45.775,45.686,45.765,9337,0
2015-02-23,21:00:00,45.725,45.765,45.696,45.696,4047,0
2015-02-23,22:00:00,45.666,45.725,45.656,45.725,1921,0
2015-02-24,16:00:00,45.795,45.795,45.795,45.795,4323,0
2015-02-24,17:00:00,45.972,46.032,45.972,45.982,3282,0
2015-02-24,18:00:00,46.101,46.101,45.982,45.992,1851,0
2015-02-24,19:00:00,45.992,46.002,45.972,45.992,2896,0
2015-02-24,20:00:00,45.953,45.972,45.953,45.962,3351,0
2015-02-24,21:00:00,46.012,46.022,46.012,46.022,2629,0
2015-02-24,22:00:00,46.052,46.081,46.032,46.081,2376,0
2015-02-25,16:00:00,45.982,45.982,45.962,45.962,759,0
2015-02-25,17:00:00,45.913,45.943,45.913,45.943,4002,0
2015-02-25,18:00:00,45.972,45.972,45.972,45.972,607,0
2015-02-25,19:00:00,46.002,46.012,46.002,46.012,2129,0
2015-02-25,20:00:00,46.002,46.052,46.002,46.052,1310,0
2015-02-25,21:00:00,45.992,46.022,45.992,46.022,1740,0
2015-02-26,16:00:00,45.814,45.814,45.814,45.814,435,0
2015-02-26,17:00:00,45.735,45.735,45.735,45.735,607,0
2015-02-26,18:00:00,45.804,45.804,45.765,45.765,9759,0
2015-02-26,19:00:00,45.775,45.775,45.706,45.725,96648,0
2015-02-26,20:00:00,45.775,45.775,45.735,45.735,2824,0
2015-02-26,21:00:00,45.706,45.706,45.656,45.656,2504,0
2015-02-27,16:00:00,45.716,45.745,45.686,45.686,21587,0
2015-02-27,17:00:00,45.765,45.834,45.745,45.834,4003,0
2015-02-27,18:00:00,45.843,45.853,45.843,45.843,5783,0
2015-02-27,19:00:00,45.834,45.883,45.834,45.883,15771,0
2015-02-27,20:00:00,45.814,45.824,45.814,45.814,8333,0
2015-02-27,21:00:00,45.834,45.853,45.834,45.843,4616,0
2015-02-27,22:00:00,45.765,45.795,45.765,45.765,17238,0
2015-03-02,16:00:00,45.725,45.755,45.725,45.725,6522,0
2015-03-02,17:00:00,45.745,45.745,45.676,45.676,3003,0
2015-03-02,18:00:00,45.636,45.676,45.636,45.636,1892,0
2015-03-02,19:00:00,45.616,45.636,45.616,45.636,4807,0
2015-03-02,20:00:00,45.646,45.716,45.646,45.696,3746,0
2015-03-02,21:00:00,45.725,45.725,45.666,45.676,4474,0
2015-03-02,22:00:00,45.716,45.785,45.706,45.765,2169,0
2015-03-03,16:00:00,45.537,45.547,45.478,45.478,12079,0
2015-03-03,17:00:00,45.537,45.547,45.497,45.512,5979,0
2015-03-03,18:00:00,45.488,45.488,45.448,45.468,651,0
2015-03-03,19:00:00,45.448,45.478,45.419,45.478,1398,0
2015-03-03,20:00:00,45.419,45.478,45.419,45.478,366,0
2015-03-03,21:00:00,45.478,45.532,45.468,45.517,1333,0
2015-03-03,22:00:00,45.497,45.507,45.488,45.507,1175,0
2015-03-04,16:00:00,45.211,45.211,45.102,45.102,5289,0
2015-03-04,17:00:00,45.112,45.137,45.082,45.122,3562,0
2015-03-04,18:00:00,45.181,45.275,45.181,45.275,2150,0
2015-03-04,19:00:00,45.32,45.32,45.32,45.32,101,0
2015-03-04,20:00:00,45.32,45.33,45.32,45.33,607,0
2015-03-04,21:00:00,45.32,45.33,45.26,45.285,13596,0
2015-03-04,22:00:00,45.379,45.386,45.379,45.386,404,0
2015-03-05,17:00:00,45.448,45.488,45.448,45.453,2269,0
2015-03-05,18:00:00,45.419,45.419,45.36,45.37,4904,0
2015-03-05,19:00:00,45.37,45.37,45.37,45.37,995,0
2015-03-05,21:00:00,45.399,45.409,45.399,45.399,1522,0
2015-03-05,22:00:00,45.399,45.399,45.389,45.389,945,0
2015-03-06,16:00:00,45.014,45.014,44.875,44.905,2172,0
2015-03-06,17:00:00,44.905,44.914,44.905,44.914,3606,0
2015-03-06,18:00:00,44.776,44.786,44.736,44.736,4222,0
2015-03-06,19:00:00,44.578,44.62,44.578,44.618,2528,0
2015-03-06,20:00:00,44.608,44.608,44.568,44.588,6204,0
2015-03-06,21:00:00,44.549,44.549,44.549,44.549,128,0
2015-03-06,22:00:00,44.568,44.568,44.529,44.549,2411,0
2015-03-09,15:00:00,44.618,44.618,44.618,44.618,505,0
2015-03-09,16:00:00,44.618,44.628,44.608,44.618,10672,0
2015-03-09,17:00:00,44.608,44.623,44.608,44.613,505,0
2015-03-09,18:00:00,44.558,44.61,44.558,44.61,1060,0
2015-03-09,19:00:00,44.623,44.658,44.623,44.658,1197,0
2015-03-09,21:00:00,44.568,44.618,44.568,44.618,988,0
2015-03-10,15:00:00,44.133,44.143,44.054,44.054,11822,0
2015-03-10,16:00:00,44.098,44.148,44.044,44.148,2094,0
2015-03-10,17:00:00,44.143,44.168,44.143,44.168,910,0
2015-03-10,18:00:00,43.946,43.951,43.936,43.941,1987,0
2015-03-10,19:00:00,43.926,43.936,43.926,43.936,2423,0
2015-03-10,20:00:00,43.946,43.946,43.906,43.906,304,0
2015-03-10,21:00:00,43.896,43.896,43.86,43.86,809,0
2015-03-11,15:00:00,43.936,43.946,43.936,43.946,1339,0
2015-03-11,16:00:00,43.856,43.866,43.856,43.866,2150,0
2015-03-11,17:00:00,43.817,43.906,43.817,43.906,5791,0
2015-03-11,18:00:00,43.941,43.941,43.941,43.941,203,0
2015-03-11,19:00:00,43.936,43.941,43.886,43.896,1528,0
2015-03-11,20:00:00,43.876,43.927,43.876,43.927,391,0
2015-03-11,21:00:00,43.891,43.891,43.891,43.891,101,0
2015-03-12,15:00:00,44.203,44.222,44.203,44.222,1906,0
2015-03-12,16:00:00,44.183,44.242,44.143,44.232,7684,0
2015-03-12,17:00:00,44.262,44.302,44.262,44.302,3710,0
2015-03-12,18:00:00,44.212,44.212,44.212,44.212,556,0
2015-03-12,19:00:00,44.242,44.242,44.242,44.242,499,0
2015-03-12,21:00:00,44.34,44.38,44.34,44.38,1143,0
2015-03-13,15:00:00,44.203,44.203,44.084,44.084,1521,0
2015-03-13,16:00:00,43.946,43.951,43.946,43.946,812,0
2015-03-13,17:00:00,43.856,43.856,43.856,43.856,1621,0
2015-03-13,18:00:00,43.886,43.906,43.886,43.896,2853,0
2015-03-13,19:00:00,43.946,43.946,43.946,43.946,541,0
2015-03-13,21:00:00,43.936,44.054,43.936,44.054,4621,0
2015-03-16,15:00:00,44.232,44.34,44.232,44.33,2902,0
2015-03-16,16:00:00,44.439,44.492,44.439,44.489,749,0
2015-03-16,17:00:00,44.529,44.568,44.529,44.568,1467,0
2015-03-16,19:00:00,44.588,44.598,44.568,44.588,2373,0
2015-03-16,20:00:00,44.563,44.598,44.563,44.588,809,0
2015-03-16,21:00:00,44.549,44.549,44.549,44.549,101,0
2015-03-17,15:00:00,44.439,44.469,44.439,44.439,14894,0
2015-03-17,16:00:00,44.469,44.474,44.469,44.474,841,0
2015-03-17,17:00:00,44.4,44.42,44.4,44.42,247,0
2015-03-17,18:00:00,44.459,44.469,44.459,44.464,12954,0
2015-03-17,19:00:00,44.568,44.613,44.568,44.613,2979,0
2015-03-17,21:00:00,44.648,44.664,44.618,44.638,2504,0
2015-03-18,15:00:00,44.598,44.598,44.578,44.578,6967,0
2015-03-18,16:00:00,44.648,44.677,44.648,44.677,1776,0
2015-03-18,17:00:00,44.716,44.716,44.687,44.694,15988,0
2015-03-18,18:00:00,44.658,44.668,44.648,44.648,1611,0
2015-03-18,19:00:00,44.677,44.687,44.668,44.668,2426,0
2015-03-18,21:00:00,45.517,45.577,45.517,45.517,939,0
2015-03-19,15:00:00,45.112,45.122,45.112,45.122,6450,0
2015-03-19,16:00:00,45.062,45.062,45.062,45.062,1631,0
2015-03-19,17:00:00,45.075,45.077,44.944,44.954,1087,0
2015-03-19,18:00:00,44.971,45.004,44.954,44.969,920,0
2015-03-19,19:00:00,44.994,45.014,44.994,45.014,404,0
2015-03-19,20:00:00,45.009,45.009,44.938,44.938,1398,0
2015-03-19,21:00:00,45.004,45.004,45.004,45.004,101,0
2015-03-20,15:00:00,45.382,45.412,45.382,45.407,4064,0
2015-03-20,16:00:00,45.437,45.506,45.437,45.501,10186,0
2015-03-20,17:00:00,45.541,45.541,45.541,45.541,146,0
2015-03-20,18:00:00,45.64,45.675,45.601,45.67,10645,0
2015-03-20,19:00:00,45.72,45.739,45.72,45.72,4465,0
2015-03-20,20:00:00,45.69,45.7,45.65,45.68,8684,0
2015-03-20,21:00:00,45.66,45.7,45.596,45.66,4518,0
2015-03-23,16:00:00,45.601,45.62,45.591,45.601,5299,0
2015-03-23,17:00:00,45.531,45.531,45.531,45.531,135,0
2015-03-23,18:00:00,45.581,45.602,45.581,45.602,332,0
2015-03-23,19:00:00,45.601,45.71,45.601,45.71,5769,0
2015-03-23,20:00:00,45.66,45.71,45.66,45.705,1261,0
2015-03-23,21:00:00,45.66,45.7,45.66,45.7,202,0
2015-03-24,15:00:00,45.65,45.65,45.65,45.65,2663,0
2015-03-24,16:00:00,45.65,45.66,45.63,45.63,1496,0
2015-03-24,17:00:00,45.64,45.64,45.62,45.62,469,0
2015-03-24,18:00:00,45.541,45.541,45.541,45.541,3676,0
2015-03-24,19:00:00,45.541,45.573,45.521,45.551,5144,0
2015-03-24,20:00:00,45.511,45.521,45.472,45.472,3853,0
2015-03-24,21:00:00,45.472,45.928,45.432,45.432,2088,0
2015-03-25,15:00:00,45.551,45.561,45.551,45.561,2995,0
2015-03-25,16:00:00,45.491,45.491,45.491,45.491,103,0
2015-03-25,17:00:00,45.536,45.541,45.462,45.462,2192,0
2015-03-25,19:00:00,45.273,45.273,45.254,45.254,1395,0
2015-03-25,20:00:00,45.293,45.313,45.283,45.313,2723,0
2015-03-25,21:00:00,45.254,45.254,45.184,45.184,491,0
2015-03-26,15:00:00,44.936,44.946,44.936,44.936,6382,0
2015-03-26,16:00:00,44.718,44.748,44.688,44.728,1993,0
2015-03-26,17:00:00,44.748,44.748,44.738,44.738,1145,0
2015-03-26,18:00:00,44.877,44.877,44.877,44.877,781,0
2015-03-26,19:00:00,44.946,44.946,44.867,44.946,756,0
2015-03-26,20:00:00,44.906,44.916,44.906,44.916,921,0
2015-03-26,21:00:00,44.857,44.872,44.817,44.827,2647,0
2015-03-27,15:00:00,44.659,44.827,44.659,44.807,3007,0
2015-03-27,16:00:00,44.788,44.867,44.768,44.867,3513,0
2015-03-27,17:00:00,44.906,44.906,44.788,44.807,5035,0
2015-03-27,18:00:00,44.852,44.852,44.817,44.847,2473,0
2015-03-27,19:00:00,44.847,44.877,44.837,44.852,1413,0
2015-03-27,20:00:00,44.852,44.852,44.852,44.852,193,0
2015-03-27,21:00:00,44.852,44.867,44.827,44.837,2055,0
2015-03-30,16:00:00,44.867,44.867,44.817,44.817,212,0
2015-03-30,17:00:00,44.817,44.936,44.817,44.936,2474,0
2015-03-30,18:00:00,44.966,44.986,44.946,44.966,969,0
2015-03-30,19:00:00,44.966,45.001,44.966,45.001,261,0
2015-03-30,20:00:00,45.001,45.045,45.001,45.035,523,0
2015-03-30,21:00:00,45.035,45.035,45.035,45.035,229,0
2015-03-30,22:00:00,45.035,45.035,44.976,44.996,1705,0
2015-03-31,16:00:00,44.44,44.465,44.44,44.465,6326,0
2015-03-31,17:00:00,44.465,44.639,44.465,44.609,2771,0
2015-03-31,18:00:00,44.609,44.619,44.559,44.559,1141,0
2015-03-31,19:00:00,44.5,44.53,44.5,44.51,2812,0
2015-03-31,20:00:00,44.51,44.55,44.51,44.55,263,0
2015-03-31,21:00:00,44.55,44.55,44.52,44.52,495,0
2015-03-31,22:00:00,44.52,44.52,44.47,44.48,680,0
2015-04-01,16:00:00,44.53,44.53,44.46,44.46,676,0
2015-04-01,17:00:00,44.46,44.659,44.46,44.659,2313,0
2015-04-01,18:00:00,44.659,44.718,44.659,44.718,2347,0
2015-04-01,19:00:00,44.649,44.649,44.649,44.649,1352,0
2015-04-01,20:00:00,44.649,44.718,44.589,44.589,36613,0
2015-04-01,21:00:00,44.589,44.669,44.589,44.669,1165,0
2015-04-01,22:00:00,44.669,44.669,44.619,44.619,2520,0
2015-04-02,16:00:00,44.926,45.075,44.916,45.075,3436,0
2015-04-02,17:00:00,45.016,45.016,45.016,45.016,353,0
2015-04-02,18:00:00,45.055,45.055,44.996,44.996,1426,0
2015-04-02,19:00:00,44.996,45.035,44.996,45.035,1666,0
2015-04-02,20:00:00,45.035,45.045,45.035,45.045,264,0
2015-04-02,21:00:00,45.055,45.065,45.055,45.065,13920,0
2015-04-02,22:00:00,45.055,45.055,45.035,45.035,4199,0
2015-04-06,16:00:00,45.224,45.313,45.224,45.313,1140,0
2015-04-06,17:00:00,45.313,45.531,45.313,45.531,13440,0
2015-04-06,18:00:00,45.531,45.561,45.521,45.541,6357,0
2015-04-06,19:00:00,45.541,45.551,45.541,45.551,1327,0
2015-04-06,20:00:00,45.561,45.561,45.511,45.511,3882,0
2015-04-06,21:00:00,45.521,45.551,45.521,45.525,3362,0
2015-04-06,22:00:00,45.525,45.525,45.363,45.363,16159,0
2015-04-07,16:00:00,45.531,45.561,45.452,45.531,3584,0
2015-04-07,17:00:00,45.551,45.551,45.551,45.551,593,0
2015-04-07,18:00:00,45.551,45.561,45.541,45.541,1717,0
2015-04-07,19:00:00,45.541,45.591,45.541,45.571,4252,0
2015-04-07,20:00:00,45.571,45.571,45.541,45.541,693,0
2015-04-07,21:00:00,45.541,45.541,45.501,45.501,151,0
2015-04-07,22:00:00,45.501,45.501,45.392,45.402,3792,0
2015-04-08,16:00:00,45.66,45.66,45.66,45.66,590,0
2015-04-08,17:00:00,45.601,45.601,45.462,45.462,2367,0
2015-04-08,18:00:00,45.462,45.61,45.462,45.581,2699,0
2015-04-08,19:00:00,45.581,45.581,45.521,45.521,322,0
2015-04-08,20:00:00,45.521,45.596,45.521,45.561,9447,0
2015-04-08,21:00:00,45.561,45.61,45.501,45.501,4754,0
2015-04-08,22:00:00,45.511,45.531,45.501,45.531,5856,0
2015-04-09,16:00:00,45.501,45.501,45.462,45.462,26347,0
2015-04-09,17:00:00,45.482,45.482,45.324,45.392,8264,0
2015-04-09,18:00:00,45.392,45.392,45.392,45.392,11,0
2015-04-09,19:00:00,45.392,45.551,45.392,45.551,1370,0
2015-04-09,20:00:00,45.551,45.551,45.482,45.482,449,0
2015-04-09,21:00:00,45.472,45.521,45.472,45.511,15487,0
2015-04-09,22:00:00,45.511,45.581,45.511,45.581,303,0
2015-04-10,16:00:00,45.581,45.61,45.581,45.61,677,0
2015-04-10,17:00:00,45.65,45.71,45.65,45.71,4339,0
2015-04-10,18:00:00,45.655,45.769,45.655,45.69,962,0
2015-04-10,19:00:00,45.72,45.72,45.72,45.72,3185,0
2015-04-10,20:00:00,45.72,45.72,45.69,45.69,353,0
2015-04-10,21:00:00,45.7,45.729,45.7,45.729,303,0
2015-04-10,22:00:00,45.729,45.739,45.729,45.739,2320,0
2015-04-13,16:00:00,45.65,45.72,45.65,45.71,7040,0
2015-04-13,17:00:00,45.71,45.71,45.62,45.62,3744,0
2015-04-13,18:00:00,45.62,45.63,45.62,45.63,1212,0
2015-04-13,19:00:00,45.63,45.63,45.63,45.63,98,0
2015-04-13,20:00:00,45.63,45.63,45.561,45.561,412,0
2015-04-13,21:00:00,45.561,45.561,45.561,45.561,128,0
2015-04-13,22:00:00,45.422,45.452,45.392,45.402,2015,0
2015-04-14,16:00:00,45.571,45.581,45.571,45.581,1737,0
2015-04-14,18:00:00,45.581,45.61,45.551,45.581,3588,0
2015-04-14,19:00:00,45.581,45.591,45.561,45.591,1534,0
2015-04-14,20:00:00,45.601,45.64,45.601,45.64,4088,0
2015-04-14,21:00:00,45.64,45.64,45.566,45.566,550,0
2015-04-14,22:00:00,45.566,45.64,45.566,45.64,656,0
2015-04-15,16:00:00,45.858,45.858,45.839,45.839,2998,0
2015-04-15,17:00:00,45.839,45.839,45.789,45.789,2100,0
2015-04-15,18:00:00,45.759,45.769,45.759,45.769,2456,0
2015-04-15,19:00:00,45.769,45.819,45.769,45.819,588,0
2015-04-15,20:00:00,45.819,45.948,45.819,45.948,1372,0
2015-04-15,21:00:00,45.958,45.977,45.938,45.938,1430,0
2015-04-15,22:00:00,45.938,45.938,45.809,45.868,5170,0
2015-04-16,16:00:00,45.843,45.843,45.769,45.769,16337,0
2015-04-16,17:00:00,45.769,45.769,45.729,45.739,2325,0
2015-04-16,18:00:00,45.739,45.779,45.739,45.779,293,0
2015-04-16,19:00:00,45.779,45.844,45.779,45.844,1427,0
2015-04-16,20:00:00,45.809,45.898,45.809,45.898,592,0
2015-04-16,21:00:00,45.898,46.027,45.898,46.017,1505,0
2015-04-16,22:00:00,46.017,46.017,45.878,45.888,4669,0
2015-04-17,16:00:00,45.62,45.65,45.581,45.65,1197,0
2015-04-17,17:00:00,45.521,45.581,45.521,45.581,2728,0
2015-04-17,18:00:00,45.472,45.561,45.462,45.561,481,0
2015-04-17,19:00:00,45.561,45.571,45.521,45.561,1721,0
2015-04-17,20:00:00,45.571,45.571,45.511,45.521,1849,0
2015-04-17,21:00:00,45.452,45.491,45.442,45.491,4382,0
2015-04-17,22:00:00,45.472,45.62,45.472,45.62,1157,0
2015-04-20,16:00:00,45.749,45.749,45.749,45.749,605,0
2015-04-20,17:00:00,45.878,45.898,45.878,45.898,1294,0
2015-04-20,18:00:00,45.938,45.967,45.938,45.967,2007,0
2015-04-20,19:00:00,45.977,45.977,45.928,45.928,241,0
2015-04-20,20:00:00,45.918,45.918,45.839,45.839,2432,0
2015-04-20,21:00:00,45.868,45.888,45.852,45.888,5286,0
2015-04-20,22:00:00,45.905,45.918,45.888,45.918,2100,0
2015-04-21,16:00:00,45.967,45.987,45.967,45.987,1450,0
2015-04-21,17:00:00,45.923,46.027,45.923,45.987,7961,0
2015-04-21,18:00:00,46.047,46.057,45.938,45.938,953,0
2015-04-21,19:00:00,45.948,45.977,45.948,45.954,684,0
2015-04-21,20:00:00,45.928,45.948,45.928,45.948,1677,0
2015-04-21,21:00:00,45.888,45.938,45.888,45.938,1167,0
2015-04-21,22:00:00,45.928,45.928,45.878,45.878,285,0
2015-04-22,16:00:00,45.898,45.898,45.878,45.878,3499,0
2015-04-22,17:00:00,45.908,45.908,45.908,45.908,387,0
2015-04-22,18:00:00,45.938,45.958,45.938,45.958,1084,0
2015-04-22,19:00:00,45.967,45.997,45.908,45.997,4161,0
2015-04-22,20:00:00,46.027,46.027,46.027,46.027,111,0
2015-04-22,21:00:00,46.067,46.076,46.067,46.076,807,0
2015-04-22,22:00:00,46.057,46.067,46.057,46.067,403,0
2015-04-23,16:00:00,45.987,45.987,45.987,45.987,8381,0
2015-04-23,17:00:00,46.195,46.195,46.195,46.195,1548,0
2015-04-23,18:00:00,46.265,46.424,46.265,46.424,520,0
2015-04-23,19:00:00,46.443,46.533,46.443,46.533,1715,0
2015-04-23,20:00:00,46.533,46.533,46.533,46.533,504,0
2015-04-23,21:00:00,46.493,46.493,46.493,46.493,101,0
2015-04-23,22:00:00,46.503,46.503,46.414,46.414,3000,0
2015-04-24,16:00:00,46.622,46.622,46.622,46.622,101,0
2015-04-24,17:00:00,46.592,46.681,46.592,46.681,3727,0
2015-04-24,18:00:00,46.691,46.741,46.691,46.731,4943,0
2015-04-24,19:00:00,46.761,46.771,46.761,46.771,318,0
2015-04-24,20:00:00,46.761,46.761,46.761,46.761,242,0
2015-04-24,21:00:00,46.761,46.761,46.691,46.691,5547,0
2015-04-24,22:00:00,46.662,46.711,46.642,46.711,4281,0
2015-04-27,16:00:00,46.82,46.82,46.82,46.82,520,0
2015-04-27,17:00:00,46.899,46.899,46.771,46.771,5904,0
2015-04-27,19:00:00,46.79,46.79,46.691,46.691,2726,0
2015-04-27,20:00:00,46.731,46.76,46.731,46.76,403,0
2015-04-27,22:00:00,46.681,46.681,46.622,46.622,3358,0
2015-04-28,16:00:00,46.78,46.78,46.741,46.741,1610,0
2015-04-28,17:00:00,46.82,46.82,46.82,46.82,292,0
2015-04-28,18:00:00,46.87,46.87,46.87,46.87,108,0
2015-04-28,19:00:00,46.919,46.929,46.919,46.919,3328,0
2015-04-28,20:00:00,46.949,46.949,46.939,46.939,1244,0
2015-04-28,22:00:00,46.89,46.929,46.89,46.929,4932,0
2015-04-29,16:00:00,46.612,46.78,46.612,46.771,3475,0
2015-04-29,17:00:00,46.602,46.642,46.602,46.642,217,0
2015-04-29,18:00:00,46.711,46.72,46.513,46.513,1115,0
2015-04-29,19:00:00,46.463,46.523,46.463,46.523,797,0
2015-04-29,20:00:00,46.503,46.503,46.503,46.503,101,0
2015-04-29,22:00:00,46.642,46.642,46.572,46.572,1815,0
2015-04-30,16:00:00,46.146,46.156,46.146,46.156,769,0
2015-04-30,17:00:00,46.116,46.116,46.116,46.116,571,0
2015-04-30,18:00:00,46.106,46.106,46.106,46.106,343,0
2015-04-30,19:00:00,46.076,46.076,46.076,46.076,126,0
2015-04-30,20:00:00,46.076,46.106,46.076,46.096,1928,0
2015-04-30,21:00:00,46.057,46.057,46.057,46.057,573,0
2015-04-30,22:00:00,45.967,45.967,45.948,45.958,303,0
2015-05-01,16:00:00,46.086,46.086,46.067,46.067,2425,0
2015-05-01,17:00:00,45.938,45.997,45.938,45.997,2249,0
2015-05-01,18:00:00,45.987,46.076,45.987,45.997,2730,0
2015-05-01,19:00:00,45.977,45.977,45.977,45.977,605,0
2015-05-01,20:00:00,46.086,46.086,46.076,46.076,574,0
2015-05-01,21:00:00,46.225,46.225,46.205,46.225,1898,0
2015-05-01,22:00:00,46.195,46.265,46.186,46.265,1876,0
2015-05-04,16:00:00,46.414,46.424,46.414,46.424,2925,0
2015-05-04,17:00:00,46.483,46.483,46.483,46.483,2840,0
2015-05-04,18:00:00,46.463,46.463,46.424,46.443,628,0
2015-05-04,19:00:00,46.473,46.473,46.404,46.404,395,0
2015-05-04,20:00:00,46.404,46.404,46.384,46.384,1322,0
2015-05-04,21:00:00,46.443,46.453,46.414,46.414,11095,0
2015-05-04,22:00:00,46.473,46.483,46.424,46.424,1009,0
2015-05-05,16:00:00,46.305,46.305,46.305,46.305,1074,0
2015-05-05,18:00:00,45.878,45.878,45.839,45.839,776,0
2015-05-05,19:00:00,45.829,45.829,45.789,45.789,3576,0
2015-05-05,20:00:00,45.64,45.71,45.64,45.71,1764,0
2015-05-05,22:00:00,45.7,45.7,45.64,45.64,1417,0
2015-05-06,16:00:00,45.759,45.759,45.759,45.759,1966,0
2015-05-06,17:00:00,45.531,45.71,45.531,45.68,1517,0
2015-05-06,18:00:00,45.601,45.65,45.601,45.65,2465,0
2015-05-06,19:00:00,45.591,45.591,45.591,45.591,318,0
2015-05-06,20:00:00,45.491,45.521,45.482,45.521,3825,0
2015-05-06,21:00:00,45.432,45.432,45.432,45.432,674,0
2015-05-06,22:00:00,45.363,45.412,45.363,45.412,2007,0
2015-05-07,16:00:00,45.363,45.412,45.363,45.412,394,0
2015-05-07,18:00:00,45.482,45.521,45.482,45.521,3126,0
2015-05-07,19:00:00,45.581,45.581,45.581,45.581,181,0
2015-05-07,20:00:00,45.521,45.531,45.511,45.511,482,0
2015-05-07,21:00:00,45.561,45.561,45.561,45.561,1336,0
2015-05-07,22:00:00,45.521,45.531,45.521,45.531,202,0
2015-05-08,16:00:00,46.126,46.186,46.126,46.186,2279,0
2015-05-08,17:00:00,46.156,46.186,46.156,46.186,454,0
2015-05-08,18:00:00,46.186,46.334,46.186,46.334,3609,0
2015-05-08,19:00:00,46.285,46.305,46.285,46.295,2502,0
2015-05-08,20:00:00,46.295,46.305,46.275,46.285,5429,0
2015-05-08,21:00:00,46.255,46.255,46.215,46.215,3000,0
2015-05-08,22:00:00,46.255,46.26,46.215,46.26,1553,0
2015-05-11,16:00:00,46.176,46.186,46.176,46.186,2824,0
2015-05-11,17:00:00,46.215,46.215,46.186,46.186,1342,0
2015-05-11,18:00:00,46.116,46.116,46.116,46.116,101,0
2015-05-11,19:00:00,46.047,46.057,45.987,46.037,5244,0
2015-05-11,20:00:00,46.027,46.037,46.027,46.037,473,0
2015-05-11,21:00:00,45.987,45.987,45.938,45.967,7009,0
2015-05-11,22:00:00,45.908,45.918,45.908,45.918,706,0
2015-05-12,16:00:00,45.64,45.64,45.64,45.64,1360,0
2015-05-12,17:00:00,45.63,45.67,45.62,45.67,9921,0
2015-05-12,18:00:00,45.829,45.829,45.799,45.799,605,0
2015-05-12,19:00:00,45.789,45.868,45.789,45.839,7368,0
2015-05-12,20:00:00,45.799,45.799,45.789,45.789,504,0
2015-05-12,21:00:00,45.809,45.868,45.789,45.868,988,0
2015-05-12,22:00:00,45.789,45.829,45.779,45.789,806,0
2015-05-13,16:00:00,46.076,46.076,46.047,46.047,6253,0
2015-05-13,17:00:00,45.918,45.928,45.918,45.928,2048,0
2015-05-13,18:00:00,45.729,45.759,45.729,45.729,2664,0
2015-05-13,19:00:00,45.799,45.799,45.71,45.71,722,0
2015-05-13,20:00:00,45.749,45.779,45.739,45.739,1540,0
2015-05-13,21:00:00,45.7,45.71,45.7,45.7,1191,0
2015-05-13,22:00:00,45.67,45.7,45.66,45.69,2748,0
2015-05-14,16:00:00,45.839,45.839,45.839,45.839,6019,0
2015-05-14,17:00:00,45.858,45.908,45.858,45.908,2160,0
2015-05-14,18:00:00,45.898,45.908,45.784,45.784,3369,0
2015-05-14,19:00:00,45.839,45.898,45.839,45.878,948,0
2015-05-14,20:00:00,45.878,45.918,45.878,45.918,1104,0
2015-05-14,21:00:00,45.863,45.888,45.858,45.868,4841,0
2015-05-14,22:00:00,45.918,45.918,45.893,45.908,1815,0
2015-05-15,16:00:00,46.007,46.017,45.997,45.997,3293,0
2015-05-15,17:00:00,46.027,46.027,46.027,46.027,160,0
2015-05-15,18:00:00,46.136,46.136,46.126,46.126,706,0
2015-05-15,19:00:00,46.126,46.156,46.126,46.156,4143,0
2015-05-15,20:00:00,46.151,46.225,46.151,46.225,299,0
2015-05-15,22:00:00,46.265,46.285,46.265,46.285,328,0
2015-05-18,16:00:00,46.166,46.176,46.166,46.176,1767,0
2015-05-18,17:00:00,46.176,46.186,46.176,46.186,2118,0
2015-05-18,18:00:00,46.225,46.255,46.215,46.215,3125,0
2015-05-18,19:00:00,46.265,46.265,46.265,46.265,343,0
2015-05-18,20:00:00,46.255,46.285,46.245,46.285,4034,0
2015-05-18,21:00:00,46.235,46.235,46.235,46.235,267,0
2015-05-18,22:00:00,46.215,46.285,46.166,46.166,2759,0
2015-05-19,16:00:00,46.215,46.215,46.047,46.136,4709,0
2015-05-19,17:00:00,46.126,46.146,46.106,46.106,2527,0
2015-05-19,18:00:00,46.096,46.156,46.096,46.156,504,0
2015-05-19,19:00:00,46.166,46.176,46.166,46.166,418,0
2015-05-19,20:00:00,46.116,46.156,46.116,46.156,653,0
2015-05-19,21:00:00,46.176,46.176,46.112,46.112,2017,0
2015-05-19,22:00:00,46.047,46.086,46.047,46.086,702,0
2015-05-20,16:00:00,46.215,46.215,46.215,46.215,3278,0
2015-05-20,17:00:00,46.225,46.235,46.225,46.235,635,0
2015-05-20,18:00:00,46.255,46.255,46.186,46.186,893,0
2015-05-20,19:00:00,46.235,46.235,46.235,46.235,1311,0
2015-05-20,21:00:00,46.305,46.305,46.305,46.305,960,0
2015-05-20,22:00:00,46.275,46.275,46.255,46.255,3034,0
2015-05-21,16:00:00,46.305,46.305,46.305,46.305,117,0
2015-05-21,17:00:00,46.394,46.414,46.374,46.384,3659,0
2015-05-21,18:00:00,46.443,46.443,46.433,46.433,1219,0
2015-05-21,19:00:00,46.424,46.483,46.424,46.473,22304,0
2015-05-21,20:00:00,46.456,46.463,46.456,46.463,620,0
2015-05-21,21:00:00,46.414,46.443,46.414,46.443,807,0
2015-05-22,16:00:00,46.156,46.265,46.156,46.225,6798,0
2015-05-22,17:00:00,46.265,46.275,46.265,46.275,1370,0
2015-05-22,18:00:00,46.245,46.245,46.245,46.245,403,0
2015-05-22,19:00:00,46.225,46.275,46.225,46.275,2547,0
2015-05-22,20:00:00,46.285,46.285,46.255,46.265,1709,0
2015-05-22,21:00:00,46.285,46.285,46.285,46.285,457,0
2015-05-22,22:00:00,46.265,46.294,46.225,46.225,3227,0
2015-05-26,17:00:00,45.809,45.809,45.601,45.63,2849,0
2015-05-26,18:00:00,45.61,45.7,45.61,45.68,894,0
2015-05-26,19:00:00,45.65,45.66,45.65,45.66,2519,0
2015-05-26,20:00:00,45.64,45.64,45.64,45.64,498,0
2015-05-26,21:00:00,45.601,45.62,45.601,45.601,1681,0
2015-05-26,22:00:00,45.65,45.68,45.65,45.67,3227,0
2015-05-27,17:00:00,45.839,45.848,45.839,45.839,1334,0
2015-05-27,18:00:00,45.888,45.888,45.858,45.888,1288,0
2015-05-27,19:00:00,45.898,45.908,45.839,45.839,6994,0
2015-05-27,20:00:00,45.858,45.938,45.858,45.938,746,0
2015-05-27,22:00:00,45.977,45.977,45.948,45.948,1790,0
2015-05-28,16:00:00,45.64,45.64,45.64,45.64,348,0
2015-05-28,17:00:00,45.561,45.561,45.511,45.511,2164,0
2015-05-28,18:00:00,45.531,45.531,45.531,45.531,605,0
2015-05-28,19:00:00,45.531,45.581,45.531,45.581,1836,0
2015-05-28,22:00:00,45.7,45.7,45.69,45.69,403,0
2015-05-29,16:00:00,45.581,45.63,45.581,45.63,1720,0
2015-05-29,17:00:00,45.591,45.591,45.591,45.591,393,0
2015-05-29,18:00:00,45.432,45.472,45.422,45.472,3499,0
2015-05-29,19:00:00,45.482,45.521,45.472,45.521,986,0
2015-05-29,20:00:00,45.531,45.551,45.531,45.551,763,0
2015-05-29,21:00:00,45.531,45.531,45.407,45.432,2330,0
2015-05-29,22:00:00,45.521,45.521,45.501,45.501,1478,0
2015-06-01,16:00:00,45.343,45.392,45.343,45.353,1138,0
2015-06-01,17:00:00,45.234,45.273,45.234,45.263,1050,0
2015-06-01,18:00:00,45.254,45.254,45.224,45.224,804,0
2015-06-01,19:00:00,45.224,45.313,45.224,45.313,435,0
2015-06-01,20:00:00,45.353,45.353,45.353,45.353,1407,0
2015-06-01,21:00:00,45.376,45.442,45.376,45.442,499,0
2015-06-01,22:00:00,45.452,45.452,45.303,45.313,3622,0
2015-06-02,16:00:00,45.273,45.283,45.273,45.283,4462,0
2015-06-02,17:00:00,45.353,45.412,45.353,45.402,4928,0
2015-06-02,18:00:00,45.333,45.353,45.333,45.343,681,0
2015-06-02,19:00:00,45.412,45.501,45.412,45.491,3018,0
2015-06-02,20:00:00,45.462,45.472,45.442,45.472,22331,0
2015-06-02,21:00:00,45.482,45.482,45.432,45.432,4537,0
2015-06-02,22:00:00,45.353,45.353,45.303,45.303,722,0
2015-06-03,16:00:00,45.363,45.382,45.363,45.382,1514,0
2015-06-03,17:00:00,45.442,45.561,45.442,45.511,3757,0
2015-06-03,18:00:00,45.382,45.412,45.382,45.402,1109,0
2015-06-03,19:00:00,45.402,45.402,45.353,45.363,6550,0
2015-06-03,20:00:00,45.382,45.382,45.373,45.373,1000,0
2015-06-03,22:00:00,45.373,45.402,45.363,45.363,3187,0
2015-06-04,16:00:00,45.035,45.035,45.016,45.016,1109,0
2015-06-04,17:00:00,45.204,45.209,45.154,45.154,2746,0
2015-06-04,18:00:00,45.025,45.095,44.956,44.956,2219,0
2015-06-04,19:00:00,44.996,45.016,44.976,44.976,3583,0
2015-06-04,20:00:00,44.956,44.956,44.807,44.807,1664,0
2015-06-04,21:00:00,44.807,44.897,44.807,44.897,4634,0
2015-06-04,22:00:00,44.877,44.887,44.807,44.827,2737,0
2015-06-05,16:00:00,44.54,44.559,44.54,44.559,2651,0
2015-06-05,17:00:00,44.619,44.639,44.619,44.629,960,0
2015-06-05,18:00:00,44.639,44.639,44.589,44.609,4974,0
2015-06-05,19:00:00,44.589,44.589,44.53,44.53,814,0
2015-06-05,20:00:00,44.629,44.659,44.629,44.659,3505,0
2015-06-08,16:00:00,44.47,44.53,44.46,44.46,1165,0
2015-06-08,17:00:00,44.49,44.49,44.46,44.46,2703,0
2015-06-08,18:00:00,44.411,44.44,44.401,44.401,2207,0
2015-06-08,19:00:00,44.411,44.421,44.391,44.391,4942,0
2015-06-08,20:00:00,44.391,44.391,44.391,44.391,341,0
2015-06-08,21:00:00,44.46,44.46,44.46,44.46,906,0
2015-06-08,22:00:00,44.431,44.45,44.431,44.45,792,0
2015-06-09,16:00:00,44.183,44.351,44.183,44.203,11011,0
2015-06-09,17:00:00,44.153,44.153,44.153,44.153,121,0
2015-06-09,18:00:00,44.242,44.306,44.242,44.302,918,0
2015-06-09,19:00:00,44.302,44.302,44.302,44.302,303,0
2015-06-09,21:00:00,44.321,44.341,44.321,44.341,706,0
2015-06-09,22:00:00,44.262,44.262,44.212,44.252,1723,0
2015-06-10,16:00:00,44.797,44.797,44.669,44.678,4073,0
2015-06-10,17:00:00,44.738,44.738,44.698,44.698,2370,0
2015-06-10,18:00:00,44.877,44.877,44.807,44.807,903,0
2015-06-10,19:00:00,44.823,44.857,44.823,44.857,1274,0
2015-06-10,20:00:00,44.847,44.847,44.818,44.818,1060,0
2015-06-10,21:00:00,44.877,44.887,44.877,44.887,3429,0
2015-06-10,22:00:00,44.817,44.857,44.797,44.797,936,0
2015-06-11,16:00:00,44.847,45.016,44.847,45.016,26677,0
2015-06-11,17:00:00,45.105,45.115,44.956,44.976,10284,0
2015-06-11,18:00:00,45.016,45.025,44.986,44.986,3081,0
2015-06-11,19:00:00,44.996,44.996,44.986,44.996,2034,0
2015-06-11,22:00:00,45.075,45.085,45.045,45.045,3752,0
2015-06-12,16:00:00,44.718,44.718,44.718,44.718,101,0
2015-06-12,17:00:00,44.718,44.718,44.718,44.718,2625,0
2015-06-12,18:00:00,44.817,44.817,44.797,44.817,706,0
2015-06-12,20:00:00,44.728,44.758,44.708,44.758,3928,0
2015-06-12,21:00:00,44.748,44.748,44.708,44.708,761,0
2015-06-15,16:00:00,44.411,44.411,44.351,44.351,891,0
2015-06-15,17:00:00,44.421,44.44,44.421,44.44,3333,0
2015-06-15,18:00:00,44.589,44.589,44.49,44.53,1165,0
2015-06-15,19:00:00,44.51,44.54,44.5,44.52,17914,0
2015-06-15,20:00:00,44.49,44.51,44.44,44.44,1846,0
2015-06-15,21:00:00,44.48,44.48,44.48,44.48,1009,0
2015-06-15,22:00:00,44.49,44.559,44.49,44.533,8728,0
2015-06-16,16:00:00,44.55,44.559,44.55,44.55,5123,0
2015-06-16,17:00:00,44.47,44.53,44.47,44.53,514,0
2015-06-16,18:00:00,44.589,44.589,44.569,44.569,404,0
2015-06-16,19:00:00,44.589,44.639,44.559,44.619,1508,0
2015-06-16,20:00:00,44.649,44.649,44.649,44.649,439,0
2015-06-16,21:00:00,44.669,44.688,44.669,44.678,2794,0
2015-06-17,16:00:00,44.639,44.649,44.639,44.649,2708,0
2015-06-17,17:00:00,44.659,44.669,44.649,44.669,1355,0
2015-06-17,18:00:00,44.619,44.619,44.559,44.559,1102,0
2015-06-17,19:00:00,44.559,44.559,44.421,44.421,2229,0
2015-06-17,20:00:00,44.431,44.431,44.431,44.431,819,0
2015-06-17,21:00:00,44.381,44.629,44.381,44.629,867,0
2015-06-17,22:00:00,44.788,44.788,44.788,44.788,202,0
2015-06-18,16:00:00,45.055,45.055,45.055,45.055,115,0
2015-06-18,17:00:00,45.174,45.174,45.144,45.144,1619,0
2015-06-18,18:00:00,45.254,45.264,45.234,45.234,4956,0
2015-06-18,19:00:00,45.244,45.392,45.244,45.363,1588,0
2015-06-18,20:00:00,45.323,45.323,45.293,45.293,670,0
2015-06-18,22:00:00,45.254,45.254,45.254,45.254,1815,0
2015-06-19,16:00:00,45.19,45.21,45.19,45.21,6190,0
2015-06-19,17:00:00,45.21,45.23,45.21,45.22,7074,0
2015-06-19,18:00:00,45.21,45.21,45.2,45.2,1952,0
2015-06-19,19:00:00,45.17,45.21,45.17,45.21,9175,0
2015-06-19,20:00:00,45.21,45.21,45.21,45.21,171,0
2015-06-19,22:00:00,45.102,45.102,45.1,45.1,676,0
2015-06-22,16:00:00,45.71,45.71,45.71,45.71,880,0
2015-06-22,17:00:00,45.87,45.87,45.87,45.87,100,0
2015-06-22,18:00:00,45.83,45.83,45.83,45.83,107,0
2015-06-22,19:00:00,45.79,45.79,45.77,45.77,1292,0
2015-06-22,20:00:00,45.75,45.75,45.75,45.75,262,0
2015-06-22,21:00:00,45.7,45.7,45.7,45.7,634,0
2015-06-22,22:00:00,45.71,45.71,45.69,45.69,1500,0
2015-06-23,16:00:00,45.85,45.88,45.85,45.88,3538,0
2015-06-23,17:00:00,45.88,45.88,45.79,45.8,1804,0
2015-06-23,18:00:00,45.81,45.84,45.81,45.84,447,0
2015-06-23,19:00:00,45.8,45.8,45.78,45.78,700,0
2015-06-23,20:00:00,45.8,45.8,45.8,45.8,600,0
2015-06-24,16:00:00,45.65,45.65,45.65,45.65,170,0
2015-06-24,19:00:00,45.47,45.48,45.44,45.44,773,0
2015-06-24,21:00:00,45.39,45.4,45.39,45.4,576,0
2015-06-24,22:00:00,45.41,45.41,45.4,45.4,2006,0
2015-06-25,16:00:00,45.45,45.45,45.45,45.45,5015,0
2015-06-25,17:00:00,45.52,45.52,45.52,45.52,362,0
2015-06-25,18:00:00,45.55,45.56,45.55,45.55,1400,0
2015-06-25,19:00:00,45.52,45.52,45.5,45.5,2633,0
2015-06-25,20:00:00,45.5,45.52,45.49,45.5,2954,0
2015-06-25,21:00:00,45.44,45.44,45.39,45.39,3526,0
2015-06-25,22:00:00,45.41,45.42,45.39,45.39,2875,0
2015-06-26,16:00:00,45.2,45.2,45.2,45.2,788,0
2015-06-26,17:00:00,45.31,45.31,45.244,45.244,598,0
2015-06-26,18:00:00,45.28,45.28,45.24,45.24,425,0
2015-06-26,19:00:00,45.27,45.27,45.21,45.22,4657,0
2015-06-26,20:00:00,45.19,45.19,45.19,45.19,300,0
2015-06-26,22:00:00,45.24,45.24,45.24,45.24,923,0
2015-06-29,16:00:00,44.78,44.79,44.78,44.79,3454,0
2015-06-29,17:00:00,44.78,44.78,44.77,44.77,3791,0
2015-06-29,18:00:00,44.68,44.68,44.68,44.68,150,0
2015-06-29,19:00:00,44.66,44.66,44.66,44.66,205,0
2015-06-29,20:00:00,44.58,44.62,44.58,44.6,1033,0
2015-06-29,21:00:00,44.53,44.59,44.53,44.59,2610,0
2015-06-29,22:00:00,44.49,44.49,44.39,44.39,2510,0
2015-06-30,16:00:00,44.54,44.54,44.54,44.54,350,0
2015-06-30,17:00:00,44.47,44.47,44.43,44.43,3905,0
2015-06-30,18:00:00,44.46,44.46,44.45,44.45,777,0
2015-06-30,19:00:00,44.241,44.241,44.241,44.241,200,0
2015-06-30,20:00:00,44.29,44.38,44.29,44.38,634,0
2015-06-30,21:00:00,44.46,44.46,44.46,44.46,350,0
2015-06-30,22:00:00,44.4,44.4,44.32,44.32,699,0
2015-07-01,16:00:00,44.62,44.62,44.62,44.62,1200,0
2015-07-01,17:00:00,44.57,44.57,44.55,44.55,400,0
2015-07-01,19:00:00,44.51,44.54,44.46,44.46,2710,0
2015-07-01,20:00:00,44.48,44.48,44.47,44.47,1558,0
2015-07-01,21:00:00,44.4,44.46,44.4,44.46,643,0
2015-07-01,22:00:00,44.44,44.51,44.44,44.5,2100,0
2015-07-02,16:00:00,44.75,44.75,44.75,44.75,400,0
2015-07-02,17:00:00,44.83,44.84,44.8,44.81,8600,0
2015-07-02,18:00:00,44.81,44.81,44.74,44.76,6926,0
2015-07-02,19:00:00,44.78,44.78,44.73,44.73,7053,0
2015-07-02,20:00:00,44.77,44.77,44.75,44.75,599,0
2015-07-02,21:00:00,44.76,44.76,44.76,44.76,600,0
2015-07-02,22:00:00,44.78,44.78,44.76,44.77,18420,0
2015-07-06,16:00:00,44.31,44.31,44.31,44.31,1000,0
2015-07-06,17:00:00,44.3,44.31,44.3,44.31,5586,0
2015-07-06,18:00:00,44.37,44.37,44.25,44.25,1909,0
2015-07-06,19:00:00,44.25,44.3,44.24,44.25,2668,0
2015-07-06,20:00:00,44.28,44.28,44.28,44.28,200,0
2015-07-06,21:00:00,44.08,44.08,44.08,44.08,172,0
2015-07-06,22:00:00,44.07,44.17,44.07,44.17,2226,0
2015-07-07,16:00:00,44.09,44.09,44.09,44.09,100,0
2015-07-07,17:00:00,43.86,43.86,43.73,43.84,9405,0
2015-07-07,18:00:00,43.8,43.95,43.8,43.95,1539,0
2015-07-07,19:00:00,43.93,44,43.93,44,15063,0
2015-07-07,20:00:00,44.15,44.15,44.15,44.15,200,0
2015-07-07,21:00:00,44.16,44.31,44.16,44.31,2400,0
2015-07-07,22:00:00,44.46,44.46,44.46,44.46,700,0
2015-07-08,16:00:00,44.03,44.03,44.03,44.03,820,0
2015-07-08,17:00:00,43.99,43.99,43.92,43.92,1041,0
2015-07-08,18:00:00,43.84,43.84,43.84,43.84,600,0
2015-07-08,19:00:00,43.84,43.84,43.84,43.84,222,0
2015-07-08,20:00:00,43.88,43.88,43.84,43.87,2750,0
2015-07-08,21:00:00,43.73,43.73,43.7,43.7,1882,0
2015-07-08,22:00:00,43.8,43.8,43.745,43.7688,1400,0
2015-07-09,16:00:00,44.39,44.39,44.39,44.39,2350,0
2015-07-09,17:00:00,44.22,44.22,44.14,44.14,2944,0
2015-07-09,18:00:00,44.21,44.21,44.18,44.18,216,0
2015-07-09,19:00:00,44.07,44.09,44.06,44.08,6281,0
2015-07-09,20:00:00,43.93,43.93,43.93,43.93,100,0
2015-07-09,21:00:00,43.96,43.96,43.92,43.92,2991,0
2015-07-09,22:00:00,43.941,43.98,43.941,43.96,616,0
2015-07-10,16:00:00,44.71,44.73,44.71,44.73,5625,0
2015-07-10,17:00:00,44.72,44.73,44.66,44.73,12400,0
2015-07-10,18:00:00,44.78,44.78,44.78,44.78,100,0
2015-07-10,19:00:00,44.89,44.89,44.78,44.78,4245,0
2015-07-10,20:00:00,44.8,44.8,44.8,44.8,157,0
2015-07-10,21:00:00,44.86,44.93,44.86,44.93,1000,0
2015-07-10,22:00:00,44.92,44.96,44.92,44.96,895,0
2015-07-13,17:00:00,45.09,45.09,45.09,45.09,585,0
2015-07-13,19:00:00,45.09,45.1,45.07,45.07,8028,0
2015-07-13,20:00:00,45.04,45.06,45.02,45.02,5472,0
2015-07-13,21:00:00,45,45.03,45,45.02,2500,0
2015-07-13,22:00:00,45.06,45.09,45.03,45.09,2921,0
2015-07-14,17:00:00,45.15,45.15,45.15,45.15,1600,0
2015-07-14,18:00:00,45.12,45.19,45.12,45.19,700,0
2015-07-14,19:00:00,45.19,45.2,45.17,45.17,9612,0
2015-07-14,20:00:00,45.19,45.21,45.19,45.21,22465,0
2015-07-14,21:00:00,45.24,45.25,45.23,45.23,3630,0
2015-07-14,22:00:00,45.28,45.28,45.24,45.26,1421,0
2015-07-15,16:00:00,45.11,45.26,45.11,45.21,4524,0
2015-07-15,17:00:00,45.19,45.2,45.19,45.2,500,0
2015-07-15,18:00:00,45.32,45.34,45.3,45.31,5710,0
2015-07-15,19:00:00,45.29,45.295,45.29,45.295,540,0
2015-07-15,20:00:00,45.25,45.27,45.23,45.26,4117,0
2015-07-15,21:00:00,45.26,45.26,45.24,45.24,292,0
2015-07-15,22:00:00,45.14,45.16,45.14,45.16,1000,0
2015-07-16,16:00:00,45.5,45.53,45.5,45.52,3600,0
2015-07-16,17:00:00,45.48,45.48,45.46,45.46,615,0
2015-07-16,18:00:00,45.52,45.52,45.52,45.52,900,0
2015-07-16,19:00:00,45.54,45.55,45.54,45.55,3645,0
2015-07-16,20:00:00,45.52,45.55,45.492,45.54,11681,0
2015-07-16,21:00:00,45.53,45.57,45.53,45.57,886,0
2015-07-16,22:00:00,45.53,45.56,45.53,45.56,2302,0
2015-07-17,16:00:00,45.48,45.48,45.444,45.48,2586,0
2015-07-17,17:00:00,45.4,45.4,45.4,45.4,1400,0
2015-07-17,18:00:00,45.41,45.44,45.41,45.44,2510,0
2015-07-17,19:00:00,45.43,45.43,45.4,45.42,14263,0
2015-07-17,20:00:00,45.44,45.44,45.42,45.42,1900,0
2015-07-17,21:00:00,45.4499,45.4499,45.4499,45.4499,1292,0
2015-07-20,16:00:00,45.38,45.38,45.32,45.32,338,0
2015-07-20,17:00:00,45.3,45.44,45.3,45.44,2502,0
2015-07-20,18:00:00,45.47,45.48,45.43,45.48,626,0
2015-07-20,19:00:00,45.49,45.49,45.46,45.46,825,0
2015-07-20,20:00:00,45.43,45.43,45.42,45.42,592,0
2015-07-20,21:00:00,45.44,45.44,45.4,45.4,115,0
2015-07-20,22:00:00,45.43,45.43,45.38,45.38,558,0
2015-07-21,16:00:00,45.33,45.35,45.33,45.35,2350,0
2015-07-21,17:00:00,45.33,45.34,45.31,45.31,3200,0
2015-07-21,18:00:00,45.27,45.27,45.25,45.27,2800,0
2015-07-21,19:00:00,45.22,45.25,45.17,45.17,1531,0
2015-07-21,20:00:00,45.14,45.14,45.09,45.09,16110,0
2015-07-21,21:00:00,45.09,45.14,45.08,45.14,1021,0
2015-07-21,22:00:00,45.11,45.11,45.08,45.1,1024,0
2015-07-22,16:00:00,45.02,45.03,45.01,45.02,3300,0
2015-07-22,17:00:00,45.04,45.04,45.02,45.02,600,0
2015-07-22,18:00:00,45.04,45.04,44.9701,45,819,0
2015-07-22,19:00:00,44.97,44.97,44.97,44.97,800,0
2015-07-22,20:00:00,44.98,45.01,44.97,45.01,600,0
2015-07-22,21:00:00,44.91,44.98,44.91,44.98,912,0
2015-07-22,22:00:00,45,45,44.97,44.97,600,0
2015-07-23,16:00:00,45.01,45.01,45.01,45.01,400,0
2015-07-23,17:00:00,44.91,44.96,44.88,44.92,581483,0
2015-07-23,18:00:00,44.84,44.85,44.78,44.8,45134,0
2015-07-23,19:00:00,44.76,44.76,44.71,44.73,140740,0
2015-07-23,20:00:00,44.705,44.71,44.705,44.71,2200,0
2015-07-23,21:00:00,44.75,44.75,44.63,44.63,3800,0
2015-07-23,22:00:00,44.64,44.65,44.64,44.65,1700,0
2015-07-24,16:00:00,44.7,44.78,44.7,44.78,3170,0
2015-07-24,17:00:00,44.78,44.81,44.7,44.7,1900,0
2015-07-24,18:00:00,44.68,44.7,44.68,44.68,4000,0
2015-07-24,19:00:00,44.645,44.6475,44.5841,44.59,3100,0
2015-07-24,20:00:00,44.595,44.6,44.525,44.55,7002,0
2015-07-24,21:00:00,44.53,44.53,44.47,44.47,4430,0
2015-07-24,22:00:00,44.51,44.515,44.47,44.47,4604,0
2015-07-27,16:00:00,44.3,44.37,44.3,44.37,5099,0
2015-07-27,17:00:00,44.44,44.44,44.44,44.44,933,0
2015-07-27,18:00:00,44.456,44.456,44.4,44.42,3662,0
2015-07-27,19:00:00,44.4,44.41,44.34,44.34,2983,0
2015-07-27,20:00:00,44.355,44.36,44.355,44.36,200,0
2015-07-27,21:00:00,44.36,44.365,44.33,44.365,4809,0
2015-07-27,22:00:00,44.25,44.33,44.245,44.33,11596,0
2015-07-28,16:00:00,44.49,44.49,44.49,44.49,513,0
2015-07-28,17:00:00,44.51,44.51,44.44,44.47,3057,0
2015-07-28,18:00:00,44.56,44.575,44.56,44.575,746,0
2015-07-28,19:00:00,44.75,44.75,44.725,44.725,4359,0
2015-07-28,20:00:00,44.73,44.82,44.73,44.82,2942,0
2015-07-28,21:00:00,44.83,44.83,44.78,44.81,2725,0
2015-07-28,22:00:00,44.815,44.83,44.79,44.83,9245,0
2015-07-29,16:00:00,44.9,44.92,44.9,44.92,3262,0
2015-07-29,17:00:00,44.96,45.06,44.96,45.06,1067,0
2015-07-29,18:00:00,45.01,45.02,45.01,45.02,811,0
2015-07-29,19:00:00,45.03,45.05,45.01,45.01,4617,0
2015-07-29,20:00:00,45.06,45.06,45.04,45.04,7130,0
2015-07-29,21:00:00,45.14,45.21,45.04,45.21,13487,0
2015-07-30,16:00:00,44.815,44.91,44.79,44.86,16331,0
2015-07-30,17:00:00,44.83,44.91,44.83,44.91,450,0
2015-07-30,19:00:00,44.964,44.97,44.94,44.94,1620,0
2015-07-30,20:00:00,44.95,44.95,44.94,44.95,2990,0
2015-07-30,21:00:00,44.98,45.01,44.93,45.01,3735,0
2015-07-30,22:00:00,45.02,45.045,45.02,45.04,475,0
2015-07-31,16:00:00,45.31,45.31,45.31,45.31,258,0
2015-07-31,17:00:00,45.31,45.31,45.31,45.31,700,0
2015-07-31,18:00:00,45.37,45.37,45.365,45.37,806,0
2015-07-31,19:00:00,45.37,45.4,45.37,45.4,10366,0
2015-07-31,20:00:00,45.33,45.33,45.24,45.24,3900,0
2015-07-31,21:00:00,45.26,45.26,45.18,45.18,1027,0
2015-07-31,22:00:00,45.19,45.19,45.09,45.13,2479,0
2015-08-03,16:00:00,45.24,45.24,45.24,45.24,1355,0
2015-08-03,17:00:00,45.25,45.25,45.22,45.22,6411,0
2015-08-03,18:00:00,45.19,45.24,45.185,45.23,7313,0
2015-08-03,19:00:00,45.21,45.21,45.06,45.06,8875,0
2015-08-03,20:00:00,45.02,45.02,45.02,45.02,125,0
2015-08-03,21:00:00,44.97,44.995,44.97,44.995,790,0
2015-08-03,22:00:00,45.005,45.12,45,45.12,1300,0
2015-08-04,16:00:00,45.33,45.36,45.33,45.36,3482,0
2015-08-04,17:00:00,45.34,45.34,45.25,45.25,2300,0
2015-08-04,18:00:00,45.28,45.28,45.27,45.27,3163,0
2015-08-04,19:00:00,45.28,45.28,45.23,45.23,1345,0
2015-08-04,20:00:00,45.23,45.25,45.14,45.14,400,0
2015-08-04,21:00:00,45.08,45.08,45.08,45.08,200,0
2015-08-05,16:00:00,45.48,45.49,45.48,45.48,2500,0
2015-08-05,17:00:00,45.405,45.48,45.37,45.37,13250,0
2015-08-05,18:00:00,45.37,45.37,45.3,45.3,5218,0
2015-08-05,19:00:00,45.22,45.22,45.21,45.21,5169,0
2015-08-05,20:00:00,45.16,45.19,45.12,45.19,7332,0
2015-08-05,21:00:00,45.14,45.2,45.14,45.18,14203,0
2015-08-05,22:00:00,45.16,45.16,45.1,45.1,7900,0
2015-08-06,16:00:00,44.98,44.995,44.98,44.995,7423,0
2015-08-06,17:00:00,44.81,44.81,44.78,44.81,1954,0
2015-08-06,18:00:00,44.8,44.8,44.78,44.78,2375,0
2015-08-06,19:00:00,44.74,44.74,44.64,44.68,9440,0
2015-08-06,20:00:00,44.68,44.79,44.68,44.79,1983,0
2015-08-06,21:00:00,44.76,44.76,44.74,44.76,526,0
2015-08-06,22:00:00,44.81,44.81,44.81,44.81,200,0
2015-08-07,16:00:00,44.73,44.73,44.65,44.71,5075,0
2015-08-07,17:00:00,44.71,44.72,44.64,44.64,2500,0
2015-08-07,18:00:00,44.64,44.68,44.64,44.67,1351,0
2015-08-07,19:00:00,44.76,44.76,44.73,44.73,308,0
2015-08-07,20:00:00,44.72,44.77,44.72,44.77,3513,0
2015-08-07,21:00:00,44.71,44.77,44.71,44.77,5678,0
2015-08-07,22:00:00,44.74,44.77,44.74,44.77,325,0
