Date,Time,Open,High,Low,Close,Volume,OpenInt
2015-01-15,16:00:00,34.276,34.336,34.027,34.027,1657,0
2015-01-15,17:00:00,33.897,34.256,33.877,34.226,67637,0
2015-01-15,18:00:00,34.146,34.146,33.967,33.997,38303,0
2015-01-15,19:00:00,34.007,34.007,33.857,33.917,3100,0
2015-01-15,20:00:00,33.967,33.977,33.857,33.927,5085,0
2015-01-15,21:00:00,33.957,33.967,33.947,33.947,2252,0
2015-01-15,22:00:00,33.917,34.017,33.917,33.927,5555,0
2015-01-16,16:00:00,33.649,33.748,33.649,33.689,2163,0
2015-01-16,17:00:00,33.609,33.718,33.549,33.718,3844,0
2015-01-16,18:00:00,33.748,33.788,33.679,33.718,6645,0
2015-01-16,19:00:00,33.758,33.867,33.748,33.867,2937,0
2015-01-16,20:00:00,33.867,33.867,33.758,33.867,3675,0
2015-01-16,21:00:00,33.887,33.887,33.817,33.877,191030,0
2015-01-16,22:00:00,33.887,34.096,33.847,34.066,15310,0
2015-01-20,16:00:00,34.415,34.415,33.887,33.887,24539,0
2015-01-20,17:00:00,33.917,34.027,33.897,33.917,4906,0
2015-01-20,18:00:00,33.897,33.957,33.768,33.807,5507,0
2015-01-20,19:00:00,33.837,33.997,33.827,33.977,3639,0
2015-01-20,20:00:00,33.987,34.076,33.917,34.037,8574,0
2015-01-20,21:00:00,34.046,34.246,34.037,34.216,10891,0
2015-01-20,22:00:00,34.226,34.236,34.126,34.146,16101,0
2015-01-21,16:00:00,34.366,34.366,34.116,34.196,3864,0
2015-01-21,17:00:00,34.266,34.395,34.246,34.395,3317,0
2015-01-21,18:00:00,34.395,34.395,34.226,34.286,4748,0
2015-01-21,19:00:00,34.276,34.346,34.216,34.256,12232,0
2015-01-21,20:00:00,34.286,34.296,34.126,34.126,48773,0
2015-01-21,21:00:00,34.136,34.266,34.136,34.266,11105,0
2015-01-21,22:00:00,34.266,34.326,34.226,34.316,17425,0
2015-01-22,16:00:00,34.356,34.435,34.186,34.316,1974,0
2015-01-22,17:00:00,34.376,34.604,34.376,34.604,5089,0
2015-01-22,18:00:00,34.584,34.624,34.534,34.554,10214,0
2015-01-22,19:00:00,34.604,34.604,34.534,34.554,6400,0
2015-01-22,20:00:00,34.624,34.634,34.534,34.634,6185,0
2015-01-22,21:00:00,34.634,34.853,34.624,34.853,21474,0
2015-01-22,22:00:00,34.893,34.933,34.833,34.863,13668,0
2015-01-23,16:00:00,34.793,34.793,34.733,34.783,1475,0
2015-01-23,17:00:00,34.853,34.903,34.793,34.793,10887,0
2015-01-23,18:00:00,34.963,34.993,34.863,34.983,11965,0
2015-01-23,19:00:00,34.963,35.053,34.943,35.023,26909,0
2015-01-23,20:00:00,35.053,35.053,35.033,35.053,5676,0
2015-01-23,21:00:00,35.131,35.131,35.003,35.003,4818,0
2015-01-23,22:00:00,35.023,35.023,34.893,34.893,25681,0
2015-01-26,16:00:00,34.843,34.843,34.584,34.594,5093,0
2015-01-26,17:00:00,34.863,34.863,34.714,34.773,3143,0
2015-01-26,18:00:00,34.753,34.763,34.664,34.723,10840,0
2015-01-26,19:00:00,34.823,34.833,34.753,34.803,11564,0
2015-01-26,20:00:00,34.783,34.843,34.753,34.813,35765,0
2015-01-26,21:00:00,34.793,34.813,34.733,34.773,7382,0
2015-01-26,22:00:00,34.773,34.823,34.733,34.813,8427,0
2015-01-27,16:00:00,34.544,34.544,34.296,34.376,4223,0
2015-01-27,17:00:00,34.405,34.405,34.116,34.146,13646,0
2015-01-27,18:00:00,34.286,34.376,34.256,34.336,4251,0
2015-01-27,19:00:00,34.296,34.435,34.296,34.405,5703,0
2015-01-27,20:00:00,34.534,34.644,34.534,34.544,12768,0
2015-01-27,21:00:00,34.584,34.664,34.584,34.614,3074,0
2015-01-27,22:00:00,34.574,34.574,34.425,34.425,7260,0
2015-01-28,16:00:00,34.903,34.953,34.684,34.953,803,0
2015-01-28,17:00:00,34.933,35.003,34.674,34.674,8461,0
2015-01-28,18:00:00,34.684,34.773,34.584,34.763,3782,0
2015-01-28,19:00:00,34.823,34.903,34.803,34.833,16878,0
2015-01-28,20:00:00,34.803,34.803,34.723,34.723,9966,0
2015-01-28,21:00:00,34.793,34.813,34.544,34.654,5696,0
2015-01-28,22:00:00,34.634,34.714,34.246,34.266,21611,0
2015-01-29,16:00:00,34.296,34.326,33.987,34.156,11350,0
2015-01-29,17:00:00,34.136,34.176,33.917,34.066,33932,0
2015-01-29,18:00:00,34.027,34.196,33.987,34.166,3980,0
2015-01-29,19:00:00,34.176,34.196,33.937,33.997,7337,0
2015-01-29,20:00:00,34.046,34.366,34.037,34.336,5420,0
2015-01-29,21:00:00,34.336,34.474,34.286,34.405,3705,0
2015-01-29,22:00:00,34.524,34.594,34.464,34.554,15846,0
2015-01-30,16:00:00,34.336,34.385,34.296,34.356,4568,0
2015-01-30,17:00:00,34.276,34.276,34.256,34.256,1408,0
2015-01-30,18:00:00,34.266,34.266,34.146,34.166,3921,0
2015-01-30,19:00:00,34.326,34.366,34.286,34.286,3781,0
2015-01-30,20:00:00,34.236,34.385,34.196,34.385,2712,0
2015-01-30,21:00:00,34.326,34.376,34.236,34.236,1787,0
2015-01-30,22:00:00,34.176,34.216,34.086,34.086,8617,0
2015-02-02,16:00:00,34.126,34.126,34.066,34.066,1923,0
2015-02-02,17:00:00,33.857,33.917,33.708,33.917,14035,0
2015-02-02,18:00:00,33.967,34.176,33.967,34.176,3188,0
2015-02-02,19:00:00,34.116,34.116,34.007,34.056,14312,0
2015-02-02,20:00:00,34.007,34.076,33.957,34.007,3303,0
2015-02-02,21:00:00,33.997,34.186,33.997,34.116,4396,0
2015-02-02,22:00:00,34.196,34.524,34.156,34.445,18107,0
2015-02-03,16:00:00,34.773,34.933,34.753,34.933,4730,0
2015-02-03,17:00:00,34.883,35.003,34.823,34.823,12270,0
2015-02-03,18:00:00,34.763,34.923,34.753,34.813,9797,0
2015-02-03,19:00:00,34.773,34.843,34.773,34.813,9250,0
2015-02-03,20:00:00,34.853,35.013,34.853,35.013,4427,0
2015-02-03,21:00:00,35.023,35.023,34.913,35.023,10747,0
2015-02-03,22:00:00,35.023,35.092,35.003,35.092,9592,0
2015-02-04,16:00:00,35.033,35.082,35.013,35.072,3180,0
2015-02-04,17:00:00,35.092,35.111,34.983,35.101,3371,0
2015-02-04,18:00:00,35.053,35.201,35.053,35.161,4098,0
2015-02-04,19:00:00,35.161,35.161,35.043,35.072,5840,0
2015-02-04,20:00:00,35.072,35.092,35.033,35.033,2562,0
2015-02-04,21:00:00,35.043,35.141,35.013,35.121,3551,0
2015-02-04,22:00:00,35.111,35.191,34.953,34.973,10927,0
2015-02-05,16:00:00,35.171,35.171,35.082,35.082,1055,0
2015-02-05,17:00:00,35.231,35.341,35.231,35.341,4608,0
2015-02-05,18:00:00,35.301,35.381,35.301,35.351,9105,0
2015-02-05,19:00:00,35.351,35.351,35.291,35.291,11019,0
2015-02-05,20:00:00,35.321,35.371,35.271,35.321,20325,0
2015-02-05,21:00:00,35.321,35.391,35.261,35.341,10614,0
2015-02-05,22:00:00,35.331,35.391,35.321,35.361,4596,0
2015-02-06,16:00:00,35.57,35.71,35.57,35.7,2864,0
2015-02-06,17:00:00,35.738,35.868,35.738,35.808,10767,0
2015-02-06,18:00:00,35.788,35.838,35.778,35.838,6243,0
2015-02-06,19:00:00,35.818,35.828,35.73,35.798,9798,0
2015-02-06,20:00:00,35.808,35.818,35.63,35.758,13771,0
2015-02-06,21:00:00,35.738,35.858,35.71,35.768,12232,0
2015-02-06,22:00:00,35.73,35.73,35.63,35.7,17961,0
2015-02-09,16:00:00,35.56,35.758,35.55,35.73,7853,0
2015-02-09,17:00:00,35.67,35.738,35.58,35.58,14522,0
2015-02-09,18:00:00,35.64,35.68,35.61,35.63,12251,0
2015-02-09,19:00:00,35.63,35.67,35.61,35.67,3050,0
2015-02-09,20:00:00,35.63,35.63,35.5,35.5,3993,0
2015-02-09,21:00:00,35.52,35.55,35.47,35.52,5706,0
2015-02-09,22:00:00,35.47,35.53,35.47,35.47,12989,0
2015-02-10,16:00:00,35.63,35.63,35.49,35.49,4833,0
2015-02-10,17:00:00,35.54,35.54,35.351,35.371,2626,0
2015-02-10,18:00:00,35.4,35.54,35.4,35.54,4719,0
2015-02-10,19:00:00,35.53,35.62,35.53,35.53,10316,0
2015-02-10,20:00:00,35.54,35.56,35.49,35.51,33760,0
2015-02-10,21:00:00,35.5,35.65,35.5,35.64,6560,0
2015-02-10,22:00:00,35.67,35.68,35.62,35.63,24657,0
2015-02-11,16:00:00,35.758,35.758,35.66,35.69,15861,0
2015-02-11,17:00:00,35.64,35.66,35.58,35.58,5459,0
2015-02-11,18:00:00,35.71,35.71,35.69,35.69,3274,0
2015-02-11,19:00:00,35.69,35.7,35.63,35.63,5643,0
2015-02-11,21:00:00,35.61,35.68,35.61,35.68,4026,0
2015-02-11,22:00:00,35.64,35.778,35.63,35.66,7882,0
2015-02-12,16:00:00,35.938,36.087,35.798,35.898,6720,0
2015-02-12,17:00:00,35.938,36.028,35.938,35.988,9445,0
2015-02-12,18:00:00,35.978,36.038,35.918,36.038,13030,0
2015-02-12,19:00:00,36.038,36.068,36.018,36.048,2109,0
2015-02-12,20:00:00,36.058,36.157,36.058,36.107,2479,0
2015-02-12,21:00:00,36.107,36.137,36.038,36.137,15441,0
2015-02-12,22:00:00,36.107,36.117,36.068,36.077,30230,0
2015-02-13,16:00:00,36.425,36.425,36.097,36.207,6870,0
2015-02-13,17:00:00,36.247,36.297,36.217,36.297,14557,0
2015-02-13,18:00:00,36.327,36.386,36.287,36.367,17390,0
2015-02-13,19:00:00,36.425,36.425,36.357,36.377,5782,0
2015-02-13,20:00:00,36.327,36.327,36.237,36.297,1758,0
2015-02-13,21:00:00,36.287,36.367,36.287,36.337,14757,0
2015-02-13,22:00:00,36.337,36.406,36.327,36.396,17813,0
2015-02-17,16:00:00,36.435,36.455,36.257,36.257,10332,0
2015-02-17,17:00:00,36.317,36.367,36.277,36.277,5273,0
2015-02-17,18:00:00,36.297,36.357,36.257,36.347,4081,0
2015-02-17,19:00:00,36.357,36.425,36.307,36.415,8098,0
2015-02-17,20:00:00,36.425,36.495,36.415,36.455,100997,0
2015-02-17,21:00:00,36.415,36.455,36.386,36.386,35745,0
2015-02-17,22:00:00,36.357,36.386,36.307,36.307,28903,0
2015-02-18,16:00:00,36.297,36.415,36.297,36.415,4728,0
2015-02-18,17:00:00,36.445,36.515,36.406,36.425,48186,0
2015-02-18,18:00:00,36.495,36.535,36.455,36.505,34214,0
2015-02-18,19:00:00,36.485,36.495,36.455,36.465,5712,0
2015-02-18,20:00:00,36.485,36.525,36.445,36.495,9459,0
2015-02-18,21:00:00,36.585,36.605,36.535,36.595,9726,0
2015-02-18,22:00:00,36.625,36.635,36.585,36.605,17110,0
2015-02-19,16:00:00,36.695,36.695,36.505,36.615,4599,0
2015-02-19,17:00:00,36.635,36.774,36.585,36.764,11601,0
2015-02-19,18:00:00,36.764,36.814,36.715,36.804,8561,0
2015-02-19,19:00:00,36.814,36.854,36.745,36.745,7413,0
2015-02-19,20:00:00,36.774,36.794,36.725,36.784,9171,0
2015-02-19,21:00:00,36.824,36.844,36.764,36.804,9942,0
2015-02-19,22:00:00,36.844,36.844,36.804,36.804,15981,0
2015-02-20,16:00:00,36.844,36.844,36.705,36.754,8735,0
2015-02-20,17:00:00,36.794,36.954,36.774,36.934,9124,0
2015-02-20,18:00:00,36.974,37.043,36.944,37.024,9063,0
2015-02-20,19:00:00,37.033,37.083,37.024,37.053,13845,0
2015-02-20,20:00:00,37.063,37.162,37.063,37.162,6776,0
2015-02-20,21:00:00,37.172,37.192,37.132,37.192,13121,0
2015-02-20,22:00:00,37.192,37.262,37.182,37.262,9294,0
2015-02-23,16:00:00,37.202,37.212,37.122,37.182,3265,0
2015-02-23,17:00:00,37.083,37.182,37.063,37.182,15659,0
2015-02-23,18:00:00,37.192,37.222,37.162,37.212,11278,0
2015-02-23,19:00:00,37.212,37.212,37.182,37.182,6204,0
2015-02-23,20:00:00,37.162,37.192,37.162,37.172,9008,0
2015-02-23,21:00:00,37.152,37.192,37.122,37.162,11966,0
2015-02-23,22:00:00,37.172,37.212,37.132,37.212,18799,0
2015-02-24,16:00:00,37.501,37.501,37.162,37.202,26790,0
2015-02-24,17:00:00,37.162,37.302,37.132,37.262,15999,0
2015-02-24,18:00:00,37.312,37.312,37.262,37.262,3992,0
2015-02-24,19:00:00,37.232,37.252,37.182,37.182,9023,0
2015-02-24,20:00:00,37.192,37.232,37.192,37.222,2571,0
2015-02-24,21:00:00,37.232,37.262,37.192,37.212,14538,0
2015-02-24,22:00:00,37.252,37.322,37.242,37.302,24225,0
2015-02-25,16:00:00,37.312,37.312,37.132,37.212,15551,0
2015-02-25,17:00:00,37.222,37.232,37.142,37.232,7969,0
2015-02-25,18:00:00,37.182,37.232,37.132,37.212,9069,0
2015-02-25,19:00:00,37.162,37.192,37.132,37.152,9990,0
2015-02-25,20:00:00,37.152,37.162,37.102,37.122,5757,0
2015-02-25,21:00:00,37.122,37.122,36.964,36.984,15049,0
2015-02-25,22:00:00,37.014,37.073,36.964,37.073,6773,0
2015-02-26,16:00:00,36.934,37.024,36.934,36.934,3492,0
2015-02-26,17:00:00,36.954,37.033,36.924,37.004,26964,0
2015-02-26,18:00:00,37.004,37.043,37.004,37.024,24941,0
2015-02-26,19:00:00,36.934,37.004,36.914,37.004,12053,0
2015-02-26,20:00:00,37.004,37.014,36.944,36.984,4435,0
2015-02-26,21:00:00,36.964,36.964,36.834,36.864,3931,0
2015-02-26,22:00:00,36.834,36.944,36.745,36.924,10489,0
2015-02-27,16:00:00,37.501,37.501,36.824,36.824,4306,0
2015-02-27,17:00:00,36.834,36.964,36.834,36.954,5914,0
2015-02-27,18:00:00,36.914,36.914,36.844,36.844,9979,0
2015-02-27,19:00:00,36.854,36.914,36.854,36.884,3883,0
2015-02-27,20:00:00,36.894,36.914,36.864,36.874,993,0
2015-02-27,21:00:00,36.864,36.934,36.844,36.854,8149,0
2015-02-27,22:00:00,36.844,36.874,36.754,36.764,12296,0
2015-03-02,16:00:00,36.854,37.024,36.854,37.024,4919,0
2015-03-02,17:00:00,37.083,37.152,37.043,37.142,5223,0
2015-03-02,18:00:00,37.172,37.172,37.112,37.132,6708,0
2015-03-02,19:00:00,37.132,37.132,37.024,37.083,5906,0
2015-03-02,20:00:00,37.053,37.162,37.053,37.152,3531,0
2015-03-02,21:00:00,37.152,37.152,37.102,37.102,3260,0
2015-03-02,22:00:00,37.102,37.192,37.102,37.152,8098,0
2015-03-03,16:00:00,37.014,37.063,37.014,37.053,10377,0
2015-03-03,17:00:00,36.963,36.963,36.864,36.88,2808,0
2015-03-03,18:00:00,36.874,36.918,36.784,36.784,6457,0
2015-03-03,19:00:00,36.782,36.864,36.745,36.864,2828,0
2015-03-03,20:00:00,36.834,36.874,36.814,36.848,5758,0
2015-03-03,21:00:00,36.824,36.904,36.814,36.874,6369,0
2015-03-03,22:00:00,36.824,36.924,36.824,36.894,12271,0
2015-03-04,16:00:00,36.834,36.834,36.585,36.617,6788,0
2015-03-04,17:00:00,36.665,36.675,36.605,36.655,1708,0
2015-03-04,18:00:00,36.625,36.735,36.625,36.625,2530,0
2015-03-04,19:00:00,36.665,36.735,36.614,36.688,9486,0
2015-03-04,20:00:00,36.665,36.719,36.585,36.585,12453,0
2015-03-04,21:00:00,36.625,36.665,36.555,36.665,18533,0
2015-03-04,22:00:00,36.655,36.665,36.605,36.625,18047,0
2015-03-05,16:00:00,36.645,36.745,36.596,36.655,2087,0
2015-03-05,17:00:00,36.661,36.735,36.661,36.714,4424,0
2015-03-05,18:00:00,36.685,36.695,36.605,36.675,4912,0
2015-03-05,19:00:00,36.685,36.695,36.515,36.515,1384,0
2015-03-05,20:00:00,36.535,36.583,36.525,36.575,4866,0
2015-03-05,21:00:00,36.585,36.635,36.576,36.63,4769,0
2015-03-05,22:00:00,36.625,36.665,36.597,36.605,90363,0
2015-03-06,16:00:00,36.406,36.513,36.352,36.513,7563,0
2015-03-06,17:00:00,36.495,36.535,36.386,36.387,6851,0
2015-03-06,18:00:00,36.377,36.377,36.21,36.224,12343,0
2015-03-06,19:00:00,36.284,36.284,36.197,36.211,2213,0
2015-03-06,20:00:00,36.235,36.235,36.157,36.187,3082,0
2015-03-06,21:00:00,36.256,36.256,36.133,36.187,6021,0
2015-03-06,22:00:00,36.257,36.267,36.157,36.187,15518,0
2015-03-09,15:00:00,36.167,36.357,36.167,36.357,7207,0
2015-03-09,16:00:00,36.386,36.415,36.381,36.396,2511,0
2015-03-09,17:00:00,36.407,36.465,36.407,36.465,1456,0
2015-03-09,18:00:00,36.445,36.496,36.425,36.496,2494,0
2015-03-09,19:00:00,36.53,36.535,36.485,36.53,3252,0
2015-03-09,20:00:00,36.57,36.645,36.535,36.63,6714,0
2015-03-09,21:00:00,36.616,36.616,36.485,36.485,5387,0
2015-03-10,15:00:00,36.177,36.177,36.048,36.071,5976,0
2015-03-10,16:00:00,36.045,36.076,35.958,36.067,9871,0
2015-03-10,17:00:00,36.087,36.107,35.988,35.998,4590,0
2015-03-10,18:00:00,35.968,35.978,35.888,35.958,5032,0
2015-03-10,19:00:00,35.945,35.993,35.938,35.993,3094,0
2015-03-10,20:00:00,35.958,35.958,35.878,35.948,4172,0
2015-03-10,21:00:00,35.928,35.977,35.838,35.848,13768,0
2015-03-11,15:00:00,35.888,35.938,35.848,35.938,6066,0
2015-03-11,16:00:00,35.968,35.988,35.888,35.888,2718,0
2015-03-11,17:00:00,35.918,35.93,35.914,35.914,703,0
2015-03-11,18:00:00,35.929,35.929,35.888,35.898,1610,0
2015-03-11,19:00:00,35.914,35.914,35.808,35.808,1135,0
2015-03-11,20:00:00,35.799,35.918,35.799,35.918,2303,0
2015-03-11,21:00:00,35.948,35.948,35.783,35.868,7911,0
2015-03-12,15:00:00,35.968,36.217,35.968,36.217,2826,0
2015-03-12,16:00:00,36.109,36.137,36.058,36.086,1560,0
2015-03-12,17:00:00,36.127,36.198,36.127,36.177,5289,0
2015-03-12,18:00:00,36.157,36.157,36.127,36.127,1711,0
2015-03-12,19:00:00,36.147,36.157,36.135,36.157,736,0
2015-03-12,20:00:00,36.148,36.207,36.148,36.207,3311,0
2015-03-12,21:00:00,36.269,36.327,36.247,36.277,4095,0
2015-03-13,15:00:00,36.307,36.317,36.227,36.277,24477,0
2015-03-13,16:00:00,36.207,36.248,36.008,36.008,4951,0
2015-03-13,17:00:00,35.968,35.978,35.748,35.868,3383,0
2015-03-13,18:00:00,35.856,35.938,35.845,35.938,2448,0
2015-03-13,19:00:00,35.899,35.908,35.808,35.868,878,0
2015-03-13,20:00:00,35.816,35.838,35.759,35.776,5838,0
2015-03-13,21:00:00,35.837,36.018,35.824,35.998,5553,0
2015-03-16,15:00:00,36.147,36.424,36.143,36.399,6733,0
2015-03-16,16:00:00,36.327,36.425,36.277,36.327,4735,0
2015-03-16,17:00:00,36.375,36.406,36.357,36.378,2731,0
2015-03-16,18:00:00,36.377,36.396,36.347,36.376,2171,0
2015-03-16,19:00:00,36.287,36.396,36.287,36.386,18192,0
2015-03-16,20:00:00,36.396,36.452,36.386,36.423,4651,0
2015-03-16,21:00:00,36.426,36.505,36.406,36.495,14733,0
2015-03-17,15:00:00,36.555,36.555,36.307,36.307,13512,0
2015-03-17,16:00:00,36.3,36.406,36.3,36.375,2253,0
2015-03-17,17:00:00,36.367,36.367,36.277,36.287,6356,0
2015-03-17,18:00:00,36.312,36.367,36.301,36.347,5088,0
2015-03-17,19:00:00,36.376,36.396,36.339,36.396,7816,0
2015-03-17,20:00:00,36.396,36.406,36.353,36.395,16372,0
2015-03-17,21:00:00,36.445,36.475,36.414,36.415,17678,0
2015-03-18,15:00:00,36.307,36.307,36.117,36.167,1720,0
2015-03-18,16:00:00,36.217,36.252,36.203,36.203,2782,0
2015-03-18,17:00:00,36.247,36.247,36.148,36.167,4888,0
2015-03-18,18:00:00,36.207,36.224,36.167,36.167,5493,0
2015-03-18,19:00:00,36.171,36.187,36.152,36.152,552,0
2015-03-18,20:00:00,36.237,36.735,36.237,36.665,3774,0
2015-03-18,21:00:00,36.764,36.867,36.735,36.754,10048,0
2015-03-19,15:00:00,36.655,36.745,36.625,36.625,10596,0
2015-03-19,16:00:00,36.697,36.764,36.685,36.685,4567,0
2015-03-19,17:00:00,36.697,36.697,36.485,36.508,17761,0
2015-03-19,18:00:00,36.56,36.585,36.524,36.524,6226,0
2015-03-19,19:00:00,36.603,36.655,36.578,36.578,2328,0
2015-03-19,20:00:00,36.585,36.625,36.555,36.605,7247,0
2015-03-19,21:00:00,36.635,36.644,36.555,36.644,4914,0
2015-03-20,15:00:00,36.702,36.831,36.702,36.801,6437,0
2015-03-20,16:00:00,36.799,36.864,36.791,36.864,4500,0
2015-03-20,17:00:00,36.913,36.965,36.913,36.965,1320,0
2015-03-20,18:00:00,36.961,36.961,36.961,36.961,501,0
2015-03-20,19:00:00,36.992,36.992,36.952,36.952,1168,0
2015-03-20,20:00:00,36.991,36.991,36.901,36.907,3442,0
2015-03-20,21:00:00,36.951,36.951,36.891,36.935,3509,0
2015-03-23,15:00:00,37.071,37.071,36.871,36.871,2882,0
2015-03-23,16:00:00,36.861,36.901,36.812,36.891,8746,0
2015-03-23,17:00:00,36.891,36.921,36.876,36.921,15723,0
2015-03-23,18:00:00,36.911,36.921,36.851,36.861,9869,0
2015-03-23,19:00:00,36.861,36.881,36.841,36.851,7196,0
2015-03-23,20:00:00,36.855,36.916,36.851,36.881,7244,0
2015-03-23,21:00:00,36.861,36.891,36.811,36.811,4557,0
2015-03-24,15:00:00,36.722,36.751,36.652,36.751,1908,0
2015-03-24,16:00:00,36.761,36.791,36.729,36.763,3310,0
2015-03-24,17:00:00,36.821,36.923,36.801,36.881,4445,0
2015-03-24,18:00:00,36.861,36.861,36.742,36.777,1747,0
2015-03-24,19:00:00,36.779,36.801,36.736,36.741,3249,0
2015-03-24,20:00:00,36.746,36.746,36.702,36.702,1604,0
2015-03-24,21:00:00,36.795,36.811,36.702,36.722,9270,0
2015-03-25,15:00:00,36.861,36.861,36.532,36.563,1864,0
2015-03-25,16:00:00,36.493,36.592,36.442,36.512,2804,0
2015-03-25,17:00:00,36.482,36.482,36.223,36.293,5300,0
2015-03-25,18:00:00,36.235,36.235,36.161,36.203,8937,0
2015-03-25,19:00:00,36.193,36.193,36.099,36.163,4940,0
2015-03-25,20:00:00,36.202,36.202,36.123,36.161,4872,0
2015-03-25,21:00:00,36.123,36.123,35.924,35.964,38905,0
2015-03-26,15:00:00,35.774,35.774,35.585,35.725,30348,0
2015-03-26,16:00:00,35.705,35.841,35.684,35.839,4843,0
2015-03-26,17:00:00,35.777,35.934,35.764,35.934,2431,0
2015-03-26,18:00:00,35.952,35.952,35.856,35.934,12599,0
2015-03-26,19:00:00,35.934,35.984,35.874,35.984,3270,0
2015-03-26,20:00:00,36.083,36.113,36.055,36.055,19782,0
2015-03-26,21:00:00,36.004,36.123,36.004,36.054,7505,0
2015-03-27,15:00:00,36.143,36.223,36.133,36.223,3315,0
2015-03-27,16:00:00,36.223,36.273,36.054,36.233,6595,0
2015-03-27,17:00:00,36.233,36.234,36.134,36.134,6143,0
2015-03-27,18:00:00,36.134,36.242,36.134,36.239,1653,0
2015-03-27,19:00:00,36.239,36.313,36.239,36.313,4845,0
2015-03-27,20:00:00,36.313,36.333,36.264,36.296,3809,0
2015-03-27,21:00:00,36.296,36.392,36.296,36.383,3053,0
2015-03-30,16:00:00,36.682,36.682,36.672,36.672,3779,0
2015-03-30,17:00:00,36.672,36.785,36.672,36.781,5794,0
2015-03-30,18:00:00,36.781,36.831,36.702,36.791,2811,0
2015-03-30,19:00:00,36.833,36.931,36.821,36.925,5953,0
2015-03-30,20:00:00,36.929,36.991,36.921,36.921,2531,0
2015-03-30,21:00:00,36.921,37.011,36.921,37.011,3163,0
2015-03-30,22:00:00,37.011,37.011,36.901,36.901,4175,0
2015-03-31,16:00:00,36.811,36.811,36.642,36.692,3111,0
2015-03-31,17:00:00,36.722,36.722,36.652,36.672,4161,0
2015-03-31,18:00:00,36.692,36.791,36.652,36.652,7293,0
2015-03-31,19:00:00,36.652,36.682,36.592,36.655,7761,0
2015-03-31,20:00:00,36.677,36.756,36.672,36.682,3376,0
2015-03-31,21:00:00,36.692,36.706,36.662,36.692,2804,0
2015-03-31,22:00:00,36.692,36.692,36.542,36.632,8279,0
2015-04-01,16:00:00,36.512,36.512,36.054,36.054,2935,0
2015-04-01,17:00:00,36.078,36.205,36.069,36.203,1828,0
2015-04-01,18:00:00,36.203,36.343,36.203,36.293,2733,0
2015-04-01,19:00:00,36.275,36.303,36.216,36.227,3167,0
2015-04-01,20:00:00,36.213,36.393,36.213,36.393,5882,0
2015-04-01,21:00:00,36.393,36.393,36.277,36.304,111704,0
2015-04-01,22:00:00,36.323,36.333,36.231,36.313,18716,0
2015-04-02,16:00:00,36.393,36.442,36.393,36.442,3098,0
2015-04-02,17:00:00,36.622,36.642,36.552,36.562,2971,0
2015-04-02,18:00:00,36.532,36.542,36.472,36.473,1570,0
2015-04-02,19:00:00,36.442,36.462,36.398,36.432,2359,0
2015-04-02,20:00:00,36.432,36.499,36.432,36.492,3511,0
2015-04-02,21:00:00,36.487,36.55,36.443,36.443,6564,0
2015-04-02,22:00:00,36.432,36.462,36.403,36.422,7485,0
2015-04-06,16:00:00,36.313,36.518,36.213,36.518,4927,0
2015-04-06,17:00:00,36.532,36.712,36.532,36.682,4216,0
2015-04-06,18:00:00,36.702,36.741,36.692,36.692,2680,0
2015-04-06,19:00:00,36.699,36.751,36.699,36.751,3156,0
2015-04-06,20:00:00,36.751,36.791,36.751,36.775,2369,0
2015-04-06,21:00:00,36.801,36.851,36.791,36.821,3753,0
2015-04-06,22:00:00,36.821,36.85,36.771,36.811,4373,0
2015-04-07,16:00:00,36.831,36.898,36.83,36.898,6377,0
2015-04-07,17:00:00,36.831,36.931,36.771,36.921,3571,0
2015-04-07,18:00:00,36.921,36.93,36.891,36.911,2984,0
2015-04-07,19:00:00,36.906,36.911,36.831,36.851,2250,0
2015-04-07,20:00:00,36.851,36.901,36.851,36.851,5974,0
2015-04-07,21:00:00,36.851,36.881,36.851,36.881,1922,0
2015-04-07,22:00:00,36.851,36.861,36.712,36.712,6223,0
2015-04-08,16:00:00,36.761,36.921,36.761,36.921,1495,0
2015-04-08,17:00:00,36.921,36.921,36.762,36.762,6251,0
2015-04-08,18:00:00,36.801,36.921,36.801,36.878,5231,0
2015-04-08,19:00:00,36.878,36.916,36.871,36.901,2788,0
2015-04-08,20:00:00,36.901,36.901,36.81,36.851,2471,0
2015-04-08,21:00:00,36.891,36.941,36.722,36.815,15815,0
2015-04-08,22:00:00,36.815,36.891,36.815,36.851,5767,0
2015-04-09,16:00:00,36.891,37.021,36.861,36.861,10293,0
2015-04-09,17:00:00,36.861,36.911,36.692,36.702,5716,0
2015-04-09,18:00:00,36.737,36.761,36.682,36.761,1804,0
2015-04-09,19:00:00,36.761,36.811,36.761,36.811,864,0
2015-04-09,20:00:00,36.811,36.821,36.791,36.791,2076,0
2015-04-09,21:00:00,36.806,36.831,36.771,36.792,219996,0
2015-04-09,22:00:00,36.841,36.931,36.836,36.901,2904,0
2015-04-10,16:00:00,37.09,37.09,36.87,36.87,2413,0
2015-04-10,17:00:00,36.87,36.991,36.87,36.991,701,0
2015-04-10,18:00:00,36.991,37.054,36.991,37.011,5942,0
2015-04-10,19:00:00,37.011,37.031,37.011,37.031,1252,0
2015-04-10,20:00:00,37.021,37.071,37.014,37.041,4008,0
2015-04-10,21:00:00,37.051,37.11,37.051,37.11,2857,0
2015-04-10,22:00:00,37.11,37.12,37.071,37.11,20022,0
2015-04-13,16:00:00,36.981,37.139,36.981,37.079,1498,0
2015-04-13,17:00:00,37.129,37.16,37.043,37.043,8570,0
2015-04-13,18:00:00,37.043,37.09,37.043,37.09,2271,0
2015-04-13,19:00:00,37.03,37.07,36.955,36.981,6676,0
2015-04-13,20:00:00,36.981,36.981,36.811,36.811,1768,0
2015-04-13,21:00:00,36.811,36.83,36.795,36.797,4662,0
2015-04-13,22:00:00,36.797,36.821,36.742,36.771,5138,0
2015-04-14,16:00:00,36.761,36.871,36.582,36.582,8678,0
2015-04-14,17:00:00,36.512,36.572,36.472,36.542,6282,0
2015-04-14,18:00:00,36.542,36.712,36.542,36.711,903,0
2015-04-14,19:00:00,36.722,36.781,36.721,36.757,3280,0
2015-04-14,20:00:00,36.737,36.751,36.712,36.722,2200,0
2015-04-14,21:00:00,36.722,36.734,36.702,36.731,1871,0
2015-04-14,22:00:00,36.731,36.787,36.712,36.712,4114,0
2015-04-15,16:00:00,36.751,36.881,36.751,36.881,1491,0
2015-04-15,17:00:00,36.822,36.841,36.761,36.791,5640,0
2015-04-15,18:00:00,36.791,36.791,36.692,36.692,22962,0
2015-04-15,19:00:00,36.692,36.804,36.692,36.804,2837,0
2015-04-15,20:00:00,36.804,36.921,36.804,36.891,5924,0
2015-04-15,21:00:00,36.85,36.881,36.811,36.811,30171,0
2015-04-15,22:00:00,36.811,36.811,36.732,36.732,4123,0
2015-04-16,16:00:00,36.672,36.712,36.512,36.512,7934,0
2015-04-16,17:00:00,36.567,36.655,36.567,36.655,7664,0
2015-04-16,18:00:00,36.672,36.722,36.642,36.642,9118,0
2015-04-16,19:00:00,36.652,36.682,36.632,36.632,33262,0
2015-04-16,20:00:00,36.647,36.751,36.632,36.732,3915,0
2015-04-16,21:00:00,36.732,36.776,36.732,36.732,10514,0
2015-04-16,22:00:00,36.732,36.732,36.662,36.682,17565,0
2015-04-17,16:00:00,36.542,36.542,36.083,36.233,8698,0
2015-04-17,17:00:00,36.163,36.193,36.083,36.083,3868,0
2015-04-17,18:00:00,36.08,36.223,36.08,36.2,9466,0
2015-04-17,19:00:00,36.213,36.253,36.163,36.213,8711,0
2015-04-17,20:00:00,36.253,36.278,36.083,36.083,3682,0
2015-04-17,21:00:00,36.093,36.123,36.025,36.044,4035,0
2015-04-17,22:00:00,36.052,36.255,36.034,36.064,6335,0
2015-04-20,16:00:00,36.273,36.422,36.273,36.393,16728,0
2015-04-20,17:00:00,36.382,36.482,36.333,36.482,3817,0
2015-04-20,18:00:00,36.522,36.532,36.462,36.502,1894,0
2015-04-20,19:00:00,36.532,36.532,36.483,36.502,3700,0
2015-04-20,20:00:00,36.531,36.542,36.502,36.512,7316,0
2015-04-20,21:00:00,36.532,36.532,36.482,36.504,2863,0
2015-04-20,22:00:00,36.522,36.545,36.462,36.472,4585,0
2015-04-21,16:00:00,36.642,36.771,36.482,36.532,7728,0
2015-04-21,17:00:00,36.492,36.582,36.422,36.522,8341,0
2015-04-21,18:00:00,36.519,36.572,36.462,36.472,4451,0
2015-04-21,19:00:00,36.443,36.522,36.432,36.472,1650,0
2015-04-21,20:00:00,36.511,36.552,36.482,36.502,4613,0
2015-04-21,21:00:00,36.489,36.582,36.443,36.532,9777,0
2015-04-21,22:00:00,36.559,36.572,36.494,36.542,7777,0
2015-04-22,16:00:00,36.572,36.572,36.313,36.353,6468,0
2015-04-22,17:00:00,36.289,36.412,36.243,36.403,2140,0
2015-04-22,18:00:00,36.417,36.422,36.343,36.383,8506,0
2015-04-22,19:00:00,36.363,36.389,36.363,36.389,401,0
2015-04-22,20:00:00,36.422,36.502,36.422,36.492,2994,0
2015-04-22,21:00:00,36.472,36.552,36.472,36.509,4412,0
2015-04-22,22:00:00,36.529,36.569,36.529,36.562,8346,0
2015-04-23,16:00:00,36.492,36.532,36.476,36.532,1950,0
2015-04-23,17:00:00,36.533,36.542,36.452,36.452,2794,0
2015-04-23,18:00:00,36.502,36.672,36.502,36.672,1504,0
2015-04-23,19:00:00,36.661,36.672,36.613,36.672,2551,0
2015-04-23,20:00:00,36.672,36.672,36.6,36.6,702,0
2015-04-23,21:00:00,36.632,36.662,36.616,36.643,12921,0
2015-04-23,22:00:00,36.648,36.676,36.542,36.572,6486,0
2015-04-24,16:00:00,36.672,36.672,36.432,36.432,1543,0
2015-04-24,17:00:00,36.55,36.55,36.492,36.493,1145,0
2015-04-24,18:00:00,36.48,36.522,36.472,36.472,2619,0
2015-04-24,19:00:00,36.462,36.512,36.462,36.492,1497,0
2015-04-24,20:00:00,36.442,36.472,36.432,36.432,1532,0
2015-04-24,21:00:00,36.432,36.462,36.413,36.457,2275,0
2015-04-24,22:00:00,36.452,36.452,36.422,36.442,3228,0
2015-04-27,16:00:00,36.512,36.582,36.421,36.582,10600,0
2015-04-27,17:00:00,36.582,36.582,36.503,36.503,1446,0
2015-04-27,18:00:00,36.436,36.472,36.403,36.403,19556,0
2015-04-27,19:00:00,36.422,36.428,36.283,36.283,4938,0
2015-04-27,20:00:00,36.313,36.339,36.298,36.332,2043,0
2015-04-27,21:00:00,36.338,36.353,36.273,36.353,370580,0
2015-04-27,22:00:00,36.353,36.353,36.273,36.303,41219,0
2015-04-28,16:00:00,36.203,36.343,36.203,36.338,5652,0
2015-04-28,17:00:00,36.193,36.263,36.064,36.263,2307,0
2015-04-28,18:00:00,36.263,36.352,36.263,36.331,1333,0
2015-04-28,19:00:00,36.313,36.353,36.303,36.353,6600,0
2015-04-28,20:00:00,36.393,36.393,36.393,36.393,100,0
2015-04-28,21:00:00,36.353,36.382,36.303,36.35,100085,0
2015-04-28,22:00:00,36.392,36.403,36.353,36.403,22024,0
2015-04-29,16:00:00,36.313,36.431,36.313,36.383,4300,0
2015-04-29,17:00:00,36.373,36.373,36.283,36.333,4875,0
2015-04-29,18:00:00,36.343,36.366,36.307,36.313,2250,0
2015-04-29,19:00:00,36.318,36.318,36.123,36.163,2268,0
2015-04-29,20:00:00,36.163,36.24,36.153,36.24,3094,0
2015-04-29,21:00:00,36.173,36.263,36.173,36.263,1872,0
2015-04-29,22:00:00,36.243,36.243,36.163,36.173,3715,0
2015-04-30,16:00:00,36.143,36.143,35.804,35.874,6257,0
2015-04-30,17:00:00,35.814,35.926,35.744,35.926,5272,0
2015-04-30,18:00:00,35.994,36.046,35.994,36.044,2156,0
2015-04-30,19:00:00,35.964,35.964,35.894,35.904,4830,0
2015-04-30,20:00:00,35.926,35.926,35.794,35.819,2535,0
2015-04-30,21:00:00,35.804,35.825,35.645,35.645,4268,0
2015-04-30,22:00:00,35.585,35.595,35.535,35.595,8808,0
2015-05-01,16:00:00,35.774,35.914,35.774,35.804,4475,0
2015-05-01,17:00:00,35.725,35.894,35.725,35.804,5543,0
2015-05-01,18:00:00,35.884,35.904,35.824,35.844,4006,0
2015-05-01,19:00:00,35.849,35.891,35.849,35.891,450,0
2015-05-01,20:00:00,35.86,35.964,35.859,35.964,3376,0
2015-05-01,21:00:00,35.946,35.983,35.946,35.983,5490,0
2015-05-01,22:00:00,35.984,36.004,35.974,35.974,2130,0
2015-05-04,16:00:00,35.994,36.173,35.994,36.163,4827,0
2015-05-04,17:00:00,36.173,36.243,36.173,36.192,1356,0
2015-05-04,18:00:00,36.153,36.179,36.128,36.128,972,0
2015-05-04,19:00:00,36.183,36.183,36.133,36.133,1468,0
2015-05-04,20:00:00,36.103,36.133,36.095,36.103,1133,0
2015-05-04,21:00:00,36.203,36.203,36.127,36.127,627,0
2015-05-04,22:00:00,36.153,36.153,36.073,36.073,1596,0
2015-05-05,16:00:00,36.054,36.054,35.834,35.884,3179,0
2015-05-05,17:00:00,35.834,35.864,35.794,35.822,978,0
2015-05-05,18:00:00,35.734,35.734,35.605,35.655,1218,0
2015-05-05,19:00:00,35.685,35.725,35.673,35.673,1797,0
2015-05-05,20:00:00,35.625,35.625,35.563,35.565,4820,0
2015-05-05,21:00:00,35.545,35.571,35.525,35.525,1028,0
2015-05-05,22:00:00,35.565,35.605,35.545,35.575,6282,0
2015-05-06,16:00:00,35.685,35.685,35.595,35.595,938,0
2015-05-06,17:00:00,35.565,35.565,35.485,35.485,11513,0
2015-05-06,18:00:00,35.605,35.605,35.506,35.557,4953,0
2015-05-06,19:00:00,35.555,35.555,35.522,35.54,1100,0
2015-05-06,20:00:00,35.487,35.515,35.433,35.445,1805,0
2015-05-06,21:00:00,35.463,35.463,35.352,35.376,25957,0
2015-05-06,22:00:00,35.415,35.495,35.376,35.495,4378,0
2015-05-07,16:00:00,35.415,35.475,35.395,35.475,1857,0
2015-05-07,17:00:00,35.455,35.515,35.455,35.455,4722,0
2015-05-07,18:00:00,35.509,35.585,35.509,35.534,3394,0
2015-05-07,19:00:00,35.525,35.642,35.525,35.625,1843,0
2015-05-07,20:00:00,35.615,35.615,35.585,35.585,710,0
2015-05-07,21:00:00,35.555,35.603,35.555,35.585,2266,0
2015-05-07,22:00:00,35.605,35.615,35.521,35.545,3740,0
2015-05-08,16:00:00,35.864,36.038,35.864,36.038,652,0
2015-05-08,17:00:00,36.078,36.078,35.994,36.004,988,0
2015-05-08,18:00:00,36.004,36.049,36.004,36.049,1409,0
2015-05-08,19:00:00,36.053,36.053,35.994,36.034,888,0
2015-05-08,20:00:00,35.994,36.024,35.979,35.979,743,0
2015-05-08,21:00:00,35.984,36.01,35.964,35.994,1611,0
2015-05-08,22:00:00,36.034,36.044,36.004,36.004,1060,0
2015-05-11,16:00:00,35.944,36.133,35.944,36.093,4306,0
2015-05-11,17:00:00,36.143,36.143,36.061,36.141,1664,0
2015-05-11,18:00:00,36.126,36.193,36.094,36.193,1621,0
2015-05-11,19:00:00,36.123,36.163,36.123,36.133,492,0
2015-05-11,20:00:00,36.149,36.193,36.14,36.14,2924,0
2015-05-11,21:00:00,36.119,36.153,36.054,36.068,11488,0
2015-05-11,22:00:00,36.113,36.124,36.113,36.123,1234,0
2015-05-12,16:00:00,35.914,35.914,35.575,35.734,2866,0
2015-05-12,17:00:00,35.651,35.854,35.625,35.854,2608,0
2015-05-12,18:00:00,35.914,35.914,35.809,35.857,2332,0
2015-05-12,19:00:00,35.834,35.894,35.814,35.894,1618,0
2015-05-12,20:00:00,35.874,35.914,35.874,35.914,561,0
2015-05-12,21:00:00,35.914,35.984,35.897,35.944,1228,0
2015-05-12,22:00:00,35.942,35.964,35.914,35.924,4992,0
2015-05-13,16:00:00,35.964,36.163,35.964,36.093,2258,0
2015-05-13,17:00:00,36.138,36.168,36.083,36.092,6351,0
2015-05-13,18:00:00,36.093,36.093,36.073,36.073,1041,0
2015-05-13,19:00:00,36.128,36.143,36.107,36.143,1339,0
2015-05-13,20:00:00,36.173,36.183,36.133,36.137,1045,0
2015-05-13,21:00:00,36.135,36.135,36.089,36.094,1222,0
2015-05-13,22:00:00,36.133,36.163,36.089,36.103,3403,0
2015-05-14,16:00:00,36.243,36.412,36.233,36.333,5181,0
2015-05-14,17:00:00,36.444,36.462,36.43,36.43,566,0
2015-05-14,18:00:00,36.442,36.462,36.395,36.462,3607,0
2015-05-14,19:00:00,36.462,36.538,36.435,36.538,977,0
2015-05-14,20:00:00,36.535,36.614,36.53,36.611,2259,0
2015-05-14,21:00:00,36.562,36.602,36.562,36.565,47126,0
2015-05-14,22:00:00,36.599,36.642,36.584,36.608,3870,0
2015-05-15,16:00:00,36.652,36.682,36.612,36.612,1194,0
2015-05-15,17:00:00,36.522,36.572,36.502,36.542,1105,0
2015-05-15,18:00:00,36.492,36.532,36.472,36.504,3779,0
2015-05-15,19:00:00,36.505,36.515,36.502,36.505,1414,0
2015-05-15,20:00:00,36.492,36.512,36.472,36.512,3276,0
2015-05-15,21:00:00,36.512,36.542,36.462,36.542,2096,0
2015-05-15,22:00:00,36.551,36.612,36.539,36.612,5121,0
2015-05-18,16:00:00,36.562,36.626,36.562,36.626,1904,0
2015-05-18,17:00:00,36.63,36.643,36.582,36.614,4331,0
2015-05-18,18:00:00,36.542,36.732,36.532,36.712,7763,0
2015-05-18,19:00:00,36.742,36.742,36.69,36.692,4289,0
2015-05-18,20:00:00,36.702,36.761,36.688,36.751,2121,0
2015-05-18,21:00:00,36.761,36.771,36.722,36.742,3132,0
2015-05-18,22:00:00,36.761,36.771,36.732,36.742,3394,0
2015-05-19,16:00:00,36.791,36.791,36.702,36.718,2831,0
2015-05-19,17:00:00,36.682,36.801,36.682,36.692,6412,0
2015-05-19,18:00:00,36.699,36.751,36.682,36.742,1968,0
2015-05-19,19:00:00,36.741,36.771,36.712,36.746,1575,0
2015-05-19,20:00:00,36.811,36.841,36.811,36.841,674,0
2015-05-19,21:00:00,36.783,36.811,36.734,36.771,12914,0
2015-05-19,22:00:00,36.715,36.75,36.672,36.726,6131,0
2015-05-20,16:00:00,36.831,36.881,36.771,36.845,3714,0
2015-05-20,17:00:00,36.808,36.891,36.808,36.871,1348,0
2015-05-20,18:00:00,36.832,36.861,36.781,36.801,6102,0
2015-05-20,19:00:00,36.791,36.871,36.791,36.817,3557,0
2015-05-20,20:00:00,36.811,36.811,36.761,36.761,747,0
2015-05-20,21:00:00,36.811,36.891,36.811,36.861,702,0
2015-05-20,22:00:00,36.861,36.877,36.807,36.821,2605,0
2015-05-21,16:00:00,36.841,36.861,36.827,36.827,8286,0
2015-05-21,17:00:00,36.871,36.881,36.821,36.861,5034,0
2015-05-21,18:00:00,36.876,36.911,36.861,36.906,2708,0
2015-05-21,19:00:00,36.906,36.906,36.861,36.891,3616,0
2015-05-21,20:00:00,36.891,36.891,36.817,36.817,5817,0
2015-05-21,21:00:00,36.838,36.871,36.838,36.871,646,0
2015-05-21,22:00:00,36.881,36.881,36.831,36.841,7202,0
2015-05-22,16:00:00,36.722,36.839,36.722,36.839,1605,0
2015-05-22,17:00:00,36.751,36.751,36.692,36.692,646,0
2015-05-22,18:00:00,36.692,36.692,36.632,36.632,742,0
2015-05-22,19:00:00,36.736,36.74,36.692,36.717,27451,0
2015-05-22,20:00:00,36.733,36.771,36.733,36.771,1132,0
2015-05-22,21:00:00,36.757,36.757,36.736,36.747,963,0
2015-05-22,22:00:00,36.743,36.761,36.662,36.662,4634,0
2015-05-26,16:00:00,36.612,36.612,36.359,36.363,2802,0
2015-05-26,17:00:00,36.303,36.303,36.213,36.223,6895,0
2015-05-26,18:00:00,36.179,36.243,36.153,36.153,6516,0
2015-05-26,19:00:00,36.173,36.223,36.173,36.223,351,0
2015-05-26,20:00:00,36.223,36.257,36.153,36.153,793,0
2015-05-26,21:00:00,36.193,36.233,36.188,36.203,2111,0
2015-05-26,22:00:00,36.203,36.263,36.195,36.263,6190,0
2015-05-27,16:00:00,36.303,36.303,36.303,36.303,201,0
2015-05-27,17:00:00,36.363,36.363,36.289,36.343,1191,0
2015-05-27,18:00:00,36.311,36.383,36.311,36.373,1102,0
2015-05-27,19:00:00,36.358,36.361,36.343,36.343,1024,0
2015-05-27,20:00:00,36.393,36.422,36.373,36.383,2049,0
2015-05-27,21:00:00,36.395,36.431,36.395,36.412,7299,0
2015-05-27,22:00:00,36.443,36.522,36.443,36.472,2572,0
2015-05-28,16:00:00,36.383,36.383,36.323,36.323,4274,0
2015-05-28,17:00:00,36.351,36.397,36.313,36.343,1820,0
2015-05-28,18:00:00,36.393,36.419,36.373,36.373,2035,0
2015-05-28,19:00:00,36.323,36.42,36.323,36.381,1131,0
2015-05-28,20:00:00,36.383,36.383,36.323,36.363,1598,0
2015-05-28,21:00:00,36.353,36.405,36.353,36.405,802,0
2015-05-28,22:00:00,36.447,36.482,36.412,36.46,2257,0
2015-05-29,16:00:00,36.393,36.393,36.243,36.301,3808,0
2015-05-29,17:00:00,36.323,36.323,36.193,36.203,1918,0
2015-05-29,18:00:00,35.994,36.103,35.964,36.103,1329,0
2015-05-29,19:00:00,36.093,36.183,36.064,36.163,1941,0
2015-05-29,20:00:00,36.183,36.22,36.153,36.158,2856,0
2015-05-29,21:00:00,36.162,36.172,36.034,36.093,3201,0
2015-05-29,22:00:00,36.133,36.193,36.123,36.133,3736,0
2015-06-01,16:00:00,36.203,36.203,36.024,36.024,2904,0
2015-06-01,17:00:00,36.119,36.119,36.024,36.066,692,0
2015-06-01,18:00:00,36.159,36.177,36.159,36.177,802,0
2015-06-01,19:00:00,36.14,36.213,36.138,36.213,1234,0
2015-06-01,20:00:00,36.233,36.293,36.233,36.253,2052,0
2015-06-01,21:00:00,36.279,36.322,36.279,36.322,953,0
2015-06-01,22:00:00,36.299,36.307,36.143,36.173,4643,0
2015-06-02,16:00:00,36.133,36.133,35.984,35.984,905,0
2015-06-02,17:00:00,36.058,36.274,36.058,36.223,3984,0
2015-06-02,18:00:00,36.268,36.273,36.223,36.233,972,0
2015-06-02,19:00:00,36.325,36.394,36.325,36.392,851,0
2015-06-02,20:00:00,36.345,36.368,36.343,36.359,1581,0
2015-06-02,21:00:00,36.281,36.302,36.223,36.223,907,0
2015-06-02,22:00:00,36.222,36.233,36.193,36.203,6486,0
2015-06-03,16:00:00,36.283,36.446,36.193,36.382,2611,0
2015-06-03,17:00:00,36.333,36.592,36.333,36.532,5694,0
2015-06-03,18:00:00,36.572,36.572,36.442,36.442,2663,0
2015-06-03,19:00:00,36.425,36.425,36.373,36.412,1631,0
2015-06-03,20:00:00,36.445,36.538,36.445,36.517,1196,0
2015-06-03,21:00:00,36.512,36.562,36.504,36.504,2056,0
2015-06-03,22:00:00,36.502,36.517,36.452,36.452,636,0
2015-06-04,16:00:00,36.422,36.422,36.213,36.233,5768,0
2015-06-04,17:00:00,36.348,36.387,36.213,36.213,1911,0
2015-06-04,18:00:00,36.183,36.243,36.113,36.143,9356,0
2015-06-04,19:00:00,36.118,36.139,36.073,36.073,737,0
2015-06-04,20:00:00,36.063,36.063,35.904,35.94,5618,0
2015-06-04,21:00:00,35.954,35.984,35.934,35.974,2932,0
2015-06-04,22:00:00,35.964,35.974,35.904,35.924,17613,0
2015-06-05,16:00:00,35.934,35.934,35.695,35.755,3218,0
2015-06-05,17:00:00,35.804,35.864,35.764,35.844,2196,0
2015-06-05,18:00:00,35.804,35.882,35.804,35.882,1672,0
2015-06-05,19:00:00,35.884,35.934,35.824,35.916,6803,0
2015-06-05,20:00:00,35.914,35.954,35.914,35.934,2325,0
2015-06-05,21:00:00,35.973,35.994,35.954,35.954,760,0
2015-06-05,22:00:00,36.044,36.044,35.987,36.004,4104,0
2015-06-08,16:00:00,36.044,36.044,35.994,36.014,557,0
2015-06-08,17:00:00,35.944,35.944,35.944,35.944,107,0
2015-06-08,18:00:00,36.02,36.02,35.934,35.934,500,0
2015-06-08,19:00:00,35.944,35.973,35.944,35.954,2114,0
2015-06-08,20:00:00,35.894,35.924,35.894,35.924,316,0
2015-06-08,21:00:00,35.886,36.031,35.874,36.031,2260,0
2015-06-08,22:00:00,35.944,35.974,35.864,35.864,6223,0
2015-06-09,16:00:00,35.884,35.884,35.794,35.804,2193,0
2015-06-09,17:00:00,35.754,35.814,35.744,35.805,7496,0
2015-06-09,18:00:00,35.864,35.917,35.864,35.864,889,0
2015-06-09,19:00:00,35.874,35.874,35.814,35.819,788,0
2015-06-09,20:00:00,35.854,35.864,35.818,35.818,1290,0
2015-06-09,21:00:00,35.844,35.879,35.835,35.851,1958,0
2015-06-09,22:00:00,35.825,35.825,35.784,35.809,3916,0
2015-06-10,16:00:00,35.964,36.098,35.938,36.098,856,0
2015-06-10,17:00:00,36.143,36.159,36.104,36.159,1963,0
2015-06-10,18:00:00,36.26,36.373,36.231,36.306,3550,0
2015-06-10,19:00:00,36.271,36.275,36.253,36.273,2856,0
2015-06-10,20:00:00,36.233,36.253,36.213,36.253,2303,0
2015-06-10,21:00:00,36.273,36.283,36.246,36.283,3776,0
2015-06-10,22:00:00,36.253,36.283,36.243,36.243,4380,0
2015-06-11,16:00:00,36.363,36.42,36.273,36.42,1912,0
2015-06-11,17:00:00,36.472,36.504,36.373,36.422,1403,0
2015-06-11,18:00:00,36.403,36.452,36.393,36.427,1167,0
2015-06-11,19:00:00,36.448,36.448,36.432,36.432,359,0
2015-06-11,20:00:00,36.413,36.472,36.413,36.472,401,0
2015-06-11,21:00:00,36.479,36.479,36.432,36.456,4770,0
2015-06-11,22:00:00,36.512,36.512,36.462,36.492,1755,0
2015-06-12,16:00:00,36.363,36.422,36.273,36.273,4271,0
2015-06-12,17:00:00,36.311,36.311,36.133,36.133,2719,0
2015-06-12,18:00:00,36.133,36.283,36.133,36.223,4672,0
2015-06-12,19:00:00,36.223,36.233,36.223,36.233,351,0
2015-06-12,20:00:00,36.244,36.323,36.244,36.253,1836,0
2015-06-12,21:00:00,36.279,36.303,36.249,36.249,3568,0
2015-06-12,22:00:00,36.223,36.326,36.223,36.326,2382,0
2015-06-15,16:00:00,36.044,36.044,35.814,35.874,2278,0
2015-06-15,17:00:00,35.874,36.042,35.874,36.034,4916,0
2015-06-15,18:00:00,36.195,36.195,36.103,36.173,3946,0
2015-06-15,19:00:00,36.163,36.173,36.163,36.173,286,0
2015-06-15,20:00:00,36.123,36.136,36.036,36.036,782,0
2015-06-15,21:00:00,36.078,36.129,36.078,36.129,3779,0
2015-06-15,22:00:00,36.063,36.127,36.063,36.113,2219,0
2015-06-16,16:00:00,36.083,36.123,36.08,36.08,4934,0
2015-06-16,17:00:00,36.149,36.163,36.004,36.111,4485,0
2015-06-16,18:00:00,36.132,36.133,36.132,36.133,276,0
2015-06-16,19:00:00,36.173,36.198,36.143,36.198,2445,0
2015-06-16,20:00:00,36.193,36.203,36.193,36.203,1344,0
2015-06-16,21:00:00,36.241,36.263,36.223,36.228,2783,0
2015-06-16,22:00:00,36.243,36.282,36.213,36.213,3175,0
2015-06-17,16:00:00,36.303,36.462,36.303,36.462,2720,0
2015-06-17,17:00:00,36.371,36.371,36.263,36.353,2119,0
2015-06-17,18:00:00,36.303,36.303,36.233,36.233,1885,0
2015-06-17,19:00:00,36.225,36.258,36.145,36.145,2061,0
2015-06-17,20:00:00,36.133,36.183,36.133,36.173,1245,0
2015-06-17,21:00:00,36.323,36.403,36.273,36.376,711,0
2015-06-17,22:00:00,36.409,36.41,36.333,36.333,1578,0
2015-06-18,16:00:00,36.422,36.622,36.422,36.602,5381,0
2015-06-18,17:00:00,36.622,36.741,36.622,36.741,2037,0
2015-06-18,18:00:00,36.751,36.787,36.749,36.769,1243,0
2015-06-18,19:00:00,36.781,36.821,36.748,36.752,2887,0
2015-06-18,20:00:00,36.731,36.731,36.722,36.722,329,0
2015-06-18,21:00:00,36.697,36.761,36.692,36.748,11923,0
2015-06-18,22:00:00,36.761,36.771,36.702,36.712,6569,0
2015-06-19,16:00:00,36.72,36.84,36.6301,36.6301,6162,0
2015-06-19,17:00:00,36.6301,36.734,36.6301,36.732,2622,0
2015-06-19,18:00:00,36.69,36.7285,36.69,36.6993,11457,0
2015-06-19,19:00:00,36.67,36.7499,36.669,36.704,3559,0
2015-06-19,20:00:00,36.6701,36.722,36.6701,36.722,1998,0
2015-06-19,21:00:00,36.69,36.69,36.58,36.6,13497,0
2015-06-19,22:00:00,36.6,36.65,36.56,36.643,2984,0
2015-06-22,16:00:00,36.77,36.77,36.64,36.64,1734,0
2015-06-22,17:00:00,36.69,36.69,36.6301,36.6301,4836,0
2015-06-22,18:00:00,36.64,36.73,36.64,36.64,11384,0
2015-06-22,19:00:00,36.63,36.63,36.5328,36.59,3068,0
2015-06-22,20:00:00,36.5899,36.62,36.5597,36.5901,3002,0
2015-06-22,21:00:00,36.62,36.68,36.62,36.67,3991,0
2015-06-22,22:00:00,36.68,36.68,36.65,36.6623,4383,0
2015-06-23,16:00:00,36.71,36.71,36.67,36.7004,1783,0
2015-06-23,17:00:00,36.65,36.65,36.5424,36.5706,2599,0
2015-06-23,18:00:00,36.5799,36.586,36.51,36.586,3418,0
2015-06-23,19:00:00,36.54,36.578,36.5395,36.55,794,0
2015-06-23,20:00:00,36.55,36.5912,36.55,36.5912,526,0
2015-06-23,21:00:00,36.579,36.6445,36.579,36.6372,549,0
2015-06-23,22:00:00,36.61,36.65,36.5701,36.65,8256,0
2015-06-24,16:00:00,36.49,36.5,36.45,36.45,3527,0
2015-06-24,17:00:00,36.51,36.51,36.44,36.44,2073,0
2015-06-24,18:00:00,36.43,36.4899,36.4224,36.4899,1401,0
2015-06-24,19:00:00,36.36,36.4052,36.3499,36.3499,1245,0
2015-06-24,20:00:00,36.3099,36.3099,36.26,36.28,2779,0
2015-06-24,21:00:00,36.3007,36.3099,36.262,36.29,1501,0
2015-06-24,22:00:00,36.283,36.3518,36.2701,36.2804,4872,0
2015-06-25,16:00:00,36.38,36.4899,36.12,36.4899,3516,0
2015-06-25,17:00:00,36.33,36.33,36.23,36.2301,1801,0
2015-06-25,18:00:00,36.3,36.3499,36.2553,36.29,3475,0
2015-06-25,19:00:00,36.27,36.27,36.21,36.2105,1800,0
2015-06-25,20:00:00,36.2199,36.24,36.2001,36.2283,2852,0
2015-06-25,21:00:00,36.1501,36.17,36.13,36.1593,1443,0
2015-06-25,22:00:00,36.1899,36.1899,36.14,36.14,2620,0
2015-06-26,16:00:00,36.18,36.18,36.09,36.1701,851,0
2015-06-26,17:00:00,36.199,36.199,36.1055,36.11,1763,0
2015-06-26,18:00:00,36.06,36.14,36.06,36.0651,6014,0
2015-06-26,19:00:00,36.08,36.08,36,36,500,0
2015-06-26,20:00:00,35.961,36.09,35.944,36.0651,1555,0
2015-06-26,21:00:00,36.07,36.07,36.0199,36.0329,1976,0
2015-06-26,22:00:00,36.04,36.0986,36.04,36.07,21665,0
2015-06-29,16:00:00,35.74,35.8299,35.7,35.81,7192,0
2015-06-29,17:00:00,35.869,35.87,35.7828,35.7828,556,0
2015-06-29,18:00:00,35.7,35.7,35.61,35.666,4770,0
2015-06-29,19:00:00,35.6699,35.6699,35.57,35.5801,5826,0
2015-06-29,20:00:00,35.53,35.61,35.53,35.5772,9459,0
2015-06-29,21:00:00,35.585,35.585,35.47,35.5315,1101,0
2015-06-29,22:00:00,35.4753,35.479,35.34,35.34,4366,0
2015-06-30,16:00:00,35.49,35.624,35.49,35.51,4099,0
2015-06-30,17:00:00,35.4701,35.5199,35.4317,35.433,5106,0
2015-06-30,18:00:00,35.4599,35.4599,35.37,35.37,2315,0
2015-06-30,19:00:00,35.35,35.35,35.2372,35.3073,3263,0
2015-06-30,20:00:00,35.36,35.48,35.3005,35.48,2145,0
2015-06-30,21:00:00,35.42,35.53,35.4199,35.4199,6578,0
2015-06-30,22:00:00,35.41,35.41,35.32,35.33,2835,0
2015-07-01,16:00:00,35.58,35.7135,35.58,35.7135,1281,0
2015-07-01,17:00:00,35.781,35.781,35.59,35.6,1242,0
2015-07-01,18:00:00,35.626,35.6499,35.6,35.6499,1109,0
2015-07-01,19:00:00,35.5701,35.65,35.52,35.54,1492,0
2015-07-01,20:00:00,35.5069,35.5699,35.497,35.5301,1332,0
2015-07-01,21:00:00,35.5,35.5,35.47,35.5,1891,0
2015-07-01,22:00:00,35.5,35.58,35.5,35.58,956,0
2015-07-02,16:00:00,35.69,35.69,35.6201,35.63,2750,0
2015-07-02,17:00:00,35.5986,35.5986,35.52,35.5528,788,0
2015-07-02,18:00:00,35.5,35.5,35.4198,35.4198,2609,0
2015-07-02,19:00:00,35.4606,35.4606,35.37,35.3747,1700,0
2015-07-02,20:00:00,35.34,35.3518,35.34,35.3518,329,0
2015-07-02,21:00:00,35.3599,35.38,35.3,35.38,2946,0
2015-07-02,22:00:00,35.364,35.41,35.364,35.41,500,0
2015-07-06,16:00:00,35.13,35.2499,34.98,35.15,48404,0
2015-07-06,17:00:00,35.21,35.45,35.21,35.45,1644,0
2015-07-06,18:00:00,35.3963,35.415,35.27,35.3499,3819,0
2015-07-06,19:00:00,35.31,35.33,35.31,35.33,345,0
2015-07-06,20:00:00,35.3,35.3,35.19,35.22,4847,0
2015-07-06,21:00:00,35.2,35.25,35.18,35.23,13375,0
2015-07-06,22:00:00,35.22,35.35,35.21,35.33,9273,0
2015-07-07,16:00:00,35.33,35.48,35.12,35.12,1977,0
2015-07-07,17:00:00,35.101,35.105,34.92,35.0372,10715,0
2015-07-07,18:00:00,34.9958,34.9958,34.9,34.9,1665,0
2015-07-07,19:00:00,35.0705,35.164,35.0575,35.154,26097,0
2015-07-07,20:00:00,35.2,35.26,35.2,35.26,607,0
2015-07-07,21:00:00,35.23,35.23,35.216,35.216,214,0
2015-07-07,22:00:00,35.4301,35.494,35.3903,35.48,2816,0
2015-07-08,16:00:00,35.26,35.26,35.2,35.2494,5338,0
2015-07-08,17:00:00,35.13,35.34,35.0901,35.34,8059,0
2015-07-08,18:00:00,35.2605,35.2605,35.1,35.1,20478,0
2015-07-08,19:00:00,35.12,35.2,35.12,35.171,10140,0
2015-07-08,20:00:00,35.205,35.205,35.1601,35.1805,24418,0
2015-07-08,21:00:00,35.1745,35.21,35.05,35.05,1161,0
2015-07-08,22:00:00,35.0277,35.12,35.0277,35.08,4613,0
2015-07-09,16:00:00,35.44,35.6199,35.44,35.5,3223,0
2015-07-09,17:00:00,35.518,35.5356,35.4275,35.4275,1268,0
2015-07-09,18:00:00,35.5299,35.5299,35.5299,35.5299,353,0
2015-07-09,19:00:00,35.43,35.44,35.4001,35.44,308,0
2015-07-09,20:00:00,35.36,35.3699,35.34,35.34,2297,0
2015-07-09,21:00:00,35.34,35.34,35.28,35.28,400,0
2015-07-09,22:00:00,35.3934,35.3934,35.2791,35.2791,3302,0
2015-07-10,16:00:00,35.62,35.67,35.55,35.67,638,0
2015-07-10,17:00:00,35.61,35.63,35.5001,35.5142,12000,0
2015-07-10,18:00:00,35.5301,35.66,35.5301,35.66,4285,0
2015-07-10,19:00:00,35.6204,35.6596,35.58,35.6395,1985,0
2015-07-10,20:00:00,35.63,35.65,35.6096,35.6096,2631,0
2015-07-10,21:00:00,35.6301,35.7299,35.6301,35.6965,1441,0
2015-07-10,22:00:00,35.7099,35.72,35.6,35.6,3573,0
2015-07-13,16:00:00,35.81,36,35.81,36,6590,0
2015-07-13,17:00:00,35.9394,35.9774,35.9394,35.9774,1127,0
2015-07-13,18:00:00,35.9799,35.9799,35.9173,35.97,2857,0
2015-07-13,19:00:00,35.969,35.9699,35.955,35.956,4851,0
2015-07-13,20:00:00,35.9899,35.9899,35.962,35.962,841,0
2015-07-13,21:00:00,35.94,36,35.9382,36,2084,0
2015-07-13,22:00:00,36.0079,36.04,35.99,36.02,9716,0
2015-07-14,16:00:00,36,36.07,36,36.07,2429,0
2015-07-14,17:00:00,36.05,36.1166,36.05,36.1166,2196,0
2015-07-14,18:00:00,36.1138,36.14,36.0904,36.1303,6258,0
2015-07-14,19:00:00,36.15,36.17,36.12,36.1496,3418,0
2015-07-14,20:00:00,36.143,36.2,36.14,36.2,1003,0
2015-07-14,21:00:00,36.2,36.234,36.2,36.213,1085,0
2015-07-14,22:00:00,36.24,36.2681,36.2103,36.2103,1044,0
2015-07-15,16:00:00,36.25,36.25,36.15,36.155,3728,0
2015-07-15,17:00:00,36.108,36.1799,36.108,36.1601,1108,0
2015-07-15,18:00:00,36.15,36.1599,36.116,36.13,1174,0
2015-07-15,19:00:00,36.0892,36.1372,36.052,36.1372,10243,0
2015-07-15,20:00:00,36.13,36.16,36.12,36.1299,2448,0
2015-07-15,21:00:00,36.0968,36.1,36.0557,36.0557,2450,0
2015-07-15,22:00:00,36.04,36.114,36.035,36.09,7291,0
2015-07-16,16:00:00,36.32,36.36,36.3,36.3101,6281,0
2015-07-16,17:00:00,36.3101,36.3101,36.2595,36.2613,1013,0
2015-07-16,18:00:00,36.2699,36.2924,36.25,36.2705,3814,0
2015-07-16,19:00:00,36.2799,36.28,36.2577,36.2577,1531,0
2015-07-16,20:00:00,36.2679,36.2679,36.226,36.24,10095,0
2015-07-16,21:00:00,36.2399,36.29,36.2399,36.2899,5026,0
2015-07-16,22:00:00,36.29,36.33,36.2735,36.3,9981,0
2015-07-17,16:00:00,36.32,36.32,36.21,36.275,3772,0
2015-07-17,17:00:00,36.2101,36.22,36.2,36.22,3456,0
2015-07-17,18:00:00,36.23,36.23,36.17,36.17,4701,0
2015-07-17,19:00:00,36.1877,36.19,36.1636,36.1636,1582,0
2015-07-17,20:00:00,36.1699,36.17,36.1699,36.17,382,0
2015-07-17,21:00:00,36.1746,36.2299,36.1746,36.2299,3482,0
2015-07-17,22:00:00,36.19,36.26,36.17,36.23,13655,0
2015-07-20,16:00:00,36.2672,36.2672,36.2672,36.2672,217,0
2015-07-20,17:00:00,36.24,36.25,36.1691,36.1999,3783,0
2015-07-20,18:00:00,36.23,36.231,36.2,36.2,1543,0
2015-07-20,19:00:00,36.21,36.22,36.2099,36.22,3700,0
2015-07-20,20:00:00,36.1961,36.21,36.1702,36.1845,1964,0
2015-07-20,21:00:00,36.1701,36.25,36.1701,36.2,4727,0
2015-07-20,22:00:00,36.21,36.22,36.14,36.17,4199,0
2015-07-21,16:00:00,35.95,35.95,35.8474,35.8474,3824,0
2015-07-21,17:00:00,35.755,35.755,35.5704,35.5704,3849,0
2015-07-21,18:00:00,35.5,35.53,35.46,35.48,13286,0
2015-07-21,19:00:00,35.495,35.51,35.47,35.475,1735,0
2015-07-21,20:00:00,35.4559,35.4559,35.4,35.41,2163,0
2015-07-21,21:00:00,35.4,35.46,35.4,35.442,4005,0
2015-07-21,22:00:00,35.4698,35.53,35.4301,35.51,2563,0
2015-07-22,16:00:00,35.44,35.4401,35.44,35.4401,2074,0
2015-07-22,17:00:00,35.4963,35.4963,35.341,35.3653,15808,0
2015-07-22,18:00:00,35.3184,35.357,35.313,35.3499,1009,0
2015-07-22,19:00:00,35.348,35.35,35.32,35.343,1700,0
2015-07-22,20:00:00,35.33,35.36,35.33,35.36,2323,0
2015-07-22,21:00:00,35.355,35.4,35.35,35.377,3021,0
2015-07-22,22:00:00,35.35,35.35,35.2838,35.29,1528,0
2015-07-23,16:00:00,35.43,35.57,35.42,35.57,16365,0
2015-07-23,17:00:00,35.5501,35.712,35.5501,35.712,3761,0
2015-07-23,18:00:00,35.754,35.7928,35.618,35.618,2287,0
2015-07-23,19:00:00,35.57,35.57,35.51,35.5121,7194,0
2015-07-23,20:00:00,35.532,35.6082,35.51,35.6082,1757,0
2015-07-23,21:00:00,35.58,35.58,35.492,35.492,891,0
2015-07-23,22:00:00,35.4334,35.4334,35.35,35.35,1425,0
2015-07-24,16:00:00,35.37,35.37,35.2,35.3056,7529,0
2015-07-24,17:00:00,35.2,35.2748,35.1,35.1,2702,0
2015-07-24,18:00:00,35.135,35.135,35,35,3153,0
2015-07-24,19:00:00,35.0176,35.025,34.996,35.01,9660,0
2015-07-24,20:00:00,34.99,34.99,34.86,34.86,5872,0
2015-07-24,21:00:00,34.9,34.9,34.8101,34.8562,7370,0
2015-07-24,22:00:00,34.8899,34.92,34.85,34.85,5109,0
2015-07-27,16:00:00,34.72,34.75,34.5,34.6408,18899,0
2015-07-27,17:00:00,34.5432,34.6999,34.53,34.65,4820,0
2015-07-27,18:00:00,34.65,34.6599,34.56,34.621,4536,0
2015-07-27,19:00:00,34.6128,34.62,34.55,34.55,7511,0
2015-07-27,20:00:00,34.55,34.55,34.537,34.5396,1153,0
2015-07-27,21:00:00,34.5599,34.5599,34.51,34.5148,3984,0
2015-07-27,22:00:00,34.51,34.51,34.44,34.45,3634,0
2015-07-28,16:00:00,34.64,34.685,34.51,34.5414,1997,0
2015-07-28,17:00:00,34.519,34.57,34.4726,34.56,2880,0
2015-07-28,18:00:00,34.601,34.74,34.6,34.74,10814,0
2015-07-28,19:00:00,34.7441,34.91,34.73,34.866,5989,0
2015-07-28,20:00:00,34.88,34.97,34.87,34.97,4363,0
2015-07-28,21:00:00,35.012,35.08,35,35.04,3899,0
2015-07-28,22:00:00,35.04,35.04,34.96,34.96,5734,0
2015-07-29,16:00:00,35.13,35.363,35.13,35.363,1069,0
2015-07-29,17:00:00,35.36,35.4399,35.36,35.3799,5202,0
2015-07-29,18:00:00,35.3681,35.65,35.3651,35.65,5446,0
2015-07-29,19:00:00,35.649,35.649,35.5804,35.62,2644,0
2015-07-29,20:00:00,35.682,35.6935,35.623,35.625,2650,0
2015-07-29,21:00:00,35.63,35.64,35.58,35.61,4623,0
2015-07-29,22:00:00,35.61,35.7,35.61,35.64,1861,0
2015-07-30,16:00:00,35.57,35.57,35.442,35.442,276,0
2015-07-30,17:00:00,35.35,35.5199,35.35,35.4686,1205,0
2015-07-30,18:00:00,35.4999,35.5999,35.4999,35.5999,2439,0
2015-07-30,19:00:00,35.5852,35.621,35.5852,35.621,360,0
2015-07-30,20:00:00,35.63,35.63,35.5634,35.5634,4241,0
2015-07-30,21:00:00,35.534,35.534,35.533,35.533,485,0
2015-07-30,22:00:00,35.59,35.6099,35.54,35.54,2119,0
2015-07-31,16:00:00,35.6,35.6,35.55,35.55,462,0
2015-07-31,17:00:00,35.4938,35.6064,35.485,35.6064,1534,0
2015-07-31,18:00:00,35.623,35.623,35.59,35.6196,2234,0
2015-07-31,19:00:00,35.6101,35.64,35.5797,35.5797,3034,0
2015-07-31,20:00:00,35.5736,35.5736,35.49,35.49,420,0
2015-07-31,21:00:00,35.51,35.516,35.48,35.5048,1458,0
2015-07-31,22:00:00,35.4699,35.4699,35.4295,35.4295,863,0
2015-08-03,16:00:00,35.46,35.46,35.25,35.258,1050,0
2015-08-03,17:00:00,35.33,35.34,35.2001,35.3052,2267,0
2015-08-03,18:00:00,35.3454,35.3454,35.2501,35.252,703,0
2015-08-03,19:00:00,35.25,35.256,35.12,35.12,1957,0
2015-08-03,20:00:00,35.1044,35.147,35.1044,35.1402,916,0
2015-08-03,21:00:00,35.1299,35.16,35.1299,35.16,200,0
2015-08-03,22:00:00,35.1352,35.2636,35.1301,35.25,1206,0
2015-08-04,16:00:00,35.32,35.33,35.2201,35.33,2684,0
2015-08-04,17:00:00,35.4,35.43,35.39,35.4,425,0
2015-08-04,18:00:00,35.4058,35.436,35.39,35.4,3376,0
2015-08-04,19:00:00,35.45,35.45,35.33,35.33,670,0
2015-08-04,20:00:00,35.33,35.355,35.2896,35.2896,890,0
2015-08-04,21:00:00,35.21,35.3,35.21,35.25,2775,0
2015-08-04,22:00:00,35.28,35.3082,35.21,35.23,3059,0
2015-08-05,16:00:00,35.45,35.6294,35.45,35.6294,582,0
2015-08-05,17:00:00,35.71,35.8,35.71,35.79,700,0
2015-08-05,18:00:00,35.777,35.777,35.677,35.677,2247,0
2015-08-05,19:00:00,35.6499,35.6499,35.5901,35.6064,425,0
2015-08-05,20:00:00,35.61,35.61,35.55,35.55,1183,0
2015-08-05,21:00:00,35.654,35.6789,35.64,35.6499,5211,0
2015-08-05,22:00:00,35.6299,35.6299,35.6,35.6,961,0
2015-08-06,16:00:00,35.66,35.66,35.66,35.66,616,0
2015-08-06,17:00:00,35.6499,35.6499,35.6,35.6,408,0
2015-08-06,18:00:00,35.7,35.7,35.5,35.5,500,0
2015-08-06,19:00:00,35.47,35.47,35.4038,35.42,653,0
2015-08-06,20:00:00,35.44,35.52,35.44,35.52,1162,0
2015-08-06,21:00:00,35.4901,35.566,35.4901,35.5404,1638,0
2015-08-06,22:00:00,35.5216,35.56,35.4999,35.56,2825,0
2015-08-07,16:00:00,35.52,35.56,35.42,35.56,1500,0
2015-08-07,17:00:00,35.4894,35.5,35.39,35.445,6267,0
2015-08-07,18:00:00,35.35,35.35,35.24,35.34,2744,0
2015-08-07,19:00:00,35.347,35.3596,35.2701,35.2701,3079,0
2015-08-07,20:00:00,35.285,35.3,35.23,35.29,1621,0
2015-08-07,21:00:00,35.2918,35.374,35.26,35.374,5526,0
2015-08-07,22:00:00,35.35,35.4599,35.35,35.41,3441,0
