Date,Time,Open,High,Low,Close,Volume,OpenInt
2013-10-14,19:00:00,24.373,24.373,24.126,24.373,1612,0
2013-10-15,19:00:00,24.373,24.383,24.166,24.373,17068,0
2013-10-16,16:00:00,24.363,24.363,24.225,24.334,877,0
2013-10-16,17:00:00,24.344,24.353,24.106,24.353,7813,0
2013-10-16,18:00:00,24.304,24.304,24.304,24.304,100,0
2013-10-16,21:00:00,24.304,24.304,24.225,24.225,865,0
2013-10-16,22:00:00,24.304,24.304,24.304,24.304,300,0
2013-10-17,20:00:00,24.334,24.334,24.294,24.294,1933,0
2013-10-18,17:00:00,24.383,24.383,24.383,24.383,495,0
2013-10-18,18:00:00,24.324,24.324,24.324,24.324,2135,0
2013-10-18,22:00:00,24.344,24.344,24.344,24.344,196,0
2013-10-21,17:00:00,24.274,24.274,24.274,24.274,196,0
2013-10-21,22:00:00,24.225,24.225,24.196,24.196,4314,0
2013-10-22,17:00:00,24.126,24.373,24.126,24.373,3406,0
2013-10-22,18:00:00,24.393,24.393,24.393,24.393,100,0
2013-10-22,21:00:00,24.422,24.422,24.353,24.353,851,0
2013-10-22,22:00:00,24.412,24.412,24.412,24.412,738,0
2013-10-23,16:00:00,24.176,24.176,24.176,24.176,400,0
2013-10-23,17:00:00,24.353,24.353,24.353,24.353,917,0
2013-10-23,21:00:00,24.383,24.383,24.156,24.383,1829,0
2013-10-23,22:00:00,24.166,24.166,24.166,24.166,610,0
2013-10-24,17:00:00,24.146,24.156,24.136,24.156,1653,0
2013-10-24,18:00:00,24.136,24.136,24.136,24.136,1418,0
2013-10-25,16:00:00,24.412,24.412,24.412,24.412,1518,0
2013-10-25,20:00:00,24.166,24.254,24.166,24.254,1174,0
2013-10-25,21:00:00,24.324,24.324,24.284,24.284,766,0
2013-10-29,16:00:00,24.274,24.274,24.216,24.225,300,0
2013-10-29,20:00:00,24.216,24.216,24.216,24.216,610,0
2013-10-29,21:00:00,24.216,24.216,24.216,24.216,100,0
2013-10-31,16:00:00,24.363,24.363,24.363,24.363,189,0
2013-11-01,15:00:00,24.304,24.304,24.304,24.304,200,0
2013-11-01,16:00:00,24.324,24.324,24.324,24.324,200,0
2013-11-01,17:00:00,24.314,24.314,24.314,24.314,200,0
2013-11-01,18:00:00,24.304,24.304,24.304,24.304,150,0
2013-11-01,21:00:00,24.235,24.245,24.235,24.245,2935,0
2013-11-04,20:00:00,24.235,24.235,24.235,24.235,233,0
2013-11-04,22:00:00,24.235,24.245,24.166,24.225,7416,0
2013-11-05,16:00:00,24.245,24.245,24.245,24.245,200,0
2013-11-05,17:00:00,24.254,24.284,24.254,24.254,976,0
2013-11-05,18:00:00,24.245,24.245,24.245,24.245,100,0
2013-11-05,19:00:00,24.245,24.245,24.245,24.245,100,0
2013-11-05,22:00:00,24.235,24.235,24.235,24.235,100,0
2013-11-06,16:00:00,24.353,24.373,24.264,24.373,1736,0
2013-11-06,17:00:00,24.274,24.274,24.274,24.274,100,0
2013-11-06,18:00:00,24.254,24.363,24.254,24.254,1606,0
2013-11-07,16:00:00,24.245,24.245,24.245,24.245,300,0
2013-11-07,17:00:00,24.245,24.245,24.235,24.235,200,0
2013-11-07,18:00:00,24.245,24.324,24.245,24.254,610,0
2013-11-07,19:00:00,24.254,24.254,24.254,24.254,300,0
2013-11-07,20:00:00,24.245,24.245,24.245,24.245,100,0
2013-11-07,21:00:00,24.245,24.245,24.245,24.245,100,0
2013-11-07,22:00:00,24.274,24.284,24.245,24.284,1377,0
2013-11-08,16:00:00,24.225,24.225,24.225,24.225,100,0
2013-11-08,20:00:00,24.235,24.235,24.235,24.235,214,0
2013-11-08,21:00:00,24.176,24.176,24.176,24.176,362,0
2013-11-11,16:00:00,24.235,24.235,24.235,24.235,100,0
2013-11-11,17:00:00,24.254,24.264,24.254,24.264,400,0
2013-11-11,18:00:00,24.264,24.264,24.235,24.254,815,0
2013-11-11,20:00:00,24.235,24.235,24.235,24.235,100,0
2013-11-11,22:00:00,24.294,24.294,24.294,24.294,623,0
2013-11-12,17:00:00,24.324,24.344,24.304,24.344,1417,0
2013-11-12,20:00:00,24.334,24.334,24.334,24.334,304,0
2013-11-12,22:00:00,24.324,24.324,24.324,24.324,8220,0
2013-11-13,17:00:00,24.304,24.304,24.254,24.254,7106,0
2013-11-13,18:00:00,24.195,24.195,24.185,24.185,500,0
2013-11-13,19:00:00,24.185,24.245,24.185,24.245,1216,0
2013-11-13,20:00:00,24.195,24.235,24.195,24.235,200,0
2013-11-13,22:00:00,24.264,24.314,24.235,24.235,2234,0
2013-11-14,20:00:00,24.264,24.264,24.264,24.264,130,0
2013-11-14,22:00:00,24.274,24.274,24.274,24.274,1016,0
2013-11-15,22:00:00,24.344,24.344,24.344,24.344,2061,0
2013-11-18,17:00:00,24.363,24.363,24.363,24.363,180,0
2013-11-18,18:00:00,24.344,24.344,24.344,24.344,500,0
2013-11-19,19:00:00,24.344,24.344,24.344,24.344,400,0
2013-11-19,20:00:00,24.324,24.334,24.324,24.324,2654,0
2013-11-20,22:00:00,24.245,24.284,24.235,24.254,1116,0
2013-11-21,18:00:00,24.314,24.314,24.314,24.314,365,0
2013-11-22,20:00:00,24.324,24.324,24.324,24.324,268,0
2013-11-25,19:00:00,24.334,24.344,24.274,24.344,16641,0
2013-11-26,16:00:00,24.274,24.274,24.274,24.274,1216,0
2013-11-26,22:00:00,24.363,24.363,24.363,24.363,250,0
2013-11-27,16:00:00,24.353,24.353,24.344,24.344,965,0
2013-11-27,18:00:00,24.304,24.304,24.304,24.304,1011,0
2013-12-02,16:00:00,24.344,24.344,24.344,24.344,3651,0
2013-12-02,20:00:00,24.314,24.314,24.314,24.314,500,0
2013-12-03,17:00:00,24.294,24.363,24.264,24.294,5592,0
2013-12-03,21:00:00,24.254,24.254,24.254,24.254,205,0
2013-12-04,16:00:00,24.225,24.254,24.195,24.254,3739,0
2013-12-04,17:00:00,24.254,24.264,24.254,24.264,400,0
2013-12-04,19:00:00,24.215,24.264,24.215,24.235,1932,0
2013-12-04,20:00:00,24.235,24.235,24.235,24.235,391,0
2013-12-05,16:00:00,24.245,24.245,24.245,24.245,2740,0
2013-12-05,17:00:00,24.264,24.264,24.264,24.264,814,0
2013-12-06,18:00:00,24.225,24.225,24.205,24.205,4875,0
2013-12-06,21:00:00,24.225,24.225,24.215,24.215,664,0
2013-12-09,18:00:00,24.254,24.254,24.254,24.254,1339,0
2013-12-10,17:00:00,24.274,24.304,24.274,24.304,4560,0
2013-12-10,19:00:00,24.205,24.205,24.205,24.205,500,0
2013-12-10,22:00:00,24.245,24.245,24.235,24.245,1608,0
2013-12-11,17:00:00,24.314,24.314,24.314,24.314,2029,0
2013-12-11,18:00:00,24.383,24.383,24.383,24.383,814,0
2013-12-11,21:00:00,24.314,24.314,24.314,24.314,1015,0
2013-12-12,17:00:00,24.383,24.383,24.383,24.383,814,0
2013-12-12,20:00:00,24.383,24.383,24.383,24.383,400,0
2013-12-13,16:00:00,24.413,24.462,24.344,24.462,10543,0
2013-12-13,20:00:00,24.511,24.511,24.511,24.511,995,0
2013-12-16,17:00:00,24.373,24.393,24.373,24.393,2029,0
2013-12-16,18:00:00,24.502,24.502,24.502,24.502,500,0
2013-12-16,20:00:00,24.264,24.502,24.264,24.502,49645,0
2013-12-16,21:00:00,24.334,24.334,24.334,24.334,200,0
2013-12-16,22:00:00,24.452,24.452,24.452,24.452,1673,0
2013-12-17,17:00:00,24.353,24.353,24.334,24.334,915,0
2013-12-18,20:00:00,24.274,24.274,24.274,24.274,1418,0
2013-12-18,21:00:00,24.314,24.393,24.235,24.304,6733,0
2013-12-19,17:00:00,24.304,24.304,24.304,24.304,686,0
2013-12-19,21:00:00,24.314,24.314,24.314,24.314,2100,0
2013-12-19,22:00:00,24.304,24.314,24.225,24.294,4045,0
2013-12-20,19:00:00,24.344,24.344,24.344,24.344,1015,0
2013-12-20,21:00:00,24.225,24.274,24.225,24.274,1621,0
2013-12-20,22:00:00,24.284,24.294,24.284,24.284,3144,0
2013-12-23,16:00:00,24.294,24.294,24.264,24.264,5780,0
2013-12-23,17:00:00,24.264,24.264,24.254,24.264,4459,0
2013-12-23,20:00:00,24.264,24.264,24.254,24.264,16623,0
2013-12-23,22:00:00,24.264,24.264,24.254,24.264,6893,0
2013-12-24,16:00:00,24.373,24.373,24.264,24.264,1928,0
2013-12-24,17:00:00,24.264,24.264,24.264,24.264,2531,0
2013-12-24,18:00:00,24.264,24.264,24.264,24.264,2431,0
2013-12-24,19:00:00,24.264,24.264,24.264,24.264,2837,0
2013-12-26,20:00:00,24.215,24.225,24.215,24.215,2129,0
2013-12-26,21:00:00,24.205,24.274,24.205,24.254,11961,0
2013-12-26,22:00:00,24.264,24.264,24.264,24.264,10239,0
2013-12-27,16:00:00,24.278,24.278,24.169,24.278,2540,0
2013-12-27,17:00:00,24.129,24.129,24.129,24.129,400,0
2013-12-27,19:00:00,24.159,24.169,24.159,24.169,17081,0
2013-12-27,21:00:00,24.209,24.219,24.209,24.209,1515,0
2013-12-30,19:00:00,24.189,24.189,24.149,24.169,8462,0
2013-12-30,20:00:00,24.169,24.169,24.169,24.169,400,0
2013-12-30,21:00:00,24.189,24.209,24.169,24.169,1581,0
2013-12-31,16:00:00,24.624,24.624,24.624,24.624,10128,0
2013-12-31,18:00:00,24.159,24.199,24.149,24.199,5564,0
2013-12-31,21:00:00,24.179,24.199,24.179,24.199,805,0
2013-12-31,22:00:00,24.179,24.308,24.179,24.179,1975,0
2014-01-02,19:00:00,24.328,24.328,24.179,24.298,4085,0
2014-01-02,21:00:00,24.169,24.169,24.169,24.169,360,0
2014-01-03,19:00:00,24.179,24.179,24.179,24.179,301,0
2014-01-06,16:00:00,24.278,24.278,24.189,24.189,3066,0
2014-01-06,19:00:00,24.308,24.308,24.308,24.308,1469,0
2014-01-06,21:00:00,24.288,24.288,24.209,24.209,1629,0
2014-01-07,20:00:00,24.258,24.258,24.258,24.258,2352,0
2014-01-08,20:00:00,24.219,24.219,24.219,24.219,500,0
2014-01-09,18:00:00,24.189,24.189,24.189,24.189,400,0
2014-01-09,19:00:00,24.278,24.278,24.199,24.199,2344,0
2014-01-09,20:00:00,24.209,24.229,24.199,24.219,1619,0
2014-01-09,21:00:00,24.219,24.219,24.219,24.219,1415,0
2014-01-09,22:00:00,24.219,24.219,24.209,24.219,3241,0
2014-01-10,18:00:00,24.189,24.288,24.189,24.278,9260,0
2014-01-10,19:00:00,24.278,24.288,24.278,24.278,3282,0
2014-01-10,21:00:00,24.258,24.258,24.258,24.258,2217,0
2014-01-10,22:00:00,24.239,24.288,24.239,24.288,687,0
2014-01-13,16:00:00,24.239,24.249,24.239,24.239,3968,0
2014-01-13,17:00:00,24.239,24.239,24.229,24.229,1214,0
2014-01-13,18:00:00,24.249,24.288,24.229,24.239,4600,0
2014-01-13,20:00:00,24.288,24.308,24.288,24.308,3278,0
2014-01-13,21:00:00,24.298,24.308,24.298,24.308,5892,0
2014-01-13,22:00:00,24.249,24.249,24.249,24.249,391,0
2014-01-14,17:00:00,24.249,24.249,24.249,24.249,500,0
2014-01-14,18:00:00,24.249,24.357,24.249,24.249,3543,0
2014-01-14,22:00:00,24.298,24.298,24.298,24.298,393,0
2014-01-15,19:00:00,24.288,24.308,24.239,24.239,1905,0
2014-01-15,20:00:00,24.239,24.239,24.239,24.239,500,0
2014-01-15,21:00:00,24.239,24.268,24.239,24.249,1214,0
2014-01-15,22:00:00,24.239,24.258,24.239,24.239,2027,0
2014-01-16,17:00:00,24.308,24.308,24.308,24.308,412,0
2014-01-16,18:00:00,24.229,24.229,24.229,24.229,607,0
2014-01-16,19:00:00,24.229,24.229,24.229,24.229,1214,0
2014-01-16,20:00:00,24.229,24.229,24.229,24.229,1014,0
2014-01-16,21:00:00,24.229,24.249,24.229,24.249,5369,0
2014-01-16,22:00:00,24.249,24.249,24.249,24.249,2230,0
2014-01-17,19:00:00,24.258,24.258,24.258,24.258,119,0
2014-01-17,22:00:00,24.258,24.288,24.258,24.258,5165,0
2014-01-21,18:00:00,24.308,24.308,24.308,24.308,255,0
2014-01-22,16:00:00,24.268,24.268,24.268,24.268,200,0
2014-01-22,21:00:00,24.288,24.288,24.288,24.288,1014,0
2014-01-22,22:00:00,24.298,24.298,24.268,24.268,657,0
2014-01-23,17:00:00,24.298,24.298,24.298,24.298,1132,0
2014-01-23,18:00:00,24.268,24.268,24.268,24.268,1619,0
2014-01-23,19:00:00,24.268,24.268,24.249,24.249,6990,0
2014-01-23,20:00:00,24.249,24.258,24.249,24.249,6381,0
2014-01-23,21:00:00,24.268,24.308,24.219,24.258,28086,0
2014-01-23,22:00:00,24.268,24.278,24.239,24.249,36243,0
2014-01-24,18:00:00,24.229,24.229,24.219,24.219,813,0
2014-01-27,20:00:00,24.239,24.258,24.239,24.258,450,0
2014-01-28,16:00:00,24.239,24.239,24.239,24.239,400,0
2014-01-28,17:00:00,24.249,24.249,24.239,24.239,1110,0
2014-01-28,22:00:00,24.288,24.288,24.249,24.249,543,0
2014-01-29,17:00:00,24.249,24.268,24.249,24.268,5977,0
2014-01-29,18:00:00,24.258,24.268,24.258,24.268,1440,0
2014-01-29,19:00:00,24.258,24.268,24.258,24.268,607,0
2014-01-29,21:00:00,24.278,24.278,24.278,24.278,128,0
2014-01-30,16:00:00,24.249,24.278,24.249,24.278,2734,0
2014-01-30,17:00:00,24.288,24.288,24.288,24.288,550,0
2014-01-31,19:00:00,24.249,24.249,24.249,24.249,1207,0
2014-02-03,17:00:00,24.302,24.302,24.302,24.302,1514,0
2014-02-03,20:00:00,24.292,24.292,24.292,24.292,498,0
2014-02-03,22:00:00,24.322,24.322,24.322,24.322,300,0
2014-02-04,18:00:00,24.262,24.272,24.262,24.262,2454,0
2014-02-04,22:00:00,24.292,24.292,24.292,24.292,204,0
2014-02-05,19:00:00,24.272,24.282,24.272,24.282,654,0
2014-02-06,21:00:00,24.272,24.272,24.272,24.272,150,0
2014-02-10,20:00:00,24.252,24.252,24.252,24.252,812,0
2014-02-11,22:00:00,24.252,24.252,24.252,24.252,1009,0
2014-02-12,17:00:00,24.312,24.342,24.312,24.332,16837,0
2014-02-13,22:00:00,24.292,24.322,24.282,24.312,10029,0
2014-02-14,20:00:00,24.272,24.312,24.272,24.302,11219,0
2014-02-18,20:00:00,24.302,24.302,24.302,24.302,107,0
2014-02-18,21:00:00,24.302,24.401,24.292,24.332,5229,0
2014-02-18,22:00:00,24.351,24.361,24.302,24.342,2202,0
2014-02-19,17:00:00,24.292,24.292,24.292,24.292,926,0
2014-02-19,18:00:00,24.322,24.351,24.292,24.302,3955,0
2014-02-20,19:00:00,24.312,24.312,24.312,24.312,2113,0
2014-02-20,20:00:00,24.312,24.312,24.312,24.312,543,0
2014-02-20,21:00:00,24.312,24.312,24.312,24.312,4870,0
2014-02-20,22:00:00,24.302,24.302,24.302,24.302,238,0
2014-02-21,20:00:00,24.282,24.282,24.282,24.282,1113,0
2014-02-24,17:00:00,24.243,24.243,24.243,24.243,200,0
2014-02-24,20:00:00,24.302,24.312,24.302,24.312,300,0
2014-02-25,17:00:00,24.282,24.302,24.282,24.302,2634,0
2014-02-25,18:00:00,24.282,24.292,24.282,24.292,1089,0
2014-02-25,19:00:00,24.302,24.302,24.302,24.302,200,0
2014-02-25,20:00:00,24.282,24.282,24.282,24.282,200,0
2014-02-25,21:00:00,24.302,24.302,24.302,24.302,200,0
2014-02-25,22:00:00,24.302,24.302,24.302,24.302,300,0
2014-02-27,16:00:00,24.252,24.272,24.252,24.272,400,0
2014-02-27,17:00:00,24.292,24.292,24.292,24.292,200,0
2014-02-27,18:00:00,24.302,24.312,24.302,24.312,300,0
2014-02-27,20:00:00,24.312,24.312,24.312,24.312,1807,0
2014-02-27,21:00:00,24.342,24.342,24.342,24.342,180,0
2014-02-27,22:00:00,24.322,24.322,24.322,24.322,100,0
2014-02-28,17:00:00,24.332,24.332,24.332,24.332,422,0
2014-02-28,22:00:00,24.342,24.342,24.332,24.332,566,0
2014-03-03,16:00:00,24.296,24.296,24.296,24.296,149,0
2014-03-03,17:00:00,24.365,24.365,24.365,24.365,617,0
2014-03-04,18:00:00,24.365,24.365,24.365,24.365,2023,0
2014-03-05,22:00:00,24.375,24.375,24.375,24.375,500,0
2014-03-06,16:00:00,24.306,24.306,24.306,24.306,1696,0
2014-03-07,16:00:00,24.405,24.405,24.405,24.405,1212,0
2014-03-07,17:00:00,24.375,24.375,24.375,24.375,1170,0
2014-03-07,21:00:00,24.375,24.375,24.375,24.375,100,0
2014-03-07,22:00:00,24.375,24.385,24.375,24.375,2527,0
2014-03-10,17:00:00,24.395,24.425,24.395,24.415,20722,0
2014-03-10,18:00:00,24.415,24.415,24.405,24.405,4850,0
2014-03-11,15:00:00,24.355,24.415,24.346,24.346,13594,0
2014-03-11,19:00:00,24.346,24.346,24.346,24.346,725,0
2014-03-11,21:00:00,24.395,24.405,24.395,24.405,300,0
2014-03-13,19:00:00,24.405,24.405,24.405,24.405,178,0
2014-03-14,21:00:00,24.365,24.395,24.355,24.395,2043,0
2014-03-18,20:00:00,24.405,24.415,24.405,24.415,200,0
2014-03-18,21:00:00,24.375,24.375,24.375,24.375,1614,0
2014-03-19,17:00:00,24.385,24.385,24.375,24.375,1698,0
2014-03-19,20:00:00,24.375,24.405,24.375,24.405,581,0
2014-03-19,21:00:00,24.326,24.326,24.326,24.326,2987,0
2014-03-20,16:00:00,24.316,24.355,24.286,24.355,2125,0
2014-03-20,21:00:00,24.266,24.276,24.266,24.276,1183,0
2014-03-21,17:00:00,24.336,24.336,24.336,24.336,485,0
2014-03-24,17:00:00,24.316,24.316,24.316,24.316,20137,0
2014-03-25,18:00:00,24.316,24.316,24.316,24.316,615,0
2014-03-25,21:00:00,24.306,24.306,24.306,24.306,500,0
2014-03-26,15:00:00,24.346,24.346,24.346,24.346,114,0
2014-03-26,16:00:00,24.266,24.266,24.266,24.266,203,0
2014-03-26,18:00:00,24.326,24.346,24.326,24.346,1112,0
2014-03-27,18:00:00,24.276,24.276,24.276,24.276,2146,0
2014-03-27,19:00:00,24.276,24.276,24.276,24.276,1011,0
2014-03-28,15:00:00,24.276,24.276,24.266,24.266,2340,0
2014-03-28,17:00:00,24.326,24.326,24.316,24.316,2856,0
2014-03-28,18:00:00,24.286,24.286,24.266,24.266,2773,0
2014-03-31,16:00:00,24.336,24.336,24.336,24.336,264,0
2014-03-31,17:00:00,24.306,24.326,24.286,24.326,16274,0
2014-03-31,18:00:00,24.316,24.336,24.306,24.306,22943,0
2014-03-31,19:00:00,24.306,24.306,24.296,24.306,4569,0
2014-04-01,19:00:00,24.32,24.32,24.32,24.32,1655,0
2014-04-01,20:00:00,24.32,24.32,24.32,24.32,488,0
2014-04-01,21:00:00,24.32,24.32,24.31,24.31,5540,0
2014-04-01,22:00:00,24.31,24.31,24.31,24.31,195,0
2014-04-02,19:00:00,24.33,24.33,24.33,24.33,2828,0
2014-04-03,19:00:00,24.33,24.33,24.33,24.33,3182,0
2014-04-03,20:00:00,24.32,24.33,24.32,24.33,604,0
2014-04-03,21:00:00,24.33,24.33,24.33,24.33,500,0
2014-04-03,22:00:00,24.33,24.33,24.33,24.33,19248,0
2014-04-04,19:00:00,24.369,24.369,24.349,24.349,3351,0
2014-04-07,19:00:00,24.349,24.349,24.349,24.349,1435,0
2014-04-07,20:00:00,24.33,24.33,24.33,24.33,200,0
2014-04-08,16:00:00,24.349,24.349,24.34,24.34,1111,0
2014-04-08,17:00:00,24.33,24.349,24.33,24.349,3232,0
2014-04-09,16:00:00,24.34,24.34,24.34,24.34,1011,0
2014-04-09,17:00:00,24.33,24.33,24.33,24.33,400,0
2014-04-09,19:00:00,24.34,24.349,24.34,24.34,2158,0
2014-04-09,21:00:00,24.349,24.369,24.349,24.369,21374,0
2014-04-09,22:00:00,24.359,24.359,24.359,24.359,200,0
2014-04-10,19:00:00,24.369,24.369,24.369,24.369,1309,0
2014-04-11,19:00:00,24.359,24.359,24.359,24.359,230,0
2014-04-14,19:00:00,24.508,24.508,24.439,24.439,1401,0
2014-04-15,17:00:00,24.508,24.508,24.508,24.508,386,0
2014-04-15,19:00:00,24.489,24.489,24.489,24.489,518,0
2014-04-15,21:00:00,24.508,24.508,24.508,24.508,2123,0
2014-04-16,16:00:00,24.369,24.369,24.369,24.369,200,0
2014-04-16,17:00:00,24.479,24.479,24.479,24.479,160,0
2014-04-16,18:00:00,24.409,24.409,24.379,24.379,1011,0
2014-04-16,19:00:00,24.379,24.379,24.379,24.379,200,0
2014-04-16,20:00:00,24.369,24.369,24.369,24.369,4319,0
2014-04-17,17:00:00,24.489,24.489,24.489,24.489,1612,0
2014-04-17,18:00:00,24.359,24.369,24.359,24.359,4668,0
2014-04-17,19:00:00,24.359,24.359,24.359,24.359,300,0
2014-04-17,22:00:00,24.369,24.369,24.369,24.369,400,0
2014-04-21,16:00:00,24.429,24.429,24.429,24.429,200,0
2014-04-21,18:00:00,24.379,24.379,24.379,24.379,26735,0
2014-04-21,20:00:00,24.379,24.379,24.379,24.379,100,0
2014-04-21,22:00:00,24.409,24.409,24.409,24.409,2123,0
2014-04-22,16:00:00,24.389,24.389,24.379,24.379,2875,0
2014-04-22,17:00:00,24.399,24.399,24.399,24.399,320,0
2014-04-22,22:00:00,24.389,24.389,24.389,24.389,500,0
2014-04-23,20:00:00,24.409,24.439,24.409,24.439,410,0
2014-04-23,21:00:00,24.429,24.439,24.429,24.429,3838,0
2014-04-24,16:00:00,24.429,24.429,24.419,24.429,708,0
2014-04-24,19:00:00,24.399,24.409,24.399,24.399,10605,0
2014-04-24,20:00:00,24.399,24.399,24.399,24.399,2317,0
2014-04-24,21:00:00,24.409,24.409,24.409,24.409,2909,0
2014-04-28,18:00:00,24.399,24.399,24.399,24.399,889,0
2014-04-28,19:00:00,24.399,24.409,24.399,24.409,300,0
2014-04-29,17:00:00,24.379,24.379,24.379,24.379,3608,0
2014-04-29,19:00:00,24.389,24.389,24.389,24.389,493,0
2014-04-29,22:00:00,24.429,24.429,24.429,24.429,880,0
2014-04-30,16:00:00,24.409,24.409,24.409,24.409,345,0
2014-04-30,20:00:00,24.439,24.439,24.439,24.439,202,0
2014-05-01,16:00:00,24.452,24.452,24.442,24.442,500,0
2014-05-02,16:00:00,24.402,24.402,24.392,24.402,1210,0
2014-05-02,17:00:00,24.392,24.422,24.392,24.422,1527,0
2014-05-05,18:00:00,24.422,24.422,24.422,24.422,1226,0
2014-05-05,19:00:00,24.412,24.412,24.412,24.412,101,0
2014-05-06,22:00:00,24.422,24.422,24.422,24.422,2323,0
2014-05-07,16:00:00,24.422,24.422,24.422,24.422,300,0
2014-05-07,17:00:00,24.422,24.422,24.412,24.412,1511,0
2014-05-07,22:00:00,24.422,24.452,24.422,24.452,5965,0
2014-05-08,16:00:00,24.402,24.422,24.402,24.422,2223,0
2014-05-09,17:00:00,24.442,24.452,24.442,24.442,728,0
2014-05-09,18:00:00,24.442,24.442,24.442,24.442,500,0
2014-05-09,19:00:00,24.412,24.412,24.402,24.402,1741,0
2014-05-09,20:00:00,24.402,24.402,24.392,24.392,11500,0
2014-05-09,21:00:00,24.392,24.402,24.392,24.402,881,0
2014-05-09,22:00:00,24.412,24.412,24.412,24.412,400,0
2014-05-12,17:00:00,24.382,24.382,24.382,24.382,970,0
2014-05-12,19:00:00,24.402,24.402,24.402,24.402,130,0
2014-05-12,20:00:00,24.422,24.422,24.412,24.412,505,0
2014-05-13,18:00:00,24.422,24.432,24.422,24.432,505,0
2014-05-13,22:00:00,24.422,24.422,24.422,24.422,200,0
2014-05-15,17:00:00,24.422,24.422,24.422,24.422,200,0
2014-05-15,19:00:00,24.412,24.412,24.402,24.402,1919,0
2014-05-15,21:00:00,24.402,24.402,24.402,24.402,404,0
2014-05-16,17:00:00,24.382,24.382,24.382,24.382,1391,0
2014-05-16,20:00:00,24.392,24.432,24.382,24.432,22195,0
2014-05-20,18:00:00,24.432,24.432,24.422,24.422,2047,0
2014-05-20,20:00:00,24.412,24.412,24.412,24.412,603,0
2014-05-21,16:00:00,24.412,24.412,24.412,24.412,400,0
2014-05-21,17:00:00,24.412,24.412,24.412,24.412,300,0
2014-05-21,21:00:00,24.402,24.402,24.402,24.402,500,0
2014-05-21,22:00:00,24.412,24.412,24.412,24.412,100,0
2014-05-22,19:00:00,24.432,24.432,24.432,24.432,2019,0
2014-05-22,22:00:00,24.432,24.432,24.432,24.432,323,0
2014-05-27,17:00:00,24.382,24.382,24.382,24.382,573,0
2014-05-27,19:00:00,24.402,24.402,24.402,24.402,500,0
2014-05-28,21:00:00,24.432,24.432,24.432,24.432,2826,0
2014-05-29,18:00:00,24.412,24.412,24.382,24.412,2047,0
2014-05-29,20:00:00,24.392,24.392,24.392,24.392,400,0
2014-05-29,21:00:00,24.412,24.412,24.382,24.392,1764,0
2014-05-29,22:00:00,24.412,24.412,24.392,24.392,1205,0
2014-05-30,21:00:00,24.392,24.392,24.392,24.392,1746,0
2014-05-30,22:00:00,24.412,24.412,24.402,24.412,2170,0
2014-06-02,16:00:00,24.425,24.425,24.425,24.425,281,0
2014-06-02,17:00:00,24.415,24.415,24.415,24.415,2119,0
2014-06-02,19:00:00,24.435,24.435,24.405,24.405,1061,0
2014-06-02,20:00:00,24.405,24.405,24.405,24.405,226,0
2014-06-03,19:00:00,24.385,24.385,24.385,24.385,256,0
2014-06-03,20:00:00,24.336,24.395,24.336,24.346,1737,0
2014-06-04,16:00:00,24.415,24.415,24.415,24.415,422,0
2014-06-05,18:00:00,24.395,24.395,24.395,24.395,595,0
2014-06-05,19:00:00,24.405,24.405,24.405,24.405,602,0
2014-06-05,20:00:00,24.405,24.405,24.405,24.405,242,0
2014-06-06,22:00:00,24.435,24.435,24.435,24.435,1009,0
2014-06-09,18:00:00,24.395,24.395,24.346,24.346,500,0
2014-06-09,19:00:00,24.355,24.355,24.355,24.355,2017,0
2014-06-09,20:00:00,24.395,24.395,24.395,24.395,1209,0
2014-06-10,20:00:00,24.395,24.395,24.395,24.395,3426,0
2014-06-10,21:00:00,24.415,24.415,24.395,24.415,458,0
2014-06-10,22:00:00,24.415,24.415,24.365,24.365,462,0
2014-06-11,21:00:00,24.415,24.415,24.415,24.415,100,0
2014-06-11,22:00:00,24.415,24.415,24.415,24.415,602,0
2014-06-12,20:00:00,24.415,24.415,24.346,24.346,2127,0
2014-06-12,22:00:00,24.395,24.395,24.346,24.346,4335,0
2014-06-13,22:00:00,24.395,24.395,24.375,24.375,2017,0
2014-06-16,17:00:00,24.395,24.405,24.395,24.405,909,0
2014-06-16,22:00:00,24.355,24.355,24.355,24.355,2052,0
2014-06-17,20:00:00,24.375,24.385,24.375,24.385,1109,0
2014-06-17,22:00:00,24.355,24.415,24.346,24.415,4435,0
2014-06-18,18:00:00,24.405,24.405,24.405,24.405,1510,0
2014-06-18,20:00:00,24.395,24.435,24.395,24.435,2897,0
2014-06-18,21:00:00,24.385,24.385,24.385,24.385,200,0
2014-06-19,17:00:00,24.405,24.415,24.375,24.415,6117,0
2014-06-19,18:00:00,24.405,24.405,24.405,24.405,200,0
2014-06-20,17:00:00,24.385,24.385,24.385,24.385,100,0
2014-06-20,19:00:00,24.385,24.385,24.385,24.385,100,0
2014-06-20,21:00:00,24.385,24.405,24.385,24.405,1506,0
2014-06-20,22:00:00,24.405,24.405,24.385,24.385,1510,0
2014-06-23,17:00:00,24.415,24.415,24.405,24.405,602,0
2014-06-23,22:00:00,24.375,24.375,24.375,24.375,100,0
2014-06-24,17:00:00,24.346,24.346,24.346,24.346,500,0
2014-06-24,19:00:00,24.375,24.425,24.375,24.425,7157,0
2014-06-24,21:00:00,24.415,24.415,24.415,24.415,1446,0
2014-06-24,22:00:00,24.415,24.415,24.415,24.415,706,0
2014-06-25,16:00:00,24.346,24.435,24.346,24.425,5140,0
2014-06-25,17:00:00,24.405,24.405,24.365,24.385,7649,0
2014-06-25,18:00:00,24.405,24.405,24.405,24.405,200,0
2014-06-25,19:00:00,24.405,24.405,24.405,24.405,100,0
2014-06-25,20:00:00,24.375,24.405,24.375,24.405,295,0
2014-06-25,21:00:00,24.405,24.405,24.405,24.405,200,0
2014-06-25,22:00:00,24.405,24.405,24.375,24.375,3137,0
2014-06-27,21:00:00,24.435,24.435,24.435,24.435,895,0
2014-06-30,18:00:00,24.435,24.435,24.435,24.435,500,0
2014-07-01,16:00:00,24.427,24.427,24.427,24.427,300,0
2014-07-01,17:00:00,24.437,24.437,24.387,24.427,5603,0
2014-07-02,18:00:00,24.407,24.437,24.407,24.437,1509,0
2014-07-02,21:00:00,24.417,24.437,24.367,24.367,1915,0
2014-07-07,20:00:00,24.407,24.417,24.407,24.417,735,0
2014-07-07,22:00:00,24.367,24.377,24.357,24.357,4923,0
2014-07-08,16:00:00,24.407,24.407,24.407,24.407,1008,0
2014-07-08,22:00:00,24.397,24.397,24.338,24.397,1136,0
2014-07-09,16:00:00,24.417,24.417,24.417,24.417,1208,0
2014-07-09,18:00:00,24.407,24.407,24.367,24.367,4632,0
2014-07-09,19:00:00,24.387,24.387,24.387,24.387,601,0
2014-07-09,21:00:00,24.407,24.407,24.407,24.407,4431,0
2014-07-09,22:00:00,24.417,24.417,24.407,24.407,1218,0
2014-07-10,17:00:00,24.407,24.417,24.407,24.417,653,0
2014-07-10,18:00:00,24.417,24.417,24.377,24.387,3559,0
2014-07-10,20:00:00,24.357,24.357,24.338,24.338,3423,0
2014-07-10,22:00:00,24.387,24.407,24.387,24.407,2570,0
2014-07-11,19:00:00,24.397,24.397,24.397,24.397,100,0
2014-07-11,22:00:00,24.397,24.397,24.397,24.397,100,0
2014-07-14,18:00:00,24.347,24.357,24.338,24.338,2796,0
2014-07-14,22:00:00,24.338,24.338,24.338,24.338,360,0
2014-07-15,18:00:00,24.347,24.397,24.347,24.397,601,0
2014-07-15,19:00:00,24.338,24.417,24.338,24.417,1409,0
2014-07-15,21:00:00,24.357,24.357,24.357,24.357,366,0
2014-07-16,18:00:00,24.417,24.417,24.417,24.417,200,0
2014-07-16,21:00:00,24.407,24.417,24.407,24.417,1634,0
2014-07-16,22:00:00,24.357,24.357,24.357,24.357,320,0
2014-07-17,18:00:00,24.367,24.437,24.347,24.417,19336,0
2014-07-17,19:00:00,24.417,24.417,24.407,24.407,1220,0
2014-07-17,20:00:00,24.407,24.447,24.397,24.397,13050,0
2014-07-17,21:00:00,24.457,24.457,24.457,24.457,1294,0
2014-07-18,17:00:00,24.357,24.377,24.347,24.347,7568,0
2014-07-18,18:00:00,24.417,24.417,24.417,24.417,284,0
2014-07-18,19:00:00,24.377,24.417,24.367,24.387,5842,0
2014-07-18,22:00:00,24.387,24.387,24.387,24.387,908,0
2014-07-21,16:00:00,24.407,24.407,24.407,24.407,337,0
2014-07-21,18:00:00,24.407,24.407,24.407,24.407,195,0
2014-07-21,22:00:00,24.417,24.417,24.417,24.417,240,0
2014-07-22,19:00:00,24.377,24.387,24.377,24.377,4331,0
2014-07-22,22:00:00,24.377,24.377,24.377,24.377,200,0
2014-07-23,17:00:00,24.387,24.397,24.387,24.397,3540,0
2014-07-23,20:00:00,24.367,24.367,24.338,24.338,1008,0
2014-07-23,21:00:00,24.387,24.387,24.387,24.387,1008,0
2014-07-23,22:00:00,24.387,24.387,24.387,24.387,1008,0
2014-07-24,18:00:00,24.377,24.387,24.328,24.367,6232,0
2014-07-24,20:00:00,24.397,24.397,24.397,24.397,300,0
2014-07-24,22:00:00,24.397,24.397,24.397,24.397,200,0
2014-07-25,16:00:00,24.397,24.417,24.397,24.417,10071,0
2014-07-25,17:00:00,24.417,24.417,24.407,24.407,200,0
2014-07-25,18:00:00,24.417,24.417,24.407,24.407,2049,0
2014-07-25,19:00:00,24.417,24.447,24.417,24.427,9267,0
2014-07-25,22:00:00,24.427,24.427,24.417,24.417,1108,0
2014-07-28,16:00:00,24.417,24.417,24.417,24.417,200,0
2014-07-28,20:00:00,24.397,24.397,24.397,24.397,545,0
2014-07-28,22:00:00,24.397,24.397,24.397,24.397,601,0
2014-07-29,16:00:00,24.417,24.467,24.417,24.427,12893,0
2014-07-29,18:00:00,24.417,24.427,24.417,24.417,3323,0
2014-07-29,19:00:00,24.397,24.397,24.397,24.397,400,0
2014-07-29,22:00:00,24.407,24.407,24.407,24.407,1509,0
2014-07-30,16:00:00,24.397,24.407,24.397,24.397,15609,0
2014-07-30,17:00:00,24.377,24.407,24.347,24.397,1563,0
2014-07-30,19:00:00,24.377,24.377,24.377,24.377,1509,0
2014-07-30,20:00:00,24.357,24.367,24.357,24.357,5236,0
2014-07-30,22:00:00,24.387,24.387,24.387,24.387,300,0
2014-07-31,17:00:00,24.347,24.347,24.347,24.347,805,0
2014-08-01,18:00:00,24.378,24.378,24.378,24.378,687,0
2014-08-04,22:00:00,24.418,24.418,24.378,24.388,3974,0
2014-08-05,19:00:00,24.408,24.408,24.398,24.398,3522,0
2014-08-05,21:00:00,24.418,24.418,24.378,24.378,13281,0
2014-08-05,22:00:00,24.418,24.418,24.398,24.398,1006,0
2014-08-06,21:00:00,24.408,24.428,24.408,24.428,2520,0
2014-08-06,22:00:00,24.428,24.428,24.428,24.428,1006,0
2014-08-07,22:00:00,24.428,24.428,24.428,24.428,600,0
2014-08-08,17:00:00,24.428,24.428,24.428,24.428,1107,0
2014-08-08,22:00:00,24.418,24.418,24.418,24.418,1232,0
2014-08-11,17:00:00,24.388,24.448,24.388,24.408,2818,0
2014-08-11,18:00:00,24.438,24.448,24.428,24.448,6228,0
2014-08-11,19:00:00,24.388,24.388,24.378,24.378,5086,0
2014-08-11,21:00:00,24.398,24.398,24.398,24.398,1206,0
2014-08-12,17:00:00,24.498,24.498,24.498,24.498,100,0
2014-08-12,19:00:00,24.328,24.378,24.328,24.378,345,0
2014-08-12,21:00:00,24.478,24.478,24.478,24.478,400,0
2014-08-12,22:00:00,24.498,24.498,24.498,24.498,129,0
2014-08-13,17:00:00,24.468,24.498,24.368,24.368,2770,0
2014-08-13,20:00:00,24.358,24.358,24.338,24.338,11929,0
2014-08-14,19:00:00,24.278,24.308,24.258,24.298,2114,0
2014-08-15,20:00:00,24.348,24.348,24.298,24.298,5936,0
2014-08-18,16:00:00,24.298,24.298,24.298,24.298,1520,0
2014-08-18,17:00:00,24.308,24.308,24.308,24.308,2472,0
2014-08-18,22:00:00,24.418,24.418,24.418,24.418,200,0
2014-08-19,16:00:00,24.308,24.308,24.298,24.298,220,0
2014-08-20,18:00:00,24.368,24.388,24.298,24.328,23729,0
2014-08-20,22:00:00,24.368,24.368,24.368,24.368,4024,0
2014-08-21,22:00:00,24.378,24.378,24.348,24.348,500,0
2014-08-22,17:00:00,24.408,24.408,24.408,24.408,300,0
2014-08-22,18:00:00,24.378,24.378,24.378,24.378,110,0
2014-08-25,22:00:00,24.448,24.448,24.368,24.398,300,0
2014-08-26,18:00:00,24.438,24.438,24.428,24.438,1265,0
2014-08-26,21:00:00,24.478,24.478,24.478,24.478,595,0
2014-08-27,16:00:00,24.418,24.418,24.368,24.368,1106,0
2014-08-27,17:00:00,24.418,24.418,24.418,24.418,529,0
2014-08-27,18:00:00,24.368,24.478,24.368,24.478,652,0
2014-08-27,19:00:00,24.478,24.498,24.478,24.498,2004,0
2014-08-27,20:00:00,24.418,24.418,24.368,24.378,17950,0
2014-08-27,21:00:00,24.418,24.418,24.368,24.368,916,0
2014-08-27,22:00:00,24.418,24.438,24.418,24.418,1766,0
2014-08-28,21:00:00,24.498,24.498,24.418,24.418,200,0
2014-09-03,20:00:00,24.408,24.448,24.398,24.428,2515,0
2014-09-03,21:00:00,24.448,24.468,24.448,24.468,300,0
2014-09-04,20:00:00,24.488,24.488,24.488,24.488,891,0
2014-09-05,17:00:00,24.398,24.398,24.388,24.388,8041,0
2014-09-05,20:00:00,24.418,24.418,24.418,24.418,1707,0
2014-09-05,21:00:00,24.368,24.368,24.368,24.368,180,0
2014-09-08,17:00:00,24.318,24.328,24.318,24.318,3533,0
2014-09-08,20:00:00,24.418,24.418,24.418,24.418,400,0
2014-09-08,22:00:00,24.418,24.418,24.418,24.418,0,0
2014-09-09,18:00:00,24.338,24.488,24.338,24.418,5880,0
2014-09-09,20:00:00,24.338,24.338,24.338,24.338,300,0
2014-09-10,16:00:00,24.418,24.418,24.418,24.418,598,0
2014-09-10,18:00:00,24.478,24.517,24.378,24.378,41450,0
2014-09-10,19:00:00,24.478,24.478,24.478,24.478,805,0
2014-09-10,22:00:00,24.388,24.418,24.378,24.378,4438,0
2014-09-11,18:00:00,24.358,24.358,24.358,24.358,225,0
2014-09-12,21:00:00,24.338,24.418,24.338,24.418,825,0
2014-09-15,16:00:00,24.368,24.368,24.368,24.368,200,0
2014-09-15,22:00:00,24.448,24.448,24.448,24.448,209,0
2014-09-16,17:00:00,24.368,24.368,24.368,24.368,226,0
2014-09-17,17:00:00,24.338,24.338,24.338,24.338,1407,0
2014-09-17,18:00:00,24.388,24.388,24.388,24.388,1228,0
2014-09-18,17:00:00,24.288,24.288,24.288,24.288,100,0
2014-09-18,18:00:00,24.308,24.308,24.288,24.288,1606,0
2014-09-19,19:00:00,24.298,24.298,24.298,24.298,337,0
2014-09-19,22:00:00,24.388,24.408,24.388,24.408,2613,0
2014-09-22,20:00:00,24.468,24.468,24.468,24.468,1006,0
2014-09-22,22:00:00,24.398,24.398,24.398,24.398,169,0
2014-09-24,17:00:00,24.398,24.398,24.398,24.398,1006,0
2014-09-24,20:00:00,24.398,24.398,24.398,24.398,100,0
2014-09-24,22:00:00,24.398,24.398,24.398,24.398,906,0
2014-09-26,17:00:00,24.239,24.358,24.239,24.249,5855,0
2014-09-26,20:00:00,24.308,24.308,24.308,24.308,631,0
2014-09-26,22:00:00,24.348,24.348,24.348,24.348,430,0
2014-09-29,16:00:00,24.388,24.388,24.308,24.308,7299,0
2014-09-29,17:00:00,24.398,24.398,24.398,24.398,100,0
2014-09-29,19:00:00,24.348,24.398,24.328,24.328,955,0
2014-09-29,21:00:00,24.398,24.398,24.308,24.358,1406,0
2014-09-29,22:00:00,24.308,24.308,24.308,24.308,500,0
2014-09-30,16:00:00,24.468,24.468,24.308,24.308,10514,0
2014-09-30,17:00:00,24.308,24.308,24.308,24.308,100,0
2014-09-30,21:00:00,24.328,24.328,24.328,24.328,160,0
2014-09-30,22:00:00,24.368,24.368,24.368,24.368,240,0
2014-10-01,17:00:00,24.356,24.356,24.266,24.266,2212,0
2014-10-01,18:00:00,24.505,24.505,24.326,24.376,31429,0
2014-10-01,19:00:00,24.346,24.515,24.326,24.406,9189,0
2014-10-01,20:00:00,24.406,24.416,24.356,24.356,661,0
2014-10-01,22:00:00,24.416,24.416,24.326,24.376,600,0
2014-10-02,19:00:00,24.376,24.376,24.237,24.237,200,0
2014-10-02,22:00:00,24.316,24.316,24.256,24.256,3848,0
2014-10-03,17:00:00,24.296,24.296,24.296,24.296,100,0
2014-10-03,18:00:00,24.286,24.386,24.286,24.386,300,0
2014-10-03,19:00:00,24.316,24.386,24.316,24.386,348,0
2014-10-03,21:00:00,24.296,24.296,24.296,24.296,196,0
2014-10-06,18:00:00,24.256,24.376,24.256,24.256,441,0
2014-10-06,19:00:00,24.376,24.505,24.276,24.376,5267,0
2014-10-07,17:00:00,24.396,24.396,24.396,24.396,300,0
2014-10-07,19:00:00,24.496,24.496,24.396,24.436,966,0
2014-10-07,20:00:00,24.515,24.515,24.416,24.416,2537,0
2014-10-07,22:00:00,24.446,24.446,24.446,24.446,1960,0
2014-10-08,17:00:00,24.386,24.515,24.386,24.515,1302,0
2014-10-09,18:00:00,24.376,24.376,24.376,24.376,100,0
2014-10-09,19:00:00,24.376,24.386,24.256,24.386,6238,0
2014-10-10,17:00:00,24.396,24.396,24.396,24.396,100,0
2014-10-10,19:00:00,24.356,24.396,24.356,24.356,1017,0
2014-10-10,20:00:00,24.396,24.396,24.396,24.396,1924,0
2014-10-10,22:00:00,24.426,24.426,24.426,24.426,178,0
2014-10-13,19:00:00,24.247,24.515,24.237,24.486,10368,0
2014-10-13,22:00:00,24.416,24.416,24.416,24.416,100,0
2014-10-14,17:00:00,24.446,24.446,24.376,24.376,2010,0
2014-10-14,19:00:00,24.376,24.436,24.356,24.436,13592,0
2014-10-14,21:00:00,24.524,24.524,24.524,24.524,537,0
2014-10-15,16:00:00,24.534,24.534,24.534,24.534,3316,0
2014-10-15,17:00:00,24.396,24.584,24.396,24.476,3125,0
2014-10-15,18:00:00,24.505,24.505,24.505,24.505,500,0
2014-10-15,19:00:00,24.505,24.664,24.505,24.664,9512,0
2014-10-15,22:00:00,24.624,24.624,24.624,24.624,289,0
2014-10-16,16:00:00,24.624,24.634,24.624,24.634,1005,0
2014-10-16,17:00:00,24.376,24.376,24.376,24.376,100,0
2014-10-16,18:00:00,24.426,24.426,24.426,24.426,200,0
2014-10-16,19:00:00,24.426,24.496,24.416,24.436,18274,0
2014-10-16,20:00:00,24.466,24.476,24.446,24.466,948,0
2014-10-16,22:00:00,24.486,24.486,24.456,24.456,1911,0
2014-10-17,18:00:00,24.496,24.496,24.366,24.486,9646,0
2014-10-20,19:00:00,24.486,24.505,24.237,24.346,15569,0
2014-10-20,20:00:00,24.346,24.346,24.346,24.346,1005,0
2014-10-20,21:00:00,24.346,24.346,24.346,24.346,100,0
2014-10-20,22:00:00,24.356,24.544,24.356,24.446,4244,0
2014-10-22,17:00:00,24.346,24.386,24.336,24.336,1105,0
2014-10-22,19:00:00,24.426,24.426,24.356,24.356,500,0
2014-10-23,19:00:00,24.336,24.396,24.336,24.346,486,0
2014-10-23,20:00:00,24.476,24.486,24.476,24.486,2513,0
2014-10-23,22:00:00,24.346,24.426,24.266,24.386,61081,0
2014-10-24,21:00:00,24.316,24.396,24.316,24.396,1010,0
2014-10-27,16:00:00,24.604,24.604,24.276,24.346,2009,0
2014-10-27,17:00:00,24.266,24.346,24.266,24.266,2482,0
2014-10-27,18:00:00,24.286,24.286,24.276,24.276,2563,0
2014-10-27,19:00:00,24.276,24.544,24.266,24.286,11610,0
2014-10-27,20:00:00,24.296,24.515,24.296,24.316,5184,0
2014-10-27,21:00:00,24.316,24.396,24.306,24.306,2438,0
2014-10-28,15:00:00,24.486,24.486,24.346,24.346,8980,0
2014-10-28,16:00:00,24.356,24.554,24.336,24.336,2110,0
2014-10-28,18:00:00,24.336,24.336,24.336,24.336,184,0
2014-10-28,19:00:00,24.346,24.524,24.336,24.356,4718,0
2014-10-28,20:00:00,24.376,24.386,24.366,24.376,2453,0
2014-10-28,21:00:00,24.376,24.376,24.336,24.346,540,0
2014-10-29,15:00:00,24.346,24.574,24.346,24.574,1564,0
2014-10-29,17:00:00,24.346,24.346,24.336,24.336,1406,0
2014-10-29,21:00:00,24.396,24.396,24.396,24.396,205,0
2014-10-30,15:00:00,24.276,24.276,24.266,24.266,8443,0
2014-10-30,21:00:00,24.376,24.376,24.276,24.276,1004,0
2014-10-31,18:00:00,24.456,24.456,24.456,24.456,115,0
2014-10-31,21:00:00,24.366,24.376,24.356,24.356,702,0
2014-11-03,22:00:00,24.322,24.322,24.322,24.322,100,0
2014-11-05,21:00:00,24.362,24.402,24.322,24.392,2323,0
2014-11-10,19:00:00,24.452,24.452,24.452,24.452,2886,0
2014-11-10,21:00:00,24.432,24.432,24.432,24.432,2009,0
2014-11-10,22:00:00,24.262,24.262,24.262,24.262,828,0
2014-11-11,18:00:00,24.302,24.302,24.213,24.213,400,0
2014-11-11,20:00:00,24.422,24.432,24.422,24.432,1909,0
2014-11-12,20:00:00,24.332,24.332,24.223,24.312,4919,0
2014-11-12,21:00:00,24.382,24.382,24.382,24.382,1104,0
2014-11-13,20:00:00,24.382,24.382,24.382,24.382,119,0
2014-11-14,20:00:00,24.332,24.332,24.332,24.332,378,0
2014-11-17,17:00:00,24.262,24.262,24.262,24.262,200,0
2014-11-17,21:00:00,24.272,24.332,24.272,24.332,200,0
2014-11-18,16:00:00,24.223,24.402,24.223,24.402,2001,0
2014-11-18,17:00:00,24.312,24.312,24.312,24.312,100,0
2014-11-18,18:00:00,24.322,24.322,24.322,24.322,161,0
2014-11-18,19:00:00,24.392,24.392,24.392,24.392,803,0
2014-11-18,21:00:00,24.422,24.422,24.422,24.422,115,0
2014-11-19,17:00:00,24.213,24.213,24.213,24.213,100,0
2014-11-20,17:00:00,24.233,24.233,24.233,24.233,200,0
2014-11-21,17:00:00,24.243,24.243,24.243,24.243,400,0
2014-11-21,18:00:00,24.322,24.322,24.312,24.322,5851,0
2014-11-21,21:00:00,24.362,24.362,24.362,24.362,491,0
2014-11-24,17:00:00,24.223,24.482,24.223,24.472,16009,0
2014-11-24,18:00:00,24.472,24.482,24.472,24.472,3614,0
2014-11-24,21:00:00,24.382,24.382,24.312,24.382,1203,0
2014-11-24,22:00:00,24.322,24.402,24.322,24.402,500,0
2014-11-25,21:00:00,24.322,24.322,24.322,24.322,1029,0
2014-11-28,18:00:00,24.442,24.442,24.442,24.442,268,0
2014-12-01,18:00:00,24.555,24.555,24.286,24.306,6422,0
2014-12-01,19:00:00,24.296,24.296,24.296,24.296,100,0
2014-12-01,20:00:00,24.296,24.376,24.276,24.366,14791,0
2014-12-01,22:00:00,24.386,24.386,24.386,24.386,200,0
2014-12-02,16:00:00,24.585,24.585,24.366,24.366,4916,0
2014-12-02,17:00:00,24.496,24.496,24.496,24.496,3447,0
2014-12-02,20:00:00,24.545,24.545,24.545,24.545,999,0
2014-12-02,22:00:00,24.545,24.545,24.446,24.446,476,0
2014-12-03,17:00:00,24.446,24.446,24.446,24.446,507,0
2014-12-04,16:00:00,24.436,24.436,24.436,24.436,300,0
2014-12-04,17:00:00,24.356,24.356,24.356,24.356,300,0
2014-12-04,22:00:00,24.426,24.436,24.416,24.416,1604,0
2014-12-05,16:00:00,24.426,24.426,24.426,24.426,1404,0
2014-12-05,17:00:00,24.336,24.336,24.336,24.336,300,0
2014-12-05,19:00:00,24.336,24.406,24.316,24.396,4114,0
2014-12-08,18:00:00,24.496,24.505,24.246,24.505,983,0
2014-12-08,20:00:00,24.366,24.476,24.366,24.476,655,0
2014-12-08,21:00:00,24.466,24.466,24.366,24.366,10876,0
2014-12-09,22:00:00,24.456,24.456,24.366,24.366,1515,0
2014-12-10,16:00:00,24.366,24.366,24.256,24.356,1103,0
2014-12-10,17:00:00,24.366,24.366,24.366,24.366,1021,0
2014-12-10,18:00:00,24.366,24.366,24.366,24.366,39849,0
2014-12-11,16:00:00,24.376,24.486,24.296,24.296,594,0
2014-12-11,22:00:00,24.316,24.316,24.316,24.316,296,0
2014-12-12,16:00:00,24.476,24.476,24.406,24.406,2109,0
2014-12-12,20:00:00,24.236,24.396,24.236,24.396,788,0
2014-12-15,20:00:00,24.336,24.505,24.336,24.505,16794,0
2014-12-15,21:00:00,24.436,24.486,24.436,24.436,4556,0
2014-12-15,22:00:00,24.236,24.236,24.236,24.236,100,0
2014-12-16,16:00:00,24.236,24.236,24.236,24.236,200,0
2014-12-16,22:00:00,24.236,24.246,24.236,24.246,600,0
2014-12-17,17:00:00,24.336,24.336,24.336,24.336,102,0
2014-12-17,20:00:00,24.256,24.256,24.256,24.256,3010,0
2014-12-18,20:00:00,24.256,24.276,24.256,24.276,906,0
2014-12-18,22:00:00,24.266,24.276,24.246,24.256,5697,0
2014-12-19,19:00:00,24.246,24.266,24.246,24.256,3010,0
2014-12-19,20:00:00,24.256,24.256,24.246,24.246,4615,0
2014-12-19,22:00:00,24.266,24.266,24.266,24.266,172,0
2014-12-23,17:00:00,24.266,24.306,24.246,24.256,15351,0
2014-12-23,20:00:00,24.246,24.246,24.246,24.246,5971,0
2014-12-23,21:00:00,24.376,24.376,24.236,24.236,912,0
2014-12-26,16:00:00,24.196,24.196,24.126,24.176,6435,0
2014-12-26,18:00:00,24.146,24.146,24.146,24.146,752,0
2014-12-26,22:00:00,24.136,24.246,24.136,24.206,3875,0
2014-12-29,16:00:00,24.275,24.275,24.275,24.275,153,0
2014-12-29,17:00:00,24.165,24.165,24.095,24.165,3486,0
2014-12-29,19:00:00,24.215,24.225,24.195,24.225,4313,0
2014-12-29,20:00:00,24.235,24.235,24.165,24.195,8520,0
2014-12-29,21:00:00,24.205,24.235,24.165,24.165,6722,0
2014-12-29,22:00:00,24.195,24.195,24.195,24.195,400,0
2014-12-30,20:00:00,24.175,24.185,24.165,24.165,5115,0
2014-12-30,21:00:00,24.165,24.185,24.165,24.165,2513,0
2014-12-30,22:00:00,24.175,24.175,24.165,24.175,8271,0
2014-12-31,22:00:00,24.205,24.205,24.165,24.165,300,0
2015-01-02,21:00:00,24.275,24.275,24.215,24.255,3912,0
2015-01-05,17:00:00,24.215,24.215,24.215,24.215,1270,0
2015-01-05,18:00:00,24.135,24.195,24.135,24.195,5298,0
2015-01-05,21:00:00,24.185,24.185,24.185,24.185,841,0
2015-01-05,22:00:00,24.265,24.265,24.235,24.235,1173,0
2015-01-06,17:00:00,24.345,24.345,24.335,24.345,3722,0
2015-01-06,18:00:00,24.345,24.365,24.335,24.335,11234,0
2015-01-06,19:00:00,24.295,24.295,24.295,24.295,410,0
2015-01-06,21:00:00,24.265,24.265,24.265,24.265,200,0
2015-01-06,22:00:00,24.265,24.265,24.265,24.265,200,0
2015-01-07,21:00:00,24.275,24.275,24.275,24.275,287,0
2015-01-08,21:00:00,24.225,24.225,24.225,24.225,2409,0
2015-01-09,18:00:00,24.325,24.325,24.315,24.315,1103,0
2015-01-09,19:00:00,24.405,24.405,24.405,24.405,374,0
2015-01-09,20:00:00,24.315,24.315,24.295,24.305,1655,0
2015-01-09,21:00:00,24.255,24.295,24.255,24.295,2541,0
2015-01-09,22:00:00,24.295,24.295,24.255,24.255,668,0
2015-01-12,22:00:00,24.285,24.395,24.285,24.315,2022,0
2015-01-13,22:00:00,24.295,24.315,24.295,24.315,1071,0
2015-01-14,16:00:00,24.425,24.425,24.425,24.425,5619,0
2015-01-14,20:00:00,24.405,24.405,24.405,24.405,184,0
2015-01-14,21:00:00,24.395,24.475,24.365,24.475,720,0
2015-01-15,17:00:00,24.465,24.465,24.465,24.465,100,0
2015-01-15,19:00:00,24.425,24.425,24.385,24.405,840,0
2015-01-20,21:00:00,24.405,24.405,24.405,24.405,187,0
2015-01-21,18:00:00,24.514,24.514,24.514,24.514,100,0
2015-01-21,19:00:00,24.514,24.514,24.395,24.514,2349,0
2015-01-21,20:00:00,24.514,24.514,24.514,24.514,100,0
2015-01-21,21:00:00,24.514,24.514,24.514,24.514,708,0
2015-01-21,22:00:00,24.514,24.514,24.514,24.514,300,0
2015-01-23,18:00:00,24.514,24.544,24.514,24.544,3510,0
2015-01-26,16:00:00,24.504,24.524,24.504,24.524,300,0
2015-01-26,22:00:00,24.524,24.524,24.524,24.524,300,0
2015-01-27,17:00:00,24.475,24.475,24.475,24.475,1003,0
2015-01-27,21:00:00,24.445,24.445,24.415,24.415,2260,0
2015-01-28,22:00:00,24.534,24.534,24.534,24.534,250,0
2015-01-29,16:00:00,24.415,24.435,24.415,24.435,2245,0
2015-01-29,18:00:00,24.504,24.514,24.425,24.425,5214,0
2015-01-29,22:00:00,24.425,24.425,24.425,24.425,1041,0
2015-01-30,21:00:00,24.524,24.524,24.524,24.524,400,0
2015-01-30,22:00:00,24.495,24.495,24.495,24.495,379,0
2015-02-02,16:00:00,24.551,24.551,24.551,24.551,803,0
2015-02-02,20:00:00,24.442,24.442,24.442,24.442,2208,0
2015-02-02,21:00:00,24.472,24.472,24.472,24.472,170,0
2015-02-03,20:00:00,24.482,24.482,24.482,24.482,100,0
2015-02-03,21:00:00,24.452,24.452,24.452,24.452,200,0
2015-02-05,18:00:00,24.502,24.551,24.502,24.551,4361,0
2015-02-05,19:00:00,24.551,24.551,24.551,24.551,2006,0
2015-02-05,21:00:00,24.551,24.551,24.551,24.551,1019,0
2015-02-06,22:00:00,24.432,24.432,24.392,24.392,1609,0
2015-02-10,18:00:00,24.541,24.541,24.541,24.541,320,0
2015-02-10,19:00:00,24.531,24.531,24.531,24.531,278,0
2015-02-11,18:00:00,24.432,24.432,24.432,24.432,200,0
2015-02-11,22:00:00,24.432,24.462,24.432,24.462,1390,0
2015-02-12,17:00:00,24.412,24.412,24.412,24.412,3174,0
2015-02-12,19:00:00,24.402,24.442,24.402,24.442,1906,0
2015-02-12,21:00:00,24.531,24.531,24.531,24.531,691,0
2015-02-17,17:00:00,24.382,24.472,24.372,24.472,3895,0
2015-02-17,22:00:00,24.292,24.292,24.292,24.292,584,0
2015-02-18,16:00:00,24.462,24.462,24.462,24.462,513,0
2015-02-18,20:00:00,24.511,24.511,24.511,24.511,103,0
2015-02-19,19:00:00,24.462,24.482,24.432,24.432,1373,0
2015-02-19,20:00:00,24.462,24.462,24.412,24.412,380,0
2015-02-19,21:00:00,24.472,24.472,24.472,24.472,300,0
2015-02-20,18:00:00,24.521,24.521,24.521,24.521,4394,0
2015-02-23,16:00:00,24.521,24.531,24.482,24.531,4472,0
2015-02-23,22:00:00,24.531,24.531,24.482,24.482,427,0
2015-02-24,19:00:00,24.482,24.482,24.482,24.482,398,0
2015-02-24,22:00:00,24.412,24.412,24.412,24.412,644,0
2015-02-27,17:00:00,24.531,24.531,24.531,24.531,100,0
2015-03-02,18:00:00,24.419,24.419,24.419,24.419,1213,0
2015-03-02,19:00:00,24.538,24.538,24.538,24.538,2157,0
2015-03-02,21:00:00,24.419,24.419,24.419,24.419,1425,0
2015-03-04,22:00:00,24.489,24.489,24.479,24.489,7218,0
2015-03-05,16:00:00,24.339,24.339,24.339,24.339,403,0
2015-03-05,17:00:00,24.349,24.349,24.349,24.349,100,0
2015-03-05,19:00:00,24.389,24.389,24.349,24.349,1003,0
2015-03-05,20:00:00,24.362,24.364,24.362,24.364,702,0
2015-03-05,21:00:00,24.359,24.459,24.359,24.459,1778,0
2015-03-06,18:00:00,24.349,24.349,24.339,24.339,400,0
2015-03-06,22:00:00,24.409,24.409,24.409,24.409,526,0
2015-03-09,21:00:00,24.329,24.429,24.299,24.428,4102,0
2015-03-10,15:00:00,24.439,24.439,24.439,24.439,621,0
2015-03-10,16:00:00,24.429,24.459,24.303,24.449,20184,0
2015-03-10,17:00:00,24.449,24.449,24.439,24.449,3208,0
2015-03-10,18:00:00,24.449,24.449,24.449,24.449,2507,0
2015-03-10,19:00:00,24.449,24.449,24.419,24.449,2707,0
2015-03-10,20:00:00,24.449,24.449,24.319,24.449,4311,0
2015-03-10,21:00:00,24.449,24.449,24.419,24.449,5146,0
2015-03-11,17:00:00,24.329,24.329,24.329,24.329,123,0
2015-03-11,19:00:00,24.373,24.373,24.373,24.373,165,0
2015-03-16,17:00:00,24.319,24.319,24.319,24.319,106,0
2015-03-17,18:00:00,24.409,24.409,24.374,24.374,986,0
2015-03-18,15:00:00,24.439,24.439,24.314,24.314,400,0
2015-03-20,17:00:00,24.354,24.354,24.354,24.354,400,0
2015-03-20,21:00:00,24.34,24.34,24.34,24.34,2018,0
2015-03-23,16:00:00,24.4,24.439,24.4,24.439,364,0
2015-03-24,18:00:00,24.429,24.429,24.429,24.429,100,0
2015-03-24,19:00:00,24.429,24.429,24.429,24.429,476,0
2015-03-24,20:00:00,24.389,24.389,24.389,24.389,100,0
2015-03-24,21:00:00,24.407,24.407,24.407,24.407,487,0
2015-03-25,15:00:00,24.364,24.364,24.299,24.299,658,0
2015-03-25,16:00:00,24.389,24.399,24.379,24.379,1444,0
2015-03-25,19:00:00,24.429,24.518,24.429,24.518,6286,0
2015-03-26,15:00:00,24.379,24.379,24.379,24.379,501,0
2015-03-27,17:00:00,24.38,24.429,24.38,24.404,2636,0
2015-03-27,21:00:00,24.419,24.419,24.419,24.419,633,0
2015-03-31,20:00:00,24.429,24.429,24.429,24.429,500,0
2015-03-31,22:00:00,24.429,24.429,24.429,24.429,12,0
2015-04-01,16:00:00,24.439,24.439,24.439,24.439,1339,0
2015-04-01,18:00:00,24.469,24.469,24.459,24.459,1203,0
2015-04-01,19:00:00,24.459,24.459,24.397,24.429,642,0
2015-04-02,17:00:00,24.478,24.478,24.478,24.478,513,0
2015-04-06,16:00:00,24.448,24.448,24.444,24.444,803,0
2015-04-06,17:00:00,24.449,24.449,24.449,24.449,200,0
2015-04-06,18:00:00,24.449,24.449,24.449,24.449,106,0
2015-04-06,19:00:00,24.449,24.449,24.449,24.449,100,0
2015-04-06,20:00:00,24.449,24.459,24.449,24.459,256,0
2015-04-06,22:00:00,24.444,24.448,24.379,24.389,14548,0
2015-04-07,16:00:00,24.429,24.429,24.429,24.429,541,0
2015-04-07,18:00:00,24.387,24.387,24.387,24.387,803,0
2015-04-07,19:00:00,24.362,24.362,24.362,24.362,114,0
2015-04-07,20:00:00,24.349,24.349,24.339,24.339,200,0
2015-04-08,19:00:00,24.369,24.389,24.349,24.379,503,0
2015-04-09,17:00:00,24.419,24.419,24.379,24.379,667,0
2015-04-09,19:00:00,24.382,24.382,24.382,24.382,790,0
2015-04-09,20:00:00,24.382,24.382,24.382,24.382,88,0
2015-04-09,22:00:00,24.382,24.382,24.34,24.34,542,0
2015-04-10,17:00:00,24.418,24.418,24.418,24.418,184,0
2015-04-10,18:00:00,24.369,24.379,24.369,24.379,1033,0
2015-04-10,19:00:00,24.369,24.371,24.369,24.371,752,0
2015-04-10,21:00:00,24.389,24.389,24.389,24.389,285,0
2015-04-10,22:00:00,24.357,24.357,24.357,24.357,598,0
2015-04-13,17:00:00,24.357,24.357,24.357,24.357,100,0
2015-04-13,18:00:00,24.357,24.357,24.357,24.357,11,0
2015-04-13,19:00:00,24.36,24.36,24.349,24.349,1242,0
2015-04-13,20:00:00,24.339,24.349,24.339,24.339,3313,0
2015-04-13,21:00:00,24.369,24.369,24.369,24.369,485,0
2015-04-14,16:00:00,24.375,24.375,24.375,24.375,822,0
2015-04-14,17:00:00,24.389,24.389,24.389,24.389,200,0
2015-04-14,20:00:00,24.389,24.389,24.389,24.389,71,0
2015-04-14,22:00:00,24.339,24.339,24.329,24.339,2140,0
2015-04-15,17:00:00,24.329,24.329,24.329,24.329,100,0
2015-04-15,18:00:00,24.364,24.364,24.364,24.364,822,0
2015-04-15,19:00:00,24.357,24.357,24.354,24.354,823,0
2015-04-15,20:00:00,24.399,24.399,24.348,24.348,2329,0
2015-04-16,16:00:00,24.299,24.299,24.299,24.299,200,0
2015-04-16,17:00:00,24.339,24.366,24.339,24.366,504,0
2015-04-16,18:00:00,24.369,24.369,24.369,24.369,1235,0
2015-04-16,19:00:00,24.339,24.339,24.339,24.339,115,0
2015-04-16,21:00:00,24.339,24.339,24.339,24.339,1,0
2015-04-17,21:00:00,24.398,24.398,24.319,24.319,346,0
2015-04-17,22:00:00,24.359,24.359,24.359,24.359,9,0
2015-04-20,19:00:00,24.351,24.351,24.329,24.329,359,0
2015-04-21,17:00:00,24.356,24.356,24.356,24.356,133,0
2015-04-21,22:00:00,24.339,24.339,24.339,24.339,100,0
2015-04-22,17:00:00,24.399,24.399,24.399,24.399,100,0
2015-04-22,18:00:00,24.399,24.399,24.399,24.399,100,0
2015-04-22,20:00:00,24.409,24.409,24.399,24.399,459,0
2015-04-22,21:00:00,24.399,24.399,24.399,24.399,386,0
2015-04-24,19:00:00,24.379,24.379,24.379,24.379,2958,0
2015-04-27,16:00:00,24.329,24.329,24.329,24.329,572,0
2015-04-27,22:00:00,24.382,24.397,24.369,24.369,1226,0
2015-04-28,19:00:00,24.351,24.351,24.351,24.351,985,0
2015-04-29,17:00:00,24.319,24.329,24.319,24.319,3307,0
2015-04-30,22:00:00,24.379,24.379,24.309,24.309,234,0
2015-05-01,22:00:00,24.306,24.306,24.306,24.306,100,0
2015-05-04,16:00:00,24.306,24.306,24.306,24.306,118,0
2015-05-04,17:00:00,24.306,24.306,24.306,24.306,450,0
2015-05-04,22:00:00,24.336,24.336,24.336,24.336,200,0
2015-05-05,17:00:00,24.306,24.354,24.306,24.354,1203,0
2015-05-05,21:00:00,24.331,24.331,24.331,24.331,100,0
2015-05-06,17:00:00,24.306,24.346,24.306,24.326,2038,0
2015-05-06,18:00:00,24.346,24.346,24.346,24.346,200,0
2015-05-06,22:00:00,24.306,24.306,24.306,24.306,200,0
2015-05-07,16:00:00,24.306,24.306,24.306,24.306,200,0
2015-05-07,18:00:00,24.325,24.325,24.325,24.325,463,0
2015-05-08,17:00:00,24.276,24.286,24.237,24.246,2222,0
2015-05-08,18:00:00,24.326,24.326,24.326,24.326,579,0
2015-05-11,22:00:00,24.287,24.287,24.246,24.246,1103,0
2015-05-12,17:00:00,24.326,24.326,24.246,24.246,393,0
2015-05-12,21:00:00,24.266,24.326,24.256,24.266,1099,0
2015-05-13,17:00:00,24.246,24.286,24.246,24.266,4345,0
2015-05-13,18:00:00,24.326,24.326,24.326,24.326,140,0
2015-05-14,19:00:00,24.266,24.326,24.266,24.326,710,0
2015-05-14,22:00:00,24.256,24.256,24.256,24.256,100,0
2015-05-15,16:00:00,24.315,24.315,24.315,24.315,367,0
2015-05-15,21:00:00,24.246,24.246,24.246,24.246,100,0
2015-05-18,16:00:00,24.278,24.278,24.278,24.278,255,0
2015-05-18,21:00:00,24.246,24.246,24.246,24.246,100,0
2015-05-19,17:00:00,24.309,24.309,24.309,24.309,130,0
2015-05-19,20:00:00,24.246,24.246,24.246,24.246,1403,0
2015-05-19,21:00:00,24.246,24.246,24.246,24.246,100,0
2015-05-19,22:00:00,24.261,24.261,24.261,24.261,117,0
2015-05-20,16:00:00,24.282,24.282,24.282,24.282,428,0
2015-05-20,20:00:00,24.246,24.246,24.216,24.217,15269,0
2015-05-20,22:00:00,24.216,24.216,24.216,24.216,702,0
2015-05-21,16:00:00,24.236,24.236,24.236,24.236,181,0
2015-05-21,19:00:00,24.246,24.246,24.216,24.216,351,0
2015-05-26,17:00:00,24.206,24.206,24.206,24.206,100,0
2015-05-26,18:00:00,24.276,24.276,24.276,24.276,100,0
2015-05-28,16:00:00,24.296,24.296,24.296,24.296,3007,0
2015-05-28,17:00:00,24.336,24.416,24.336,24.416,928,0
2015-05-28,18:00:00,24.33,24.33,24.33,24.33,438,0
2015-05-28,21:00:00,24.316,24.316,24.316,24.316,902,0
2015-05-29,20:00:00,24.326,24.326,24.316,24.316,1342,0
2015-06-01,17:00:00,24.345,24.345,24.345,24.345,189,0
2015-06-01,20:00:00,24.326,24.33,24.326,24.33,2103,0
2015-06-02,17:00:00,24.316,24.316,24.316,24.316,100,0
2015-06-02,19:00:00,24.294,24.294,24.294,24.294,400,0
2015-06-03,16:00:00,24.295,24.295,24.295,24.295,1002,0
2015-06-03,19:00:00,24.316,24.316,24.316,24.316,162,0
2015-06-03,22:00:00,24.23,24.296,24.23,24.296,1406,0
2015-06-05,18:00:00,24.266,24.266,24.266,24.266,100,0
2015-06-08,16:00:00,24.226,24.226,24.226,24.226,738,0
2015-06-08,17:00:00,24.306,24.306,24.286,24.286,300,0
2015-06-08,18:00:00,24.316,24.316,24.286,24.286,802,0
2015-06-08,19:00:00,24.276,24.276,24.246,24.256,5145,0
2015-06-09,22:00:00,24.266,24.296,24.266,24.286,700,0
2015-06-10,16:00:00,24.216,24.216,24.216,24.216,193,0
2015-06-10,18:00:00,24.316,24.316,24.316,24.316,1308,0
2015-06-12,20:00:00,24.356,24.356,24.356,24.356,157,0
2015-06-15,21:00:00,24.346,24.346,24.346,24.346,513,0
2015-06-15,22:00:00,24.346,24.346,24.346,24.346,497,0
2015-06-16,19:00:00,24.31,24.31,24.31,24.31,385,0
2015-06-16,21:00:00,24.256,24.256,24.256,24.256,225,0
2015-06-16,22:00:00,24.256,24.256,24.256,24.256,500,0
2015-06-17,18:00:00,24.346,24.346,24.346,24.346,200,0
2015-06-17,21:00:00,24.346,24.346,24.246,24.302,762,0
2015-06-19,17:00:00,24.306,24.306,24.306,24.306,1002,0
2015-06-22,16:00:00,24.296,24.301,24.286,24.286,1710,0
2015-06-23,22:00:00,24.286,24.305,24.286,24.296,1202,0
2015-06-24,18:00:00,24.306,24.306,24.306,24.306,400,0
2015-06-25,16:00:00,24.342,24.342,24.342,24.342,100,0
2015-06-26,18:00:00,24.296,24.296,24.296,24.296,1182,0
2015-06-30,22:00:00,24.353,24.353,24.353,24.353,1002,0
2015-07-01,17:00:00,24.345,24.345,24.313,24.313,2257,0
2015-07-01,19:00:00,24.313,24.313,24.313,24.313,305,0
2015-07-06,16:00:00,24.423,24.423,24.413,24.422,1035,0
2015-07-06,17:00:00,24.325,24.325,24.325,24.325,540,0
2015-07-06,22:00:00,24.323,24.423,24.323,24.423,1527,0
2015-07-07,19:00:00,24.343,24.353,24.343,24.343,1601,0
2015-07-08,19:00:00,24.373,24.373,24.373,24.373,1001,0
2015-07-09,21:00:00,24.363,24.363,24.363,24.363,100,0
2015-07-14,19:00:00,24.453,24.453,24.453,24.453,100,0
2015-07-14,21:00:00,24.452,24.453,24.452,24.453,775,0
2015-07-15,17:00:00,24.343,24.353,24.343,24.348,2602,0
2015-07-15,20:00:00,24.334,24.335,24.333,24.333,1001,0
2015-07-15,21:00:00,24.334,24.335,24.334,24.335,200,0
2015-07-16,16:00:00,24.313,24.313,24.313,24.313,122,0
2015-07-16,20:00:00,24.323,24.323,24.323,24.323,772,0
2015-07-17,19:00:00,24.323,24.323,24.323,24.323,196,0
2015-07-20,21:00:00,24.343,24.363,24.343,24.363,600,0
2015-07-21,17:00:00,24.343,24.343,24.343,24.343,100,0
2015-07-21,22:00:00,24.378,24.378,24.378,24.378,450,0
2015-07-22,18:00:00,24.383,24.383,24.343,24.343,2001,0
2015-07-24,17:00:00,24.353,24.353,24.353,24.353,100,0
2015-07-27,21:00:00,24.373,24.373,24.373,24.373,100,0
2015-07-28,16:00:00,24.353,24.353,24.353,24.353,276,0
2015-07-28,21:00:00,24.403,24.403,24.353,24.403,400,0
2015-07-29,21:00:00,24.363,24.385,24.363,24.385,486,0
2015-07-30,21:00:00,24.363,24.363,24.363,24.363,1300,0
2015-07-30,22:00:00,24.385,24.385,24.363,24.363,800,0
2015-08-03,21:00:00,24.39,24.39,24.38,24.38,500,0
2015-08-04,19:00:00,24.459,24.47,24.459,24.47,426,0
2015-08-05,16:00:00,24.46,24.46,24.46,24.46,100,0
2015-08-05,18:00:00,24.4184,24.4184,24.4184,24.4184,356,0
2015-08-07,16:00:00,24.4,24.4,24.4,24.4,1269,0
2015-08-07,18:00:00,24.374,24.374,24.374,24.374,217,0
