Date,Time,Open,High,Low,Close,Volume,OpenInt
2015-01-13,16:00:00,23.8,23.82,23.78,23.78,3220,0
2015-01-13,17:00:00,23.79,23.81,23.74,23.8,7530,0
2015-01-13,18:00:00,23.8,23.81,23.75,23.78,7650,0
2015-01-13,19:00:00,23.75,23.75,23.71,23.73,5212,0
2015-01-13,20:00:00,23.76,23.76,23.64,23.64,3558,0
2015-01-13,21:00:00,23.65,23.65,23.6,23.64,6718,0
2015-01-13,22:00:00,23.62,23.71,23.62,23.69,17152,0
2015-01-14,16:00:00,23.34,23.39,23.33,23.37,137909,0
2015-01-14,17:00:00,23.38,23.42,23.34,23.4,43018,0
2015-01-14,18:00:00,23.4,23.4,23.34,23.36,21389,0
2015-01-14,19:00:00,23.35,23.35,23.3,23.33,15105,0
2015-01-14,20:00:00,23.33,23.44,23.33,23.35,49278,0
2015-01-14,21:00:00,23.37,23.46,23.36,23.42,20500,0
2015-01-14,22:00:00,23.47,23.49,23.46,23.47,5170,0
2015-01-15,16:00:00,23.47,23.47,23.33,23.33,13296,0
2015-01-15,17:00:00,23.32,23.4,23.3,23.3,138850,0
2015-01-15,18:00:00,23.34,23.34,23.28,23.28,4621,0
2015-01-15,19:00:00,23.27,23.28,23.13,23.22,11100,0
2015-01-15,20:00:00,23.2,23.23,23.16,23.16,8082,0
2015-01-15,21:00:00,23.16,23.22,23.16,23.2,12957,0
2015-01-15,22:00:00,23.21,23.21,23.04,23.06,16477,0
2015-01-16,16:00:00,23.15,23.19,23.14,23.14,66711,0
2015-01-16,17:00:00,23.18,23.38,23.15,23.3,11990,0
2015-01-16,18:00:00,23.34,23.34,23.25,23.27,3430,0
2015-01-16,19:00:00,23.29,23.41,23.28,23.4,6939,0
2015-01-16,20:00:00,23.36,23.37,23.32,23.32,12122,0
2015-01-16,21:00:00,23.34,23.38,23.32,23.38,16159,0
2015-01-16,22:00:00,23.36,23.41,23.35,23.41,19850,0
2015-01-20,16:00:00,23.34,23.34,23.23,23.23,33843,0
2015-01-20,17:00:00,23.24,23.29,23.18,23.2,25603,0
2015-01-20,18:00:00,23.17,23.22,23.17,23.2,7827,0
2015-01-20,19:00:00,23.24,23.26,23.22,23.25,10913,0
2015-01-20,20:00:00,23.25,23.28,23.24,23.26,6560,0
2015-01-20,21:00:00,23.26,23.34,23.26,23.34,3840,0
2015-01-20,22:00:00,23.33,23.36,23.28,23.28,10838,0
2015-01-21,16:00:00,23.3,23.3,23.3,23.3,1290,0
2015-01-21,17:00:00,23.31,23.31,23.2,23.28,16805,0
2015-01-21,18:00:00,23.31,23.5,23.31,23.5,8324,0
2015-01-21,19:00:00,23.5,23.5,23.46,23.46,3860,0
2015-01-21,20:00:00,23.51,23.52,23.41,23.41,10300,0
2015-01-21,21:00:00,23.41,23.44,23.41,23.44,500,0
2015-01-21,22:00:00,23.52,23.54,23.5,23.52,10576,0
2015-01-22,16:00:00,23.43,23.57,23.4,23.53,9878,0
2015-01-22,17:00:00,23.54,23.62,23.52,23.52,22521,0
2015-01-22,18:00:00,23.57,23.61,23.52,23.56,7842,0
2015-01-22,19:00:00,23.58,23.64,23.56,23.64,19151,0
2015-01-22,20:00:00,23.64,23.69,23.6,23.68,4211,0
2015-01-22,21:00:00,23.67,23.69,23.64,23.65,9854,0
2015-01-22,22:00:00,23.66,23.66,23.62,23.63,7788,0
2015-01-23,16:00:00,23.41,23.42,23.39,23.39,18975,0
2015-01-23,17:00:00,23.41,23.43,23.31,23.35,3785,0
2015-01-23,18:00:00,23.37,23.4,23.35,23.38,11363,0
2015-01-23,19:00:00,23.39,23.39,23.39,23.39,2855,0
2015-01-23,20:00:00,23.38,23.42,23.38,23.41,4646,0
2015-01-23,21:00:00,23.41,23.41,23.38,23.38,11484,0
2015-01-23,22:00:00,23.34,23.34,23.3,23.31,7160,0
2015-01-26,16:00:00,23.35,23.35,23.33,23.33,2350,0
2015-01-26,17:00:00,23.35,23.46,23.35,23.46,1932,0
2015-01-26,18:00:00,23.45,23.45,23.4,23.42,51230,0
2015-01-26,19:00:00,23.4,23.4,23.37,23.37,770,0
2015-01-26,20:00:00,23.35,23.37,23.35,23.37,12315,0
2015-01-26,21:00:00,23.37,23.45,23.37,23.45,31629,0
2015-01-26,22:00:00,23.42,23.42,23.39,23.42,1355,0
2015-01-27,16:00:00,23.16,23.16,23.14,23.15,14039,0
2015-01-27,17:00:00,23.18,23.22,23.15,23.15,6795,0
2015-01-27,18:00:00,23.15,23.23,23.15,23.22,9736,0
2015-01-27,19:00:00,23.21,23.28,23.21,23.28,925,0
2015-01-27,20:00:00,23.29,23.33,23.29,23.32,14800,0
2015-01-27,21:00:00,23.35,23.39,23.35,23.39,308,0
2015-01-27,22:00:00,23.41,23.41,23.34,23.36,3881,0
2015-01-28,16:00:00,23.3,23.33,23.28,23.31,9664,0
2015-01-28,17:00:00,23.29,23.29,23.29,23.29,1500,0
2015-01-28,18:00:00,23.25,23.3,23.25,23.3,4000,0
2015-01-28,19:00:00,23.3,23.3,23.28,23.28,600,0
2015-01-28,20:00:00,23.22,23.22,23.22,23.22,2180,0
2015-01-28,21:00:00,23.19,23.2,23.01,23.01,19471,0
2015-01-28,22:00:00,23.02,23.02,22.95,23.02,255581,0
2015-01-29,16:00:00,23.14,23.16,23.09,23.1,9160,0
2015-01-29,17:00:00,23.11,23.13,23.07,23.13,14341,0
2015-01-29,18:00:00,23.13,23.14,23.09,23.12,10650,0
2015-01-29,19:00:00,23.11,23.15,23.11,23.15,5036,0
2015-01-29,20:00:00,23.13,23.22,23.1,23.22,8540,0
2015-01-29,21:00:00,23.2,23.2,23.1,23.11,9259,0
2015-01-29,22:00:00,23.12,23.17,23.12,23.14,21026,0
2015-01-30,16:00:00,22.85,22.88,22.82,22.85,6650,0
2015-01-30,17:00:00,22.86,22.86,22.82,22.85,7365,0
2015-01-30,18:00:00,22.86,22.87,22.78,22.78,13105,0
2015-01-30,19:00:00,22.8,22.83,22.79,22.79,5014,0
2015-01-30,20:00:00,22.79,22.8,22.79,22.8,2500,0
2015-01-30,21:00:00,22.88,22.95,22.84,22.84,13363,0
2015-01-30,22:00:00,22.84,22.86,22.73,22.73,12800,0
2015-02-02,16:00:00,22.89,22.92,22.87,22.89,24255,0
2015-02-02,17:00:00,22.86,22.87,22.78,22.86,35006,0
2015-02-02,18:00:00,22.88,22.89,22.84,22.89,12143,0
2015-02-02,19:00:00,22.89,22.89,22.79,22.79,9100,0
2015-02-02,20:00:00,22.78,22.8,22.78,22.78,6327,0
2015-02-02,21:00:00,22.78,22.79,22.77,22.77,14218,0
2015-02-02,22:00:00,22.79,22.84,22.79,22.82,262523,0
2015-02-03,16:00:00,23.03,23.06,23.01,23.05,10139,0
2015-02-03,17:00:00,23.06,23.08,23.06,23.06,11400,0
2015-02-03,18:00:00,23.02,23.1,23.02,23.05,3544,0
2015-02-03,19:00:00,23.09,23.09,23.06,23.06,16036,0
2015-02-03,20:00:00,23.11,23.18,23.11,23.18,12030,0
2015-02-03,21:00:00,23.19,23.2,23.14,23.2,17496,0
2015-02-03,22:00:00,23.18,23.19,23.17,23.19,7336,0
2015-02-04,16:00:00,23.32,23.37,23.28,23.29,8426,0
2015-02-04,17:00:00,23.32,23.36,23.3,23.32,12557,0
2015-02-04,18:00:00,23.3,23.35,23.3,23.33,16400,0
2015-02-04,19:00:00,23.35,23.37,23.26,23.31,38055,0
2015-02-04,20:00:00,23.31,23.33,23.28,23.28,6461,0
2015-02-04,21:00:00,23.28,23.28,23.18,23.22,15700,0
2015-02-04,22:00:00,23.21,23.25,23.08,23.1,3760,0
2015-02-05,16:00:00,23.21,23.27,23.19,23.26,3000,0
2015-02-05,17:00:00,23.26,23.3,23.25,23.29,4300,0
2015-02-05,18:00:00,23.27,23.3,23.26,23.28,5267,0
2015-02-05,19:00:00,23.26,23.26,23.19,23.21,7230,0
2015-02-05,20:00:00,23.23,23.29,23.22,23.24,5400,0
2015-02-05,21:00:00,23.25,23.28,23.21,23.28,4600,0
2015-02-05,22:00:00,23.29,23.3,23.26,23.27,7697,0
2015-02-06,16:00:00,23.61,23.62,23.55,23.6,23036,0
2015-02-06,17:00:00,23.62,23.75,23.62,23.75,50330,0
2015-02-06,18:00:00,23.79,23.79,23.7,23.72,25382,0
2015-02-06,19:00:00,23.7,23.77,23.69,23.75,3275,0
2015-02-06,20:00:00,23.78,23.78,23.7,23.76,3300,0
2015-02-06,21:00:00,23.77,23.77,23.73,23.76,14232,0
2015-02-06,22:00:00,23.78,23.81,23.75,23.81,22224,0
2015-02-09,16:00:00,23.69,23.7,23.67,23.67,2200,0
2015-02-09,17:00:00,23.74,23.74,23.74,23.74,400,0
2015-02-09,18:00:00,23.71,23.76,23.71,23.76,5286,0
2015-02-09,19:00:00,23.76,23.76,23.76,23.76,3900,0
2015-02-09,20:00:00,23.75,23.75,23.72,23.72,5605,0
2015-02-09,21:00:00,23.73,23.8,23.73,23.8,12196,0
2015-02-09,22:00:00,23.77,23.81,23.76,23.81,4100,0
2015-02-10,16:00:00,23.9,23.94,23.84,23.84,19698,0
2015-02-10,17:00:00,23.89,23.91,23.86,23.86,2239,0
2015-02-10,18:00:00,23.88,23.93,23.88,23.9,2860,0
2015-02-10,19:00:00,23.93,23.97,23.93,23.95,7259,0
2015-02-10,20:00:00,23.9,23.91,23.88,23.89,6272,0
2015-02-10,21:00:00,23.89,23.91,23.86,23.91,946,0
2015-02-10,22:00:00,23.93,23.97,23.93,23.94,11445,0
2015-02-11,16:00:00,23.96,23.96,23.93,23.93,2550,0
2015-02-11,17:00:00,23.95,24.0,23.94,24.0,2200,0
2015-02-11,18:00:00,24.0,24.03,24.0,24.01,1900,0
2015-02-11,19:00:00,24.02,24.03,24.0,24.01,20600,0
2015-02-11,20:00:00,23.92,23.92,23.86,23.86,20610,0
2015-02-11,21:00:00,23.91,23.91,23.87,23.88,1400,0
2015-02-11,22:00:00,23.93,23.97,23.93,23.96,2422,0
2015-02-12,16:00:00,23.92,23.93,23.89,23.9,11300,0
2015-02-12,17:00:00,23.88,23.93,23.88,23.91,5325,0
2015-02-12,18:00:00,23.88,23.88,23.88,23.88,4000,0
2015-02-12,19:00:00,23.86,23.86,23.83,23.86,14955,0
2015-02-12,20:00:00,23.89,23.95,23.89,23.95,14269,0
2015-02-12,21:00:00,23.93,23.93,23.93,23.93,2334,0
2015-02-12,22:00:00,23.9,23.96,23.9,23.94,5777,0
2015-02-13,16:00:00,23.96,24.02,23.94,24.02,22519,0
2015-02-13,17:00:00,24.0,24.04,23.98,24.02,17900,0
2015-02-13,18:00:00,24.0,24.02,24.0,24.02,500,0
2015-02-13,19:00:00,23.99,24.02,23.99,24.01,6731,0
2015-02-13,20:00:00,24.02,24.02,23.99,23.99,1108,0
2015-02-13,21:00:00,23.98,24.02,23.98,24.02,3203,0
2015-02-13,22:00:00,24.01,24.08,24.01,24.08,7048,0
2015-02-17,16:00:00,24.13,24.13,24.09,24.09,7212,0
2015-02-17,17:00:00,24.13,24.27,24.13,24.25,19843,0
2015-02-17,18:00:00,24.25,24.32,24.25,24.29,5477,0
2015-02-17,19:00:00,24.32,24.4,24.31,24.4,14660,0
2015-02-17,20:00:00,24.4,24.5,24.4,24.4,35808,0
2015-02-17,21:00:00,24.39,24.47,24.36,24.47,7510,0
2015-02-17,22:00:00,24.48,24.48,24.43,24.44,22518,0
2015-02-18,16:00:00,24.4,24.44,24.36,24.42,28694,0
2015-02-18,17:00:00,24.4,24.41,24.34,24.34,4395,0
2015-02-18,18:00:00,24.38,24.4,24.36,24.38,1100,0
2015-02-18,19:00:00,24.4,24.42,24.4,24.4,4700,0
2015-02-18,20:00:00,24.4,24.4,24.4,24.4,1100,0
2015-02-18,21:00:00,24.33,24.33,24.05,24.1,17523,0
2015-02-18,22:00:00,24.17,24.24,24.12,24.24,26628,0
2015-02-19,16:00:00,24.25,24.25,24.19,24.19,13000,0
2015-02-19,17:00:00,24.17,24.2,24.14,24.14,35501,0
2015-02-19,18:00:00,24.21,24.22,24.2,24.22,3223,0
2015-02-19,19:00:00,24.19,24.3,24.19,24.3,18800,0
2015-02-19,20:00:00,24.25,24.36,24.25,24.35,9074,0
2015-02-19,21:00:00,24.3,24.32,24.3,24.32,2080,0
2015-02-19,22:00:00,24.34,24.34,24.29,24.33,9000,0
2015-02-20,16:00:00,24.13,24.13,24.06,24.08,16725,0
2015-02-20,17:00:00,24.08,24.15,24.04,24.15,10471,0
2015-02-20,18:00:00,24.12,24.12,24.11,24.11,5000,0
2015-02-20,19:00:00,24.12,24.13,24.1,24.11,15278,0
2015-02-20,20:00:00,24.11,24.25,24.11,24.25,79953,0
2015-02-20,21:00:00,24.29,24.43,24.25,24.43,34523,0
2015-02-20,22:00:00,24.35,24.39,24.34,24.34,3300,0
2015-02-23,16:00:00,24.21,24.22,24.18,24.18,5872,0
2015-02-23,17:00:00,24.16,24.17,24.12,24.13,10546,0
2015-02-23,18:00:00,24.19,24.19,24.16,24.16,2600,0
2015-02-23,19:00:00,24.16,24.17,24.11,24.12,1200,0
2015-02-23,20:00:00,24.13,24.17,24.13,24.17,3065,0
2015-02-23,21:00:00,24.14,24.16,24.1,24.1,1981,0
2015-02-23,22:00:00,24.09,24.12,24.09,24.1,12800,0
2015-02-24,16:00:00,24.15,24.18,24.15,24.15,2654,0
2015-02-24,17:00:00,24.15,24.23,23.96,24.04,27610,0
2015-02-24,18:00:00,24.02,24.02,23.99,24.02,25100,0
2015-02-24,19:00:00,23.99,23.99,23.87,23.87,23305,0
2015-02-24,20:00:00,23.87,23.87,23.79,23.83,11801,0
2015-02-24,21:00:00,23.81,23.81,23.79,23.8,2400,0
2015-02-24,22:00:00,23.84,23.84,23.77,23.77,16811,0
2015-02-25,16:00:00,23.8,23.84,23.78,23.84,9200,0
2015-02-25,17:00:00,23.81,23.83,23.75,23.76,5525,0
2015-02-25,18:00:00,23.76,23.85,23.76,23.81,6630,0
2015-02-25,19:00:00,23.83,23.86,23.81,23.81,9003,0
2015-02-25,20:00:00,23.8,23.85,23.73,23.73,5170,0
2015-02-25,21:00:00,23.74,23.76,23.74,23.76,8000,0
2015-02-25,22:00:00,23.75,23.76,23.7,23.74,12877,0
2015-02-26,16:00:00,23.84,23.85,23.81,23.81,4100,0
2015-02-26,17:00:00,23.8,23.8,23.78,23.8,2092,0
2015-02-26,18:00:00,23.85,23.87,23.8,23.81,5835,0
2015-02-26,19:00:00,23.83,23.85,23.81,23.85,14953,0
2015-02-26,20:00:00,23.89,23.92,23.87,23.87,5000,0
2015-02-26,21:00:00,23.93,23.93,23.92,23.92,2800,0
2015-02-26,22:00:00,23.99,24.03,23.99,24.02,3608,0
2015-02-27,16:00:00,23.95,23.96,23.85,23.93,22552,0
2015-02-27,17:00:00,23.93,24.04,23.89,23.9,12558,0
2015-02-27,18:00:00,23.92,23.92,23.9,23.9,6250,0
2015-02-27,19:00:00,23.9,23.91,23.9,23.91,2500,0
2015-02-27,20:00:00,23.91,23.95,23.91,23.91,1500,0
2015-02-27,21:00:00,23.88,23.89,23.88,23.88,14300,0
2015-02-27,22:00:00,23.88,23.88,23.84,23.87,77895,0
2015-03-02,16:00:00,23.87,23.96,23.87,23.95,700,0
2015-03-02,17:00:00,24,24.09,24,24.09,9500,0
2015-03-02,18:00:00,24.08,24.13,24.08,24.11,10864,0
2015-03-02,19:00:00,24.1,24.1,24.1,24.1,300,0
2015-03-02,20:00:00,24.13,24.13,24.1,24.1,4500,0
2015-03-02,21:00:00,24.11,24.15,24.11,24.15,1699,0
2015-03-02,22:00:00,24.16,24.2,24.16,24.2,6400,0
2015-03-03,16:00:00,24.22,24.22,24.18,24.1827,3780,0
2015-03-03,17:00:00,24.17,24.25,24.16,24.25,58022,0
2015-03-03,18:00:00,24.22,24.22,24.182,24.182,5961,0
2015-03-03,19:00:00,24.2044,24.23,24.184,24.23,2379,0
2015-03-03,20:00:00,24.25,24.25,24.2,24.2055,4430,0
2015-03-03,21:00:00,24.2713,24.31,24.2713,24.31,33400,0
2015-03-03,22:00:00,24.303,24.31,24.2801,24.3,17549,0
2015-03-04,16:00:00,24.24,24.24,24.195,24.23,13048,0
2015-03-04,17:00:00,24.29,24.3001,24.29,24.295,5182,0
2015-03-04,18:00:00,24.2801,24.3099,24.2801,24.3,3600,0
2015-03-04,19:00:00,24.31,24.319,24.3,24.3,2900,0
2015-03-04,20:00:00,24.2907,24.3017,24.29,24.29,1518,0
2015-03-04,21:00:00,24.3,24.3,24.3,24.3,300,0
2015-03-04,22:00:00,24.2719,24.2719,24.2719,24.2719,100,0
2015-03-05,16:00:00,24.28,24.28,24.19,24.2,6608,0
2015-03-05,17:00:00,24.2068,24.32,24.2,24.3198,5344,0
2015-03-05,18:00:00,24.321,24.321,24.2701,24.2701,2850,0
2015-03-05,19:00:00,24.24,24.27,24.24,24.27,300,0
2015-03-05,20:00:00,24.27,24.29,24.26,24.289,216959,0
2015-03-05,21:00:00,24.23,24.23,24.23,24.23,2500,0
2015-03-05,22:00:00,24.219,24.219,24.2,24.2,3305,0
2015-03-06,16:00:00,24.62,24.64,24.57,24.62,41071,0
2015-03-06,17:00:00,24.65,24.74,24.65,24.68,43182,0
2015-03-06,18:00:00,24.69,24.722,24.6891,24.72,18148,0
2015-03-06,19:00:00,24.71,24.75,24.7,24.75,4518,0
2015-03-06,20:00:00,24.7316,24.751,24.68,24.68,12638,0
2015-03-06,21:00:00,24.73,24.74,24.7081,24.71,5118,0
2015-03-06,22:00:00,24.711,24.729,24.6984,24.7175,1725,0
2015-03-09,15:00:00,24.57,24.59,24.54,24.575,32180,0
2015-03-09,16:00:00,24.5899,24.5899,24.54,24.55,33000,0
2015-03-09,17:00:00,24.53,24.62,24.5299,24.5885,23104,0
2015-03-09,18:00:00,24.57,24.61,24.57,24.59,22865,0
2015-03-09,19:00:00,24.58,24.6,24.55,24.55,18220,0
2015-03-09,20:00:00,24.5599,24.56,24.53,24.55,16376,0
2015-03-09,21:00:00,24.53,24.55,24.5086,24.53,40947,0
2015-03-10,15:00:00,24.31,24.31,24.23,24.24,22803,0
2015-03-10,16:00:00,24.268,24.315,24.268,24.285,10700,0
2015-03-10,17:00:00,24.29,24.35,24.29,24.3,4045,0
2015-03-10,18:00:00,24.3,24.31,24.29,24.31,2637,0
2015-03-10,19:00:00,24.29,24.2911,24.26,24.275,6633,0
2015-03-10,20:00:00,24.27,24.31,24.2601,24.27,5373,0
2015-03-10,21:00:00,24.28,24.29,24.27,24.28,4310,0
2015-03-11,15:00:00,24.29,24.33,24.28,24.28,9819,0
2015-03-11,16:00:00,24.285,24.285,24.26,24.26,1600,0
2015-03-11,17:00:00,24.3,24.3,24.29,24.29,2040,0
2015-03-11,18:00:00,24.29,24.3,24.29,24.3,1000,0
2015-03-11,19:00:00,24.29,24.29,24.2,24.21,3752,0
2015-03-11,20:00:00,24.1936,24.2099,24.18,24.2,6173,0
2015-03-11,21:00:00,24.212,24.212,24.19,24.19,8518,0
2015-03-12,15:00:00,24.03,24.1,24,24.07,28841,0
2015-03-12,16:00:00,24.08,24.13,24.06,24.06,32350,0
2015-03-12,17:00:00,24.04,24.09,24.04,24.0899,19344,0
2015-03-12,19:00:00,24.1,24.18,24.1,24.16,65924,0
2015-03-12,20:00:00,24.11,24.14,24.11,24.14,7000,0
2015-03-12,21:00:00,24.1301,24.2105,24.1301,24.18,1648,0
2015-03-13,15:00:00,24.26,24.26,24.2101,24.25,9230,0
2015-03-13,16:00:00,24.2,24.2,24.2,24.2,2000,0
2015-03-13,17:00:00,24.1695,24.1695,24.1,24.1012,7713,0
2015-03-13,18:00:00,24.1598,24.1598,24.1598,24.1598,750,0
2015-03-13,19:00:00,24.171,24.171,24.111,24.121,4120,0
2015-03-13,20:00:00,24.1801,24.1801,24.1801,24.1801,320,0
2015-03-13,21:00:00,24.18,24.23,24.18,24.23,2400,0
2015-03-16,15:00:00,24.04,24.04,24,24.03,2000,0
2015-03-16,16:00:00,24.03,24.03,23.98,24.03,1630,0
2015-03-16,17:00:00,24.0186,24.06,24.0101,24.033,5315,0
2015-03-16,18:00:00,24.04,24.067,24.04,24.067,800,0
2015-03-16,19:00:00,24.047,24.08,24.03,24.08,1786,0
2015-03-16,20:00:00,24.08,24.12,24.08,24.12,2356,0
2015-03-16,21:00:00,24.1,24.1,24.08,24.08,300,0
2015-03-17,15:00:00,24,24,23.98,23.99,600,0
2015-03-17,16:00:00,23.98,23.98,23.941,23.9717,11250,0
2015-03-17,17:00:00,23.96,23.9999,23.95,23.95,6500,0
2015-03-17,18:00:00,23.978,23.9785,23.9545,23.9785,1606,0
2015-03-17,19:00:00,23.97,23.98,23.967,23.967,3204,0
2015-03-17,20:00:00,23.98,23.99,23.97,23.978,12342,0
2015-03-17,21:00:00,23.971,23.9899,23.9595,23.96,3850,0
2015-03-18,15:00:00,23.86,23.88,23.8,23.88,12448,0
2015-03-18,16:00:00,23.8695,23.89,23.86,23.867,4168,0
2015-03-18,17:00:00,23.85,23.85,23.8201,23.84,3600,0
2015-03-18,18:00:00,23.862,23.8699,23.836,23.8699,12609,0
2015-03-18,19:00:00,23.8793,23.93,23.8793,23.93,4650,0
2015-03-18,20:00:00,23.7,23.7192,23.57,23.57,71691,0
2015-03-18,21:00:00,23.514,23.514,23.35,23.4172,8290,0
2015-03-19,15:00:00,23.48,23.5,23.46,23.46,64964,0
2015-03-19,16:00:00,23.47,23.516,23.46,23.516,29715,0
2015-03-19,17:00:00,23.51,23.53,23.48,23.512,2438,0
2015-03-19,18:00:00,23.6,23.67,23.58,23.67,27010,0
2015-03-19,19:00:00,23.6216,23.647,23.6216,23.647,8422,0
2015-03-19,20:00:00,23.6101,23.6101,23.6101,23.6101,500,0
2015-03-19,21:00:00,23.659,23.659,23.61,23.61,6108,0
2015-03-20,15:00:00,23.46,23.5,23.46,23.46,8265,0
2015-03-20,16:00:00,23.48,23.51,23.45,23.49,55679,0
2015-03-20,17:00:00,23.46,23.5,23.44,23.49,4130,0
2015-03-20,18:00:00,23.49,23.49,23.46,23.46,28920,0
2015-03-20,19:00:00,23.4624,23.4699,23.4501,23.46,1100,0
2015-03-20,20:00:00,23.47,23.47,23.46,23.465,2400,0
2015-03-20,21:00:00,23.4401,23.46,23.439,23.456,2367,0
2015-03-23,15:00:00,23.41,23.41,23.3897,23.4048,10375,0
2015-03-23,16:00:00,23.44,23.45,23.4152,23.45,7400,0
2015-03-23,17:00:00,23.4582,23.47,23.4258,23.4258,4700,0
2015-03-23,18:00:00,23.4,23.4,23.4,23.4,400,0
2015-03-23,19:00:00,23.3801,23.4,23.38,23.38,1337,0
2015-03-23,20:00:00,23.41,23.41,23.387,23.387,2225,0
2015-03-23,21:00:00,23.382,23.4,23.37,23.39,852,0
2015-03-24,15:00:00,23.4,23.4,23.36,23.36,1393,0
2015-03-24,16:00:00,23.37,23.38,23.34,23.38,16000,0
2015-03-24,17:00:00,23.38,23.4099,23.38,23.4099,1400,0
2015-03-24,18:00:00,23.4,23.4,23.3321,23.35,8332,0
2015-03-24,19:00:00,23.32,23.32,23.26,23.28,1600,0
2015-03-24,20:00:00,23.27,23.2783,23.2327,23.25,4975,0
2015-03-24,21:00:00,23.25,23.27,23.22,23.22,4600,0
2015-03-25,15:00:00,23.23,23.23,23.23,23.23,130,0
2015-03-25,16:00:00,23.26,23.28,23.26,23.28,6100,0
2015-03-25,17:00:00,23.2723,23.2723,23.2723,23.2723,2150,0
2015-03-25,18:00:00,23.27,23.29,23.27,23.29,9529,0
2015-03-25,19:00:00,23.29,23.369,23.27,23.369,2000,0
2015-03-25,21:00:00,23.3901,23.4098,23.3901,23.4098,2816,0
2015-03-26,15:00:00,23.47,23.57,23.47,23.57,51476,0
2015-03-26,16:00:00,23.57,23.6,23.56,23.6,26100,0
2015-03-26,17:00:00,23.6,23.62,23.55,23.6,20905,0
2015-03-26,18:00:00,23.59,23.6068,23.57,23.602,4345,0
2015-03-26,19:00:00,23.63,23.7,23.63,23.7,13978,0
2015-03-26,20:00:00,23.7,23.7,23.64,23.7,15324,0
2015-03-26,21:00:00,23.71,23.72,23.68,23.72,13367,0
2015-03-27,15:00:00,23.58,23.58,23.5,23.52,12200,0
2015-03-27,16:00:00,23.51,23.55,23.51,23.54,5700,0
2015-03-27,17:00:00,23.54,23.54,23.52,23.54,3100,0
2015-03-27,18:00:00,23.52,23.52,23.52,23.52,187,0
2015-03-27,19:00:00,23.5401,23.541,23.54,23.54,1900,0
2015-03-27,20:00:00,23.54,23.54,23.47,23.47,4783,0
2015-03-27,21:00:00,23.47,23.54,23.47,23.5,4191,0
2015-03-30,16:00:00,23.47,23.53,23.47,23.52,2649,0
2015-03-30,17:00:00,23.47,23.479,23.45,23.479,2276,0
2015-03-30,18:00:00,23.479,23.54,23.479,23.511,6454,0
2015-03-30,20:00:00,23.48,23.4931,23.48,23.4931,805,0
2015-03-30,21:00:00,23.4931,23.5355,23.4931,23.5199,457,0
2015-03-30,22:00:00,23.5199,23.5199,23.5,23.5015,3984,0
2015-03-31,16:00:00,23.46,23.46,23.45,23.45,328,0
2015-03-31,17:00:00,23.455,23.46,23.409,23.41,18472,0
2015-03-31,18:00:00,23.41,23.43,23.39,23.4,2821,0
2015-03-31,19:00:00,23.4,23.4202,23.39,23.39,1675,0
2015-03-31,20:00:00,23.39,23.39,23.3801,23.39,6028,0
2015-03-31,21:00:00,23.39,23.4099,23.38,23.4,1300,0
2015-03-31,22:00:00,23.3952,23.3952,23.3952,23.3952,443,0
2015-04-01,16:00:00,23.22,23.23,23.21,23.21,8455,0
2015-04-01,17:00:00,23.158,23.18,23.127,23.18,10927,0
2015-04-01,18:00:00,23.16,23.16,23.13,23.13,13051,0
2015-04-01,19:00:00,23.12,23.1408,23.11,23.1408,15154,0
2015-04-01,20:00:00,23.1408,23.1599,23.13,23.153,2528,0
2015-04-01,21:00:00,23.153,23.18,23.153,23.17,1332,0
2015-04-01,22:00:00,23.17,23.17,23.16,23.16,5263,0
2015-04-02,16:00:00,23.19,23.217,23.17,23.217,32525,0
2015-04-02,17:00:00,23.217,23.26,23.217,23.26,36692,0
2015-04-02,18:00:00,23.25,23.2899,23.24,23.28,67663,0
2015-04-02,19:00:00,23.27,23.27,23.25,23.259,5300,0
2015-04-02,20:00:00,23.25,23.25,23.24,23.24,200,0
2015-04-02,21:00:00,23.24,23.28,23.24,23.2757,2848,0
2015-04-02,22:00:00,23.2757,23.31,23.2757,23.3,419,0
2015-04-06,16:00:00,23.01,23.06,23.01,23.04,28226,0
2015-04-06,17:00:00,23.045,23.12,23.045,23.12,12448,0
2015-04-06,18:00:00,23.14,23.212,23.1399,23.212,2281,0
2015-04-06,19:00:00,23.2,23.26,23.2,23.26,2870,0
2015-04-06,20:00:00,23.26,23.26,23.227,23.227,9438,0
2015-04-06,21:00:00,23.227,23.249,23.22,23.24,3580,0
2015-04-06,22:00:00,23.241,23.241,23.2201,23.23,4283,0
2015-04-07,16:00:00,23.28,23.28,23.28,23.28,1657,0
2015-04-07,17:00:00,23.286,23.31,23.2824,23.31,3180,0
2015-04-07,18:00:00,23.3,23.3,23.3,23.3,487,0
2015-04-07,19:00:00,23.2799,23.2799,23.26,23.2799,2688,0
2015-04-07,20:00:00,23.28,23.28,23.25,23.25,23800,0
2015-04-07,21:00:00,23.23,23.23,23.21,23.21,3903,0
2015-04-07,22:00:00,23.2,23.2,23.163,23.2,7843,0
2015-04-08,16:00:00,23.19,23.21,23.19,23.21,735,0
2015-04-08,17:00:00,23.21,23.25,23.21,23.24,12638,0
2015-04-08,18:00:00,23.24,23.3,23.24,23.28,3860,0
2015-04-08,19:00:00,23.3,23.3,23.29,23.3,1900,0
2015-04-08,20:00:00,23.29,23.29,23.21,23.21,3044,0
2015-04-08,21:00:00,23.25,23.3,23.18,23.18,2776,0
2015-04-08,22:00:00,23.2,23.23,23.196,23.22,3023,0
2015-04-09,16:00:00,23.24,23.28,23.24,23.25,12285,0
2015-04-09,17:00:00,23.26,23.32,23.26,23.32,2800,0
2015-04-09,18:00:00,23.3001,23.31,23.274,23.31,3165,0
2015-04-09,19:00:00,23.322,23.33,23.322,23.33,300,0
2015-04-09,20:00:00,23.36,23.44,23.36,23.41,7900,0
2015-04-09,21:00:00,23.41,23.4497,23.41,23.435,1107,0
2015-04-09,22:00:00,23.424,23.44,23.41,23.41,6816,0
2015-04-10,16:00:00,23.304,23.335,23.304,23.33,1300,0
2015-04-10,17:00:00,23.34,23.39,23.32,23.379,7436,0
2015-04-10,18:00:00,23.39,23.41,23.35,23.37,4693,0
2015-04-10,19:00:00,23.38,23.41,23.361,23.41,4956,0
2015-04-10,20:00:00,23.39,23.41,23.3714,23.39,5161,0
2015-04-10,21:00:00,23.39,23.43,23.39,23.43,2310,0
2015-04-10,22:00:00,23.42,23.43,23.4001,23.43,7951,0
2015-04-13,16:00:00,23.39,23.4,23.34,23.34,12819,0
2015-04-13,17:00:00,23.34,23.35,23.34,23.342,4656,0
2015-04-13,18:00:00,23.41,23.41,23.3801,23.3801,1929,0
2015-04-13,19:00:00,23.3801,23.3801,23.36,23.38,3532,0
2015-04-13,20:00:00,23.3678,23.3678,23.34,23.35,2221,0
2015-04-13,21:00:00,23.35,23.35,23.35,23.35,78,0
2015-04-13,22:00:00,23.35,23.44,23.3,23.3001,3466,0
2015-04-14,16:00:00,23.07,23.13,23.0682,23.13,1650,0
2015-04-14,17:00:00,23.08,23.081,23.04,23.07,6202,0
2015-04-14,18:00:00,23.0499,23.0894,23.0499,23.068,2219,0
2015-04-14,19:00:00,23.11,23.11,23.11,23.11,100,0
2015-04-14,20:00:00,23.12,23.12,23.09,23.12,2047,0
2015-04-14,21:00:00,23.12,23.21,23.12,23.21,6315,0
2015-04-14,22:00:00,23.21,23.21,23.18,23.19,9341,0
2015-04-15,16:00:00,23.14,23.15,23.11,23.1399,40010,0
2015-04-15,17:00:00,23.1476,23.1476,23.12,23.12,1413,0
2015-04-15,18:00:00,23.12,23.12,23.1037,23.1037,771,0
2015-04-15,19:00:00,23.129,23.129,23.1,23.1,6835,0
2015-04-15,20:00:00,23.1,23.14,23.1,23.14,21265,0
2015-04-15,21:00:00,23.15,23.18,23.15,23.18,4205,0
2015-04-15,22:00:00,23.17,23.1799,23.15,23.15,3039,0
2015-04-16,16:00:00,23.14,23.14,23.12,23.12,700,0
2015-04-16,17:00:00,23.14,23.23,23.14,23.222,19123,0
2015-04-16,18:00:00,23.222,23.2478,23.22,23.2401,984,0
2015-04-16,19:00:00,23.2301,23.2301,23.2083,23.2083,9119,0
2015-04-16,20:00:00,23.18,23.18,23.15,23.15,434,0
2015-04-16,21:00:00,23.13,23.13,23.13,23.13,1100,0
2015-04-16,22:00:00,23.13,23.13,23.1198,23.1198,368,0
2015-04-17,16:00:00,23.19,23.1999,23.12,23.132,4490,0
2015-04-17,17:00:00,23.15,23.18,23.0905,23.18,7446,0
2015-04-17,18:00:00,23.1672,23.19,23.13,23.13,4674,0
2015-04-17,19:00:00,23.116,23.116,23.1,23.1,3140,0
2015-04-17,20:00:00,23.07,23.09,23.0636,23.09,540,0
2015-04-17,21:00:00,23.03,23.03,22.98,22.99,8547,0
2015-04-17,22:00:00,22.98,23.0301,22.98,23.03,2830,0
2015-04-20,16:00:00,23.06,23.06,23.03,23.0555,1162,0
2015-04-20,17:00:00,23.06,23.12,23.04,23.11,38250,0
2015-04-20,18:00:00,23.1,23.1,23.08,23.092,5187,0
2015-04-20,19:00:00,23.0901,23.15,23.0901,23.15,13100,0
2015-04-20,20:00:00,23.18,23.18,23.164,23.164,1350,0
2015-04-20,21:00:00,23.1601,23.17,23.15,23.1578,1317,0
2015-04-20,22:00:00,23.111,23.12,23.11,23.12,2225,0
2015-04-21,16:00:00,23.19,23.19,23.15,23.18,10553,0
2015-04-21,17:00:00,23.21,23.21,23.17,23.18,5567,0
2015-04-21,18:00:00,23.21,23.21,23.16,23.16,2414,0
2015-04-21,19:00:00,23.16,23.19,23.1519,23.19,804,0
2015-04-21,20:00:00,23.1881,23.2145,23.1881,23.201,1787,0
2015-04-21,21:00:00,23.2,23.2101,23.2,23.2001,412,0
2015-04-21,22:00:00,23.2002,23.2002,23.1901,23.1901,300,0
2015-04-22,16:00:00,23.22,23.29,23.22,23.2706,8168,0
2015-04-22,17:00:00,23.3,23.39,23.3,23.3803,14997,0
2015-04-22,18:00:00,23.38,23.41,23.3601,23.41,14825,0
2015-04-22,19:00:00,23.4099,23.42,23.3999,23.4,1200,0
2015-04-22,20:00:00,23.4136,23.4136,23.4082,23.4082,3175,0
2015-04-22,21:00:00,23.4283,23.4283,23.41,23.41,1700,0
2015-04-22,22:00:00,23.4213,23.4824,23.42,23.48,2900,0
2015-04-23,16:00:00,23.46,23.46,23.44,23.44,5716,0
2015-04-23,17:00:00,23.4,23.44,23.4,23.44,5800,0
2015-04-23,18:00:00,23.39,23.39,23.36,23.39,1025,0
2015-04-23,19:00:00,23.41,23.41,23.39,23.39,1966,0
2015-04-23,20:00:00,23.34,23.34,23.34,23.34,600,0
2015-04-23,22:00:00,23.3,23.33,23.3,23.33,1505,0
2015-04-24,16:00:00,23.27,23.27,23.2,23.2145,9476,0
2015-04-24,17:00:00,23.2,23.2,23.1852,23.1852,3425,0
2015-04-24,18:00:00,23.1664,23.21,23.1664,23.21,22647,0
2015-04-24,19:00:00,23.237,23.237,23.237,23.237,500,0
2015-04-24,20:00:00,23.26,23.26,23.23,23.23,800,0
2015-04-24,21:00:00,23.1901,23.1901,23.1901,23.1901,133,0
2015-04-24,22:00:00,23.19,23.19,23.17,23.17,423,0
2015-04-27,16:00:00,23.2,23.31,23.2,23.31,5831,0
2015-04-27,17:00:00,23.2999,23.3,23.283,23.283,2400,0
2015-04-27,18:00:00,23.277,23.277,23.25,23.25,4626,0
2015-04-27,19:00:00,23.25,23.25,23.24,23.24,600,0
2015-04-27,20:00:00,23.1902,23.217,23.1901,23.217,2726,0
2015-04-27,21:00:00,23.2,23.2,23.2,23.2,11700,0
2015-04-27,22:00:00,23.23,23.23,23.23,23.23,100,0
2015-04-28,16:00:00,23.32,23.3349,23.31,23.32,4889,0
2015-04-28,17:00:00,23.3,23.321,23.26,23.32,21350,0
2015-04-28,18:00:00,23.32,23.3673,23.32,23.36,27076,0
2015-04-28,19:00:00,23.34,23.38,23.34,23.38,1900,0
2015-04-28,20:00:00,23.38,23.417,23.37,23.41,12900,0
2015-04-28,21:00:00,23.45,23.4556,23.41,23.41,14632,0
2015-04-28,22:00:00,23.4,23.468,23.4,23.45,6141,0
2015-04-29,16:00:00,23.69,23.69,23.6001,23.645,47245,0
2015-04-29,17:00:00,23.65,23.71,23.59,23.7,34528,0
2015-04-29,18:00:00,23.7001,23.72,23.6745,23.6875,14474,0
2015-04-29,19:00:00,23.69,23.74,23.68,23.7399,3050,0
2015-04-29,20:00:00,23.69,23.69,23.6311,23.66,12787,0
2015-04-29,21:00:00,23.67,23.67,23.58,23.6,14136,0
2015-04-29,22:00:00,23.62,23.653,23.62,23.63,4000,0
2015-04-30,16:00:00,23.83,23.869,23.75,23.85,32120,0
2015-04-30,17:00:00,23.8086,23.8785,23.8001,23.8785,7792,0
2015-04-30,18:00:00,23.8647,23.8647,23.8,23.802,83776,0
2015-04-30,19:00:00,23.837,23.837,23.79,23.79,5847,0
2015-04-30,20:00:00,23.7819,23.7819,23.75,23.7599,3900,0
2015-04-30,21:00:00,23.7599,23.7599,23.64,23.64,10368,0
2015-04-30,22:00:00,23.61,23.63,23.61,23.63,8298,0
2015-05-01,16:00:00,23.77,23.795,23.77,23.78,25100,0
2015-05-01,17:00:00,23.74,23.89,23.74,23.84,64198,0
2015-05-01,18:00:00,23.8401,23.9,23.8401,23.8699,4933,0
2015-05-01,19:00:00,23.86,23.912,23.85,23.912,1900,0
2015-05-01,20:00:00,23.91,23.9299,23.89,23.899,6257,0
2015-05-01,21:00:00,23.879,23.9,23.8702,23.9,7680,0
2015-05-01,22:00:00,23.88,23.9,23.88,23.89,6744,0
2015-05-04,16:00:00,23.88,23.88,23.8,23.85,10306,0
2015-05-04,17:00:00,23.83,23.84,23.803,23.84,4450,0
2015-05-04,18:00:00,23.9,23.9594,23.9,23.92,2048,0
2015-05-04,19:00:00,23.9716,23.9716,23.92,23.9491,10745,0
2015-05-04,20:00:00,23.9598,23.96,23.92,23.96,1700,0
2015-05-04,21:00:00,23.91,23.93,23.91,23.93,2509,0
2015-05-04,22:00:00,23.94,23.9899,23.94,23.9799,14473,0
2015-05-05,16:00:00,23.97,24.04,23.96,24.04,13345,0
2015-05-05,17:00:00,24.05,24.17,24.05,24.1,19923,0
2015-05-05,18:00:00,24.11,24.12,24.08,24.11,8593,0
2015-05-05,19:00:00,24.119,24.13,24.1131,24.12,2100,0
2015-05-05,20:00:00,24.138,24.15,24.11,24.1202,4988,0
2015-05-05,21:00:00,24.12,24.1299,24.09,24.09,3500,0
2015-05-05,22:00:00,24.081,24.1055,24.05,24.0699,5540,0
2015-05-06,16:00:00,24.15,24.1613,24.14,24.16,10620,0
2015-05-06,17:00:00,24.155,24.25,24.1445,24.23,32800,0
2015-05-06,18:00:00,24.25,24.25,24.21,24.22,12516,0
2015-05-06,19:00:00,24.23,24.32,24.225,24.294,16969,0
2015-05-06,20:00:00,24.29,24.31,24.27,24.31,4446,0
2015-05-06,21:00:00,24.31,24.31,24.2552,24.26,14838,0
2015-05-06,22:00:00,24.27,24.29,24.24,24.28,30968,0
2015-05-07,16:00:00,24.19,24.19,24.12,24.14,7968,0
2015-05-07,17:00:00,24.15,24.23,24.15,24.23,2200,0
2015-05-07,18:00:00,24.23,24.23,24.2299,24.2299,1250,0
2015-05-07,19:00:00,24.2099,24.2099,24.1176,24.13,59510,0
2015-05-07,20:00:00,24.15,24.15,24.11,24.1332,29619,0
2015-05-07,21:00:00,24.13,24.15,24.11,24.11,13333,0
2015-05-07,22:00:00,24.115,24.12,24.0699,24.12,93234,0
2015-05-08,16:00:00,23.79,23.85,23.76,23.78,27170,0
2015-05-08,17:00:00,23.7901,23.9,23.7901,23.8499,13432,0
2015-05-08,18:00:00,23.81,23.8599,23.79,23.79,4200,0
2015-05-08,19:00:00,23.8101,23.8229,23.7915,23.8229,1500,0
2015-05-08,20:00:00,23.8268,23.86,23.82,23.82,800,0
2015-05-08,21:00:00,23.9098,23.96,23.9001,23.938,6852,0
2015-05-08,22:00:00,23.948,23.948,23.9099,23.9099,8450,0
2015-05-11,16:00:00,24.09,24.09,24.07,24.07,4398,0
2015-05-11,17:00:00,24.08,24.13,24.08,24.1,15765,0
2015-05-11,18:00:00,24.17,24.19,24.17,24.19,6180,0
2015-05-11,19:00:00,24.2001,24.22,24.1801,24.1801,4750,0
2015-05-11,20:00:00,24.22,24.2501,24.21,24.2501,9700,0
2015-05-11,21:00:00,24.23,24.39,24.23,24.38,54884,0
2015-05-11,22:00:00,24.3626,24.3626,24.2901,24.36,127078,0
2015-05-12,16:00:00,24.44,24.491,24.42,24.44,79866,0
2015-05-12,17:00:00,24.43,24.49,24.33,24.33,45253,0
2015-05-12,18:00:00,24.35,24.37,24.27,24.27,11074,0
2015-05-12,19:00:00,24.31,24.31,24.2766,24.2899,900,0
2015-05-12,20:00:00,24.3,24.36,24.221,24.36,2200,0
2015-05-12,21:00:00,24.3674,24.4,24.32,24.33,2127,0
2015-05-12,22:00:00,24.33,24.36,24.312,24.36,3670,0
2015-05-13,16:00:00,24.11,24.2132,24.11,24.2132,20629,0
2015-05-13,17:00:00,24.23,24.2399,24.14,24.2399,1150,0
2015-05-13,18:00:00,24.22,24.3,24.22,24.3,2916,0
2015-05-13,19:00:00,24.3301,24.35,24.31,24.32,2600,0
2015-05-13,20:00:00,24.24,24.25,24.24,24.25,55958,0
2015-05-13,21:00:00,24.401,24.401,24.3858,24.3858,2200,0
2015-05-13,22:00:00,24.3901,24.391,24.36,24.391,6136,0
2015-05-14,16:00:00,24.32,24.33,24.24,24.24,15869,0
2015-05-14,17:00:00,24.2495,24.27,24.1997,24.21,4254,0
2015-05-14,18:00:00,24.25,24.27,24.25,24.27,984,0
2015-05-14,19:00:00,24.2445,24.266,24.2201,24.2201,20100,0
2015-05-14,20:00:00,24.21,24.2368,24.2,24.2368,4428,0
2015-05-14,21:00:00,24.25,24.25,24.25,24.25,17000,0
2015-05-14,22:00:00,24.24,24.26,24.21,24.21,74337,0
2015-05-15,16:00:00,24.09,24.13,24.046,24.061,34089,0
2015-05-15,17:00:00,24.0101,24.05,23.94,24,9690,0
2015-05-15,18:00:00,23.9701,23.98,23.912,23.912,2735,0
2015-05-15,19:00:00,23.9,23.9,23.9,23.9,209,0
2015-05-15,20:00:00,23.88,23.88,23.8488,23.86,15708,0
2015-05-15,21:00:00,23.8799,23.8899,23.8665,23.8701,7068,0
2015-05-15,22:00:00,23.87,23.91,23.87,23.89,18272,0
2015-05-18,16:00:00,24.06,24.13,24.04,24.11,16093,0
2015-05-18,17:00:00,24.1,24.15,24.1,24.141,41094,0
2015-05-18,18:00:00,24.16,24.17,24.12,24.14,86661,0
2015-05-18,19:00:00,24.14,24.14,24.11,24.12,4200,0
2015-05-18,20:00:00,24.111,24.175,24.11,24.17,11921,0
2015-05-18,21:00:00,24.17,24.193,24.14,24.15,29865,0
2015-05-18,22:00:00,24.1704,24.1799,24.15,24.1799,3096,0
2015-05-19,16:00:00,24.44,24.47,24.36,24.36,33894,0
2015-05-19,17:00:00,24.39,24.39,24.3,24.3268,37426,0
2015-05-19,18:00:00,24.3336,24.34,24.23,24.23,33602,0
2015-05-19,19:00:00,24.29,24.29,24.29,24.29,300,0
2015-05-19,20:00:00,24.328,24.34,24.29,24.3,26321,0
2015-05-19,21:00:00,24.32,24.34,24.31,24.32,10725,0
2015-05-19,22:00:00,24.33,24.4,24.31,24.4,134608,0
2015-05-20,16:00:00,24.31,24.37,24.29,24.37,4483,0
2015-05-20,17:00:00,24.37,24.37,24.2801,24.31,5475,0
2015-05-20,18:00:00,24.29,24.31,24.26,24.31,7121,0
2015-05-20,19:00:00,24.31,24.32,24.26,24.31,1920,0
2015-05-20,20:00:00,24.29,24.29,24.24,24.26,4425,0
2015-05-20,21:00:00,24.299,24.299,24.17,24.26,6849,0
2015-05-20,22:00:00,24.245,24.29,24.245,24.29,1950,0
2015-05-21,16:00:00,24.18,24.18,24.15,24.15,3558,0
2015-05-21,17:00:00,24.08,24.167,24.075,24.167,7306,0
2015-05-21,18:00:00,24.104,24.13,24.104,24.13,810,0
2015-05-21,19:00:00,24.0979,24.11,24.0933,24.11,992,0
2015-05-21,20:00:00,24.05,24.05,24.0392,24.0392,1050,0
2015-05-21,21:00:00,24.02,24.03,24,24.03,900,0
2015-05-21,22:00:00,24.01,24.01,24.01,24.01,2170,0
2015-05-22,16:00:00,24.11,24.11,24.1,24.1,2344,0
2015-05-22,17:00:00,24.16,24.16,24.09,24.11,18309,0
2015-05-22,18:00:00,24.1055,24.12,24.1,24.11,6400,0
2015-05-22,19:00:00,24.1499,24.17,24.1499,24.17,1385,0
2015-05-22,20:00:00,24.15,24.15,24.0899,24.1222,2625,0
2015-05-22,21:00:00,24.1281,24.1281,24.12,24.12,1400,0
2015-05-22,22:00:00,24.0851,24.11,24.0851,24.1,8600,0
2015-05-26,16:00:00,24.11,24.11,24.05,24.05,4310,0
2015-05-26,17:00:00,24.07,24.09,23.98,23.99,20473,0
2015-05-26,18:00:00,23.94,23.9499,23.88,23.8978,20845,0
2015-05-26,19:00:00,23.9061,23.9061,23.875,23.9,1350,0
2015-05-26,20:00:00,23.86,23.9,23.86,23.86,12195,0
2015-05-26,21:00:00,23.86,23.86,23.84,23.86,8942,0
2015-05-26,22:00:00,23.832,23.86,23.825,23.825,31624,0
2015-05-27,16:00:00,23.89,23.9699,23.86,23.94,13849,0
2015-05-27,17:00:00,23.97,23.97,23.92,23.92,400,0
2015-05-27,18:00:00,23.95,23.95,23.91,23.91,253,0
2015-05-27,19:00:00,23.955,23.955,23.9399,23.9399,3288,0
2015-05-27,20:00:00,23.96,23.96,23.91,23.91,400,0
2015-05-27,21:00:00,23.8768,23.8768,23.8768,23.8768,100,0
2015-05-27,22:00:00,23.8395,23.84,23.82,23.84,4600,0
2015-05-28,16:00:00,23.84,23.87,23.831,23.8695,6100,0
2015-05-28,17:00:00,23.82,23.86,23.79,23.86,4613,0
2015-05-28,18:00:00,23.8697,23.89,23.86,23.89,9992,0
2015-05-28,19:00:00,23.8599,23.86,23.84,23.86,6500,0
2015-05-28,20:00:00,23.7801,23.7801,23.7503,23.7503,1200,0
2015-05-28,21:00:00,23.82,23.83,23.8,23.83,4850,0
2015-05-28,22:00:00,23.837,23.837,23.8,23.8,10436,0
2015-05-29,16:00:00,23.71,23.746,23.69,23.71,4837,0
2015-05-29,17:00:00,23.7235,23.73,23.7201,23.73,500,0
2015-05-29,18:00:00,23.7,23.7208,23.7,23.7101,1352,0
2015-05-29,20:00:00,23.71,23.71,23.69,23.69,1850,0
2015-05-29,21:00:00,23.69,23.69,23.64,23.64,2092,0
2015-05-29,22:00:00,23.7,23.76,23.7,23.75,10739,0
2015-06-01,16:00:00,23.75,23.75,23.73,23.73,1000,0
2015-06-01,17:00:00,23.858,23.8599,23.837,23.837,5348,0
2015-06-01,18:00:00,23.88,23.9,23.88,23.88,5400,0
2015-06-01,19:00:00,23.94,23.96,23.94,23.96,10700,0
2015-06-01,20:00:00,23.97,23.98,23.9684,23.98,3288,0
2015-06-01,21:00:00,24.02,24.03,23.9801,23.9801,6606,0
2015-06-01,22:00:00,23.9689,23.98,23.9689,23.98,350,0
2015-06-02,16:00:00,24.16,24.24,24.16,24.23,3800,0
2015-06-02,17:00:00,24.21,24.28,24.19,24.23,4319,0
2015-06-02,18:00:00,24.232,24.3,24.232,24.3,31007,0
2015-06-02,19:00:00,24.3,24.3,24.3,24.3,100,0
2015-06-02,20:00:00,24.2937,24.31,24.28,24.31,3650,0
2015-06-02,21:00:00,24.3199,24.3199,24.29,24.29,1411,0
2015-06-02,22:00:00,24.3,24.3099,24.28,24.3099,812,0
2015-06-03,16:00:00,24.5,24.58,24.49,24.525,21852,0
2015-06-03,17:00:00,24.535,24.6,24.49,24.52,15200,0
2015-06-03,18:00:00,24.55,24.6565,24.54,24.62,4600,0
2015-06-03,19:00:00,24.63,24.7,24.6201,24.7,4000,0
2015-06-03,20:00:00,24.701,24.712,24.643,24.6483,2700,0
2015-06-03,21:00:00,24.6301,24.674,24.6201,24.66,7830,0
2015-06-03,22:00:00,24.67,24.73,24.67,24.7099,5420,0
2015-06-04,16:00:00,24.58,24.595,24.46,24.48,19326,0
2015-06-04,17:00:00,24.48,24.52,24.45,24.49,8867,0
2015-06-04,18:00:00,24.505,24.6099,24.505,24.5901,13137,0
2015-06-04,19:00:00,24.59,24.59,24.51,24.51,3500,0
2015-06-04,20:00:00,24.52,24.52,24.45,24.45,11250,0
2015-06-04,21:00:00,24.4574,24.4574,24.4194,24.45,4677,0
2015-06-04,22:00:00,24.48,24.48,24.44,24.47,15380,0
2015-06-05,16:00:00,24.81,24.9,24.81,24.82,33396,0
2015-06-05,17:00:00,24.82,24.82,24.72,24.77,28356,0
2015-06-05,18:00:00,24.76,24.79,24.67,24.7,24059,0
2015-06-05,19:00:00,24.71,24.78,24.69,24.73,9750,0
2015-06-05,20:00:00,24.75,24.8,24.69,24.8,18723,0
2015-06-05,21:00:00,24.79,24.8,24.76,24.8,16489,0
2015-06-05,22:00:00,24.81,24.8385,24.78,24.81,24057,0
2015-06-08,16:00:00,24.7,24.7297,24.67,24.69,8035,0
2015-06-08,17:00:00,24.69,24.72,24.65,24.7,7039,0
2015-06-08,18:00:00,24.69,24.7324,24.68,24.69,11378,0
2015-06-08,19:00:00,24.7,24.75,24.7,24.73,2800,0
2015-06-08,20:00:00,24.73,24.74,24.69,24.7,3450,0
2015-06-08,21:00:00,24.7,24.7299,24.67,24.69,5985,0
2015-06-08,22:00:00,24.73,24.739,24.72,24.72,3164,0
2015-06-09,16:00:00,24.8,24.92,24.8,24.92,3154,0
2015-06-09,17:00:00,24.9325,24.9325,24.89,24.91,18760,0
2015-06-09,18:00:00,24.906,24.91,24.84,24.84,5125,0
2015-06-09,19:00:00,24.85,24.88,24.843,24.843,20268,0
2015-06-09,20:00:00,24.81,24.81,24.8,24.8,381,0
2015-06-09,21:00:00,24.8399,24.8399,24.823,24.8301,3800,0
2015-06-09,22:00:00,24.84,24.88,24.8301,24.88,1400,0
2015-06-10,16:00:00,25.02,25.03,24.97,24.99,22767,0
2015-06-10,17:00:00,24.99,25.05,24.9503,25.05,44127,0
2015-06-10,18:00:00,25.0443,25.085,25.04,25.05,9933,0
2015-06-10,19:00:00,25.04,25.069,25.01,25.01,17913,0
2015-06-10,20:00:00,25,25,24.97,24.97,9034,0
2015-06-10,21:00:00,25.02,25.06,25.02,25.06,1850,0
2015-06-10,22:00:00,25.07,25.11,25.07,25.08,21992,0
2015-06-11,16:00:00,24.94,24.99,24.92,24.962,26010,0
2015-06-11,17:00:00,24.95,24.95,24.89,24.91,12690,0
2015-06-11,18:00:00,24.9,24.92,24.85,24.86,25198,0
2015-06-11,19:00:00,24.851,24.887,24.821,24.887,4350,0
2015-06-11,20:00:00,24.8,24.8,24.75,24.75,1851,0
2015-06-11,21:00:00,24.75,24.75,24.7199,24.72,4103,0
2015-06-11,22:00:00,24.72,24.75,24.72,24.7375,4307,0
2015-06-12,16:00:00,24.78,24.78,24.67,24.67,2280,0
2015-06-12,17:00:00,24.66,24.66,24.53,24.55,14658,0
2015-06-12,18:00:00,24.57,24.635,24.56,24.5623,13270,0
2015-06-12,19:00:00,24.583,24.64,24.583,24.62,1540,0
2015-06-12,20:00:00,24.64,24.71,24.64,24.69,117733,0
2015-06-12,21:00:00,24.69,24.7298,24.69,24.71,2182,0
2015-06-12,22:00:00,24.72,24.75,24.71,24.74,9968,0
2015-06-15,16:00:00,24.48,24.5,24.43,24.5,7900,0
2015-06-15,17:00:00,24.5099,24.56,24.48,24.56,10876,0
2015-06-15,18:00:00,24.59,24.59,24.5516,24.5516,629,0
2015-06-15,19:00:00,24.54,24.61,24.54,24.61,1150,0
2015-06-15,20:00:00,24.562,24.64,24.562,24.61,2278,0
2015-06-15,21:00:00,24.5899,24.6095,24.5899,24.6095,608,0
2015-06-15,22:00:00,24.6061,24.6099,24.6,24.6,2650,0
2015-06-16,16:00:00,24.48,24.53,24.48,24.5299,2400,0
2015-06-16,17:00:00,24.528,24.5548,24.49,24.522,97089,0
2015-06-16,18:00:00,24.51,24.52,24.44,24.44,13998,0
2015-06-16,19:00:00,24.45,24.46,24.41,24.445,6026,0
2015-06-16,20:00:00,24.4322,24.44,24.4322,24.44,6700,0
2015-06-16,21:00:00,24.43,24.43,24.3923,24.42,7270,0
2015-06-16,22:00:00,24.42,24.43,24.41,24.41,2376,0
2015-06-17,16:00:00,24.45,24.53,24.45,24.528,42357,0
2015-06-17,17:00:00,24.561,24.59,24.54,24.59,3575,0
2015-06-17,18:00:00,24.59,24.647,24.59,24.6399,9762,0
2015-06-17,19:00:00,24.62,24.6399,24.62,24.6399,4059,0
2015-06-17,20:00:00,24.6302,24.69,24.6302,24.66,6550,0
2015-06-17,21:00:00,24.65,24.66,24.39,24.41,10592,0
2015-06-17,22:00:00,24.393,24.393,24.36,24.3663,1935,0
2015-06-18,16:00:00,24.44,24.44,24.4,24.41,5674,0
2015-06-18,17:00:00,24.48,24.5224,24.45,24.5224,9806,0
2015-06-18,18:00:00,24.53,24.53,24.493,24.493,2852,0
2015-06-18,19:00:00,24.54,24.601,24.54,24.572,965,0
2015-06-18,20:00:00,24.5551,24.5551,24.5551,24.5551,200,0
2015-06-18,21:00:00,24.499,24.52,24.499,24.52,2900,0
2015-06-18,22:00:00,24.5099,24.5099,24.4399,24.4399,2388,0
2015-06-19,16:00:00,24.26,24.26,24.21,24.23,8500,0
2015-06-19,17:00:00,24.2218,24.223,24.16,24.16,3876,0
2015-06-19,18:00:00,24.2,24.24,24.18,24.1873,9658,0
2015-06-19,19:00:00,24.2035,24.2035,24.16,24.16,2250,0
2015-06-19,20:00:00,24.18,24.201,24.165,24.165,10742,0
2015-06-19,21:00:00,24.165,24.1947,24.16,24.175,10850,0
2015-06-19,22:00:00,24.15,24.1557,24.14,24.1557,2925,0
2015-06-22,16:00:00,24.36,24.4,24.36,24.4,2902,0
2015-06-22,17:00:00,24.48,24.5,24.46,24.48,12690,0
2015-06-22,18:00:00,24.4999,24.5048,24.4999,24.5048,2309,0
2015-06-22,19:00:00,24.5,24.505,24.5,24.5,2275,0
2015-06-22,20:00:00,24.5,24.56,24.5,24.56,28305,0
2015-06-22,21:00:00,24.5,24.5,24.4962,24.5,400,0
2015-06-22,22:00:00,24.5101,24.5899,24.5101,24.57,1969,0
2015-06-23,16:00:00,24.74,24.75,24.69,24.7,25495,0
2015-06-23,17:00:00,24.7,24.7081,24.5701,24.5701,3730,0
2015-06-23,19:00:00,24.6199,24.6199,24.6199,24.6199,127,0
2015-06-23,20:00:00,24.62,24.62,24.59,24.59,300,0
2015-06-23,21:00:00,24.64,24.6999,24.6276,24.6999,3800,0
2015-06-23,22:00:00,24.6916,24.71,24.685,24.71,1500,0
2015-06-24,16:00:00,24.61,24.63,24.61,24.63,1900,0
2015-06-24,17:00:00,24.62,24.72,24.62,24.72,1642,0
2015-06-24,18:00:00,24.67,24.67,24.65,24.67,33282,0
2015-06-24,19:00:00,24.6899,24.6899,24.6521,24.6521,350,0
2015-06-24,20:00:00,24.63,24.63,24.57,24.57,11496,0
2015-06-24,21:00:00,24.58,24.58,24.55,24.559,2753,0
2015-06-24,22:00:00,24.56,24.56,24.56,24.56,1380,0
2015-06-25,16:00:00,24.7,24.7,24.649,24.65,500,0
2015-06-25,17:00:00,24.6438,24.6438,24.64,24.64,750,0
2015-06-25,18:00:00,24.75,24.76,24.7102,24.7317,9997,0
2015-06-25,19:00:00,24.7214,24.74,24.72,24.72,5946,0
2015-06-25,20:00:00,24.64,24.6522,24.62,24.6522,2425,0
2015-06-25,21:00:00,24.6599,24.6599,24.64,24.64,2575,0
2015-06-25,22:00:00,24.665,24.68,24.6647,24.68,1038,0
2015-06-26,16:00:00,24.87,24.8771,24.8501,24.8678,4071,0
2015-06-26,17:00:00,24.85,24.9,24.84,24.8601,23499,0
2015-06-26,18:00:00,24.8858,24.9,24.8858,24.9,1825,0
2015-06-26,19:00:00,24.9001,24.9001,24.9001,24.9001,300,0
2015-06-26,20:00:00,24.94,24.94,24.9249,24.9249,2440,0
2015-06-26,21:00:00,24.92,24.9256,24.92,24.9256,1500,0
2015-06-26,22:00:00,24.9499,24.9499,24.93,24.94,2730,0
2015-06-29,16:00:00,24.56,24.65,24.54,24.65,24221,0
2015-06-29,17:00:00,24.55,24.55,24.5235,24.55,4800,0
2015-06-29,18:00:00,24.52,24.5499,24.49,24.4999,3598,0
2015-06-29,19:00:00,24.5,24.5,24.45,24.48,6950,0
2015-06-29,20:00:00,24.4401,24.49,24.4,24.4,12334,0
2015-06-29,21:00:00,24.4101,24.4101,24.38,24.38,4094,0
2015-06-29,22:00:00,24.361,24.372,24.2801,24.3201,10634,0
2015-06-30,16:00:00,24.51,24.55,24.39,24.39,1459,0
2015-06-30,17:00:00,24.39,24.43,24.39,24.43,1848,0
2015-06-30,18:00:00,24.42,24.42,24.37,24.37,3833,0
2015-06-30,19:00:00,24.32,24.3275,24.31,24.31,900,0
2015-06-30,20:00:00,24.39,24.4,24.39,24.4,1700,0
2015-06-30,21:00:00,24.402,24.402,24.38,24.39,6900,0
2015-06-30,22:00:00,24.46,24.48,24.4,24.48,10691,0
2015-07-01,16:00:00,24.68,24.7604,24.68,24.7401,3635,0
2015-07-01,17:00:00,24.77,24.77,24.63,24.67,10400,0
2015-07-01,18:00:00,24.62,24.6379,24.62,24.6379,700,0
2015-07-01,19:00:00,24.6799,24.69,24.6736,24.69,400,0
2015-07-01,20:00:00,24.7,24.7201,24.69,24.7201,8809,0
2015-07-01,21:00:00,24.71,24.74,24.71,24.74,316,0
2015-07-01,22:00:00,24.7144,24.72,24.69,24.72,11295,0
2015-07-02,16:00:00,24.56,24.56,24.47,24.54,3113,0
2015-07-02,17:00:00,24.48,24.51,24.48,24.51,1925,0
2015-07-02,18:00:00,24.5,24.51,24.48,24.489,785,0
2015-07-02,19:00:00,24.51,24.51,24.45,24.45,24950,0
2015-07-02,20:00:00,24.51,24.51,24.51,24.51,1050,0
2015-07-02,21:00:00,24.5282,24.5282,24.5282,24.5282,100,0
2015-07-02,22:00:00,24.56,24.56,24.53,24.54,1907,0
2015-07-06,16:00:00,24.21,24.24,24.16,24.24,12393,0
2015-07-06,17:00:00,24.2437,24.362,24.22,24.362,9328,0
2015-07-06,18:00:00,24.3199,24.3599,24.3,24.31,19864,0
2015-07-06,19:00:00,24.26,24.28,24.26,24.2653,500,0
2015-07-06,20:00:00,24.27,24.27,24.21,24.21,2792,0
2015-07-06,21:00:00,24.16,24.16,24.1293,24.1293,1500,0
2015-07-06,22:00:00,24.16,24.21,24.16,24.1901,4810,0
2015-07-07,16:00:00,23.93,23.93,23.84,23.85,53987,0
2015-07-07,17:00:00,23.82,23.83,23.79,23.822,13600,0
2015-07-07,18:00:00,23.8,23.855,23.8,23.85,8210,0
2015-07-07,19:00:00,23.8538,23.8538,23.8538,23.8538,1000,0
2015-07-07,20:00:00,23.9199,23.9199,23.8992,23.905,400,0
2015-07-07,21:00:00,23.9356,23.9386,23.8668,23.8668,7642,0
2015-07-07,22:00:00,23.9901,24.0699,23.98,24.04,46267,0
2015-07-08,16:00:00,23.97,24.01,23.97,24.01,7826,0
2015-07-08,17:00:00,23.94,23.99,23.9301,23.98,5502,0
2015-07-08,18:00:00,24,24,23.92,23.92,1800,0
2015-07-08,19:00:00,23.89,23.92,23.89,23.92,6700,0
2015-07-08,20:00:00,23.911,23.911,23.9,23.9,600,0
2015-07-08,21:00:00,23.93,23.93,23.82,23.8543,9472,0
2015-07-08,22:00:00,23.85,23.89,23.85,23.86,6000,0
2015-07-09,16:00:00,24.0601,24.11,24.0601,24.08,1700,0
2015-07-09,17:00:00,24.06,24.0699,24.05,24.051,800,0
2015-07-09,18:00:00,24.1,24.1,24.1,24.1,2807,0
2015-07-09,19:00:00,24.0701,24.0701,24.0701,24.0701,800,0
2015-07-09,20:00:00,24.151,24.18,24.151,24.17,2751,0
2015-07-09,21:00:00,24.17,24.18,24.14,24.14,1917,0
2015-07-09,22:00:00,24.2,24.2,24.19,24.19,1001,0
2015-07-10,16:00:00,24.52,24.52,24.46,24.46,2650,0
2015-07-10,17:00:00,24.49,24.49,24.43,24.43,400,0
2015-07-10,18:00:00,24.46,24.46,24.44,24.44,200,0
2015-07-10,19:00:00,24.4699,24.47,24.4699,24.47,700,0
2015-07-10,20:00:00,24.55,24.57,24.55,24.57,3364,0
2015-07-10,22:00:00,24.59,24.62,24.5499,24.55,5709,0
2015-07-13,16:00:00,24.7,24.72,24.6402,24.65,24852,0
2015-07-13,17:00:00,24.68,24.72,24.68,24.68,5746,0
2015-07-13,18:00:00,24.67,24.6792,24.62,24.64,15065,0
2015-07-13,19:00:00,24.63,24.63,24.63,24.63,1100,0
2015-07-13,20:00:00,24.56,24.63,24.551,24.63,4346,0
2015-07-13,21:00:00,24.639,24.65,24.639,24.64,1800,0
2015-07-13,22:00:00,24.6676,24.68,24.64,24.68,8335,0
2015-07-14,16:00:00,24.5,24.53,24.5,24.52,7992,0
2015-07-14,17:00:00,24.55,24.5705,24.55,24.55,3200,0
2015-07-14,18:00:00,24.5401,24.5401,24.502,24.502,1736,0
2015-07-14,19:00:00,24.525,24.525,24.52,24.5229,725,0
2015-07-14,20:00:00,24.51,24.565,24.51,24.54,1165,0
2015-07-14,21:00:00,24.53,24.55,24.48,24.49,220576,0
2015-07-14,22:00:00,24.5,24.5099,24.49,24.5,2156,0
2015-07-15,16:00:00,24.5,24.5,24.48,24.48,4700,0
2015-07-15,17:00:00,24.52,24.53,24.52,24.52,1601,0
2015-07-15,18:00:00,24.5,24.5,24.41,24.41,1464,0
2015-07-15,19:00:00,24.36,24.36,24.331,24.3462,7760,0
2015-07-15,21:00:00,24.29,24.3,24.29,24.3,16700,0
2015-07-15,22:00:00,24.31,24.316,24.2601,24.31,4693,0
2015-07-16,16:00:00,24.44,24.44,24.41,24.41,1787,0
2015-07-16,17:00:00,24.39,24.39,24.33,24.3567,8851,0
2015-07-16,18:00:00,24.34,24.372,24.34,24.3601,2375,0
2015-07-16,19:00:00,24.29,24.327,24.28,24.3199,4400,0
2015-07-16,20:00:00,24.3399,24.3399,24.31,24.31,300,0
2015-07-16,21:00:00,24.3217,24.35,24.321,24.35,5700,0
2015-07-16,22:00:00,24.33,24.34,24.33,24.34,570,0
2015-07-17,16:00:00,24.38,24.38,24.31,24.33,5863,0
2015-07-17,17:00:00,24.3,24.33,24.3,24.32,502,0
2015-07-17,18:00:00,24.32,24.32,24.301,24.301,2342,0
2015-07-17,19:00:00,24.3101,24.3101,24.3,24.3,400,0
2015-07-17,20:00:00,24.3,24.32,24.3,24.31,500,0
2015-07-17,21:00:00,24.3,24.3,24.3,24.3,100,0
2015-07-17,22:00:00,24.31,24.33,24.31,24.31,1210,0
2015-07-20,16:00:00,24.455,24.51,24.45,24.51,4736,0
2015-07-20,17:00:00,24.41,24.4299,24.41,24.41,11074,0
2015-07-20,18:00:00,24.4,24.41,24.4,24.41,516,0
2015-07-20,19:00:00,24.41,24.41,24.41,24.41,1000,0
2015-07-20,20:00:00,24.41,24.43,24.4,24.42,2600,0
2015-07-20,21:00:00,24.4102,24.43,24.4,24.42,7845,0
2015-07-20,22:00:00,24.42,24.44,24.41,24.43,8300,0
2015-07-21,16:00:00,24.49,24.49,24.445,24.46,3200,0
2015-07-21,17:00:00,24.45,24.45,24.38,24.38,46565,0
2015-07-21,18:00:00,24.38,24.38,24.3598,24.3598,545,0
2015-07-21,19:00:00,24.35,24.35,24.32,24.32,400,0
2015-07-21,20:00:00,24.2501,24.3,24.2501,24.3,272,0
2015-07-21,21:00:00,24.2701,24.2701,24.2701,24.2701,1000,0
2015-07-22,16:00:00,24.23,24.24,24.23,24.23,63000,0
2015-07-22,17:00:00,24.2329,24.2329,24.158,24.158,540,0
2015-07-22,18:00:00,24.1499,24.18,24.1499,24.163,4007,0
2015-07-22,20:00:00,24.2101,24.2101,24.21,24.21,4200,0
2015-07-22,21:00:00,24.204,24.22,24.204,24.22,1600,0
2015-07-22,22:00:00,24.22,24.24,24.22,24.23,1400,0
2015-07-23,16:00:00,24.24,24.24,24.2301,24.24,1260,0
2015-07-23,17:00:00,24.23,24.25,24.23,24.25,1000,0
2015-07-23,18:00:00,24.25,24.25,24.17,24.17,1200,0
2015-07-23,19:00:00,24.17,24.17,24.12,24.12,2312,0
2015-07-23,20:00:00,24.1,24.1,24.09,24.09,4574,0
2015-07-23,21:00:00,24.0599,24.0599,24.0599,24.0599,9365,0
2015-07-23,22:00:00,24.07,24.07,24.0271,24.04,7072,0
2015-07-24,16:00:00,24,24,24,24,348,0
2015-07-24,17:00:00,24.0201,24.021,23.98,23.981,3000,0
2015-07-24,18:00:00,23.99,24.01,23.98,24,3000,0
2015-07-24,19:00:00,24.0199,24.0199,24.0199,24.0199,300,0
2015-07-24,20:00:00,24,24,23.95,23.9645,13067,0
2015-07-24,21:00:00,24.0053,24.0053,24.0053,24.0053,400,0
2015-07-24,22:00:00,23.984,23.984,23.97,23.97,1100,0
2015-07-27,16:00:00,23.81,23.8274,23.77,23.8144,4487,0
2015-07-27,17:00:00,23.8102,23.86,23.8102,23.8501,2202,0
2015-07-27,18:00:00,23.821,23.8501,23.821,23.8401,2659,0
2015-07-27,19:00:00,23.88,23.88,23.871,23.871,900,0
2015-07-27,20:00:00,23.8201,23.8399,23.81,23.8399,2622,0
2015-07-27,21:00:00,23.8464,23.8464,23.8464,23.8464,2500,0
2015-07-27,22:00:00,23.8476,23.85,23.79,23.8,5339,0
2015-07-28,16:00:00,23.95,23.98,23.9399,23.95,7686,0
2015-07-28,17:00:00,23.93,23.97,23.9,23.94,25213,0
2015-07-28,18:00:00,23.93,23.93,23.89,23.9,8994,0
2015-07-28,19:00:00,23.9,23.95,23.89,23.94,19320,0
2015-07-28,20:00:00,23.94,23.94,23.9,23.94,6549,0
2015-07-28,21:00:00,23.93,23.94,23.9015,23.93,14906,0
2015-07-28,22:00:00,23.94,23.95,23.908,23.94,10965,0
2015-07-29,16:00:00,23.98,24,23.98,24,500,0
2015-07-29,17:00:00,24,24.05,23.995,24.05,2700,0
2015-07-29,18:00:00,24.05,24.07,24.04,24.0698,20418,0
2015-07-29,19:00:00,24.0501,24.07,24.0501,24.0699,478,0
2015-07-29,20:00:00,24.04,24.05,24.04,24.05,300,0
2015-07-29,21:00:00,23.95,24.08,23.92,24.04,2615,0
2015-07-29,22:00:00,24.0101,24.02,23.9976,24.02,5300,0
2015-07-30,16:00:00,24.05,24.05,24,24,900,0
2015-07-30,17:00:00,23.9702,24.07,23.9702,24.07,3598,0
2015-07-30,18:00:00,24.03,24.037,23.999,23.999,423,0
2015-07-30,19:00:00,23.98,23.98,23.98,23.98,1800,0
2015-07-30,20:00:00,23.98,24,23.98,23.98,1900,0
2015-07-30,21:00:00,23.97,23.991,23.97,23.98,8098,0
2015-07-30,22:00:00,23.96,23.96,23.96,23.96,100,0
2015-07-31,16:00:00,23.75,23.75,23.71,23.73,2555,0
2015-07-31,17:00:00,23.7101,23.74,23.7101,23.7195,14050,0
2015-07-31,18:00:00,23.74,23.75,23.74,23.75,339,0
2015-07-31,19:00:00,23.71,23.729,23.7001,23.729,7449,0
2015-07-31,22:00:00,23.69,23.69,23.67,23.67,1000,0
2015-08-03,16:00:00,23.66,23.68,23.58,23.61,37907,0
2015-08-03,17:00:00,23.6,23.63,23.59,23.62,4428,0
2015-08-03,18:00:00,23.63,23.63,23.58,23.58,3271,0
2015-08-03,19:00:00,23.57,23.57,23.5,23.5,3503,0
2015-08-03,20:00:00,23.5,23.51,23.488,23.51,550,0
2015-08-03,21:00:00,23.53,23.54,23.48,23.5,13731,0
2015-08-03,22:00:00,23.5145,23.54,23.5,23.54,5952,0
2015-08-04,16:00:00,23.62,23.63,23.57,23.63,3198,0
2015-08-04,17:00:00,23.64,23.65,23.6099,23.6099,8726,0
2015-08-04,18:00:00,23.6,23.62,23.59,23.62,3305,0
2015-08-04,19:00:00,23.63,23.65,23.6297,23.63,9150,0
2015-08-04,20:00:00,23.6101,23.705,23.61,23.69,4701,0
2015-08-04,21:00:00,23.71,23.77,23.69,23.74,6749,0
2015-08-04,22:00:00,23.73,23.8,23.73,23.77,13243,0
2015-08-05,16:00:00,23.9,23.99,23.9,23.94,6441,0
2015-08-05,17:00:00,23.95,24.0396,23.95,23.97,7070,0
2015-08-05,18:00:00,23.97,24.0076,23.9499,23.97,14904,0
2015-08-05,19:00:00,23.94,23.94,23.9,23.9,600,0
2015-08-05,20:00:00,23.94,23.96,23.9201,23.9201,12825,0
2015-08-05,21:00:00,23.9221,23.952,23.9221,23.952,2600,0
2015-08-05,22:00:00,23.93,23.9599,23.93,23.94,1050,0
2015-08-06,16:00:00,23.9,23.9,23.87,23.87,2233,0
2015-08-06,17:00:00,23.83,23.8523,23.81,23.81,31876,0
2015-08-06,18:00:00,23.79,23.8,23.78,23.79,2793,0
2015-08-06,19:00:00,23.8098,23.8098,23.79,23.79,2233,0
2015-08-06,20:00:00,23.8257,23.84,23.8257,23.8297,1219,0
2015-08-06,21:00:00,23.81,23.81,23.81,23.81,1000,0
2015-08-06,22:00:00,23.8101,23.8101,23.79,23.79,7415,0
2015-08-07,16:00:00,23.69,23.76,23.69,23.76,9964,0
2015-08-07,17:00:00,23.74,23.74,23.65,23.67,15323,0
2015-08-07,18:00:00,23.6603,23.6603,23.61,23.61,877,0
2015-08-07,19:00:00,23.64,23.65,23.63,23.65,1800,0
2015-08-07,20:00:00,23.61,23.62,23.601,23.6013,10640,0
2015-08-07,21:00:00,23.611,23.62,23.5798,23.61,4434,0
2015-08-07,22:00:00,23.6,23.61,23.5824,23.59,5000,0
