Date,Time,Open,High,Low,Close,Volume,OpenInt
2015-01-12,16:00:00,42.054,42.054,40.994,40.994,9571,0
2015-01-12,17:00:00,40.945,41.182,40.945,41.103,8270,0
2015-01-12,18:00:00,41.331,41.4,41.202,41.202,10536,0
2015-01-12,19:00:00,41.222,41.222,41.073,41.122,4130,0
2015-01-12,20:00:00,41.122,41.122,41.004,41.054,3242,0
2015-01-12,21:00:00,41.112,41.112,40.905,40.925,4747,0
2015-01-12,22:00:00,41.004,41.122,40.915,41.064,2547,0
2015-01-13,16:00:00,41.529,41.529,41.064,41.251,2161,0
2015-01-13,17:00:00,41.192,41.321,41.192,41.321,4583,0
2015-01-13,18:00:00,41.44,41.44,41.054,41.054,6692,0
2015-01-13,19:00:00,40.965,41.034,40.776,40.965,5277,0
2015-01-13,20:00:00,40.826,40.905,40.429,40.429,14132,0
2015-01-13,21:00:00,40.35,40.568,40.241,40.469,9607,0
2015-01-13,22:00:00,40.271,40.796,40.271,40.657,10689,0
2015-01-14,16:00:00,40.113,40.607,40.113,40.191,10861,0
2015-01-14,17:00:00,39.984,40.439,39.984,40.133,26326,0
2015-01-14,18:00:00,40.151,40.151,39.865,39.884,20566,0
2015-01-14,19:00:00,39.865,39.865,39.667,39.785,2098,0
2015-01-14,20:00:00,39.874,39.874,39.627,39.677,4340,0
2015-01-14,21:00:00,39.874,40.746,39.815,40.39,6910,0
2015-01-14,22:00:00,40.559,41.024,40.559,40.915,5111,0
2015-01-15,16:00:00,41.49,41.52,40.578,40.578,6880,0
2015-01-15,17:00:00,40.657,41.054,40.657,40.716,6438,0
2015-01-15,18:00:00,40.716,41.014,40.706,40.915,5247,0
2015-01-15,19:00:00,41.014,41.054,40.796,40.806,4976,0
2015-01-15,20:00:00,40.706,40.706,40.429,40.429,1676,0
2015-01-15,21:00:00,40.529,40.746,40.529,40.549,25024,0
2015-01-15,22:00:00,40.647,40.647,40.42,40.42,5884,0
2015-01-16,16:00:00,40.549,41.301,40.549,41.212,3835,0
2015-01-16,17:00:00,41.331,41.757,41.271,41.588,2257,0
2015-01-16,18:00:00,41.41,41.658,41.351,41.638,4407,0
2015-01-16,19:00:00,41.558,41.638,41.548,41.558,27273,0
2015-01-16,20:00:00,41.598,41.767,41.529,41.727,21612,0
2015-01-16,21:00:00,41.658,41.866,41.658,41.816,8026,0
2015-01-16,22:00:00,41.787,41.965,41.787,41.926,2429,0
2015-01-20,16:00:00,41.727,41.727,41.172,41.232,11087,0
2015-01-20,17:00:00,41.5,41.608,41.361,41.48,3610,0
2015-01-20,18:00:00,41.5,41.806,41.47,41.806,7542,0
2015-01-20,19:00:00,41.687,41.777,41.638,41.727,2644,0
2015-01-20,20:00:00,41.737,41.787,41.667,41.727,1446,0
2015-01-20,21:00:00,41.836,41.846,41.757,41.767,2286,0
2015-01-20,22:00:00,41.906,42.014,41.856,42.014,5247,0
2015-01-21,16:00:00,42.133,42.599,42.113,42.499,3839,0
2015-01-21,17:00:00,42.847,42.857,42.718,42.797,2378,0
2015-01-21,18:00:00,42.975,42.995,42.718,42.955,5913,0
2015-01-21,19:00:00,42.916,42.955,42.807,42.867,5463,0
2015-01-21,20:00:00,42.797,42.797,42.599,42.599,2282,0
2015-01-21,21:00:00,42.539,42.748,42.539,42.748,4987,0
2015-01-21,22:00:00,42.708,42.887,42.708,42.867,22104,0
2015-01-22,16:00:00,43.154,43.174,42.787,42.787,4310,0
2015-01-22,17:00:00,43.015,43.015,42.867,42.985,2833,0
2015-01-22,18:00:00,42.599,42.698,42.549,42.599,4219,0
2015-01-22,19:00:00,42.599,42.926,42.431,42.926,5163,0
2015-01-22,20:00:00,42.867,42.867,42.658,42.708,11589,0
2015-01-22,21:00:00,42.748,43.164,42.748,43.164,7980,0
2015-01-22,22:00:00,43.183,43.243,43.144,43.243,32839,0
2015-01-23,16:00:00,43.134,43.303,42.877,43.263,3477,0
2015-01-23,17:00:00,43.421,43.629,43.293,43.629,8878,0
2015-01-23,18:00:00,43.56,43.719,43.48,43.669,4665,0
2015-01-23,19:00:00,43.679,43.679,43.362,43.391,17885,0
2015-01-23,20:00:00,43.313,43.46,43.144,43.352,1184,0
2015-01-23,21:00:00,43.451,43.56,43.421,43.52,5268,0
2015-01-23,22:00:00,43.451,43.451,43.203,43.213,4041,0
2015-01-26,16:00:00,43.391,43.391,43.154,43.154,3483,0
2015-01-26,17:00:00,43.57,43.738,43.411,43.689,15680,0
2015-01-26,18:00:00,43.47,43.719,43.47,43.719,11011,0
2015-01-26,19:00:00,43.699,43.986,43.699,43.926,8051,0
2015-01-26,20:00:00,43.876,44.045,43.818,43.986,6846,0
2015-01-26,21:00:00,43.956,43.956,43.798,43.926,14204,0
2015-01-26,22:00:00,43.808,43.966,43.808,43.966,6535,0
2015-01-27,16:00:00,43.956,44.154,43.619,43.619,5262,0
2015-01-27,17:00:00,43.738,43.768,43.59,43.729,5755,0
2015-01-27,18:00:00,43.599,44.204,43.599,44.204,4498,0
2015-01-27,19:00:00,44.065,44.342,44.065,44.154,6011,0
2015-01-27,20:00:00,44.184,44.184,43.946,43.946,5607,0
2015-01-27,21:00:00,43.996,44.283,43.966,44.164,14959,0
2015-01-27,22:00:00,44.214,44.214,44.055,44.105,47175,0
2015-01-28,16:00:00,43.896,43.896,43.094,43.094,7599,0
2015-01-28,17:00:00,43.164,43.293,43.154,43.183,4487,0
2015-01-28,18:00:00,43.144,43.273,43.084,43.084,9029,0
2015-01-28,19:00:00,43.124,43.352,43.114,43.114,4448,0
2015-01-28,20:00:00,43.044,43.154,43.005,43.104,5929,0
2015-01-28,21:00:00,42.887,43.015,42.797,42.935,6057,0
2015-01-28,22:00:00,42.935,42.975,42.441,42.569,25803,0
2015-01-29,16:00:00,42.847,42.857,42.143,42.213,5350,0
2015-01-29,17:00:00,42.272,42.272,41.608,41.608,3745,0
2015-01-29,18:00:00,41.727,42.123,41.588,42.123,2378,0
2015-01-29,19:00:00,42.034,42.163,41.965,41.965,3115,0
2015-01-29,20:00:00,42.054,42.559,42.024,42.461,2552,0
2015-01-29,21:00:00,42.391,42.391,42.282,42.312,4121,0
2015-01-29,22:00:00,42.391,42.658,42.342,42.599,2370,0
2015-01-30,16:00:00,42.272,43.015,42.133,43.015,3765,0
2015-01-30,17:00:00,43.104,43.104,42.787,42.926,1868,0
2015-01-30,18:00:00,42.579,42.589,42.183,42.589,2985,0
2015-01-30,19:00:00,42.519,42.569,42.499,42.549,2141,0
2015-01-30,20:00:00,42.638,43.144,42.638,43.144,2174,0
2015-01-30,21:00:00,43.391,43.738,43.352,43.352,6994,0
2015-01-30,22:00:00,43.659,43.659,43.313,43.362,2199,0
2015-02-02,16:00:00,44.015,44.115,43.906,43.906,1837,0
2015-02-02,17:00:00,43.798,43.828,43.5,43.639,2927,0
2015-02-02,18:00:00,43.748,44.105,43.619,44.105,6995,0
2015-02-02,19:00:00,44.035,44.164,43.936,43.936,4453,0
2015-02-02,20:00:00,43.996,43.996,43.699,43.699,3334,0
2015-02-02,21:00:00,43.709,44.115,43.709,44.035,8140,0
2015-02-02,22:00:00,44.115,44.65,44.115,44.6,7341,0
2015-02-03,16:00:00,45.313,45.828,45.313,45.7,6318,0
2015-02-03,17:00:00,45.631,45.641,45.363,45.432,18627,0
2015-02-03,18:00:00,45.422,45.432,45.145,45.273,10902,0
2015-02-03,19:00:00,45.076,45.521,45.076,45.521,2206,0
2015-02-03,20:00:00,45.492,45.918,45.492,45.858,8402,0
2015-02-03,21:00:00,45.828,45.878,45.472,45.581,5513,0
2015-02-03,22:00:00,45.581,45.71,45.551,45.7,11614,0
2015-02-04,16:00:00,45.145,45.195,44.719,45.056,7563,0
2015-02-04,17:00:00,45.106,45.263,44.431,45.205,3431,0
2015-02-04,18:00:00,44.907,45.145,44.867,44.937,9151,0
2015-02-04,19:00:00,44.947,45.036,44.67,44.749,5755,0
2015-02-04,20:00:00,44.749,44.798,44.491,44.531,3163,0
2015-02-04,21:00:00,44.57,44.847,44.322,44.739,25125,0
2015-02-04,22:00:00,44.769,45.086,44.64,44.788,19107,0
2015-02-05,16:00:00,45.551,45.551,45.145,45.185,2107,0
2015-02-05,17:00:00,45.551,45.551,45.363,45.363,5982,0
2015-02-05,18:00:00,45.521,45.719,45.472,45.68,3378,0
2015-02-05,19:00:00,45.641,45.729,45.611,45.641,2377,0
2015-02-05,20:00:00,45.631,45.631,45.422,45.492,6347,0
2015-02-05,21:00:00,45.323,45.482,45.323,45.482,1677,0
2015-02-05,22:00:00,45.502,45.66,45.472,45.591,8032,0
2015-02-06,16:00:00,45.878,46.007,45.68,45.769,11431,0
2015-02-06,17:00:00,45.977,45.987,45.551,45.621,6536,0
2015-02-06,18:00:00,45.601,45.621,45.422,45.621,2908,0
2015-02-06,19:00:00,45.7,45.937,45.651,45.808,5557,0
2015-02-06,20:00:00,45.581,45.631,45.472,45.631,7308,0
2015-02-06,21:00:00,45.631,45.828,45.541,45.769,9221,0
2015-02-06,22:00:00,45.66,45.749,45.621,45.7,12190,0
2015-02-09,16:00:00,46.017,46.017,45.937,45.987,2523,0
2015-02-09,17:00:00,46.047,46.116,45.908,45.908,2430,0
2015-02-09,18:00:00,46.027,46.037,45.749,45.749,5051,0
2015-02-09,19:00:00,45.789,45.818,45.719,45.818,4542,0
2015-02-09,20:00:00,45.878,45.987,45.749,45.987,3788,0
2015-02-09,21:00:00,46.027,46.027,45.739,45.769,5216,0
2015-02-09,22:00:00,45.631,45.651,45.472,45.541,6606,0
2015-02-10,16:00:00,45.462,45.462,44.818,44.818,6678,0
2015-02-10,17:00:00,44.828,44.967,44.769,44.967,9560,0
2015-02-10,18:00:00,44.937,45.215,44.857,45.215,9173,0
2015-02-10,19:00:00,45.263,45.452,45.263,45.392,3241,0
2015-02-10,20:00:00,45.422,45.611,45.273,45.293,5863,0
2015-02-10,21:00:00,45.215,45.353,45.036,45.323,7648,0
2015-02-10,22:00:00,45.373,45.601,45.373,45.571,5250,0
2015-02-11,16:00:00,44.927,44.927,44.64,44.818,4910,0
2015-02-11,17:00:00,44.927,45.283,44.828,45.283,7594,0
2015-02-11,18:00:00,45.195,45.363,45.195,45.253,7049,0
2015-02-11,19:00:00,45.225,45.521,45.205,45.253,3041,0
2015-02-11,20:00:00,45.195,45.195,44.986,45.026,2386,0
2015-02-11,21:00:00,45.086,45.155,45.026,45.106,2778,0
2015-02-11,22:00:00,45.135,45.333,45.135,45.253,4242,0
2015-02-12,16:00:00,45.789,46.037,45.789,45.977,5504,0
2015-02-12,17:00:00,45.848,45.848,45.561,45.68,3099,0
2015-02-12,18:00:00,45.749,45.848,45.719,45.808,3016,0
2015-02-12,19:00:00,45.789,45.789,45.502,45.571,5334,0
2015-02-12,20:00:00,45.571,45.719,45.571,45.7,4109,0
2015-02-12,21:00:00,45.848,45.928,45.749,45.928,4104,0
2015-02-12,22:00:00,45.828,45.898,45.719,45.729,5002,0
2015-02-13,16:00:00,46.621,46.621,46.621,46.621,706,0
2015-02-13,17:00:00,46.423,46.542,46.324,46.483,2349,0
2015-02-13,18:00:00,46.542,46.65,46.373,46.403,5453,0
2015-02-13,19:00:00,46.423,46.572,46.403,46.502,2799,0
2015-02-13,20:00:00,46.592,46.65,46.334,46.344,3869,0
2015-02-13,21:00:00,46.433,46.631,46.433,46.582,5761,0
2015-02-13,22:00:00,46.592,46.839,46.592,46.839,10247,0
2015-02-17,16:00:00,46.69,46.69,46.244,46.244,3487,0
2015-02-17,17:00:00,46.373,46.631,46.294,46.631,4116,0
2015-02-17,18:00:00,46.492,46.809,46.492,46.71,2313,0
2015-02-17,19:00:00,46.799,46.809,46.69,46.779,4123,0
2015-02-17,20:00:00,46.809,47.057,46.809,47.057,3917,0
2015-02-17,21:00:00,47.047,47.185,47.008,47.097,6846,0
2015-02-17,22:00:00,47.097,47.106,47.037,47.057,6576,0
2015-02-18,16:00:00,46.244,47.057,46.244,46.74,12060,0
2015-02-18,17:00:00,46.928,47.047,46.71,47.047,3303,0
2015-02-18,18:00:00,47.028,47.028,46.849,46.849,2864,0
2015-02-18,19:00:00,46.779,46.898,46.759,46.759,5492,0
2015-02-18,20:00:00,46.75,46.968,46.72,46.968,2119,0
2015-02-18,21:00:00,47.047,47.047,46.819,46.819,1373,0
2015-02-18,22:00:00,46.769,46.869,46.769,46.859,4396,0
2015-02-19,16:00:00,45.848,46.284,45.848,46.284,2877,0
2015-02-19,17:00:00,46.274,46.582,46.234,46.512,3590,0
2015-02-19,18:00:00,46.631,47.097,46.621,47.097,2486,0
2015-02-19,19:00:00,46.908,46.948,46.839,46.948,2541,0
2015-02-19,20:00:00,47.047,47.047,47.047,47.047,303,0
2015-02-19,21:00:00,47.166,47.175,47.087,47.175,3069,0
2015-02-19,22:00:00,47.166,47.166,46.968,46.998,1381,0
2015-02-20,17:00:00,46.532,46.572,46.463,46.492,3331,0
2015-02-20,18:00:00,46.621,46.67,46.542,46.67,3947,0
2015-02-20,19:00:00,46.71,46.819,46.483,46.483,5331,0
2015-02-20,20:00:00,46.483,46.621,46.483,46.592,3353,0
2015-02-20,21:00:00,46.65,46.66,46.492,46.492,6233,0
2015-02-20,22:00:00,46.631,46.65,46.612,46.612,1946,0
2015-02-23,16:00:00,46.224,46.463,46.185,46.393,5963,0
2015-02-23,17:00:00,46.463,46.72,46.423,46.72,5233,0
2015-02-23,18:00:00,46.65,46.849,46.65,46.75,2925,0
2015-02-23,19:00:00,46.68,46.75,46.66,46.75,6208,0
2015-02-23,20:00:00,46.621,47.205,46.621,46.938,7192,0
2015-02-23,21:00:00,46.938,46.938,46.69,46.759,11189,0
2015-02-23,22:00:00,46.69,46.74,46.602,46.74,1663,0
2015-02-24,16:00:00,47.106,47.156,47.047,47.057,3411,0
2015-02-24,17:00:00,46.859,46.908,46.809,46.829,4137,0
2015-02-24,18:00:00,46.898,46.918,46.602,46.69,10711,0
2015-02-24,19:00:00,46.631,46.75,46.631,46.69,7183,0
2015-02-24,20:00:00,46.73,46.779,46.66,46.66,4320,0
2015-02-24,21:00:00,46.64,46.67,46.512,46.65,9704,0
2015-02-24,22:00:00,46.67,46.849,46.66,46.849,5877,0
2015-02-25,16:00:00,47.057,47.057,46.759,46.799,4935,0
2015-02-25,17:00:00,46.829,46.988,46.829,46.988,3210,0
2015-02-25,18:00:00,46.918,47.295,46.918,47.295,3432,0
2015-02-25,19:00:00,47.285,47.285,47.136,47.146,8249,0
2015-02-25,20:00:00,47.156,47.275,47.156,47.265,7452,0
2015-02-25,21:00:00,47.324,47.414,47.245,47.265,40337,0
2015-02-25,22:00:00,47.235,47.334,47.235,47.334,12327,0
2015-02-26,16:00:00,47.265,47.305,47.116,47.116,3516,0
2015-02-26,17:00:00,47.047,47.067,46.998,47.067,1140,0
2015-02-26,18:00:00,47.185,47.265,47.156,47.215,4767,0
2015-02-26,19:00:00,47.205,47.265,47.106,47.205,2310,0
2015-02-26,20:00:00,47.087,47.087,47.037,47.067,1122,0
2015-02-26,21:00:00,46.988,46.988,46.769,46.789,5097,0
2015-02-26,22:00:00,46.789,47.126,46.779,47.028,5558,0
2015-02-27,17:00:00,47.106,47.156,47.057,47.156,909,0
2015-02-27,18:00:00,47.235,47.235,47.225,47.225,2226,0
2015-02-27,19:00:00,47.156,47.235,47.156,47.235,915,0
2015-02-27,20:00:00,47.175,47.175,47.037,47.057,2180,0
2015-02-27,21:00:00,47.097,47.097,47.037,47.077,942,0
2015-02-27,22:00:00,46.998,46.998,46.968,46.988,1031,0
2015-03-02,16:00:00,46.809,46.809,46.363,46.383,3735,0
2015-03-02,17:00:00,46.413,46.592,46.363,46.522,1615,0
2015-03-02,18:00:00,46.64,46.66,46.532,46.552,2196,0
2015-03-02,19:00:00,46.483,46.542,46.383,46.453,2556,0
2015-03-02,20:00:00,46.383,46.473,46.205,46.205,4924,0
2015-03-02,21:00:00,46.205,46.224,46.037,46.205,2559,0
2015-03-02,22:00:00,46.205,46.502,46.205,46.502,3184,0
2015-03-03,16:00:00,46.542,46.819,46.542,46.612,5610,0
2015-03-03,17:00:00,46.66,46.918,46.612,46.918,17698,0
2015-03-03,18:00:00,46.779,46.779,46.738,46.779,555,0
2015-03-03,19:00:00,47.03,47.136,47.03,47.136,504,0
2015-03-03,20:00:00,47.087,47.087,46.933,46.968,3420,0
2015-03-03,21:00:00,47.008,47.008,46.961,46.961,9183,0
2015-03-03,22:00:00,46.988,46.988,46.849,46.879,10851,0
2015-03-04,16:00:00,46.71,46.71,46.562,46.562,1846,0
2015-03-04,17:00:00,46.393,46.453,46.206,46.206,1802,0
2015-03-04,18:00:00,46.362,46.473,46.333,46.333,428,0
2015-03-04,19:00:00,46.428,46.428,46.428,46.428,101,0
2015-03-04,20:00:00,46.512,46.562,46.482,46.482,2221,0
2015-03-04,21:00:00,46.433,46.72,46.433,46.72,7846,0
2015-03-04,22:00:00,46.728,46.829,46.728,46.789,1926,0
2015-03-05,16:00:00,46.67,46.678,46.51,46.678,1786,0
2015-03-05,17:00:00,46.583,46.73,46.517,46.73,1519,0
2015-03-05,18:00:00,46.74,46.789,46.621,46.789,2598,0
2015-03-05,19:00:00,46.769,46.808,46.769,46.799,1181,0
2015-03-05,20:00:00,46.671,46.829,46.671,46.829,1060,0
2015-03-05,21:00:00,46.859,46.859,46.764,46.809,1405,0
2015-03-05,22:00:00,46.779,46.784,46.68,46.68,3833,0
2015-03-06,16:00:00,46.353,46.353,46.353,46.353,712,0
2015-03-06,17:00:00,46.433,46.434,46.363,46.434,1009,0
2015-03-06,18:00:00,46.274,46.381,46.252,46.252,339,0
2015-03-06,19:00:00,46.28,46.28,45.997,46.067,2848,0
2015-03-06,20:00:00,45.789,45.789,45.789,45.789,101,0
2015-03-06,21:00:00,45.928,45.977,45.72,45.739,2031,0
2015-03-06,22:00:00,45.798,45.818,45.69,45.818,1859,0
2015-03-09,15:00:00,45.818,46.116,45.818,45.969,3280,0
2015-03-09,16:00:00,45.941,46.393,45.941,46.393,1839,0
2015-03-09,17:00:00,46.255,46.255,46.027,46.027,801,0
2015-03-09,18:00:00,45.987,46.037,45.987,46.027,1170,0
2015-03-09,19:00:00,45.976,45.976,45.828,45.848,1003,0
2015-03-09,20:00:00,45.621,45.651,45.551,45.651,2194,0
2015-03-09,21:00:00,45.689,45.689,45.472,45.472,9195,0
2015-03-10,15:00:00,44.976,45.076,44.837,44.967,3895,0
2015-03-10,16:00:00,44.877,44.947,44.808,44.829,1760,0
2015-03-10,17:00:00,45.155,45.155,44.877,44.877,3104,0
2015-03-10,18:00:00,44.837,44.877,44.719,44.779,4825,0
2015-03-10,19:00:00,44.779,44.887,44.729,44.729,1668,0
2015-03-10,20:00:00,44.709,44.769,44.675,44.719,5057,0
2015-03-10,21:00:00,44.717,44.788,44.717,44.739,1171,0
2015-03-11,15:00:00,44.709,44.818,44.6,44.68,2307,0
2015-03-11,16:00:00,44.828,44.828,44.487,44.58,3997,0
2015-03-11,18:00:00,44.766,44.788,44.766,44.788,797,0
2015-03-11,19:00:00,44.779,44.779,44.729,44.729,1577,0
2015-03-11,20:00:00,44.828,44.947,44.828,44.947,706,0
2015-03-11,21:00:00,44.985,44.985,44.896,44.896,354,0
2015-03-12,15:00:00,45.016,45.135,45.016,45.026,4777,0
2015-03-12,16:00:00,45.065,45.135,45.016,45.016,842,0
2015-03-12,17:00:00,45.106,45.106,44.968,44.968,1045,0
2015-03-12,18:00:00,44.948,44.948,44.868,44.937,4101,0
2015-03-12,19:00:00,44.996,44.996,44.857,44.857,18583,0
2015-03-12,20:00:00,44.798,44.828,44.596,44.596,6702,0
2015-03-12,21:00:00,44.64,44.709,44.6,44.62,1351,0
2015-03-13,15:00:00,44.293,44.332,44.274,44.332,987,0
2015-03-13,16:00:00,44.234,44.244,44.095,44.125,936,0
2015-03-13,17:00:00,44.06,44.06,43.996,43.996,1881,0
2015-03-13,18:00:00,43.923,44.194,43.923,44.194,2820,0
2015-03-13,19:00:00,44.125,44.154,44.125,44.154,419,0
2015-03-13,20:00:00,44.154,44.154,44.085,44.154,2075,0
2015-03-13,21:00:00,44.174,44.461,44.174,44.461,6844,0
2015-03-16,15:00:00,44.264,44.264,44.035,44.085,5418,0
2015-03-16,16:00:00,44.242,44.242,44.025,44.145,1801,0
2015-03-16,17:00:00,44.234,44.283,44.115,44.283,1352,0
2015-03-16,18:00:00,44.351,44.481,44.351,44.481,952,0
2015-03-16,19:00:00,44.68,44.68,44.62,44.62,5370,0
2015-03-16,20:00:00,44.701,44.968,44.701,44.907,562,0
2015-03-16,21:00:00,44.996,45.125,44.996,45.125,12525,0
2015-03-17,15:00:00,44.837,44.986,44.739,44.739,8174,0
2015-03-17,16:00:00,44.739,44.739,44.63,44.63,3044,0
2015-03-17,17:00:00,44.698,44.749,44.67,44.749,1662,0
2015-03-17,18:00:00,44.797,45.085,44.797,45.085,891,0
2015-03-17,19:00:00,45.08,45.225,45.08,45.175,1604,0
2015-03-17,20:00:00,45.116,45.125,45.066,45.125,1442,0
2015-03-17,21:00:00,45.106,45.106,45.106,45.106,560,0
2015-03-18,15:00:00,44.857,44.976,44.857,44.976,1207,0
2015-03-18,16:00:00,45.076,45.106,45.005,45.106,1260,0
2015-03-18,17:00:00,45.133,45.284,45.133,45.284,1050,0
2015-03-18,18:00:00,45.392,45.571,45.351,45.571,1544,0
2015-03-18,19:00:00,45.591,45.669,45.591,45.669,211,0
2015-03-18,20:00:00,46.305,46.403,46.214,46.403,1481,0
2015-03-18,21:00:00,46.597,46.859,46.443,46.527,1796,0
2015-03-19,15:00:00,45.939,45.939,45.729,45.908,2592,0
2015-03-19,16:00:00,46.06,46.06,45.943,45.943,817,0
2015-03-19,17:00:00,45.967,46.057,45.879,45.88,3043,0
2015-03-19,18:00:00,45.825,45.868,45.818,45.868,784,0
2015-03-19,19:00:00,45.888,45.977,45.878,45.957,3150,0
2015-03-19,20:00:00,45.957,46.056,45.931,45.967,2911,0
2015-03-19,21:00:00,46.037,46.037,45.938,46.037,907,0
2015-03-20,15:00:00,46.324,46.562,46.324,46.562,3368,0
2015-03-20,16:00:00,46.608,46.608,46.453,46.55,2700,0
2015-03-20,17:00:00,46.691,46.751,46.622,46.64,1224,0
2015-03-20,18:00:00,46.681,46.681,46.572,46.582,84669,0
2015-03-20,19:00:00,46.651,46.706,46.552,46.552,22000,0
2015-03-20,20:00:00,46.522,46.651,46.492,46.621,5077,0
2015-03-20,21:00:00,46.631,46.641,46.433,46.621,6790,0
2015-03-23,15:00:00,46.631,46.87,46.631,46.86,5474,0
2015-03-23,16:00:00,46.8,46.959,46.791,46.929,6117,0
2015-03-23,17:00:00,46.636,46.766,46.582,46.582,3175,0
2015-03-23,18:00:00,46.572,46.73,46.572,46.651,745,0
2015-03-23,19:00:00,46.492,46.492,46.47,46.47,353,0
2015-03-23,20:00:00,46.423,46.453,46.383,46.429,5650,0
2015-03-23,21:00:00,46.373,46.388,46.175,46.175,1431,0
2015-03-24,15:00:00,46.314,46.314,45.986,46.006,6934,0
2015-03-24,16:00:00,45.937,45.946,45.907,45.946,1444,0
2015-03-24,17:00:00,46.028,46.16,46.028,46.16,838,0
2015-03-24,18:00:00,46.105,46.224,46.105,46.195,987,0
2015-03-24,19:00:00,46.195,46.195,46.016,46.054,2824,0
2015-03-24,20:00:00,46.026,46.056,45.996,45.996,720,0
2015-03-24,21:00:00,46.115,46.124,46.043,46.056,1566,0
2015-03-25,15:00:00,46.294,46.592,46.155,46.592,990,0
2015-03-25,16:00:00,46.542,46.542,46.521,46.521,428,0
2015-03-25,17:00:00,46.681,46.731,46.552,46.651,2720,0
2015-03-25,18:00:00,46.681,46.681,46.572,46.572,608,0
2015-03-25,19:00:00,46.701,46.79,46.701,46.761,634,0
2015-03-25,20:00:00,46.753,46.959,46.753,46.959,2456,0
2015-03-25,21:00:00,46.86,46.86,46.582,46.641,3832,0
2015-03-26,15:00:00,47.058,47.223,46.979,46.979,4119,0
2015-03-26,16:00:00,46.969,47.009,46.89,46.909,3405,0
2015-03-26,17:00:00,46.82,46.82,46.661,46.802,1759,0
2015-03-26,18:00:00,46.89,47,46.858,46.979,2452,0
2015-03-26,19:00:00,46.959,47.138,46.941,47.138,979,0
2015-03-26,20:00:00,47.161,47.161,46.88,46.88,33347,0
2015-03-26,21:00:00,46.909,47.048,46.82,46.88,7462,0
2015-03-27,15:00:00,46.751,46.751,46.463,46.562,29115,0
2015-03-27,16:00:00,46.463,46.701,46.463,46.61,1207,0
2015-03-27,17:00:00,46.661,46.661,46.621,46.621,518,0
2015-03-27,18:00:00,46.621,46.661,46.532,46.551,1723,0
2015-03-27,19:00:00,46.542,46.691,46.542,46.651,1745,0
2015-03-27,20:00:00,46.77,46.78,46.592,46.592,6402,0
2015-03-27,21:00:00,46.582,46.582,46.435,46.542,9940,0
2015-03-30,16:00:00,46.76,47.108,46.76,47.108,3651,0
2015-03-30,17:00:00,47.012,47.098,46.969,47.098,6718,0
2015-03-30,18:00:00,46.999,47.256,46.999,47.237,2685,0
2015-03-30,19:00:00,47.217,47.217,47.058,47.098,1763,0
2015-03-30,20:00:00,47.128,47.224,47.128,47.183,2552,0
2015-03-30,21:00:00,47.183,47.446,47.183,47.446,19852,0
2015-03-30,22:00:00,47.386,47.509,47.386,47.488,2915,0
2015-03-31,16:00:00,47.048,47.048,47.048,47.048,198,0
2015-03-31,17:00:00,47.048,47.396,47.048,47.396,8210,0
2015-03-31,18:00:00,47.396,47.396,47.218,47.237,827,0
2015-03-31,19:00:00,47.237,47.237,47.237,47.237,43,0
2015-03-31,20:00:00,47.237,47.474,47.237,47.386,748,0
2015-03-31,21:00:00,47.386,47.406,47.257,47.257,569,0
2015-03-31,22:00:00,47.193,47.193,46.979,46.979,623,0
2015-04-01,16:00:00,47.316,47.674,47.178,47.644,3563,0
2015-04-01,17:00:00,47.535,47.604,47.366,47.604,1858,0
2015-04-01,18:00:00,47.604,47.803,47.604,47.803,1096,0
2015-04-01,19:00:00,47.803,48.011,47.803,48.011,2321,0
2015-04-01,20:00:00,48.011,48.011,47.908,47.908,1238,0
2015-04-01,21:00:00,47.908,47.908,47.841,47.841,1312,0
2015-04-01,22:00:00,47.841,47.841,47.545,47.575,15627,0
2015-04-02,16:00:00,47.406,47.952,47.406,47.952,2421,0
2015-04-02,17:00:00,47.952,48.041,47.882,47.952,9476,0
2015-04-02,18:00:00,47.981,47.981,47.694,47.694,5735,0
2015-04-02,19:00:00,47.694,47.714,47.674,47.714,29030,0
2015-04-02,20:00:00,47.714,47.773,47.247,47.247,13287,0
2015-04-02,21:00:00,47.247,47.446,47.247,47.386,4277,0
2015-04-02,22:00:00,47.335,47.515,47.335,47.505,2848,0
2015-04-06,16:00:00,47.654,47.902,47.585,47.585,27004,0
2015-04-06,17:00:00,47.684,48.131,47.684,48.131,2276,0
2015-04-06,18:00:00,48.14,48.27,48.039,48.27,2439,0
2015-04-06,19:00:00,48.21,48.349,48.18,48.339,2359,0
2015-04-06,20:00:00,48.339,48.518,48.339,48.508,3098,0
2015-04-06,21:00:00,48.518,48.528,48.389,48.508,8673,0
2015-04-06,22:00:00,48.488,48.518,48.26,48.319,4778,0
2015-04-07,16:00:00,48.19,48.409,48.19,48.409,2225,0
2015-04-07,17:00:00,48.299,48.498,48.299,48.468,4099,0
2015-04-07,18:00:00,48.468,48.587,48.468,48.587,2442,0
2015-04-07,19:00:00,48.548,48.561,48.498,48.498,799,0
2015-04-07,20:00:00,48.425,48.444,48.121,48.121,21008,0
2015-04-07,21:00:00,48.24,48.329,48.24,48.279,977,0
2015-04-07,22:00:00,48.279,48.279,48.011,48.011,2702,0
2015-04-08,16:00:00,48.19,48.428,48.19,48.369,1721,0
2015-04-08,17:00:00,48.22,48.22,47.797,47.827,18829,0
2015-04-08,18:00:00,47.827,47.961,47.827,47.892,721,0
2015-04-08,19:00:00,47.861,47.861,47.714,47.793,537,0
2015-04-08,20:00:00,47.892,47.892,47.856,47.856,485,0
2015-04-08,21:00:00,47.982,48.111,47.684,47.694,8750,0
2015-04-08,22:00:00,47.694,47.694,47.555,47.634,4839,0
2015-04-09,16:00:00,47.803,48.16,47.803,48.16,1451,0
2015-04-09,17:00:00,48.16,48.16,47.883,47.883,89056,0
2015-04-09,18:00:00,48.072,48.14,47.952,48.14,799,0
2015-04-09,19:00:00,48.26,48.318,48.185,48.318,1773,0
2015-04-09,20:00:00,48.318,48.318,48.201,48.201,1395,0
2015-04-09,21:00:00,48.242,48.31,48.242,48.306,2443,0
2015-04-09,22:00:00,48.294,48.359,48.294,48.359,4013,0
2015-04-10,16:00:00,48.617,48.617,48.442,48.448,6272,0
2015-04-10,17:00:00,48.448,48.448,48.23,48.44,1696,0
2015-04-10,18:00:00,48.44,48.538,48.379,48.475,1562,0
2015-04-10,19:00:00,48.466,48.498,48.379,48.379,2247,0
2015-04-10,20:00:00,48.402,48.402,48.319,48.378,1646,0
2015-04-10,21:00:00,48.378,48.435,48.329,48.42,1885,0
2015-04-10,22:00:00,48.42,48.478,48.361,48.478,9325,0
2015-04-13,16:00:00,48.687,48.716,48.071,48.557,3989,0
2015-04-13,17:00:00,48.229,48.229,47.932,47.932,1004,0
2015-04-13,18:00:00,47.947,48.111,47.818,47.818,2258,0
2015-04-13,19:00:00,47.833,47.872,47.823,47.823,9569,0
2015-04-13,20:00:00,47.882,47.882,47.694,47.694,38757,0
2015-04-13,21:00:00,47.773,47.813,47.684,47.684,3991,0
2015-04-13,22:00:00,47.684,47.704,47.614,47.664,3914,0
2015-04-14,16:00:00,48.061,48.299,48.041,48.279,4225,0
2015-04-14,17:00:00,48.153,48.438,48.153,48.438,1059,0
2015-04-14,18:00:00,48.23,48.428,48.23,48.428,1131,0
2015-04-14,19:00:00,48.468,48.576,48.456,48.576,2498,0
2015-04-14,20:00:00,48.576,48.667,48.576,48.667,1235,0
2015-04-14,21:00:00,48.607,48.607,48.526,48.526,1582,0
2015-04-14,22:00:00,48.526,48.557,48.458,48.557,7993,0
2015-04-15,16:00:00,48.875,49.053,48.742,48.984,3043,0
2015-04-15,17:00:00,48.984,49.292,48.845,49.292,5955,0
2015-04-15,18:00:00,49.292,49.441,49.292,49.302,1167,0
2015-04-15,19:00:00,49.319,49.426,49.319,49.426,373,0
2015-04-15,20:00:00,49.51,49.64,49.501,49.64,20213,0
2015-04-15,21:00:00,49.574,49.673,49.574,49.62,1748,0
2015-04-15,22:00:00,49.62,49.788,49.62,49.689,52430,0
2015-04-16,16:00:00,49.58,49.58,49.302,49.312,1776,0
2015-04-16,17:00:00,49.312,49.342,49.302,49.342,889,0
2015-04-16,18:00:00,49.322,49.58,49.318,49.58,3022,0
2015-04-16,19:00:00,49.56,49.918,49.56,49.888,4460,0
2015-04-16,20:00:00,49.878,50.096,49.878,50.096,4254,0
2015-04-16,21:00:00,50.017,50.017,49.828,49.838,9601,0
2015-04-16,22:00:00,49.828,49.848,49.55,49.62,6781,0
2015-04-17,16:00:00,49.411,49.64,49.11,49.267,3931,0
2015-04-17,17:00:00,49.114,49.193,48.792,49.193,4577,0
2015-04-17,18:00:00,49.074,49.242,48.994,49.242,3370,0
2015-04-17,19:00:00,49.014,49.024,48.915,48.925,2111,0
2015-04-17,20:00:00,49.074,49.074,48.647,48.648,3153,0
2015-04-17,21:00:00,48.746,48.976,48.647,48.885,1315,0
2015-04-17,22:00:00,48.912,49.034,48.835,49.034,1715,0
2015-04-20,16:00:00,49.014,49.52,49.014,49.437,1979,0
2015-04-20,17:00:00,49.687,49.729,49.491,49.491,26861,0
2015-04-20,18:00:00,49.64,49.64,49.381,49.381,2015,0
2015-04-20,19:00:00,49.462,49.6,49.462,49.511,2220,0
2015-04-20,20:00:00,49.569,49.569,49.382,49.402,2201,0
2015-04-20,21:00:00,49.22,49.262,49.184,49.217,1607,0
2015-04-20,22:00:00,49.332,49.362,49.188,49.252,2076,0
2015-04-21,16:00:00,49.56,49.56,48.989,48.989,2804,0
2015-04-21,17:00:00,48.905,49.037,48.905,48.945,1185,0
2015-04-21,18:00:00,49.004,49.004,48.657,48.695,3334,0
2015-04-21,19:00:00,48.736,48.825,48.706,48.825,921,0
2015-04-21,20:00:00,48.687,48.726,48.587,48.587,2310,0
2015-04-21,21:00:00,48.498,48.687,48.488,48.613,833,0
2015-04-21,22:00:00,48.657,48.736,48.598,48.677,3593,0
2015-04-22,16:00:00,48.806,49.074,48.806,49.014,2111,0
2015-04-22,17:00:00,48.739,48.796,48.48,48.796,2007,0
2015-04-22,18:00:00,49.183,49.183,49.084,49.084,1007,0
2015-04-22,19:00:00,49.203,49.271,49.153,49.242,2820,0
2015-04-22,20:00:00,49.203,49.334,49.163,49.334,1673,0
2015-04-22,21:00:00,49.323,49.323,49.157,49.197,1622,0
2015-04-22,22:00:00,49.19,49.223,49.082,49.192,2343,0
2015-04-23,16:00:00,49.17,49.648,49.17,49.648,4118,0
2015-04-23,17:00:00,49.431,49.431,49.362,49.362,252,0
2015-04-23,18:00:00,49.421,49.62,49.421,49.6,1223,0
2015-04-23,19:00:00,49.55,49.659,49.451,49.63,15393,0
2015-04-23,20:00:00,49.65,49.709,49.54,49.64,7065,0
2015-04-23,21:00:00,49.63,49.63,49.431,49.471,17694,0
2015-04-23,22:00:00,49.471,49.509,49.372,49.381,8203,0
2015-04-24,16:00:00,49.372,49.381,49.213,49.342,2813,0
2015-04-24,17:00:00,49.233,49.233,49.103,49.143,1524,0
2015-04-24,18:00:00,49.078,49.282,49.078,49.133,3833,0
2015-04-24,19:00:00,49.123,49.233,49.074,49.074,11448,0
2015-04-24,20:00:00,49.123,49.143,48.994,48.994,5387,0
2015-04-24,21:00:00,49.009,49.034,48.895,48.895,5972,0
2015-04-24,22:00:00,48.94,49.263,48.905,49.223,2999,0
2015-04-27,16:00:00,49.381,49.511,49.105,49.193,2583,0
2015-04-27,17:00:00,49.333,49.333,49.094,49.094,2776,0
2015-04-27,18:00:00,49.084,49.291,49.084,49.223,3375,0
2015-04-27,19:00:00,49.213,49.262,48.925,48.925,2624,0
2015-04-27,20:00:00,48.915,48.915,48.895,48.905,2015,0
2015-04-27,21:00:00,48.905,48.984,48.803,48.974,3528,0
2015-04-27,22:00:00,48.945,49.014,48.845,48.905,2377,0
2015-04-28,16:00:00,48.875,49.153,48.875,49.153,6089,0
2015-04-28,17:00:00,49.282,49.282,48.756,48.855,5118,0
2015-04-28,18:00:00,48.935,49.024,48.855,48.925,4804,0
2015-04-28,19:00:00,48.855,48.925,48.806,48.845,4691,0
2015-04-28,20:00:00,48.865,48.972,48.825,48.972,8518,0
2015-04-28,21:00:00,48.964,48.994,48.913,48.935,3198,0
2015-04-28,22:00:00,48.997,49.054,48.984,49.054,1812,0
2015-04-29,16:00:00,48.845,49.074,48.845,49.064,2536,0
2015-04-29,17:00:00,49.033,49.193,48.792,49.193,5633,0
2015-04-29,18:00:00,49.421,49.649,49.421,49.649,7635,0
2015-04-29,19:00:00,49.6,49.739,49.52,49.739,6082,0
2015-04-29,20:00:00,49.62,49.679,49.58,49.679,2363,0
2015-04-29,21:00:00,49.59,49.64,49.511,49.61,3666,0
2015-04-29,22:00:00,49.6,49.639,49.499,49.613,6077,0
2015-04-30,16:00:00,49.719,49.719,49.252,49.252,1238,0
2015-04-30,17:00:00,49.123,49.153,48.9,48.924,2558,0
2015-04-30,18:00:00,49.054,49.332,48.985,49.332,2080,0
2015-04-30,19:00:00,49.491,49.491,49.463,49.491,2282,0
2015-04-30,20:00:00,49.373,49.436,49.373,49.399,1561,0
2015-04-30,21:00:00,49.431,49.431,49.14,49.14,5071,0
2015-04-30,22:00:00,49.024,49.203,48.984,49.203,3337,0
2015-05-01,16:00:00,49.391,49.406,49.173,49.29,4129,0
2015-05-01,17:00:00,49.133,49.193,49.014,49.064,1132,0
2015-05-01,18:00:00,49.075,49.113,49.075,49.113,212,0
2015-05-01,19:00:00,49.223,49.272,49.153,49.262,2005,0
2015-05-01,20:00:00,49.256,49.372,49.256,49.372,632,0
2015-05-01,21:00:00,49.506,49.512,49.481,49.512,857,0
2015-05-01,22:00:00,49.451,49.451,49.391,49.391,1596,0
2015-05-04,16:00:00,49.431,49.58,49.368,49.419,2564,0
2015-05-04,17:00:00,49.352,49.352,49.114,49.123,1369,0
2015-05-04,18:00:00,49.024,49.312,49.024,49.173,2834,0
2015-05-04,19:00:00,49.26,49.26,48.677,48.894,16524,0
2015-05-04,20:00:00,48.885,48.994,48.885,48.994,1482,0
2015-05-04,21:00:00,48.984,49.004,48.984,49.004,7949,0
2015-05-04,22:00:00,49.083,49.137,49.074,49.103,2055,0
2015-05-05,16:00:00,49.6,49.669,49.272,49.272,3939,0
2015-05-05,17:00:00,49.173,49.381,48.935,49.381,6826,0
2015-05-05,18:00:00,49.342,49.342,48.935,48.945,1166,0
2015-05-05,19:00:00,48.964,48.964,48.647,48.647,26163,0
2015-05-05,20:00:00,48.623,48.632,48.468,48.468,23278,0
2015-05-05,21:00:00,48.399,48.399,48.299,48.309,2045,0
2015-05-05,22:00:00,48.309,48.329,48.17,48.17,5054,0
2015-05-06,16:00:00,48.696,48.696,47.971,48.031,5958,0
2015-05-06,17:00:00,48.066,48.484,48.066,48.409,2461,0
2015-05-06,18:00:00,48.22,48.25,47.922,47.928,2752,0
2015-05-06,19:00:00,47.992,48.16,47.922,47.972,1461,0
2015-05-06,20:00:00,47.98,48.021,47.833,47.839,3193,0
2015-05-06,21:00:00,47.833,47.837,47.604,47.634,5948,0
2015-05-06,22:00:00,47.628,47.753,47.515,47.753,5738,0
2015-05-07,16:00:00,47.644,47.644,46.899,46.899,21635,0
2015-05-07,17:00:00,46.929,46.929,46.88,46.88,246,0
2015-05-07,18:00:00,47.038,47.326,47.038,47.197,985,0
2015-05-07,19:00:00,47.296,47.377,47.227,47.324,3482,0
2015-05-07,20:00:00,47.158,47.177,47.038,47.088,3124,0
2015-05-07,21:00:00,47.088,47.138,47.038,47.128,1481,0
2015-05-07,22:00:00,47.237,47.326,47.237,47.326,3851,0
2015-05-08,16:00:00,47.585,47.585,46.904,46.919,3451,0
2015-05-08,17:00:00,47.128,47.346,47.118,47.303,1250,0
2015-05-08,18:00:00,47.396,47.664,47.396,47.604,1108,0
2015-05-08,19:00:00,47.684,47.763,47.684,47.723,1209,0
2015-05-08,20:00:00,47.736,47.843,47.694,47.753,5198,0
2015-05-08,21:00:00,47.733,47.823,47.684,47.793,3464,0
2015-05-08,22:00:00,47.773,47.932,47.773,47.843,4668,0
2015-05-11,16:00:00,48.021,48.021,47.624,47.624,389,0
2015-05-11,17:00:00,47.158,47.158,47.029,47.058,1637,0
2015-05-11,18:00:00,47.134,47.247,46.919,47.227,3998,0
2015-05-11,19:00:00,47.108,47.118,47.108,47.118,554,0
2015-05-11,20:00:00,47.062,47.062,46.967,46.99,1856,0
2015-05-11,21:00:00,47.015,47.07,46.999,47.019,2112,0
2015-05-11,22:00:00,46.982,47.146,46.982,47.048,4654,0
2015-05-12,16:00:00,47.058,47.058,46.899,46.909,889,0
2015-05-12,17:00:00,46.909,47.058,46.84,47.058,1320,0
2015-05-12,18:00:00,47.277,47.381,47.172,47.356,1617,0
2015-05-12,19:00:00,47.326,47.326,47.168,47.177,1240,0
2015-05-12,20:00:00,47.117,47.257,47.117,47.257,3667,0
2015-05-12,21:00:00,47.207,47.305,47.207,47.247,1748,0
2015-05-12,22:00:00,47.227,47.287,47.222,47.277,985,0
2015-05-13,16:00:00,47.783,47.783,47.545,47.545,3754,0
2015-05-13,17:00:00,47.356,47.376,47.11,47.158,2775,0
2015-05-13,18:00:00,47.138,47.237,47.088,47.187,2192,0
2015-05-13,19:00:00,47.148,47.187,47.038,47.187,1220,0
2015-05-13,20:00:00,47.191,47.267,47.191,47.267,1222,0
2015-05-13,21:00:00,47.195,47.195,47.014,47.118,142851,0
2015-05-13,22:00:00,47.207,47.287,47.168,47.257,1405,0
2015-05-14,16:00:00,47.307,47.515,47.197,47.515,3327,0
2015-05-14,17:00:00,47.515,47.694,47.515,47.531,2492,0
2015-05-14,18:00:00,47.565,47.565,47.416,47.416,926,0
2015-05-14,19:00:00,47.316,47.316,47.307,47.307,201,0
2015-05-14,20:00:00,47.35,47.35,47.282,47.326,2978,0
2015-05-14,21:00:00,47.271,47.271,47.187,47.187,740,0
2015-05-14,22:00:00,47.243,47.247,47.158,47.168,2363,0
2015-05-15,16:00:00,47.038,47.078,46.661,46.77,2011,0
2015-05-15,17:00:00,47.048,47.078,47,47.029,1234,0
2015-05-15,18:00:00,46.992,46.992,46.992,46.992,145,0
2015-05-15,19:00:00,47.138,47.336,47.129,47.336,1067,0
2015-05-15,20:00:00,47.336,47.34,47.336,47.34,523,0
2015-05-15,21:00:00,47.386,47.485,47.386,47.485,505,0
2015-05-15,22:00:00,47.398,47.398,47.366,47.366,504,0
2015-05-18,16:00:00,47.336,47.336,47.267,47.267,304,0
2015-05-18,17:00:00,47.366,47.426,47.366,47.426,403,0
2015-05-18,18:00:00,47.495,47.592,47.277,47.555,1864,0
2015-05-18,19:00:00,47.585,47.585,47.535,47.579,453,0
2015-05-18,20:00:00,47.614,47.614,47.575,47.575,302,0
2015-05-18,21:00:00,47.673,47.733,47.673,47.704,1612,0
2015-05-18,22:00:00,47.813,47.882,47.813,47.872,2954,0
2015-05-19,16:00:00,47.475,47.475,47.257,47.307,895,0
2015-05-19,17:00:00,47.158,47.158,47.058,47.058,201,0
2015-05-19,18:00:00,47.048,47.217,47.048,47.128,1128,0
2015-05-19,19:00:00,47.108,47.108,46.959,46.959,1410,0
2015-05-19,20:00:00,46.999,47.078,46.969,47.078,1410,0
2015-05-19,21:00:00,47.058,47.158,47.058,47.134,1712,0
2015-05-19,22:00:00,47.158,47.168,47.088,47.168,2581,0
2015-05-20,16:00:00,47.148,47.148,46.85,46.85,2219,0
2015-05-20,17:00:00,47.128,47.128,46.84,46.84,597,0
2015-05-20,18:00:00,46.871,46.89,46.842,46.87,1428,0
2015-05-20,19:00:00,47.012,47.068,46.949,47.068,52519,0
2015-05-20,20:00:00,46.929,47.078,46.929,47.038,907,0
2015-05-20,21:00:00,47.104,47.193,47.104,47.193,207,0
2015-05-20,22:00:00,47.138,47.217,47.039,47.177,3136,0
2015-05-21,16:00:00,47.297,47.475,47.297,47.427,2155,0
2015-05-21,17:00:00,47.634,47.749,47.588,47.704,3179,0
2015-05-21,18:00:00,47.733,47.733,47.635,47.674,1120,0
2015-05-21,19:00:00,47.684,47.773,47.684,47.714,4885,0
2015-05-21,20:00:00,47.684,47.689,47.555,47.555,753,0
2015-05-21,21:00:00,47.624,47.704,47.624,47.684,1722,0
2015-05-21,22:00:00,47.763,47.763,47.733,47.743,1309,0
2015-05-22,16:00:00,47.455,47.495,47.455,47.48,2171,0
2015-05-22,17:00:00,47.67,47.67,47.67,47.67,101,0
2015-05-22,18:00:00,47.624,47.624,47.465,47.465,954,0
2015-05-22,19:00:00,47.424,47.495,47.404,47.495,1063,0
2015-05-22,20:00:00,47.455,47.509,47.455,47.509,705,0
2015-05-22,21:00:00,47.578,47.578,47.578,47.578,695,0
2015-05-22,22:00:00,47.6,47.634,47.545,47.585,525,0
2015-05-26,16:00:00,47.237,47.237,46.989,46.989,2560,0
2015-05-26,18:00:00,46.82,46.82,46.701,46.701,2412,0
2015-05-26,19:00:00,46.661,46.661,46.602,46.641,1121,0
2015-05-26,20:00:00,46.592,46.651,46.562,46.562,2007,0
2015-05-26,21:00:00,46.572,46.661,46.522,46.532,6898,0
2015-05-26,22:00:00,46.641,46.768,46.62,46.681,57679,0
2015-05-27,16:00:00,46.77,46.78,46.691,46.78,1218,0
2015-05-27,17:00:00,46.602,46.621,46.443,46.453,2908,0
2015-05-27,18:00:00,46.512,46.602,46.453,46.602,980,0
2015-05-27,19:00:00,46.722,46.76,46.632,46.681,4287,0
2015-05-27,20:00:00,46.681,46.83,46.651,46.83,937,0
2015-05-27,21:00:00,46.88,46.88,46.572,46.621,1335,0
2015-05-27,22:00:00,46.641,46.751,46.641,46.711,21102,0
2015-05-28,16:00:00,46.562,46.562,46.522,46.562,2105,0
2015-05-28,17:00:00,46.333,46.334,46.095,46.095,5049,0
2015-05-28,18:00:00,46.195,46.195,46.195,46.195,101,0
2015-05-28,19:00:00,46.195,46.195,46.085,46.085,942,0
2015-05-28,20:00:00,46.151,46.151,46.151,46.151,117,0
2015-05-28,21:00:00,46.186,46.393,46.186,46.393,1215,0
2015-05-28,22:00:00,46.413,46.438,46.363,46.363,1984,0
2015-05-29,16:00:00,46.314,46.534,46.314,46.463,5063,0
2015-05-29,17:00:00,46.701,46.721,46.582,46.582,1730,0
2015-05-29,18:00:00,46.562,46.562,46.413,46.502,1213,0
2015-05-29,19:00:00,46.595,46.721,46.572,46.697,1484,0
2015-05-29,20:00:00,46.715,46.78,46.681,46.78,1233,0
2015-05-29,21:00:00,46.631,46.671,46.602,46.615,593,0
2015-05-29,22:00:00,46.653,46.661,46.542,46.542,905,0
2015-06-01,16:00:00,46.671,46.671,46.532,46.532,770,0
2015-06-01,17:00:00,46.612,46.612,46.373,46.443,1172,0
2015-06-01,18:00:00,46.473,46.512,46.467,46.467,453,0
2015-06-01,19:00:00,46.428,46.436,46.363,46.363,2569,0
2015-06-01,20:00:00,46.384,46.592,46.384,46.532,9834,0
2015-06-01,21:00:00,46.582,46.582,46.482,46.482,456,0
2015-06-01,22:00:00,46.472,46.483,46.373,46.423,3793,0
2015-06-02,16:00:00,46.681,46.681,46.681,46.681,696,0
2015-06-02,17:00:00,46.314,46.681,46.314,46.681,1108,0
2015-06-02,18:00:00,46.562,46.711,46.502,46.711,927,0
2015-06-02,19:00:00,46.731,47.009,46.729,46.91,2560,0
2015-06-02,20:00:00,46.88,46.968,46.88,46.968,11611,0
2015-06-02,21:00:00,46.998,46.998,46.807,46.807,2337,0
2015-06-02,22:00:00,46.79,46.79,46.746,46.746,1621,0
2015-06-03,16:00:00,46.572,46.572,46.572,46.572,201,0
2015-06-03,17:00:00,46.55,46.8,46.55,46.602,1089,0
2015-06-03,18:00:00,46.552,46.582,46.443,46.443,1407,0
2015-06-03,19:00:00,46.353,46.383,46.284,46.304,2367,0
2015-06-03,20:00:00,46.254,46.271,46.17,46.271,1431,0
2015-06-03,21:00:00,46.383,46.499,46.383,46.413,8075,0
2015-06-03,22:00:00,46.363,46.386,46.195,46.205,4112,0
2015-06-04,16:00:00,46.046,46.046,45.549,45.738,9487,0
2015-06-04,17:00:00,45.939,45.967,45.553,45.553,845,0
2015-06-04,18:00:00,45.647,45.647,45.529,45.529,555,0
2015-06-04,19:00:00,45.668,45.697,45.644,45.678,1183,0
2015-06-04,20:00:00,45.482,45.5,45.46,45.5,721,0
2015-06-04,21:00:00,45.561,45.561,45.506,45.539,1314,0
2015-06-04,22:00:00,45.539,45.539,45.402,45.41,4465,0
2015-06-05,16:00:00,45.959,45.959,45.957,45.957,927,0
2015-06-05,17:00:00,46.056,46.363,46.056,46.363,9733,0
2015-06-05,18:00:00,46.135,46.155,46.061,46.061,1019,0
2015-06-05,19:00:00,46.195,46.257,46.135,46.257,907,0
2015-06-05,21:00:00,46.373,46.413,46.373,46.413,519,0
2015-06-05,22:00:00,46.205,46.205,46.185,46.185,655,0
2015-06-08,16:00:00,46.026,46.314,46.026,46.234,1178,0
2015-06-08,18:00:00,46.075,46.155,46.006,46.006,7988,0
2015-06-08,19:00:00,46.001,46.001,45.935,45.935,922,0
2015-06-08,20:00:00,45.849,45.849,45.825,45.825,2146,0
2015-06-08,21:00:00,45.768,45.857,45.768,45.857,322,0
2015-06-08,22:00:00,45.865,45.946,45.837,45.837,1604,0
2015-06-09,16:00:00,46.483,46.483,46.344,46.344,2363,0
2015-06-09,17:00:00,46.224,46.249,46.095,46.214,535,0
2015-06-09,18:00:00,46.224,46.224,46.165,46.175,302,0
2015-06-09,19:00:00,46.118,46.15,46.118,46.15,928,0
2015-06-09,20:00:00,46.185,46.185,46.185,46.185,101,0
2015-06-09,21:00:00,46.105,46.115,46.056,46.056,1962,0
2015-06-09,22:00:00,46.054,46.056,45.974,45.974,1046,0
2015-06-10,16:00:00,46.473,46.592,46.473,46.592,422,0
2015-06-10,17:00:00,46.552,46.77,46.552,46.77,430,0
2015-06-10,18:00:00,46.612,46.691,46.612,46.691,353,0
2015-06-10,19:00:00,46.693,46.693,46.69,46.69,473,0
2015-06-10,20:00:00,46.683,46.683,46.612,46.612,946,0
2015-06-10,21:00:00,46.695,46.711,46.695,46.701,3213,0
2015-06-10,22:00:00,46.661,46.691,46.65,46.671,1730,0
2015-06-11,16:00:00,46.721,46.721,46.602,46.602,233,0
2015-06-11,17:00:00,46.652,46.84,46.652,46.82,1201,0
2015-06-11,18:00:00,46.671,46.77,46.671,46.741,2411,0
2015-06-11,20:00:00,46.643,46.643,46.613,46.613,1827,0
2015-06-11,21:00:00,46.621,46.623,46.621,46.623,251,0
2015-06-11,22:00:00,46.621,46.621,46.559,46.559,273,0
2015-06-12,17:00:00,45.991,45.991,45.991,45.991,645,0
2015-06-12,18:00:00,46.031,46.046,46.031,46.046,220,0
2015-06-12,19:00:00,46.019,46.073,46.019,46.046,562,0
2015-06-12,21:00:00,46.016,46.016,46.016,46.016,403,0
2015-06-12,22:00:00,46.015,46.07,46.008,46.036,524,0
2015-06-15,16:00:00,45.639,45.797,45.616,45.797,595,0
2015-06-15,17:00:00,45.629,45.797,45.629,45.797,252,0
2015-06-15,18:00:00,45.946,46.024,45.927,45.986,1042,0
2015-06-15,19:00:00,45.956,45.956,45.956,45.956,173,0
2015-06-15,20:00:00,46.026,46.026,45.837,45.837,201,0
2015-06-15,21:00:00,45.808,45.808,45.808,45.808,124,0
2015-06-15,22:00:00,45.817,45.867,45.802,45.847,1509,0
2015-06-16,16:00:00,45.946,46.095,45.946,46.056,717,0
2015-06-16,17:00:00,45.936,45.936,45.936,45.936,109,0
2015-06-16,18:00:00,46.046,46.118,45.946,46.109,1907,0
2015-06-16,19:00:00,46.074,46.075,46.036,46.046,2140,0
2015-06-16,20:00:00,46.089,46.165,46.089,46.165,1107,0
2015-06-16,21:00:00,46.227,46.279,46.227,46.274,727,0
2015-06-16,22:00:00,46.231,46.304,46.204,46.304,541,0
2015-06-17,16:00:00,46.751,46.81,46.731,46.77,6648,0
2015-06-17,17:00:00,46.741,46.741,46.334,46.334,403,0
2015-06-17,18:00:00,46.358,46.358,46.181,46.181,863,0
2015-06-17,19:00:00,46.066,46.075,45.909,45.927,1622,0
2015-06-17,20:00:00,45.956,45.976,45.956,45.976,216,0
2015-06-17,21:00:00,46.324,46.324,46.324,46.324,1781,0
2015-06-17,22:00:00,46.224,46.224,46.095,46.095,509,0
2015-06-18,16:00:00,46.234,46.353,46.234,46.304,635,0
2015-06-18,17:00:00,46.374,46.374,46.304,46.304,950,0
2015-06-18,18:00:00,46.274,46.572,46.274,46.572,2798,0
2015-06-18,19:00:00,46.463,46.616,46.463,46.616,202,0
2015-06-18,21:00:00,46.427,46.447,46.403,46.403,882,0
2015-06-18,22:00:00,46.275,46.275,46.274,46.274,906,0
2015-06-19,18:00:00,46.13,46.13,46.12,46.12,795,0
2015-06-19,19:00:00,45.8201,45.8201,45.81,45.81,1850,0
2015-06-19,20:00:00,45.7601,45.79,45.7501,45.79,900,0
2015-06-19,21:00:00,45.8891,45.8891,45.8101,45.8101,1970,0
2015-06-19,22:00:00,45.7794,45.841,45.7794,45.791,3029,0
2015-06-22,16:00:00,46.21,46.3794,46.1,46.3794,6485,0
2015-06-22,17:00:00,46.355,46.404,46.26,46.39,6963,0
2015-06-22,18:00:00,46.44,46.541,46.44,46.52,1800,0
2015-06-22,19:00:00,46.4932,46.59,46.38,46.55,10830,0
2015-06-22,20:00:00,46.591,46.591,46.5,46.5128,1422,0
2015-06-22,21:00:00,46.52,46.6199,46.52,46.53,1205,0
2015-06-22,22:00:00,46.56,46.57,46.53,46.53,900,0
2015-06-23,16:00:00,46.5,46.6872,46.47,46.6872,1477,0
2015-06-23,17:00:00,46.64,46.78,46.64,46.78,306,0
2015-06-23,18:00:00,46.675,46.68,46.675,46.675,552,0
2015-06-23,19:00:00,46.73,46.9083,46.73,46.9083,418,0
2015-06-23,20:00:00,46.88,46.91,46.88,46.91,453,0
2015-06-23,21:00:00,47.0394,47.0394,47.0394,47.0394,120,0
2015-06-23,22:00:00,47.015,47.015,47,47.015,4932,0
2015-06-24,16:00:00,46.89,46.89,46.89,46.89,215,0
2015-06-24,17:00:00,46.865,46.882,46.8575,46.8575,310,0
2015-06-24,19:00:00,46.64,46.702,46.64,46.6574,388,0
2015-06-24,20:00:00,46.562,46.562,46.562,46.562,119,0
2015-06-24,21:00:00,46.529,46.529,46.529,46.529,124,0
2015-06-24,22:00:00,46.5217,46.5999,46.5217,46.591,1586,0
2015-06-25,16:00:00,46.62,46.62,46.5,46.5,1554,0
2015-06-25,17:00:00,46.41,46.41,46.39,46.4,402,0
2015-06-25,18:00:00,46.53,46.53,46.455,46.4605,965,0
2015-06-25,19:00:00,46.53,46.53,46.4,46.4,470,0
2015-06-25,20:00:00,46.47,46.48,46.47,46.48,200,0
2015-06-25,22:00:00,46.197,46.197,46.197,46.197,100,0
2015-06-26,16:00:00,46.17,46.17,46.01,46.01,1738,0
2015-06-26,17:00:00,45.931,45.931,45.8404,45.891,692,0
2015-06-26,18:00:00,45.813,45.98,45.813,45.932,2954,0
2015-06-26,19:00:00,45.99,46.0195,45.99,46.0195,1117,0
2015-06-26,20:00:00,45.91,46.01,45.88,46.01,1694,0
2015-06-26,21:00:00,46.059,46.059,45.98,46,600,0
2015-06-26,22:00:00,46.06,46.11,46.06,46.11,1000,0
2015-06-29,16:00:00,45.44,45.6508,45.44,45.6401,3020,0
2015-06-29,17:00:00,45.617,45.617,45.5985,45.6108,701,0
2015-06-29,18:00:00,45.4899,45.4899,45.3999,45.4,817,0
2015-06-29,19:00:00,45.41,45.4274,45.3,45.306,2188,0
2015-06-29,20:00:00,45.276,45.276,45.21,45.25,2789,0
2015-06-29,21:00:00,45.15,45.2,45.13,45.2,103138,0
2015-06-29,22:00:00,45.1206,45.1584,45,45.01,2892,0
2015-06-30,16:00:00,45.31,45.46,45,45.46,2358,0
2015-06-30,17:00:00,45.4275,45.43,45.4275,45.43,714,0
2015-06-30,18:00:00,45.3301,45.464,45.3301,45.34,771,0
2015-06-30,19:00:00,45.3508,45.39,45.311,45.39,2341,0
2015-06-30,20:00:00,45.32,45.365,45.32,45.365,531,0
2015-06-30,21:00:00,45.46,45.58,45.46,45.532,1654,0
2015-06-30,22:00:00,45.4628,45.49,45.44,45.49,400,0
2015-07-01,16:00:00,45.54,45.54,45.343,45.343,1742,0
2015-07-01,17:00:00,45.426,45.426,45.12,45.12,3362,0
2015-07-01,18:00:00,44.99,44.99,44.9307,44.9307,610,0
2015-07-01,20:00:00,44.7901,44.8926,44.762,44.7669,1380,0
2015-07-01,21:00:00,44.7,44.7124,44.6201,44.63,10033,0
2015-07-01,22:00:00,44.6575,44.662,44.57,44.61,16421,0
2015-07-02,16:00:00,44.85,44.91,44.742,44.91,2224,0
2015-07-02,17:00:00,45.018,45.05,44.93,44.9888,858,0
2015-07-02,18:00:00,44.97,44.97,44.85,44.8825,1193,0
2015-07-02,19:00:00,44.779,44.86,44.775,44.86,884,0
2015-07-02,20:00:00,44.7736,44.9004,44.7736,44.9004,233,0
2015-07-02,21:00:00,44.8353,44.8353,44.716,44.716,1701,0
2015-07-02,22:00:00,44.7775,44.81,44.7206,44.8,1423,0
2015-07-06,16:00:00,44.33,44.33,44.05,44.05,2470,0
2015-07-06,17:00:00,44.122,44.5,44.122,44.39,1447,0
2015-07-06,18:00:00,44.0501,44.22,44.0501,44.13,18000,0
2015-07-06,19:00:00,44.3,44.3,44.23,44.23,400,0
2015-07-06,20:00:00,44.15,44.15,43.92,43.986,942,0
2015-07-06,21:00:00,43.8199,43.8259,43.7406,43.8259,1468,0
2015-07-06,22:00:00,43.794,43.83,43.794,43.8065,988,0
2015-07-07,16:00:00,43.82,43.82,43.4199,43.4199,4017,0
2015-07-07,17:00:00,43.112,43.112,42.66,42.708,1502,0
2015-07-07,18:00:00,42.96,43.1,42.96,42.99,950,0
2015-07-07,19:00:00,43.2245,43.7376,43.2245,43.7376,222,0
2015-07-07,20:00:00,43.9399,43.9399,43.6928,43.6928,828,0
2015-07-07,21:00:00,43.7328,44.0399,43.72,44.0399,900,0
2015-07-07,22:00:00,44.08,44.22,44.08,44.22,9004,0
2015-07-08,16:00:00,43.94,43.94,43.87,43.87,790,0
2015-07-08,17:00:00,43.23,43.4799,43.23,43.4799,1268,0
2015-07-08,18:00:00,43.1296,43.1296,42.9198,42.9198,1198,0
2015-07-08,19:00:00,43.01,43.01,42.8899,42.9028,1542,0
2015-07-08,20:00:00,43.016,43.016,42.88,42.915,6218,0
2015-07-08,21:00:00,42.906,42.94,42.63,42.797,4228,0
2015-07-08,22:00:00,42.8208,43.03,42.786,42.8905,9279,0
2015-07-09,16:00:00,43.37,43.7592,43.37,43.632,3247,0
2015-07-09,17:00:00,43.5046,43.5046,43.439,43.439,322,0
2015-07-09,18:00:00,43.475,43.4901,43.3,43.43,1590,0
2015-07-09,19:00:00,43.3984,43.53,43.3765,43.53,941,0
2015-07-09,20:00:00,43.38,43.4838,43.3501,43.4838,460,0
2015-07-09,21:00:00,43.482,43.526,43.3201,43.455,2521,0
2015-07-09,22:00:00,43.6,43.6,43.4801,43.4801,855,0
2015-07-10,16:00:00,43.53,43.69,43.53,43.64,2644,0
2015-07-10,17:00:00,43.68,43.7059,43.68,43.7059,500,0
2015-07-10,18:00:00,43.5556,43.5556,43.545,43.545,364,0
2015-07-10,19:00:00,43.7,43.7501,43.7,43.7501,582,0
2015-07-10,20:00:00,43.8486,43.8486,43.7196,43.7196,2342,0
2015-07-10,21:00:00,43.7303,43.7303,43.6199,43.6199,275,0
2015-07-10,22:00:00,43.68,43.71,43.68,43.71,1146,0
2015-07-13,16:00:00,43.73,44.02,43.73,44.02,1921,0
2015-07-13,17:00:00,43.81,43.81,43.81,43.81,16000,0
2015-07-13,18:00:00,43.95,44.2,43.95,44.2,2212,0
2015-07-13,19:00:00,44.086,44.2416,44.086,44.2104,1193,0
2015-07-13,20:00:00,44.23,44.28,44.1859,44.2199,1185,0
2015-07-13,21:00:00,44.2164,44.2821,44.09,44.09,6259,0
2015-07-13,22:00:00,44.122,44.1965,44.086,44.1732,5094,0
2015-07-14,16:00:00,44.1,44.58,43.99,44.57,8043,0
2015-07-14,17:00:00,45,45,44.9341,45,2080,0
2015-07-14,18:00:00,44.8799,44.8799,44.715,44.8474,5584,0
2015-07-14,19:00:00,44.7901,44.81,44.7799,44.7799,3599,0
2015-07-14,20:00:00,44.7199,44.8401,44.69,44.8401,3230,0
2015-07-14,21:00:00,44.81,44.9012,44.81,44.87,429,0
2015-07-14,22:00:00,44.8772,44.906,44.87,44.87,1762,0
2015-07-15,16:00:00,44.56,44.56,44.44,44.44,1511,0
2015-07-15,17:00:00,44.45,44.4988,44.45,44.4988,300,0
2015-07-15,18:00:00,44.5493,44.5493,44.1801,44.1801,4208,0
2015-07-15,19:00:00,44.129,44.129,44.035,44.058,900,0
2015-07-15,20:00:00,43.8894,43.91,43.7413,43.7413,1657,0
2015-07-15,21:00:00,43.55,43.55,43.41,43.41,628,0
2015-07-15,22:00:00,43.41,43.61,43.41,43.56,1891,0
2015-07-16,16:00:00,43.71,43.86,43.71,43.78,1383,0
2015-07-16,17:00:00,43.9001,44.006,43.89,44.006,1097,0
2015-07-16,18:00:00,43.97,43.971,43.97,43.971,315,0
2015-07-16,19:00:00,43.9698,44.0099,43.8,43.8,5068,0
2015-07-16,20:00:00,43.71,43.71,43.65,43.666,927,0
2015-07-16,21:00:00,43.69,43.72,43.5901,43.7047,6700,0
2015-07-16,22:00:00,43.6901,43.6901,43.67,43.69,674,0
2015-07-17,16:00:00,43.56,43.56,43.3,43.3,579,0
2015-07-17,17:00:00,43.11,43.11,43,43,800,0
2015-07-17,18:00:00,42.9299,43.054,42.9299,43.054,598,0
2015-07-17,19:00:00,43.182,43.1901,43.182,43.1901,1135,0
2015-07-17,20:00:00,43.19,43.24,43.19,43.226,6069,0
2015-07-17,21:00:00,43.0999,43.1299,43.0999,43.1217,468,0
2015-07-20,16:00:00,42.8,42.8,42.48,42.48,4965,0
2015-07-20,17:00:00,42.3401,42.39,42.2,42.39,2409,0
2015-07-20,18:00:00,42.52,42.57,42.37,42.43,14232,0
2015-07-20,19:00:00,42.42,42.42,42.3137,42.3137,2084,0
2015-07-20,20:00:00,42.31,42.3143,42.22,42.3099,2268,0
2015-07-20,21:00:00,42.29,42.299,42.16,42.17,17008,0
2015-07-20,22:00:00,42.14,42.14,41.99,42,2153,0
2015-07-21,16:00:00,42.11,42.6189,42.11,42.6189,760,0
2015-07-21,17:00:00,42.53,42.64,42.47,42.48,3900,0
2015-07-21,18:00:00,42.35,42.35,42.16,42.17,1815,0
2015-07-21,19:00:00,42.11,42.22,42.11,42.14,1627,0
2015-07-21,20:00:00,42.1,42.1107,41.9,41.9,2092,0
2015-07-21,21:00:00,41.88,42,41.8651,41.9384,1383,0
2015-07-21,22:00:00,41.8901,41.99,41.86,41.97,1735,0
2015-07-22,16:00:00,41.81,41.81,41.56,41.56,1810,0
2015-07-22,17:00:00,41.83,41.98,41.72,41.98,4146,0
2015-07-22,18:00:00,41.9843,41.9843,41.7601,41.7922,1931,0
2015-07-22,19:00:00,41.8299,41.83,41.56,41.62,17607,0
2015-07-22,20:00:00,41.555,41.62,41.555,41.565,3591,0
2015-07-22,21:00:00,41.58,41.58,41.53,41.565,9314,0
2015-07-22,22:00:00,41.5401,41.5703,41.5101,41.52,1915,0
2015-07-23,16:00:00,41.52,41.7201,41.52,41.7201,1884,0
2015-07-23,17:00:00,41.608,41.608,41.506,41.506,330,0
2015-07-23,18:00:00,41.22,41.22,40.9732,40.9732,3073,0
2015-07-23,19:00:00,40.898,40.9744,40.86,40.97,22859,0
2015-07-23,20:00:00,40.9701,41.2301,40.95,41.2301,3719,0
2015-07-23,21:00:00,41.23,41.4404,41.0801,41.4203,2722,0
2015-07-23,22:00:00,41.3614,41.41,41.35,41.35,3767,0
2015-07-24,16:00:00,41.45,41.45,40.996,40.996,295,0
2015-07-24,17:00:00,40.86,40.88,40.66,40.66,950,0
2015-07-24,18:00:00,40.69,40.69,40.69,40.69,199,0
2015-07-24,19:00:00,40.69,40.69,40.35,40.35,5173,0
2015-07-24,20:00:00,40.21,40.21,40.0357,40.086,2895,0
2015-07-24,21:00:00,40.18,40.18,40.08,40.0804,2517,0
2015-07-24,22:00:00,40.2012,40.23,40.1681,40.23,972,0
2015-07-27,16:00:00,39.58,40,39.17,39.58,5816,0
2015-07-27,17:00:00,39.37,39.8,39.37,39.55,1300,0
2015-07-27,18:00:00,39.5506,39.66,39.5506,39.66,719,0
2015-07-27,19:00:00,39.66,39.6801,39.66,39.66,400,0
2015-07-27,20:00:00,39.695,39.695,39.56,39.6499,984,0
2015-07-27,21:00:00,39.5105,39.54,39.466,39.54,649,0
2015-07-27,22:00:00,39.5299,39.5299,39.25,39.39,10562,0
2015-07-28,16:00:00,39.49,39.49,39.2,39.21,4422,0
2015-07-28,17:00:00,39.3344,39.7,39.3344,39.7,649,0
2015-07-28,18:00:00,40,40.23,40,40.2264,1508,0
2015-07-28,19:00:00,40.28,40.4057,40.28,40.4057,575,0
2015-07-28,20:00:00,40.356,40.6055,40.356,40.604,1223,0
2015-07-28,21:00:00,40.69,40.69,40.405,40.405,400,0
2015-07-28,22:00:00,40.38,40.434,40.38,40.41,1522,0
2015-07-29,16:00:00,40.35,40.5399,40.28,40.28,4097,0
2015-07-29,17:00:00,40.19,41.1307,40.19,41.1307,3588,0
2015-07-29,19:00:00,41.13,41.13,40.89,40.94,910,0
2015-07-29,21:00:00,41.1525,41.35,41.1525,41.33,3040,0
2015-07-29,22:00:00,41.323,41.406,41.239,41.365,1664,0
2015-07-30,16:00:00,41.23,41.34,40.813,40.89,4455,0
2015-07-30,17:00:00,41.2657,41.406,41.2657,41.406,1337,0
2015-07-30,18:00:00,41.07,41.0825,41.0598,41.0825,1315,0
2015-07-30,19:00:00,40.9257,41.0372,40.9257,41.0372,534,0
2015-07-30,20:00:00,41,41,40.79,40.82,711,0
2015-07-30,21:00:00,40.8149,40.8638,40.756,40.8638,1705,0
2015-07-30,22:00:00,40.96,41.04,40.92,41.02,1122,0
2015-07-31,16:00:00,40.85,40.85,40.75,40.75,1961,0
2015-07-31,17:00:00,40.9,40.91,40.87,40.87,487,0
2015-07-31,18:00:00,41,41.048,41,41.048,2183,0
2015-07-31,19:00:00,41.03,41.03,40.907,40.907,200,0
2015-07-31,20:00:00,40.89,40.89,40.67,40.693,1440,0
2015-07-31,21:00:00,40.6801,40.7114,40.6801,40.6927,1093,0
2015-07-31,22:00:00,40.67,40.67,40.4896,40.5453,1506,0
2015-08-03,16:00:00,40.27,40.27,39.8,39.9557,4464,0
2015-08-03,17:00:00,39.98,40.178,39.93,40.1,1350,0
2015-08-03,18:00:00,40.2999,40.2999,40.04,40.04,2157,0
2015-08-03,19:00:00,40,40,39.82,39.9186,2750,0
2015-08-03,20:00:00,39.7899,39.79,39.7614,39.77,824,0
2015-08-03,21:00:00,39.7589,39.7589,39.6962,39.6962,577,0
2015-08-03,22:00:00,39.641,39.72,39.625,39.72,3323,0
2015-08-04,16:00:00,39.74,40.28,39.74,40.28,2637,0
2015-08-04,17:00:00,40.06,40.06,39.7257,39.918,1369,0
2015-08-04,18:00:00,39.845,39.85,39.805,39.805,1428,0
2015-08-04,19:00:00,39.86,39.86,39.7836,39.785,1183,0
2015-08-04,20:00:00,39.7554,39.7554,39.446,39.446,1180,0
2015-08-04,21:00:00,39.43,39.6599,39.415,39.65,8243,0
2015-08-04,22:00:00,39.635,39.65,39.555,39.61,2416,0
2015-08-05,16:00:00,39.82,40.27,39.82,40.27,1255,0
2015-08-05,17:00:00,40.25,40.704,40.25,40.3655,1741,0
2015-08-05,18:00:00,40.09,40.2369,39.91,39.966,4514,0
2015-08-05,19:00:00,39.876,39.876,39.66,39.66,809,0
2015-08-05,20:00:00,39.5992,39.6101,39.52,39.6101,2900,0
2015-08-05,21:00:00,39.5501,39.64,39.5201,39.63,1009,0
2015-08-05,22:00:00,39.615,39.6197,39.48,39.48,2165,0
2015-08-06,16:00:00,39.35,39.35,39,39,2791,0
2015-08-06,17:00:00,39.3001,39.79,39.3001,39.77,8871,0
2015-08-06,18:00:00,39.84,39.84,39.5801,39.61,3667,0
2015-08-06,19:00:00,39.6324,39.78,39.6324,39.753,5510,0
2015-08-06,20:00:00,40.2401,40.2401,40.2401,40.2401,2000,0
2015-08-06,21:00:00,40.2999,40.46,40.2999,40.4305,2413,0
2015-08-06,22:00:00,40.502,40.6611,40.5001,40.6299,2409,0
2015-08-07,16:00:00,40.4271,41.13,40.4271,41.13,1430,0
2015-08-07,17:00:00,40.87,40.87,40.87,40.87,300,0
2015-08-07,18:00:00,40.22,40.5657,40.22,40.52,9501,0
2015-08-07,19:00:00,40.3399,40.3399,40.14,40.14,710,0
2015-08-07,20:00:00,40.4191,40.4191,40.28,40.29,5861,0
2015-08-07,21:00:00,40.09,40.09,40.09,40.09,600,0
2015-08-07,22:00:00,39.9043,39.9043,39.7357,39.85,1062,0
