Date,Time,Open,High,Low,Close,Volume,OpenInt
2014-11-18,16:00:00,34.851,34.851,34.851,34.851,407,0
2014-11-18,17:00:00,34.899,34.899,34.899,34.899,1152,0
2014-11-18,18:00:00,34.889,34.959,34.889,34.959,2513,0
2014-11-18,19:00:00,34.979,34.979,34.979,34.979,3567,0
2014-11-18,20:00:00,34.919,34.919,34.919,34.919,266,0
2014-11-18,21:00:00,35.027,35.036,35.027,35.027,1017,0
2014-11-19,16:00:00,34.851,34.889,34.822,34.889,4892,0
2014-11-19,17:00:00,34.782,34.782,34.762,34.782,3054,0
2014-11-19,18:00:00,34.762,34.762,34.762,34.762,143,0
2014-11-19,21:00:00,34.869,34.979,34.762,34.979,771,0
2014-11-19,22:00:00,34.939,34.939,34.889,34.889,955,0
2014-11-20,16:00:00,34.869,34.869,34.869,34.869,203,0
2014-11-20,17:00:00,34.851,34.851,34.851,34.851,407,0
2014-11-20,18:00:00,35.027,35.066,35.017,35.017,1988,0
2014-11-20,19:00:00,35.027,35.027,34.997,34.997,1050,0
2014-11-20,20:00:00,35.007,35.036,35.007,35.036,369,0
2014-11-20,21:00:00,34.969,35.027,34.969,35.027,951,0
2014-11-20,22:00:00,34.959,35.046,34.959,35.046,1480,0
2014-11-21,17:00:00,35.263,35.292,35.233,35.233,4892,0
2014-11-21,19:00:00,35.174,35.203,35.174,35.203,2513,0
2014-11-21,20:00:00,35.155,35.164,35.096,35.164,1208,0
2014-11-21,21:00:00,35.126,35.126,35.126,35.126,1491,0
2014-11-21,22:00:00,35.233,35.233,35.213,35.213,1153,0
2014-11-24,16:00:00,35.253,35.253,35.253,35.253,8307,0
2014-11-24,17:00:00,35.253,35.253,35.253,35.253,1018,0
2014-11-24,18:00:00,35.263,35.263,35.233,35.233,914,0
2014-11-24,21:00:00,35.253,35.263,35.253,35.263,1632,0
2014-11-24,22:00:00,35.263,35.263,35.184,35.184,1304,0
2014-11-25,16:00:00,35.302,35.302,35.302,35.302,5096,0
2014-11-25,17:00:00,35.253,35.253,35.253,35.253,510,0
2014-11-25,18:00:00,35.223,35.223,35.136,35.136,1233,0
2014-11-25,19:00:00,35.155,35.155,35.155,35.155,357,0
2014-11-25,21:00:00,35.233,35.253,35.233,35.253,1797,0
2014-11-25,22:00:00,35.184,35.184,35.184,35.184,715,0
2014-11-26,17:00:00,35.194,35.194,35.194,35.194,103,0
2014-11-26,18:00:00,35.312,35.312,35.302,35.302,1122,0
2014-11-26,19:00:00,35.282,35.282,35.282,35.282,4790,0
2014-11-26,20:00:00,35.253,35.253,35.253,35.253,2038,0
2014-11-26,21:00:00,35.312,35.312,35.263,35.263,4508,0
2014-11-26,22:00:00,35.302,35.36,35.273,35.36,2304,0
2014-11-28,17:00:00,35.322,35.39,35.322,35.36,6428,0
2014-11-28,19:00:00,35.322,35.322,35.322,35.322,300,0
2014-12-01,16:00:00,35.116,35.116,35.116,35.116,15289,0
2014-12-01,18:00:00,35.036,35.036,35.036,35.036,159,0
2014-12-01,20:00:00,35.184,35.184,35.184,35.184,5019,0
2014-12-01,21:00:00,35.194,35.194,35.116,35.145,1031,0
2014-12-01,22:00:00,35.145,35.174,35.116,35.116,1652,0
2014-12-02,18:00:00,35.213,35.213,35.184,35.194,13577,0
2014-12-02,19:00:00,35.194,35.194,35.194,35.194,582,0
2014-12-02,22:00:00,35.233,35.263,35.233,35.243,17759,0
2014-12-03,16:00:00,35.312,35.331,35.302,35.331,1832,0
2014-12-03,17:00:00,35.37,35.4,35.37,35.4,3180,0
2014-12-03,18:00:00,35.331,35.331,35.331,35.331,1632,0
2014-12-03,19:00:00,35.312,35.36,35.302,35.302,3297,0
2014-12-03,20:00:00,35.39,35.39,35.39,35.39,330,0
2014-12-03,21:00:00,35.38,35.38,35.38,35.38,8561,0
2014-12-03,22:00:00,35.4,35.439,35.4,35.439,2873,0
2014-12-04,17:00:00,35.203,35.253,35.203,35.203,790,0
2014-12-04,19:00:00,35.38,35.38,35.38,35.38,423,0
2014-12-04,22:00:00,35.37,35.37,35.36,35.36,435,0
2014-12-05,17:00:00,35.4,35.4,35.351,35.351,1019,0
2014-12-05,19:00:00,35.429,35.429,35.4,35.4,13306,0
2014-12-05,20:00:00,35.419,35.419,35.419,35.419,407,0
2014-12-05,22:00:00,35.37,35.37,35.302,35.302,1142,0
2014-12-08,16:00:00,35.253,35.302,35.253,35.302,12108,0
2014-12-08,18:00:00,35.36,35.36,35.36,35.36,336,0
2014-12-08,19:00:00,35.331,35.331,35.263,35.263,816,0
2014-12-08,20:00:00,35.213,35.213,35.213,35.213,965,0
2014-12-08,21:00:00,35.106,35.106,35.086,35.086,1478,0
2014-12-08,22:00:00,35.136,35.174,35.136,35.174,4192,0
2014-12-09,20:00:00,35.007,35.066,34.969,35.066,4435,0
2014-12-09,21:00:00,35.086,35.086,35.056,35.056,606,0
2014-12-09,22:00:00,35.046,35.136,35.046,35.136,237,0
2014-12-10,18:00:00,34.959,34.959,34.959,34.959,2956,0
2014-12-10,20:00:00,34.979,34.979,34.939,34.939,407,0
2014-12-10,21:00:00,34.674,34.694,34.664,34.664,1366,0
2014-12-10,22:00:00,34.722,34.782,34.722,34.782,39145,0
2014-12-11,17:00:00,35.066,35.066,35.066,35.066,15242,0
2014-12-11,18:00:00,35.076,35.076,35.076,35.076,719,0
2014-12-11,19:00:00,35.076,35.106,35.076,35.106,17184,0
2014-12-11,20:00:00,35.027,35.027,35.027,35.027,251,0
2014-12-11,21:00:00,35.017,35.017,35.017,35.017,645,0
2014-12-11,22:00:00,34.792,34.959,34.792,34.879,7552,0
2014-12-12,17:00:00,34.595,34.595,34.566,34.566,1732,0
2014-12-12,19:00:00,34.488,34.488,34.488,34.488,203,0
2014-12-12,20:00:00,34.615,34.615,34.566,34.566,306,0
2014-12-12,21:00:00,34.517,34.517,34.458,34.458,13391,0
2014-12-12,22:00:00,34.468,34.546,34.311,34.311,47567,0
2014-12-15,17:00:00,34.33,34.36,34.183,34.252,4050,0
2014-12-15,19:00:00,34.085,34.095,34.016,34.095,5024,0
2014-12-15,20:00:00,34.193,34.193,34.105,34.105,5199,0
2014-12-15,21:00:00,34.145,34.193,34.145,34.193,7489,0
2014-12-15,22:00:00,34.125,34.135,34.075,34.115,13209,0
2014-12-16,17:00:00,34.026,34.213,34.026,34.203,1426,0
2014-12-16,18:00:00,34.497,34.556,34.497,34.556,510,0
2014-12-16,20:00:00,34.135,34.135,34.135,34.135,2016,0
2014-12-16,21:00:00,34.252,34.252,34.242,34.242,407,0
2014-12-16,22:00:00,34.163,34.163,34.163,34.163,1642,0
2014-12-17,17:00:00,34.115,34.115,34.115,34.115,8765,0
2014-12-17,18:00:00,34.183,34.183,34.183,34.183,103,0
2014-12-17,20:00:00,34.222,34.232,34.173,34.213,13528,0
2014-12-17,21:00:00,34.448,34.468,34.399,34.468,2470,0
2014-12-17,22:00:00,34.507,34.507,34.507,34.507,306,0
2014-12-18,16:00:00,34.949,34.949,34.949,34.949,407,0
2014-12-18,18:00:00,34.919,34.919,34.919,34.919,153,0
2014-12-18,19:00:00,34.997,34.997,34.997,34.997,2729,0
2014-12-18,22:00:00,35.302,35.302,35.302,35.302,636,0
2014-12-19,17:00:00,35.419,35.419,35.331,35.331,306,0
2014-12-19,19:00:00,35.322,35.351,35.322,35.351,7720,0
2014-12-19,21:00:00,35.36,35.4,35.36,35.36,9673,0
2014-12-19,22:00:00,35.469,35.469,35.39,35.39,979,0
2014-12-22,16:00:00,35.489,35.489,35.459,35.459,1112,0
2014-12-22,17:00:00,35.429,35.459,35.429,35.459,4275,0
2014-12-22,18:00:00,35.479,35.479,35.479,35.479,9530,0
2014-12-22,19:00:00,35.419,35.419,35.419,35.419,526,0
2014-12-22,22:00:00,35.547,35.547,35.547,35.547,2783,0
2014-12-23,17:00:00,35.656,35.656,35.626,35.626,816,0
2014-12-23,18:00:00,35.656,35.694,35.656,35.694,380,0
2014-12-23,19:00:00,35.713,35.713,35.713,35.713,15084,0
2014-12-23,20:00:00,35.713,35.713,35.713,35.713,612,0
2014-12-23,21:00:00,35.713,35.743,35.713,35.743,1036,0
2014-12-23,22:00:00,35.694,35.703,35.685,35.703,2513,0
2014-12-24,16:00:00,35.773,35.773,35.773,35.773,2038,0
2014-12-24,18:00:00,35.685,35.743,35.675,35.713,30346,0
2014-12-24,19:00:00,35.723,35.733,35.723,35.733,612,0
2014-12-26,16:00:00,35.803,35.803,35.803,35.803,614,0
2014-12-26,17:00:00,35.793,35.793,35.793,35.793,2443,0
2014-12-26,18:00:00,35.793,35.793,35.793,35.793,6165,0
2014-12-26,20:00:00,35.803,35.803,35.803,35.803,620,0
2014-12-26,21:00:00,35.803,35.803,35.803,35.803,7033,0
2014-12-26,22:00:00,35.803,35.803,35.803,35.803,307,0
2014-12-29,16:00:00,35.782,35.782,35.772,35.772,4762,0
2014-12-29,17:00:00,35.812,35.812,35.812,35.812,608,0
2014-12-29,18:00:00,35.84,35.84,35.84,35.84,681,0
2014-12-29,19:00:00,35.831,35.84,35.831,35.84,1086,0
2014-12-29,20:00:00,35.812,35.822,35.812,35.822,35972,0
2014-12-29,22:00:00,35.822,35.822,35.802,35.822,808,0
2014-12-30,17:00:00,35.732,35.732,35.702,35.712,4211,0
2014-12-30,19:00:00,35.693,35.693,35.693,35.693,2279,0
2014-12-30,22:00:00,35.673,35.673,35.673,35.673,1970,0
2014-12-31,16:00:00,35.673,35.673,35.574,35.584,709,0
2014-12-31,19:00:00,35.663,35.663,35.663,35.663,11170,0
2014-12-31,20:00:00,35.525,35.545,35.525,35.545,3546,0
2014-12-31,21:00:00,35.476,35.476,35.417,35.417,2815,0
2015-01-02,16:00:00,35.337,35.486,35.337,35.466,5014,0
2015-01-02,17:00:00,35.318,35.318,35.229,35.229,5491,0
2015-01-02,18:00:00,35.189,35.189,35.14,35.14,5550,0
2015-01-02,19:00:00,35.189,35.189,35.179,35.179,202,0
2015-01-02,20:00:00,35.169,35.169,35.101,35.101,733,0
2015-01-02,21:00:00,35.179,35.209,35.179,35.209,1721,0
2015-01-02,22:00:00,35.131,35.179,35.131,35.179,1450,0
2015-01-05,16:00:00,34.983,34.983,34.983,34.983,1621,0
2015-01-05,18:00:00,34.815,34.825,34.815,34.825,1697,0
2015-01-05,19:00:00,34.775,34.775,34.775,34.775,290,0
2015-01-05,20:00:00,34.696,34.696,34.657,34.657,1026,0
2015-01-05,21:00:00,34.725,34.745,34.686,34.696,23896,0
2015-01-05,22:00:00,34.666,34.775,34.666,34.745,114313,0
2015-01-06,17:00:00,34.815,34.903,34.815,34.903,8366,0
2015-01-06,18:00:00,34.548,34.548,34.548,34.548,304,0
2015-01-06,19:00:00,34.459,34.459,34.459,34.459,202,0
2015-01-06,20:00:00,34.489,34.489,34.489,34.489,202,0
2015-01-06,21:00:00,34.489,34.528,34.41,34.528,2702,0
2015-01-06,22:00:00,34.568,34.637,34.548,34.548,1273,0
2015-01-07,16:00:00,34.755,34.805,34.755,34.775,4053,0
2015-01-07,17:00:00,34.825,34.825,34.735,34.735,507,0
2015-01-07,18:00:00,34.715,34.715,34.715,34.715,381,0
2015-01-07,20:00:00,34.844,34.854,34.805,34.825,38802,0
2015-01-07,21:00:00,34.873,34.893,34.873,34.893,304,0
2015-01-07,22:00:00,34.844,34.863,34.844,34.854,7208,0
2015-01-08,16:00:00,35.259,35.308,35.259,35.308,2938,0
2015-01-08,17:00:00,35.367,35.417,35.318,35.417,620,0
2015-01-08,18:00:00,35.436,35.456,35.426,35.426,1621,0
2015-01-08,19:00:00,35.417,35.417,35.417,35.417,24213,0
2015-01-08,20:00:00,35.466,35.486,35.446,35.466,2843,0
2015-01-08,21:00:00,35.417,35.515,35.407,35.515,4215,0
2015-01-08,22:00:00,35.515,35.545,35.495,35.545,1115,0
2015-01-09,17:00:00,35.259,35.288,35.259,35.288,709,0
2015-01-09,18:00:00,35.249,35.288,35.169,35.269,2368,0
2015-01-09,19:00:00,35.407,35.426,35.357,35.357,43481,0
2015-01-09,21:00:00,35.367,35.367,35.308,35.308,2887,0
2015-01-09,22:00:00,35.446,35.456,35.417,35.417,831,0
2015-01-12,16:00:00,35.347,35.347,35.051,35.051,2073,0
2015-01-12,17:00:00,35.071,35.15,35.071,35.15,3546,0
2015-01-12,18:00:00,35.179,35.179,35.179,35.179,102,0
2015-01-12,20:00:00,35.14,35.15,35.14,35.15,8292,0
2015-01-12,21:00:00,35.091,35.15,35.081,35.081,2055,0
2015-01-12,22:00:00,35.121,35.121,35.061,35.061,6575,0
2015-01-13,16:00:00,35.347,35.574,35.347,35.574,709,0
2015-01-13,17:00:00,35.515,35.564,35.515,35.564,507,0
2015-01-13,18:00:00,35.486,35.486,35.486,35.486,9543,0
2015-01-13,19:00:00,35.318,35.347,35.318,35.347,3130,0
2015-01-13,20:00:00,34.973,34.973,34.973,34.973,1418,0
2015-01-13,21:00:00,34.883,35.001,34.854,34.933,1994,0
2015-01-13,22:00:00,34.893,34.983,34.883,34.983,1520,0
2015-01-14,18:00:00,34.834,34.834,34.834,34.834,1013,0
2015-01-14,19:00:00,34.735,34.735,34.735,34.735,202,0
2015-01-14,21:00:00,34.735,34.735,34.735,34.735,649,0
2015-01-14,22:00:00,35.001,35.001,34.953,34.953,1966,0
2015-01-15,17:00:00,34.844,34.973,34.844,34.973,759,0
2015-01-15,18:00:00,34.923,34.923,34.883,34.903,15829,0
2015-01-15,19:00:00,34.795,34.795,34.795,34.795,1013,0
2015-01-15,20:00:00,34.873,34.873,34.873,34.873,1002,0
2015-01-15,21:00:00,34.844,34.913,34.844,34.913,2459,0
2015-01-15,22:00:00,34.854,34.854,34.795,34.795,6281,0
2015-01-16,16:00:00,34.903,34.903,34.903,34.903,3850,0
2015-01-16,17:00:00,34.815,34.933,34.815,34.933,507,0
2015-01-16,18:00:00,34.973,34.973,34.963,34.963,1633,0
2015-01-16,21:00:00,35.031,35.031,35.031,35.031,116,0
2015-01-16,22:00:00,35.061,35.219,35.061,35.179,4743,0
2015-01-20,16:00:00,35.278,35.278,35.278,35.278,57579,0
2015-01-20,17:00:00,35.091,35.16,35.091,35.131,3546,0
2015-01-20,18:00:00,35.121,35.121,35.121,35.121,8105,0
2015-01-20,19:00:00,35.081,35.081,35.081,35.081,223,0
2015-01-20,21:00:00,35.229,35.229,35.229,35.229,304,0
2015-01-20,22:00:00,35.269,35.288,35.269,35.288,811,0
2015-01-21,16:00:00,35.199,35.367,35.16,35.367,17307,0
2015-01-21,19:00:00,35.436,35.436,35.436,35.436,507,0
2015-01-21,22:00:00,35.397,35.426,35.397,35.426,2908,0
2015-01-22,17:00:00,35.673,35.673,35.673,35.673,21162,0
2015-01-22,20:00:00,35.614,35.683,35.594,35.683,921,0
2015-01-22,21:00:00,35.673,35.831,35.673,35.831,467,0
2015-01-22,22:00:00,35.92,35.98,35.92,35.98,585,0
2015-01-23,16:00:00,35.84,35.84,35.84,35.84,753,0
2015-01-23,17:00:00,35.822,35.822,35.752,35.752,2041,0
2015-01-23,18:00:00,35.812,35.831,35.812,35.831,4508,0
2015-01-23,19:00:00,35.802,35.802,35.802,35.802,202,0
2015-01-23,20:00:00,35.812,35.831,35.812,35.831,547,0
2015-01-23,21:00:00,35.831,35.831,35.782,35.782,911,0
2015-01-23,22:00:00,35.742,35.752,35.693,35.693,1768,0
2015-01-26,16:00:00,35.426,35.525,35.426,35.525,709,0
2015-01-26,17:00:00,35.584,35.584,35.574,35.574,53652,0
2015-01-26,18:00:00,35.644,35.722,35.644,35.722,3102,0
2015-01-26,21:00:00,35.742,35.772,35.742,35.752,2351,0
2015-01-26,22:00:00,35.742,35.752,35.712,35.732,7557,0
2015-01-27,16:00:00,35.515,35.574,35.515,35.574,911,0
2015-01-27,17:00:00,35.417,35.436,35.417,35.436,709,0
2015-01-27,18:00:00,35.446,35.446,35.446,35.446,110,0
2015-01-27,19:00:00,35.564,35.574,35.564,35.574,1252,0
2015-01-27,20:00:00,35.564,35.614,35.564,35.614,1570,0
2015-01-27,21:00:00,35.663,35.663,35.614,35.614,811,0
2015-01-27,22:00:00,35.594,35.594,35.505,35.545,3903,0
2015-01-28,17:00:00,35.663,35.663,35.446,35.446,2621,0
2015-01-28,19:00:00,35.555,35.564,35.555,35.564,3883,0
2015-01-28,20:00:00,35.525,35.525,35.525,35.525,304,0
2015-01-28,21:00:00,35.456,35.456,35.377,35.397,1258,0
2015-01-28,22:00:00,35.061,35.061,35.061,35.061,314,0
2015-01-29,16:00:00,35.061,35.061,35.061,35.061,561,0
2015-01-29,17:00:00,35.061,35.061,35.001,35.001,1007,0
2015-01-29,19:00:00,35.071,35.071,35.071,35.071,1013,0
2015-01-29,21:00:00,35.209,35.298,35.189,35.298,1809,0
2015-01-29,22:00:00,35.269,35.377,35.269,35.377,1791,0
2015-01-30,16:00:00,35.169,35.169,35.169,35.169,749,0
2015-01-30,18:00:00,34.943,34.983,34.943,34.983,1216,0
2015-01-30,19:00:00,35.15,35.189,35.101,35.101,1392,0
2015-01-30,20:00:00,35.101,35.101,35.091,35.091,487,0
2015-01-30,21:00:00,35.14,35.259,35.131,35.259,1850,0
2015-01-30,22:00:00,35.001,35.001,35.001,35.001,304,0
2015-02-02,16:00:00,34.903,34.903,34.834,34.863,4964,0
2015-02-02,17:00:00,34.755,34.815,34.657,34.815,5166,0
2015-02-02,18:00:00,35.041,35.041,35.041,35.041,702,0
2015-02-02,19:00:00,35.061,35.061,35.061,35.061,264,0
2015-02-02,20:00:00,34.913,34.953,34.834,34.834,2426,0
2015-02-02,21:00:00,34.854,35.071,34.854,35.061,7877,0
2015-02-02,22:00:00,35.288,35.328,35.259,35.328,1630,0
2015-02-03,16:00:00,35.466,35.466,35.466,35.466,680,0
2015-02-03,17:00:00,35.545,35.545,35.545,35.545,102,0
2015-02-03,18:00:00,35.515,35.525,35.515,35.525,1322,0
2015-02-03,19:00:00,35.515,35.564,35.515,35.564,537,0
2015-02-03,20:00:00,35.564,35.663,35.564,35.663,1722,0
2015-02-03,21:00:00,35.584,35.663,35.584,35.663,897,0
2015-02-03,22:00:00,35.693,35.742,35.693,35.742,822,0
2015-02-04,19:00:00,35.782,35.782,35.702,35.702,36092,0
2015-02-04,21:00:00,35.683,35.742,35.683,35.742,4043,0
2015-02-04,22:00:00,35.712,35.752,35.604,35.604,1689,0
2015-02-05,18:00:00,35.95,35.95,35.93,35.93,8584,0
2015-02-05,19:00:00,35.88,35.88,35.88,35.88,208,0
2015-02-05,20:00:00,35.9,35.9,35.9,35.9,551,0
2015-02-05,21:00:00,35.93,35.93,35.93,35.93,1276,0
2015-02-05,22:00:00,35.93,35.998,35.93,35.97,15848,0
2015-02-06,16:00:00,36.068,36.068,36.068,36.068,42887,0
2015-02-06,17:00:00,36.048,36.048,36.048,36.048,543,0
2015-02-06,18:00:00,36.058,36.078,36.058,36.078,8333,0
2015-02-06,19:00:00,36.068,36.068,36.068,36.068,5775,0
2015-02-06,21:00:00,35.97,35.97,35.96,35.97,16084,0
2015-02-06,22:00:00,35.85,35.85,35.812,35.812,745,0
2015-02-09,19:00:00,35.86,35.86,35.86,35.86,405,0
2015-02-09,21:00:00,35.802,35.802,35.752,35.752,423,0
2015-02-09,22:00:00,35.702,35.802,35.702,35.762,8656,0
2015-02-10,17:00:00,35.812,35.812,35.762,35.762,3971,0
2015-02-10,18:00:00,35.792,35.792,35.792,35.792,253,0
2015-02-10,19:00:00,35.91,35.91,35.91,35.91,9421,0
2015-02-10,20:00:00,35.92,35.93,35.92,35.93,911,0
2015-02-10,22:00:00,36.088,36.098,36.038,36.038,4201,0
2015-02-11,17:00:00,36.008,36.008,35.989,35.989,709,0
2015-02-11,18:00:00,36.048,36.058,36.038,36.038,44072,0
2015-02-11,20:00:00,35.998,35.998,35.998,35.998,328,0
2015-02-11,21:00:00,36.018,36.088,36.008,36.088,757,0
2015-02-12,17:00:00,36.325,36.325,36.295,36.295,405,0
2015-02-12,18:00:00,36.295,36.334,36.295,36.334,10997,0
2015-02-12,19:00:00,36.374,36.374,36.374,36.374,10223,0
2015-02-12,20:00:00,36.364,36.394,36.364,36.394,1135,0
2015-02-12,21:00:00,36.384,36.413,36.374,36.374,5315,0
2015-02-12,22:00:00,36.413,36.413,36.394,36.404,4034,0
2015-02-13,16:00:00,36.423,36.423,36.423,36.423,2431,0
2015-02-13,17:00:00,36.413,36.413,36.413,36.413,542,0
2015-02-13,18:00:00,36.463,36.493,36.463,36.473,934,0
2015-02-13,20:00:00,36.404,36.404,36.404,36.404,471,0
2015-02-13,21:00:00,36.413,36.423,36.413,36.423,985,0
2015-02-13,22:00:00,36.473,36.502,36.473,36.502,1147,0
2015-02-17,16:00:00,36.463,36.463,36.394,36.394,1013,0
2015-02-17,18:00:00,36.512,36.512,36.512,36.512,1027,0
2015-02-17,22:00:00,36.522,36.522,36.502,36.502,12091,0
2015-02-18,16:00:00,36.463,36.463,36.463,36.463,7497,0
2015-02-18,18:00:00,36.423,36.443,36.423,36.443,2067,0
2015-02-18,19:00:00,36.453,36.453,36.443,36.443,2257,0
2015-02-18,21:00:00,36.512,36.512,36.512,36.512,2243,0
2015-02-18,22:00:00,36.502,36.561,36.502,36.561,507,0
2015-02-19,16:00:00,36.404,36.404,36.394,36.394,7294,0
2015-02-19,17:00:00,36.453,36.453,36.443,36.443,322,0
2015-02-19,18:00:00,36.473,36.493,36.473,36.493,656,0
2015-02-19,19:00:00,36.463,36.473,36.443,36.443,1654,0
2015-02-19,20:00:00,36.404,36.404,36.384,36.394,63857,0
2015-02-19,21:00:00,36.404,36.404,36.404,36.404,699,0
2015-02-19,22:00:00,36.453,36.453,36.453,36.453,1216,0
2015-02-20,16:00:00,36.404,36.404,36.404,36.404,4660,0
2015-02-20,17:00:00,36.265,36.384,36.265,36.384,339,0
2015-02-20,18:00:00,36.315,36.315,36.315,36.315,5094,0
2015-02-20,19:00:00,36.354,36.443,36.354,36.443,31091,0
2015-02-20,20:00:00,36.423,36.463,36.423,36.463,1353,0
2015-02-20,22:00:00,36.581,36.611,36.581,36.611,507,0
2015-02-23,16:00:00,36.561,36.561,36.561,36.561,130,0
2015-02-23,17:00:00,36.532,36.532,36.532,36.532,1370,0
2015-02-23,18:00:00,36.581,36.581,36.581,36.581,880,0
2015-02-23,19:00:00,36.551,36.551,36.551,36.551,1899,0
2015-02-23,20:00:00,36.542,36.601,36.542,36.601,2020,0
2015-02-23,21:00:00,36.611,36.611,36.611,36.611,122,0
2015-02-23,22:00:00,36.561,36.561,36.551,36.561,5628,0
2015-02-24,16:00:00,36.611,36.621,36.611,36.621,2989,0
2015-02-24,17:00:00,36.68,36.689,36.68,36.689,2026,0
2015-02-24,18:00:00,36.729,36.729,36.729,36.729,3632,0
2015-02-24,20:00:00,36.641,36.651,36.631,36.651,67592,0
2015-02-24,21:00:00,36.689,36.689,36.651,36.651,5603,0
2015-02-24,22:00:00,36.689,36.729,36.689,36.699,14410,0
2015-02-25,16:00:00,36.689,36.719,36.689,36.719,6444,0
2015-02-25,17:00:00,36.631,36.641,36.631,36.641,289,0
2015-02-25,18:00:00,36.661,36.67,36.661,36.67,5242,0
2015-02-25,19:00:00,36.699,36.699,36.67,36.699,6332,0
2015-02-25,20:00:00,36.689,36.699,36.689,36.689,1029,0
2015-02-25,21:00:00,36.621,36.621,36.621,36.621,5066,0
2015-02-25,22:00:00,36.591,36.641,36.591,36.641,3693,0
2015-02-26,17:00:00,36.532,36.532,36.532,36.532,405,0
2015-02-26,18:00:00,36.571,36.571,36.551,36.551,5397,0
2015-02-26,19:00:00,36.561,36.561,36.561,36.561,571,0
2015-02-26,21:00:00,36.502,36.502,36.493,36.502,3092,0
2015-02-26,22:00:00,36.493,36.493,36.493,36.493,474,0
2015-02-27,17:00:00,36.571,36.571,36.571,36.571,438,0
2015-02-27,18:00:00,36.551,36.551,36.551,36.551,1234,0
2015-02-27,19:00:00,36.601,36.601,36.581,36.601,11742,0
2015-02-27,20:00:00,36.551,36.551,36.512,36.512,1670,0
2015-02-27,21:00:00,36.522,36.522,36.502,36.522,774,0
2015-02-27,22:00:00,36.502,36.502,36.463,36.493,9045,0
2015-03-02,16:00:00,36.404,36.404,36.404,36.404,266,0
2015-03-02,17:00:00,36.493,36.493,36.493,36.493,1012,0
2015-03-02,18:00:00,36.512,36.522,36.512,36.512,331,0
2015-03-02,19:00:00,36.433,36.433,36.433,36.433,662,0
2015-03-02,20:00:00,36.522,36.522,36.522,36.522,16,0
2015-03-02,21:00:00,36.463,36.522,36.453,36.522,543,0
2015-03-02,22:00:00,36.522,36.571,36.483,36.571,2610,0
2015-03-03,16:00:00,36.453,36.493,36.433,36.433,1521,0
2015-03-03,17:00:00,36.413,36.413,36.413,36.413,179,0
2015-03-03,18:00:00,36.375,36.384,36.305,36.305,726,0
2015-03-03,19:00:00,36.324,36.325,36.295,36.315,2349,0
2015-03-03,20:00:00,36.374,36.403,36.374,36.403,9652,0
2015-03-03,21:00:00,36.394,36.427,36.384,36.384,3014,0
2015-03-03,22:00:00,36.374,36.38,36.374,36.38,442,0
2015-03-04,17:00:00,36.156,36.164,36.156,36.164,598,0
2015-03-04,18:00:00,36.186,36.246,36.186,36.246,1139,0
2015-03-04,19:00:00,36.246,36.285,36.246,36.285,2947,0
2015-03-04,20:00:00,36.265,36.265,36.265,36.265,126,0
2015-03-04,21:00:00,36.196,36.216,36.18,36.216,12450,0
2015-03-04,22:00:00,36.216,36.251,36.216,36.251,556,0
2015-03-05,17:00:00,36.334,36.334,36.319,36.334,654,0
2015-03-05,18:00:00,36.275,36.285,36.246,36.285,9466,0
2015-03-05,20:00:00,36.235,36.235,36.235,36.235,349,0
2015-03-05,21:00:00,36.279,36.285,36.279,36.285,243,0
2015-03-06,16:00:00,36.196,36.196,36.058,36.068,544,0
2015-03-06,17:00:00,36.048,36.048,36.048,36.048,110,0
2015-03-06,18:00:00,35.885,35.885,35.822,35.869,2711,0
2015-03-06,19:00:00,35.85,35.85,35.762,35.802,3538,0
2015-03-06,20:00:00,35.802,35.802,35.743,35.749,1767,0
2015-03-06,21:00:00,35.802,35.802,35.702,35.706,910,0
2015-03-06,22:00:00,35.742,35.752,35.663,35.663,1350,0
2015-03-09,16:00:00,35.88,35.88,35.88,35.88,126,0
2015-03-09,17:00:00,35.86,35.86,35.814,35.814,709,0
2015-03-09,18:00:00,35.862,35.862,35.84,35.85,1046,0
2015-03-09,19:00:00,35.91,35.91,35.861,35.861,2919,0
2015-03-09,20:00:00,35.937,35.937,35.91,35.91,1874,0
2015-03-09,21:00:00,35.9,35.9,35.87,35.9,6958,0
2015-03-10,15:00:00,35.732,35.732,35.574,35.584,3928,0
2015-03-10,16:00:00,35.535,35.535,35.477,35.486,511,0
2015-03-10,19:00:00,35.555,35.555,35.446,35.446,737,0
2015-03-10,20:00:00,35.495,35.495,35.486,35.486,552,0
2015-03-10,21:00:00,35.456,35.495,35.397,35.397,1904,0
2015-03-11,16:00:00,35.339,35.359,35.288,35.288,1224,0
2015-03-11,17:00:00,35.347,35.362,35.298,35.298,4622,0
2015-03-11,18:00:00,35.347,35.347,35.308,35.318,13426,0
2015-03-11,19:00:00,35.283,35.317,35.283,35.298,926,0
2015-03-11,20:00:00,35.327,35.337,35.278,35.278,2257,0
2015-03-11,21:00:00,35.303,35.303,35.303,35.303,102,0
2015-03-12,16:00:00,35.495,35.515,35.486,35.515,305,0
2015-03-12,17:00:00,35.52,35.594,35.52,35.555,1603,0
2015-03-12,18:00:00,35.604,35.604,35.573,35.573,886,0
2015-03-12,20:00:00,35.535,35.594,35.535,35.581,3163,0
2015-03-12,21:00:00,35.634,35.673,35.634,35.673,203,0
2015-03-13,17:00:00,35.363,35.363,35.363,35.363,971,0
2015-03-13,18:00:00,35.259,35.259,35.259,35.259,102,0
2015-03-13,19:00:00,35.377,35.377,35.288,35.357,4948,0
2015-03-13,20:00:00,35.349,35.377,35.335,35.335,599,0
2015-03-13,21:00:00,35.347,35.486,35.347,35.446,486,0
2015-03-16,18:00:00,35.762,35.762,35.762,35.762,815,0
2015-03-16,19:00:00,35.742,35.742,35.742,35.742,105,0
2015-03-16,20:00:00,35.759,35.759,35.759,35.759,556,0
2015-03-16,21:00:00,35.802,35.84,35.802,35.84,580,0
2015-03-17,15:00:00,35.742,35.742,35.742,35.742,102,0
2015-03-17,16:00:00,35.732,35.742,35.732,35.742,709,0
2015-03-17,17:00:00,35.673,35.681,35.654,35.655,2261,0
2015-03-17,18:00:00,35.742,35.742,35.742,35.742,129,0
2015-03-17,19:00:00,35.782,35.782,35.782,35.782,1419,0
2015-03-17,20:00:00,35.812,35.812,35.757,35.757,2383,0
2015-03-17,21:00:00,35.85,35.85,35.807,35.807,5724,0
2015-03-18,16:00:00,35.722,35.722,35.722,35.722,274,0
2015-03-18,17:00:00,35.712,35.712,35.673,35.691,13626,0
2015-03-18,18:00:00,35.702,35.702,35.673,35.673,2514,0
2015-03-18,19:00:00,35.663,35.663,35.661,35.661,512,0
2015-03-18,21:00:00,36.334,36.334,36.186,36.186,2446,0
2015-03-19,15:00:00,36.128,36.128,36.128,36.128,113,0
2015-03-19,16:00:00,36.181,36.181,36.156,36.156,739,0
2015-03-19,17:00:00,36.136,36.176,36.136,36.176,1420,0
2015-03-19,19:00:00,36.078,36.078,36.078,36.078,556,0
2015-03-19,20:00:00,36.098,36.098,36.083,36.083,867,0
2015-03-19,21:00:00,36.068,36.068,36.068,36.068,2127,0
2015-03-20,15:00:00,36.133,36.193,36.133,36.193,562,0
2015-03-20,16:00:00,36.267,36.267,36.267,36.267,1007,0
2015-03-20,17:00:00,36.341,36.362,36.341,36.362,2489,0
2015-03-20,19:00:00,36.441,36.441,36.441,36.441,1942,0
2015-03-20,20:00:00,36.425,36.425,36.382,36.382,1393,0
2015-03-20,21:00:00,36.451,36.451,36.451,36.451,118,0
2015-03-23,16:00:00,36.59,36.62,36.59,36.613,4479,0
2015-03-23,17:00:00,36.59,36.59,36.59,36.59,101,0
2015-03-23,19:00:00,36.6,36.6,36.6,36.6,4028,0
2015-03-23,20:00:00,36.61,36.653,36.61,36.653,637,0
2015-03-23,21:00:00,36.62,36.62,36.62,36.62,103,0
2015-03-24,16:00:00,36.481,36.481,36.481,36.481,408,0
2015-03-24,17:00:00,36.481,36.491,36.481,36.491,255,0
2015-03-24,18:00:00,36.426,36.426,36.426,36.426,504,0
2015-03-24,19:00:00,36.342,36.372,36.342,36.372,402,0
2015-03-24,20:00:00,36.339,36.352,36.309,36.352,441,0
2015-03-24,21:00:00,36.318,36.32,36.263,36.272,1053,0
2015-03-25,15:00:00,36.312,36.312,36.312,36.312,101,0
2015-03-25,16:00:00,36.282,36.322,36.253,36.297,1027,0
2015-03-25,17:00:00,36.312,36.322,36.094,36.094,1913,0
2015-03-25,18:00:00,36.084,36.084,35.994,35.994,302,0
2015-03-25,19:00:00,36.044,36.044,35.965,36.024,2336,0
2015-03-25,20:00:00,36.036,36.036,36.014,36.014,582,0
2015-03-25,21:00:00,36.034,36.034,35.816,35.816,868,0
2015-03-26,15:00:00,35.657,35.756,35.657,35.756,403,0
2015-03-26,19:00:00,35.845,35.845,35.826,35.826,26255,0
2015-03-26,20:00:00,35.835,35.835,35.816,35.816,1165,0
2015-03-26,21:00:00,35.756,35.786,35.756,35.766,10363,0
2015-03-27,16:00:00,35.816,35.825,35.816,35.821,4423,0
2015-03-27,18:00:00,35.756,35.756,35.726,35.736,1549,0
2015-03-27,19:00:00,35.746,35.796,35.736,35.736,517,0
2015-03-27,20:00:00,35.816,35.816,35.726,35.736,738,0
2015-03-27,21:00:00,35.756,35.855,35.736,35.855,6921,0
2015-03-30,18:00:00,36.177,36.177,36.177,36.177,120,0
2015-03-30,19:00:00,36.262,36.262,36.262,36.262,230,0
2015-03-30,20:00:00,36.253,36.253,36.253,36.253,184,0
2015-03-30,21:00:00,36.253,36.302,36.253,36.273,892,0
2015-03-30,22:00:00,36.312,36.312,36.292,36.301,1882,0
2015-03-31,16:00:00,36.064,36.161,36.064,36.161,927,0
2015-03-31,17:00:00,36.161,36.193,36.161,36.193,226,0
2015-03-31,18:00:00,36.243,36.243,36.203,36.203,2709,0
2015-03-31,20:00:00,36.203,36.203,36.173,36.198,1121,0
2015-03-31,21:00:00,36.183,36.183,36.183,36.183,195,0
2015-03-31,22:00:00,36.183,36.183,36.064,36.064,251,0
2015-04-01,18:00:00,35.905,35.974,35.905,35.935,446,0
2015-04-01,19:00:00,35.826,35.836,35.816,35.836,5429,0
2015-04-01,20:00:00,35.885,35.935,35.865,35.905,10326,0
2015-04-01,21:00:00,35.905,35.905,35.836,35.885,2978,0
2015-04-01,22:00:00,35.836,35.886,35.815,35.886,1205,0
2015-04-02,17:00:00,36.004,36.004,35.994,35.994,5312,0
2015-04-02,18:00:00,35.994,36,35.994,36,262,0
2015-04-02,19:00:00,36,36,36,36,10,0
2015-04-02,20:00:00,36,36,35.994,35.994,150,0
2015-04-02,21:00:00,35.994,36.033,35.94,35.94,769,0
2015-04-02,22:00:00,35.94,36.024,35.94,36.022,509,0
2015-04-06,16:00:00,36.049,36.049,36.049,36.049,1823,0
2015-04-06,17:00:00,36.049,36.239,36.049,36.233,5149,0
2015-04-06,18:00:00,36.233,36.322,36.233,36.312,14143,0
2015-04-06,19:00:00,36.273,36.332,36.273,36.332,1972,0
2015-04-06,20:00:00,36.342,36.372,36.342,36.342,13341,0
2015-04-06,21:00:00,36.342,36.401,36.337,36.367,15827,0
2015-04-06,22:00:00,36.372,36.372,36.288,36.322,3203,0
2015-04-07,18:00:00,36.332,36.382,36.332,36.377,24097,0
2015-04-07,19:00:00,36.353,36.353,36.352,36.352,982,0
2015-04-07,20:00:00,36.367,36.367,36.326,36.326,386,0
2015-04-07,21:00:00,36.342,36.362,36.342,36.342,3879,0
2015-04-07,22:00:00,36.352,36.352,36.213,36.213,1269,0
2015-04-08,17:00:00,36.243,36.253,36.243,36.248,3411,0
2015-04-08,18:00:00,36.153,36.173,36.153,36.168,6266,0
2015-04-08,19:00:00,36.164,36.164,36.164,36.164,292,0
2015-04-08,20:00:00,36.178,36.193,36.178,36.188,17946,0
2015-04-08,21:00:00,36.134,36.213,36.133,36.163,3037,0
2015-04-08,22:00:00,36.188,36.198,36.114,36.143,28689,0
2015-04-09,16:00:00,36.243,36.243,36.133,36.133,6322,0
2015-04-09,17:00:00,36.084,36.104,36.084,36.104,6685,0
2015-04-09,18:00:00,36.104,36.104,36.084,36.084,9943,0
2015-04-09,19:00:00,36.153,36.198,36.153,36.173,3122,0
2015-04-09,20:00:00,36.173,36.173,36.173,36.173,54,0
2015-04-09,21:00:00,36.203,36.22,36.179,36.213,860,0
2015-04-09,22:00:00,36.244,36.301,36.244,36.282,1248,0
2015-04-10,17:00:00,36.501,36.501,36.501,36.501,954,0
2015-04-10,19:00:00,36.501,36.501,36.501,36.501,46,0
2015-04-10,20:00:00,36.501,36.501,36.501,36.501,1198,0
2015-04-10,21:00:00,36.471,36.471,36.431,36.431,503,0
2015-04-10,22:00:00,36.431,36.431,36.431,36.431,57,0
2015-04-13,18:00:00,36.527,36.527,36.527,36.527,249,0
2015-04-13,19:00:00,36.527,36.527,36.527,36.527,42,0
2015-04-13,20:00:00,36.443,36.443,36.392,36.392,968,0
2015-04-13,21:00:00,36.411,36.411,36.392,36.406,6108,0
2015-04-13,22:00:00,36.406,36.406,36.332,36.342,1843,0
2015-04-14,16:00:00,36.342,36.352,36.342,36.352,23052,0
2015-04-14,17:00:00,36.243,36.243,36.243,36.243,480,0
2015-04-14,18:00:00,36.243,36.243,36.243,36.243,8,0
2015-04-14,19:00:00,36.243,36.501,36.243,36.501,240,0
2015-04-14,20:00:00,36.501,36.501,36.451,36.451,7881,0
2015-04-14,21:00:00,36.421,36.421,36.421,36.421,578,0
2015-04-14,22:00:00,36.431,36.431,36.431,36.431,685,0
2015-04-15,16:00:00,36.531,36.64,36.531,36.64,10231,0
2015-04-15,17:00:00,36.62,36.64,36.62,36.64,800,0
2015-04-15,18:00:00,36.62,36.63,36.59,36.61,504,0
2015-04-15,19:00:00,36.62,36.62,36.615,36.615,3011,0
2015-04-15,20:00:00,36.665,36.689,36.665,36.67,1528,0
2015-04-15,21:00:00,36.67,36.699,36.64,36.67,5101,0
2015-04-15,22:00:00,36.67,36.68,36.61,36.61,4132,0
2015-04-16,16:00:00,36.481,36.481,36.481,36.481,448,0
2015-04-16,17:00:00,36.481,36.531,36.471,36.471,2041,0
2015-04-16,18:00:00,36.6,36.6,36.521,36.56,6058,0
2015-04-16,19:00:00,36.59,36.61,36.58,36.6,2064,0
2015-04-16,20:00:00,36.605,36.719,36.605,36.719,607,0
2015-04-16,21:00:00,36.719,36.719,36.661,36.68,5860,0
2015-04-16,22:00:00,36.67,36.67,36.586,36.6,6106,0
2015-04-17,16:00:00,36.411,36.441,36.322,36.322,3877,0
2015-04-17,17:00:00,36.233,36.272,36.213,36.213,5322,0
2015-04-17,18:00:00,36.233,36.233,36.233,36.233,70,0
2015-04-17,19:00:00,36.251,36.251,36.233,36.234,2049,0
2015-04-17,20:00:00,36.262,36.262,36.262,36.262,1708,0
2015-04-17,21:00:00,36.163,36.163,36.089,36.133,2425,0
2015-04-17,22:00:00,36.203,36.213,36.203,36.213,160,0
2015-04-20,16:00:00,36.511,36.511,36.472,36.472,2996,0
2015-04-20,18:00:00,36.63,36.63,36.63,36.63,6,0
2015-04-20,19:00:00,36.59,36.6,36.59,36.6,705,0
2015-04-20,20:00:00,36.6,36.62,36.57,36.57,8587,0
2015-04-20,21:00:00,36.57,36.58,36.541,36.58,4924,0
2015-04-20,22:00:00,36.58,36.61,36.57,36.61,2635,0
2015-04-21,16:00:00,36.58,36.62,36.58,36.61,1500,0
2015-04-21,17:00:00,36.55,36.56,36.521,36.521,4545,0
2015-04-21,18:00:00,36.541,36.541,36.451,36.461,12313,0
2015-04-21,19:00:00,36.461,36.481,36.451,36.461,1813,0
2015-04-21,20:00:00,36.461,36.491,36.421,36.441,2591,0
2015-04-21,21:00:00,36.411,36.471,36.392,36.451,2487,0
2015-04-21,22:00:00,36.461,36.461,36.421,36.446,1859,0
2015-04-22,16:00:00,36.357,36.357,36.357,36.357,538,0
2015-04-22,17:00:00,36.357,36.456,36.352,36.456,1812,0
2015-04-22,18:00:00,36.481,36.501,36.481,36.501,346,0
2015-04-22,19:00:00,36.481,36.481,36.481,36.481,521,0
2015-04-22,20:00:00,36.501,36.545,36.501,36.543,4138,0
2015-04-22,21:00:00,36.56,36.56,36.56,36.56,586,0
2015-04-23,16:00:00,36.55,36.56,36.55,36.56,6949,0
2015-04-23,17:00:00,36.6,36.61,36.6,36.61,504,0
2015-04-23,18:00:00,36.63,36.729,36.63,36.709,1288,0
2015-04-23,19:00:00,36.739,36.819,36.739,36.819,1108,0
2015-04-23,20:00:00,36.819,36.819,36.779,36.789,1309,0
2015-04-23,21:00:00,36.799,36.799,36.769,36.769,2625,0
2015-04-23,22:00:00,36.779,36.819,36.779,36.799,1298,0
2015-04-24,16:00:00,36.745,36.745,36.739,36.739,2558,0
2015-04-24,17:00:00,36.745,36.745,36.745,36.745,420,0
2015-04-24,19:00:00,36.784,36.789,36.779,36.779,3928,0
2015-04-24,20:00:00,36.779,36.787,36.779,36.787,343,0
2015-04-24,21:00:00,36.782,36.782,36.774,36.774,761,0
2015-04-24,22:00:00,36.759,36.769,36.759,36.769,1175,0
2015-04-27,17:00:00,36.86,36.868,36.759,36.799,4158,0
2015-04-27,19:00:00,36.67,36.67,36.67,36.67,232,0
2015-04-27,20:00:00,36.659,36.659,36.658,36.658,3726,0
2015-04-27,21:00:00,36.655,36.655,36.634,36.634,426,0
2015-04-27,22:00:00,36.61,36.61,36.61,36.61,108,0
2015-04-28,16:00:00,36.689,36.689,36.689,36.689,5458,0
2015-04-28,17:00:00,36.555,36.6,36.555,36.6,302,0
2015-04-28,20:00:00,36.779,36.779,36.779,36.779,187,0
2015-04-28,21:00:00,36.744,36.789,36.744,36.789,611,0
2015-04-29,17:00:00,36.586,36.622,36.56,36.61,659,0
2015-04-29,18:00:00,36.67,36.67,36.596,36.617,968,0
2015-04-29,20:00:00,36.516,36.64,36.516,36.64,843,0
2015-04-29,21:00:00,36.6,36.67,36.56,36.67,880,0
2015-04-29,22:00:00,36.62,36.64,36.574,36.574,5338,0
2015-04-30,17:00:00,36.372,36.392,36.342,36.348,6768,0
2015-04-30,18:00:00,36.471,36.481,36.441,36.441,1800,0
2015-04-30,19:00:00,36.441,36.441,36.372,36.372,1885,0
2015-04-30,20:00:00,36.392,36.421,36.392,36.402,651,0
2015-04-30,21:00:00,36.408,36.411,36.312,36.339,5516,0
2015-04-30,22:00:00,36.243,36.248,36.163,36.243,3424,0
2015-05-01,16:00:00,36.292,36.451,36.292,36.451,1472,0
2015-05-01,17:00:00,36.451,36.471,36.447,36.471,906,0
2015-05-01,18:00:00,36.421,36.421,36.362,36.402,2626,0
2015-05-01,19:00:00,36.382,36.441,36.352,36.421,5338,0
2015-05-01,20:00:00,36.421,36.521,36.421,36.521,4233,0
2015-05-01,21:00:00,36.521,36.55,36.521,36.531,5434,0
2015-05-01,22:00:00,36.521,36.541,36.481,36.541,2097,0
2015-05-04,16:00:00,36.541,36.67,36.541,36.67,1063,0
2015-05-04,18:00:00,36.706,36.706,36.67,36.67,1017,0
2015-05-04,20:00:00,36.61,36.61,36.61,36.61,176,0
2015-05-04,21:00:00,36.688,36.689,36.688,36.689,1062,0
2015-05-04,22:00:00,36.65,36.67,36.64,36.67,6250,0
2015-05-05,16:00:00,36.531,36.59,36.531,36.59,702,0
2015-05-05,18:00:00,36.431,36.431,36.332,36.332,504,0
2015-05-05,19:00:00,36.402,36.402,36.386,36.388,3560,0
2015-05-05,20:00:00,36.362,36.362,36.322,36.322,302,0
2015-05-05,21:00:00,36.322,36.342,36.233,36.233,1305,0
2015-05-05,22:00:00,36.312,36.312,36.272,36.272,3626,0
2015-05-06,16:00:00,36.272,36.272,36.272,36.272,1560,0
2015-05-06,18:00:00,36.143,36.143,36.143,36.143,1410,0
2015-05-06,19:00:00,36.128,36.133,36.109,36.133,983,0
2015-05-06,20:00:00,36.074,36.074,36.034,36.034,1193,0
2015-05-06,21:00:00,36.034,36.034,35.945,35.945,3651,0
2015-05-07,16:00:00,36.153,36.153,36.084,36.084,1486,0
2015-05-07,17:00:00,36.014,36.024,36.014,36.024,14402,0
2015-05-07,20:00:00,36.243,36.282,36.239,36.243,2805,0
2015-05-07,22:00:00,36.263,36.263,36.197,36.197,959,0
2015-05-08,16:00:00,36.62,36.63,36.58,36.58,5064,0
2015-05-08,17:00:00,36.62,36.66,36.619,36.64,2956,0
2015-05-08,18:00:00,36.65,36.689,36.61,36.66,15509,0
2015-05-08,19:00:00,36.68,36.68,36.62,36.63,13193,0
2015-05-08,20:00:00,36.64,36.64,36.58,36.61,1036,0
2015-05-08,21:00:00,36.59,36.6,36.566,36.57,3004,0
2015-05-08,22:00:00,36.6,36.64,36.56,36.64,4900,0
2015-05-11,16:00:00,36.64,36.64,36.537,36.57,1470,0
2015-05-11,19:00:00,36.481,36.491,36.471,36.481,1209,0
2015-05-11,20:00:00,36.491,36.511,36.451,36.471,3278,0
2015-05-11,21:00:00,36.481,36.481,36.392,36.392,4825,0
2015-05-11,22:00:00,36.372,36.413,36.372,36.411,2695,0
2015-05-12,16:00:00,36.183,36.183,36.153,36.153,1360,0
2015-05-12,18:00:00,36.322,36.322,36.322,36.322,101,0
2015-05-12,19:00:00,36.292,36.292,36.223,36.27,1027,0
2015-05-12,20:00:00,36.362,36.372,36.325,36.325,784,0
2015-05-12,21:00:00,36.328,36.402,36.307,36.372,1444,0
2015-05-12,22:00:00,36.342,36.362,36.302,36.302,3134,0
2015-05-13,16:00:00,36.481,36.491,36.441,36.491,2820,0
2015-05-13,18:00:00,36.286,36.357,36.286,36.357,611,0
2015-05-13,20:00:00,36.392,36.392,36.362,36.388,48809,0
2015-05-13,21:00:00,36.362,36.362,36.362,36.362,158,0
2015-05-13,22:00:00,36.292,36.292,36.282,36.282,375,0
2015-05-14,17:00:00,36.471,36.56,36.471,36.55,9903,0
2015-05-14,18:00:00,36.521,36.521,36.52,36.52,508,0
2015-05-14,20:00:00,36.582,36.582,36.582,36.582,227,0
2015-05-14,21:00:00,36.62,36.64,36.59,36.59,2444,0
2015-05-14,22:00:00,36.61,36.63,36.6,36.6,7115,0
2015-05-15,16:00:00,36.59,36.67,36.59,36.66,1297,0
2015-05-15,17:00:00,36.59,36.709,36.59,36.709,2399,0
2015-05-15,18:00:00,36.652,36.652,36.62,36.62,2442,0
2015-05-15,19:00:00,36.67,36.67,36.67,36.67,270,0
2015-05-15,21:00:00,36.65,36.67,36.62,36.64,2869,0
2015-05-15,22:00:00,36.67,36.729,36.67,36.729,1153,0
2015-05-18,16:00:00,36.699,36.699,36.699,36.699,1541,0
2015-05-18,17:00:00,36.689,36.689,36.68,36.68,775,0
2015-05-18,18:00:00,36.729,36.769,36.729,36.769,817,0
2015-05-18,20:00:00,36.769,36.779,36.749,36.779,20413,0
2015-05-18,21:00:00,36.789,36.809,36.789,36.809,921,0
2015-05-18,22:00:00,36.819,36.838,36.809,36.819,4694,0
2015-05-19,16:00:00,36.729,36.769,36.729,36.769,504,0
2015-05-19,20:00:00,36.848,36.848,36.848,36.848,441,0
2015-05-19,21:00:00,36.851,36.851,36.845,36.851,1292,0
2015-05-19,22:00:00,36.777,36.799,36.777,36.779,4523,0
2015-05-20,16:00:00,36.838,36.838,36.838,36.838,302,0
2015-05-20,18:00:00,36.878,36.878,36.848,36.848,1057,0
2015-05-20,19:00:00,36.848,36.898,36.839,36.858,1959,0
2015-05-20,20:00:00,36.878,36.878,36.838,36.878,2618,0
2015-05-20,21:00:00,36.904,37.007,36.904,36.948,5824,0
2015-05-20,22:00:00,36.938,36.958,36.888,36.888,2417,0
2015-05-21,16:00:00,36.769,36.858,36.769,36.858,5340,0
2015-05-21,17:00:00,36.913,36.913,36.913,36.913,335,0
2015-05-21,18:00:00,36.918,36.918,36.899,36.899,604,0
2015-05-21,19:00:00,36.918,36.918,36.878,36.878,31910,0
2015-05-21,20:00:00,36.909,36.909,36.838,36.838,373,0
2015-05-21,21:00:00,36.838,36.87,36.838,36.87,202,0
2015-05-22,16:00:00,36.868,36.868,36.815,36.815,383,0
2015-05-22,17:00:00,36.819,36.819,36.799,36.819,407,0
2015-05-22,18:00:00,36.761,36.761,36.761,36.761,121,0
2015-05-22,19:00:00,36.789,36.789,36.789,36.789,101,0
2015-05-22,20:00:00,36.819,36.819,36.779,36.779,6361,0
2015-05-22,21:00:00,36.779,36.799,36.769,36.779,4561,0
2015-05-22,22:00:00,36.789,36.819,36.749,36.749,6415,0
2015-05-26,16:00:00,36.6,36.6,36.6,36.6,194,0
2015-05-26,18:00:00,36.411,36.471,36.411,36.431,15409,0
2015-05-26,19:00:00,36.392,36.402,36.372,36.372,20917,0
2015-05-26,20:00:00,36.342,36.392,36.332,36.332,3159,0
2015-05-26,21:00:00,36.349,36.349,36.349,36.349,349,0
2015-05-26,22:00:00,36.392,36.392,36.392,36.392,101,0
2015-05-27,16:00:00,36.511,36.511,36.421,36.491,4062,0
2015-05-27,17:00:00,36.511,36.511,36.501,36.511,6630,0
2015-05-27,18:00:00,36.55,36.55,36.55,36.55,604,0
2015-05-27,19:00:00,36.555,36.555,36.55,36.55,806,0
2015-05-27,20:00:00,36.6,36.635,36.6,36.635,557,0
2015-05-27,21:00:00,36.596,36.596,36.596,36.596,371,0
2015-05-27,22:00:00,36.61,36.67,36.61,36.67,475,0
2015-05-28,16:00:00,36.689,36.689,36.689,36.689,289,0
2015-05-28,17:00:00,36.541,36.541,36.541,36.541,428,0
2015-05-28,18:00:00,36.563,36.563,36.511,36.511,695,0
2015-05-28,19:00:00,36.57,36.57,36.57,36.57,111,0
2015-05-28,20:00:00,36.521,36.541,36.521,36.541,1204,0
2015-05-28,21:00:00,36.544,36.62,36.539,36.62,1471,0
2015-05-28,22:00:00,36.64,36.64,36.63,36.63,1133,0
2015-05-29,16:00:00,36.63,36.63,36.55,36.55,4028,0
2015-05-29,18:00:00,36.476,36.501,36.471,36.489,1045,0
2015-05-29,19:00:00,36.521,36.56,36.501,36.56,906,0
2015-05-29,20:00:00,36.568,36.568,36.537,36.537,521,0
2015-05-29,21:00:00,36.55,36.55,36.55,36.55,209,0
2015-06-01,17:00:00,36.521,36.521,36.511,36.511,2417,0
2015-06-01,18:00:00,36.387,36.387,36.387,36.387,184,0
2015-06-01,20:00:00,36.526,36.56,36.526,36.56,1160,0
2015-06-01,21:00:00,36.56,36.6,36.56,36.566,937,0
2015-06-01,22:00:00,36.471,36.481,36.471,36.481,741,0
2015-06-02,16:00:00,36.322,36.322,36.243,36.243,10476,0
2015-06-02,18:00:00,36.392,36.402,36.392,36.392,302,0
2015-06-02,19:00:00,36.402,36.491,36.362,36.491,7228,0
2015-06-02,20:00:00,36.491,36.501,36.471,36.491,3078,0
2015-06-02,21:00:00,36.501,36.511,36.362,36.421,3726,0
2015-06-02,22:00:00,36.413,36.421,36.362,36.362,1669,0
2015-06-03,16:00:00,36.461,36.461,36.461,36.461,403,0
2015-06-03,17:00:00,36.411,36.57,36.411,36.531,56269,0
2015-06-03,18:00:00,36.585,36.585,36.521,36.521,1042,0
2015-06-03,20:00:00,36.421,36.451,36.411,36.451,8757,0
2015-06-03,21:00:00,36.481,36.501,36.431,36.431,1215,0
2015-06-03,22:00:00,36.439,36.439,36.392,36.392,1940,0
2015-06-04,16:00:00,36.263,36.263,36.263,36.263,318,0
2015-06-04,18:00:00,36.213,36.213,36.193,36.198,6749,0
2015-06-04,19:00:00,36.221,36.221,36.221,36.221,101,0
2015-06-04,20:00:00,36.133,36.133,36.133,36.133,392,0
2015-06-04,21:00:00,36.169,36.169,36.134,36.135,996,0
2015-06-04,22:00:00,36.084,36.084,36.084,36.084,1342,0
2015-06-05,16:00:00,36.014,36.014,35.905,35.905,410,0
2015-06-05,17:00:00,36.048,36.048,36.048,36.048,443,0
2015-06-05,18:00:00,36.034,36.034,36.034,36.034,201,0
2015-06-05,20:00:00,35.955,35.955,35.955,35.955,101,0
2015-06-05,22:00:00,35.955,35.955,35.895,35.895,3760,0
2015-06-08,19:00:00,35.885,35.885,35.885,35.885,45320,0
2015-06-08,20:00:00,35.885,35.885,35.856,35.856,709,0
2015-06-08,21:00:00,35.816,35.915,35.816,35.915,607,0
2015-06-08,22:00:00,35.876,35.885,35.876,35.885,1381,0
2015-06-09,16:00:00,35.845,35.845,35.746,35.746,1023,0
2015-06-09,18:00:00,35.816,35.816,35.816,35.816,379,0
2015-06-09,19:00:00,35.844,35.844,35.796,35.796,745,0
2015-06-09,20:00:00,35.875,35.875,35.849,35.865,2792,0
2015-06-09,21:00:00,35.801,35.801,35.801,35.801,109,0
2015-06-09,22:00:00,35.744,35.744,35.744,35.744,232,0
2015-06-10,16:00:00,35.915,36.044,35.915,36.044,1977,0
2015-06-10,17:00:00,36.123,36.163,36.123,36.163,2552,0
2015-06-10,18:00:00,36.173,36.193,36.173,36.193,1014,0
2015-06-10,19:00:00,36.282,36.282,36.282,36.282,504,0
2015-06-10,20:00:00,36.262,36.262,36.231,36.231,860,0
2015-06-10,21:00:00,36.223,36.223,36.223,36.223,3525,0
2015-06-10,22:00:00,36.245,36.245,36.243,36.243,313,0
2015-06-11,16:00:00,36.342,36.342,36.312,36.312,4183,0
2015-06-11,17:00:00,36.416,36.418,36.416,36.418,201,0
2015-06-11,20:00:00,36.372,36.372,36.371,36.371,252,0
2015-06-11,21:00:00,36.391,36.391,36.361,36.389,2734,0
2015-06-11,22:00:00,36.372,36.382,36.282,36.282,1123,0
2015-06-12,16:00:00,36.302,36.302,36.232,36.232,698,0
2015-06-12,17:00:00,36.163,36.163,36.074,36.074,335,0
2015-06-12,18:00:00,36.134,36.193,36.126,36.126,2391,0
2015-06-12,19:00:00,36.123,36.123,36.123,36.123,101,0
2015-06-12,20:00:00,36.094,36.123,36.094,36.119,684,0
2015-06-12,21:00:00,36.104,36.114,36.064,36.064,705,0
2015-06-12,22:00:00,36.074,36.114,36.074,36.094,302,0
2015-06-15,16:00:00,35.994,35.994,35.816,35.816,1106,0
2015-06-15,17:00:00,35.817,35.865,35.817,35.865,617,0
2015-06-15,18:00:00,35.885,35.885,35.885,35.885,554,0
2015-06-15,19:00:00,35.895,35.925,35.895,35.925,10877,0
2015-06-15,20:00:00,35.915,35.939,35.865,35.865,9350,0
2015-06-15,21:00:00,35.891,35.891,35.891,35.891,816,0
2015-06-15,22:00:00,35.865,35.915,35.865,35.915,3409,0
2015-06-16,16:00:00,35.816,35.965,35.816,35.965,6748,0
2015-06-16,18:00:00,36.024,36.024,36.004,36.015,763,0
2015-06-16,19:00:00,36.024,36.024,36.024,36.024,101,0
2015-06-16,20:00:00,36.094,36.094,36.094,36.094,708,0
2015-06-16,21:00:00,36.104,36.104,36.104,36.104,995,0
2015-06-16,22:00:00,36.089,36.094,36.089,36.094,251,0
2015-06-17,16:00:00,36.173,36.204,36.173,36.204,443,0
2015-06-17,17:00:00,36.163,36.163,36.163,36.163,10272,0
2015-06-17,21:00:00,36.212,36.256,36.212,36.256,1733,0
2015-06-17,22:00:00,36.233,36.233,36.233,36.233,1108,0
2015-06-18,17:00:00,36.461,36.461,36.461,36.461,403,0
2015-06-18,18:00:00,36.531,36.531,36.531,36.531,554,0
2015-06-18,19:00:00,36.585,36.585,36.585,36.585,116,0
2015-06-18,20:00:00,36.6,36.6,36.471,36.55,625,0
2015-06-18,21:00:00,36.492,36.531,36.492,36.531,2341,0
2015-06-19,16:00:00,36.59,36.59,36.59,36.59,208,0
2015-06-19,17:00:00,36.5,36.51,36.456,36.4981,839,0
2015-06-19,19:00:00,36.45,36.46,36.445,36.46,11325,0
2015-06-19,20:00:00,36.488,36.4999,36.488,36.4999,379,0
2015-06-19,21:00:00,36.4628,36.4628,36.4628,36.4628,161,0
2015-06-19,22:00:00,36.384,36.4202,36.384,36.4202,573,0
2015-06-22,18:00:00,36.59,36.6024,36.59,36.6024,2738,0
2015-06-22,20:00:00,36.5,36.5101,36.5,36.5101,1638,0
2015-06-22,22:00:00,36.54,36.55,36.54,36.54,4550,0
2015-06-23,17:00:00,36.5648,36.572,36.515,36.52,3100,0
2015-06-23,18:00:00,36.535,36.535,36.49,36.51,900,0
2015-06-23,19:00:00,36.47,36.48,36.47,36.47,1200,0
2015-06-23,20:00:00,36.5,36.5,36.49,36.49,675,0
2015-06-23,21:00:00,36.5164,36.53,36.5,36.53,714,0
2015-06-23,22:00:00,36.51,36.51,36.51,36.51,107,0
2015-06-24,17:00:00,36.46,36.49,36.46,36.49,483,0
2015-06-24,18:00:00,36.4523,36.47,36.41,36.41,1750,0
2015-06-24,19:00:00,36.39,36.39,36.35,36.36,831,0
2015-06-24,20:00:00,36.35,36.36,36.2799,36.3,506,0
2015-06-24,21:00:00,36.34,36.34,36.3,36.31,1000,0
2015-06-25,16:00:00,36.18,36.18,36.18,36.18,4048,0
2015-06-25,18:00:00,36.24,36.24,36.24,36.24,680,0
2015-06-25,19:00:00,36.2,36.2,36.2,36.2,3900,0
2015-06-25,21:00:00,36.169,36.169,36.122,36.15,1062,0
2015-06-25,22:00:00,36.2,36.2,36.2,36.2,100,0
2015-06-26,17:00:00,36.204,36.204,36.16,36.16,5400,0
2015-06-26,20:00:00,36.0501,36.09,36.0501,36.09,872,0
2015-06-26,21:00:00,36.07,36.1,36.07,36.09,3415,0
2015-06-26,22:00:00,36.17,36.2,36.14,36.2,11897,0
2015-06-29,16:00:00,35.96,36,35.96,36,3300,0
2015-06-29,17:00:00,35.93,35.98,35.93,35.9429,1831,0
2015-06-29,18:00:00,35.855,35.855,35.82,35.82,600,0
2015-06-29,20:00:00,35.74,35.76,35.74,35.76,2000,0
2015-06-29,21:00:00,35.67,35.718,35.67,35.717,900,0
2015-06-29,22:00:00,35.65,35.65,35.52,35.52,1700,0
2015-06-30,17:00:00,35.56,35.59,35.56,35.59,7512,0
2015-06-30,18:00:00,35.5701,35.5701,35.5701,35.5701,119,0
2015-06-30,20:00:00,35.6199,35.635,35.6072,35.635,2100,0
2015-06-30,21:00:00,35.72,35.72,35.67,35.67,3126,0
2015-06-30,22:00:00,35.54,35.54,35.54,35.54,121,0
2015-07-01,16:00:00,35.78,35.78,35.78,35.78,2200,0
2015-07-01,17:00:00,35.785,35.785,35.785,35.785,200,0
2015-07-01,18:00:00,35.78,35.78,35.75,35.75,900,0
2015-07-01,19:00:00,35.74,35.78,35.74,35.75,2800,0
2015-07-01,20:00:00,35.69,35.75,35.69,35.73,2101,0
2015-07-01,21:00:00,35.71,35.75,35.709,35.75,4580,0
2015-07-01,22:00:00,35.74,35.79,35.74,35.79,800,0
2015-07-02,21:00:00,35.749,35.78,35.7001,35.7422,3010,0
2015-07-02,22:00:00,35.79,35.79,35.7456,35.7456,202,0
2015-07-06,16:00:00,35.69,35.71,35.64,35.71,21281,0
2015-07-06,17:00:00,35.6456,35.6703,35.6456,35.6703,900,0
2015-07-06,18:00:00,35.79,35.79,35.73,35.76,2661,0
2015-07-06,19:00:00,35.73,35.75,35.73,35.75,4700,0
2015-07-06,20:00:00,35.74,35.74,35.72,35.72,600,0
2015-07-06,21:00:00,35.6076,35.65,35.6,35.6,1156,0
2015-07-06,22:00:00,35.65,35.66,35.65,35.66,350,0
2015-07-07,16:00:00,35.88,35.88,35.65,35.65,1097,0
2015-07-07,17:00:00,35.67,35.67,35.67,35.67,100,0
2015-07-07,19:00:00,35.71,35.74,35.71,35.74,500,0
2015-07-07,20:00:00,35.81,35.835,35.79,35.83,2200,0
2015-07-07,21:00:00,35.8257,35.97,35.7863,35.97,2643,0
2015-07-07,22:00:00,36.05,36.07,36.01,36.0136,1567,0
2015-07-08,17:00:00,35.7795,35.7795,35.7795,35.7795,590,0
2015-07-08,19:00:00,35.69,35.69,35.66,35.66,900,0
2015-07-08,20:00:00,35.6987,35.75,35.6987,35.75,4377,0
2015-07-08,21:00:00,35.73,35.73,35.7,35.7,1000,0
2015-07-08,22:00:00,35.66,35.6603,35.66,35.6603,662,0
2015-07-09,16:00:00,35.93,35.93,35.93,35.93,318,0
2015-07-09,17:00:00,35.79,35.79,35.79,35.79,300,0
2015-07-09,18:00:00,35.826,35.826,35.826,35.826,358,0
2015-07-09,20:00:00,35.5801,35.6599,35.5801,35.6599,1040,0
2015-07-09,21:00:00,35.56,35.56,35.5599,35.5599,2645,0
2015-07-09,22:00:00,35.6556,35.6556,35.5838,35.6077,719,0
2015-07-10,16:00:00,35.87,35.9,35.87,35.9,750,0
2015-07-10,18:00:00,35.9501,35.9501,35.9501,35.9501,100,0
2015-07-10,19:00:00,36.0034,36.0034,36.0034,36.0034,118,0
2015-07-10,20:00:00,35.9399,35.9399,35.9399,35.9399,748,0
2015-07-10,21:00:00,35.9243,35.96,35.9243,35.9559,1365,0
2015-07-10,22:00:00,35.9568,35.9783,35.93,35.93,1442,0
2015-07-13,16:00:00,36.15,36.1601,36.15,36.1601,500,0
2015-07-13,19:00:00,36.16,36.16,36.1377,36.1377,1802,0
2015-07-13,20:00:00,36.1501,36.1501,36.1501,36.1501,902,0
2015-07-13,21:00:00,36.1855,36.1855,36.1855,36.1855,452,0
2015-07-13,22:00:00,36.19,36.26,36.18,36.26,6379,0
2015-07-14,19:00:00,36.28,36.28,36.28,36.28,7700,0
2015-07-14,20:00:00,36.2856,36.2892,36.2856,36.2892,380,0
2015-07-14,21:00:00,36.3101,36.3101,36.3101,36.3101,114,0
2015-07-14,22:00:00,36.31,36.35,36.31,36.35,19336,0
2015-07-15,17:00:00,36.3799,36.3799,36.3799,36.3799,1340,0
2015-07-15,18:00:00,36.38,36.38,36.34,36.34,296,0
2015-07-15,19:00:00,36.32,36.32,36.32,36.32,800,0
2015-07-15,20:00:00,36.32,36.3422,36.32,36.33,45739,0
2015-07-15,21:00:00,36.32,36.32,36.26,36.26,400,0
2015-07-16,16:00:00,36.43,36.43,36.43,36.43,10900,0
2015-07-16,17:00:00,36.46,36.46,36.45,36.45,300,0
2015-07-16,18:00:00,36.498,36.51,36.47,36.51,1900,0
2015-07-16,19:00:00,36.48,36.51,36.48,36.51,1100,0
2015-07-16,20:00:00,36.47,36.51,36.47,36.5051,811,0
2015-07-16,21:00:00,36.5195,36.5195,36.5195,36.5195,229,0
2015-07-16,22:00:00,36.51,36.51,36.51,36.51,200,0
2015-07-17,16:00:00,36.38,36.38,36.38,36.38,2100,0
2015-07-17,17:00:00,36.36,36.37,36.36,36.37,428,0
2015-07-17,18:00:00,36.4,36.4,36.39,36.4,2300,0
2015-07-17,19:00:00,36.36,36.36,36.36,36.36,205,0
2015-07-17,20:00:00,36.39,36.39,36.37,36.386,864,0
2015-07-17,21:00:00,36.36,36.39,36.36,36.39,300,0
2015-07-17,22:00:00,36.38,36.4,36.36,36.37,4635,0
2015-07-20,16:00:00,36.3701,36.3701,36.3701,36.3701,7,0
2015-07-20,17:00:00,36.389,36.389,36.389,36.389,34,0
2015-07-20,18:00:00,36.3701,36.42,36.3701,36.42,566,0
2015-07-20,19:00:00,36.45,36.45,36.45,36.45,147,0
2015-07-20,20:00:00,36.4799,36.4799,36.4799,36.4799,126,0
2015-07-20,21:00:00,36.4578,36.4578,36.4578,36.4578,115,0
2015-07-20,22:00:00,36.45,36.45,36.45,36.45,31,0
2015-07-21,16:00:00,36.35,36.35,36.35,36.35,1280,0
2015-07-21,17:00:00,36.37,36.37,36.29,36.29,765,0
2015-07-21,18:00:00,36.24,36.245,36.24,36.245,1036,0
2015-07-21,19:00:00,36.22,36.22,36.22,36.22,900,0
2015-07-21,20:00:00,36.1999,36.1999,36.1598,36.1598,589,0
2015-07-21,21:00:00,36.205,36.205,36.15,36.15,302,0
2015-07-21,22:00:00,36.21,36.21,36.198,36.198,306,0
2015-07-22,17:00:00,36.1684,36.18,36.12,36.1259,892,0
2015-07-22,18:00:00,36.1,36.1295,36.0976,36.128,1139,0
2015-07-22,19:00:00,36.0941,36.12,36.092,36.12,11858,0
2015-07-22,20:00:00,36.1212,36.1212,36.11,36.11,825,0
2015-07-22,21:00:00,36.1167,36.13,36.1167,36.13,375,0
2015-07-22,22:00:00,36.1,36.12,36.068,36.12,1838,0
2015-07-23,17:00:00,36.06,36.06,36.06,36.06,1500,0
2015-07-23,18:00:00,36.04,36.04,36.04,36.04,700,0
2015-07-23,20:00:00,35.93,35.955,35.93,35.955,253,0
2015-07-23,21:00:00,36.025,36.025,35.96,35.96,14005,0
2015-07-23,22:00:00,35.9099,35.9099,35.9099,35.9099,174,0
2015-07-24,19:00:00,35.7,35.7,35.7,35.7,24250,0
2015-07-24,20:00:00,35.63,35.63,35.63,35.63,530,0
2015-07-24,21:00:00,35.57,35.57,35.57,35.57,2194,0
2015-07-24,22:00:00,35.6,35.6,35.6,35.6,3019,0
2015-07-27,16:00:00,35.39,35.4,35.34,35.4,7318,0
2015-07-27,17:00:00,35.43,35.53,35.388,35.53,647,0
2015-07-27,18:00:00,35.53,35.53,35.48,35.48,1415,0
2015-07-27,19:00:00,35.49,35.49,35.47,35.47,296,0
2015-07-27,20:00:00,35.4401,35.4899,35.4401,35.456,912,0
2015-07-27,21:00:00,35.47,35.5039,35.47,35.47,1025,0
2015-07-27,22:00:00,35.43,35.45,35.4,35.45,1533,0
2015-07-28,17:00:00,35.494,35.5,35.47,35.4826,1760,0
2015-07-28,19:00:00,35.6959,35.6959,35.6959,35.6959,100,0
2015-07-28,20:00:00,35.76,35.76,35.76,35.76,130,0
2015-07-28,22:00:00,35.79,35.83,35.79,35.83,300,0
2015-07-29,18:00:00,35.995,36.07,35.995,36.06,741,0
2015-07-29,19:00:00,36.0499,36.07,36.0499,36.0599,770,0
2015-07-29,20:00:00,36.0527,36.07,36.0527,36.07,635,0
2015-07-29,21:00:00,36.0899,36.1599,36.08,36.1599,1802,0
2015-07-29,22:00:00,36.15,36.15,36.1126,36.1299,695,0
2015-07-30,16:00:00,36.14,36.14,35.955,35.955,380,0
2015-07-30,17:00:00,36.0486,36.06,36.04,36.04,2728,0
2015-07-30,18:00:00,36.15,36.15,36.15,36.15,400,0
2015-07-30,19:00:00,36.145,36.145,36.14,36.145,1449,0
2015-07-30,20:00:00,36.15,36.16,36.12,36.12,1100,0
2015-07-30,21:00:00,36.13,36.15,36.09,36.1112,8720,0
2015-07-30,22:00:00,36.16,36.17,36.16,36.17,400,0
2015-07-31,16:00:00,36.65,36.65,36.02,36.02,1457,0
2015-07-31,18:00:00,36.265,36.265,36.26,36.26,300,0
2015-07-31,20:00:00,36.216,36.216,36.1401,36.1401,959,0
2015-07-31,21:00:00,36.15,36.15,36.14,36.14,200,0
2015-07-31,22:00:00,36.17,36.17,36.08,36.08,1203,0
2015-08-03,18:00:00,36.01,36.07,36.01,36.0601,3445,0
2015-08-03,19:00:00,35.994,35.994,35.93,35.93,400,0
2015-08-03,20:00:00,35.89,35.9232,35.89,35.9232,508,0
2015-08-03,21:00:00,35.86,35.86,35.86,35.86,3908,0
2015-08-03,22:00:00,35.91,35.9854,35.91,35.95,1425,0
2015-08-04,16:00:00,35.99,36.0799,35.97,36.0799,5718,0
2015-08-04,17:00:00,35.98,35.98,35.98,35.98,3900,0
2015-08-04,19:00:00,35.92,35.92,35.92,35.92,454,0
2015-08-04,21:00:00,35.8838,35.8838,35.8838,35.8838,146,0
2015-08-04,22:00:00,35.9433,35.9433,35.9433,35.9433,375,0
2015-08-05,18:00:00,36.2384,36.24,36.2,36.2,3644,0
2015-08-05,19:00:00,36.14,36.14,36.0999,36.0999,3210,0
2015-08-05,21:00:00,36.1,36.1,36.08,36.08,2200,0
2015-08-05,22:00:00,36.0807,36.0807,36.0807,36.0807,299,0
2015-08-06,16:00:00,36.05,36.05,36.05,36.05,2000,0
2015-08-06,17:00:00,35.93,35.93,35.93,35.93,100,0
2015-08-06,18:00:00,35.9299,35.9299,35.9299,35.9299,700,0
2015-08-06,19:00:00,35.81,35.81,35.81,35.81,1000,0
2015-08-06,20:00:00,35.7773,35.8595,35.7773,35.81,2654,0
2015-08-06,22:00:00,35.8799,35.8799,35.8506,35.8506,885,0
2015-08-07,19:00:00,35.73,35.73,35.73,35.73,9760,0
2015-08-07,20:00:00,35.685,35.6997,35.685,35.6997,2905,0
2015-08-07,21:00:00,35.688,35.71,35.6866,35.7099,504,0
2015-08-07,22:00:00,35.79,35.79,35.79,35.79,119,0
