Date,Time,Open,High,Low,Close,Volume,OpenInt
2015-01-09,16:00:00,35.871,35.871,35.723,35.723,18184,0
2015-01-09,17:00:00,35.713,35.713,35.575,35.575,8537,0
2015-01-09,18:00:00,35.477,35.605,35.467,35.605,7887,0
2015-01-09,19:00:00,35.615,35.664,35.575,35.575,4459,0
2015-01-09,20:00:00,35.546,35.654,35.546,35.654,6404,0
2015-01-09,21:00:00,35.605,35.645,35.605,35.645,65700,0
2015-01-09,22:00:00,35.664,35.733,35.625,35.654,67258,0
2015-01-12,16:00:00,35.694,35.694,35.28,35.28,2493,0
2015-01-12,17:00:00,35.339,35.428,35.27,35.398,12350,0
2015-01-12,18:00:00,35.457,35.497,35.398,35.428,10435,0
2015-01-12,19:00:00,35.437,35.477,35.368,35.368,60280,0
2015-01-12,20:00:00,35.398,35.408,35.359,35.398,9906,0
2015-01-12,21:00:00,35.359,35.408,35.319,35.349,4419,0
2015-01-12,22:00:00,35.378,35.447,35.319,35.388,27270,0
2015-01-13,16:00:00,35.694,35.822,35.694,35.802,20847,0
2015-01-13,17:00:00,35.763,35.832,35.763,35.822,5572,0
2015-01-13,18:00:00,35.802,35.802,35.694,35.713,119084,0
2015-01-13,19:00:00,35.536,35.536,35.536,35.536,2028,0
2015-01-13,20:00:00,35.605,35.605,35.299,35.299,34503,0
2015-01-13,21:00:00,35.171,35.201,35.072,35.171,1767,0
2015-01-13,22:00:00,35.122,35.378,35.122,35.28,17258,0
2015-01-14,16:00:00,35.063,35.063,35.063,35.063,2433,0
2015-01-14,17:00:00,35.161,35.161,35.102,35.102,10545,0
2015-01-14,18:00:00,35.142,35.142,35.023,35.122,14320,0
2015-01-14,19:00:00,35.013,35.013,34.915,34.984,5796,0
2015-01-14,20:00:00,34.984,34.984,34.816,34.846,10779,0
2015-01-14,21:00:00,34.915,35.102,34.905,35.013,17110,0
2015-01-14,22:00:00,35.053,35.22,35.053,35.171,21828,0
2015-01-15,16:00:00,35.132,35.151,35.112,35.112,20247,0
2015-01-15,17:00:00,35.191,35.22,35.092,35.22,17642,0
2015-01-15,18:00:00,35.122,35.142,34.954,35.082,115900,0
2015-01-15,19:00:00,35.082,35.102,35.072,35.102,5467,0
2015-01-15,20:00:00,35.053,35.053,34.954,34.994,2654,0
2015-01-15,21:00:00,35.053,35.053,35.033,35.043,6168,0
2015-01-15,22:00:00,35.132,35.132,34.944,34.954,20941,0
2015-01-16,16:00:00,34.836,35.013,34.836,34.915,14519,0
2015-01-16,17:00:00,34.836,35.033,34.836,35.004,6594,0
2015-01-16,18:00:00,35.102,35.151,35.013,35.063,14938,0
2015-01-16,19:00:00,35.191,35.191,35.191,35.191,304,0
2015-01-16,20:00:00,35.122,35.151,35.063,35.151,4621,0
2015-01-16,21:00:00,35.191,35.191,35.151,35.151,52317,0
2015-01-16,22:00:00,35.151,35.359,35.132,35.339,19501,0
2015-01-20,16:00:00,35.487,35.487,35.22,35.22,1219,0
2015-01-20,17:00:00,35.319,35.329,35.211,35.26,3575,0
2015-01-20,18:00:00,35.24,35.26,35.132,35.181,41574,0
2015-01-20,19:00:00,35.181,35.25,35.171,35.181,35931,0
2015-01-20,20:00:00,35.201,35.26,35.201,35.26,807,0
2015-01-20,21:00:00,35.309,35.398,35.309,35.368,5780,0
2015-01-20,22:00:00,35.378,35.447,35.349,35.359,4391,0
2015-01-21,16:00:00,35.27,35.497,35.23,35.398,4367,0
2015-01-21,17:00:00,35.408,35.625,35.349,35.625,4931,0
2015-01-21,18:00:00,35.556,35.595,35.516,35.595,6188,0
2015-01-21,19:00:00,35.595,35.605,35.546,35.595,4035,0
2015-01-21,20:00:00,35.566,35.566,35.457,35.457,1115,0
2015-01-21,21:00:00,35.418,35.536,35.378,35.487,2975,0
2015-01-21,22:00:00,35.497,35.575,35.487,35.566,12957,0
2015-01-22,16:00:00,35.802,35.802,35.605,35.605,10412,0
2015-01-22,17:00:00,35.645,35.871,35.585,35.871,23683,0
2015-01-22,18:00:00,35.842,35.842,35.733,35.743,6732,0
2015-01-22,19:00:00,35.743,35.763,35.694,35.694,2594,0
2015-01-22,20:00:00,35.753,35.753,35.713,35.743,2830,0
2015-01-22,21:00:00,35.852,35.921,35.832,35.921,3266,0
2015-01-22,22:00:00,36.019,36.039,35.99,36.019,6299,0
2015-01-23,16:00:00,35.891,35.95,35.881,35.901,10502,0
2015-01-23,17:00:00,35.921,35.941,35.852,35.921,14504,0
2015-01-23,18:00:00,35.931,35.931,35.931,35.931,1014,0
2015-01-23,19:00:00,35.931,35.97,35.901,35.95,7048,0
2015-01-23,20:00:00,35.95,35.97,35.941,35.97,2980,0
2015-01-23,21:00:00,35.96,35.96,35.891,35.901,6778,0
2015-01-23,22:00:00,35.891,35.891,35.822,35.822,4934,0
2015-01-26,16:00:00,35.694,35.704,35.654,35.704,31976,0
2015-01-26,17:00:00,35.733,35.763,35.723,35.763,7411,0
2015-01-26,18:00:00,35.842,35.891,35.842,35.842,2164,0
2015-01-26,19:00:00,35.911,35.911,35.852,35.871,13528,0
2015-01-26,20:00:00,35.871,35.96,35.861,35.96,5493,0
2015-01-26,21:00:00,35.97,35.97,35.881,35.901,3121,0
2015-01-26,22:00:00,35.901,35.941,35.891,35.941,5013,0
2015-01-27,16:00:00,35.536,35.704,35.536,35.625,23117,0
2015-01-27,17:00:00,35.625,35.674,35.506,35.506,6808,0
2015-01-27,18:00:00,35.516,35.635,35.516,35.635,3061,0
2015-01-27,19:00:00,35.575,35.723,35.566,35.684,6369,0
2015-01-27,20:00:00,35.654,35.773,35.654,35.684,19091,0
2015-01-27,21:00:00,35.723,35.842,35.684,35.802,7867,0
2015-01-27,22:00:00,35.773,35.773,35.625,35.625,6682,0
2015-01-28,16:00:00,35.871,35.871,35.802,35.842,3995,0
2015-01-28,17:00:00,35.842,35.842,35.753,35.753,7128,0
2015-01-28,18:00:00,35.674,35.713,35.635,35.713,24266,0
2015-01-28,19:00:00,35.723,35.793,35.684,35.793,1825,0
2015-01-28,20:00:00,35.743,35.743,35.694,35.713,13223,0
2015-01-28,21:00:00,35.713,35.713,35.556,35.664,3171,0
2015-01-28,22:00:00,35.546,35.546,35.26,35.27,21124,0
2015-01-29,16:00:00,35.319,35.319,35.142,35.142,2747,0
2015-01-29,17:00:00,35.151,35.151,35.043,35.132,3496,0
2015-01-29,18:00:00,35.122,35.132,35.122,35.132,3305,0
2015-01-29,19:00:00,35.28,35.28,35.25,35.25,10967,0
2015-01-29,20:00:00,35.299,35.428,35.299,35.428,4242,0
2015-01-29,21:00:00,35.428,35.487,35.398,35.418,4853,0
2015-01-29,22:00:00,35.477,35.575,35.477,35.536,20898,0
2015-01-30,16:00:00,35.457,35.457,35.457,35.457,202,0
2015-01-30,17:00:00,35.25,35.25,35.201,35.201,6036,0
2015-01-30,18:00:00,35.22,35.23,35.201,35.23,2996,0
2015-01-30,19:00:00,35.388,35.388,35.27,35.27,1244,0
2015-01-30,20:00:00,35.27,35.408,35.25,35.408,3642,0
2015-01-30,21:00:00,35.398,35.516,35.398,35.408,3528,0
2015-01-30,22:00:00,35.25,35.25,35.053,35.053,16550,0
2015-02-02,16:00:00,35.132,35.132,35.112,35.112,3726,0
2015-02-02,17:00:00,34.885,34.944,34.885,34.944,8888,0
2015-02-02,18:00:00,35.112,35.25,35.112,35.201,12542,0
2015-02-02,19:00:00,35.142,35.142,35.053,35.053,10256,0
2015-02-02,20:00:00,35.033,35.142,35.033,35.142,30069,0
2015-02-02,21:00:00,35.004,35.122,35.004,35.072,37236,0
2015-02-02,22:00:00,35.112,35.457,35.112,35.418,3424,0
2015-02-03,16:00:00,35.704,35.812,35.704,35.812,21754,0
2015-02-03,17:00:00,35.753,35.763,35.674,35.674,12079,0
2015-02-03,18:00:00,35.664,35.733,35.664,35.704,13092,0
2015-02-03,19:00:00,35.723,35.733,35.704,35.713,2279,0
2015-02-03,20:00:00,35.842,35.861,35.842,35.861,1881,0
2015-02-03,21:00:00,35.881,35.921,35.871,35.901,2758,0
2015-02-03,22:00:00,35.941,36.049,35.941,36.029,1767,0
2015-02-04,16:00:00,35.97,35.97,35.931,35.931,9122,0
2015-02-04,17:00:00,36.019,36.019,35.921,35.931,18441,0
2015-02-04,18:00:00,35.891,36.019,35.891,35.999,6508,0
2015-02-04,19:00:00,35.99,36.009,35.891,35.901,17421,0
2015-02-04,20:00:00,35.96,35.96,35.931,35.95,1759,0
2015-02-04,21:00:00,35.911,35.95,35.901,35.95,22488,0
2015-02-04,22:00:00,35.941,35.999,35.783,35.842,5154,0
2015-02-05,16:00:00,36.089,36.089,36.029,36.049,5427,0
2015-02-05,17:00:00,36.147,36.187,36.128,36.187,3030,0
2015-02-05,18:00:00,36.167,36.207,36.147,36.167,14779,0
2015-02-05,19:00:00,36.137,36.137,36.089,36.098,19612,0
2015-02-05,20:00:00,36.118,36.217,36.098,36.217,1540,0
2015-02-05,21:00:00,36.197,36.217,36.137,36.137,28757,0
2015-02-05,22:00:00,36.137,36.217,36.137,36.217,4617,0
2015-02-06,16:00:00,36.246,36.246,36.237,36.237,1267,0
2015-02-06,17:00:00,36.246,36.335,36.227,36.276,70167,0
2015-02-06,18:00:00,36.276,36.295,36.246,36.295,4436,0
2015-02-06,19:00:00,36.295,36.305,36.217,36.256,11128,0
2015-02-06,20:00:00,36.167,36.187,36.098,36.147,4140,0
2015-02-06,21:00:00,36.137,36.187,36.137,36.157,5613,0
2015-02-06,22:00:00,36.069,36.069,36.019,36.019,11762,0
2015-02-09,16:00:00,36.029,36.137,35.97,36.137,33018,0
2015-02-09,17:00:00,36.079,36.098,36.039,36.079,35183,0
2015-02-09,18:00:00,36.069,36.118,36.029,36.118,121246,0
2015-02-09,19:00:00,36.069,36.137,36.069,36.098,11155,0
2015-02-09,20:00:00,36.108,36.108,35.999,36.049,6737,0
2015-02-09,21:00:00,36.009,36.029,35.941,35.97,28020,0
2015-02-09,22:00:00,35.95,35.999,35.891,35.941,12180,0
2015-02-10,16:00:00,36.118,36.118,36.118,36.118,148,0
2015-02-10,17:00:00,36.059,36.059,36.019,36.019,1222,0
2015-02-10,18:00:00,36.039,36.137,36.039,36.137,23598,0
2015-02-10,19:00:00,36.098,36.177,36.098,36.177,14707,0
2015-02-10,20:00:00,36.108,36.197,36.108,36.167,4079,0
2015-02-10,21:00:00,36.177,36.305,36.167,36.305,4942,0
2015-02-10,22:00:00,36.315,36.384,36.305,36.315,5144,0
2015-02-11,16:00:00,36.276,36.295,36.266,36.285,5873,0
2015-02-11,18:00:00,36.325,36.325,36.246,36.266,1451,0
2015-02-11,19:00:00,36.305,36.305,36.256,36.256,32435,0
2015-02-11,20:00:00,36.227,36.227,36.227,36.227,122,0
2015-02-11,21:00:00,36.305,36.335,36.237,36.335,7345,0
2015-02-11,22:00:00,36.325,36.414,36.295,36.335,49101,0
2015-02-12,16:00:00,36.552,36.631,36.552,36.631,8844,0
2015-02-12,17:00:00,36.571,36.631,36.571,36.611,8768,0
2015-02-12,18:00:00,36.631,36.651,36.571,36.651,9484,0
2015-02-12,19:00:00,36.651,36.69,36.651,36.671,9839,0
2015-02-12,20:00:00,36.68,36.7,36.661,36.7,19148,0
2015-02-12,21:00:00,36.671,36.719,36.671,36.7,1629,0
2015-02-12,22:00:00,36.749,36.749,36.709,36.749,13556,0
2015-02-13,16:00:00,36.789,36.828,36.779,36.828,1318,0
2015-02-13,17:00:00,36.828,36.847,36.799,36.799,28334,0
2015-02-13,18:00:00,36.857,36.867,36.838,36.838,3990,0
2015-02-13,19:00:00,36.799,36.799,36.769,36.769,11911,0
2015-02-13,20:00:00,36.769,36.769,36.739,36.739,386,0
2015-02-13,21:00:00,36.759,36.769,36.759,36.769,8072,0
2015-02-13,22:00:00,36.769,36.847,36.769,36.847,1253,0
2015-02-17,16:00:00,36.739,36.749,36.709,36.709,304,0
2015-02-17,17:00:00,36.789,36.838,36.749,36.749,8002,0
2015-02-17,18:00:00,36.759,36.857,36.759,36.857,5563,0
2015-02-17,19:00:00,36.857,36.867,36.857,36.867,1331,0
2015-02-17,20:00:00,36.917,36.927,36.917,36.917,3245,0
2015-02-17,21:00:00,36.907,36.927,36.887,36.907,5262,0
2015-02-17,22:00:00,36.897,36.897,36.857,36.877,7903,0
2015-02-18,16:00:00,36.759,36.789,36.759,36.789,953,0
2015-02-18,17:00:00,36.759,36.759,36.729,36.739,8364,0
2015-02-18,18:00:00,36.799,36.819,36.779,36.779,10496,0
2015-02-18,19:00:00,36.799,36.799,36.749,36.759,10000,0
2015-02-18,20:00:00,36.769,36.769,36.739,36.739,1726,0
2015-02-18,21:00:00,36.838,36.857,36.789,36.838,5658,0
2015-02-18,22:00:00,36.887,36.897,36.838,36.838,8967,0
2015-02-19,16:00:00,36.769,36.769,36.719,36.719,21575,0
2015-02-19,17:00:00,36.799,36.828,36.799,36.828,5998,0
2015-02-19,18:00:00,36.828,36.877,36.828,36.857,8357,0
2015-02-19,19:00:00,36.809,36.809,36.809,36.809,1262,0
2015-02-19,20:00:00,36.769,36.809,36.729,36.809,11230,0
2015-02-19,21:00:00,36.809,36.819,36.789,36.789,2604,0
2015-02-19,22:00:00,36.828,36.828,36.789,36.789,5535,0
2015-02-20,16:00:00,36.759,36.759,36.591,36.591,65822,0
2015-02-20,17:00:00,36.542,36.7,36.542,36.68,53797,0
2015-02-20,18:00:00,36.69,36.7,36.68,36.7,3605,0
2015-02-20,19:00:00,36.779,36.779,36.769,36.769,3369,0
2015-02-20,20:00:00,36.847,36.887,36.847,36.887,2470,0
2015-02-20,21:00:00,36.877,36.877,36.877,36.877,1071,0
2015-02-20,22:00:00,36.957,36.957,36.957,36.957,304,0
2015-02-23,16:00:00,36.897,36.927,36.887,36.887,1115,0
2015-02-23,17:00:00,36.857,36.897,36.857,36.857,4919,0
2015-02-23,18:00:00,36.887,36.957,36.867,36.927,13544,0
2015-02-23,19:00:00,36.907,36.907,36.877,36.877,1387,0
2015-02-23,20:00:00,36.887,36.947,36.887,36.907,11882,0
2015-02-23,21:00:00,36.917,36.917,36.907,36.917,2082,0
2015-02-23,22:00:00,36.887,36.976,36.867,36.976,7533,0
2015-02-24,16:00:00,37.025,37.025,36.967,36.976,1217,0
2015-02-24,17:00:00,36.927,37.035,36.907,37.015,4400,0
2015-02-24,18:00:00,37.085,37.085,37.025,37.025,8340,0
2015-02-24,19:00:00,37.015,37.015,36.957,37.005,3225,0
2015-02-24,20:00:00,37.015,37.025,36.976,37.025,55839,0
2015-02-24,21:00:00,37.005,37.025,37.005,37.025,12722,0
2015-02-24,22:00:00,37.025,37.085,37.025,37.045,14094,0
2015-02-25,16:00:00,37.045,37.045,36.976,36.985,3041,0
2015-02-25,17:00:00,37.025,37.025,36.967,36.995,18783,0
2015-02-25,18:00:00,36.985,37.025,36.967,37.015,12911,0
2015-02-25,19:00:00,37.025,37.025,37.025,37.025,1724,0
2015-02-25,20:00:00,37.025,37.075,37.025,37.075,16766,0
2015-02-25,21:00:00,36.976,36.976,36.937,36.937,811,0
2015-02-25,22:00:00,36.927,37.005,36.927,36.995,4153,0
2015-02-26,16:00:00,36.927,36.927,36.877,36.877,5183,0
2015-02-26,17:00:00,36.877,36.907,36.857,36.907,852,0
2015-02-26,18:00:00,36.927,36.967,36.927,36.927,4668,0
2015-02-26,19:00:00,36.937,36.937,36.907,36.937,3266,0
2015-02-26,20:00:00,36.947,36.967,36.917,36.947,8614,0
2015-02-26,21:00:00,36.937,36.947,36.877,36.877,7301,0
2015-02-26,22:00:00,36.847,36.927,36.847,36.927,13003,0
2015-02-27,16:00:00,36.887,36.887,36.828,36.838,1245,0
2015-02-27,17:00:00,36.877,36.927,36.877,36.897,2031,0
2015-02-27,18:00:00,36.907,36.917,36.887,36.917,1778,0
2015-02-27,19:00:00,36.947,36.947,36.937,36.937,1185,0
2015-02-27,20:00:00,36.927,36.937,36.887,36.897,3742,0
2015-02-27,21:00:00,36.887,36.897,36.838,36.857,4196,0
2015-02-27,22:00:00,36.867,36.867,36.838,36.847,43134,0
2015-03-02,16:00:00,36.838,36.838,36.789,36.828,33709,0
2015-03-02,17:00:00,36.847,36.917,36.828,36.887,11194,0
2015-03-02,18:00:00,36.857,36.897,36.857,36.867,2541,0
2015-03-02,19:00:00,36.877,36.877,36.809,36.867,765,0
2015-03-02,20:00:00,36.857,36.907,36.838,36.897,13741,0
2015-03-02,21:00:00,36.897,36.897,36.828,36.887,5508,0
2015-03-02,22:00:00,36.847,36.947,36.838,36.937,9866,0
2015-03-03,16:00:00,36.937,36.937,36.749,36.789,6742,0
2015-03-03,17:00:00,36.789,36.809,36.759,36.759,1141,0
2015-03-03,18:00:00,36.759,36.765,36.671,36.671,2996,0
2015-03-03,19:00:00,36.69,36.759,36.641,36.759,6370,0
2015-03-03,20:00:00,36.759,36.784,36.729,36.757,5760,0
2015-03-03,21:00:00,36.805,36.828,36.789,36.799,4219,0
2015-03-03,22:00:00,36.762,36.838,36.762,36.838,9717,0
2015-03-04,16:00:00,36.671,36.671,36.601,36.601,69231,0
2015-03-04,17:00:00,36.561,36.562,36.503,36.503,5674,0
2015-03-04,18:00:00,36.483,36.601,36.483,36.575,3684,0
2015-03-04,19:00:00,36.621,36.621,36.621,36.621,202,0
2015-03-04,20:00:00,36.611,36.641,36.601,36.601,2368,0
2015-03-04,21:00:00,36.591,36.591,36.543,36.591,7127,0
2015-03-04,22:00:00,36.571,36.591,36.561,36.591,6180,0
2015-03-05,16:00:00,36.759,36.759,36.581,36.581,1927,0
2015-03-05,17:00:00,36.631,36.66,36.611,36.651,4452,0
2015-03-05,18:00:00,36.591,36.621,36.591,36.621,6007,0
2015-03-05,19:00:00,36.621,36.621,36.542,36.542,12880,0
2015-03-05,20:00:00,36.552,36.596,36.532,36.591,9685,0
2015-03-05,21:00:00,36.601,36.611,36.581,36.591,4017,0
2015-03-05,22:00:00,36.61,36.641,36.589,36.641,4652,0
2015-03-06,16:00:00,36.532,36.532,36.365,36.448,6022,0
2015-03-06,17:00:00,36.404,36.414,36.325,36.325,5922,0
2015-03-06,18:00:00,36.295,36.295,36.128,36.137,7023,0
2015-03-06,19:00:00,36.147,36.187,36.089,36.089,2164,0
2015-03-06,20:00:00,36.118,36.147,36.049,36.098,24178,0
2015-03-06,21:00:00,36.167,36.172,36.049,36.064,5889,0
2015-03-06,22:00:00,36.059,36.089,35.995,36.009,5135,0
2015-03-09,15:00:00,36.049,36.147,36.049,36.099,1825,0
2015-03-09,16:00:00,36.187,36.217,36.128,36.217,6022,0
2015-03-09,17:00:00,36.226,36.226,36.177,36.177,6637,0
2015-03-09,18:00:00,36.147,36.157,36.147,36.147,7097,0
2015-03-09,19:00:00,36.231,36.246,36.183,36.246,717,0
2015-03-09,20:00:00,36.283,36.283,36.219,36.275,2044,0
2015-03-09,21:00:00,36.254,36.276,36.217,36.237,5516,0
2015-03-10,15:00:00,35.921,35.921,35.901,35.901,7088,0
2015-03-10,16:00:00,35.822,35.852,35.802,35.802,8725,0
2015-03-10,17:00:00,35.96,35.96,35.802,35.802,6993,0
2015-03-10,18:00:00,35.832,35.832,35.733,35.802,2602,0
2015-03-10,19:00:00,35.812,35.852,35.733,35.793,4438,0
2015-03-10,20:00:00,35.842,35.842,35.713,35.743,70253,0
2015-03-10,21:00:00,35.743,35.844,35.733,35.733,13478,0
2015-03-11,15:00:00,35.723,35.753,35.674,35.743,3656,0
2015-03-11,16:00:00,35.694,35.694,35.615,35.664,963,0
2015-03-11,17:00:00,35.654,35.674,35.635,35.664,6533,0
2015-03-11,18:00:00,35.654,35.686,35.617,35.686,8869,0
2015-03-11,19:00:00,35.654,35.654,35.585,35.585,4613,0
2015-03-11,20:00:00,35.664,35.674,35.625,35.674,1876,0
2015-03-11,21:00:00,35.665,35.665,35.583,35.635,7346,0
2015-03-12,15:00:00,35.773,35.861,35.773,35.861,6687,0
2015-03-12,16:00:00,35.861,35.861,35.823,35.852,7600,0
2015-03-12,17:00:00,35.832,35.96,35.832,35.901,4188,0
2015-03-12,18:00:00,35.9,35.921,35.9,35.901,2712,0
2015-03-12,19:00:00,35.98,35.98,35.98,35.98,1512,0
2015-03-12,20:00:00,35.938,35.938,35.911,35.935,1457,0
2015-03-12,21:00:00,35.951,36.029,35.951,36.029,3079,0
2015-03-13,15:00:00,35.931,35.931,35.891,35.911,1405,0
2015-03-13,16:00:00,35.881,35.881,35.773,35.871,1827,0
2015-03-13,17:00:00,35.753,35.753,35.615,35.615,2041,0
2015-03-13,18:00:00,35.637,35.637,35.605,35.605,1724,0
2015-03-13,19:00:00,35.704,35.704,35.635,35.704,831,0
2015-03-13,20:00:00,35.65,35.654,35.615,35.649,6704,0
2015-03-13,21:00:00,35.671,35.793,35.671,35.793,833,0
2015-03-16,15:00:00,35.881,35.97,35.881,35.97,10114,0
2015-03-16,16:00:00,36.059,36.059,36.039,36.039,4174,0
2015-03-16,17:00:00,36.098,36.098,36.098,36.098,102,0
2015-03-16,18:00:00,36.118,36.118,36.079,36.079,9749,0
2015-03-16,19:00:00,36.079,36.122,36.079,36.122,20284,0
2015-03-16,20:00:00,36.118,36.177,36.089,36.177,5101,0
2015-03-16,21:00:00,36.187,36.207,36.133,36.207,9721,0
2015-03-17,15:00:00,36.093,36.093,36.093,36.093,2332,0
2015-03-17,16:00:00,36.049,36.098,36.049,36.098,3372,0
2015-03-17,17:00:00,36.069,36.069,35.981,36.009,23235,0
2015-03-17,18:00:00,36.029,36.092,35.98,36.092,11615,0
2015-03-17,19:00:00,36.103,36.142,36.103,36.123,9349,0
2015-03-17,20:00:00,36.167,36.167,36.058,36.111,4217,0
2015-03-17,21:00:00,36.177,36.177,36.108,36.177,3099,0
2015-03-18,15:00:00,35.97,35.994,35.931,35.931,11137,0
2015-03-18,16:00:00,35.97,36.039,35.95,36.029,2767,0
2015-03-18,17:00:00,36.029,36.029,35.97,35.99,45945,0
2015-03-18,18:00:00,36.027,36.039,35.999,36.009,957,0
2015-03-18,19:00:00,35.95,35.96,35.881,35.96,27567,0
2015-03-18,20:00:00,36.167,36.521,36.167,36.438,30721,0
2015-03-18,21:00:00,36.513,36.719,36.513,36.542,4623,0
2015-03-19,15:00:00,36.581,36.581,36.384,36.468,29565,0
2015-03-19,16:00:00,36.483,36.537,36.404,36.443,364718,0
2015-03-19,17:00:00,36.443,36.503,36.37,36.37,101676,0
2015-03-19,18:00:00,36.404,36.433,36.365,36.375,6245,0
2015-03-19,19:00:00,36.384,36.463,36.375,36.394,5454,0
2015-03-19,20:00:00,36.392,36.453,36.355,36.453,90131,0
2015-03-19,21:00:00,36.453,36.473,36.365,36.423,141065,0
2015-03-20,15:00:00,36.601,36.601,36.542,36.542,2105,0
2015-03-20,16:00:00,36.532,36.653,36.532,36.591,3592,0
2015-03-20,17:00:00,36.651,36.691,36.631,36.671,25599,0
2015-03-20,18:00:00,36.691,36.74,36.681,36.74,30967,0
2015-03-20,19:00:00,36.756,36.79,36.75,36.76,97730,0
2015-03-20,20:00:00,36.78,36.78,36.75,36.75,438,0
2015-03-20,21:00:00,36.74,36.75,36.74,36.75,504,0
2015-03-23,15:00:00,36.74,36.879,36.74,36.879,3437,0
2015-03-23,16:00:00,36.909,36.934,36.899,36.934,5312,0
2015-03-23,17:00:00,36.889,36.929,36.889,36.919,82665,0
2015-03-23,18:00:00,36.889,36.939,36.869,36.911,7979,0
2015-03-23,20:00:00,36.929,36.988,36.929,36.929,1857,0
2015-03-23,21:00:00,36.924,36.939,36.856,36.856,12282,0
2015-03-24,15:00:00,36.75,36.81,36.74,36.76,9451,0
2015-03-24,16:00:00,36.82,36.82,36.74,36.77,2205,0
2015-03-24,17:00:00,36.801,36.801,36.78,36.78,720,0
2015-03-24,18:00:00,36.804,36.804,36.691,36.691,624,0
2015-03-24,19:00:00,36.641,36.661,36.641,36.661,2665,0
2015-03-24,20:00:00,36.701,36.701,36.701,36.701,11380,0
2015-03-24,21:00:00,36.658,36.66,36.552,36.552,37585,0
2015-03-25,16:00:00,36.586,36.616,36.552,36.591,12493,0
2015-03-25,17:00:00,36.621,36.621,36.393,36.393,758,0
2015-03-25,18:00:00,36.383,36.383,36.383,36.383,277,0
2015-03-25,19:00:00,36.253,36.378,36.253,36.378,8425,0
2015-03-25,20:00:00,36.284,36.363,36.284,36.363,624,0
2015-03-25,21:00:00,36.341,36.348,36.224,36.224,3323,0
2015-03-26,15:00:00,36.125,36.125,36.035,36.085,2053,0
2015-03-26,16:00:00,35.966,36.055,35.956,36.045,805,0
2015-03-26,17:00:00,36,36,35.986,35.986,2518,0
2015-03-26,18:00:00,36.115,36.115,36.09,36.09,2101,0
2015-03-26,19:00:00,36.045,36.045,36.045,36.045,1007,0
2015-03-26,20:00:00,36.164,36.164,36.115,36.125,6561,0
2015-03-26,21:00:00,36.065,36.115,36.065,36.115,1006,0
2015-03-27,15:00:00,36.115,36.115,36.115,36.115,1410,0
2015-03-27,16:00:00,36.077,36.098,36,36.045,5698,0
2015-03-27,17:00:00,36.144,36.144,36.136,36.136,390,0
2015-03-27,18:00:00,36.136,36.136,36.066,36.066,1969,0
2015-03-27,19:00:00,36.107,36.107,36.107,36.107,595,0
2015-03-27,20:00:00,36.12,36.12,36.078,36.115,14860,0
2015-03-27,21:00:00,36.095,36.144,36.095,36.144,852,0
2015-03-30,16:00:00,36.254,36.482,36.254,36.482,2120,0
2015-03-30,17:00:00,36.503,36.503,36.442,36.442,1720,0
2015-03-30,18:00:00,36.442,36.512,36.442,36.512,846,0
2015-03-30,19:00:00,36.586,36.586,36.586,36.586,3100,0
2015-03-30,20:00:00,36.606,36.621,36.581,36.581,9571,0
2015-03-30,21:00:00,36.631,36.637,36.616,36.634,2498,0
2015-03-30,22:00:00,36.636,36.656,36.606,36.621,6377,0
2015-03-31,16:00:00,36.383,36.442,36.383,36.442,366,0
2015-03-31,17:00:00,36.492,36.552,36.492,36.552,244976,0
2015-03-31,18:00:00,36.502,36.561,36.482,36.497,6939,0
2015-03-31,19:00:00,36.422,36.467,36.413,36.457,5996,0
2015-03-31,20:00:00,36.532,36.542,36.462,36.462,19952,0
2015-03-31,21:00:00,36.512,36.529,36.482,36.482,18935,0
2015-03-31,22:00:00,36.492,36.492,36.353,36.403,7664,0
2015-04-01,16:00:00,36.095,36.095,36.085,36.085,53856,0
2015-04-01,17:00:00,36.163,36.274,36.115,36.274,10173,0
2015-04-01,18:00:00,36.274,36.274,36.254,36.254,601,0
2015-04-01,19:00:00,36.254,36.254,36.185,36.208,2568,0
2015-04-01,20:00:00,36.231,36.274,36.231,36.274,2053,0
2015-04-01,21:00:00,36.274,36.274,36.148,36.234,2206,0
2015-04-01,22:00:00,36.164,36.254,36.164,36.184,52773,0
2015-04-02,16:00:00,36.274,36.462,36.274,36.462,7200,0
2015-04-02,17:00:00,36.462,36.472,36.343,36.343,32556,0
2015-04-02,18:00:00,36.422,36.432,36.403,36.403,8519,0
2015-04-02,20:00:00,36.403,36.403,36.332,36.332,1107,0
2015-04-02,21:00:00,36.332,36.373,36.332,36.365,9263,0
2015-04-02,22:00:00,36.365,36.432,36.323,36.432,9850,0
2015-04-06,16:00:00,36.244,36.462,36.244,36.426,4303,0
2015-04-06,17:00:00,36.426,36.601,36.426,36.591,6800,0
2015-04-06,18:00:00,36.579,36.671,36.579,36.643,27211,0
2015-04-06,19:00:00,36.643,36.715,36.631,36.715,7409,0
2015-04-06,20:00:00,36.705,36.726,36.69,36.69,5218,0
2015-04-06,21:00:00,36.71,36.74,36.691,36.71,10324,0
2015-04-06,22:00:00,36.71,36.71,36.641,36.671,3365,0
2015-04-07,16:00:00,36.701,36.73,36.691,36.691,1722,0
2015-04-07,17:00:00,36.691,36.72,36.617,36.715,14006,0
2015-04-07,18:00:00,36.681,36.703,36.651,36.667,3933,0
2015-04-07,19:00:00,36.725,36.725,36.671,36.671,604,0
2015-04-07,20:00:00,36.661,36.715,36.661,36.715,5163,0
2015-04-07,21:00:00,36.661,36.675,36.661,36.675,794,0
2015-04-07,22:00:00,36.611,36.611,36.532,36.551,7197,0
2015-04-08,17:00:00,36.562,36.586,36.425,36.482,5147,0
2015-04-08,18:00:00,36.452,36.542,36.452,36.532,5305,0
2015-04-08,19:00:00,36.501,36.501,36.482,36.482,1918,0
2015-04-08,20:00:00,36.517,36.522,36.489,36.492,6194,0
2015-04-08,21:00:00,36.502,36.571,36.413,36.482,18513,0
2015-04-08,22:00:00,36.482,36.527,36.482,36.482,5113,0
2015-04-09,16:00:00,36.591,36.591,36.512,36.521,3763,0
2015-04-09,17:00:00,36.446,36.468,36.403,36.468,9718,0
2015-04-09,18:00:00,36.463,36.463,36.383,36.393,4683,0
2015-04-09,19:00:00,36.482,36.563,36.482,36.557,3546,0
2015-04-09,20:00:00,36.576,36.576,36.532,36.532,3299,0
2015-04-09,21:00:00,36.532,36.561,36.532,36.532,11407,0
2015-04-09,22:00:00,36.601,36.661,36.599,36.611,7585,0
2015-04-10,17:00:00,36.79,36.822,36.79,36.822,1550,0
2015-04-10,18:00:00,36.854,36.864,36.854,36.864,9648,0
2015-04-10,19:00:00,36.864,36.869,36.864,36.869,172,0
2015-04-10,20:00:00,36.869,36.869,36.82,36.849,7087,0
2015-04-10,21:00:00,36.849,36.879,36.849,36.869,1803,0
2015-04-10,22:00:00,36.84,36.879,36.8,36.859,39383,0
2015-04-13,16:00:00,36.919,36.919,36.859,36.859,7584,0
2015-04-13,17:00:00,36.847,36.879,36.847,36.859,1347,0
2015-04-13,18:00:00,36.859,36.889,36.815,36.815,5034,0
2015-04-13,19:00:00,36.825,36.825,36.779,36.779,6841,0
2015-04-13,20:00:00,36.72,36.739,36.72,36.739,222,0
2015-04-13,21:00:00,36.765,36.765,36.71,36.71,609,0
2015-04-13,22:00:00,36.755,36.755,36.621,36.641,35933,0
2015-04-14,16:00:00,36.601,36.75,36.601,36.74,1571,0
2015-04-14,17:00:00,36.661,36.661,36.591,36.616,1813,0
2015-04-14,18:00:00,36.616,36.75,36.616,36.74,147776,0
2015-04-14,19:00:00,36.8,36.81,36.79,36.81,12526,0
2015-04-14,20:00:00,36.815,36.815,36.767,36.809,4920,0
2015-04-14,21:00:00,36.809,36.809,36.751,36.768,2442,0
2015-04-14,22:00:00,36.829,36.829,36.742,36.742,6674,0
2015-04-15,16:00:00,36.84,37.018,36.84,37.018,7030,0
2015-04-15,17:00:00,37.018,37.018,37.018,37.018,4379,0
2015-04-15,18:00:00,37.018,37.018,36.929,36.929,2521,0
2015-04-15,19:00:00,36.929,36.959,36.929,36.959,136,0
2015-04-15,20:00:00,36.959,37.038,36.959,37.038,557,0
2015-04-15,21:00:00,37.068,37.068,37.028,37.058,11815,0
2015-04-15,22:00:00,37.058,37.058,36.949,36.949,3454,0
2015-04-16,16:00:00,36.889,36.934,36.887,36.916,948,0
2015-04-16,17:00:00,36.919,36.948,36.899,36.948,5699,0
2015-04-16,18:00:00,36.948,36.959,36.924,36.928,925,0
2015-04-16,19:00:00,36.928,36.959,36.928,36.959,212,0
2015-04-16,20:00:00,36.969,37.098,36.969,37.098,611,0
2015-04-16,21:00:00,37.068,37.088,37.018,37.018,4705,0
2015-04-16,22:00:00,37.028,37.028,36.954,36.954,5495,0
2015-04-17,16:00:00,36.79,36.79,36.701,36.72,2168,0
2015-04-17,17:00:00,36.687,36.687,36.602,36.636,1865,0
2015-04-17,18:00:00,36.601,36.691,36.553,36.661,14010,0
2015-04-17,19:00:00,36.623,36.656,36.623,36.656,1370,0
2015-04-17,20:00:00,36.621,36.621,36.547,36.547,7271,0
2015-04-17,21:00:00,36.551,36.557,36.482,36.537,10786,0
2015-04-17,22:00:00,36.502,36.631,36.502,36.571,1696,0
2015-04-20,16:00:00,36.701,36.957,36.701,36.957,662,0
2015-04-20,17:00:00,36.929,37.008,36.929,37.008,3860,0
2015-04-20,18:00:00,36.988,37.038,36.988,37.018,10363,0
2015-04-20,19:00:00,37.018,37.018,36.976,36.976,883,0
2015-04-20,20:00:00,36.974,37.008,36.959,36.959,35185,0
2015-04-20,21:00:00,36.959,36.959,36.939,36.939,1297,0
2015-04-20,22:00:00,36.951,36.979,36.929,36.939,3124,0
2015-04-21,16:00:00,36.998,37.008,36.943,36.943,4786,0
2015-04-21,17:00:00,36.919,36.939,36.869,36.89,2325,0
2015-04-21,18:00:00,36.938,36.938,36.84,36.84,1994,0
2015-04-21,19:00:00,36.852,36.852,36.83,36.83,778,0
2015-04-21,20:00:00,36.859,36.869,36.82,36.82,2874,0
2015-04-21,21:00:00,36.79,36.84,36.78,36.81,1297,0
2015-04-21,22:00:00,36.81,36.837,36.78,36.81,4419,0
2015-04-22,16:00:00,36.84,36.84,36.83,36.83,1856,0
2015-04-22,17:00:00,36.76,36.869,36.76,36.84,600,0
2015-04-22,18:00:00,36.835,36.884,36.835,36.884,3041,0
2015-04-22,19:00:00,36.849,36.929,36.84,36.907,2020,0
2015-04-22,20:00:00,36.949,36.958,36.944,36.958,1452,0
2015-04-22,21:00:00,37.018,37.018,36.954,36.988,3609,0
2015-04-22,22:00:00,36.959,36.994,36.959,36.969,1298,0
2015-04-23,16:00:00,36.83,36.919,36.83,36.919,675,0
2015-04-23,18:00:00,37.093,37.093,37.093,37.093,101,0
2015-04-23,19:00:00,37.108,37.127,37.108,37.127,2467,0
2015-04-23,20:00:00,37.147,37.157,37.137,37.157,5438,0
2015-04-23,21:00:00,37.14,37.14,37.118,37.127,2815,0
2015-04-23,22:00:00,37.118,37.167,37.058,37.058,877,0
2015-04-24,16:00:00,37.038,37.043,37.038,37.043,9517,0
2015-04-24,17:00:00,37.038,37.063,37.028,37.038,1078,0
2015-04-24,18:00:00,37.054,37.054,37.054,37.054,151,0
2015-04-24,19:00:00,37.073,37.087,37.058,37.077,2316,0
2015-04-24,20:00:00,37.093,37.093,37.093,37.093,1007,0
2015-04-24,21:00:00,37.058,37.073,37.028,37.028,1511,0
2015-04-24,22:00:00,37.034,37.057,37.028,37.028,2422,0
2015-04-27,16:00:00,37.063,37.063,37.063,37.063,101,0
2015-04-27,17:00:00,37.118,37.147,37.118,37.137,791,0
2015-04-27,18:00:00,37.078,37.078,37.048,37.048,1309,0
2015-04-27,19:00:00,36.979,36.98,36.929,36.929,5173,0
2015-04-27,20:00:00,36.939,36.959,36.939,36.959,5904,0
2015-04-27,21:00:00,36.979,36.979,36.979,36.979,2618,0
2015-04-28,16:00:00,36.929,36.929,36.899,36.909,7750,0
2015-04-28,17:00:00,36.77,36.909,36.77,36.891,4159,0
2015-04-28,18:00:00,36.899,36.988,36.892,36.988,2518,0
2015-04-28,19:00:00,36.988,37.058,36.982,37.038,10373,0
2015-04-28,20:00:00,37.038,37.048,37.013,37.013,6345,0
2015-04-28,21:00:00,37.038,37.038,36.998,37.028,7942,0
2015-04-28,22:00:00,37.018,37.058,37.018,37.048,2820,0
2015-04-29,16:00:00,36.959,36.959,36.898,36.898,2399,0
2015-04-29,17:00:00,36.879,36.899,36.84,36.899,1212,0
2015-04-29,19:00:00,36.82,36.82,36.78,36.8,2360,0
2015-04-29,20:00:00,36.864,36.89,36.864,36.889,2012,0
2015-04-29,21:00:00,36.875,36.969,36.875,36.907,1339,0
2015-04-29,22:00:00,36.909,36.919,36.842,36.879,2519,0
2015-04-30,16:00:00,36.78,36.78,36.71,36.71,403,0
2015-04-30,17:00:00,36.671,36.701,36.641,36.679,17573,0
2015-04-30,18:00:00,36.75,36.77,36.75,36.77,688,0
2015-04-30,19:00:00,36.641,36.661,36.641,36.661,1208,0
2015-04-30,20:00:00,36.691,36.71,36.691,36.71,1754,0
2015-04-30,21:00:00,36.661,36.661,36.631,36.631,1559,0
2015-04-30,22:00:00,36.496,36.561,36.492,36.522,3785,0
2015-05-01,16:00:00,36.611,36.768,36.611,36.73,3087,0
2015-05-01,17:00:00,36.74,36.75,36.691,36.723,7719,0
2015-05-01,18:00:00,36.728,36.75,36.691,36.701,5118,0
2015-05-01,19:00:00,36.691,36.75,36.691,36.72,14792,0
2015-05-01,20:00:00,36.765,36.785,36.765,36.783,2518,0
2015-05-01,21:00:00,36.79,36.854,36.79,36.854,906,0
2015-05-01,22:00:00,36.82,36.879,36.82,36.879,1309,0
2015-05-04,16:00:00,37.008,37.028,37.008,37.028,604,0
2015-05-04,17:00:00,37.055,37.068,37.001,37.018,1827,0
2015-05-04,18:00:00,36.988,36.988,36.988,36.988,252,0
2015-05-04,19:00:00,36.979,36.988,36.979,36.988,1511,0
2015-05-04,20:00:00,36.979,36.988,36.979,36.988,4084,0
2015-05-04,21:00:00,37.018,37.028,36.989,37.028,898,0
2015-05-04,22:00:00,36.988,37.016,36.949,36.993,3701,0
2015-05-05,16:00:00,36.969,36.969,36.853,36.909,3592,0
2015-05-05,17:00:00,36.81,36.81,36.81,36.81,101,0
2015-05-05,18:00:00,36.757,36.757,36.651,36.651,1846,0
2015-05-05,19:00:00,36.729,36.729,36.71,36.71,947,0
2015-05-05,20:00:00,36.636,36.641,36.632,36.632,1262,0
2015-05-05,21:00:00,36.671,36.671,36.601,36.601,1208,0
2015-05-05,22:00:00,36.571,36.661,36.571,36.59,13913,0
2015-05-06,16:00:00,36.651,36.71,36.472,36.479,5425,0
2015-05-06,17:00:00,36.452,36.575,36.403,36.542,18929,0
2015-05-06,18:00:00,36.472,36.522,36.462,36.512,4763,0
2015-05-06,19:00:00,36.432,36.448,36.403,36.422,17367,0
2015-05-06,20:00:00,36.353,36.353,36.353,36.353,554,0
2015-05-06,21:00:00,36.353,36.353,36.244,36.278,3323,0
2015-05-06,22:00:00,36.293,36.393,36.283,36.393,8228,0
2015-05-07,16:00:00,36.403,36.403,36.383,36.383,549,0
2015-05-07,17:00:00,36.363,36.422,36.353,36.422,4028,0
2015-05-07,18:00:00,36.532,36.532,36.512,36.512,22659,0
2015-05-07,19:00:00,36.512,36.631,36.512,36.601,3323,0
2015-05-07,20:00:00,36.621,36.621,36.515,36.591,6737,0
2015-05-07,21:00:00,36.554,36.601,36.532,36.571,8264,0
2015-05-07,22:00:00,36.591,36.591,36.512,36.512,3041,0
2015-05-08,16:00:00,36.849,36.908,36.849,36.901,2759,0
2015-05-08,17:00:00,36.949,36.959,36.889,36.959,4330,0
2015-05-08,18:00:00,36.963,37.008,36.939,37.008,665,0
2015-05-08,19:00:00,37.018,37.018,36.979,36.979,806,0
2015-05-08,20:00:00,36.979,36.988,36.939,36.939,1860,0
2015-05-08,21:00:00,36.949,36.959,36.929,36.949,4935,0
2015-05-08,22:00:00,36.929,36.979,36.929,36.939,22543,0
2015-05-11,16:00:00,36.939,36.939,36.929,36.929,2402,0
2015-05-11,17:00:00,36.939,36.939,36.939,36.939,1611,0
2015-05-11,18:00:00,36.919,36.939,36.889,36.889,18057,0
2015-05-11,19:00:00,36.859,36.859,36.859,36.859,1083,0
2015-05-11,20:00:00,36.879,36.879,36.869,36.869,13898,0
2015-05-11,21:00:00,36.859,36.859,36.825,36.825,6567,0
2015-05-11,22:00:00,36.76,36.835,36.76,36.8,5163,0
2015-05-12,16:00:00,36.532,36.532,36.484,36.484,461,0
2015-05-12,17:00:00,36.482,36.482,36.452,36.452,754,0
2015-05-12,18:00:00,36.631,36.691,36.631,36.691,4008,0
2015-05-12,19:00:00,36.661,36.661,36.601,36.611,1984,0
2015-05-12,20:00:00,36.661,36.73,36.641,36.641,25385,0
2015-05-12,21:00:00,36.671,36.73,36.671,36.691,4802,0
2015-05-12,22:00:00,36.69,36.69,36.681,36.681,1312,0
2015-05-13,16:00:00,36.78,36.82,36.78,36.82,1511,0
2015-05-13,17:00:00,36.77,36.77,36.651,36.651,222,0
2015-05-13,19:00:00,36.651,36.719,36.651,36.719,434,0
2015-05-13,20:00:00,36.73,36.73,36.687,36.71,4864,0
2015-05-14,16:00:00,36.84,36.879,36.84,36.879,832,0
2015-05-14,17:00:00,36.869,36.939,36.869,36.939,4213,0
2015-05-14,18:00:00,36.919,36.936,36.879,36.936,6957,0
2015-05-14,19:00:00,36.906,36.958,36.906,36.939,5121,0
2015-05-14,20:00:00,36.975,37.028,36.959,36.959,3740,0
2015-05-14,22:00:00,37.01,37.028,37.006,37.021,1158,0
2015-05-15,16:00:00,37.036,37.036,37.018,37.018,1476,0
2015-05-15,17:00:00,36.993,37.068,36.993,37.068,816,0
2015-05-15,18:00:00,37.048,37.056,36.988,36.988,3548,0
2015-05-15,19:00:00,37.006,37.038,36.988,37.025,2348,0
2015-05-15,20:00:00,37.038,37.078,37.034,37.048,4448,0
2015-05-15,21:00:00,37.058,37.058,37.028,37.028,7654,0
2015-05-15,22:00:00,37.049,37.118,37.049,37.118,378,0
2015-05-18,17:00:00,37.048,37.088,37.028,37.088,847,0
2015-05-18,18:00:00,37.078,37.147,37.078,37.147,20174,0
2015-05-18,20:00:00,37.177,37.207,37.162,37.207,5946,0
2015-05-18,21:00:00,37.197,37.217,37.197,37.217,6727,0
2015-05-18,22:00:00,37.227,37.227,37.177,37.177,1622,0
2015-05-19,16:00:00,37.118,37.118,37.118,37.118,4437,0
2015-05-19,17:00:00,37.137,37.177,37.137,37.177,1108,0
2015-05-19,18:00:00,37.157,37.157,37.157,37.157,906,0
2015-05-19,19:00:00,37.187,37.187,37.187,37.187,624,0
2015-05-19,20:00:00,37.167,37.242,37.167,37.242,253,0
2015-05-19,21:00:00,37.207,37.207,37.207,37.207,403,0
2015-05-19,22:00:00,37.167,37.167,37.157,37.167,4356,0
2015-05-20,16:00:00,37.227,37.257,37.193,37.193,1561,0
2015-05-20,17:00:00,37.202,37.286,37.194,37.281,3746,0
2015-05-20,18:00:00,37.266,37.271,37.207,37.222,3517,0
2015-05-20,19:00:00,37.232,37.252,37.232,37.232,2014,0
2015-05-20,20:00:00,37.232,37.232,37.202,37.227,15710,0
2015-05-20,21:00:00,37.232,37.361,37.232,37.301,20682,0
2015-05-20,22:00:00,37.29,37.29,37.167,37.167,860,0
2015-05-21,16:00:00,37.257,37.257,37.257,37.257,617,0
2015-05-21,17:00:00,37.217,37.236,37.217,37.236,473,0
2015-05-21,18:00:00,37.227,37.266,37.227,37.266,2682,0
2015-05-21,19:00:00,37.267,37.286,37.249,37.266,3656,0
2015-05-21,20:00:00,37.267,37.276,37.266,37.266,2024,0
2015-05-21,21:00:00,37.257,37.296,37.257,37.276,2719,0
2015-05-21,22:00:00,37.276,37.276,37.242,37.276,1533,0
2015-05-22,16:00:00,37.266,37.266,37.15,37.15,3524,0
2015-05-22,17:00:00,37.162,37.162,37.147,37.147,223,0
2015-05-22,18:00:00,37.187,37.187,37.11,37.167,3047,0
2015-05-22,19:00:00,37.167,37.187,37.167,37.177,3656,0
2015-05-22,20:00:00,37.177,37.227,37.172,37.187,9967,0
2015-05-22,21:00:00,37.167,37.167,37.167,37.167,201,0
2015-05-22,22:00:00,37.197,37.217,37.147,37.147,1410,0
2015-05-26,16:00:00,36.998,36.998,36.919,36.919,604,0
2015-05-26,17:00:00,36.81,36.81,36.81,36.81,5740,0
2015-05-26,18:00:00,36.74,36.805,36.74,36.805,1339,0
2015-05-26,19:00:00,36.745,36.78,36.74,36.74,12029,0
2015-05-26,20:00:00,36.74,36.74,36.719,36.719,6222,0
2015-05-26,21:00:00,36.691,36.72,36.681,36.698,12741,0
2015-05-26,22:00:00,36.691,36.78,36.671,36.738,1881,0
2015-05-27,16:00:00,36.899,36.932,36.75,36.932,1063,0
2015-05-27,17:00:00,36.879,36.879,36.81,36.859,21430,0
2015-05-27,18:00:00,36.909,36.969,36.909,36.959,8820,0
2015-05-27,19:00:00,36.969,36.979,36.949,36.959,2014,0
2015-05-27,20:00:00,36.998,37.008,36.949,36.988,2967,0
2015-05-27,21:00:00,36.998,37.008,36.979,36.998,2467,0
2015-05-27,22:00:00,37.008,37.038,36.979,36.979,7059,0
2015-05-28,17:00:00,36.899,36.919,36.899,36.919,705,0
2015-05-28,18:00:00,36.949,36.949,36.949,36.949,12991,0
2015-05-28,19:00:00,36.919,36.919,36.919,36.919,1007,0
2015-05-28,20:00:00,36.929,36.959,36.919,36.939,9319,0
2015-05-28,21:00:00,36.998,37.018,36.998,37.018,5549,0
2015-05-28,22:00:00,37.038,37.038,36.979,36.988,1702,0
2015-05-29,17:00:00,36.949,36.988,36.929,36.949,10072,0
2015-05-29,18:00:00,36.849,36.899,36.812,36.899,700,0
2015-05-29,19:00:00,36.909,36.969,36.909,36.959,24798,0
2015-05-29,20:00:00,36.951,36.959,36.949,36.959,5740,0
2015-05-29,21:00:00,36.919,36.919,36.919,36.919,201,0
2015-05-29,22:00:00,36.919,36.919,36.879,36.879,2783,0
2015-06-01,16:00:00,37.018,37.018,36.849,36.865,2517,0
2015-06-01,17:00:00,36.93,36.93,36.731,36.731,630,0
2015-06-01,18:00:00,36.83,36.832,36.8,36.8,5415,0
2015-06-01,19:00:00,36.805,36.909,36.805,36.907,9889,0
2015-06-01,20:00:00,36.929,36.929,36.929,36.929,1284,0
2015-06-01,21:00:00,36.949,36.949,36.919,36.919,954,0
2015-06-01,22:00:00,36.929,36.929,36.879,36.889,2568,0
2015-06-02,16:00:00,36.83,36.83,36.661,36.661,1913,0
2015-06-02,17:00:00,36.701,36.781,36.701,36.781,2472,0
2015-06-02,18:00:00,36.788,36.788,36.788,36.788,680,0
2015-06-02,19:00:00,36.8,36.8,36.8,36.8,282,0
2015-06-02,20:00:00,36.889,36.889,36.889,36.889,129,0
2015-06-02,21:00:00,36.857,36.879,36.79,36.79,38911,0
2015-06-02,22:00:00,36.77,36.787,36.76,36.787,33712,0
2015-06-03,16:00:00,36.899,36.899,36.82,36.859,4817,0
2015-06-03,17:00:00,36.959,36.979,36.939,36.979,4016,0
2015-06-03,18:00:00,36.959,36.959,36.835,36.835,2640,0
2015-06-03,19:00:00,36.831,36.831,36.8,36.8,606,0
2015-06-03,20:00:00,36.859,36.859,36.842,36.849,2714,0
2015-06-03,22:00:00,36.889,36.889,36.81,36.854,7761,0
2015-06-04,16:00:00,36.74,36.74,36.641,36.651,1893,0
2015-06-04,17:00:00,36.8,36.81,36.651,36.651,4407,0
2015-06-04,18:00:00,36.651,36.651,36.591,36.621,6963,0
2015-06-04,19:00:00,36.621,36.621,36.621,36.621,1183,0
2015-06-04,20:00:00,36.571,36.591,36.492,36.492,6345,0
2015-06-04,21:00:00,36.525,36.552,36.512,36.522,25373,0
2015-06-04,22:00:00,36.532,36.532,36.472,36.472,16075,0
2015-06-05,16:00:00,36.512,36.512,36.363,36.403,4080,0
2015-06-05,17:00:00,36.482,36.502,36.403,36.432,3400,0
2015-06-05,18:00:00,36.452,36.452,36.422,36.422,3575,0
2015-06-05,19:00:00,36.363,36.432,36.363,36.383,1334,0
2015-06-05,20:00:00,36.42,36.42,36.42,36.42,201,0
2015-06-05,21:00:00,36.413,36.422,36.383,36.422,15140,0
2015-06-05,22:00:00,36.432,36.432,36.363,36.363,3536,0
2015-06-08,16:00:00,36.432,36.432,36.303,36.303,4813,0
2015-06-08,17:00:00,36.343,36.343,36.337,36.343,1164,0
2015-06-08,18:00:00,36.303,36.303,36.303,36.303,27493,0
2015-06-08,19:00:00,36.313,36.313,36.303,36.303,947,0
2015-06-08,20:00:00,36.264,36.283,36.254,36.254,3031,0
2015-06-08,21:00:00,36.27,36.308,36.27,36.308,3993,0
2015-06-08,22:00:00,36.283,36.283,36.204,36.214,4641,0
2015-06-09,17:00:00,36.184,36.204,36.125,36.204,32799,0
2015-06-09,18:00:00,36.244,36.264,36.204,36.224,7585,0
2015-06-09,19:00:00,36.221,36.259,36.221,36.259,1002,0
2015-06-09,20:00:00,36.293,36.293,36.265,36.265,1334,0
2015-06-09,21:00:00,36.234,36.263,36.234,36.246,4109,0
2015-06-09,22:00:00,36.182,36.204,36.172,36.204,2682,0
2015-06-10,16:00:00,36.373,36.413,36.373,36.393,14263,0
2015-06-10,17:00:00,36.473,36.492,36.462,36.482,2716,0
2015-06-10,18:00:00,36.522,36.61,36.519,36.61,997,0
2015-06-10,19:00:00,36.591,36.611,36.591,36.611,1410,0
2015-06-10,20:00:00,36.575,36.581,36.571,36.581,1301,0
2015-06-10,21:00:00,36.611,36.611,36.611,36.611,302,0
2015-06-11,16:00:00,36.661,36.728,36.661,36.728,10670,0
2015-06-11,17:00:00,36.73,36.73,36.661,36.661,33203,0
2015-06-11,18:00:00,36.678,36.678,36.661,36.661,10210,0
2015-06-11,19:00:00,36.671,36.671,36.671,36.671,2009,0
2015-06-11,20:00:00,36.681,36.701,36.681,36.701,13890,0
2015-06-11,21:00:00,36.73,36.73,36.73,36.73,680,0
2015-06-11,22:00:00,36.709,36.71,36.681,36.681,771,0
2015-06-12,16:00:00,36.472,36.472,36.472,36.472,922,0
2015-06-12,17:00:00,36.532,36.532,36.413,36.413,504,0
2015-06-12,18:00:00,36.492,36.492,36.442,36.442,1290,0
2015-06-12,19:00:00,36.403,36.432,36.403,36.413,1582,0
2015-06-12,20:00:00,36.418,36.442,36.418,36.419,868,0
2015-06-12,21:00:00,36.414,36.414,36.391,36.391,988,0
2015-06-12,22:00:00,36.402,36.442,36.402,36.442,4280,0
2015-06-15,16:00:00,36.283,36.283,36.125,36.125,381,0
2015-06-15,17:00:00,36.144,36.184,36.135,36.157,8699,0
2015-06-15,18:00:00,36.303,36.303,36.234,36.264,3677,0
2015-06-15,19:00:00,36.254,36.293,36.244,36.283,2953,0
2015-06-15,20:00:00,36.235,36.254,36.235,36.254,302,0
2015-06-15,22:00:00,36.145,36.254,36.145,36.164,10889,0
2015-06-16,16:00:00,36.145,36.283,36.145,36.283,3701,0
2015-06-16,17:00:00,36.234,36.234,36.234,36.234,755,0
2015-06-16,18:00:00,36.244,36.338,36.244,36.333,3565,0
2015-06-16,19:00:00,36.343,36.343,36.343,36.343,1207,0
2015-06-16,20:00:00,36.403,36.403,36.403,36.403,101,0
2015-06-16,21:00:00,36.393,36.413,36.393,36.403,12790,0
2015-06-16,22:00:00,36.422,36.422,36.383,36.393,8410,0
2015-06-17,16:00:00,36.452,36.532,36.452,36.522,2779,0
2015-06-17,17:00:00,36.532,36.532,36.502,36.502,1173,0
2015-06-17,18:00:00,36.501,36.501,36.499,36.499,3766,0
2015-06-17,19:00:00,36.383,36.413,36.353,36.353,25384,0
2015-06-17,20:00:00,36.333,36.353,36.333,36.353,2618,0
2015-06-17,21:00:00,36.363,36.601,36.363,36.532,1506,0
2015-06-17,22:00:00,36.532,36.611,36.462,36.462,8863,0
2015-06-18,16:00:00,36.611,36.726,36.611,36.726,3793,0
2015-06-18,17:00:00,36.8,36.83,36.8,36.83,2736,0
2015-06-18,18:00:00,36.879,36.879,36.859,36.859,302,0
2015-06-18,20:00:00,36.83,36.83,36.826,36.826,1208,0
2015-06-18,21:00:00,36.849,36.899,36.849,36.889,4473,0
2015-06-18,22:00:00,36.884,36.909,36.849,36.849,994,0
2015-06-19,16:00:00,36.88,36.88,36.83,36.83,1607,0
2015-06-19,17:00:00,36.78,36.86,36.78,36.86,8209,0
2015-06-19,18:00:00,36.85,36.85,36.8,36.8,2765,0
2015-06-19,19:00:00,36.78,36.8,36.78,36.785,4326,0
2015-06-19,20:00:00,36.804,36.81,36.7922,36.81,10305,0
2015-06-19,21:00:00,36.81,36.81,36.81,36.81,350,0
2015-06-19,22:00:00,36.74,36.772,36.7,36.7,2567,0
2015-06-22,16:00:00,36.94,36.94,36.84,36.88,7539,0
2015-06-22,17:00:00,36.91,36.96,36.9,36.96,500,0
2015-06-22,18:00:00,36.96,36.97,36.95,36.95,2330,0
2015-06-22,19:00:00,36.929,36.929,36.87,36.88,950,0
2015-06-22,20:00:00,36.9024,36.9024,36.85,36.85,303,0
2015-06-22,21:00:00,36.89,36.9,36.87,36.87,3470,0
2015-06-22,22:00:00,36.91,36.91,36.84,36.84,3495,0
2015-06-23,16:00:00,36.96,36.96,36.9,36.9,900,0
2015-06-23,17:00:00,36.92,36.92,36.86,36.87,300,0
2015-06-23,18:00:00,36.87,36.88,36.84,36.84,900,0
2015-06-23,19:00:00,36.83,36.8377,36.82,36.82,3289,0
2015-06-23,20:00:00,36.8256,36.85,36.82,36.85,306,0
2015-06-23,21:00:00,36.85,36.86,36.84,36.86,966,0
2015-06-23,22:00:00,36.8748,36.92,36.83,36.92,1786,0
2015-06-24,16:00:00,36.84,36.84,36.79,36.79,14917,0
2015-06-24,17:00:00,36.87,36.87,36.84,36.856,2201,0
2015-06-24,18:00:00,36.79,36.82,36.79,36.82,2000,0
2015-06-24,19:00:00,36.74,36.74,36.69,36.69,2183,0
2015-06-24,20:00:00,36.69,36.7,36.62,36.63,58732,0
2015-06-24,21:00:00,36.6451,36.6999,36.6318,36.6999,2422,0
2015-06-24,22:00:00,36.6899,36.6899,36.56,36.57,5997,0
2015-06-25,16:00:00,36.63,36.63,36.55,36.59,1090,0
2015-06-25,17:00:00,36.6399,36.6399,36.56,36.56,2637,0
2015-06-25,18:00:00,36.61,36.64,36.59,36.59,4713,0
2015-06-25,19:00:00,36.59,36.59,36.54,36.559,3105,0
2015-06-25,20:00:00,36.55,36.58,36.55,36.55,27792,0
2015-06-25,21:00:00,36.51,36.51,36.44,36.46,17785,0
2015-06-25,22:00:00,36.47,36.47,36.44,36.44,1569,0
2015-06-26,16:00:00,36.47,36.48,36.46,36.48,79701,0
2015-06-26,17:00:00,36.539,36.539,36.48,36.5,5567,0
2015-06-26,18:00:00,36.46,36.53,36.46,36.49,6024,0
2015-06-26,19:00:00,36.48,36.4954,36.42,36.42,3578,0
2015-06-26,20:00:00,36.39,36.46,36.39,36.44,1000,0
2015-06-26,21:00:00,36.42,36.42,36.4,36.4,808,0
2015-06-26,22:00:00,36.4162,36.45,36.4162,36.44,650,0
2015-06-29,16:00:00,36.21,36.23,36.17,36.23,2000,0
2015-06-29,17:00:00,36.26,36.27,36.17,36.17,7337,0
2015-06-29,18:00:00,36.11,36.14,36.09,36.13,4175,0
2015-06-29,19:00:00,36.12,36.12,36.0499,36.05,9477,0
2015-06-29,20:00:00,36.04,36.04,35.99,36.03,5900,0
2015-06-29,21:00:00,36.01,36.01,35.88,35.94,5917,0
2015-06-29,22:00:00,35.8898,35.91,35.76,35.76,101317,0
2015-06-30,16:00:00,36.04,36.04,35.92,35.96,4889,0
2015-06-30,17:00:00,35.89,35.91,35.8335,35.8335,5618,0
2015-06-30,18:00:00,35.87,35.91,35.7901,35.7901,2879,0
2015-06-30,19:00:00,35.73,35.73,35.72,35.72,380,0
2015-06-30,20:00:00,35.88,35.91,35.88,35.91,1662,0
2015-06-30,21:00:00,35.89,35.96,35.885,35.9,4147,0
2015-06-30,22:00:00,35.87,35.88,35.79,35.79,816,0
2015-07-01,16:00:00,36.04,36.07,36.03,36.07,15701,0
2015-07-01,17:00:00,36.08,36.08,36.06,36.06,1564,0
2015-07-01,18:00:00,36.02,36.056,36.02,36.035,7374,0
2015-07-01,19:00:00,36.005,36.0252,35.9914,35.9914,6093,0
2015-07-01,20:00:00,35.958,36.04,35.958,36.03,3438,0
2015-07-01,22:00:00,35.9773,36.07,35.9773,36.07,3700,0
2015-07-02,16:00:00,36.19,36.19,36.19,36.19,105,0
2015-07-02,18:00:00,36.1,36.1,36.05,36.0899,21530,0
2015-07-02,19:00:00,36.05,36.05,36.05,36.05,500,0
2015-07-02,20:00:00,36,36.03,36,36.03,1475,0
2015-07-02,21:00:00,36,36,35.98,35.98,2203,0
2015-07-02,22:00:00,36.01,36.08,36.01,36.08,2955,0
2015-07-06,16:00:00,35.88,35.89,35.8,35.89,1151,0
2015-07-06,17:00:00,35.9099,35.98,35.9099,35.98,4900,0
2015-07-06,18:00:00,35.98,35.98,35.98,35.98,150,0
2015-07-06,19:00:00,36,36.02,35.96,35.96,27410,0
2015-07-06,20:00:00,35.9855,35.99,35.8726,35.8726,8311,0
2015-07-06,21:00:00,35.86,35.8799,35.84,35.87,5050,0
2015-07-06,22:00:00,35.859,35.97,35.859,35.94,1743,0
2015-07-07,16:00:00,36.04,36.04,36.04,36.04,802,0
2015-07-07,17:00:00,35.81,35.81,35.7073,35.73,2025,0
2015-07-07,18:00:00,35.73,35.82,35.61,35.82,3790,0
2015-07-07,19:00:00,35.8053,35.93,35.8053,35.93,5034,0
2015-07-07,20:00:00,35.96,36.02,35.96,36,17978,0
2015-07-07,21:00:00,36.01,36.14,35.965,36.14,3656,0
2015-07-07,22:00:00,36.23,36.26,36.17,36.22,7354,0
2015-07-08,16:00:00,36.01,36.01,35.9427,35.9427,334,0
2015-07-08,17:00:00,35.9323,35.97,35.87,35.97,3509,0
2015-07-08,18:00:00,35.85,35.85,35.7544,35.7544,268,0
2015-07-08,19:00:00,35.8,35.8,35.8,35.8,500,0
2015-07-08,20:00:00,35.8434,35.8434,35.82,35.82,1450,0
2015-07-08,21:00:00,35.7875,35.7875,35.66,35.71,14530,0
2015-07-08,22:00:00,35.75,35.8072,35.6999,35.75,3696,0
2015-07-09,16:00:00,36.08,36.1448,36.08,36.08,2284,0
2015-07-09,17:00:00,35.98,35.98,35.9096,35.911,6987,0
2015-07-09,19:00:00,35.83,35.83,35.83,35.83,225,0
2015-07-09,20:00:00,35.79,35.79,35.76,35.76,725,0
2015-07-09,21:00:00,35.7899,35.7899,35.7,35.7,1420,0
2015-07-09,22:00:00,35.78,35.78,35.68,35.68,4274,0
2015-07-10,16:00:00,36.06,36.06,36.05,36.05,1020,0
2015-07-10,17:00:00,36.059,36.06,35.9644,36,7601,0
2015-07-10,18:00:00,36.08,36.09,36.0798,36.0798,3100,0
2015-07-10,19:00:00,36.14,36.14,36.09,36.09,27950,0
2015-07-10,20:00:00,36.0804,36.09,36.065,36.0799,3657,0
2015-07-10,21:00:00,36.0899,36.1199,36.07,36.1189,6370,0
2015-07-10,22:00:00,36.14,36.1499,36.11,36.11,5061,0
2015-07-13,16:00:00,36.38,36.38,36.38,36.38,300,0
2015-07-13,17:00:00,36.42,36.42,36.36,36.4,6829,0
2015-07-13,18:00:00,36.409,36.409,36.35,36.38,6200,0
2015-07-13,19:00:00,36.39,36.41,36.36,36.36,5161,0
2015-07-13,20:00:00,36.4,36.4,36.4,36.4,510,0
2015-07-13,21:00:00,36.3999,36.4,36.39,36.4,1400,0
2015-07-13,22:00:00,36.419,36.46,36.41,36.43,3007,0
2015-07-14,16:00:00,36.46,36.52,36.46,36.52,849,0
2015-07-14,17:00:00,36.48,36.5,36.4799,36.5,4235,0
2015-07-14,18:00:00,36.54,36.54,36.51,36.51,2580,0
2015-07-14,19:00:00,36.51,36.51,36.51,36.51,57689,0
2015-07-14,20:00:00,36.51,36.51,36.51,36.51,500,0
2015-07-14,21:00:00,36.5001,36.54,36.5001,36.54,25200,0
2015-07-14,22:00:00,36.58,36.58,36.56,36.5699,5295,0
2015-07-15,16:00:00,36.57,36.57,36.5299,36.5499,2834,0
2015-07-15,17:00:00,36.57,36.57,36.57,36.57,200,0
2015-07-15,18:00:00,36.6199,36.6199,36.59,36.59,4700,0
2015-07-15,19:00:00,36.545,36.58,36.52,36.53,18701,0
2015-07-15,20:00:00,36.53,36.56,36.5203,36.53,102344,0
2015-07-15,21:00:00,36.4837,36.4837,36.41,36.41,2250,0
2015-07-15,22:00:00,36.4468,36.47,36.44,36.46,10375,0
2015-07-16,16:00:00,36.6325,36.7,36.6201,36.7,1533,0
2015-07-16,17:00:00,36.7,36.7,36.67,36.7,2736,0
2015-07-16,18:00:00,36.75,36.75,36.7175,36.718,1165,0
2015-07-16,19:00:00,36.72,36.7344,36.72,36.72,17515,0
2015-07-16,20:00:00,36.724,36.724,36.71,36.71,800,0
2015-07-16,21:00:00,36.7,36.7557,36.7,36.7557,8862,0
2015-07-16,22:00:00,36.735,36.7601,36.735,36.7601,1719,0
2015-07-17,16:00:00,36.64,36.64,36.61,36.62,1900,0
2015-07-17,17:00:00,36.62,36.62,36.5809,36.5809,4550,0
2015-07-17,18:00:00,36.59,36.61,36.59,36.61,1737,0
2015-07-17,19:00:00,36.59,36.59,36.57,36.57,6018,0
2015-07-17,20:00:00,36.5847,36.5847,36.5847,36.5847,290,0
2015-07-17,21:00:00,36.5955,36.608,36.59,36.59,4060,0
2015-07-17,22:00:00,36.59,36.62,36.59,36.6,1211,0
2015-07-20,16:00:00,36.68,36.68,36.5899,36.59,1899,0
2015-07-20,17:00:00,36.58,36.6,36.5701,36.58,11925,0
2015-07-20,18:00:00,36.64,36.65,36.64,36.65,6300,0
2015-07-20,19:00:00,36.6606,36.6606,36.66,36.66,1500,0
2015-07-20,20:00:00,36.65,36.67,36.63,36.63,9148,0
2015-07-20,21:00:00,36.64,36.69,36.64,36.65,1182,0
2015-07-20,22:00:00,36.66,36.67,36.6,36.61,6530,0
2015-07-21,16:00:00,36.61,36.63,36.54,36.6,12501,0
2015-07-21,17:00:00,36.5547,36.58,36.53,36.53,2667,0
2015-07-21,18:00:00,36.4508,36.4508,36.4508,36.4508,833,0
2015-07-21,19:00:00,36.4524,36.47,36.45,36.45,1623,0
2015-07-21,20:00:00,36.44,36.44,36.3899,36.42,1500,0
2015-07-21,21:00:00,36.38,36.41,36.38,36.41,5400,0
2015-07-21,22:00:00,36.36,36.4407,36.36,36.42,7724,0
2015-07-22,16:00:00,36.25,36.34,36.25,36.32,7092,0
2015-07-22,17:00:00,36.3291,36.37,36.28,36.31,3481,0
2015-07-22,18:00:00,36.3,36.3,36.27,36.2801,10742,0
2015-07-22,19:00:00,36.3,36.3,36.28,36.28,1302,0
2015-07-22,20:00:00,36.2839,36.2839,36.2839,36.2839,200,0
2015-07-22,21:00:00,36.31,36.3499,36.31,36.3495,19659,0
2015-07-22,22:00:00,36.28,36.3,36.28,36.3,800,0
2015-07-23,16:00:00,36.42,36.42,36.24,36.24,3978,0
2015-07-23,17:00:00,36.25,36.292,36.25,36.29,610,0
2015-07-23,18:00:00,36.19,36.19,36.18,36.18,600,0
2015-07-23,19:00:00,36.13,36.1327,36.13,36.1327,770,0
2015-07-23,20:00:00,36.13,36.13,36.11,36.11,900,0
2015-07-23,21:00:00,36.16,36.17,36.14,36.16,1000,0
2015-07-23,22:00:00,36.09,36.11,36.05,36.11,3294,0
2015-07-24,16:00:00,36.06,36.06,36.06,36.06,5300,0
2015-07-24,17:00:00,36.02,36.0216,35.98,35.98,13260,0
2015-07-24,18:00:00,35.95,35.97,35.95,35.95,7500,0
2015-07-24,19:00:00,35.92,35.92,35.9,35.91,2470,0
2015-07-24,20:00:00,35.865,35.865,35.84,35.84,1375,0
2015-07-24,21:00:00,35.73,35.75,35.71,35.71,6350,0
2015-07-24,22:00:00,35.78,35.81,35.72,35.76,33653,0
2015-07-27,16:00:00,35.7,35.7,35.5,35.55,9000,0
2015-07-27,17:00:00,35.65,35.68,35.65,35.659,961,0
2015-07-27,18:00:00,35.65,35.67,35.6,35.6,3250,0
2015-07-27,19:00:00,35.64,35.64,35.58,35.58,17430,0
2015-07-27,21:00:00,35.64,35.64,35.6101,35.6101,5085,0
2015-07-27,22:00:00,35.61,35.62,35.56,35.62,3915,0
2015-07-28,16:00:00,35.83,35.83,35.69,35.7001,660,0
2015-07-28,17:00:00,35.672,35.77,35.66,35.77,1041,0
2015-07-28,18:00:00,35.79,35.868,35.79,35.868,3159,0
2015-07-28,19:00:00,35.86,35.9,35.86,35.9,8725,0
2015-07-28,20:00:00,35.93,36,35.93,35.99,2454,0
2015-07-28,21:00:00,36,36.04,35.97,36.03,33161,0
2015-07-28,22:00:00,36,36,35.9901,36,1200,0
2015-07-29,16:00:00,36.08,36.08,36.07,36.07,5701,0
2015-07-29,17:00:00,36.071,36.17,36.06,36.17,2025,0
2015-07-29,18:00:00,36.23,36.23,36.2265,36.2265,2600,0
2015-07-29,19:00:00,36.2067,36.2067,36.2067,36.2067,234,0
2015-07-29,20:00:00,36.21,36.22,36.21,36.22,11379,0
2015-07-29,21:00:00,36.25,36.33,36.24,36.33,3633,0
2015-07-29,22:00:00,36.33,36.34,36.32,36.34,2217,0
2015-07-30,16:00:00,36.22,36.22,36.22,36.22,1501,0
2015-07-30,17:00:00,36.29,36.31,36.29,36.31,700,0
2015-07-30,18:00:00,36.29,36.31,36.29,36.31,811,0
2015-07-30,19:00:00,36.3288,36.3337,36.3288,36.3337,500,0
2015-07-30,20:00:00,36.3401,36.3599,36.3192,36.3192,981,0
2015-07-30,21:00:00,36.29,36.36,36.28,36.3599,13055,0
2015-07-30,22:00:00,36.3699,36.37,36.33,36.33,10680,0
2015-07-31,16:00:00,36.54,36.54,36.32,36.32,580,0
2015-07-31,17:00:00,36.4297,36.44,36.4297,36.44,300,0
2015-07-31,18:00:00,36.4389,36.4799,36.4389,36.4799,1150,0
2015-07-31,19:00:00,36.46,36.48,36.43,36.43,1760,0
2015-07-31,20:00:00,36.44,36.44,36.381,36.381,1200,0
2015-07-31,21:00:00,36.37,36.389,36.33,36.389,3465,0
2015-07-31,22:00:00,36.38,36.38,36.327,36.36,820,0
2015-08-03,16:00:00,36.44,36.44,36.25,36.25,1535,0
2015-08-03,17:00:00,36.2901,36.2901,36.2457,36.2457,300,0
2015-08-03,18:00:00,36.2999,36.2999,36.2994,36.2994,486,0
2015-08-03,19:00:00,36.25,36.25,36.12,36.12,3410,0
2015-08-03,20:00:00,36.14,36.1586,36.14,36.15,16888,0
2015-08-03,21:00:00,36.1242,36.1242,36.1,36.1213,1758,0
2015-08-03,22:00:00,36.13,36.2151,36.13,36.2,1545,0
2015-08-04,16:00:00,36.2,36.288,36.2,36.288,325,0
2015-08-04,17:00:00,36.3,36.3,36.3,36.3,100,0
2015-08-04,18:00:00,36.24,36.24,36.23,36.23,400,0
2015-08-04,19:00:00,36.21,36.2604,36.18,36.18,6871,0
2015-08-04,20:00:00,36.15,36.15,36.1446,36.1446,1691,0
2015-08-04,21:00:00,36.1,36.1655,36.0601,36.1655,632,0
2015-08-04,22:00:00,36.17,36.17,36.11,36.12,1783,0
2015-08-05,16:00:00,36.36,36.4,36.36,36.36,2730,0
2015-08-05,17:00:00,36.4778,36.4778,36.45,36.45,2050,0
2015-08-05,18:00:00,36.45,36.4801,36.4,36.4,7400,0
2015-08-05,19:00:00,36.38,36.38,36.312,36.312,2350,0
2015-08-05,20:00:00,36.26,36.29,36.25,36.28,28349,0
2015-08-05,21:00:00,36.31,36.33,36.31,36.33,1100,0
2015-08-05,22:00:00,36.34,36.34,36.3,36.3,1648,0
2015-08-06,16:00:00,36.4,36.4,36.17,36.17,1720,0
2015-08-06,17:00:00,36.17,36.21,36.1577,36.18,4450,0
2015-08-06,18:00:00,36.18,36.18,36.0377,36.0377,6311,0
2015-08-06,19:00:00,36.04,36.05,35.99,36,9590,0
2015-08-06,20:00:00,36.02,36.02,36.02,36.02,100,0
2015-08-06,21:00:00,36.05,36.1354,36.05,36.1354,1345,0
2015-08-06,22:00:00,36.09,36.14,36.09,36.11,2442,0
2015-08-07,16:00:00,36.11,36.11,36.05,36.07,3198,0
2015-08-07,17:00:00,36.04,36.04,35.96,35.96,522,0
2015-08-07,18:00:00,35.9,35.95,35.9,35.95,11330,0
2015-08-07,19:00:00,35.946,35.946,35.9176,35.9392,1428,0
2015-08-07,20:00:00,35.9,35.91,35.9,35.91,1535,0
2015-08-07,21:00:00,35.925,35.9708,35.925,35.94,7055,0
2015-08-07,22:00:00,35.93,36.01,35.92,35.99,2795,0
