Date,Time,Open,High,Low,Close,Volume,OpenInt
2014-02-14,19:00:00,46.527,46.527,46.527,46.527,108,0
2014-02-14,21:00:00,46.723,46.723,46.723,46.723,215,0
2014-02-18,22:00:00,47.011,47.011,47.011,47.011,108,0
2014-02-19,16:00:00,46.936,46.936,46.936,46.936,646,0
2014-02-19,20:00:00,46.704,46.704,46.704,46.704,538,0
2014-02-21,18:00:00,46.844,46.844,46.844,46.844,108,0
2014-02-21,22:00:00,46.973,46.973,46.973,46.973,108,0
2014-02-24,18:00:00,47.476,47.476,47.476,47.476,215,0
2014-02-24,20:00:00,47.345,47.345,47.252,47.252,3767,0
2014-02-26,19:00:00,46.964,46.964,46.964,46.964,269,0
2014-02-26,21:00:00,46.936,46.936,46.936,46.936,108,0
2014-02-27,16:00:00,47.14,47.14,47.14,47.14,108,0
2014-02-27,17:00:00,47.196,47.196,47.196,47.196,108,0
2014-02-27,18:00:00,47.326,47.326,47.326,47.326,108,0
2014-02-27,20:00:00,47.42,47.42,47.42,47.42,108,0
2014-02-27,22:00:00,47.401,47.401,47.401,47.401,215,0
2014-02-28,18:00:00,47.513,47.513,47.513,47.513,463,0
2014-02-28,22:00:00,47.429,47.429,47.429,47.429,108,0
2014-03-03,18:00:00,46.751,46.751,46.751,46.751,108,0
2014-03-03,22:00:00,46.612,46.612,46.612,46.612,108,0
2014-03-04,16:00:00,47.457,47.457,47.457,47.457,108,0
2014-03-05,17:00:00,47.345,47.345,47.345,47.345,323,0
2014-03-06,17:00:00,47.578,47.578,47.447,47.447,1077,0
2014-03-06,21:00:00,47.373,47.373,47.281,47.281,646,0
2014-03-06,22:00:00,47.364,47.364,47.364,47.364,108,0
2014-03-07,21:00:00,46.815,46.815,46.815,46.815,108,0
2014-03-10,16:00:00,46.658,46.658,46.556,46.556,646,0
2014-03-10,17:00:00,46.556,46.649,46.556,46.649,646,0
2014-03-10,19:00:00,46.742,46.742,46.742,46.742,108,0
2014-03-10,20:00:00,46.742,46.742,46.742,46.742,108,0
2014-03-10,21:00:00,46.649,46.649,46.649,46.649,538,0
2014-03-11,19:00:00,46.612,46.612,46.527,46.527,646,0
2014-03-12,15:00:00,46.453,46.453,46.147,46.147,2261,0
2014-03-12,17:00:00,46.278,46.278,46.24,46.24,1077,0
2014-03-13,16:00:00,46.426,46.426,46.231,46.231,215,0
2014-03-13,17:00:00,46.064,46.064,46.064,46.064,108,0
2014-03-13,20:00:00,45.656,45.656,45.487,45.487,215,0
2014-03-13,21:00:00,45.562,45.562,45.516,45.516,323,0
2014-03-14,16:00:00,45.71,45.934,45.71,45.794,969,0
2014-03-14,17:00:00,45.758,45.758,45.758,45.758,108,0
2014-03-14,18:00:00,45.876,46.157,45.876,46.157,2114,0
2014-03-14,19:00:00,45.663,45.663,45.663,45.663,108,0
2014-03-17,15:00:00,46.046,46.109,46.046,46.109,215,0
2014-03-17,16:00:00,46.147,46.147,46.147,46.147,215,0
2014-03-17,17:00:00,45.943,45.943,45.943,45.943,215,0
2014-03-17,20:00:00,46.129,46.129,46.129,46.129,108,0
2014-03-18,15:00:00,46.119,46.119,46.119,46.119,108,0
2014-03-18,16:00:00,46.295,46.343,46.295,46.343,323,0
2014-03-18,18:00:00,46.203,46.203,46.203,46.203,108,0
2014-03-18,20:00:00,46.305,46.305,46.305,46.305,108,0
2014-03-19,16:00:00,46.054,46.054,46.054,46.054,108,0
2014-03-19,21:00:00,45.739,45.739,45.739,45.739,215,0
2014-03-20,15:00:00,45.255,45.414,45.255,45.414,754,0
2014-03-20,16:00:00,45.663,45.663,45.663,45.663,215,0
2014-03-21,15:00:00,45.896,45.896,45.84,45.84,215,0
2014-03-24,17:00:00,45.135,45.135,45.135,45.135,108,0
2014-03-24,20:00:00,45.804,45.896,45.804,45.896,646,0
2014-03-26,16:00:00,46.825,46.825,46.825,46.825,108,0
2014-03-27,15:00:00,47.039,47.039,47.039,47.039,216,0
2014-03-28,17:00:00,47.15,47.15,47.15,47.15,108,0
2014-03-31,17:00:00,47.392,47.392,47.392,47.392,108,0
2014-04-01,16:00:00,47.495,47.495,47.495,47.495,107,0
2014-04-03,16:00:00,47.728,47.728,47.728,47.728,214,0
2014-04-03,18:00:00,47.457,47.457,47.457,47.457,107,0
2014-04-04,17:00:00,47.804,47.804,47.804,47.804,321,0
2014-04-04,19:00:00,47.401,47.401,47.401,47.401,428,0
2014-04-07,22:00:00,46.84,46.84,46.84,46.84,107,0
2014-04-08,18:00:00,47.589,47.672,47.589,47.645,2874,0
2014-04-08,22:00:00,47.598,47.598,47.598,47.598,107,0
2014-04-09,19:00:00,47.907,47.907,47.907,47.907,321,0
2014-04-09,22:00:00,48.168,48.168,48.168,48.168,107,0
2014-04-10,18:00:00,47.971,47.971,47.971,47.971,107,0
2014-04-11,17:00:00,47.364,47.364,47.364,47.364,107,0
2014-04-14,18:00:00,47.083,47.083,47.083,47.083,107,0
2014-04-16,16:00:00,47.495,47.495,47.467,47.467,428,0
2014-04-16,17:00:00,47.467,47.467,47.457,47.457,214,0
2014-04-17,22:00:00,47.887,47.887,47.887,47.887,107,0
2014-04-22,22:00:00,48.225,48.225,48.225,48.225,107,0
2014-04-23,21:00:00,48.242,48.242,48.242,48.242,202,0
2014-04-24,18:00:00,48.225,48.225,48.196,48.225,642,0
2014-04-24,22:00:00,48.047,48.047,48.047,48.047,107,0
2014-04-25,19:00:00,47.84,47.84,47.84,47.84,107,0
2014-04-29,16:00:00,48.682,48.682,48.682,48.682,107,0
2014-04-30,17:00:00,48.702,48.702,48.702,48.702,107,0
2014-05-01,18:00:00,48.86,48.86,48.86,48.86,107,0
2014-05-02,17:00:00,48.898,48.898,48.898,48.898,107,0
2014-05-05,17:00:00,48.756,48.756,48.756,48.756,214,0
2014-05-05,19:00:00,48.739,48.739,48.739,48.739,107,0
2014-05-06,16:00:00,49.16,49.16,49.16,49.16,107,0
2014-05-06,19:00:00,48.971,48.971,48.971,48.971,107,0
2014-05-07,18:00:00,49.028,49.028,49.028,49.028,107,0
2014-05-08,21:00:00,49.216,49.216,49.216,49.216,107,0
2014-05-12,18:00:00,49.273,49.273,49.273,49.273,107,0
2014-05-12,21:00:00,49.384,49.384,49.384,49.384,214,0
2014-05-13,20:00:00,49.3,49.3,49.3,49.3,107,0
2014-05-14,21:00:00,49.469,49.469,49.469,49.469,107,0
2014-05-19,16:00:00,49.487,49.487,49.487,49.487,238,0
2014-05-21,16:00:00,49.001,49.001,49.001,49.001,535,0
2014-05-21,21:00:00,49.495,49.495,49.495,49.495,107,0
2014-05-22,17:00:00,49.581,49.581,49.581,49.581,107,0
2014-05-27,19:00:00,49.535,49.535,49.535,49.535,107,0
2014-05-28,19:00:00,49.515,49.515,49.515,49.515,107,0
2014-06-02,21:00:00,49.758,49.758,49.693,49.75,2138,0
2014-06-09,21:00:00,50.234,50.234,50.234,50.234,107,0
2014-06-10,21:00:00,50.282,50.282,50.282,50.282,321,0
2014-06-18,19:00:00,50.366,50.366,50.366,50.366,199,0
2014-06-19,18:00:00,50.834,50.834,50.834,50.834,1283,0
2014-06-19,19:00:00,50.843,50.843,50.843,50.843,428,0
2014-06-20,17:00:00,50.778,50.778,50.758,50.758,1604,0
2014-06-20,22:00:00,50.758,50.758,50.758,50.758,107,0
2014-06-23,21:00:00,50.927,53.115,50.927,52.846,2887,0
2014-06-24,16:00:00,50.441,50.441,50.441,50.441,107,0
2014-06-25,16:00:00,50.274,50.274,50.274,50.274,321,0
2014-06-25,18:00:00,50.274,50.274,50.274,50.274,428,0
2014-06-25,22:00:00,50.385,50.385,50.385,50.385,333,0
2014-06-27,20:00:00,50.479,50.479,50.479,50.479,855,0
2014-06-30,22:00:00,50.619,50.656,50.619,50.656,2350,0
2014-07-01,16:00:00,51.403,51.403,51.061,51.079,37125,0
2014-07-01,18:00:00,50.965,50.965,50.965,50.965,105,0
2014-07-01,20:00:00,50.775,50.775,50.594,50.594,316,0
2014-07-01,21:00:00,50.594,50.965,50.594,50.642,2418,0
2014-07-01,22:00:00,50.642,50.68,50.594,50.594,2524,0
2014-07-02,17:00:00,50.727,50.727,50.727,50.727,256,0
2014-07-02,18:00:00,50.747,50.755,50.737,50.747,737,0
2014-07-02,19:00:00,50.727,50.737,50.623,50.623,1198,0
2014-07-02,20:00:00,50.642,50.69,50.594,50.642,1262,0
2014-07-02,21:00:00,50.642,50.699,50.623,50.642,1052,0
2014-07-02,22:00:00,50.651,50.699,50.651,50.69,1327,0
2014-07-03,16:00:00,50.755,50.755,50.755,50.755,105,0
2014-07-03,17:00:00,50.813,50.842,50.813,50.842,316,0
2014-07-03,18:00:00,50.851,50.889,50.851,50.889,421,0
2014-07-03,19:00:00,50.908,51.079,50.899,51.079,10412,0
2014-07-07,17:00:00,50.67,50.67,50.67,50.67,211,0
2014-07-07,18:00:00,50.623,50.632,50.623,50.623,7257,0
2014-07-07,22:00:00,50.737,50.747,50.727,50.727,7467,0
2014-07-09,17:00:00,50.28,50.29,50.28,50.29,2280,0
2014-07-09,19:00:00,50.242,50.242,50.232,50.232,421,0
2014-07-09,21:00:00,50.385,50.471,50.385,50.471,8413,0
2014-07-09,22:00:00,50.461,50.461,50.461,50.461,105,0
2014-07-10,17:00:00,50.033,50.071,50.033,50.071,1052,0
2014-07-10,18:00:00,50.147,50.147,50.147,50.147,211,0
2014-07-10,22:00:00,50.147,50.147,50.147,50.147,211,0
2014-07-15,22:00:00,50.347,50.347,50.347,50.347,211,0
2014-07-16,16:00:00,50.822,50.822,50.822,50.822,737,0
2014-07-16,19:00:00,50.585,50.585,50.585,50.585,211,0
2014-07-16,22:00:00,50.585,50.585,50.585,50.585,4165,0
2014-07-17,21:00:00,50.242,50.242,50.242,50.242,211,0
2014-07-17,22:00:00,50.195,50.195,50.195,50.195,105,0
2014-07-18,20:00:00,50.337,50.337,50.337,50.337,105,0
2014-07-18,22:00:00,50.337,50.337,50.337,50.337,105,0
2014-07-21,20:00:00,50.023,50.023,50.023,50.023,1052,0
2014-07-21,22:00:00,50.29,50.29,50.29,50.29,198,0
2014-07-28,22:00:00,50.594,50.594,50.594,50.594,316,0
2014-07-30,22:00:00,50.232,50.232,50.232,50.232,378,0
2014-07-31,16:00:00,49.919,49.919,49.919,49.919,105,0
2014-07-31,19:00:00,49.682,49.682,49.682,49.682,737,0
2014-08-01,16:00:00,49.548,49.548,49.548,49.548,105,0
2014-08-06,17:00:00,48.807,48.807,48.807,48.807,441,0
2014-08-12,16:00:00,49.169,49.169,49.169,49.169,421,0
2014-08-12,20:00:00,48.968,48.968,48.968,48.968,237,0
2014-08-18,21:00:00,49.653,49.653,49.653,49.653,105,0
2014-08-19,22:00:00,49.995,49.995,49.995,49.995,316,0
2014-08-25,22:00:00,50.224,50.224,50.224,50.224,105,0
2014-08-26,21:00:00,50.252,50.252,50.252,50.252,105,0
2014-08-28,16:00:00,50.204,50.204,50.204,50.204,1052,0
2014-08-28,22:00:00,50.252,50.252,50.252,50.252,316,0
2014-08-29,21:00:00,50.224,50.224,50.224,50.224,421,0
2014-08-29,22:00:00,50.214,50.214,50.214,50.214,105,0
2014-09-02,16:00:00,50.157,50.157,50.157,50.157,263,0
2014-09-02,19:00:00,50.147,50.147,50.147,50.147,632,0
2014-09-03,17:00:00,50.775,50.775,50.775,50.775,212,0
2014-09-04,19:00:00,50.727,50.727,50.727,50.727,211,0
2014-09-04,21:00:00,50.727,50.727,50.727,50.727,211,0
2014-09-04,22:00:00,50.727,50.727,50.413,50.413,316,0
2014-09-05,18:00:00,50.442,50.442,50.442,50.442,201,0
2014-09-05,21:00:00,50.395,50.395,50.395,50.395,105,0
2014-09-09,19:00:00,49.928,49.928,49.928,49.928,211,0
2014-09-09,20:00:00,49.938,49.938,49.919,49.919,421,0
2014-09-09,21:00:00,49.843,49.909,49.843,49.909,211,0
2014-09-15,18:00:00,50.395,50.395,49.672,50.204,1262,0
2014-09-15,19:00:00,49.444,49.444,49.33,49.33,1052,0
2014-09-15,20:00:00,49.216,49.216,49.216,49.216,734,0
2014-09-16,17:00:00,49.186,49.186,49.186,49.186,316,0
2014-09-16,22:00:00,49.586,49.586,49.586,49.586,105,0
2014-09-18,22:00:00,49.53,49.53,49.53,49.53,105,0
2014-09-19,19:00:00,49.415,49.415,49.415,49.415,1158,0
2014-09-24,16:00:00,48.094,48.094,48.094,48.094,105,0
2014-09-24,19:00:00,48.758,48.758,48.758,48.758,105,0
2014-09-24,22:00:00,48.882,48.882,48.882,48.882,105,0
2014-09-25,17:00:00,48.313,48.313,48.313,48.313,211,0
2014-09-25,21:00:00,48.16,48.16,48.16,48.16,211,0
2014-09-26,19:00:00,48.036,48.036,48.036,48.036,105,0
2014-09-26,21:00:00,48.188,48.188,48.188,48.188,105,0
2014-09-30,17:00:00,47.466,47.466,47.466,47.466,105,0
2014-10-01,20:00:00,47.092,47.092,47.092,47.092,209,0
2014-10-03,22:00:00,46.708,46.708,46.708,46.708,104,0
2014-10-06,22:00:00,47.063,47.063,47.063,47.063,104,0
2014-10-07,16:00:00,46.746,46.746,46.746,46.746,209,0
2014-10-08,17:00:00,46.362,46.362,46.362,46.362,104,0
2014-10-08,21:00:00,46.593,47.015,46.593,47.015,626,0
2014-10-09,18:00:00,46.324,46.324,46.324,46.324,313,0
2014-10-10,17:00:00,45.767,45.767,45.767,45.767,209,0
2014-10-10,21:00:00,45.691,45.691,45.691,45.691,209,0
2014-10-13,18:00:00,45.844,45.844,45.844,45.844,104,0
2014-10-14,18:00:00,45.613,45.613,45.613,45.613,104,0
2014-10-14,22:00:00,45.537,45.537,45.527,45.527,1980,0
2014-10-15,20:00:00,44.443,44.443,44.443,44.443,104,0
2014-10-16,20:00:00,44.874,44.874,44.874,44.874,521,0
2014-10-17,18:00:00,45.595,45.613,45.595,45.613,730,0
2014-10-20,22:00:00,45.556,45.556,45.556,45.556,104,0
2014-10-21,18:00:00,46.027,46.027,46.027,46.027,156,0
2014-10-21,20:00:00,46.103,46.103,46.103,46.103,104,0
2014-10-21,21:00:00,46.007,46.007,46.007,46.007,206,0
2014-10-21,22:00:00,46.065,46.065,46.065,46.065,104,0
2014-10-23,17:00:00,46.046,46.046,46.046,46.046,209,0
2014-10-24,21:00:00,46.286,46.286,46.286,46.286,104,0
2014-10-27,21:00:00,46.075,46.075,46.075,46.075,104,0
2014-10-28,21:00:00,46.679,46.679,46.679,46.679,104,0
2014-10-30,17:00:00,46.659,46.659,46.659,46.659,209,0
2014-10-30,20:00:00,46.727,46.727,46.727,46.727,104,0
2014-11-04,22:00:00,46.545,46.603,46.545,46.603,977,0
2014-11-06,16:00:00,46.631,46.631,46.631,46.631,209,0
2014-11-10,19:00:00,46.948,46.976,46.938,46.976,938,0
2014-11-11,16:00:00,47.015,47.015,47.015,47.015,104,0
2014-11-14,21:00:00,46.948,46.948,46.948,46.948,209,0
2014-11-18,16:00:00,47.092,47.092,47.092,47.092,104,0
2014-11-19,22:00:00,47.111,47.111,47.111,47.111,104,0
2014-12-01,22:00:00,46.535,46.535,46.535,46.535,104,0
2014-12-05,16:00:00,46.458,46.458,46.458,46.458,427,0
2014-12-05,17:00:00,46.44,46.468,46.44,46.468,834,0
2014-12-08,19:00:00,45.796,45.816,45.796,45.816,313,0
2014-12-11,18:00:00,44.961,45.009,44.923,44.923,313,0
2014-12-26,18:00:00,45.547,45.547,45.547,45.547,520,0
2014-12-31,17:00:00,45.434,45.434,45.434,45.434,346,0
2015-01-08,20:00:00,44.364,44.364,44.364,44.364,306,0
2015-01-12,22:00:00,43.687,43.687,43.687,43.687,204,0
2015-02-03,22:00:00,45.924,45.924,45.924,45.924,102,0
2015-02-05,22:00:00,46.062,46.062,46.062,46.062,102,0
2015-02-06,19:00:00,45.924,45.924,45.836,45.836,595,0
2015-02-10,22:00:00,45.581,45.581,45.581,45.581,102,0
2015-02-11,18:00:00,45.051,45.051,45.051,45.051,410,0
2015-02-13,19:00:00,46.376,46.415,46.376,46.415,667,0
2015-02-13,22:00:00,46.288,46.288,46.288,46.288,102,0
2015-02-17,21:00:00,46.317,46.317,46.317,46.317,102,0
2015-02-20,17:00:00,46.121,46.121,46.121,46.121,510,0
2015-02-23,17:00:00,46.091,46.091,46.091,46.091,408,0
2015-02-25,17:00:00,46.533,46.572,46.533,46.572,388,0
2015-02-25,18:00:00,46.651,46.651,46.651,46.651,257,0
2015-03-02,17:00:00,46.199,46.199,46.199,46.199,204,0
2015-03-02,21:00:00,46.15,46.15,46.15,46.15,105,0
2015-03-05,19:00:00,45.629,45.629,45.629,45.629,102,0
2015-03-06,19:00:00,44.865,44.865,44.865,44.865,510,0
2015-03-06,21:00:00,44.855,44.855,44.806,44.806,1019,0
2015-03-06,22:00:00,44.825,44.825,44.816,44.816,741,0
2015-03-10,18:00:00,43.932,43.952,43.903,43.903,2242,0
2015-03-10,19:00:00,43.923,43.952,43.923,43.942,1834,0
2015-03-13,20:00:00,43.609,43.609,43.54,43.54,306,0
2015-03-16,15:00:00,43.874,44.256,43.874,44.256,204,0
2015-03-20,18:00:00,45.797,45.797,45.797,45.797,224,0
2015-03-27,15:00:00,45.225,45.225,45.225,45.225,218,0
2015-03-27,16:00:00,45.346,45.346,45.296,45.296,408,0
2015-03-30,18:00:00,45.512,45.512,45.48,45.48,550,0
2015-03-30,21:00:00,45.48,45.48,45.48,45.48,10,0
2015-03-31,19:00:00,44.982,44.982,44.982,44.982,102,0
2015-03-31,21:00:00,45.041,45.041,45.041,45.041,367,0
2015-04-02,18:00:00,45.296,45.296,45.296,45.296,661,0
2015-04-06,18:00:00,45.885,45.885,45.817,45.817,1121,0
2015-04-07,20:00:00,46.121,46.121,46.061,46.121,611,0
2015-04-08,22:00:00,46.042,46.042,46.042,46.042,820,0
2015-04-09,18:00:00,46.327,46.327,46.327,46.327,204,0
2015-04-09,19:00:00,46.226,46.226,46.226,46.226,274,0
2015-04-09,22:00:00,46.226,46.226,46.226,46.226,1,0
2015-04-10,21:00:00,46.405,46.415,46.376,46.386,408,0
2015-04-10,22:00:00,46.386,46.386,46.386,46.386,1,0
2015-04-14,22:00:00,46.719,46.719,46.719,46.719,153,0
2015-04-15,16:00:00,47.102,47.102,47.102,47.102,201,0
2015-04-17,16:00:00,46.847,46.847,46.847,46.847,198,0
2015-04-17,17:00:00,46.582,46.582,46.582,46.582,186,0
2015-04-17,20:00:00,46.562,46.562,46.562,46.562,51,0
2015-04-17,22:00:00,46.847,46.847,46.739,46.739,22,0
2015-04-21,18:00:00,47.112,47.112,47.112,47.112,108,0
2015-04-21,21:00:00,47.082,47.102,47.082,47.102,153,0
2015-04-24,16:00:00,48.966,48.966,48.966,48.966,193,0
2015-04-27,16:00:00,49.467,49.467,47.897,47.897,1845,0
2015-04-27,21:00:00,48.191,48.191,48.191,48.191,102,0
2015-04-29,22:00:00,47.799,47.799,47.799,47.799,202,0
2015-04-30,22:00:00,47.602,47.602,47.602,47.602,129,0
2015-05-01,22:00:00,47.759,47.759,47.759,47.759,102,0
2015-05-04,18:00:00,47.75,47.75,47.75,47.75,163,0
2015-05-05,22:00:00,47.092,47.092,47.092,47.092,137,0
2015-05-07,17:00:00,46.739,46.739,46.739,46.739,106,0
2015-05-11,16:00:00,48.083,48.083,48.083,48.083,343,0
2015-05-11,21:00:00,47.553,47.553,47.524,47.524,204,0
2015-05-11,22:00:00,47.424,47.535,47.424,47.535,448,0
2015-05-12,19:00:00,47.422,47.422,47.422,47.422,224,0
2015-05-15,18:00:00,47.92,47.92,47.92,47.92,102,0
2015-05-19,17:00:00,47.474,47.474,47.363,47.363,647,0
2015-05-20,20:00:00,47.475,47.553,47.475,47.553,8348,0
2015-05-26,17:00:00,46.965,46.965,46.965,46.965,102,0
2015-05-27,20:00:00,47.181,47.19,47.181,47.19,306,0
2015-06-01,16:00:00,47.475,47.475,46.366,46.464,1521,0
2015-06-01,17:00:00,46.062,46.062,45.728,45.728,1427,0
2015-06-01,18:00:00,45.771,45.771,45.771,45.771,122,0
2015-06-01,21:00:00,45.885,45.885,45.885,45.885,204,0
2015-06-02,21:00:00,46.611,46.66,46.602,46.66,2955,0
2015-06-02,22:00:00,46.66,46.66,46.66,46.66,204,0
2015-06-03,16:00:00,46.62,46.67,46.62,46.642,2446,0
2015-06-04,16:00:00,46.376,46.376,46.376,46.376,1019,0
2015-06-04,17:00:00,46.552,46.71,46.524,46.71,2242,0
2015-06-09,22:00:00,45.483,45.503,44.992,45.503,674,0
2015-06-10,16:00:00,46.072,46.317,46.052,46.317,510,0
2015-06-10,17:00:00,46.327,46.337,46.288,46.317,713,0
2015-06-10,21:00:00,46.337,46.337,46.337,46.337,306,0
2015-06-10,22:00:00,46.317,46.327,46.317,46.327,204,0
2015-06-11,17:00:00,45.684,45.684,45.684,45.684,117,0
2015-06-12,22:00:00,45.51,45.541,45.51,45.541,433,0
2015-06-15,17:00:00,45.056,45.056,45.056,45.056,153,0
2015-06-15,22:00:00,45.138,45.138,45.138,45.138,122,0
2015-06-16,18:00:00,45.55,45.679,45.55,45.679,757,0
2015-06-19,18:00:00,46.023,46.023,45.837,45.837,1311,0
2015-06-19,22:00:00,45.54,45.54,45.54,45.54,367,0
2015-06-25,17:00:00,46.4,46.582,46.4,46.582,438,0
2015-06-25,18:00:00,46.602,46.602,46.602,46.602,136,0
2015-06-26,18:00:00,46.229,46.268,46.229,46.268,2589,0
2015-06-26,22:00:00,46.229,46.238,46.229,46.238,815,0
2015-06-30,17:00:00,45.238,45.238,45.112,45.112,1083,0
2015-07-07,18:00:00,43.22,43.22,43.22,43.22,400,0
2015-07-13,21:00:00,44.97,45.01,44.97,45.01,1200,0
2015-07-16,21:00:00,45.4799,45.4799,45.4799,45.4799,200,0
2015-07-16,22:00:00,45.454,45.454,45.454,45.454,369,0
2015-07-17,22:00:00,45.41,45.41,45.41,45.41,120,0
2015-07-20,18:00:00,44.8301,44.8301,44.8301,44.8301,4,0
2015-07-21,18:00:00,45.1899,45.19,45.1899,45.19,415,0
2015-07-21,21:00:00,45.17,45.17,45.17,45.17,300,0
2015-07-24,17:00:00,44.17,44.17,44.17,44.17,100,0
2015-07-24,18:00:00,44.005,44.005,44,44,330,0
2015-07-24,21:00:00,43.81,43.81,43.76,43.76,472,0
2015-07-28,18:00:00,43.3393,43.3393,43.3393,43.3393,100,0
2015-07-30,20:00:00,43.85,43.86,43.83,43.86,1300,0
2015-07-31,16:00:00,43.86,44.28,43.49,43.5,3772,0
2015-08-03,16:00:00,43.5,43.97,43.5,43.96,5800,0
2015-08-04,19:00:00,44.09,44.09,44.09,44.09,400,0
2015-08-05,16:00:00,44.41,44.41,44.41,44.41,200,0
2015-08-06,16:00:00,43.19,43.19,43.19,43.19,2600,0
2015-08-06,18:00:00,44.37,44.37,44.37,44.37,392,0
2015-08-07,16:00:00,43.93,43.93,43.92,43.92,800,0
2015-08-07,21:00:00,43.49,43.49,43.49,43.49,113,0
