Date,Time,Open,High,Low,Close,Volume,OpenInt
2015-01-12,16:00:00,7.35,7.35,7.32,7.32,18000,0
2015-01-12,17:00:00,7.33,7.34,7.3,7.31,10940,0
2015-01-12,18:00:00,7.31,7.32,7.31,7.32,4204,0
2015-01-12,19:00:00,7.32,7.32,7.29,7.3,22377,0
2015-01-12,20:00:00,7.3,7.3,7.3,7.3,19540,0
2015-01-12,21:00:00,7.29,7.29,7.26,7.26,80001,0
2015-01-12,22:00:00,7.27,7.28,7.26,7.27,35830,0
2015-01-13,16:00:00,7.28,7.3,7.28,7.3,1477,0
2015-01-13,17:00:00,7.27,7.29,7.26,7.26,1190,0
2015-01-13,18:00:00,7.26,7.29,7.24,7.25,13493,0
2015-01-13,19:00:00,7.25,7.25,7.24,7.24,1300,0
2015-01-13,20:00:00,7.25,7.25,7.18,7.18,7444,0
2015-01-13,21:00:00,7.2,7.2,7.17,7.18,147150,0
2015-01-13,22:00:00,7.18,7.2,7.18,7.19,26964,0
2015-01-14,16:00:00,7.12,7.16,7.12,7.15,11400,0
2015-01-14,17:00:00,7.15,7.16,7.13,7.13,6794,0
2015-01-14,18:00:00,7.13,7.14,7.12,7.13,1600,0
2015-01-14,19:00:00,7.16,7.16,7.13,7.13,13800,0
2015-01-14,20:00:00,7.13,7.13,7.11,7.11,12928,0
2015-01-14,21:00:00,7.11,7.13,7.11,7.13,2660,0
2015-01-14,22:00:00,7.14,7.17,7.13,7.17,155286,0
2015-01-15,16:00:00,7.17,7.17,7.17,7.17,11050,0
2015-01-15,17:00:00,7.17,7.17,7.15,7.16,1650,0
2015-01-15,18:00:00,7.14,7.17,7.13,7.13,17951,0
2015-01-15,19:00:00,7.13,7.13,7.11,7.11,9340,0
2015-01-15,20:00:00,7.11,7.11,7.1,7.11,7323,0
2015-01-15,21:00:00,7.11,7.12,7.11,7.12,2400,0
2015-01-15,22:00:00,7.12,7.13,7.12,7.12,5336,0
2015-01-16,16:00:00,7.11,7.11,7.11,7.11,10634,0
2015-01-16,17:00:00,7.13,7.15,7.13,7.15,3489,0
2015-01-16,18:00:00,7.15,7.15,7.14,7.15,6589,0
2015-01-16,19:00:00,7.15,7.16,7.14,7.16,2802,0
2015-01-16,20:00:00,7.14,7.15,7.14,7.15,1313,0
2015-01-16,21:00:00,7.16,7.16,7.16,7.16,1200,0
2015-01-16,22:00:00,7.15,7.16,7.13,7.16,9361,0
2015-01-20,16:00:00,7.09,7.13,7.09,7.12,6980,0
2015-01-20,17:00:00,7.09,7.11,7.06,7.06,3321,0
2015-01-20,18:00:00,7.07,7.08,7.07,7.07,7478,0
2015-01-20,19:00:00,7.07,7.1,7.07,7.09,14835,0
2015-01-20,20:00:00,7.1,7.1,7.1,7.1,1314,0
2015-01-20,21:00:00,7.11,7.11,7.1,7.1,823,0
2015-01-20,22:00:00,7.11,7.11,7.1,7.1,2900,0
2015-01-21,16:00:00,7.13,7.13,7.13,7.13,550,0
2015-01-21,17:00:00,7.13,7.13,7.12,7.12,400,0
2015-01-21,18:00:00,7.11,7.11,7.1,7.1,800,0
2015-01-21,19:00:00,7.11,7.11,7.1,7.1,1379,0
2015-01-21,20:00:00,7.09,7.09,7.08,7.08,1166,0
2015-01-21,21:00:00,7.1,7.1,7.09,7.09,1825,0
2015-01-21,22:00:00,7.1,7.11,7.09,7.09,3217,0
2015-01-22,16:00:00,7.12,7.12,7.08,7.09,4140,0
2015-01-22,17:00:00,7.09,7.09,7.09,7.09,3750,0
2015-01-22,18:00:00,7.08,7.1,7.07,7.08,8075,0
2015-01-22,19:00:00,7.08,7.08,7.07,7.07,17650,0
2015-01-22,20:00:00,7.07,7.07,7.05,7.05,44287,0
2015-01-22,21:00:00,7.05,7.06,7.05,7.06,8103,0
2015-01-22,22:00:00,7.05,7.06,7.05,7.05,6307,0
2015-01-23,16:00:00,7.05,7.05,7.03,7.03,3135,0
2015-01-23,17:00:00,7.04,7.04,7.03,7.03,4100,0
2015-01-23,18:00:00,7.03,7.03,7.01,7.01,8900,0
2015-01-23,19:00:00,7.01,7.03,7.01,7.01,4500,0
2015-01-23,20:00:00,7.02,7.02,7.02,7.02,2890,0
2015-01-23,21:00:00,7.02,7.03,7.01,7.02,12490,0
2015-01-23,22:00:00,7.01,7.02,7.0,7.01,24518,0
2015-01-26,16:00:00,7.01,7.01,7.01,7.01,870,0
2015-01-26,17:00:00,7.01,7.01,6.98,6.98,9629,0
2015-01-26,18:00:00,6.99,7.0,6.99,7.0,1648,0
2015-01-26,19:00:00,6.99,7.0,6.99,6.99,5414,0
2015-01-26,20:00:00,6.99,7.0,6.99,7.0,8000,0
2015-01-26,21:00:00,7.0,7.02,7.0,7.02,2073,0
2015-01-26,22:00:00,7.02,7.02,7.0,7.0,5034,0
2015-01-27,16:00:00,7.02,7.02,6.99,6.99,6842,0
2015-01-27,17:00:00,6.99,6.99,6.98,6.98,26994,0
2015-01-27,18:00:00,6.98,6.99,6.98,6.99,34292,0
2015-01-27,19:00:00,6.99,7.0,6.98,7.0,18880,0
2015-01-27,20:00:00,6.99,7.0,6.99,7.0,1455,0
2015-01-27,21:00:00,7.0,7.0,6.99,6.99,1510,0
2015-01-27,22:00:00,7.0,7.0,6.99,6.99,24548,0
2015-01-28,16:00:00,6.98,6.99,6.94,6.95,35267,0
2015-01-28,17:00:00,6.95,6.95,6.93,6.95,9202,0
2015-01-28,18:00:00,6.95,6.97,6.94,6.94,7322,0
2015-01-28,19:00:00,6.94,6.95,6.94,6.95,1500,0
2015-01-28,20:00:00,6.94,6.95,6.94,6.94,4586,0
2015-01-28,21:00:00,6.94,6.95,6.93,6.93,11607,0
2015-01-28,22:00:00,6.93,6.95,6.93,6.93,47137,0
2015-01-29,16:00:00,6.93,6.94,6.91,6.92,10139,0
2015-01-29,17:00:00,6.93,6.94,6.91,6.92,7750,0
2015-01-29,18:00:00,6.91,6.92,6.91,6.91,13407,0
2015-01-29,19:00:00,6.9,6.9,6.89,6.89,6728,0
2015-01-29,20:00:00,6.89,6.91,6.89,6.9,4700,0
2015-01-29,21:00:00,6.9,6.91,6.9,6.9,17309,0
2015-01-29,22:00:00,6.9,6.92,6.9,6.9,23551,0
2015-01-30,16:00:00,6.88,6.88,6.88,6.88,4900,0
2015-01-30,17:00:00,6.87,6.87,6.86,6.86,4747,0
2015-01-30,18:00:00,6.85,6.86,6.85,6.85,3450,0
2015-01-30,19:00:00,6.85,6.86,6.85,6.86,19544,0
2015-01-30,20:00:00,6.86,6.88,6.86,6.88,82262,0
2015-01-30,21:00:00,6.88,6.89,6.88,6.88,6120,0
2015-01-30,22:00:00,6.88,6.9,6.87,6.9,21122,0
2015-02-02,16:00:00,6.9,6.9,6.87,6.87,900,0
2015-02-02,17:00:00,6.87,6.9,6.86,6.9,3250,0
2015-02-02,18:00:00,6.9,6.9,6.88,6.88,8340,0
2015-02-02,19:00:00,6.88,6.88,6.85,6.85,4405,0
2015-02-02,20:00:00,6.85,6.85,6.84,6.84,12687,0
2015-02-02,21:00:00,6.84,6.85,6.83,6.84,4000,0
2015-02-02,22:00:00,6.83,6.84,6.83,6.83,7440,0
2015-02-03,16:00:00,6.89,6.89,6.89,6.89,4000,0
2015-02-03,17:00:00,6.89,6.95,6.89,6.95,27676,0
2015-02-03,18:00:00,6.94,6.95,6.94,6.95,11826,0
2015-02-03,19:00:00,6.96,6.99,6.96,6.99,5125,0
2015-02-03,20:00:00,6.99,7.01,6.99,7.0,20887,0
2015-02-03,21:00:00,7.0,7.02,6.99,6.99,43960,0
2015-02-03,22:00:00,6.99,7.0,6.98,7.0,20118,0
2015-02-04,16:00:00,6.97,6.97,6.95,6.95,2374,0
2015-02-04,17:00:00,6.95,6.97,6.95,6.97,3700,0
2015-02-04,18:00:00,6.97,6.98,6.96,6.98,5449,0
2015-02-04,19:00:00,6.98,6.98,6.95,6.95,1740,0
2015-02-04,20:00:00,6.94,6.94,6.94,6.94,5200,0
2015-02-04,21:00:00,6.94,6.96,6.93,6.94,2250,0
2015-02-04,22:00:00,6.94,6.96,6.94,6.95,5934,0
2015-02-05,16:00:00,6.98,7.0,6.98,7.0,3700,0
2015-02-05,17:00:00,6.99,7.01,6.99,7.0,100784,0
2015-02-05,18:00:00,6.97,7.0,6.97,7.0,16885,0
2015-02-05,19:00:00,6.99,6.99,6.99,6.99,14200,0
2015-02-05,20:00:00,7.0,7.01,7.0,7.0,4895,0
2015-02-05,22:00:00,7.01,7.01,7.0,7.01,23803,0
2015-02-06,16:00:00,7.01,7.02,7.0,7.01,5510,0
2015-02-06,17:00:00,6.98,7.0,6.98,7.0,900,0
2015-02-06,18:00:00,7.0,7.0,6.99,6.99,21226,0
2015-02-06,19:00:00,7.0,7.01,7.0,7.01,50167,0
2015-02-06,20:00:00,7.02,7.02,7.01,7.02,3000,0
2015-02-06,21:00:00,7.02,7.04,7.02,7.03,9964,0
2015-02-06,22:00:00,7.03,7.04,7.02,7.04,18108,0
2015-02-09,16:00:00,7.01,7.05,7.01,7.05,2648,0
2015-02-09,17:00:00,7.05,7.06,7.05,7.05,5393,0
2015-02-09,18:00:00,7.07,7.07,7.06,7.07,2363,0
2015-02-09,19:00:00,7.08,7.08,7.06,7.07,1975,0
2015-02-09,20:00:00,7.08,7.08,7.08,7.08,130,0
2015-02-09,21:00:00,7.09,7.09,7.07,7.08,7437,0
2015-02-09,22:00:00,7.07,7.08,7.07,7.07,4796,0
2015-02-10,16:00:00,7.07,7.07,7.06,7.06,21000,0
2015-02-10,17:00:00,7.05,7.05,7.04,7.04,6300,0
2015-02-10,18:00:00,7.04,7.04,7.04,7.04,237,0
2015-02-10,19:00:00,7.04,7.05,7.04,7.05,1900,0
2015-02-10,20:00:00,7.03,7.03,7.03,7.03,1600,0
2015-02-10,21:00:00,7.01,7.02,7.01,7.02,3102,0
2015-02-10,22:00:00,7.03,7.03,7.01,7.01,7807,0
2015-02-11,16:00:00,6.98,7.01,6.98,7.01,4655,0
2015-02-11,17:00:00,7.0,7.0,7.0,7.0,500,0
2015-02-11,18:00:00,7.0,7.01,7.0,7.01,600,0
2015-02-11,19:00:00,7.0,7.0,7.0,7.0,1000,0
2015-02-11,20:00:00,7.0,7.01,7.0,7.01,2600,0
2015-02-11,21:00:00,7.0,7.0,7.0,7.0,2725,0
2015-02-11,22:00:00,7.0,7.0,6.99,6.99,9326,0
2015-02-12,16:00:00,7.02,7.02,7.0,7.01,20800,0
2015-02-12,17:00:00,7.01,7.01,6.99,7.01,6160,0
2015-02-12,18:00:00,7.01,7.01,7.0,7.0,1100,0
2015-02-12,19:00:00,7.01,7.02,7.01,7.02,3700,0
2015-02-12,20:00:00,7.0,7.02,7.0,7.01,8180,0
2015-02-12,21:00:00,7.01,7.01,7.01,7.01,4689,0
2015-02-12,22:00:00,7.01,7.01,7.01,7.01,11312,0
2015-02-13,16:00:00,7.05,7.09,7.05,7.08,8600,0
2015-02-13,17:00:00,7.08,7.08,7.07,7.08,7414,0
2015-02-13,18:00:00,7.08,7.11,7.08,7.11,7500,0
2015-02-13,19:00:00,7.11,7.11,7.11,7.11,1400,0
2015-02-13,20:00:00,7.1,7.1,7.1,7.1,2690,0
2015-02-13,21:00:00,7.09,7.1,7.09,7.09,6621,0
2015-02-13,22:00:00,7.1,7.11,7.09,7.09,6027,0
2015-02-17,16:00:00,7.08,7.12,7.03,7.08,7800,0
2015-02-17,17:00:00,7.08,7.12,7.08,7.1,25450,0
2015-02-17,18:00:00,7.07,7.09,7.07,7.09,6716,0
2015-02-17,19:00:00,7.09,7.09,7.09,7.09,160,0
2015-02-17,20:00:00,7.09,7.13,7.09,7.13,6569,0
2015-02-17,21:00:00,7.13,7.14,7.13,7.13,25257,0
2015-02-17,22:00:00,7.14,7.14,7.12,7.12,10374,0
2015-02-18,16:00:00,7.1,7.1,7.1,7.1,200,0
2015-02-18,17:00:00,7.11,7.11,7.07,7.07,2157,0
2015-02-18,18:00:00,7.06,7.09,7.06,7.07,6560,0
2015-02-18,19:00:00,7.07,7.08,7.07,7.08,1300,0
2015-02-18,20:00:00,7.08,7.08,7.07,7.08,791,0
2015-02-18,21:00:00,7.07,7.08,7.07,7.08,6394,0
2015-02-18,22:00:00,7.07,7.08,7.07,7.08,11184,0
2015-02-19,18:00:00,7.09,7.12,7.09,7.12,1700,0
2015-02-19,19:00:00,7.11,7.11,7.11,7.11,1200,0
2015-02-19,20:00:00,7.1,7.1,7.09,7.09,2010,0
2015-02-19,21:00:00,7.09,7.09,7.09,7.09,3596,0
2015-02-19,22:00:00,7.08,7.08,7.08,7.08,2555,0
2015-02-20,16:00:00,7.06,7.06,7.05,7.05,2830,0
2015-02-20,17:00:00,7.04,7.05,7.03,7.03,4088,0
2015-02-20,18:00:00,7.05,7.05,7.03,7.03,10367,0
2015-02-20,20:00:00,7.03,7.03,7.02,7.02,5031,0
2015-02-20,21:00:00,7.03,7.04,7.02,7.04,3637,0
2015-02-20,22:00:00,7.02,7.04,7.02,7.03,4361,0
2015-02-23,17:00:00,7.0,7.0,6.98,6.98,6347,0
2015-02-23,18:00:00,6.97,6.98,6.97,6.97,5855,0
2015-02-23,19:00:00,6.96,6.96,6.96,6.96,1375,0
2015-02-23,20:00:00,6.96,6.96,6.95,6.95,449,0
2015-02-23,21:00:00,6.96,6.96,6.95,6.95,49113,0
2015-02-23,22:00:00,6.96,6.96,6.95,6.95,23198,0
2015-02-24,16:00:00,6.98,6.99,6.98,6.99,5600,0
2015-02-24,17:00:00,6.99,7.02,6.98,7.01,3934,0
2015-02-24,18:00:00,7.01,7.01,7.0,7.0,926,0
2015-02-24,19:00:00,7.02,7.02,7.01,7.01,5780,0
2015-02-24,20:00:00,7.01,7.01,7.01,7.01,200,0
2015-02-24,21:00:00,6.98,6.98,6.97,6.97,3838,0
2015-02-24,22:00:00,6.99,6.99,6.97,6.97,4990,0
2015-02-25,16:00:00,6.96,6.96,6.95,6.95,15900,0
2015-02-25,17:00:00,6.95,6.95,6.95,6.95,2898,0
2015-02-25,19:00:00,6.94,6.95,6.94,6.94,5822,0
2015-02-25,20:00:00,6.94,6.94,6.93,6.93,3074,0
2015-02-25,21:00:00,6.94,6.94,6.93,6.93,2645,0
2015-02-25,22:00:00,6.93,6.95,6.93,6.93,6487,0
2015-02-26,16:00:00,6.91,6.94,6.91,6.94,10450,0
2015-02-26,17:00:00,6.95,6.95,6.95,6.95,30400,0
2015-02-26,18:00:00,6.97,6.97,6.97,6.97,16030,0
2015-02-26,19:00:00,6.98,6.99,6.98,6.98,9500,0
2015-02-26,20:00:00,6.99,6.99,6.98,6.98,9500,0
2015-02-26,21:00:00,6.97,6.97,6.97,6.97,2809,0
2015-02-26,22:00:00,6.97,6.99,6.97,6.98,5473,0
2015-02-27,17:00:00,6.99,6.99,6.99,6.99,700,0
2015-02-27,18:00:00,7.0,7.01,7.0,7.01,5990,0
2015-02-27,19:00:00,7.01,7.03,7.01,7.03,4800,0
2015-02-27,20:00:00,7.04,7.04,7.04,7.04,4315,0
2015-02-27,21:00:00,7.05,7.06,7.04,7.06,41752,0
2015-02-27,22:00:00,7.04,7.05,7.03,7.04,4963,0
2015-03-02,16:00:00,7.03,7.05,7.03,7.05,17467,0
2015-03-02,17:00:00,7.03,7.03,7.03,7.03,2000,0
2015-03-02,18:00:00,7.01,7.02,7,7,6985,0
2015-03-02,19:00:00,7.01,7.01,6.99,6.99,2674,0
2015-03-02,20:00:00,6.99,6.99,6.98,6.98,3588,0
2015-03-02,21:00:00,6.98,6.98,6.98,6.98,3000,0
2015-03-02,22:00:00,6.98,6.98,6.97,6.97,4575,0
2015-03-03,16:00:00,6.95,6.9697,6.9101,6.95,2552,0
2015-03-03,17:00:00,6.9474,6.9499,6.93,6.9399,3700,0
2015-03-03,18:00:00,6.9399,6.95,6.931,6.95,2687,0
2015-03-03,19:00:00,6.96,6.96,6.95,6.95,3200,0
2015-03-03,20:00:00,6.95,6.96,6.95,6.951,24750,0
2015-03-03,21:00:00,6.96,6.96,6.94,6.94,17488,0
2015-03-03,22:00:00,6.94,6.95,6.94,6.94,19461,0
2015-03-04,16:00:00,6.91,6.91,6.9,6.907,4880,0
2015-03-04,17:00:00,6.9,6.9,6.88,6.88,7600,0
2015-03-04,18:00:00,6.8864,6.8864,6.884,6.884,577,0
2015-03-04,19:00:00,6.9,6.9085,6.9,6.9085,2400,0
2015-03-04,20:00:00,6.91,6.91,6.91,6.91,7600,0
2015-03-04,21:00:00,6.91,6.9199,6.91,6.91,28331,0
2015-03-04,22:00:00,6.905,6.91,6.901,6.905,2168,0
2015-03-05,16:00:00,6.93,6.93,6.89,6.895,15960,0
2015-03-05,17:00:00,6.9,6.9,6.87,6.87,3100,0
2015-03-05,18:00:00,6.87,6.88,6.8699,6.8799,4000,0
2015-03-05,19:00:00,6.8762,6.88,6.87,6.87,22314,0
2015-03-05,20:00:00,6.8699,6.8699,6.865,6.8685,557,0
2015-03-05,21:00:00,6.8684,6.8684,6.85,6.85,3277,0
2015-03-05,22:00:00,6.85,6.86,6.85,6.86,1745,0
2015-03-06,16:00:00,6.82,6.8248,6.82,6.82,5605,0
2015-03-06,17:00:00,6.82,6.8299,6.81,6.8282,3860,0
2015-03-06,18:00:00,6.8299,6.8299,6.8109,6.8199,8700,0
2015-03-06,19:00:00,6.82,6.82,6.802,6.81,2506,0
2015-03-06,20:00:00,6.8101,6.8199,6.8101,6.8152,4145,0
2015-03-06,21:00:00,6.81,6.82,6.81,6.8199,3882,0
2015-03-06,22:00:00,6.815,6.82,6.81,6.81,9505,0
2015-03-09,15:00:00,6.84,6.8482,6.84,6.84,2170,0
2015-03-09,16:00:00,6.84,6.84,6.831,6.831,4186,0
2015-03-09,17:00:00,6.8412,6.8435,6.84,6.8419,5475,0
2015-03-09,18:00:00,6.84,6.8438,6.84,6.8438,615,0
2015-03-09,19:00:00,6.84,6.84,6.84,6.84,1600,0
2015-03-09,20:00:00,6.847,6.847,6.83,6.83,2071,0
2015-03-09,21:00:00,6.83,6.85,6.83,6.83,4517,0
2015-03-10,15:00:00,6.83,6.83,6.79,6.79,8288,0
2015-03-10,16:00:00,6.8143,6.8143,6.78,6.7901,15552,0
2015-03-10,17:00:00,6.79,6.8,6.78,6.78,24800,0
2015-03-10,18:00:00,6.79,6.82,6.79,6.81,13483,0
2015-03-10,19:00:00,6.807,6.807,6.79,6.79,472,0
2015-03-10,20:00:00,6.795,6.8032,6.7946,6.8,1746,0
2015-03-10,21:00:00,6.8,6.8099,6.8,6.8,6204,0
2015-03-11,15:00:00,6.82,6.855,6.82,6.82,21382,0
2015-03-11,16:00:00,6.82,6.8206,6.81,6.82,1500,0
2015-03-11,17:00:00,6.81,6.815,6.8,6.81,11875,0
2015-03-11,18:00:00,6.8178,6.83,6.8178,6.83,11532,0
2015-03-11,19:00:00,6.83,6.83,6.81,6.81,42830,0
2015-03-11,20:00:00,6.8199,6.82,6.8101,6.82,3250,0
2015-03-11,21:00:00,6.83,6.83,6.81,6.83,3933,0
2015-03-12,15:00:00,6.81,6.82,6.8,6.81,22725,0
2015-03-12,16:00:00,6.81,6.81,6.77,6.7701,8049,0
2015-03-12,17:00:00,6.7899,6.82,6.772,6.8,5847,0
2015-03-12,18:00:00,6.81,6.81,6.8,6.8013,8100,0
2015-03-12,19:00:00,6.81,6.81,6.81,6.81,1300,0
2015-03-12,20:00:00,6.805,6.81,6.8027,6.81,1928,0
2015-03-12,21:00:00,6.8,6.82,6.8,6.8,9569,0
2015-03-13,15:00:00,6.79,6.8053,6.79,6.8053,808,0
2015-03-13,16:00:00,6.79,6.79,6.75,6.75,29950,0
2015-03-13,17:00:00,6.75,6.75,6.73,6.74,7030,0
2015-03-13,18:00:00,6.74,6.74,6.71,6.7127,21400,0
2015-03-13,19:00:00,6.73,6.73,6.71,6.71,17473,0
2015-03-13,20:00:00,6.71,6.73,6.71,6.71,24798,0
2015-03-13,21:00:00,6.71,6.73,6.71,6.71,25844,0
2015-03-16,15:00:00,6.73,6.747,6.73,6.747,2400,0
2015-03-16,16:00:00,6.73,6.73,6.7102,6.717,2829,0
2015-03-16,17:00:00,6.72,6.74,6.71,6.74,8200,0
2015-03-16,18:00:00,6.7499,6.75,6.72,6.75,1325,0
2015-03-16,19:00:00,6.749,6.75,6.73,6.73,4700,0
2015-03-16,20:00:00,6.7401,6.77,6.74,6.7557,7317,0
2015-03-16,21:00:00,6.752,6.77,6.75,6.77,10128,0
2015-03-17,15:00:00,6.72,6.72,6.71,6.72,4710,0
2015-03-17,16:00:00,6.7244,6.74,6.7,6.71,5200,0
2015-03-17,17:00:00,6.72,6.72,6.7,6.7027,6963,0
2015-03-17,18:00:00,6.71,6.71,6.701,6.7072,1350,0
2015-03-17,19:00:00,6.7101,6.72,6.7,6.71,4000,0
2015-03-17,20:00:00,6.71,6.71,6.68,6.7,12398,0
2015-03-17,21:00:00,6.7,6.7,6.68,6.68,12818,0
2015-03-18,15:00:00,6.73,6.73,6.6998,6.6998,1798,0
2015-03-18,16:00:00,6.71,6.71,6.69,6.69,2520,0
2015-03-18,17:00:00,6.69,6.72,6.67,6.72,21217,0
2015-03-18,18:00:00,6.72,6.74,6.719,6.7335,4304,0
2015-03-18,19:00:00,6.73,6.73,6.73,6.73,7904,0
2015-03-18,20:00:00,6.74,6.81,6.74,6.79,11862,0
2015-03-18,21:00:00,6.791,6.81,6.79,6.81,67299,0
2015-03-19,15:00:00,6.79,6.8,6.79,6.8,1409,0
2015-03-19,16:00:00,6.7936,6.7936,6.78,6.78,9500,0
2015-03-19,17:00:00,6.7751,6.79,6.77,6.77,14809,0
2015-03-19,18:00:00,6.77,6.77,6.7508,6.7526,24106,0
2015-03-19,19:00:00,6.76,6.76,6.75,6.756,10346,0
2015-03-19,20:00:00,6.77,6.79,6.76,6.79,15415,0
2015-03-19,21:00:00,6.79,6.79,6.77,6.77,16341,0
2015-03-20,15:00:00,6.79,6.81,6.79,6.81,70758,0
2015-03-20,16:00:00,6.81,6.85,6.81,6.8401,160707,0
2015-03-20,17:00:00,6.85,6.86,6.85,6.85,4681,0
2015-03-20,18:00:00,6.85,6.877,6.85,6.8701,4550,0
2015-03-20,19:00:00,6.8735,6.88,6.8735,6.88,4231,0
2015-03-20,20:00:00,6.8701,6.8701,6.87,6.87,1550,0
2015-03-20,21:00:00,6.8701,6.88,6.86,6.86,20578,0
2015-03-23,15:00:00,6.92,6.9374,6.92,6.9374,20062,0
2015-03-23,16:00:00,6.9399,6.96,6.939,6.96,6391,0
2015-03-23,17:00:00,6.96,6.96,6.96,6.96,198,0
2015-03-23,18:00:00,6.951,6.97,6.95,6.97,8535,0
2015-03-23,19:00:00,6.96,6.96,6.9501,6.9501,3445,0
2015-03-23,20:00:00,6.9599,6.97,6.95,6.9682,12462,0
2015-03-23,21:00:00,6.97,6.97,6.9401,6.95,15551,0
2015-03-24,15:00:00,6.93,6.93,6.92,6.92,44930,0
2015-03-24,16:00:00,6.94,6.96,6.9399,6.96,7391,0
2015-03-24,17:00:00,6.95,6.955,6.9301,6.94,9400,0
2015-03-24,18:00:00,6.94,6.95,6.93,6.94,1524,0
2015-03-24,19:00:00,6.95,6.95,6.93,6.94,8029,0
2015-03-24,20:00:00,6.94,6.94,6.93,6.94,6664,0
2015-03-24,21:00:00,6.94,6.94,6.93,6.94,7816,0
2015-03-25,15:00:00,6.92,6.9398,6.92,6.92,17941,0
2015-03-25,16:00:00,6.9268,6.94,6.91,6.91,2039,0
2015-03-25,17:00:00,6.93,6.94,6.92,6.94,13321,0
2015-03-25,18:00:00,6.94,6.94,6.932,6.932,1400,0
2015-03-25,19:00:00,6.93,6.93,6.92,6.928,1489,0
2015-03-25,20:00:00,6.93,6.93,6.91,6.9277,27852,0
2015-03-25,21:00:00,6.92,6.93,6.91,6.91,5231,0
2015-03-26,16:00:00,6.91,6.91,6.88,6.88,2767,0
2015-03-26,17:00:00,6.88,6.88,6.86,6.86,8776,0
2015-03-26,18:00:00,6.86,6.87,6.85,6.87,60798,0
2015-03-26,19:00:00,6.859,6.86,6.85,6.86,7893,0
2015-03-26,20:00:00,6.86,6.86,6.84,6.8416,4790,0
2015-03-26,21:00:00,6.86,6.86,6.84,6.84,6700,0
2015-03-27,15:00:00,6.82,6.84,6.82,6.84,2000,0
2015-03-27,16:00:00,6.8298,6.8449,6.8298,6.8449,900,0
2015-03-27,17:00:00,6.83,6.8359,6.83,6.8359,818,0
2015-03-27,18:00:00,6.8303,6.84,6.83,6.83,8581,0
2015-03-27,19:00:00,6.83,6.84,6.83,6.8379,484,0
2015-03-27,20:00:00,6.8317,6.84,6.8317,6.84,3384,0
2015-03-27,21:00:00,6.834,6.84,6.83,6.83,11737,0
2015-03-30,16:00:00,6.84,6.85,6.84,6.85,1964,0
2015-03-30,17:00:00,6.88,6.895,6.88,6.89,6200,0
2015-03-30,18:00:00,6.89,6.89,6.88,6.886,2880,0
2015-03-30,19:00:00,6.89,6.9,6.88,6.88,630,0
2015-03-30,20:00:00,6.88,6.8899,6.86,6.86,6001,0
2015-03-30,21:00:00,6.87,6.87,6.86,6.8693,4018,0
2015-03-30,22:00:00,6.86,6.861,6.86,6.86,1811,0
2015-03-31,16:00:00,6.86,6.86,6.8401,6.85,3798,0
2015-03-31,17:00:00,6.85,6.86,6.85,6.86,8844,0
2015-03-31,18:00:00,6.86,6.878,6.86,6.86,9503,0
2015-03-31,19:00:00,6.87,6.87,6.7916,6.7927,50676,0
2015-03-31,20:00:00,6.79,6.79,6.79,6.79,200,0
2015-03-31,21:00:00,6.79,6.79,6.78,6.7801,1381,0
2015-03-31,22:00:00,6.7804,6.79,6.77,6.77,21147,0
2015-04-01,16:00:00,6.79,6.79,6.76,6.7601,15526,0
2015-04-01,17:00:00,6.777,6.8,6.775,6.8,3463,0
2015-04-01,18:00:00,6.79,6.83,6.79,6.83,2900,0
2015-04-01,19:00:00,6.83,6.8499,6.83,6.83,4567,0
2015-04-01,20:00:00,6.8349,6.84,6.82,6.83,18188,0
2015-04-01,21:00:00,6.83,6.85,6.83,6.83,5612,0
2015-04-01,22:00:00,6.8499,6.8499,6.83,6.83,8415,0
2015-04-02,16:00:00,6.87,6.88,6.87,6.88,1998,0
2015-04-02,17:00:00,6.8801,6.8801,6.88,6.88,5050,0
2015-04-02,18:00:00,6.87,6.89,6.87,6.89,3453,0
2015-04-02,19:00:00,6.89,6.9,6.89,6.89,49646,0
2015-04-02,20:00:00,6.895,6.9299,6.895,6.92,49384,0
2015-04-02,21:00:00,6.91,6.91,6.9,6.9,8300,0
2015-04-02,22:00:00,6.9199,6.92,6.9,6.9,1218,0
2015-04-06,16:00:00,6.92,6.92,6.9001,6.9001,5213,0
2015-04-06,17:00:00,6.9001,6.9001,6.9001,6.9001,54,0
2015-04-06,18:00:00,6.9232,6.9232,6.9,6.92,2203,0
2015-04-06,19:00:00,6.92,6.92,6.88,6.8901,11690,0
2015-04-06,20:00:00,6.89,6.89,6.89,6.89,4490,0
2015-04-06,21:00:00,6.9,6.9,6.87,6.87,7482,0
2015-04-06,22:00:00,6.87,6.87,6.86,6.86,2537,0
2015-04-07,16:00:00,6.86,6.87,6.85,6.8555,3512,0
2015-04-07,17:00:00,6.87,6.87,6.86,6.86,16674,0
2015-04-07,18:00:00,6.87,6.88,6.87,6.88,5765,0
2015-04-07,19:00:00,6.889,6.889,6.88,6.88,15120,0
2015-04-07,20:00:00,6.88,6.88,6.877,6.879,5520,0
2015-04-07,21:00:00,6.86,6.877,6.86,6.877,1501,0
2015-04-07,22:00:00,6.8601,6.88,6.8601,6.87,3715,0
2015-04-08,16:00:00,6.86,6.87,6.86,6.869,1596,0
2015-04-08,17:00:00,6.8699,6.8699,6.86,6.8601,2203,0
2015-04-08,18:00:00,6.86,6.86,6.8498,6.8522,5979,0
2015-04-08,19:00:00,6.8522,6.8522,6.85,6.85,180,0
2015-04-08,20:00:00,6.85,6.859,6.85,6.859,1362,0
2015-04-08,21:00:00,6.8599,6.8599,6.85,6.85,1276,0
2015-04-08,22:00:00,6.852,6.8699,6.85,6.85,10338,0
2015-04-09,16:00:00,6.82,6.82,6.81,6.813,8455,0
2015-04-09,17:00:00,6.8,6.819,6.8,6.8,1710,0
2015-04-09,18:00:00,6.8,6.8,6.79,6.7947,4300,0
2015-04-09,19:00:00,6.7902,6.8399,6.79,6.8399,6100,0
2015-04-09,20:00:00,6.82,6.82,6.8,6.805,20250,0
2015-04-09,21:00:00,6.805,6.807,6.79,6.79,9251,0
2015-04-09,22:00:00,6.8,6.82,6.8,6.8,12289,0
2015-04-10,16:00:00,6.78,6.8,6.78,6.8,2895,0
2015-04-10,17:00:00,6.8,6.8099,6.7801,6.7998,2216,0
2015-04-10,18:00:00,6.79,6.81,6.79,6.81,2834,0
2015-04-10,19:00:00,6.78,6.79,6.7701,6.7814,5067,0
2015-04-10,20:00:00,6.798,6.8,6.78,6.788,3718,0
2015-04-10,21:00:00,6.8,6.81,6.79,6.79,3940,0
2015-04-10,22:00:00,6.81,6.81,6.81,6.81,4240,0
2015-04-13,16:00:00,6.76,6.76,6.75,6.75,6646,0
2015-04-13,17:00:00,6.76,6.76,6.74,6.74,10085,0
2015-04-13,18:00:00,6.74,6.75,6.74,6.75,1116,0
2015-04-13,19:00:00,6.74,6.74,6.73,6.731,1077,0
2015-04-13,20:00:00,6.73,6.74,6.72,6.7265,11041,0
2015-04-13,21:00:00,6.7265,6.7265,6.72,6.72,801,0
2015-04-13,22:00:00,6.72,6.721,6.71,6.71,33041,0
2015-04-14,16:00:00,6.72,6.73,6.71,6.73,3358,0
2015-04-14,17:00:00,6.7399,6.75,6.72,6.73,10423,0
2015-04-14,18:00:00,6.7499,6.7499,6.72,6.72,551,0
2015-04-14,19:00:00,6.72,6.74,6.72,6.73,4317,0
2015-04-14,20:00:00,6.7399,6.75,6.7363,6.739,6639,0
2015-04-14,21:00:00,6.73,6.7314,6.72,6.7314,1080,0
2015-04-14,22:00:00,6.735,6.735,6.72,6.72,763,0
2015-04-15,16:00:00,6.72,6.7401,6.72,6.7401,1414,0
2015-04-15,17:00:00,6.76,6.7699,6.739,6.7699,10239,0
2015-04-15,18:00:00,6.7699,6.77,6.76,6.7609,4471,0
2015-04-15,19:00:00,6.7509,6.77,6.73,6.73,7638,0
2015-04-15,20:00:00,6.73,6.7428,6.73,6.7428,491,0
2015-04-15,21:00:00,6.7428,6.7428,6.72,6.74,951,0
2015-04-15,22:00:00,6.7338,6.7353,6.72,6.72,1519,0
2015-04-16,16:00:00,6.72,6.7302,6.72,6.7302,5057,0
2015-04-16,17:00:00,6.7302,6.7302,6.72,6.73,336,0
2015-04-16,18:00:00,6.7081,6.73,6.7001,6.7248,6352,0
2015-04-16,19:00:00,6.713,6.72,6.704,6.72,13027,0
2015-04-16,20:00:00,6.7226,6.73,6.72,6.73,7150,0
2015-04-16,21:00:00,6.74,6.7499,6.73,6.7499,5157,0
2015-04-16,22:00:00,6.75,6.75,6.73,6.73,10668,0
2015-04-17,16:00:00,6.72,6.75,6.72,6.75,800,0
2015-04-17,17:00:00,6.71,6.74,6.71,6.74,1600,0
2015-04-17,18:00:00,6.74,6.76,6.74,6.74,3568,0
2015-04-17,19:00:00,6.71,6.74,6.71,6.73,7848,0
2015-04-17,20:00:00,6.74,6.74,6.71,6.71,2070,0
2015-04-17,21:00:00,6.7168,6.73,6.71,6.71,4895,0
2015-04-17,22:00:00,6.72,6.7299,6.71,6.71,12741,0
2015-04-20,16:00:00,6.7,6.7199,6.7,6.7073,29279,0
2015-04-20,17:00:00,6.7,6.71,6.69,6.694,4015,0
2015-04-20,18:00:00,6.695,6.71,6.69,6.709,7742,0
2015-04-20,19:00:00,6.7,6.7061,6.6999,6.7036,9226,0
2015-04-20,20:00:00,6.704,6.7062,6.704,6.7062,406,0
2015-04-20,21:00:00,6.7005,6.7028,6.7,6.7,3804,0
2015-04-20,22:00:00,6.7,6.71,6.69,6.71,9165,0
2015-04-21,16:00:00,6.68,6.6968,6.6701,6.6968,5055,0
2015-04-21,17:00:00,6.6776,6.6999,6.6776,6.6855,2232,0
2015-04-21,18:00:00,6.71,6.71,6.69,6.71,7781,0
2015-04-21,19:00:00,6.7099,6.7099,6.6999,6.709,1315,0
2015-04-21,20:00:00,6.7086,6.7086,6.7086,6.7086,287,0
2015-04-21,21:00:00,6.7,6.7,6.68,6.7,11608,0
2015-04-21,22:00:00,6.699,6.699,6.68,6.68,459,0
2015-04-22,16:00:00,6.69,6.7182,6.69,6.7099,9943,0
2015-04-22,17:00:00,6.7,6.7099,6.67,6.6751,4386,0
2015-04-22,18:00:00,6.676,6.69,6.67,6.67,1841,0
2015-04-22,19:00:00,6.685,6.7,6.67,6.7,2400,0
2015-04-22,20:00:00,6.6901,6.71,6.68,6.68,12397,0
2015-04-22,21:00:00,6.7,6.7099,6.6883,6.7099,4450,0
2015-04-22,22:00:00,6.7041,6.71,6.69,6.69,19070,0
2015-04-23,16:00:00,6.72,6.7521,6.72,6.7521,7062,0
2015-04-23,17:00:00,6.7699,6.7999,6.76,6.77,5321,0
2015-04-23,18:00:00,6.79,6.8,6.78,6.8,47133,0
2015-04-23,19:00:00,6.79,6.8,6.79,6.8,1143,0
2015-04-23,20:00:00,6.79,6.8,6.77,6.78,27746,0
2015-04-23,21:00:00,6.7899,6.7899,6.7601,6.7601,3949,0
2015-04-23,22:00:00,6.774,6.78,6.76,6.78,2224,0
2015-04-24,16:00:00,6.76,6.77,6.76,6.76,5485,0
2015-04-24,17:00:00,6.75,6.751,6.7484,6.7484,4662,0
2015-04-24,18:00:00,6.7599,6.76,6.74,6.74,3384,0
2015-04-24,19:00:00,6.762,6.77,6.762,6.77,484,0
2015-04-24,20:00:00,6.7506,6.76,6.75,6.75,1082,0
2015-04-24,21:00:00,6.76,6.76,6.7334,6.7334,7091,0
2015-04-24,22:00:00,6.7301,6.75,6.7301,6.75,4738,0
2015-04-27,16:00:00,6.75,6.75,6.75,6.75,2000,0
2015-04-27,17:00:00,6.73,6.731,6.713,6.713,2864,0
2015-04-27,18:00:00,6.7101,6.7101,6.7101,6.7101,560,0
2015-04-27,19:00:00,6.715,6.73,6.71,6.73,6918,0
2015-04-27,20:00:00,6.703,6.72,6.703,6.71,5017,0
2015-04-27,21:00:00,6.71,6.71,6.69,6.69,10620,0
2015-04-27,22:00:00,6.693,6.7,6.68,6.69,9738,0
2015-04-28,16:00:00,6.72,6.72,6.69,6.7,12600,0
2015-04-28,17:00:00,6.7,6.72,6.7,6.71,8307,0
2015-04-28,18:00:00,6.7,6.7,6.68,6.6915,17470,0
2015-04-28,19:00:00,6.695,6.72,6.695,6.7198,2954,0
2015-04-28,20:00:00,6.73,6.73,6.72,6.72,2515,0
2015-04-28,21:00:00,6.7,6.7,6.6999,6.7,500,0
2015-04-28,22:00:00,6.691,6.7038,6.68,6.69,25488,0
2015-04-29,16:00:00,6.7,6.709,6.7,6.709,2113,0
2015-04-29,17:00:00,6.7,6.7128,6.7,6.7128,792,0
2015-04-29,18:00:00,6.7319,6.739,6.72,6.739,2626,0
2015-04-29,19:00:00,6.7201,6.7201,6.7201,6.7201,1015,0
2015-04-29,20:00:00,6.7351,6.7499,6.7351,6.738,5697,0
2015-04-29,21:00:00,6.7301,6.75,6.7301,6.75,1308,0
2015-04-29,22:00:00,6.768,6.77,6.75,6.75,4106,0
2015-04-30,16:00:00,6.77,6.7802,6.763,6.763,27880,0
2015-04-30,17:00:00,6.7599,6.76,6.75,6.76,6600,0
2015-04-30,18:00:00,6.7498,6.76,6.73,6.74,8267,0
2015-04-30,19:00:00,6.7432,6.7432,6.7115,6.73,9063,0
2015-04-30,20:00:00,6.73,6.73,6.71,6.7101,2322,0
2015-04-30,21:00:00,6.73,6.74,6.72,6.74,7848,0
2015-04-30,22:00:00,6.732,6.74,6.72,6.74,80161,0
2015-05-01,16:00:00,6.7201,6.7499,6.7199,6.7199,921,0
2015-05-01,17:00:00,6.7232,6.7232,6.68,6.69,4170,0
2015-05-01,18:00:00,6.68,6.6885,6.67,6.6774,8930,0
2015-05-01,19:00:00,6.6799,6.6799,6.64,6.67,11637,0
2015-05-01,20:00:00,6.669,6.68,6.669,6.6701,950,0
2015-05-01,21:00:00,6.69,6.7,6.671,6.7,8038,0
2015-05-01,22:00:00,6.68,6.7,6.68,6.7,13068,0
2015-05-04,16:00:00,6.65,6.6732,6.65,6.6649,18926,0
2015-05-04,17:00:00,6.665,6.68,6.665,6.68,43634,0
2015-05-04,18:00:00,6.69,6.7,6.67,6.68,189067,0
2015-05-04,19:00:00,6.67,6.68,6.67,6.67,400,0
2015-05-04,20:00:00,6.6899,6.69,6.67,6.68,2559,0
2015-05-04,21:00:00,6.69,6.69,6.68,6.681,2243,0
2015-05-04,22:00:00,6.68,6.7,6.68,6.69,16952,0
2015-05-05,16:00:00,6.66,6.66,6.66,6.66,1800,0
2015-05-05,17:00:00,6.663,6.68,6.66,6.68,2071,0
2015-05-05,18:00:00,6.68,6.68,6.6616,6.6632,7167,0
2015-05-05,19:00:00,6.66,6.667,6.66,6.667,9019,0
2015-05-05,20:00:00,6.68,6.69,6.68,6.69,3003,0
2015-05-05,21:00:00,6.6999,6.6999,6.6999,6.6999,300,0
2015-05-05,22:00:00,6.688,6.7,6.68,6.6801,4424,0
2015-05-06,16:00:00,6.71,6.71,6.69,6.69,4673,0
2015-05-06,17:00:00,6.72,6.75,6.71,6.749,11861,0
2015-05-06,18:00:00,6.74,6.75,6.71,6.71,2938,0
2015-05-06,19:00:00,6.71,6.72,6.71,6.72,5800,0
2015-05-06,20:00:00,6.7,6.7299,6.7,6.72,7911,0
2015-05-06,21:00:00,6.71,6.7155,6.71,6.7101,6353,0
2015-05-06,22:00:00,6.71,6.7176,6.71,6.71,5915,0
2015-05-07,16:00:00,6.7,6.7,6.67,6.67,4562,0
2015-05-07,17:00:00,6.67,6.68,6.67,6.68,2500,0
2015-05-07,18:00:00,6.68,6.6899,6.66,6.66,2758,0
2015-05-07,19:00:00,6.6601,6.665,6.651,6.651,3850,0
2015-05-07,20:00:00,6.66,6.66,6.657,6.657,1600,0
2015-05-07,21:00:00,6.66,6.66,6.65,6.65,1350,0
2015-05-07,22:00:00,6.6501,6.6599,6.65,6.65,3895,0
2015-05-08,16:00:00,6.67,6.71,6.67,6.7,4082,0
2015-05-08,17:00:00,6.673,6.68,6.673,6.68,1250,0
2015-05-08,18:00:00,6.698,6.72,6.69,6.7124,11985,0
2015-05-08,19:00:00,6.7062,6.71,6.7,6.7099,1525,0
2015-05-08,20:00:00,6.698,6.698,6.698,6.698,165,0
2015-05-08,21:00:00,6.71,6.72,6.71,6.72,3400,0
2015-05-08,22:00:00,6.72,6.7332,6.72,6.72,68631,0
2015-05-11,16:00:00,6.74,6.74,6.71,6.7169,8240,0
2015-05-11,17:00:00,6.71,6.71,6.7,6.71,14210,0
2015-05-11,18:00:00,6.718,6.718,6.718,6.718,200,0
2015-05-11,19:00:00,6.7116,6.7116,6.7,6.7,9050,0
2015-05-11,20:00:00,6.71,6.71,6.7,6.7,1180,0
2015-05-11,21:00:00,6.7001,6.707,6.7001,6.704,1807,0
2015-05-11,22:00:00,6.7099,6.7099,6.7,6.7,4618,0
2015-05-12,16:00:00,6.68,6.7049,6.68,6.7049,4322,0
2015-05-12,17:00:00,6.7,6.74,6.7,6.74,1084,0
2015-05-12,18:00:00,6.7399,6.74,6.7252,6.7252,8820,0
2015-05-12,19:00:00,6.72,6.72,6.6801,6.6801,12856,0
2015-05-12,20:00:00,6.71,6.71,6.7,6.7001,10500,0
2015-05-12,21:00:00,6.69,6.7,6.69,6.7,3613,0
2015-05-12,22:00:00,6.69,6.7,6.69,6.69,1286,0
2015-05-13,16:00:00,6.7,6.7198,6.689,6.689,7758,0
2015-05-13,17:00:00,6.67,6.67,6.65,6.67,6783,0
2015-05-13,18:00:00,6.659,6.6699,6.65,6.6695,1600,0
2015-05-13,19:00:00,6.6576,6.6776,6.6576,6.6776,6009,0
2015-05-13,20:00:00,6.6591,6.68,6.6591,6.6799,4530,0
2015-05-13,21:00:00,6.6799,6.69,6.6799,6.69,1750,0
2015-05-13,22:00:00,6.69,6.7,6.68,6.68,11696,0
2015-05-14,16:00:00,6.71,6.74,6.71,6.74,34581,0
2015-05-14,17:00:00,6.746,6.7599,6.74,6.7584,8900,0
2015-05-14,18:00:00,6.75,6.78,6.75,6.7799,19250,0
2015-05-14,19:00:00,6.77,6.79,6.77,6.79,1746,0
2015-05-14,20:00:00,6.78,6.8168,6.78,6.8146,11205,0
2015-05-14,21:00:00,6.82,6.82,6.81,6.8199,119907,0
2015-05-14,22:00:00,6.82,6.83,6.81,6.83,14262,0
2015-05-15,16:00:00,6.82,6.83,6.7834,6.82,28225,0
2015-05-15,17:00:00,6.82,6.84,6.81,6.82,47300,0
2015-05-15,18:00:00,6.82,6.82,6.79,6.81,46573,0
2015-05-15,19:00:00,6.81,6.81,6.7795,6.7795,1840,0
2015-05-15,20:00:00,6.7812,6.798,6.7701,6.7701,1446,0
2015-05-15,21:00:00,6.79,6.81,6.7851,6.7876,4102,0
2015-05-15,22:00:00,6.8,6.8,6.7897,6.8,7225,0
2015-05-18,16:00:00,6.84,6.84,6.8259,6.8259,2400,0
2015-05-18,17:00:00,6.82,6.83,6.816,6.816,4250,0
2015-05-18,18:00:00,6.81,6.84,6.81,6.82,3426,0
2015-05-18,19:00:00,6.82,6.83,6.82,6.82,1963,0
2015-05-18,20:00:00,6.82,6.83,6.82,6.821,1369,0
2015-05-18,21:00:00,6.82,6.82,6.81,6.81,3805,0
2015-05-18,22:00:00,6.81,6.83,6.81,6.83,3950,0
2015-05-19,16:00:00,6.78,6.78,6.73,6.73,21619,0
2015-05-19,17:00:00,6.743,6.7499,6.73,6.73,6500,0
2015-05-19,18:00:00,6.72,6.7368,6.72,6.7283,8488,0
2015-05-19,20:00:00,6.7401,6.742,6.74,6.741,3200,0
2015-05-19,21:00:00,6.7402,6.741,6.74,6.74,8280,0
2015-05-19,22:00:00,6.7598,6.7599,6.74,6.74,9088,0
2015-05-20,16:00:00,6.71,6.71,6.6901,6.6901,12536,0
2015-05-20,17:00:00,6.7172,6.732,6.71,6.732,6402,0
2015-05-20,18:00:00,6.7398,6.7398,6.71,6.722,3940,0
2015-05-20,19:00:00,6.71,6.7299,6.71,6.7299,1100,0
2015-05-20,20:00:00,6.71,6.73,6.71,6.71,2000,0
2015-05-20,21:00:00,6.727,6.74,6.71,6.74,13600,0
2015-05-20,22:00:00,6.72,6.74,6.72,6.72,8258,0
2015-05-21,16:00:00,6.74,6.74,6.74,6.74,538,0
2015-05-21,17:00:00,6.75,6.76,6.75,6.76,800,0
2015-05-21,18:00:00,6.75,6.75,6.74,6.74,2500,0
2015-05-21,19:00:00,6.74,6.76,6.74,6.75,2650,0
2015-05-21,20:00:00,6.75,6.76,6.75,6.7549,3144,0
2015-05-21,21:00:00,6.75,6.76,6.74,6.7599,26672,0
2015-05-21,22:00:00,6.746,6.75,6.74,6.74,8662,0
2015-05-22,16:00:00,6.75,6.7599,6.75,6.7599,3274,0
2015-05-22,17:00:00,6.7299,6.73,6.71,6.71,2065,0
2015-05-22,18:00:00,6.7,6.7,6.69,6.69,4160,0
2015-05-22,19:00:00,6.6999,6.6999,6.69,6.69,1200,0
2015-05-22,20:00:00,6.69,6.6961,6.69,6.69,600,0
2015-05-22,21:00:00,6.6901,6.6901,6.6899,6.6899,401,0
2015-05-22,22:00:00,6.68,6.6844,6.68,6.68,2003,0
2015-05-26,16:00:00,6.67,6.67,6.66,6.66,3235,0
2015-05-26,17:00:00,6.6729,6.6729,6.66,6.66,1040,0
2015-05-26,18:00:00,6.65,6.65,6.62,6.62,24881,0
2015-05-26,19:00:00,6.63,6.63,6.62,6.63,600,0
2015-05-26,20:00:00,6.6162,6.6162,6.61,6.61,2500,0
2015-05-26,21:00:00,6.618,6.6199,6.6,6.6,43170,0
2015-05-26,22:00:00,6.6,6.6099,6.6,6.6,11699,0
2015-05-27,16:00:00,6.59,6.6,6.58,6.58,3600,0
2015-05-27,18:00:00,6.5999,6.6,6.58,6.58,3137,0
2015-05-27,19:00:00,6.58,6.5801,6.58,6.58,3164,0
2015-05-27,20:00:00,6.58,6.59,6.58,6.58,2100,0
2015-05-27,21:00:00,6.58,6.59,6.56,6.57,12132,0
2015-05-27,22:00:00,6.57,6.57,6.56,6.56,2415,0
2015-05-28,16:00:00,6.58,6.58,6.57,6.57,2432,0
2015-05-28,17:00:00,6.58,6.59,6.58,6.59,49600,0
2015-05-28,18:00:00,6.595,6.6,6.595,6.6,400,0
2015-05-28,19:00:00,6.58,6.58,6.58,6.58,3880,0
2015-05-28,20:00:00,6.6,6.61,6.6,6.6,700,0
2015-05-28,21:00:00,6.6,6.61,6.6,6.61,4700,0
2015-05-28,22:00:00,6.61,6.6243,6.61,6.62,8055,0
2015-05-29,16:00:00,6.63,6.63,6.63,6.63,2228,0
2015-05-29,17:00:00,6.6401,6.66,6.63,6.63,1654,0
2015-05-29,18:00:00,6.6201,6.64,6.62,6.64,2421,0
2015-05-29,19:00:00,6.62,6.62,6.61,6.61,2084,0
2015-05-29,20:00:00,6.6,6.6,6.6,6.6,300,0
2015-05-29,21:00:00,6.5901,6.6099,6.59,6.6038,5772,0
2015-05-29,22:00:00,6.6045,6.61,6.6,6.61,1262,0
2015-06-01,16:00:00,6.63,6.6398,6.63,6.6398,232,0
2015-06-01,17:00:00,6.64,6.68,6.64,6.66,48171,0
2015-06-01,18:00:00,6.6699,6.6699,6.65,6.65,305,0
2015-06-01,19:00:00,6.6602,6.6732,6.6602,6.671,2450,0
2015-06-01,20:00:00,6.6756,6.6799,6.673,6.6756,2569,0
2015-06-01,21:00:00,6.6644,6.67,6.6601,6.6656,3169,0
2015-06-01,22:00:00,6.66,6.66,6.66,6.66,3800,0
2015-06-02,16:00:00,6.7,6.73,6.7,6.715,4574,0
2015-06-02,17:00:00,6.7101,6.7101,6.71,6.71,2250,0
2015-06-02,18:00:00,6.72,6.72,6.72,6.72,300,0
2015-06-02,20:00:00,6.7201,6.74,6.7201,6.7301,3097,0
2015-06-02,21:00:00,6.7301,6.742,6.7301,6.742,1928,0
2015-06-02,22:00:00,6.75,6.75,6.7449,6.7449,2370,0
2015-06-03,16:00:00,6.76,6.77,6.7599,6.765,4234,0
2015-06-03,17:00:00,6.77,6.78,6.76,6.78,6211,0
2015-06-03,18:00:00,6.8,6.81,6.79,6.81,19673,0
2015-06-03,19:00:00,6.7801,6.7801,6.77,6.7799,1729,0
2015-06-03,20:00:00,6.75,6.75,6.75,6.75,6000,0
2015-06-03,21:00:00,6.768,6.768,6.76,6.76,2250,0
2015-06-03,22:00:00,6.7542,6.768,6.75,6.75,2963,0
2015-06-04,16:00:00,6.76,6.761,6.76,6.761,850,0
2015-06-04,17:00:00,6.8,6.8,6.8,6.8,350,0
2015-06-04,18:00:00,6.79,6.8001,6.79,6.8,2500,0
2015-06-04,19:00:00,6.8025,6.82,6.8025,6.8144,3701,0
2015-06-04,20:00:00,6.8101,6.8101,6.81,6.81,1350,0
2015-06-04,21:00:00,6.8001,6.8099,6.8,6.8,11090,0
2015-06-04,22:00:00,6.8,6.8027,6.8,6.8,1380,0
2015-06-05,16:00:00,6.77,6.8103,6.77,6.8103,4625,0
2015-06-05,17:00:00,6.8199,6.84,6.8199,6.82,5575,0
2015-06-05,18:00:00,6.82,6.82,6.805,6.805,12598,0
2015-06-05,19:00:00,6.82,6.82,6.81,6.81,1600,0
2015-06-05,20:00:00,6.81,6.81,6.78,6.78,400,0
2015-06-05,21:00:00,6.782,6.7886,6.782,6.7886,399,0
2015-06-05,22:00:00,6.8,6.8,6.78,6.78,5470,0
2015-06-08,16:00:00,6.8,6.8301,6.8,6.8301,31382,0
2015-06-08,17:00:00,6.83,6.8301,6.825,6.825,1700,0
2015-06-08,18:00:00,6.827,6.827,6.827,6.827,250,0
2015-06-08,19:00:00,6.839,6.839,6.83,6.83,4662,0
2015-06-08,20:00:00,6.84,6.8596,6.84,6.8596,7300,0
2015-06-08,21:00:00,6.85,6.85,6.8401,6.8401,5900,0
2015-06-08,22:00:00,6.85,6.85,6.84,6.85,2381,0
2015-06-09,16:00:00,6.84,6.8701,6.84,6.87,8401,0
2015-06-09,17:00:00,6.87,6.88,6.87,6.88,11421,0
2015-06-09,18:00:00,6.8604,6.8799,6.8604,6.87,4000,0
2015-06-09,19:00:00,6.8799,6.88,6.862,6.8701,13380,0
2015-06-09,20:00:00,6.88,6.89,6.87,6.878,3500,0
2015-06-09,21:00:00,6.87,6.87,6.85,6.85,53674,0
2015-06-09,22:00:00,6.86,6.87,6.85,6.87,7789,0
2015-06-10,16:00:00,6.89,6.9,6.89,6.9,4104,0
2015-06-10,17:00:00,6.85,6.85,6.83,6.83,27491,0
2015-06-10,18:00:00,6.83,6.83,6.83,6.83,38746,0
2015-06-10,19:00:00,6.83,6.85,6.8,6.83,29525,0
2015-06-10,20:00:00,6.83,6.83,6.8,6.82,13607,0
2015-06-10,21:00:00,6.81,6.83,6.79,6.8,15345,0
2015-06-10,22:00:00,6.8,6.818,6.8,6.8,17666,0
2015-06-11,16:00:00,6.76,6.76,6.76,6.76,388,0
2015-06-11,17:00:00,6.76,6.76,6.75,6.75,1400,0
2015-06-11,18:00:00,6.74,6.7464,6.7301,6.7301,2800,0
2015-06-11,20:00:00,6.72,6.728,6.71,6.71,7465,0
2015-06-11,21:00:00,6.71,6.711,6.71,6.711,4640,0
2015-06-11,22:00:00,6.71,6.724,6.71,6.71,8466,0
2015-06-12,16:00:00,6.71,6.7208,6.71,6.7208,3257,0
2015-06-12,17:00:00,6.7249,6.7249,6.7249,6.7249,700,0
2015-06-12,18:00:00,6.72,6.72,6.72,6.72,250,0
2015-06-12,19:00:00,6.711,6.715,6.711,6.7143,612,0
2015-06-12,20:00:00,6.705,6.705,6.705,6.705,216,0
2015-06-12,22:00:00,6.7,6.7,6.7,6.7,1139,0
2015-06-15,16:00:00,6.68,6.68,6.64,6.64,15339,0
2015-06-15,17:00:00,6.63,6.6332,6.63,6.6332,1700,0
2015-06-15,18:00:00,6.6201,6.6201,6.62,6.62,1185,0
2015-06-15,20:00:00,6.62,6.62,6.62,6.62,512,0
2015-06-15,21:00:00,6.6201,6.6201,6.6201,6.6201,100,0
2015-06-15,22:00:00,6.6262,6.63,6.62,6.62,12000,0
2015-06-16,16:00:00,6.64,6.64,6.63,6.64,12999,0
2015-06-16,17:00:00,6.65,6.66,6.64,6.65,600,0
2015-06-16,18:00:00,6.66,6.68,6.64,6.6606,4307,0
2015-06-16,19:00:00,6.67,6.68,6.66,6.68,10900,0
2015-06-16,20:00:00,6.68,6.69,6.66,6.68,5216,0
2015-06-16,21:00:00,6.69,6.7,6.68,6.7,1190,0
2015-06-16,22:00:00,6.698,6.7,6.68,6.69,37810,0
2015-06-17,16:00:00,6.74,6.74,6.6101,6.73,21243,0
2015-06-17,17:00:00,6.734,6.74,6.73,6.74,17589,0
2015-06-17,18:00:00,6.74,6.74,6.7155,6.74,30787,0
2015-06-17,19:00:00,6.732,6.74,6.716,6.74,1164,0
2015-06-17,20:00:00,6.73,6.734,6.7,6.72,5925,0
2015-06-17,21:00:00,6.71,6.74,6.7055,6.74,3765,0
2015-06-17,22:00:00,6.74,6.74,6.71,6.74,18678,0
2015-06-18,16:00:00,6.69,6.69,6.69,6.69,100,0
2015-06-18,17:00:00,6.73,6.74,6.73,6.74,1800,0
2015-06-18,18:00:00,6.73,6.73,6.71,6.73,3986,0
2015-06-18,19:00:00,6.71,6.73,6.71,6.73,6297,0
2015-06-18,20:00:00,6.73,6.74,6.72,6.72,400,0
2015-06-18,21:00:00,6.72,6.72,6.72,6.72,300,0
2015-06-18,22:00:00,6.72,6.72,6.7101,6.7105,1445,0
2015-06-19,16:00:00,6.67,6.68,6.67,6.68,3331,0
2015-06-19,17:00:00,6.6761,6.6761,6.66,6.66,3335,0
2015-06-19,18:00:00,6.66,6.66,6.652,6.652,850,0
2015-06-19,19:00:00,6.679,6.689,6.67,6.67,3821,0
2015-06-19,20:00:00,6.689,6.6896,6.68,6.6896,1042,0
2015-06-19,21:00:00,6.68,6.686,6.68,6.686,1285,0
2015-06-19,22:00:00,6.68,6.6927,6.68,6.69,2700,0
2015-06-22,16:00:00,6.7,6.7,6.7,6.7,2000,0
2015-06-22,17:00:00,6.7,6.71,6.7,6.71,980,0
2015-06-22,18:00:00,6.7425,6.76,6.7425,6.76,1778,0
2015-06-22,19:00:00,6.75,6.75,6.75,6.75,6300,0
2015-06-22,20:00:00,6.766,6.766,6.766,6.766,1000,0
2015-06-22,21:00:00,6.77,6.77,6.76,6.76,10400,0
2015-06-22,22:00:00,6.767,6.77,6.76,6.77,2944,0
2015-06-23,16:00:00,6.79,6.8,6.79,6.8,2900,0
2015-06-23,17:00:00,6.829,6.8299,6.78,6.78,24199,0
2015-06-23,18:00:00,6.78,6.79,6.78,6.79,9100,0
2015-06-23,19:00:00,6.7701,6.8,6.77,6.8,1590,0
2015-06-23,20:00:00,6.788,6.788,6.788,6.788,176,0
2015-06-23,21:00:00,6.8,6.83,6.8,6.8299,18896,0
2015-06-23,22:00:00,6.81,6.83,6.81,6.81,48160,0
2015-06-24,16:00:00,6.8,6.86,6.8,6.83,11735,0
2015-06-24,17:00:00,6.83,6.87,6.83,6.86,2200,0
2015-06-24,18:00:00,6.86,6.87,6.84,6.87,5100,0
2015-06-24,19:00:00,6.86,6.88,6.86,6.88,5400,0
2015-06-24,20:00:00,6.88,6.89,6.87,6.87,1400,0
2015-06-24,21:00:00,6.86,6.86,6.85,6.86,2100,0
2015-06-24,22:00:00,6.86,6.86,6.85,6.85,5824,0
2015-06-25,16:00:00,6.84,6.86,6.84,6.86,3530,0
2015-06-25,17:00:00,6.8501,6.88,6.8501,6.8701,3354,0
2015-06-25,18:00:00,6.87,6.88,6.87,6.875,2400,0
2015-06-25,19:00:00,6.8873,6.89,6.8873,6.89,1200,0
2015-06-25,20:00:00,6.8963,6.9001,6.8963,6.9,3706,0
2015-06-25,21:00:00,6.9,6.91,6.9,6.9,9706,0
2015-06-25,22:00:00,6.91,6.92,6.9,6.9,9235,0
2015-06-26,16:00:00,7.03,7.07,7.03,7.03,13658,0
2015-06-26,17:00:00,7.02,7.05,7.001,7.0339,9899,0
2015-06-26,18:00:00,7.02,7.03,7.02,7.03,2900,0
2015-06-26,19:00:00,7.0399,7.05,7.03,7.04,8280,0
2015-06-26,20:00:00,7.04,7.06,7.04,7.04,10116,0
2015-06-26,21:00:00,7.05,7.06,7.03,7.05,5300,0
2015-06-26,22:00:00,7.03,7.05,7.03,7.03,48052,0
2015-06-29,16:00:00,7.09,7.1,7.07,7.1,7540,0
2015-06-29,17:00:00,7.0995,7.11,7.0955,7.11,25328,0
2015-06-29,18:00:00,7.1001,7.12,7.1,7.102,10500,0
2015-06-29,19:00:00,7.1199,7.1199,7.09,7.09,7360,0
2015-06-29,20:00:00,7.09,7.09,7.068,7.068,4252,0
2015-06-29,21:00:00,7.067,7.07,7.05,7.0501,11683,0
2015-06-29,22:00:00,7.06,7.0699,7.05,7.05,16246,0
2015-06-30,16:00:00,7.06,7.08,7.06,7.0799,8527,0
2015-06-30,17:00:00,7.06,7.07,7.06,7.06,13700,0
2015-06-30,18:00:00,7.0669,7.0669,7.0501,7.0501,4099,0
2015-06-30,19:00:00,7.06,7.24,7.06,7.2001,12210,0
2015-06-30,20:00:00,7.1923,7.26,7.18,7.24,24222,0
2015-06-30,21:00:00,7.24,7.2899,7.1551,7.2899,3020,0
2015-06-30,22:00:00,7.281,7.3,7.2008,7.26,451202,0
2015-07-01,16:00:00,7.25,7.25,7.2101,7.2497,2102,0
2015-07-01,17:00:00,7.24,7.24,7.24,7.24,2846,0
2015-07-01,18:00:00,7.2101,7.2199,7.17,7.17,2071,0
2015-07-01,19:00:00,7.1601,7.1732,7.16,7.161,4220,0
2015-07-01,20:00:00,7.1671,7.1671,7.16,7.1601,883,0
2015-07-01,21:00:00,7.16,7.24,7.16,7.23,528556,0
2015-07-01,22:00:00,7.23,7.23,7.22,7.23,17209,0
2015-07-02,16:00:00,7.19,7.21,7.18,7.2,10498,0
2015-07-02,17:00:00,7.2,7.23,7.2,7.23,3600,0
2015-07-02,18:00:00,7.26,7.26,7.2301,7.2517,2038,0
2015-07-02,19:00:00,7.26,7.29,7.26,7.28,3127,0
2015-07-02,20:00:00,7.26,7.26,7.2245,7.25,9148,0
2015-07-02,21:00:00,7.25,7.25,7.2201,7.25,2336,0
2015-07-02,22:00:00,7.25,7.25,7.233,7.249,5595,0
2015-07-06,16:00:00,7.14,7.171,7.14,7.171,11495,0
2015-07-06,17:00:00,7.162,7.182,7.162,7.18,3395,0
2015-07-06,18:00:00,7.18,7.2064,7.18,7.2064,2490,0
2015-07-06,19:00:00,7.2,7.22,7.2,7.22,1100,0
2015-07-06,20:00:00,7.21,7.23,7.2001,7.2001,2009,0
2015-07-06,21:00:00,7.2,7.21,7.19,7.198,19490,0
2015-07-06,22:00:00,7.1901,7.208,7.19,7.19,6503,0
2015-07-07,16:00:00,7.18,7.18,7.128,7.13,7315,0
2015-07-07,17:00:00,7.13,7.13,7.08,7.0812,28280,0
2015-07-07,18:00:00,7.0844,7.1,7.0736,7.1,3073,0
2015-07-07,19:00:00,7.1101,7.124,7.11,7.124,4700,0
2015-07-07,20:00:00,7.13,7.13,7.1115,7.1213,5632,0
2015-07-07,21:00:00,7.1202,7.13,7.1202,7.1281,3500,0
2015-07-07,22:00:00,7.11,7.13,7.11,7.11,104271,0
2015-07-08,16:00:00,7.06,7.114,7.06,7.1,17946,0
2015-07-08,17:00:00,7.12,7.14,7.107,7.107,2750,0
2015-07-08,18:00:00,7.12,7.12,7.09,7.0998,1367,0
2015-07-08,19:00:00,7.09,7.1,7.09,7.1,2700,0
2015-07-08,20:00:00,7.09,7.099,7.08,7.08,1300,0
2015-07-08,21:00:00,7.08,7.0899,7.07,7.0701,4710,0
2015-07-08,22:00:00,7.07,7.09,7.07,7.07,15567,0
2015-07-09,16:00:00,7.15,7.15,7.121,7.1372,5304,0
2015-07-09,17:00:00,7.1499,7.1499,7.11,7.1187,5493,0
2015-07-09,18:00:00,7.13,7.15,7.13,7.15,2531,0
2015-07-09,19:00:00,7.15,7.15,7.14,7.14,18103,0
2015-07-09,20:00:00,7.14,7.14,7.14,7.14,2240,0
2015-07-09,21:00:00,7.12,7.12,7.12,7.12,300,0
2015-07-09,22:00:00,7.12,7.12,7.12,7.12,763,0
2015-07-10,16:00:00,7.16,7.16,7.16,7.16,15496,0
2015-07-10,17:00:00,7.189,7.19,7.18,7.18,17313,0
2015-07-10,18:00:00,7.19,7.19,7.18,7.19,1896,0
2015-07-10,19:00:00,7.18,7.22,7.11,7.1899,8945,0
2015-07-10,20:00:00,7.19,7.19,7.1677,7.17,4400,0
2015-07-10,21:00:00,7.17,7.17,7.14,7.16,6650,0
2015-07-10,22:00:00,7.1581,7.17,7.14,7.16,3264,0
2015-07-13,16:00:00,7.18,7.18,7.11,7.1499,3070,0
2015-07-13,17:00:00,7.15,7.15,7.1301,7.15,2300,0
2015-07-13,18:00:00,7.15,7.17,7.15,7.17,3400,0
2015-07-13,19:00:00,7.17,7.17,7.16,7.17,1305,0
2015-07-13,20:00:00,7.17,7.18,7.156,7.18,5610,0
2015-07-13,21:00:00,7.1633,7.18,7.1501,7.18,5901,0
2015-07-13,22:00:00,7.18,7.18,7.1673,7.17,1767,0
2015-07-14,16:00:00,7.17,7.19,7.17,7.185,21024,0
2015-07-14,17:00:00,7.17,7.17,7.16,7.16,12815,0
2015-07-14,18:00:00,7.17,7.17,7.15,7.17,3342,0
2015-07-14,19:00:00,7.17,7.17,7.14,7.17,6840,0
2015-07-14,20:00:00,7.16,7.17,7.16,7.16,1600,0
2015-07-14,21:00:00,7.16,7.16,7.14,7.15,9799,0
2015-07-14,22:00:00,7.1499,7.15,7.13,7.13,27084,0
2015-07-15,16:00:00,7.08,7.1,7.08,7.1,2355,0
2015-07-15,17:00:00,7.1,7.12,7.1,7.11,3250,0
2015-07-15,18:00:00,7.1,7.11,7.0801,7.1,5688,0
2015-07-15,19:00:00,7.08,7.09,7.05,7.07,7302,0
2015-07-15,20:00:00,7.057,7.1,7.05,7.1,10598,0
2015-07-15,21:00:00,7.1,7.1,7.0706,7.071,8502,0
2015-07-15,22:00:00,7.1,7.1,7.0701,7.1,3103,0
2015-07-16,16:00:00,7.11,7.1397,7.1061,7.1061,16550,0
2015-07-16,17:00:00,7.11,7.12,7.1,7.11,1350,0
2015-07-16,18:00:00,7.11,7.11,7.08,7.08,4300,0
2015-07-16,19:00:00,7.06,7.0799,7.06,7.0799,3540,0
2015-07-16,20:00:00,7.06,7.0718,7.06,7.06,1900,0
2015-07-16,21:00:00,7.07,7.0799,7.05,7.05,3265,0
2015-07-16,22:00:00,7.04,7.05,7.04,7.041,9882,0
2015-07-17,16:00:00,7.02,7.02,6.98,6.9906,10378,0
2015-07-17,17:00:00,6.9963,7,6.99,6.99,6411,0
2015-07-17,18:00:00,7,7,6.98,7,1366,0
2015-07-17,19:00:00,6.996,6.996,6.996,6.996,185,0
2015-07-17,20:00:00,6.9962,6.9962,6.98,6.98,31568,0
2015-07-17,22:00:00,6.99,7,6.99,6.99,19133,0
2015-07-20,16:00:00,6.9105,6.92,6.91,6.92,1380,0
2015-07-20,17:00:00,6.92,6.92,6.9,6.9109,11352,0
2015-07-20,18:00:00,6.9101,6.9399,6.91,6.9285,20057,0
2015-07-20,19:00:00,6.9,6.9,6.89,6.89,6209,0
2015-07-20,20:00:00,6.8902,6.91,6.8902,6.9052,3080,0
2015-07-20,21:00:00,6.87,6.89,6.87,6.89,10978,0
2015-07-20,22:00:00,6.87,6.89,6.87,6.871,4980,0
2015-07-21,16:00:00,6.85,6.87,6.85,6.87,19074,0
2015-07-21,17:00:00,6.89,6.9,6.87,6.87,9700,0
2015-07-21,18:00:00,6.8891,6.9,6.87,6.89,5440,0
2015-07-21,19:00:00,6.89,6.89,6.87,6.89,6634,0
2015-07-21,20:00:00,6.8701,6.89,6.86,6.87,14593,0
2015-07-21,21:00:00,6.87,6.87,6.87,6.87,5200,0
2015-07-21,22:00:00,6.87,6.87,6.85,6.85,8800,0
2015-07-22,16:00:00,6.82,6.84,6.8001,6.84,8136,0
2015-07-22,17:00:00,6.8359,6.861,6.8359,6.861,12340,0
2015-07-22,18:00:00,6.87,6.87,6.8401,6.8401,4320,0
2015-07-22,19:00:00,6.8401,6.86,6.84,6.86,4780,0
2015-07-22,20:00:00,6.82,6.8332,6.82,6.821,418,0
2015-07-22,21:00:00,6.8222,6.8222,6.81,6.8101,3000,0
2015-07-22,22:00:00,6.81,6.8199,6.81,6.81,18221,0
2015-07-23,16:00:00,6.82,6.8201,6.81,6.8201,8417,0
2015-07-23,17:00:00,6.8201,6.83,6.82,6.82,9673,0
2015-07-23,18:00:00,6.82,6.82,6.8,6.8,3900,0
2015-07-23,19:00:00,6.8004,6.81,6.8,6.81,6660,0
2015-07-23,20:00:00,6.8,6.81,6.79,6.81,26971,0
2015-07-23,21:00:00,6.817,6.8199,6.817,6.8199,2968,0
2015-07-23,22:00:00,6.8,6.81,6.8,6.8,17592,0
2015-07-24,16:00:00,6.78,6.78,6.78,6.78,100,0
2015-07-24,17:00:00,6.7627,6.7627,6.711,6.711,9530,0
2015-07-24,18:00:00,6.71,6.73,6.71,6.73,113054,0
2015-07-24,19:00:00,6.7301,6.7699,6.7248,6.7248,3715,0
2015-07-24,20:00:00,6.721,6.74,6.72,6.72,5917,0
2015-07-24,21:00:00,6.737,6.737,6.714,6.7199,2566,0
2015-07-24,22:00:00,6.71,6.72,6.71,6.71,25057,0
2015-07-27,16:00:00,6.64,6.6571,6.64,6.6571,3980,0
2015-07-27,17:00:00,6.6538,6.66,6.62,6.62,8626,0
2015-07-27,18:00:00,6.62,6.62,6.6,6.6133,2070,0
2015-07-27,19:00:00,6.6,6.601,6.59,6.591,4380,0
2015-07-27,20:00:00,6.6,6.6,6.58,6.592,2900,0
2015-07-27,21:00:00,6.58,6.5899,6.58,6.58,2620,0
2015-07-27,22:00:00,6.586,6.586,6.57,6.57,7700,0
2015-07-28,16:00:00,6.6,6.6,6.6,6.6,6008,0
2015-07-28,17:00:00,6.6,6.625,6.6,6.625,55552,0
2015-07-28,18:00:00,6.63,6.63,6.61,6.61,3458,0
2015-07-28,19:00:00,6.61,6.6162,6.61,6.61,6100,0
2015-07-28,20:00:00,6.61,6.61,6.6,6.61,400,0
2015-07-28,21:00:00,6.623,6.64,6.622,6.634,2511,0
2015-07-28,22:00:00,6.632,6.6351,6.63,6.63,7715,0
2015-07-29,16:00:00,6.61,6.62,6.61,6.62,400,0
2015-07-29,17:00:00,6.638,6.64,6.61,6.628,18772,0
2015-07-29,18:00:00,6.61,6.63,6.61,6.61,10706,0
2015-07-29,19:00:00,6.61,6.61,6.59,6.6,8199,0
2015-07-29,20:00:00,6.608,6.618,6.6,6.6035,5363,0
2015-07-29,21:00:00,6.59,6.59,6.58,6.59,2100,0
2015-07-29,22:00:00,6.58,6.5814,6.58,6.58,1487,0
2015-07-30,16:00:00,6.64,6.64,6.62,6.64,4030,0
2015-07-30,17:00:00,6.6,6.62,6.6,6.62,10601,0
2015-07-30,18:00:00,6.63,6.65,6.63,6.6398,2900,0
2015-07-30,19:00:00,6.61,6.6143,6.61,6.61,10916,0
2015-07-30,20:00:00,6.61,6.61,6.61,6.61,300,0
2015-07-30,21:00:00,6.61,6.6168,6.61,6.61,1660,0
2015-07-30,22:00:00,6.6299,6.6299,6.61,6.61,5053,0
2015-07-31,16:00:00,6.6499,6.6499,6.6,6.61,4750,0
2015-07-31,17:00:00,6.63,6.63,6.6,6.6,3445,0
2015-07-31,18:00:00,6.61,6.6176,6.6001,6.61,3931,0
2015-07-31,19:00:00,6.61,6.61,6.581,6.581,9000,0
2015-07-31,20:00:00,6.581,6.6,6.58,6.6,7053,0
2015-07-31,21:00:00,6.5976,6.5976,6.576,6.576,2762,0
2015-07-31,22:00:00,6.579,6.5799,6.57,6.57,4177,0
2015-08-03,16:00:00,6.54,6.54,6.5358,6.538,7376,0
2015-08-03,17:00:00,6.53,6.57,6.52,6.57,5402,0
2015-08-03,18:00:00,6.567,6.58,6.56,6.56,62802,0
2015-08-03,19:00:00,6.5732,6.5798,6.56,6.57,5876,0
2015-08-03,20:00:00,6.56,6.58,6.555,6.57,4653,0
2015-08-03,21:00:00,6.58,6.58,6.56,6.56,9517,0
2015-08-03,22:00:00,6.56,6.578,6.56,6.56,7110,0
2015-08-04,16:00:00,6.58,6.583,6.58,6.583,13994,0
2015-08-04,17:00:00,6.5825,6.5825,6.5825,6.5825,200,0
2015-08-04,18:00:00,6.5996,6.6098,6.59,6.591,1269,0
2015-08-04,19:00:00,6.5968,6.6023,6.59,6.59,3360,0
2015-08-04,21:00:00,6.57,6.57,6.56,6.57,393862,0
2015-08-04,22:00:00,6.58,6.583,6.57,6.583,6100,0
2015-08-05,16:00:00,6.59,6.59,6.59,6.59,642,0
2015-08-05,17:00:00,6.595,6.6032,6.595,6.6032,294,0
2015-08-05,18:00:00,6.59,6.6199,6.59,6.6099,18206,0
2015-08-05,19:00:00,6.592,6.595,6.592,6.592,1000,0
2015-08-05,20:00:00,6.59,6.59,6.59,6.59,500,0
2015-08-05,21:00:00,6.591,6.6,6.5901,6.6,7045,0
2015-08-05,22:00:00,6.591,6.5951,6.59,6.59,5661,0
2015-08-06,16:00:00,6.6,6.6,6.6,6.6,2242,0
2015-08-06,17:00:00,6.6109,6.6109,6.57,6.58,3575,0
2015-08-06,18:00:00,6.58,6.59,6.58,6.5899,15850,0
2015-08-06,19:00:00,6.58,6.58,6.58,6.58,750,0
2015-08-06,20:00:00,6.5801,6.589,6.5801,6.589,1202,0
2015-08-06,21:00:00,6.58,6.58,6.57,6.57,2710,0
2015-08-06,22:00:00,6.5698,6.58,6.56,6.58,4593,0
2015-08-07,16:00:00,6.57,6.59,6.57,6.59,538,0
2015-08-07,17:00:00,6.6,6.6,6.6,6.6,77200,0
2015-08-07,18:00:00,6.5998,6.5998,6.59,6.59,1780,0
2015-08-07,21:00:00,6.612,6.619,6.6077,6.61,3692,0
2015-08-07,22:00:00,6.6,6.618,6.6,6.61,1787,0
