Date,Time,Open,High,Low,Close,Volume,OpenInt
2015-01-15,16:00:00,24.269,24.328,24.259,24.289,32914,0
2015-01-15,17:00:00,24.269,24.299,24.269,24.289,39221,0
2015-01-15,18:00:00,24.289,24.289,24.269,24.279,50172,0
2015-01-15,19:00:00,24.289,24.289,24.279,24.289,33997,0
2015-01-15,20:00:00,24.289,24.299,24.289,24.299,73612,0
2015-01-15,21:00:00,24.289,24.319,24.289,24.309,113248,0
2015-01-15,22:00:00,24.299,24.319,24.269,24.279,368529,0
2015-01-16,16:00:00,24.279,24.299,24.279,24.299,28432,0
2015-01-16,17:00:00,24.299,24.309,24.279,24.299,65776,0
2015-01-16,18:00:00,24.299,24.299,24.289,24.299,60087,0
2015-01-16,19:00:00,24.289,24.299,24.289,24.299,42207,0
2015-01-16,20:00:00,24.299,24.299,24.289,24.289,93694,0
2015-01-16,21:00:00,24.299,24.309,24.289,24.309,71321,0
2015-01-16,22:00:00,24.309,24.309,24.269,24.269,202862,0
2015-01-20,16:00:00,24.309,24.328,24.309,24.328,5373,0
2015-01-20,17:00:00,24.328,24.328,24.319,24.328,107963,0
2015-01-20,18:00:00,24.328,24.328,24.319,24.319,69462,0
2015-01-20,19:00:00,24.319,24.319,24.309,24.309,95669,0
2015-01-20,20:00:00,24.309,24.338,24.309,24.328,230945,0
2015-01-20,21:00:00,24.328,24.348,24.328,24.338,157011,0
2015-01-20,22:00:00,24.338,24.338,24.328,24.338,87681,0
2015-01-21,16:00:00,24.319,24.338,24.309,24.328,39949,0
2015-01-21,17:00:00,24.328,24.348,24.319,24.348,77199,0
2015-01-21,18:00:00,24.338,24.348,24.338,24.338,67048,0
2015-01-21,19:00:00,24.338,24.338,24.328,24.338,41555,0
2015-01-21,20:00:00,24.338,24.338,24.319,24.328,38353,0
2015-01-21,21:00:00,24.328,24.328,24.319,24.328,101692,0
2015-01-21,22:00:00,24.328,24.328,24.319,24.319,120443,0
2015-01-22,16:00:00,24.328,24.348,24.328,24.328,20337,0
2015-01-22,17:00:00,24.348,24.348,24.319,24.319,61872,0
2015-01-22,18:00:00,24.319,24.338,24.319,24.328,71916,0
2015-01-22,19:00:00,24.328,24.328,24.319,24.328,51370,0
2015-01-22,20:00:00,24.328,24.338,24.289,24.309,161953,0
2015-01-22,21:00:00,24.309,24.338,24.309,24.319,173697,0
2015-01-22,22:00:00,24.319,24.338,24.299,24.328,189265,0
2015-01-23,16:00:00,24.319,24.348,24.319,24.338,17971,0
2015-01-23,17:00:00,24.338,24.348,24.338,24.348,42635,0
2015-01-23,18:00:00,24.348,24.348,24.338,24.348,36488,0
2015-01-23,19:00:00,24.348,24.358,24.338,24.358,81166,0
2015-01-23,20:00:00,24.348,24.368,24.348,24.368,189702,0
2015-01-23,21:00:00,24.368,24.368,24.358,24.368,144038,0
2015-01-23,22:00:00,24.368,24.368,24.358,24.368,177170,0
2015-01-26,16:00:00,24.358,24.358,24.338,24.358,18575,0
2015-01-26,17:00:00,24.358,24.358,24.338,24.358,41180,0
2015-01-26,18:00:00,24.348,24.358,24.348,24.358,68736,0
2015-01-26,19:00:00,24.348,24.358,24.348,24.348,57010,0
2015-01-26,20:00:00,24.358,24.368,24.348,24.358,47852,0
2015-01-26,21:00:00,24.358,24.368,24.348,24.368,267735,0
2015-01-26,22:00:00,24.358,24.378,24.358,24.368,179285,0
2015-01-27,16:00:00,24.368,24.388,24.348,24.368,104932,0
2015-01-27,17:00:00,24.368,24.388,24.368,24.388,50768,0
2015-01-27,18:00:00,24.388,24.388,24.378,24.378,18546,0
2015-01-27,19:00:00,24.388,24.388,24.378,24.388,53108,0
2015-01-27,20:00:00,24.378,24.388,24.368,24.368,63995,0
2015-01-27,21:00:00,24.378,24.378,24.368,24.378,39506,0
2015-01-27,22:00:00,24.368,24.378,24.348,24.358,43907,0
2015-01-28,16:00:00,24.368,24.368,24.358,24.368,14866,0
2015-01-28,17:00:00,24.368,24.368,24.358,24.358,77498,0
2015-01-28,18:00:00,24.358,24.368,24.338,24.358,82373,0
2015-01-28,19:00:00,24.358,24.358,24.348,24.348,82512,0
2015-01-28,20:00:00,24.348,24.368,24.348,24.368,82884,0
2015-01-28,21:00:00,24.368,24.398,24.358,24.398,293784,0
2015-01-28,22:00:00,24.398,24.398,24.368,24.388,82796,0
2015-01-29,16:00:00,24.378,24.407,24.368,24.368,23776,0
2015-01-29,17:00:00,24.378,24.378,24.358,24.368,43461,0
2015-01-29,18:00:00,24.368,24.368,24.358,24.368,13371,0
2015-01-29,19:00:00,24.368,24.368,24.348,24.358,133856,0
2015-01-29,20:00:00,24.358,24.398,24.358,24.368,346014,0
2015-01-29,21:00:00,24.368,24.378,24.348,24.368,197548,0
2015-01-29,22:00:00,24.358,24.368,24.358,24.368,83163,0
2015-01-30,16:00:00,24.378,24.388,24.368,24.378,24871,0
2015-01-30,17:00:00,24.388,24.398,24.368,24.398,73324,0
2015-01-30,18:00:00,24.398,24.398,24.378,24.388,114545,0
2015-01-30,19:00:00,24.378,24.388,24.378,24.378,119538,0
2015-01-30,20:00:00,24.378,24.388,24.368,24.368,58306,0
2015-01-30,21:00:00,24.368,24.388,24.358,24.368,93396,0
2015-01-30,22:00:00,24.378,24.378,24.358,24.358,62481,0
2015-02-02,16:00:00,24.353,24.373,24.353,24.373,8316,0
2015-02-02,17:00:00,24.363,24.373,24.343,24.373,48327,0
2015-02-02,18:00:00,24.363,24.373,24.353,24.363,77995,0
2015-02-02,19:00:00,24.363,24.373,24.353,24.373,61742,0
2015-02-02,20:00:00,24.373,24.383,24.363,24.383,65814,0
2015-02-02,21:00:00,24.373,24.393,24.353,24.353,257739,0
2015-02-02,22:00:00,24.363,24.363,24.343,24.353,138136,0
2015-02-03,16:00:00,24.353,24.363,24.343,24.363,23171,0
2015-02-03,17:00:00,24.363,24.363,24.353,24.363,46688,0
2015-02-03,18:00:00,24.363,24.383,24.353,24.383,41999,0
2015-02-03,19:00:00,24.383,24.383,24.363,24.363,59879,0
2015-02-03,20:00:00,24.363,24.383,24.353,24.353,91685,0
2015-02-03,21:00:00,24.353,24.373,24.353,24.373,58747,0
2015-02-03,22:00:00,24.373,24.373,24.353,24.373,59712,0
2015-02-04,16:00:00,24.343,24.383,24.343,24.363,22949,0
2015-02-04,17:00:00,24.363,24.383,24.363,24.373,55541,0
2015-02-04,18:00:00,24.373,24.383,24.373,24.383,88417,0
2015-02-04,19:00:00,24.383,24.383,24.373,24.383,26165,0
2015-02-04,20:00:00,24.373,24.383,24.373,24.383,88196,0
2015-02-04,21:00:00,24.383,24.383,24.373,24.383,92979,0
2015-02-04,22:00:00,24.383,24.383,24.373,24.383,77706,0
2015-02-05,16:00:00,24.373,24.393,24.363,24.383,68300,0
2015-02-05,17:00:00,24.393,24.393,24.383,24.393,67118,0
2015-02-05,18:00:00,24.393,24.393,24.383,24.393,39561,0
2015-02-05,19:00:00,24.393,24.393,24.383,24.393,14315,0
2015-02-05,20:00:00,24.393,24.393,24.373,24.373,206620,0
2015-02-05,21:00:00,24.373,24.383,24.363,24.383,81339,0
2015-02-05,22:00:00,24.373,24.383,24.353,24.363,142137,0
2015-02-06,16:00:00,24.353,24.373,24.353,24.373,7349,0
2015-02-06,17:00:00,24.373,24.373,24.343,24.353,66722,0
2015-02-06,18:00:00,24.343,24.353,24.283,24.303,242402,0
2015-02-06,19:00:00,24.303,24.323,24.293,24.303,45179,0
2015-02-06,20:00:00,24.323,24.323,24.293,24.303,142754,0
2015-02-06,21:00:00,24.293,24.303,24.293,24.303,83522,0
2015-02-06,22:00:00,24.293,24.303,24.293,24.303,156460,0
2015-02-09,16:00:00,24.313,24.333,24.313,24.333,18803,0
2015-02-09,17:00:00,24.333,24.333,24.313,24.323,89843,0
2015-02-09,18:00:00,24.333,24.333,24.313,24.313,30259,0
2015-02-09,19:00:00,24.313,24.323,24.303,24.323,73488,0
2015-02-09,20:00:00,24.323,24.333,24.313,24.313,361755,0
2015-02-09,21:00:00,24.323,24.323,24.313,24.313,94672,0
2015-02-09,22:00:00,24.323,24.323,24.303,24.303,94778,0
2015-02-10,16:00:00,24.293,24.333,24.293,24.323,60807,0
2015-02-10,17:00:00,24.323,24.323,24.303,24.313,22245,0
2015-02-10,18:00:00,24.313,24.313,24.303,24.303,67356,0
2015-02-10,19:00:00,24.313,24.313,24.293,24.303,143768,0
2015-02-10,20:00:00,24.293,24.323,24.293,24.313,293356,0
2015-02-10,21:00:00,24.323,24.323,24.303,24.323,179295,0
2015-02-10,22:00:00,24.323,24.333,24.313,24.313,80546,0
2015-02-11,16:00:00,24.313,24.333,24.303,24.313,32166,0
2015-02-11,17:00:00,24.313,24.323,24.303,24.313,25049,0
2015-02-11,18:00:00,24.303,24.313,24.293,24.303,76527,0
2015-02-11,19:00:00,24.293,24.303,24.293,24.303,70642,0
2015-02-11,20:00:00,24.303,24.313,24.293,24.303,82417,0
2015-02-11,21:00:00,24.303,24.313,24.293,24.313,162550,0
2015-02-11,22:00:00,24.313,24.313,24.273,24.283,306981,0
2015-02-12,16:00:00,24.283,24.303,24.233,24.273,16497,0
2015-02-12,17:00:00,24.273,24.293,24.253,24.273,188034,0
2015-02-12,18:00:00,24.273,24.293,24.273,24.283,19514,0
2015-02-12,19:00:00,24.293,24.303,24.273,24.283,50855,0
2015-02-12,20:00:00,24.273,24.283,24.273,24.283,42277,0
2015-02-12,21:00:00,24.273,24.283,24.253,24.273,107633,0
2015-02-12,22:00:00,24.273,24.283,24.263,24.263,74817,0
2015-02-13,16:00:00,24.263,24.273,24.253,24.263,37404,0
2015-02-13,17:00:00,24.273,24.273,24.243,24.253,28487,0
2015-02-13,18:00:00,24.253,24.273,24.243,24.253,101430,0
2015-02-13,19:00:00,24.263,24.263,24.243,24.243,39755,0
2015-02-13,20:00:00,24.253,24.253,24.243,24.243,60392,0
2015-02-13,21:00:00,24.253,24.263,24.243,24.263,79250,0
2015-02-13,22:00:00,24.253,24.273,24.243,24.273,117356,0
2015-02-17,16:00:00,24.283,24.283,24.253,24.253,34329,0
2015-02-17,17:00:00,24.253,24.273,24.233,24.243,146129,0
2015-02-17,18:00:00,24.243,24.273,24.233,24.263,70900,0
2015-02-17,19:00:00,24.263,24.263,24.233,24.243,128737,0
2015-02-17,20:00:00,24.253,24.253,24.243,24.253,66334,0
2015-02-17,21:00:00,24.243,24.253,24.233,24.243,111337,0
2015-02-17,22:00:00,24.233,24.243,24.223,24.243,90953,0
2015-02-18,16:00:00,24.253,24.273,24.253,24.263,16942,0
2015-02-18,17:00:00,24.263,24.263,24.253,24.263,25544,0
2015-02-18,18:00:00,24.263,24.273,24.253,24.273,213034,0
2015-02-18,19:00:00,24.273,24.273,24.253,24.263,108711,0
2015-02-18,20:00:00,24.263,24.273,24.253,24.273,29553,0
2015-02-18,21:00:00,24.273,24.313,24.263,24.293,152826,0
2015-02-18,22:00:00,24.293,24.293,24.273,24.283,62746,0
2015-02-19,16:00:00,24.263,24.273,24.243,24.253,9309,0
2015-02-19,17:00:00,24.263,24.273,24.243,24.263,72885,0
2015-02-19,18:00:00,24.273,24.273,24.253,24.263,33706,0
2015-02-19,19:00:00,24.273,24.273,24.253,24.253,171643,0
2015-02-19,20:00:00,24.263,24.273,24.243,24.253,51685,0
2015-02-19,21:00:00,24.253,24.273,24.243,24.263,141659,0
2015-02-19,22:00:00,24.263,24.273,24.253,24.273,86902,0
2015-02-20,16:00:00,24.253,24.263,24.233,24.243,68719,0
2015-02-20,17:00:00,24.263,24.263,24.243,24.253,116858,0
2015-02-20,18:00:00,24.243,24.253,24.243,24.243,43670,0
2015-02-20,19:00:00,24.243,24.253,24.243,24.243,26489,0
2015-02-20,20:00:00,24.243,24.253,24.243,24.253,123487,0
2015-02-20,21:00:00,24.253,24.253,24.243,24.253,166695,0
2015-02-20,22:00:00,24.243,24.263,24.243,24.243,93798,0
2015-02-23,16:00:00,24.273,24.283,24.243,24.253,57241,0
2015-02-23,17:00:00,24.253,24.273,24.253,24.273,46450,0
2015-02-23,18:00:00,24.273,24.273,24.253,24.253,111201,0
2015-02-23,19:00:00,24.253,24.263,24.253,24.263,81293,0
2015-02-23,20:00:00,24.253,24.263,24.243,24.253,46785,0
2015-02-23,21:00:00,24.253,24.253,24.223,24.243,179258,0
2015-02-23,22:00:00,24.243,24.253,24.233,24.233,145599,0
2015-02-24,16:00:00,24.233,24.253,24.223,24.243,20280,0
2015-02-24,17:00:00,24.243,24.263,24.243,24.263,29331,0
2015-02-24,18:00:00,24.263,24.283,24.253,24.253,65565,0
2015-02-24,19:00:00,24.283,24.293,24.253,24.293,209711,0
2015-02-24,20:00:00,24.283,24.313,24.283,24.293,1714772,0
2015-02-24,21:00:00,24.293,24.303,24.293,24.303,172171,0
2015-02-24,22:00:00,24.303,24.313,24.293,24.303,122524,0
2015-02-25,16:00:00,24.283,24.303,24.273,24.293,194606,0
2015-02-25,17:00:00,24.303,24.303,24.293,24.303,48167,0
2015-02-25,18:00:00,24.303,24.303,24.293,24.303,57406,0
2015-02-25,19:00:00,24.303,24.303,24.293,24.303,65241,0
2015-02-25,20:00:00,24.303,24.303,24.293,24.293,164112,0
2015-02-25,21:00:00,24.303,24.303,24.293,24.293,202112,0
2015-02-25,22:00:00,24.293,24.303,24.293,24.303,88970,0
2015-02-26,16:00:00,24.283,24.303,24.283,24.283,26711,0
2015-02-26,17:00:00,24.283,24.303,24.283,24.293,77313,0
2015-02-26,18:00:00,24.293,24.293,24.283,24.283,70796,0
2015-02-26,19:00:00,24.283,24.293,24.283,24.283,64888,0
2015-02-26,20:00:00,24.283,24.293,24.283,24.283,73751,0
2015-02-26,21:00:00,24.293,24.293,24.283,24.293,181705,0
2015-02-26,22:00:00,24.293,24.293,24.283,24.283,81554,0
2015-02-27,16:00:00,24.273,24.293,24.263,24.283,26054,0
2015-02-27,17:00:00,24.283,24.283,24.263,24.273,93936,0
2015-02-27,18:00:00,24.273,24.283,24.273,24.283,46150,0
2015-02-27,19:00:00,24.273,24.283,24.273,24.283,26582,0
2015-02-27,20:00:00,24.273,24.283,24.263,24.273,25825,0
2015-02-27,21:00:00,24.283,24.283,24.273,24.283,109888,0
2015-02-27,22:00:00,24.283,24.283,24.273,24.273,162760,0
2015-03-02,16:00:00,24.278,24.278,24.268,24.268,7537,0
2015-03-02,17:00:00,24.268,24.278,24.248,24.258,44683,0
2015-03-02,18:00:00,24.258,24.268,24.238,24.248,169017,0
2015-03-02,19:00:00,24.248,24.258,24.228,24.248,66744,0
2015-03-02,20:00:00,24.238,24.248,24.238,24.248,49379,0
2015-03-02,21:00:00,24.238,24.258,24.238,24.238,88157,0
2015-03-02,22:00:00,24.238,24.248,24.238,24.248,114557,0
2015-03-03,16:00:00,24.228,24.258,24.228,24.253,51553,0
2015-03-03,17:00:00,24.253,24.258,24.238,24.238,58010,0
2015-03-03,18:00:00,24.242,24.248,24.208,24.233,346016,0
2015-03-03,19:00:00,24.234,24.238,24.218,24.232,49227,0
2015-03-03,20:00:00,24.235,24.245,24.228,24.228,24646,0
2015-03-03,21:00:00,24.238,24.238,24.228,24.228,136917,0
2015-03-03,22:00:00,24.218,24.228,24.208,24.218,184745,0
2015-03-04,16:00:00,24.228,24.239,24.216,24.218,18783,0
2015-03-04,17:00:00,24.233,24.238,24.218,24.228,36931,0
2015-03-04,18:00:00,24.223,24.228,24.218,24.218,28563,0
2015-03-04,19:00:00,24.218,24.228,24.218,24.218,51719,0
2015-03-04,20:00:00,24.226,24.238,24.218,24.223,54162,0
2015-03-04,21:00:00,24.218,24.228,24.208,24.218,202964,0
2015-03-04,22:00:00,24.223,24.238,24.208,24.208,143878,0
2015-03-05,16:00:00,24.238,24.238,24.208,24.224,118999,0
2015-03-05,17:00:00,24.225,24.238,24.218,24.233,95024,0
2015-03-05,18:00:00,24.233,24.238,24.228,24.238,28126,0
2015-03-05,19:00:00,24.233,24.238,24.232,24.233,16036,0
2015-03-05,20:00:00,24.228,24.238,24.228,24.228,49424,0
2015-03-05,21:00:00,24.238,24.238,24.218,24.233,53898,0
2015-03-05,22:00:00,24.233,24.238,24.208,24.208,182068,0
2015-03-06,16:00:00,24.198,24.199,24.188,24.193,33071,0
2015-03-06,17:00:00,24.198,24.198,24.168,24.178,90084,0
2015-03-06,18:00:00,24.172,24.178,24.148,24.151,58080,0
2015-03-06,19:00:00,24.152,24.178,24.138,24.168,103556,0
2015-03-06,20:00:00,24.168,24.178,24.158,24.163,23099,0
2015-03-06,21:00:00,24.163,24.188,24.158,24.183,68637,0
2015-03-06,22:00:00,24.178,24.188,24.148,24.188,100165,0
2015-03-09,15:00:00,24.178,24.182,24.171,24.182,10704,0
2015-03-09,16:00:00,24.188,24.188,24.168,24.168,40040,0
2015-03-09,17:00:00,24.161,24.178,24.158,24.174,97440,0
2015-03-09,18:00:00,24.177,24.178,24.168,24.175,33035,0
2015-03-09,19:00:00,24.178,24.198,24.168,24.188,410511,0
2015-03-09,20:00:00,24.178,24.198,24.168,24.188,48823,0
2015-03-09,21:00:00,24.188,24.198,24.178,24.198,34857,0
2015-03-10,15:00:00,24.168,24.178,24.168,24.174,15241,0
2015-03-10,16:00:00,24.178,24.198,24.175,24.191,33798,0
2015-03-10,17:00:00,24.193,24.198,24.178,24.194,97645,0
2015-03-10,18:00:00,24.189,24.208,24.188,24.193,77746,0
2015-03-10,19:00:00,24.188,24.198,24.188,24.197,27491,0
2015-03-10,20:00:00,24.198,24.198,24.168,24.178,65995,0
2015-03-10,21:00:00,24.178,24.198,24.168,24.168,83765,0
2015-03-11,15:00:00,24.168,24.182,24.148,24.168,38063,0
2015-03-11,16:00:00,24.177,24.188,24.172,24.178,63238,0
2015-03-11,17:00:00,24.184,24.188,24.178,24.184,51338,0
2015-03-11,18:00:00,24.18,24.188,24.168,24.178,17875,0
2015-03-11,19:00:00,24.178,24.185,24.168,24.178,50796,0
2015-03-11,20:00:00,24.168,24.188,24.168,24.178,88581,0
2015-03-11,21:00:00,24.172,24.193,24.168,24.188,84307,0
2015-03-12,15:00:00,24.168,24.188,24.168,24.188,24111,0
2015-03-12,16:00:00,24.183,24.188,24.178,24.179,50616,0
2015-03-12,17:00:00,24.188,24.188,24.168,24.178,271520,0
2015-03-12,18:00:00,24.178,24.188,24.178,24.178,118079,0
2015-03-12,19:00:00,24.175,24.178,24.168,24.175,35068,0
2015-03-12,20:00:00,24.172,24.178,24.158,24.163,93565,0
2015-03-12,21:00:00,24.162,24.178,24.158,24.158,88861,0
2015-03-13,15:00:00,24.158,24.178,24.158,24.165,62784,0
2015-03-13,16:00:00,24.163,24.168,24.159,24.168,16840,0
2015-03-13,17:00:00,24.168,24.168,24.158,24.163,21929,0
2015-03-13,18:00:00,24.168,24.168,24.158,24.158,22664,0
2015-03-13,19:00:00,24.158,24.168,24.158,24.167,15027,0
2015-03-13,20:00:00,24.162,24.174,24.158,24.168,124189,0
2015-03-13,21:00:00,24.165,24.178,24.158,24.168,97390,0
2015-03-16,15:00:00,24.168,24.188,24.158,24.188,6962,0
2015-03-16,16:00:00,24.175,24.188,24.168,24.178,42278,0
2015-03-16,17:00:00,24.181,24.198,24.178,24.178,39643,0
2015-03-16,18:00:00,24.181,24.198,24.168,24.178,128556,0
2015-03-16,19:00:00,24.168,24.179,24.168,24.169,38654,0
2015-03-16,20:00:00,24.169,24.178,24.168,24.178,54066,0
2015-03-16,21:00:00,24.173,24.188,24.168,24.178,82760,0
2015-03-17,15:00:00,24.178,24.188,24.168,24.178,98466,0
2015-03-17,16:00:00,24.178,24.178,24.168,24.178,63461,0
2015-03-17,17:00:00,24.178,24.188,24.168,24.178,51031,0
2015-03-17,18:00:00,24.182,24.188,24.178,24.188,16693,0
2015-03-17,19:00:00,24.183,24.188,24.178,24.178,40574,0
2015-03-17,20:00:00,24.183,24.188,24.168,24.178,94736,0
2015-03-17,21:00:00,24.178,24.178,24.168,24.168,52525,0
2015-03-18,15:00:00,24.188,24.198,24.178,24.181,26771,0
2015-03-18,16:00:00,24.183,24.188,24.178,24.183,42335,0
2015-03-18,17:00:00,24.184,24.188,24.178,24.183,18843,0
2015-03-18,18:00:00,24.183,24.188,24.168,24.186,56681,0
2015-03-18,19:00:00,24.178,24.188,24.168,24.168,35843,0
2015-03-18,20:00:00,24.178,24.238,24.178,24.218,142930,0
2015-03-18,21:00:00,24.213,24.238,24.188,24.198,131079,0
2015-03-19,15:00:00,24.188,24.238,24.188,24.228,65577,0
2015-03-19,16:00:00,24.221,24.228,24.208,24.218,40991,0
2015-03-19,17:00:00,24.218,24.228,24.208,24.228,51154,0
2015-03-19,18:00:00,24.228,24.228,24.198,24.208,23517,0
2015-03-19,19:00:00,24.208,24.212,24.198,24.209,52986,0
2015-03-19,20:00:00,24.208,24.218,24.198,24.208,113451,0
2015-03-19,21:00:00,24.198,24.218,24.198,24.218,64098,0
2015-03-20,15:00:00,24.228,24.248,24.223,24.241,13451,0
2015-03-20,16:00:00,24.238,24.248,24.238,24.238,9109,0
2015-03-20,17:00:00,24.246,24.248,24.218,24.222,38527,0
2015-03-20,18:00:00,24.228,24.238,24.218,24.228,47499,0
2015-03-20,19:00:00,24.228,24.238,24.218,24.228,59551,0
2015-03-20,20:00:00,24.228,24.248,24.228,24.238,47287,0
2015-03-20,21:00:00,24.238,24.258,24.232,24.248,102317,0
2015-03-23,15:00:00,24.228,24.248,24.228,24.238,19652,0
2015-03-23,16:00:00,24.228,24.243,24.228,24.228,75491,0
2015-03-23,17:00:00,24.228,24.238,24.228,24.231,18700,0
2015-03-23,18:00:00,24.235,24.238,24.228,24.228,11150,0
2015-03-23,19:00:00,24.231,24.238,24.228,24.238,41995,0
2015-03-23,20:00:00,24.235,24.248,24.228,24.231,41435,0
2015-03-23,21:00:00,24.233,24.268,24.228,24.258,225613,0
2015-03-24,15:00:00,24.238,24.248,24.228,24.243,32944,0
2015-03-24,16:00:00,24.244,24.258,24.244,24.248,20025,0
2015-03-24,17:00:00,24.24,24.258,24.24,24.248,46135,0
2015-03-24,18:00:00,24.258,24.258,24.238,24.238,177348,0
2015-03-24,19:00:00,24.238,24.248,24.238,24.238,41054,0
2015-03-24,20:00:00,24.242,24.258,24.238,24.252,90438,0
2015-03-24,21:00:00,24.249,24.258,24.248,24.258,147663,0
2015-03-25,15:00:00,24.258,24.258,24.238,24.258,18977,0
2015-03-25,16:00:00,24.248,24.258,24.238,24.253,37465,0
2015-03-25,17:00:00,24.253,24.258,24.248,24.252,44447,0
2015-03-25,18:00:00,24.254,24.258,24.248,24.248,102322,0
2015-03-25,19:00:00,24.248,24.258,24.248,24.251,81475,0
2015-03-25,20:00:00,24.248,24.258,24.238,24.238,70208,0
2015-03-25,21:00:00,24.243,24.268,24.238,24.258,139947,0
2015-03-26,15:00:00,24.258,24.258,24.248,24.248,7556,0
2015-03-26,16:00:00,24.248,24.258,24.238,24.248,50428,0
2015-03-26,17:00:00,24.248,24.258,24.238,24.258,35622,0
2015-03-26,18:00:00,24.248,24.258,24.248,24.248,66378,0
2015-03-26,19:00:00,24.248,24.258,24.238,24.248,86238,0
2015-03-26,20:00:00,24.245,24.248,24.228,24.238,66471,0
2015-03-26,21:00:00,24.231,24.238,24.228,24.228,52309,0
2015-03-27,15:00:00,24.228,24.248,24.228,24.238,10276,0
2015-03-27,16:00:00,24.238,24.245,24.228,24.229,52111,0
2015-03-27,17:00:00,24.238,24.248,24.228,24.248,47029,0
2015-03-27,18:00:00,24.242,24.248,24.238,24.248,32422,0
2015-03-27,19:00:00,24.238,24.248,24.238,24.238,12523,0
2015-03-27,20:00:00,24.238,24.248,24.228,24.244,73271,0
2015-03-27,21:00:00,24.244,24.248,24.228,24.228,37548,0
2015-03-30,16:00:00,24.248,24.248,24.228,24.236,19809,0
2015-03-30,17:00:00,24.234,24.248,24.228,24.241,40579,0
2015-03-30,18:00:00,24.245,24.248,24.228,24.228,287587,0
2015-03-30,19:00:00,24.238,24.248,24.228,24.248,50756,0
2015-03-30,20:00:00,24.248,24.248,24.238,24.248,61785,0
2015-03-30,21:00:00,24.248,24.248,24.218,24.228,189047,0
2015-03-30,22:00:00,24.228,24.238,24.218,24.238,61050,0
2015-03-31,16:00:00,24.228,24.238,24.228,24.229,29012,0
2015-03-31,17:00:00,24.229,24.238,24.228,24.238,32199,0
2015-03-31,18:00:00,24.238,24.238,24.228,24.231,28770,0
2015-03-31,19:00:00,24.238,24.238,24.228,24.232,68523,0
2015-03-31,20:00:00,24.237,24.248,24.228,24.245,42539,0
2015-03-31,21:00:00,24.242,24.248,24.228,24.248,67023,0
2015-03-31,22:00:00,24.248,24.248,24.228,24.248,48933,0
2015-04-01,16:00:00,24.218,24.238,24.218,24.228,30604,0
2015-04-01,17:00:00,24.228,24.228,24.208,24.208,125701,0
2015-04-01,18:00:00,24.218,24.228,24.208,24.208,36374,0
2015-04-01,19:00:00,24.21,24.223,24.208,24.216,86980,0
2015-04-01,20:00:00,24.208,24.218,24.208,24.218,109748,0
2015-04-01,21:00:00,24.213,24.218,24.208,24.215,33335,0
2015-04-01,22:00:00,24.212,24.218,24.208,24.208,76023,0
2015-04-02,16:00:00,24.228,24.228,24.208,24.218,24220,0
2015-04-02,17:00:00,24.218,24.218,24.198,24.208,73316,0
2015-04-02,18:00:00,24.208,24.218,24.198,24.207,134689,0
2015-04-02,19:00:00,24.201,24.208,24.188,24.198,91829,0
2015-04-02,20:00:00,24.208,24.208,24.198,24.204,37282,0
2015-04-02,21:00:00,24.202,24.208,24.178,24.198,79612,0
2015-04-02,22:00:00,24.191,24.198,24.178,24.178,72441,0
2015-04-06,16:00:00,24.208,24.218,24.198,24.218,94656,0
2015-04-06,17:00:00,24.218,24.218,24.198,24.213,77109,0
2015-04-06,18:00:00,24.218,24.218,24.208,24.208,50900,0
2015-04-06,19:00:00,24.208,24.218,24.198,24.198,64338,0
2015-04-06,20:00:00,24.198,24.208,24.198,24.208,23685,0
2015-04-06,21:00:00,24.208,24.208,24.198,24.201,40671,0
2015-04-06,22:00:00,24.202,24.208,24.198,24.198,35941,0
2015-04-07,16:00:00,24.198,24.218,24.198,24.204,18892,0
2015-04-07,17:00:00,24.204,24.216,24.198,24.201,16977,0
2015-04-07,18:00:00,24.201,24.218,24.198,24.218,61079,0
2015-04-07,19:00:00,24.218,24.218,24.208,24.211,31007,0
2015-04-07,20:00:00,24.209,24.218,24.198,24.202,43285,0
2015-04-07,21:00:00,24.203,24.208,24.188,24.208,69288,0
2015-04-07,22:00:00,24.205,24.208,24.188,24.188,87064,0
2015-04-08,16:00:00,24.188,24.212,24.188,24.193,66235,0
2015-04-08,17:00:00,24.188,24.198,24.188,24.193,24316,0
2015-04-08,18:00:00,24.193,24.198,24.188,24.198,48757,0
2015-04-08,19:00:00,24.198,24.198,24.188,24.189,115357,0
2015-04-08,20:00:00,24.189,24.198,24.188,24.198,27812,0
2015-04-08,21:00:00,24.198,24.208,24.188,24.198,107620,0
2015-04-08,22:00:00,24.195,24.213,24.188,24.198,82397,0
2015-04-09,16:00:00,24.198,24.198,24.188,24.197,86927,0
2015-04-09,17:00:00,24.197,24.198,24.178,24.191,83572,0
2015-04-09,18:00:00,24.194,24.198,24.178,24.188,68281,0
2015-04-09,19:00:00,24.194,24.198,24.188,24.198,41715,0
2015-04-09,20:00:00,24.195,24.198,24.188,24.189,106556,0
2015-04-09,21:00:00,24.198,24.198,24.188,24.198,144400,0
2015-04-09,22:00:00,24.197,24.208,24.188,24.208,58504,0
2015-04-10,16:00:00,24.208,24.208,24.188,24.208,17054,0
2015-04-10,17:00:00,24.208,24.208,24.198,24.198,48877,0
2015-04-10,18:00:00,24.198,24.208,24.198,24.205,153743,0
2015-04-10,19:00:00,24.205,24.208,24.198,24.208,19554,0
2015-04-10,20:00:00,24.208,24.208,24.198,24.207,23480,0
2015-04-10,21:00:00,24.198,24.208,24.188,24.194,118624,0
2015-04-10,22:00:00,24.194,24.218,24.188,24.218,74960,0
2015-04-13,16:00:00,24.188,24.208,24.188,24.208,39360,0
2015-04-13,17:00:00,24.202,24.214,24.188,24.205,95109,0
2015-04-13,18:00:00,24.205,24.208,24.188,24.203,81951,0
2015-04-13,19:00:00,24.198,24.198,24.178,24.196,168660,0
2015-04-13,20:00:00,24.188,24.198,24.178,24.188,60172,0
2015-04-13,21:00:00,24.188,24.198,24.178,24.188,55979,0
2015-04-13,22:00:00,24.188,24.218,24.178,24.218,208947,0
2015-04-14,16:00:00,24.198,24.218,24.198,24.204,34531,0
2015-04-14,17:00:00,24.208,24.218,24.188,24.188,104707,0
2015-04-14,18:00:00,24.188,24.208,24.188,24.208,37502,0
2015-04-14,19:00:00,24.208,24.228,24.198,24.218,82638,0
2015-04-14,20:00:00,24.218,24.218,24.208,24.208,19754,0
2015-04-14,21:00:00,24.208,24.227,24.208,24.218,68640,0
2015-04-14,22:00:00,24.215,24.228,24.188,24.188,92869,0
2015-04-15,16:00:00,24.188,24.208,24.188,24.197,75066,0
2015-04-15,17:00:00,24.197,24.198,24.188,24.189,13482,0
2015-04-15,18:00:00,24.195,24.218,24.188,24.198,94322,0
2015-04-15,19:00:00,24.198,24.208,24.198,24.198,41697,0
2015-04-15,20:00:00,24.203,24.208,24.198,24.198,50382,0
2015-04-15,21:00:00,24.198,24.208,24.188,24.193,88297,0
2015-04-15,22:00:00,24.193,24.221,24.188,24.218,84721,0
2015-04-16,16:00:00,24.198,24.218,24.198,24.218,10551,0
2015-04-16,17:00:00,24.218,24.218,24.198,24.208,31999,0
2015-04-16,18:00:00,24.208,24.208,24.188,24.195,74685,0
2015-04-16,19:00:00,24.188,24.198,24.188,24.188,56464,0
2015-04-16,20:00:00,24.188,24.198,24.183,24.193,50272,0
2015-04-16,21:00:00,24.188,24.198,24.178,24.193,85722,0
2015-04-16,22:00:00,24.193,24.208,24.178,24.188,284263,0
2015-04-17,16:00:00,24.218,24.218,24.188,24.206,98246,0
2015-04-17,17:00:00,24.208,24.218,24.198,24.208,58837,0
2015-04-17,18:00:00,24.216,24.223,24.203,24.218,158903,0
2015-04-17,19:00:00,24.218,24.233,24.213,24.228,127789,0
2015-04-17,20:00:00,24.225,24.228,24.186,24.223,965776,0
2015-04-17,21:00:00,24.223,24.231,24.198,24.198,223222,0
2015-04-17,22:00:00,24.198,24.218,24.188,24.218,75367,0
2015-04-20,16:00:00,24.198,24.218,24.198,24.208,43061,0
2015-04-20,17:00:00,24.208,24.218,24.208,24.211,31715,0
2015-04-20,18:00:00,24.211,24.218,24.208,24.208,21205,0
2015-04-20,19:00:00,24.208,24.218,24.208,24.215,22198,0
2015-04-20,20:00:00,24.208,24.218,24.198,24.198,48183,0
2015-04-20,21:00:00,24.198,24.208,24.188,24.207,78527,0
2015-04-20,22:00:00,24.204,24.208,24.188,24.198,53888,0
2015-04-21,16:00:00,24.188,24.218,24.188,24.206,34239,0
2015-04-21,17:00:00,24.199,24.208,24.198,24.204,31935,0
2015-04-21,18:00:00,24.198,24.208,24.198,24.204,33503,0
2015-04-21,19:00:00,24.198,24.208,24.198,24.198,13207,0
2015-04-21,20:00:00,24.203,24.208,24.198,24.208,170957,0
2015-04-21,21:00:00,24.198,24.208,24.198,24.208,44643,0
2015-04-21,22:00:00,24.205,24.208,24.198,24.198,45952,0
2015-04-22,16:00:00,24.228,24.228,24.198,24.209,38930,0
2015-04-22,17:00:00,24.209,24.218,24.178,24.193,1886918,0
2015-04-22,18:00:00,24.193,24.203,24.178,24.194,54144,0
2015-04-22,19:00:00,24.188,24.198,24.188,24.188,19011,0
2015-04-22,20:00:00,24.188,24.198,24.178,24.182,175621,0
2015-04-22,21:00:00,24.188,24.198,24.178,24.198,54119,0
2015-04-22,22:00:00,24.192,24.198,24.188,24.188,61053,0
2015-04-23,16:00:00,24.208,24.208,24.198,24.198,3442,0
2015-04-23,17:00:00,24.201,24.208,24.198,24.198,28687,0
2015-04-23,18:00:00,24.208,24.208,24.198,24.204,18212,0
2015-04-23,19:00:00,24.203,24.218,24.178,24.198,315138,0
2015-04-23,20:00:00,24.208,24.208,24.188,24.204,30327,0
2015-04-23,21:00:00,24.198,24.208,24.188,24.208,81735,0
2015-04-23,22:00:00,24.189,24.208,24.188,24.198,57981,0
2015-04-24,16:00:00,24.208,24.208,24.188,24.206,38477,0
2015-04-24,17:00:00,24.207,24.208,24.198,24.208,53520,0
2015-04-24,18:00:00,24.202,24.208,24.198,24.208,72282,0
2015-04-24,19:00:00,24.203,24.208,24.198,24.205,65957,0
2015-04-24,20:00:00,24.204,24.208,24.198,24.208,43338,0
2015-04-24,21:00:00,24.208,24.208,24.198,24.198,35536,0
2015-04-24,22:00:00,24.198,24.218,24.198,24.208,76483,0
2015-04-27,16:00:00,24.198,24.208,24.198,24.203,17343,0
2015-04-27,17:00:00,24.203,24.208,24.198,24.198,10847,0
2015-04-27,18:00:00,24.208,24.208,24.198,24.207,74610,0
2015-04-27,19:00:00,24.198,24.208,24.198,24.208,17382,0
2015-04-27,20:00:00,24.203,24.208,24.198,24.206,49120,0
2015-04-27,21:00:00,24.203,24.208,24.198,24.199,85413,0
2015-04-27,22:00:00,24.207,24.208,24.188,24.188,158227,0
2015-04-28,16:00:00,24.208,24.218,24.188,24.197,17473,0
2015-04-28,17:00:00,24.189,24.198,24.188,24.198,38971,0
2015-04-28,18:00:00,24.188,24.198,24.188,24.198,184552,0
2015-04-28,19:00:00,24.198,24.203,24.188,24.193,220673,0
2015-04-28,20:00:00,24.188,24.198,24.188,24.191,114126,0
2015-04-28,21:00:00,24.188,24.198,24.188,24.198,31387,0
2015-04-28,22:00:00,24.192,24.198,24.188,24.188,98163,0
2015-04-29,16:00:00,24.188,24.198,24.182,24.193,74916,0
2015-04-29,17:00:00,24.196,24.198,24.168,24.178,85544,0
2015-04-29,18:00:00,24.188,24.188,24.168,24.181,105627,0
2015-04-29,19:00:00,24.188,24.198,24.178,24.188,25960,0
2015-04-29,20:00:00,24.188,24.198,24.188,24.198,40967,0
2015-04-29,21:00:00,24.192,24.198,24.188,24.198,53541,0
2015-04-29,22:00:00,24.193,24.218,24.188,24.218,124523,0
2015-04-30,16:00:00,24.208,24.208,24.168,24.168,42774,0
2015-04-30,17:00:00,24.173,24.178,24.168,24.173,33667,0
2015-04-30,18:00:00,24.173,24.188,24.168,24.168,124534,0
2015-04-30,19:00:00,24.169,24.178,24.168,24.178,12961,0
2015-04-30,20:00:00,24.17,24.178,24.158,24.158,107110,0
2015-04-30,21:00:00,24.158,24.168,24.158,24.168,58811,0
2015-04-30,22:00:00,24.159,24.168,24.158,24.158,114379,0
2015-05-01,16:00:00,24.157,24.185,24.157,24.172,13069,0
2015-05-01,17:00:00,24.177,24.177,24.167,24.177,21246,0
2015-05-01,18:00:00,24.172,24.177,24.157,24.16,19903,0
2015-05-01,19:00:00,24.159,24.164,24.157,24.157,9570,0
2015-05-01,20:00:00,24.162,24.167,24.147,24.156,30029,0
2015-05-01,21:00:00,24.147,24.167,24.147,24.148,68704,0
2015-05-01,22:00:00,24.156,24.177,24.147,24.177,27797,0
2015-05-04,16:00:00,24.157,24.187,24.157,24.187,20299,0
2015-05-04,17:00:00,24.183,24.183,24.157,24.177,19039,0
2015-05-04,18:00:00,24.177,24.177,24.167,24.173,27946,0
2015-05-04,19:00:00,24.177,24.177,24.167,24.167,17884,0
2015-05-04,20:00:00,24.174,24.177,24.167,24.167,33790,0
2015-05-04,21:00:00,24.177,24.177,24.157,24.177,61255,0
2015-05-04,22:00:00,24.177,24.177,24.147,24.157,67374,0
2015-05-05,16:00:00,24.177,24.177,24.147,24.153,30697,0
2015-05-05,17:00:00,24.157,24.167,24.147,24.159,23292,0
2015-05-05,18:00:00,24.157,24.167,24.157,24.167,51337,0
2015-05-05,19:00:00,24.167,24.167,24.16,24.162,19487,0
2015-05-05,20:00:00,24.167,24.167,24.157,24.158,20653,0
2015-05-05,21:00:00,24.167,24.167,24.157,24.167,35171,0
2015-05-05,22:00:00,24.162,24.177,24.157,24.177,67329,0
2015-05-06,16:00:00,24.147,24.167,24.147,24.153,26134,0
2015-05-06,17:00:00,24.15,24.157,24.147,24.153,38411,0
2015-05-06,18:00:00,24.147,24.157,24.142,24.145,24063,0
2015-05-06,19:00:00,24.142,24.147,24.137,24.144,16250,0
2015-05-06,20:00:00,24.146,24.147,24.137,24.137,36702,0
2015-05-06,21:00:00,24.142,24.157,24.137,24.137,69759,0
2015-05-06,22:00:00,24.147,24.157,24.117,24.147,207203,0
2015-05-07,16:00:00,24.137,24.157,24.137,24.147,34823,0
2015-05-07,17:00:00,24.142,24.147,24.137,24.145,61521,0
2015-05-07,18:00:00,24.144,24.147,24.137,24.146,14747,0
2015-05-07,19:00:00,24.142,24.147,24.137,24.147,34692,0
2015-05-07,20:00:00,24.145,24.157,24.137,24.151,43887,0
2015-05-07,21:00:00,24.147,24.157,24.147,24.153,31126,0
2015-05-07,22:00:00,24.147,24.167,24.147,24.147,35559,0
2015-05-08,16:00:00,24.167,24.177,24.155,24.177,91611,0
2015-05-08,17:00:00,24.167,24.177,24.159,24.167,45683,0
2015-05-08,18:00:00,24.16,24.167,24.157,24.167,47273,0
2015-05-08,19:00:00,24.157,24.177,24.157,24.177,86762,0
2015-05-08,20:00:00,24.173,24.177,24.167,24.177,25412,0
2015-05-08,21:00:00,24.176,24.177,24.167,24.177,70967,0
2015-05-08,22:00:00,24.177,24.177,24.157,24.157,42118,0
2015-05-11,16:00:00,24.137,24.157,24.127,24.127,62793,0
2015-05-11,17:00:00,24.127,24.157,24.127,24.147,81625,0
2015-05-11,18:00:00,24.15,24.151,24.127,24.131,51526,0
2015-05-11,19:00:00,24.137,24.157,24.127,24.147,54589,0
2015-05-11,20:00:00,24.157,24.157,24.147,24.153,51019,0
2015-05-11,21:00:00,24.15,24.157,24.147,24.147,85855,0
2015-05-11,22:00:00,24.157,24.157,24.147,24.157,34120,0
2015-05-12,16:00:00,24.167,24.167,24.147,24.157,44110,0
2015-05-12,17:00:00,24.156,24.167,24.147,24.167,394186,0
2015-05-12,18:00:00,24.167,24.187,24.157,24.177,630714,0
2015-05-12,19:00:00,24.177,24.192,24.177,24.182,77646,0
2015-05-12,20:00:00,24.182,24.197,24.181,24.187,109145,0
2015-05-12,21:00:00,24.187,24.197,24.187,24.197,88590,0
2015-05-12,22:00:00,24.191,24.197,24.187,24.197,65233,0
2015-05-13,16:00:00,24.187,24.207,24.177,24.184,30345,0
2015-05-13,17:00:00,24.187,24.197,24.177,24.192,91003,0
2015-05-13,18:00:00,24.193,24.197,24.177,24.192,101059,0
2015-05-13,19:00:00,24.187,24.197,24.177,24.187,81769,0
2015-05-13,20:00:00,24.187,24.197,24.177,24.187,28291,0
2015-05-13,21:00:00,24.187,24.187,24.177,24.186,105917,0
2015-05-13,22:00:00,24.187,24.197,24.177,24.197,109887,0
2015-05-14,16:00:00,24.197,24.207,24.167,24.182,65269,0
2015-05-14,17:00:00,24.177,24.187,24.177,24.187,74639,0
2015-05-14,18:00:00,24.187,24.187,24.177,24.187,36436,0
2015-05-14,19:00:00,24.187,24.187,24.177,24.187,44293,0
2015-05-14,20:00:00,24.187,24.187,24.177,24.187,30080,0
2015-05-14,21:00:00,24.187,24.187,24.177,24.183,65589,0
2015-05-14,22:00:00,24.177,24.187,24.177,24.187,52870,0
2015-05-15,16:00:00,24.177,24.187,24.177,24.187,28738,0
2015-05-15,17:00:00,24.187,24.187,24.177,24.187,57476,0
2015-05-15,18:00:00,24.187,24.187,24.177,24.187,49121,0
2015-05-15,19:00:00,24.187,24.187,24.177,24.182,97805,0
2015-05-15,20:00:00,24.182,24.197,24.177,24.187,80474,0
2015-05-15,21:00:00,24.187,24.187,24.177,24.187,42657,0
2015-05-15,22:00:00,24.187,24.187,24.167,24.167,101735,0
2015-05-18,16:00:00,24.177,24.207,24.177,24.187,9123,0
2015-05-18,17:00:00,24.187,24.197,24.177,24.187,168519,0
2015-05-18,18:00:00,24.187,24.187,24.177,24.181,97886,0
2015-05-18,19:00:00,24.182,24.187,24.177,24.177,46362,0
2015-05-18,20:00:00,24.186,24.187,24.167,24.182,65841,0
2015-05-18,21:00:00,24.187,24.187,24.168,24.177,183128,0
2015-05-18,22:00:00,24.177,24.177,24.117,24.137,260091,0
2015-05-19,16:00:00,24.127,24.147,24.127,24.127,30150,0
2015-05-19,17:00:00,24.145,24.147,24.127,24.142,75521,0
2015-05-19,18:00:00,24.147,24.147,24.127,24.127,40174,0
2015-05-19,19:00:00,24.137,24.152,24.127,24.131,60933,0
2015-05-19,20:00:00,24.132,24.137,24.117,24.134,70785,0
2015-05-19,21:00:00,24.132,24.137,24.127,24.13,80436,0
2015-05-19,22:00:00,24.13,24.137,24.127,24.127,109934,0
2015-05-20,16:00:00,24.127,24.147,24.127,24.142,12054,0
2015-05-20,17:00:00,24.142,24.157,24.137,24.157,20967,0
2015-05-20,18:00:00,24.147,24.157,24.147,24.153,21813,0
2015-05-20,19:00:00,24.152,24.157,24.147,24.155,39396,0
2015-05-20,20:00:00,24.156,24.165,24.147,24.147,49185,0
2015-05-20,21:00:00,24.152,24.157,24.137,24.138,116791,0
2015-05-20,22:00:00,24.137,24.157,24.137,24.157,60928,0
2015-05-21,16:00:00,24.147,24.147,24.142,24.147,19196,0
2015-05-21,17:00:00,24.147,24.147,24.137,24.138,66272,0
2015-05-21,18:00:00,24.137,24.147,24.137,24.137,15808,0
2015-05-21,19:00:00,24.14,24.147,24.127,24.137,22671,0
2015-05-21,20:00:00,24.137,24.147,24.131,24.145,38763,0
2015-05-21,21:00:00,24.137,24.147,24.137,24.147,26922,0
2015-05-21,22:00:00,24.147,24.147,24.127,24.137,71337,0
2015-05-22,16:00:00,24.127,24.141,24.117,24.127,83390,0
2015-05-22,17:00:00,24.127,24.147,24.117,24.117,99050,0
2015-05-22,18:00:00,24.127,24.137,24.127,24.127,31699,0
2015-05-22,19:00:00,24.127,24.147,24.117,24.117,76841,0
2015-05-22,20:00:00,24.127,24.127,24.117,24.121,50753,0
2015-05-22,21:00:00,24.122,24.127,24.117,24.117,34613,0
2015-05-22,22:00:00,24.117,24.127,24.117,24.117,37841,0
2015-05-26,16:00:00,24.107,24.137,24.107,24.127,27253,0
2015-05-26,17:00:00,24.127,24.137,24.122,24.133,23501,0
2015-05-26,18:00:00,24.129,24.137,24.127,24.131,49353,0
2015-05-26,19:00:00,24.131,24.137,24.127,24.127,56208,0
2015-05-26,20:00:00,24.136,24.137,24.127,24.134,55093,0
2015-05-26,21:00:00,24.132,24.137,24.127,24.127,54156,0
2015-05-26,22:00:00,24.13,24.137,24.127,24.127,58859,0
2015-05-27,16:00:00,24.127,24.147,24.127,24.136,33361,0
2015-05-27,17:00:00,24.127,24.137,24.127,24.137,17806,0
2015-05-27,18:00:00,24.137,24.147,24.132,24.142,25714,0
2015-05-27,19:00:00,24.137,24.147,24.137,24.138,29262,0
2015-05-27,20:00:00,24.137,24.147,24.137,24.145,37607,0
2015-05-27,21:00:00,24.137,24.147,24.137,24.144,14101,0
2015-05-27,22:00:00,24.146,24.147,24.137,24.137,42255,0
2015-05-28,16:00:00,24.147,24.147,24.137,24.139,31643,0
2015-05-28,17:00:00,24.137,24.147,24.137,24.137,23704,0
2015-05-28,18:00:00,24.147,24.147,24.137,24.137,26591,0
2015-05-28,19:00:00,24.147,24.147,24.137,24.145,123169,0
2015-05-28,20:00:00,24.147,24.147,24.137,24.14,38404,0
2015-05-28,21:00:00,24.142,24.147,24.137,24.137,44447,0
2015-05-28,22:00:00,24.142,24.147,24.137,24.137,76929,0
2015-05-29,16:00:00,24.157,24.157,24.147,24.147,32942,0
2015-05-29,17:00:00,24.152,24.152,24.137,24.137,11159,0
2015-05-29,18:00:00,24.147,24.147,24.137,24.142,16257,0
2015-05-29,19:00:00,24.142,24.147,24.137,24.144,72406,0
2015-05-29,20:00:00,24.142,24.147,24.137,24.142,13802,0
2015-05-29,21:00:00,24.144,24.147,24.137,24.142,39982,0
2015-05-29,22:00:00,24.137,24.147,24.137,24.137,133129,0
2015-06-01,16:00:00,24.144,24.193,24.144,24.151,29757,0
2015-06-01,17:00:00,24.164,24.164,24.144,24.144,28800,0
2015-06-01,18:00:00,24.144,24.154,24.134,24.144,71565,0
2015-06-01,19:00:00,24.144,24.154,24.144,24.15,36708,0
2015-06-01,20:00:00,24.154,24.154,24.144,24.154,46051,0
2015-06-01,21:00:00,24.153,24.154,24.134,24.154,58560,0
2015-06-01,22:00:00,24.152,24.154,24.134,24.154,54467,0
2015-06-02,16:00:00,24.144,24.158,24.134,24.14,21832,0
2015-06-02,17:00:00,24.134,24.144,24.134,24.134,106043,0
2015-06-02,18:00:00,24.134,24.144,24.134,24.144,45886,0
2015-06-02,19:00:00,24.144,24.144,24.134,24.144,46267,0
2015-06-02,20:00:00,24.139,24.144,24.134,24.136,46807,0
2015-06-02,21:00:00,24.139,24.144,24.134,24.139,79191,0
2015-06-02,22:00:00,24.134,24.144,24.124,24.144,93146,0
2015-06-03,16:00:00,24.144,24.154,24.124,24.144,19521,0
2015-06-03,17:00:00,24.141,24.144,24.134,24.134,24405,0
2015-06-03,18:00:00,24.144,24.144,24.134,24.141,37571,0
2015-06-03,19:00:00,24.143,24.144,24.134,24.134,135952,0
2015-06-03,20:00:00,24.134,24.144,24.124,24.139,52520,0
2015-06-03,21:00:00,24.134,24.144,24.134,24.144,30676,0
2015-06-03,22:00:00,24.144,24.149,24.124,24.124,174753,0
2015-06-04,16:00:00,24.124,24.144,24.124,24.144,51643,0
2015-06-04,17:00:00,24.13,24.144,24.124,24.137,39989,0
2015-06-04,18:00:00,24.144,24.154,24.14,24.151,51762,0
2015-06-04,19:00:00,24.144,24.154,24.144,24.144,172624,0
2015-06-04,20:00:00,24.149,24.154,24.144,24.154,73654,0
2015-06-04,21:00:00,24.147,24.164,24.144,24.159,80300,0
2015-06-04,22:00:00,24.164,24.164,24.134,24.134,157317,0
2015-06-05,16:00:00,24.114,24.124,24.094,24.104,42421,0
2015-06-05,17:00:00,24.115,24.134,24.114,24.124,63123,0
2015-06-05,18:00:00,24.124,24.134,24.114,24.129,74750,0
2015-06-05,19:00:00,24.129,24.134,24.124,24.128,24451,0
2015-06-05,20:00:00,24.132,24.134,24.124,24.127,23784,0
2015-06-05,21:00:00,24.129,24.134,24.124,24.134,99875,0
2015-06-05,22:00:00,24.133,24.139,24.124,24.124,91117,0
2015-06-08,16:00:00,24.114,24.124,24.114,24.119,111287,0
2015-06-08,17:00:00,24.119,24.124,24.114,24.124,49494,0
2015-06-08,18:00:00,24.122,24.124,24.114,24.121,18448,0
2015-06-08,19:00:00,24.124,24.134,24.114,24.13,28048,0
2015-06-08,20:00:00,24.134,24.144,24.124,24.141,104229,0
2015-06-08,21:00:00,24.139,24.144,24.114,24.134,105769,0
2015-06-08,22:00:00,24.144,24.144,24.134,24.144,161741,0
2015-06-09,16:00:00,24.134,24.138,24.114,24.121,10667,0
2015-06-09,17:00:00,24.124,24.134,24.118,24.134,47188,0
2015-06-09,18:00:00,24.134,24.134,24.124,24.124,30603,0
2015-06-09,19:00:00,24.134,24.134,24.124,24.132,46495,0
2015-06-09,20:00:00,24.134,24.134,24.114,24.114,55620,0
2015-06-09,21:00:00,24.118,24.144,24.114,24.128,100422,0
2015-06-09,22:00:00,24.128,24.134,24.104,24.104,74353,0
2015-06-10,16:00:00,24.094,24.114,24.094,24.114,22270,0
2015-06-10,17:00:00,24.113,24.124,24.104,24.124,43641,0
2015-06-10,18:00:00,24.121,24.124,24.114,24.119,10556,0
2015-06-10,19:00:00,24.124,24.124,24.114,24.12,30634,0
2015-06-10,20:00:00,24.119,24.124,24.114,24.123,35905,0
2015-06-10,21:00:00,24.115,24.144,24.115,24.128,265331,0
2015-06-10,22:00:00,24.124,24.134,24.104,24.134,187685,0
2015-06-11,16:00:00,24.124,24.144,24.114,24.114,45210,0
2015-06-11,17:00:00,24.124,24.124,24.104,24.104,166769,0
2015-06-11,18:00:00,24.112,24.114,24.104,24.104,40036,0
2015-06-11,19:00:00,24.109,24.114,24.104,24.11,44209,0
2015-06-11,20:00:00,24.113,24.124,24.104,24.114,302813,0
2015-06-11,21:00:00,24.119,24.124,24.104,24.114,82181,0
2015-06-11,22:00:00,24.109,24.114,24.094,24.094,348320,0
2015-06-12,16:00:00,24.094,24.124,24.084,24.124,15630,0
2015-06-12,17:00:00,24.124,24.124,24.104,24.124,47645,0
2015-06-12,18:00:00,24.122,24.124,24.114,24.114,7312,0
2015-06-12,19:00:00,24.124,24.124,24.114,24.116,9263,0
2015-06-12,20:00:00,24.124,24.124,24.114,24.12,35639,0
2015-06-12,21:00:00,24.123,24.124,24.114,24.119,46845,0
2015-06-12,22:00:00,24.119,24.124,24.114,24.124,34239,0
2015-06-15,16:00:00,24.094,24.134,24.094,24.124,85305,0
2015-06-15,17:00:00,24.114,24.129,24.114,24.12,60558,0
2015-06-15,18:00:00,24.119,24.124,24.114,24.119,28168,0
2015-06-15,19:00:00,24.119,24.124,24.114,24.114,18671,0
2015-06-15,20:00:00,24.116,24.124,24.114,24.114,20848,0
2015-06-15,21:00:00,24.121,24.124,24.114,24.117,37258,0
2015-06-15,22:00:00,24.114,24.129,24.114,24.124,264998,0
2015-06-16,16:00:00,24.134,24.134,24.114,24.129,27937,0
2015-06-16,17:00:00,24.127,24.134,24.124,24.128,21473,0
2015-06-16,18:00:00,24.133,24.134,24.124,24.13,38527,0
2015-06-16,19:00:00,24.134,24.134,24.124,24.124,33367,0
2015-06-16,20:00:00,24.134,24.134,24.124,24.129,81306,0
2015-06-16,21:00:00,24.134,24.164,24.124,24.144,187485,0
2015-06-16,22:00:00,24.149,24.164,24.144,24.164,92059,0
2015-06-17,16:00:00,24.144,24.144,24.124,24.125,23057,0
2015-06-17,17:00:00,24.133,24.154,24.124,24.15,146108,0
2015-06-17,18:00:00,24.144,24.154,24.144,24.149,153689,0
2015-06-17,19:00:00,24.146,24.154,24.144,24.144,8421,0
2015-06-17,20:00:00,24.144,24.154,24.144,24.149,23544,0
2015-06-17,21:00:00,24.144,24.164,24.144,24.159,135018,0
2015-06-17,22:00:00,24.164,24.164,24.154,24.164,77785,0
2015-06-18,16:00:00,24.164,24.174,24.154,24.169,26978,0
2015-06-18,17:00:00,24.164,24.164,24.154,24.155,29213,0
2015-06-18,18:00:00,24.162,24.164,24.144,24.154,12164,0
2015-06-18,19:00:00,24.154,24.164,24.144,24.144,13531,0
2015-06-18,20:00:00,24.154,24.154,24.144,24.15,27583,0
2015-06-18,21:00:00,24.154,24.154,24.134,24.137,64441,0
2015-06-18,22:00:00,24.143,24.163,24.134,24.154,39727,0
2015-06-19,16:00:00,24.154,24.164,24.149,24.164,10314,0
2015-06-19,17:00:00,24.16,24.174,24.144,24.164,39508,0
2015-06-19,18:00:00,24.165,24.174,24.164,24.164,26810,0
2015-06-19,19:00:00,24.169,24.172,24.144,24.145,31913,0
2015-06-19,20:00:00,24.154,24.154,24.134,24.144,36740,0
2015-06-19,21:00:00,24.144,24.174,24.144,24.169,139823,0
2015-06-19,22:00:00,24.17,24.174,24.144,24.144,101827,0
2015-06-22,16:00:00,24.144,24.163,24.144,24.154,51452,0
2015-06-22,17:00:00,24.148,24.154,24.144,24.151,22677,0
2015-06-22,18:00:00,24.148,24.164,24.144,24.158,37349,0
2015-06-22,19:00:00,24.164,24.164,24.154,24.154,8792,0
2015-06-22,20:00:00,24.157,24.164,24.144,24.15,42810,0
2015-06-22,21:00:00,24.149,24.184,24.144,24.174,118275,0
2015-06-22,22:00:00,24.174,24.184,24.164,24.184,132072,0
2015-06-23,16:00:00,24.184,24.184,24.154,24.184,29694,0
2015-06-23,17:00:00,24.174,24.184,24.164,24.169,42226,0
2015-06-23,18:00:00,24.164,24.169,24.149,24.154,27064,0
2015-06-23,19:00:00,24.154,24.164,24.154,24.164,29501,0
2015-06-23,20:00:00,24.164,24.174,24.154,24.164,24394,0
2015-06-23,21:00:00,24.165,24.184,24.164,24.174,81704,0
2015-06-23,22:00:00,24.179,24.184,24.154,24.184,94231,0
2015-06-24,16:00:00,24.164,24.194,24.164,24.164,7626,0
2015-06-24,17:00:00,24.177,24.194,24.164,24.181,997510,0
2015-06-24,18:00:00,24.179,24.194,24.174,24.194,117402,0
2015-06-24,19:00:00,24.192,24.194,24.184,24.188,29544,0
2015-06-24,20:00:00,24.194,24.194,24.184,24.189,59271,0
2015-06-24,21:00:00,24.193,24.194,24.184,24.194,144390,0
2015-06-24,22:00:00,24.194,24.194,24.184,24.184,76655,0
2015-06-25,16:00:00,24.184,24.204,24.164,24.179,20874,0
2015-06-25,17:00:00,24.182,24.187,24.174,24.174,21331,0
2015-06-25,18:00:00,24.181,24.184,24.17,24.17,20540,0
2015-06-25,19:00:00,24.171,24.174,24.154,24.155,37327,0
2015-06-25,20:00:00,24.161,24.174,24.16,24.167,25971,0
2015-06-25,21:00:00,24.174,24.174,24.164,24.165,69799,0
2015-06-25,22:00:00,24.174,24.184,24.164,24.184,73949,0
2015-06-26,16:00:00,24.174,24.184,24.174,24.179,10456,0
2015-06-26,17:00:00,24.183,24.184,24.177,24.177,11687,0
2015-06-26,18:00:00,24.174,24.184,24.174,24.174,45022,0
2015-06-26,19:00:00,24.174,24.184,24.154,24.174,73384,0
2015-06-26,20:00:00,24.174,24.184,24.169,24.174,59984,0
2015-06-26,21:00:00,24.179,24.184,24.164,24.174,70585,0
2015-06-26,22:00:00,24.174,24.184,24.164,24.164,61247,0
2015-06-29,16:00:00,24.184,24.204,24.174,24.194,6231,0
2015-06-29,17:00:00,24.194,24.194,24.184,24.184,15351,0
2015-06-29,18:00:00,24.194,24.194,24.184,24.194,62031,0
2015-06-29,19:00:00,24.194,24.204,24.184,24.193,22822,0
2015-06-29,20:00:00,24.184,24.194,24.184,24.187,41225,0
2015-06-29,21:00:00,24.194,24.204,24.194,24.204,84403,0
2015-06-29,22:00:00,24.199,24.204,24.194,24.204,103426,0
2015-06-30,16:00:00,24.194,24.214,24.194,24.204,29445,0
2015-06-30,17:00:00,24.204,24.214,24.194,24.213,100844,0
2015-06-30,18:00:00,24.207,24.214,24.204,24.214,94574,0
2015-06-30,19:00:00,24.204,24.214,24.204,24.204,58256,0
2015-06-30,20:00:00,24.207,24.214,24.204,24.207,39791,0
2015-06-30,21:00:00,24.213,24.214,24.184,24.199,101542,0
2015-06-30,22:00:00,24.199,24.244,24.199,24.244,1066993,0
2015-07-01,16:00:00,24.253,24.253,24.213,24.217,49760,0
2015-07-01,17:00:00,24.223,24.233,24.223,24.233,50890,0
2015-07-01,18:00:00,24.228,24.233,24.218,24.233,116045,0
2015-07-01,19:00:00,24.228,24.233,24.223,24.233,30376,0
2015-07-01,20:00:00,24.233,24.233,24.213,24.233,78511,0
2015-07-01,21:00:00,24.228,24.233,24.213,24.223,134644,0
2015-07-01,22:00:00,24.223,24.233,24.203,24.203,156231,0
2015-07-02,16:00:00,24.213,24.252,24.213,24.233,108085,0
2015-07-02,17:00:00,24.233,24.233,24.223,24.23,45144,0
2015-07-02,18:00:00,24.227,24.233,24.213,24.22,111486,0
2015-07-02,19:00:00,24.218,24.223,24.213,24.223,42176,0
2015-07-02,20:00:00,24.213,24.233,24.213,24.228,70117,0
2015-07-02,21:00:00,24.23,24.243,24.223,24.225,164155,0
2015-07-02,22:00:00,24.223,24.233,24.223,24.223,65434,0
2015-07-06,16:00:00,24.263,24.263,24.233,24.233,52186,0
2015-07-06,17:00:00,24.233,24.243,24.233,24.237,17659,0
2015-07-06,18:00:00,24.236,24.243,24.233,24.243,109461,0
2015-07-06,19:00:00,24.243,24.243,24.233,24.236,22838,0
2015-07-06,20:00:00,24.233,24.243,24.233,24.243,110855,0
2015-07-06,21:00:00,24.242,24.263,24.233,24.243,382130,0
2015-07-06,22:00:00,24.243,24.253,24.233,24.243,408523,0
2015-07-07,16:00:00,24.253,24.263,24.243,24.263,28114,0
2015-07-07,17:00:00,24.263,24.263,24.253,24.255,32046,0
2015-07-07,18:00:00,24.253,24.263,24.253,24.263,26500,0
2015-07-07,19:00:00,24.263,24.273,24.243,24.253,138991,0
2015-07-07,20:00:00,24.243,24.263,24.243,24.259,66077,0
2015-07-07,21:00:00,24.257,24.273,24.253,24.255,81910,0
2015-07-07,22:00:00,24.254,24.273,24.253,24.253,146734,0
2015-07-08,16:00:00,24.263,24.273,24.253,24.257,12842,0
2015-07-08,17:00:00,24.263,24.273,24.263,24.268,71384,0
2015-07-08,18:00:00,24.27,24.273,24.263,24.265,33164,0
2015-07-08,19:00:00,24.271,24.283,24.267,24.282,15050,0
2015-07-08,20:00:00,24.276,24.283,24.273,24.283,19647,0
2015-07-08,21:00:00,24.282,24.293,24.273,24.283,48508,0
2015-07-08,22:00:00,24.283,24.293,24.273,24.293,82289,0
2015-07-09,16:00:00,24.283,24.293,24.263,24.288,53216,0
2015-07-09,17:00:00,24.285,24.293,24.283,24.288,28856,0
2015-07-09,18:00:00,24.293,24.303,24.263,24.273,72187,0
2015-07-09,19:00:00,24.278,24.293,24.273,24.283,63156,0
2015-07-09,20:00:00,24.292,24.293,24.283,24.286,27516,0
2015-07-09,21:00:00,24.288,24.293,24.273,24.292,43468,0
2015-07-09,22:00:00,24.288,24.303,24.283,24.303,351114,0
2015-07-10,16:00:00,24.293,24.293,24.273,24.284,12357,0
2015-07-10,17:00:00,24.285,24.293,24.283,24.286,23431,0
2015-07-10,18:00:00,24.292,24.293,24.273,24.292,55426,0
2015-07-10,19:00:00,24.283,24.293,24.273,24.282,54553,0
2015-07-10,20:00:00,24.276,24.283,24.263,24.282,78638,0
2015-07-10,21:00:00,24.273,24.283,24.273,24.273,32845,0
2015-07-10,22:00:00,24.276,24.293,24.273,24.293,47519,0
2015-07-13,16:00:00,24.293,24.293,24.273,24.273,24830,0
2015-07-13,17:00:00,24.282,24.283,24.263,24.283,86403,0
2015-07-13,18:00:00,24.283,24.293,24.263,24.293,14865,0
2015-07-13,19:00:00,24.293,24.293,24.283,24.286,24654,0
2015-07-13,20:00:00,24.293,24.293,24.283,24.293,40769,0
2015-07-13,21:00:00,24.296,24.303,24.293,24.298,62093,0
2015-07-13,22:00:00,24.298,24.303,24.293,24.303,132793,0
2015-07-14,16:00:00,24.293,24.323,24.293,24.308,78214,0
2015-07-14,17:00:00,24.308,24.313,24.303,24.309,67417,0
2015-07-14,18:00:00,24.303,24.313,24.303,24.306,24952,0
2015-07-14,19:00:00,24.31,24.313,24.303,24.311,24010,0
2015-07-14,20:00:00,24.313,24.313,24.303,24.308,43951,0
2015-07-14,21:00:00,24.304,24.313,24.303,24.306,42211,0
2015-07-14,22:00:00,24.305,24.313,24.303,24.313,63182,0
2015-07-15,16:00:00,24.313,24.313,24.293,24.293,18336,0
2015-07-15,17:00:00,24.293,24.295,24.283,24.293,26245,0
2015-07-15,18:00:00,24.293,24.303,24.283,24.303,29408,0
2015-07-15,19:00:00,24.302,24.303,24.293,24.293,17440,0
2015-07-15,20:00:00,24.302,24.308,24.293,24.307,18330,0
2015-07-15,21:00:00,24.303,24.313,24.293,24.303,61779,0
2015-07-15,22:00:00,24.303,24.313,24.293,24.313,45186,0
2015-07-16,16:00:00,24.293,24.293,24.273,24.293,27015,0
2015-07-16,17:00:00,24.293,24.303,24.283,24.299,123134,0
2015-07-16,18:00:00,24.295,24.303,24.293,24.296,42043,0
2015-07-16,19:00:00,24.298,24.303,24.283,24.288,131064,0
2015-07-16,20:00:00,24.286,24.293,24.283,24.283,42073,0
2015-07-16,21:00:00,24.292,24.293,24.273,24.293,83747,0
2015-07-16,22:00:00,24.293,24.293,24.283,24.283,69156,0
2015-07-17,16:00:00,24.303,24.303,24.282,24.299,27342,0
2015-07-17,17:00:00,24.299,24.303,24.283,24.302,32870,0
2015-07-17,18:00:00,24.303,24.303,24.293,24.293,23978,0
2015-07-17,19:00:00,24.299,24.303,24.293,24.302,32456,0
2015-07-17,20:00:00,24.293,24.302,24.293,24.301,28942,0
2015-07-17,21:00:00,24.296,24.303,24.293,24.293,67334,0
2015-07-17,22:00:00,24.302,24.303,24.293,24.298,66917,0
2015-07-20,16:00:00,24.32,24.32,24.295,24.303,12102,0
2015-07-20,17:00:00,24.303,24.303,24.293,24.303,15560,0
2015-07-20,18:00:00,24.293,24.303,24.293,24.302,7882,0
2015-07-20,19:00:00,24.293,24.313,24.293,24.309,29603,0
2015-07-20,20:00:00,24.313,24.323,24.303,24.313,96559,0
2015-07-20,21:00:00,24.313,24.323,24.313,24.316,49936,0
2015-07-20,22:00:00,24.321,24.323,24.293,24.303,79274,0
2015-07-21,16:00:00,24.313,24.323,24.287,24.313,19331,0
2015-07-21,17:00:00,24.303,24.333,24.293,24.303,51598,0
2015-07-21,18:00:00,24.312,24.312,24.293,24.293,30049,0
2015-07-21,19:00:00,24.3,24.313,24.295,24.313,38530,0
2015-07-21,20:00:00,24.306,24.313,24.303,24.313,29500,0
2015-07-21,21:00:00,24.308,24.313,24.303,24.303,36894,0
2015-07-21,22:00:00,24.313,24.323,24.303,24.313,58684,0
2015-07-22,16:00:00,24.323,24.333,24.313,24.323,13299,0
2015-07-22,17:00:00,24.313,24.317,24.303,24.313,17716,0
2015-07-22,18:00:00,24.312,24.313,24.303,24.303,62840,0
2015-07-22,19:00:00,24.303,24.323,24.303,24.303,81272,0
2015-07-22,20:00:00,24.313,24.323,24.303,24.318,56499,0
2015-07-22,21:00:00,24.313,24.323,24.303,24.313,66682,0
2015-07-22,22:00:00,24.309,24.333,24.303,24.323,51430,0
2015-07-23,16:00:00,24.333,24.333,24.306,24.313,6753,0
2015-07-23,17:00:00,24.319,24.323,24.303,24.323,11526,0
2015-07-23,18:00:00,24.305,24.323,24.303,24.313,8576,0
2015-07-23,19:00:00,24.322,24.333,24.313,24.326,35958,0
2015-07-23,20:00:00,24.324,24.328,24.313,24.318,40030,0
2015-07-23,21:00:00,24.319,24.333,24.317,24.333,53914,0
2015-07-23,22:00:00,24.327,24.333,24.313,24.313,49410,0
2015-07-24,16:00:00,24.333,24.333,24.304,24.31,12572,0
2015-07-24,17:00:00,24.312,24.317,24.303,24.305,32027,0
2015-07-24,18:00:00,24.312,24.313,24.303,24.307,33006,0
2015-07-24,19:00:00,24.313,24.313,24.303,24.307,25927,0
2015-07-24,20:00:00,24.303,24.313,24.303,24.307,121466,0
2015-07-24,21:00:00,24.303,24.313,24.303,24.303,57360,0
2015-07-24,22:00:00,24.309,24.313,24.298,24.303,89883,0
2015-07-27,16:00:00,24.303,24.333,24.303,24.313,19868,0
2015-07-27,17:00:00,24.333,24.343,24.323,24.331,55285,0
2015-07-27,18:00:00,24.332,24.343,24.323,24.342,14067,0
2015-07-27,19:00:00,24.338,24.342,24.323,24.323,10250,0
2015-07-27,20:00:00,24.327,24.333,24.323,24.332,28952,0
2015-07-27,21:00:00,24.332,24.333,24.313,24.333,140111,0
2015-07-27,22:00:00,24.332,24.343,24.313,24.333,120930,0
2015-07-28,16:00:00,24.323,24.333,24.313,24.332,8099,0
2015-07-28,17:00:00,24.326,24.332,24.313,24.331,10910,0
2015-07-28,18:00:00,24.323,24.323,24.313,24.322,88254,0
2015-07-28,19:00:00,24.32,24.323,24.303,24.306,45379,0
2015-07-28,20:00:00,24.309,24.313,24.304,24.311,15371,0
2015-07-28,21:00:00,24.306,24.313,24.303,24.313,49079,0
2015-07-28,22:00:00,24.313,24.313,24.303,24.313,36853,0
2015-07-29,16:00:00,24.323,24.323,24.313,24.323,13894,0
2015-07-29,17:00:00,24.317,24.321,24.303,24.308,57736,0
2015-07-29,18:00:00,24.308,24.323,24.303,24.306,59173,0
2015-07-29,19:00:00,24.308,24.313,24.303,24.303,53004,0
2015-07-29,20:00:00,24.305,24.331,24.303,24.331,55073,0
2015-07-29,21:00:00,24.322,24.323,24.303,24.303,38445,0
2015-07-29,22:00:00,24.312,24.313,24.283,24.283,97034,0
2015-07-30,16:00:00,24.293,24.299,24.283,24.295,6580,0
2015-07-30,17:00:00,24.283,24.333,24.283,24.308,438608,0
2015-07-30,18:00:00,24.303,24.323,24.303,24.314,82551,0
2015-07-30,19:00:00,24.323,24.323,24.303,24.303,31616,0
2015-07-30,20:00:00,24.303,24.313,24.303,24.303,39498,0
2015-07-30,21:00:00,24.303,24.313,24.303,24.303,50497,0
2015-07-30,22:00:00,24.303,24.313,24.273,24.283,544800,0
2015-07-31,16:00:00,24.303,24.313,24.301,24.304,28444,0
2015-07-31,17:00:00,24.313,24.323,24.313,24.313,21224,0
2015-07-31,18:00:00,24.32,24.323,24.313,24.313,9012,0
2015-07-31,19:00:00,24.321,24.322,24.303,24.303,36057,0
2015-07-31,20:00:00,24.312,24.313,24.293,24.303,45599,0
2015-07-31,21:00:00,24.303,24.313,24.272,24.283,161752,0
2015-07-31,22:00:00,24.283,24.323,24.283,24.323,105266,0
2015-08-03,16:00:00,24.32,24.32,24.28,24.3,27796,0
2015-08-03,17:00:00,24.3099,24.31,24.3,24.31,18354,0
2015-08-03,18:00:00,24.3039,24.32,24.3,24.3101,123366,0
2015-08-03,19:00:00,24.32,24.32,24.3101,24.3136,21917,0
2015-08-03,20:00:00,24.3101,24.32,24.31,24.3107,71522,0
2015-08-03,21:00:00,24.316,24.32,24.31,24.32,49648,0
2015-08-03,22:00:00,24.3168,24.32,24.29,24.31,80446,0
2015-08-04,16:00:00,24.31,24.31,24.28,24.289,27628,0
2015-08-04,17:00:00,24.2835,24.2999,24.2801,24.291,22194,0
2015-08-04,18:00:00,24.295,24.3,24.29,24.299,15315,0
2015-08-04,19:00:00,24.299,24.2999,24.29,24.294,34274,0
2015-08-04,20:00:00,24.3,24.3,24.285,24.29,26558,0
2015-08-04,21:00:00,24.28,24.29,24.28,24.29,28868,0
2015-08-04,22:00:00,24.29,24.29,24.279,24.28,74783,0
2015-08-05,16:00:00,24.28,24.29,24.27,24.2799,95598,0
2015-08-05,17:00:00,24.279,24.28,24.259,24.2639,226841,0
2015-08-05,18:00:00,24.268,24.27,24.26,24.26,47016,0
2015-08-05,19:00:00,24.27,24.3,24.2635,24.2751,187868,0
2015-08-05,20:00:00,24.2799,24.28,24.27,24.27,18163,0
2015-08-05,21:00:00,24.2799,24.3,24.27,24.275,78596,0
2015-08-05,22:00:00,24.27,24.275,24.26,24.26,177345,0
2015-08-06,16:00:00,24.29,24.29,24.28,24.2899,27634,0
2015-08-06,17:00:00,24.2895,24.29,24.27,24.2899,27760,0
2015-08-06,18:00:00,24.2806,24.29,24.28,24.29,40550,0
2015-08-06,19:00:00,24.285,24.3,24.28,24.291,34372,0
2015-08-06,20:00:00,24.295,24.295,24.28,24.2899,79452,0
2015-08-06,21:00:00,24.2899,24.29,24.2801,24.2868,47820,0
2015-08-06,22:00:00,24.28,24.29,24.27,24.29,94409,0
2015-08-07,16:00:00,24.29,24.3,24.28,24.29,20241,0
2015-08-07,17:00:00,24.2843,24.29,24.27,24.278,26351,0
2015-08-07,18:00:00,24.28,24.29,24.27,24.2801,60013,0
2015-08-07,19:00:00,24.2801,24.29,24.2801,24.2838,16099,0
2015-08-07,20:00:00,24.287,24.29,24.2801,24.288,14700,0
2015-08-07,21:00:00,24.29,24.3,24.28,24.3,85407,0
2015-08-07,22:00:00,24.3,24.3,24.29,24.3,32581,0
