Date,Time,Open,High,Low,Close,Volume,OpenInt
2013-04-29,16:00:00,49.083,49.083,49.083,49.083,661,0
2013-04-29,17:00:00,49.216,49.245,49.216,49.226,3861,0
2013-04-29,19:00:00,49.304,49.304,49.304,49.304,523,0
2013-04-30,17:00:00,49.139,49.158,49.139,49.158,1565,0
2013-04-30,18:00:00,49.226,49.236,49.226,49.236,1044,0
2013-04-30,19:00:00,49.322,49.332,49.322,49.332,1358,0
2013-04-30,22:00:00,49.436,49.466,49.436,49.466,1565,0
2013-05-01,16:00:00,48.384,48.384,48.384,48.384,523,0
2013-05-03,19:00:00,49.945,49.945,49.945,49.945,523,0
2013-05-03,20:00:00,49.963,49.963,49.954,49.954,626,0
2013-05-03,21:00:00,49.831,49.831,49.811,49.811,720,0
2013-05-03,22:00:00,49.831,49.858,49.831,49.858,608,0
2013-05-06,16:00:00,50.241,50.241,50.241,50.241,105,0
2013-05-07,19:00:00,49.935,49.935,49.935,49.935,626,0
2013-05-07,20:00:00,50.012,50.012,50.012,50.012,105,0
2013-05-07,21:00:00,50.05,50.05,50.05,50.05,209,0
2013-05-07,22:00:00,50.06,50.06,50.06,50.06,105,0
2013-05-08,20:00:00,50.156,50.156,50.137,50.137,1669,0
2013-05-09,17:00:00,50.222,50.222,50.147,50.147,2156,0
2013-05-09,19:00:00,50.06,50.06,50.022,50.05,2718,0
2013-05-13,21:00:00,50.203,50.203,50.203,50.203,181,0
2013-05-14,19:00:00,50.664,50.664,50.664,50.664,523,0
2013-05-14,22:00:00,50.664,50.741,50.664,50.741,2087,0
2013-05-15,17:00:00,50.779,50.779,50.779,50.779,314,0
2013-05-15,21:00:00,50.96,50.96,50.943,50.943,209,0
2013-05-16,22:00:00,50.788,50.788,50.788,50.788,523,0
2013-05-17,18:00:00,50.913,50.913,50.913,50.913,398,0
2013-05-20,17:00:00,51.162,51.172,51.142,51.142,6053,0
2013-05-20,20:00:00,51.152,51.152,51.056,51.056,2190,0
2013-05-20,21:00:00,51.065,51.065,51.065,51.065,128,0
2013-05-21,21:00:00,51.201,51.201,51.201,51.201,209,0
2013-05-22,17:00:00,51.305,51.305,51.305,51.305,105,0
2013-05-22,18:00:00,51.191,51.218,51.191,51.218,1044,0
2013-05-22,21:00:00,50.788,50.788,50.615,50.615,314,0
2013-05-23,17:00:00,50.166,50.185,50.166,50.185,1250,0
2013-05-23,20:00:00,50.261,50.29,50.251,50.29,1581,0
2013-05-23,22:00:00,50.367,50.386,50.367,50.367,1878,0
2013-05-24,16:00:00,50.213,50.213,50.213,50.213,500,0
2013-05-24,18:00:00,50.098,50.098,50.098,50.098,110,0
2013-05-24,19:00:00,50.147,50.156,50.137,50.137,2475,0
2013-05-28,16:00:00,50.77,50.77,50.77,50.77,105,0
2013-05-28,18:00:00,50.76,50.76,50.76,50.76,941,0
2013-05-28,22:00:00,50.462,50.501,50.462,50.501,1044,0
2013-05-29,20:00:00,49.926,49.926,49.926,49.926,209,0
2013-05-30,17:00:00,50.203,50.203,50.203,50.203,314,0
2013-05-31,18:00:00,50.203,50.203,50.203,50.203,209,0
2013-06-03,16:00:00,49.369,49.369,49.369,49.369,105,0
2013-06-03,17:00:00,49.466,49.466,49.466,49.466,105,0
2013-06-04,17:00:00,49.571,49.571,49.571,49.571,209,0
2013-06-04,19:00:00,49.591,49.591,49.494,49.494,2288,0
2013-06-04,20:00:00,49.304,49.304,49.304,49.304,105,0
2013-06-05,19:00:00,48.873,48.873,48.853,48.853,392,0
2013-06-06,20:00:00,48.709,48.709,48.709,48.709,105,0
2013-06-07,22:00:00,49.668,49.685,49.668,49.685,1149,0
2013-06-10,16:00:00,49.926,49.926,49.858,49.858,577,0
2013-06-10,22:00:00,49.762,49.762,49.762,49.762,1976,0
2013-06-11,16:00:00,49.685,49.685,49.685,49.685,523,0
2013-06-12,16:00:00,49.591,49.591,49.591,49.591,548,0
2013-06-12,18:00:00,49.284,49.284,49.284,49.284,506,0
2013-06-13,16:00:00,49.591,49.591,48.957,48.957,418,0
2013-06-13,18:00:00,49.103,49.103,49.103,49.103,105,0
2013-06-14,17:00:00,49.792,49.792,49.792,49.792,2139,0
2013-06-17,22:00:00,49.821,49.821,49.821,49.821,314,0
2013-06-20,18:00:00,48.642,48.642,48.594,48.594,1044,0
2013-06-20,20:00:00,48.603,48.603,48.594,48.594,1565,0
2013-06-20,21:00:00,48.574,48.574,48.384,48.384,1044,0
2013-06-21,22:00:00,48.526,48.526,48.526,48.526,249,0
2013-06-26,21:00:00,48.937,48.937,48.937,48.937,504,0
2013-06-27,19:00:00,49.355,49.355,49.355,49.355,312,0
2013-06-28,20:00:00,49.374,49.374,49.374,49.374,105,0
2013-07-01,21:00:00,49.451,49.451,49.451,49.451,1455,0
2013-07-03,16:00:00,48.575,49.096,48.575,49.077,1294,0
2013-07-03,19:00:00,49.413,49.413,49.413,49.413,243,0
2013-07-08,21:00:00,50.086,50.086,50.086,50.086,148,0
2013-07-11,19:00:00,51.038,51.038,51.038,51.038,1004,0
2013-07-22,16:00:00,52.01,52.01,51.964,51.964,720,0
2013-07-22,18:00:00,51.964,51.964,51.964,51.964,208,0
2013-07-29,17:00:00,51.76,51.76,51.76,51.76,105,0
2013-07-29,18:00:00,51.722,51.722,51.722,51.722,105,0
2013-07-31,17:00:00,51.867,51.867,51.867,51.867,105,0
2013-07-31,19:00:00,51.867,51.867,51.867,51.867,253,0
2013-08-05,17:00:00,52.426,52.426,52.426,52.426,105,0
2013-08-09,18:00:00,52.126,52.136,52.126,52.136,520,0
2013-08-15,22:00:00,50.961,50.961,50.961,50.961,208,0
2013-08-19,20:00:00,50.549,50.558,50.549,50.549,21650,0
2013-08-20,21:00:00,50.895,50.895,50.895,50.895,11269,0
2013-08-23,22:00:00,51.009,51.009,51.009,51.009,245,0
2013-08-26,17:00:00,51.067,51.067,51.067,51.067,105,0
2013-08-26,18:00:00,51.203,51.203,51.136,51.136,312,0
2013-08-26,20:00:00,51.116,51.116,51.116,51.116,183,0
2013-08-28,22:00:00,50.249,50.249,50.249,50.249,372,0
2013-08-30,20:00:00,50.154,50.154,50.154,50.154,416,0
2013-09-04,22:00:00,50.577,50.577,50.577,50.577,1040,0
2013-09-06,20:00:00,50.826,50.826,50.826,50.826,1040,0
2013-09-09,22:00:00,51.038,51.038,51.038,51.038,208,0
2013-09-10,19:00:00,51.279,51.318,51.279,51.318,208,0
2013-09-10,20:00:00,51.366,51.366,51.366,51.366,234,0
2013-09-10,22:00:00,51.366,51.366,51.366,51.366,1555,0
2013-09-16,22:00:00,51.973,51.973,51.973,51.973,241,0
2013-09-19,17:00:00,52.982,52.982,52.982,52.982,831,0
2013-09-19,18:00:00,52.868,52.868,52.868,52.868,936,0
2013-09-20,16:00:00,52.675,52.675,52.675,52.675,208,0
2013-09-20,17:00:00,52.675,52.675,52.675,52.675,312,0
2013-09-20,21:00:00,52.444,52.444,52.444,52.444,200,0
2013-09-30,21:00:00,51.858,51.858,51.858,51.858,620,0
2013-09-30,22:00:00,51.732,51.732,51.732,51.732,264,0
2013-10-02,17:00:00,51.858,51.858,51.858,51.858,414,0
2013-10-03,19:00:00,51.375,51.375,51.375,51.375,103,0
2013-10-03,21:00:00,51.558,51.558,51.558,51.558,131,0
2013-10-04,17:00:00,51.858,51.858,51.858,51.858,252,0
2013-10-08,17:00:00,51.617,51.617,51.617,51.617,310,0
2013-10-09,17:00:00,51.114,51.143,51.114,51.143,563,0
2013-10-09,21:00:00,51.192,51.192,51.192,51.192,120,0
2013-10-11,17:00:00,52.253,52.253,52.253,52.253,310,0
2013-10-11,22:00:00,52.362,52.362,52.362,52.362,103,0
2013-10-14,16:00:00,52.208,52.208,52.208,52.208,310,0
2013-10-16,19:00:00,52.777,52.777,52.777,52.777,131,0
2013-10-17,19:00:00,53.27,53.27,53.27,53.27,227,0
2013-10-17,21:00:00,53.145,53.145,53.145,53.145,190,0
2013-10-21,17:00:00,53.512,53.512,53.512,53.512,207,0
2013-10-28,21:00:00,54.083,54.083,54.083,54.083,620,0
2013-10-29,18:00:00,54.219,54.219,54.219,54.219,227,0
2013-10-29,20:00:00,54.267,54.267,54.258,54.258,252,0
2013-11-01,15:00:00,54.102,54.102,54.102,54.102,207,0
2013-11-04,22:00:00,54.267,54.267,54.267,54.267,517,0
2013-11-08,17:00:00,53.455,53.455,53.455,53.455,207,0
2013-11-11,18:00:00,54.16,54.16,54.16,54.16,103,0
2013-11-12,17:00:00,54.025,54.054,54.025,54.054,314,0
2013-11-20,17:00:00,54.722,54.722,54.722,54.722,620,0
2013-11-20,21:00:00,54.556,54.556,54.556,54.556,207,0
2013-11-21,17:00:00,54.402,54.402,54.402,54.402,310,0
2013-11-21,20:00:00,54.596,54.596,54.596,54.596,211,0
2013-11-25,22:00:00,54.789,54.789,54.789,54.789,110,0
2013-12-03,18:00:00,54.383,54.383,54.383,54.383,517,0
2013-12-03,19:00:00,54.47,54.47,54.431,54.441,2895,0
2013-12-03,20:00:00,54.383,54.383,54.334,54.334,1705,0
2013-12-06,16:00:00,54.712,54.712,54.712,54.712,236,0
2013-12-09,18:00:00,54.915,54.915,54.915,54.915,207,0
2013-12-09,20:00:00,54.944,54.944,54.944,54.944,513,0
2013-12-12,20:00:00,53.909,53.909,53.909,53.909,114,0
2013-12-13,18:00:00,53.927,53.927,53.927,53.927,240,0
2013-12-13,22:00:00,54.006,54.034,54.006,54.034,328,0
2013-12-16,21:00:00,54.295,54.295,54.295,54.295,114,0
2013-12-18,18:00:00,54.16,54.16,54.16,54.16,237,0
2013-12-19,16:00:00,54.692,54.692,54.692,54.692,414,0
2013-12-23,20:00:00,55.366,55.366,55.366,55.366,220,0
2013-12-24,17:00:00,55.6,55.6,55.6,55.6,385,0
2013-12-26,19:00:00,55.659,55.698,55.659,55.689,4417,0
2013-12-26,21:00:00,55.757,55.757,55.609,55.609,2158,0
2013-12-27,16:00:00,55.309,55.843,55.309,55.843,2616,0
2013-12-31,17:00:00,56.019,56.019,56.019,56.019,617,0
2013-12-31,18:00:00,56.029,56.029,56.029,56.029,102,0
2013-12-31,19:00:00,56.059,56.059,56.059,56.059,102,0
2013-12-31,22:00:00,55.951,55.951,55.951,55.951,1027,0
2014-01-03,18:00:00,55.649,55.649,55.649,55.649,206,0
2014-01-07,16:00:00,55.931,55.931,55.173,55.475,540,0
2014-01-07,17:00:00,55.659,55.659,55.659,55.659,505,0
2014-01-09,16:00:00,55.777,55.777,55.767,55.767,329,0
2014-01-09,18:00:00,55.544,55.544,55.544,55.544,206,0
2014-01-13,16:00:00,55.951,55.951,55.941,55.941,822,0
2014-01-14,17:00:00,55.571,55.571,55.571,55.571,356,0
2014-01-14,18:00:00,55.679,55.679,55.679,55.679,617,0
2014-01-15,16:00:00,55.931,55.931,55.931,55.931,1157,0
2014-01-15,20:00:00,55.941,55.941,55.941,55.941,1944,0
2014-01-15,21:00:00,55.99,55.99,55.99,55.99,364,0
2014-01-15,22:00:00,56.029,56.029,56.029,56.029,308,0
2014-01-16,16:00:00,55.912,55.912,55.912,55.912,771,0
2014-01-16,20:00:00,55.902,55.902,55.902,55.902,339,0
2014-01-22,20:00:00,56.135,56.135,56.135,56.135,102,0
2014-01-24,16:00:00,55.181,55.181,55.181,55.181,102,0
2014-01-24,18:00:00,54.94,54.94,54.94,54.94,638,0
2014-01-24,21:00:00,54.755,54.755,54.755,54.755,185,0
2014-01-27,21:00:00,54.599,54.599,54.599,54.599,206,0
2014-01-28,16:00:00,54.676,54.676,54.676,54.676,509,0
2014-01-28,17:00:00,54.657,54.657,54.657,54.657,537,0
2014-02-04,16:00:00,54.2,54.2,53.577,53.577,1556,0
2014-02-04,19:00:00,53.791,53.791,53.791,53.791,1305,0
2014-02-07,20:00:00,54.726,54.726,54.726,54.726,102,0
2014-02-10,21:00:00,54.997,54.997,54.997,54.997,109,0
2014-02-13,17:00:00,55.737,55.737,55.737,55.737,514,0
2014-02-13,20:00:00,55.941,55.941,55.941,55.941,181,0
2014-02-13,21:00:00,56.059,56.059,56.059,56.059,308,0
2014-02-19,17:00:00,56.603,56.603,56.603,56.603,308,0
2014-02-19,18:00:00,56.739,56.739,56.739,56.739,177,0
2014-02-21,20:00:00,56.854,56.854,56.854,56.854,176,0
2014-02-24,17:00:00,56.973,56.973,56.973,56.973,1093,0
2014-02-26,19:00:00,57.088,57.098,57.069,57.098,2320,0
2014-03-03,16:00:00,57.049,57.049,57.049,57.049,677,0
2014-03-03,21:00:00,57.049,57.049,57.049,57.049,437,0
2014-03-04,22:00:00,57.732,57.76,57.732,57.751,437,0
2014-03-05,17:00:00,57.751,57.751,57.751,57.751,256,0
2014-03-05,21:00:00,57.614,57.614,57.614,57.614,278,0
2014-03-07,18:00:00,57.537,57.537,57.537,57.537,679,0
2014-03-07,20:00:00,57.682,57.682,57.682,57.682,334,0
2014-03-11,18:00:00,57.498,57.498,57.498,57.498,412,0
2014-03-12,15:00:00,57.079,57.108,57.079,57.079,347,0
2014-03-18,16:00:00,57.692,57.692,57.692,57.692,206,0
2014-03-21,15:00:00,57.839,57.839,57.839,57.839,206,0
2014-03-24,16:00:00,57.341,57.341,57.341,57.341,241,0
2014-03-26,16:00:00,57.364,57.364,57.364,57.364,14,0
2014-03-27,16:00:00,57.061,57.061,57.032,57.061,2661,0
2014-03-27,21:00:00,56.924,56.924,56.924,56.924,878,0
2014-03-28,17:00:00,57.481,57.481,57.481,57.481,3291,0
2014-03-31,20:00:00,57.871,57.871,57.871,57.871,328,0
2014-04-02,18:00:00,58.253,58.253,58.253,58.253,512,0
2014-04-02,20:00:00,58.225,58.235,58.225,58.235,1304,0
2014-04-03,17:00:00,58.292,58.292,58.292,58.292,295,0
2014-04-03,20:00:00,58.185,58.205,58.185,58.205,14586,0
2014-04-03,21:00:00,58.135,58.135,58.135,58.135,15456,0
2014-04-03,22:00:00,58.185,58.185,58.185,58.185,450,0
2014-04-04,18:00:00,58.185,58.185,58.185,58.185,7474,0
2014-04-07,18:00:00,57.472,57.472,57.472,57.472,205,0
2014-04-09,17:00:00,57.413,57.413,57.413,57.413,512,0
2014-04-10,21:00:00,57.218,57.218,57.199,57.199,921,0
2014-04-11,16:00:00,56.66,56.66,56.66,56.66,896,0
2014-04-14,21:00:00,56.67,56.67,56.66,56.66,205,0
2014-04-15,17:00:00,57.061,57.061,57.061,57.061,614,0
2014-04-17,17:00:00,57.666,57.764,57.666,57.764,926,0
2014-04-21,21:00:00,57.784,57.784,57.784,57.784,671,0
2014-04-22,22:00:00,58.058,58.058,58.039,58.039,320,0
2014-04-25,17:00:00,57.814,57.871,57.764,57.764,1023,0
2014-04-25,19:00:00,57.794,57.794,57.784,57.784,614,0
2014-04-28,20:00:00,57.462,57.472,57.462,57.472,1153,0
2014-04-28,21:00:00,57.676,57.676,57.608,57.608,611,0
2014-04-29,17:00:00,57.98,57.98,57.98,57.98,314,0
2014-04-29,18:00:00,57.921,57.921,57.921,57.921,427,0
2014-04-29,20:00:00,57.96,57.96,57.96,57.96,312,0
2014-04-29,21:00:00,58.009,58.009,58.009,58.009,556,0
2014-04-29,22:00:00,57.97,58.009,57.97,58.009,352,0
2014-04-30,17:00:00,58.077,58.077,58.077,58.077,205,0
2014-04-30,18:00:00,58.135,58.135,58.077,58.077,330,0
2014-04-30,19:00:00,58.116,58.116,58.116,58.116,173,0
2014-05-01,17:00:00,58.175,58.175,58.175,58.175,398,0
2014-05-01,18:00:00,58.292,58.41,58.292,58.4,1016,0
2014-05-01,19:00:00,58.449,58.449,58.41,58.41,643,0
2014-05-01,20:00:00,58.41,58.41,58.341,58.341,1098,0
2014-05-01,21:00:00,58.351,58.351,58.311,58.311,1230,0
2014-05-01,22:00:00,58.311,58.321,58.272,58.292,3074,0
2014-05-02,20:00:00,58.351,58.351,58.253,58.331,3555,0
2014-05-02,21:00:00,58.311,58.311,58.311,58.311,488,0
2014-05-02,22:00:00,58.321,58.321,58.321,58.321,957,0
2014-05-06,19:00:00,58.185,58.185,58.185,58.185,173,0
2014-05-06,20:00:00,58.087,58.087,58.087,58.087,307,0
2014-05-06,21:00:00,58.029,58.029,58.029,58.029,747,0
2014-05-07,20:00:00,58.225,58.225,58.195,58.205,614,0
2014-05-09,16:00:00,58.205,58.205,58.205,58.205,2866,0
2014-05-09,21:00:00,58.165,58.165,58.155,58.165,3814,0
2014-05-12,16:00:00,58.85,58.85,58.556,58.556,542,0
2014-05-12,18:00:00,58.596,58.596,58.596,58.596,205,0
2014-05-12,19:00:00,58.702,58.702,58.702,58.702,205,0
2014-05-13,17:00:00,58.85,58.85,58.85,58.85,102,0
2014-05-13,18:00:00,58.831,58.831,58.771,58.771,535,0
2014-05-13,19:00:00,58.692,58.771,58.692,58.771,593,0
2014-05-13,21:00:00,58.731,58.751,58.731,58.751,739,0
2014-05-13,22:00:00,58.712,58.712,58.712,58.712,273,0
2014-05-14,21:00:00,58.644,58.644,58.644,58.644,1105,0
2014-05-15,17:00:00,58.116,58.125,58.009,58.009,3870,0
2014-05-15,18:00:00,57.94,57.94,57.94,57.94,142,0
2014-05-16,17:00:00,58.077,58.077,58.077,58.077,120,0
2014-05-16,18:00:00,58.077,58.077,58.077,58.077,317,0
2014-05-16,19:00:00,58.116,58.125,58.077,58.077,747,0
2014-05-16,20:00:00,58.077,58.077,58.077,58.077,512,0
2014-05-16,21:00:00,58.077,58.116,58.077,58.116,2118,0
2014-05-16,22:00:00,58.282,58.282,58.282,58.282,205,0
2014-05-19,20:00:00,58.38,58.38,58.38,58.38,200,0
2014-05-19,21:00:00,58.42,58.42,58.39,58.39,567,0
2014-05-19,22:00:00,58.39,58.43,58.39,58.43,911,0
2014-05-20,17:00:00,58.175,58.215,58.175,58.215,1172,0
2014-05-20,18:00:00,58.235,58.235,58.235,58.235,866,0
2014-05-20,19:00:00,58.058,58.077,58.049,58.049,1537,0
2014-05-20,20:00:00,58.058,58.058,57.921,57.94,5655,0
2014-05-20,21:00:00,57.94,58.009,57.931,58,3713,0
2014-05-20,22:00:00,57.97,58.125,57.97,58.039,4836,0
2014-05-21,16:00:00,58.292,58.292,58.292,58.292,717,0
2014-05-21,18:00:00,58.235,58.272,58.175,58.175,2355,0
2014-05-21,19:00:00,58.225,58.235,58.175,58.175,1703,0
2014-05-21,20:00:00,58.272,58.272,58.263,58.263,295,0
2014-05-21,21:00:00,58.253,58.253,58.253,58.253,717,0
2014-05-22,17:00:00,58.43,58.459,58.43,58.459,410,0
2014-05-22,18:00:00,58.546,58.606,58.546,58.556,5386,0
2014-05-22,19:00:00,58.576,58.576,58.576,58.576,1023,0
2014-05-22,20:00:00,58.625,58.625,58.625,58.625,454,0
2014-05-22,21:00:00,58.546,58.546,58.546,58.546,421,0
2014-05-23,16:00:00,58.586,58.586,58.586,58.586,1126,0
2014-05-23,17:00:00,58.606,58.692,58.606,58.692,885,0
2014-05-23,18:00:00,58.702,58.722,58.702,58.722,763,0
2014-05-23,19:00:00,58.741,58.741,58.722,58.722,2232,0
2014-05-27,16:00:00,59.016,59.035,58.976,59.006,1330,0
2014-05-27,17:00:00,59.016,59.064,59.016,59.054,3071,0
2014-05-27,18:00:00,59.064,59.064,59.054,59.054,410,0
2014-05-27,19:00:00,59.006,59.006,59.006,59.006,102,0
2014-05-27,20:00:00,58.986,58.996,58.947,58.996,2763,0
2014-05-27,21:00:00,58.996,59.006,58.976,58.976,3147,0
2014-05-28,16:00:00,59.113,59.113,59.113,59.113,469,0
2014-05-28,18:00:00,58.937,58.937,58.937,58.937,535,0
2014-05-28,20:00:00,59.094,59.132,59.094,59.123,2668,0
2014-05-28,21:00:00,59.132,59.132,59.113,59.123,728,0
2014-05-28,22:00:00,59.152,59.152,59.132,59.132,1683,0
2014-05-29,17:00:00,59.094,59.162,59.094,59.162,946,0
2014-05-29,18:00:00,59.132,59.182,59.132,59.152,5290,0
2014-05-29,19:00:00,59.152,59.162,59.152,59.162,307,0
2014-05-29,20:00:00,59.172,59.172,59.152,59.172,1433,0
2014-05-29,21:00:00,59.211,59.249,59.202,59.249,2866,0
2014-05-30,18:00:00,59.318,59.397,59.318,59.397,487,0
2014-05-30,20:00:00,59.348,59.378,59.328,59.378,1843,0
2014-05-30,21:00:00,59.444,59.444,59.425,59.444,818,0
2014-06-02,16:00:00,59.435,59.435,59.435,59.435,205,0
2014-06-02,17:00:00,59.279,59.279,59.279,59.279,717,0
2014-06-02,18:00:00,59.484,59.533,59.444,59.504,1461,0
2014-06-02,19:00:00,59.504,59.543,59.504,59.543,307,0
2014-06-02,20:00:00,59.514,59.563,59.514,59.553,3173,0
2014-06-02,21:00:00,59.573,59.602,59.573,59.592,5016,0
2014-06-04,16:00:00,60.061,60.061,59.494,59.533,2560,0
2014-06-06,16:00:00,60.266,60.266,60.266,60.266,410,0
2014-06-09,20:00:00,60.256,60.256,60.256,60.256,174,0
2014-06-10,17:00:00,60.131,60.131,60.131,60.131,6,0
2014-06-10,22:00:00,60.101,60.101,60.101,60.101,201,0
2014-06-18,17:00:00,60.14,60.14,60.14,60.14,410,0
2014-06-19,16:00:00,60.647,60.647,60.647,60.647,307,0
2014-06-19,17:00:00,60.598,60.598,60.598,60.598,1023,0
2014-06-19,22:00:00,60.666,60.666,60.666,60.666,512,0
2014-06-20,18:00:00,60.765,60.765,60.765,60.765,140,0
2014-06-20,19:00:00,60.784,60.784,60.765,60.765,6720,0
2014-06-20,20:00:00,60.755,60.755,60.755,60.755,3323,0
2014-06-20,22:00:00,60.715,60.715,60.715,60.715,102,0
2014-06-23,17:00:00,60.853,60.853,60.853,60.853,410,0
2014-06-24,19:00:00,60.853,60.853,60.843,60.843,1721,0
2014-06-24,22:00:00,60.481,60.481,60.481,60.481,410,0
2014-06-25,19:00:00,60.481,60.501,60.481,60.501,800,0
2014-06-25,22:00:00,60.55,60.579,60.55,60.579,1336,0
2014-06-26,18:00:00,60.411,60.411,60.393,60.393,1239,0
2014-06-26,19:00:00,60.334,60.334,60.334,60.334,204,0
2014-06-26,22:00:00,60.569,60.569,60.569,60.569,268,0
2014-06-27,18:00:00,60.726,60.726,60.726,60.726,305,0
2014-06-30,20:00:00,60.874,60.874,60.736,60.736,561,0
2014-07-01,22:00:00,61.1,61.1,61.1,61.1,408,0
2014-07-02,17:00:00,61.011,61.011,60.962,61.011,311,0
2014-07-02,18:00:00,60.962,60.962,60.903,60.962,153,0
2014-07-02,20:00:00,60.865,60.865,60.865,60.865,408,0
2014-07-02,22:00:00,60.913,60.913,60.825,60.825,1920,0
2014-07-03,19:00:00,61.149,61.149,61.149,61.149,788,0
2014-07-07,20:00:00,60.845,60.845,60.845,60.845,101,0
2014-07-08,22:00:00,60.53,60.53,60.53,60.53,293,0
2014-07-09,17:00:00,60.785,60.785,60.785,60.785,611,0
2014-07-10,17:00:00,60.589,60.589,60.54,60.579,3282,0
2014-07-16,20:00:00,60.913,60.913,60.913,60.913,638,0
2014-07-17,21:00:00,60.52,60.53,60.52,60.53,468,0
2014-07-17,22:00:00,60.461,60.461,60.451,60.451,1408,0
2014-07-18,18:00:00,60.677,60.677,60.569,60.569,555,0
2014-07-18,20:00:00,60.687,60.687,60.687,60.687,204,0
2014-07-18,21:00:00,60.775,60.775,60.775,60.775,204,0
2014-07-18,22:00:00,60.855,60.855,60.855,60.855,204,0
2014-07-21,21:00:00,60.667,60.667,60.667,60.667,311,0
2014-07-21,22:00:00,60.667,60.667,60.667,60.667,311,0
2014-07-22,19:00:00,60.874,60.874,60.874,60.874,101,0
2014-07-22,20:00:00,60.922,60.922,60.874,60.884,37381,0
2014-07-22,22:00:00,60.815,60.815,60.815,60.815,364,0
2014-07-24,18:00:00,60.922,60.922,60.922,60.922,774,0
2014-07-24,22:00:00,61.011,61.011,61.011,61.011,598,0
2014-07-28,16:00:00,60.648,60.648,60.648,60.648,204,0
2014-07-28,17:00:00,60.441,60.441,60.383,60.383,2448,0
2014-07-29,17:00:00,60.922,60.922,60.835,60.835,408,0
2014-07-29,18:00:00,60.667,60.667,60.667,60.667,101,0
2014-07-29,19:00:00,60.696,60.696,60.696,60.696,204,0
2014-07-29,20:00:00,60.785,60.785,60.785,60.785,217,0
2014-07-29,22:00:00,60.785,60.785,60.785,60.785,217,0
2014-07-30,16:00:00,60.952,60.952,60.609,60.658,1731,0
2014-07-30,17:00:00,60.569,60.569,60.363,60.363,2953,0
2014-07-30,18:00:00,60.353,60.403,60.305,60.305,1527,0
2014-07-30,19:00:00,60.275,60.334,60.225,60.315,2240,0
2014-07-30,20:00:00,60.305,60.305,60.225,60.225,1776,0
2014-07-30,22:00:00,60.225,60.225,60.225,60.225,350,0
2014-07-31,16:00:00,59.873,60.049,59.873,59.969,1426,0
2014-07-31,17:00:00,59.959,59.969,59.617,59.617,2648,0
2014-07-31,19:00:00,59.509,59.509,59.401,59.401,2138,0
2014-07-31,20:00:00,59.548,59.548,59.548,59.548,293,0
2014-07-31,21:00:00,59.637,59.646,59.637,59.646,1323,0
2014-08-01,16:00:00,59.459,59.459,59.459,59.459,509,0
2014-08-01,17:00:00,59.469,59.518,59.469,59.499,2444,0
2014-08-01,19:00:00,59.067,59.067,59.067,59.067,101,0
2014-08-01,20:00:00,59.322,59.322,59.283,59.283,1934,0
2014-08-01,22:00:00,59.362,59.362,59.362,59.362,136,0
2014-08-04,16:00:00,59.233,59.233,59.233,59.233,101,0
2014-08-04,20:00:00,59.293,59.372,59.293,59.372,1672,0
2014-08-04,22:00:00,59.568,59.568,59.558,59.558,1027,0
2014-08-05,18:00:00,59.293,59.293,59.293,59.293,1190,0
2014-08-05,21:00:00,58.968,59.077,58.968,59.077,1072,0
2014-08-05,22:00:00,58.988,59.097,58.861,59.087,7942,0
2014-08-06,17:00:00,58.968,59.097,58.968,59.097,1823,0
2014-08-06,18:00:00,59.185,59.204,59.097,59.116,4503,0
2014-08-06,19:00:00,59.214,59.214,59.126,59.135,3505,0
2014-08-06,20:00:00,59.097,59.097,58.968,59.037,2384,0
2014-08-06,21:00:00,59.037,59.037,59.037,59.037,205,0
2014-08-06,22:00:00,59.067,59.067,59.018,59.037,5435,0
2014-08-07,16:00:00,59.204,59.204,59.204,59.204,611,0
2014-08-07,17:00:00,59.204,59.283,59.028,59.028,2633,0
2014-08-07,18:00:00,59.087,59.087,58.909,58.909,6479,0
2014-08-07,19:00:00,58.929,58.929,58.832,58.861,833,0
2014-08-07,20:00:00,58.89,59.028,58.89,59.028,6642,0
2014-08-07,21:00:00,58.89,58.899,58.89,58.899,204,0
2014-08-07,22:00:00,58.722,58.722,58.722,58.722,101,0
2014-08-08,17:00:00,58.909,59.037,58.909,59.037,1677,0
2014-08-08,20:00:00,59.391,59.44,59.362,59.391,15886,0
2014-08-11,17:00:00,59.931,59.931,59.912,59.912,305,0
2014-08-11,18:00:00,59.979,59.979,59.979,59.979,408,0
2014-08-11,19:00:00,59.883,59.883,59.883,59.883,509,0
2014-08-11,20:00:00,59.863,59.863,59.863,59.863,383,0
2014-08-11,21:00:00,59.646,59.646,59.646,59.646,862,0
2014-08-11,22:00:00,59.715,59.715,59.676,59.676,13237,0
2014-08-12,17:00:00,59.734,59.734,59.734,59.734,713,0
2014-08-12,19:00:00,59.695,59.715,59.695,59.715,6721,0
2014-08-12,20:00:00,59.518,59.558,59.518,59.558,4480,0
2014-08-12,22:00:00,59.587,59.587,59.558,59.558,3667,0
2014-08-13,17:00:00,59.773,59.773,59.773,59.773,4684,0
2014-08-14,17:00:00,60.225,60.225,60.129,60.147,1834,0
2014-08-15,17:00:00,60.501,60.501,60.501,60.501,408,0
2014-08-18,17:00:00,60.639,60.639,60.639,60.639,204,0
2014-08-18,22:00:00,60.696,60.726,60.696,60.726,9674,0
2014-08-19,20:00:00,61.051,61.051,61.041,61.051,408,0
2014-08-19,22:00:00,61.09,61.09,61.09,61.09,305,0
2014-08-20,17:00:00,60.932,61.021,60.932,61.021,450,0
2014-08-20,20:00:00,61.187,61.187,61.187,61.187,101,0
2014-08-20,21:00:00,61.07,61.07,61.07,61.07,204,0
2014-08-20,22:00:00,61.197,61.197,61.187,61.187,1854,0
2014-08-21,22:00:00,61.385,61.385,61.385,61.385,360,0
2014-08-22,17:00:00,61.316,61.316,61.316,61.316,408,0
2014-08-22,20:00:00,61.365,61.385,61.365,61.375,3565,0
2014-08-22,21:00:00,61.365,61.365,61.336,61.336,916,0
2014-08-22,22:00:00,61.365,61.375,61.246,61.246,1223,0
2014-08-25,17:00:00,61.698,61.698,61.698,61.698,101,0
2014-08-25,19:00:00,61.492,61.492,61.492,61.492,204,0
2014-08-25,22:00:00,61.502,61.502,61.502,61.502,2667,0
2014-08-26,20:00:00,61.532,61.532,61.532,61.532,509,0
2014-08-27,17:00:00,61.492,61.492,61.492,61.492,204,0
2014-08-28,21:00:00,61.502,61.502,61.492,61.492,5138,0
2014-08-28,22:00:00,61.492,61.492,61.492,61.492,106,0
2014-08-29,17:00:00,61.522,61.552,61.522,61.552,204,0
2014-08-29,18:00:00,61.639,61.738,61.639,61.738,4990,0
2014-08-29,19:00:00,61.718,61.718,61.698,61.698,509,0
2014-08-29,20:00:00,61.718,61.718,61.708,61.708,596,0
2014-09-02,16:00:00,61.836,61.865,61.778,61.836,713,0
2014-09-02,17:00:00,61.816,61.905,61.816,61.905,1223,0
2014-09-02,21:00:00,61.679,61.679,61.679,61.679,311,0
2014-09-02,22:00:00,61.728,61.728,61.728,61.728,305,0
2014-09-03,16:00:00,61.964,61.983,61.915,61.935,1834,0
2014-09-03,17:00:00,61.964,61.964,61.905,61.935,3647,0
2014-09-03,20:00:00,61.845,61.845,61.845,61.845,220673,0
2014-09-03,22:00:00,61.708,61.875,61.708,61.758,5596,0
2014-09-04,21:00:00,61.855,61.855,61.679,61.688,6283,0
2014-09-05,16:00:00,62.474,62.474,61.582,61.748,2037,0
2014-09-05,17:00:00,61.738,61.738,61.629,61.659,2053,0
2014-09-05,20:00:00,61.925,61.925,61.816,61.816,305,0
2014-09-08,16:00:00,62.288,62.288,62.003,62.003,204,0
2014-09-08,17:00:00,61.974,61.974,61.954,61.954,3157,0
2014-09-08,19:00:00,61.885,61.905,61.875,61.905,7230,0
2014-09-08,20:00:00,61.816,61.816,61.688,61.688,408,0
2014-09-08,21:00:00,61.768,61.768,61.758,61.758,11737,0
2014-09-08,22:00:00,61.855,61.925,61.855,61.895,5764,0
2014-09-09,16:00:00,61.688,61.688,61.688,61.688,204,0
2014-09-09,18:00:00,61.619,61.639,61.619,61.629,1120,0
2014-09-09,19:00:00,61.572,61.572,61.572,61.572,101,0
2014-09-09,20:00:00,61.512,61.562,61.512,61.562,6924,0
2014-09-09,21:00:00,61.592,61.592,61.592,61.592,204,0
2014-09-11,21:00:00,61.582,61.582,61.582,61.582,187,0
2014-09-12,18:00:00,61.296,61.296,61.296,61.296,2454,0
2014-09-12,19:00:00,61.139,61.139,61.139,61.139,234,0
2014-09-12,21:00:00,61.139,61.139,61.139,61.139,204,0
2014-09-15,17:00:00,61.09,61.12,61.051,61.051,305,0
2014-09-15,18:00:00,61.011,61.011,61.011,61.011,204,0
2014-09-15,19:00:00,60.972,61.011,60.972,61.011,2037,0
2014-09-15,20:00:00,61.06,61.06,61.06,61.06,212,0
2014-09-16,16:00:00,61.041,61.217,61.021,61.217,2037,0
2014-09-16,17:00:00,61.256,61.266,61.207,61.227,3767,0
2014-09-16,20:00:00,61.542,61.542,61.542,61.542,361,0
2014-09-17,16:00:00,61.619,61.649,61.619,61.649,204,0
2014-09-17,17:00:00,61.582,61.601,61.572,61.601,552,0
2014-09-17,22:00:00,61.512,61.512,61.482,61.482,633,0
2014-09-18,19:00:00,61.601,61.601,61.512,61.512,254,0
2014-09-18,20:00:00,61.472,61.512,61.472,61.512,2442,0
2014-09-19,19:00:00,61.601,61.601,61.601,61.601,203,0
2014-09-22,20:00:00,61.139,61.139,61.129,61.129,1020,0
2014-09-23,17:00:00,60.991,60.991,60.903,60.903,916,0
2014-09-23,20:00:00,60.835,60.952,60.825,60.835,608,0
2014-09-23,21:00:00,60.677,60.677,60.677,60.677,698,0
2014-09-24,17:00:00,60.616,60.626,60.616,60.626,811,0
2014-09-24,21:00:00,61,61,61,61,203,0
2014-09-24,22:00:00,61.168,61.168,61.168,61.168,710,0
2014-09-25,16:00:00,60.901,60.901,60.901,60.901,304,0
2014-09-25,21:00:00,60.458,60.458,60.458,60.458,663,0
2014-09-29,19:00:00,60.665,60.665,60.665,60.665,636,0
2014-09-29,20:00:00,60.606,60.606,60.606,60.606,1521,0
2014-09-29,21:00:00,60.408,60.438,60.408,60.438,2421,0
2014-09-30,17:00:00,60.517,60.517,60.517,60.517,101,0
2014-10-01,17:00:00,60.124,60.124,60.124,60.124,1421,0
2014-10-01,20:00:00,59.926,59.926,59.926,59.926,1116,0
2014-10-01,22:00:00,59.827,59.827,59.817,59.817,406,0
2014-10-02,17:00:00,59.954,59.954,59.954,59.954,608,0
2014-10-03,17:00:00,60.428,60.428,60.428,60.428,3043,0
2014-10-03,22:00:00,60.586,60.586,60.586,60.586,2029,0
2014-10-06,18:00:00,60.507,60.507,60.507,60.507,203,0
2014-10-06,20:00:00,60.468,60.468,60.468,60.468,110166,0
2014-10-07,17:00:00,60.291,60.291,60.291,60.291,598,0
2014-10-08,21:00:00,60.428,60.448,60.428,60.448,1230,0
2014-10-09,16:00:00,60.527,60.527,60.527,60.527,507,0
2014-10-09,20:00:00,59.857,59.857,59.857,59.857,172858,0
2014-10-10,16:00:00,59.777,59.777,59.777,59.777,406,0
2014-10-10,17:00:00,59.68,59.68,59.482,59.482,406,0
2014-10-10,19:00:00,59.433,59.482,59.433,59.482,417,0
2014-10-10,20:00:00,59.551,59.62,59.551,59.62,203,0
2014-10-10,21:00:00,59.65,59.65,59.65,59.65,203,0
2014-10-10,22:00:00,59.048,59.048,59.048,59.048,1217,0
2014-10-13,16:00:00,59.068,59.068,59.068,59.068,101,0
2014-10-13,17:00:00,59.029,59.029,58.792,58.792,1468,0
2014-10-13,18:00:00,58.722,58.852,58.703,58.852,1806,0
2014-10-13,20:00:00,59.048,59.048,59.048,59.048,153,0
2014-10-14,16:00:00,58.722,58.722,58.722,58.722,1624,0
2014-10-14,17:00:00,58.478,58.693,58.478,58.693,567,0
2014-10-14,20:00:00,58.832,58.91,58.832,58.91,2116,0
2014-10-14,21:00:00,58.595,58.595,58.595,58.595,135,0
2014-10-14,22:00:00,58.448,58.448,58.448,58.448,776,0
2014-10-15,18:00:00,57.915,57.915,57.748,57.748,22417,0
2014-10-15,20:00:00,57.156,57.156,57.146,57.146,5810,0
2014-10-15,22:00:00,57.579,57.579,57.579,57.579,388,0
2014-10-16,17:00:00,57.579,57.579,57.579,57.579,101,0
2014-10-16,18:00:00,58.053,58.25,57.994,58.043,2135,0
2014-10-16,22:00:00,58.308,58.318,58.308,58.318,406,0
2014-10-17,18:00:00,59.068,59.068,59.068,59.068,128425,0
2014-10-17,19:00:00,58.842,58.842,58.842,58.842,384,0
2014-10-17,22:00:00,58.92,58.92,58.92,58.92,174,0
2014-10-20,17:00:00,59.088,59.157,59.088,59.157,250,0
2014-10-20,18:00:00,59.177,59.177,59.177,59.177,2929,0
2014-10-20,21:00:00,59.275,59.275,59.275,59.275,381,0
2014-10-22,16:00:00,60.606,60.704,60.606,60.694,507,0
2014-10-22,17:00:00,60.665,60.714,60.596,60.704,1421,0
2014-10-22,22:00:00,60.458,60.458,60.221,60.221,183408,0
2014-10-23,17:00:00,60.783,60.872,60.773,60.872,9929,0
2014-10-23,22:00:00,60.833,60.833,60.833,60.833,101,0
2014-10-24,21:00:00,61.256,61.266,61.256,61.266,2942,0
2014-10-24,22:00:00,61.237,61.237,61.237,61.237,3677,0
2014-10-28,16:00:00,61.463,61.473,61.463,61.473,811,0
2014-10-30,16:00:00,61.818,61.818,61.818,61.818,101,0
2014-10-30,17:00:00,61.887,61.967,61.887,61.967,60358,0
2014-10-30,18:00:00,62.055,62.055,62.055,62.055,203,0
2014-10-30,19:00:00,62.252,62.252,62.252,62.252,507,0
2014-10-30,21:00:00,62.075,62.075,62.075,62.075,188,0
2014-10-31,15:00:00,62.646,62.646,62.646,62.646,483,0
2014-10-31,18:00:00,62.725,62.725,62.725,62.725,68576,0
2014-10-31,20:00:00,62.715,62.715,62.706,62.706,1312,0
2014-10-31,21:00:00,62.636,62.715,62.597,62.706,1331,0
2014-11-03,19:00:00,62.992,62.992,62.992,62.992,31954,0
2014-11-03,21:00:00,62.912,62.912,62.912,62.912,406,0
2014-11-03,22:00:00,62.814,62.892,62.814,62.892,406,0
2014-11-04,21:00:00,62.745,62.745,62.745,62.745,204,0
2014-11-04,22:00:00,62.696,62.696,62.696,62.696,120,0
2014-11-05,18:00:00,62.912,63.05,62.902,63.05,1256,0
2014-11-10,22:00:00,63.543,63.543,63.543,63.543,34287,0
2014-11-12,18:00:00,63.426,63.436,63.426,63.436,2242,0
2014-11-17,16:00:00,63.258,63.336,63.258,63.258,1770,0
2014-11-17,21:00:00,63.583,63.583,63.533,63.533,479,0
2014-11-18,16:00:00,63.721,63.721,63.721,63.721,119,0
2014-11-18,20:00:00,63.958,63.958,63.958,63.958,621,0
2014-11-19,20:00:00,63.761,63.761,63.761,63.761,1711,0
2014-11-25,17:00:00,64.481,64.481,64.481,64.481,811,0
2014-11-25,19:00:00,64.519,64.519,64.519,64.519,775,0
2014-11-25,20:00:00,64.529,64.529,64.5,64.529,1932,0
2014-11-25,22:00:00,64.558,64.558,64.509,64.509,710,0
2014-11-26,17:00:00,64.509,64.509,64.509,64.509,203,0
2014-11-26,18:00:00,64.451,64.461,64.451,64.451,558,0
2014-11-26,20:00:00,64.578,64.578,64.568,64.568,304,0
2014-11-26,21:00:00,64.558,64.558,64.558,64.558,101,0
2014-11-28,18:00:00,64.688,64.688,64.688,64.688,228,0
2014-12-01,21:00:00,64.312,64.312,64.312,64.312,224,0
2014-12-02,17:00:00,64.361,64.401,64.361,64.401,14213,0
2014-12-02,20:00:00,64.411,64.411,64.371,64.371,514,0
2014-12-02,21:00:00,64.49,64.49,64.49,64.49,167,0
2014-12-03,18:00:00,64.648,64.648,64.618,64.618,1144,0
2014-12-03,21:00:00,64.765,64.765,64.765,64.765,101,0
2014-12-05,17:00:00,64.668,64.678,64.668,64.678,812,0
2014-12-05,21:00:00,64.745,64.745,64.745,64.745,203,0
2014-12-08,22:00:00,64.519,64.519,64.519,64.519,5072,0
2014-12-09,18:00:00,64.076,64.086,64.076,64.086,5122,0
2014-12-09,21:00:00,64.381,64.401,64.381,64.401,1957,0
2014-12-09,22:00:00,64.461,64.461,64.461,64.461,7201,0
2014-12-10,20:00:00,64.046,64.046,64.046,64.046,620,0
2014-12-10,21:00:00,63.681,63.681,63.681,63.681,239,0
2014-12-11,18:00:00,64.293,64.293,64.293,64.293,4397,0
2014-12-12,16:00:00,63.553,63.553,63.553,63.553,204,0
2014-12-12,17:00:00,63.711,63.751,63.711,63.751,599,0
2014-12-12,18:00:00,63.139,63.139,63.139,63.139,999,0
2014-12-12,21:00:00,63.326,63.326,63.326,63.326,159,0
2014-12-15,17:00:00,63.189,63.189,63.109,63.109,507,0
2014-12-15,18:00:00,62.627,62.627,62.528,62.528,204,0
2014-12-15,20:00:00,62.785,62.785,62.636,62.676,408,0
2014-12-15,21:00:00,62.636,62.805,62.617,62.666,1835,0
2014-12-15,22:00:00,62.755,62.795,62.646,62.666,1631,0
2014-12-17,16:00:00,62.706,62.745,62.706,62.745,1625,0
2014-12-17,21:00:00,63.05,63.05,63.05,63.05,203,0
2014-12-18,16:00:00,64.224,64.224,64.224,64.224,608,0
2014-12-18,17:00:00,64.371,64.371,64.155,64.155,538,0
2014-12-19,18:00:00,64.905,64.905,64.905,64.905,610,0
2014-12-22,21:00:00,65.239,65.249,65.239,65.249,730,0
2014-12-22,22:00:00,65.298,65.308,65.298,65.298,1625,0
2014-12-23,16:00:00,65.751,65.751,65.751,65.751,509,0
2014-12-23,21:00:00,65.712,65.712,65.712,65.712,457,0
2014-12-26,19:00:00,65.958,65.977,65.948,65.948,302,0
2014-12-26,20:00:00,65.948,65.967,65.948,65.967,404,0
2014-12-26,21:00:00,65.967,66.037,65.967,66.037,23408,0
2014-12-26,22:00:00,66.037,66.037,65.919,65.919,23081,0
2014-12-29,20:00:00,66.007,66.007,66.007,66.007,100,0
2014-12-29,21:00:00,66.107,66.107,66.027,66.027,49339,0
2014-12-30,16:00:00,66.127,66.127,65.958,65.958,1009,0
2014-12-30,19:00:00,65.869,65.889,65.849,65.849,11478,0
2014-12-31,18:00:00,65.799,65.799,65.799,65.799,110,0
2014-12-31,19:00:00,65.829,65.829,65.561,65.581,3834,0
2014-12-31,20:00:00,65.581,65.681,65.502,65.502,3430,0
2014-12-31,21:00:00,65.532,65.532,65.224,65.294,3228,0
2014-12-31,22:00:00,65.284,65.383,64.947,64.947,6132,0
2015-01-02,18:00:00,64.71,64.71,64.71,64.71,463,0
2015-01-02,19:00:00,64.818,64.848,64.738,64.738,807,0
2015-01-05,16:00:00,64.54,64.54,64.54,64.54,3026,0
2015-01-05,19:00:00,64.065,64.065,64.065,64.065,152,0
2015-01-05,20:00:00,63.976,63.976,63.956,63.956,35684,0
2015-01-06,18:00:00,63.718,63.718,63.698,63.698,1917,0
2015-01-07,18:00:00,63.827,63.827,63.748,63.748,2347,0
2015-01-07,19:00:00,64.134,64.214,64.134,64.204,1110,0
2015-01-07,20:00:00,64.154,64.244,64.154,64.234,706,0
2015-01-07,21:00:00,64.214,64.302,64.144,64.144,1615,0
2015-01-07,22:00:00,64.204,64.302,64.174,64.283,16957,0
2015-01-08,16:00:00,64.957,64.957,64.957,64.957,100,0
2015-01-08,17:00:00,65.036,65.086,65.026,65.086,404,0
2015-01-08,18:00:00,65.185,65.234,65.145,65.175,404,0
2015-01-08,19:00:00,65.106,65.205,65.106,65.145,404,0
2015-01-08,20:00:00,65.234,65.264,65.234,65.264,332,0
2015-01-08,21:00:00,65.076,65.264,65.066,65.264,1856,0
2015-01-08,22:00:00,65.244,65.244,65.244,65.244,231,0
2015-01-09,18:00:00,64.67,64.67,64.67,64.67,686,0
2015-01-09,19:00:00,64.848,64.868,64.67,64.798,2724,0
2015-01-09,20:00:00,64.728,64.898,64.728,64.848,11200,0
2015-01-09,21:00:00,64.818,64.818,64.818,64.818,302,0
2015-01-12,16:00:00,64.64,64.64,64.64,64.64,100,0
2015-01-12,17:00:00,64.332,64.332,64.174,64.174,287,0
2015-01-12,18:00:00,64.53,64.53,64.53,64.53,535,0
2015-01-12,19:00:00,64.432,64.432,64.432,64.432,1301,0
2015-01-12,20:00:00,64.322,64.322,64.322,64.322,302,0
2015-01-13,17:00:00,65.116,65.116,65.116,65.116,287,0
2015-01-13,18:00:00,65.056,65.056,65.036,65.036,667,0
2015-01-13,22:00:00,64.234,64.234,64.234,64.234,100,0
2015-01-14,16:00:00,63.52,63.52,63.52,63.52,110,0
2015-01-14,17:00:00,63.718,63.767,63.659,63.767,2063,0
2015-01-14,18:00:00,63.698,63.698,63.698,63.698,404,0
2015-01-14,19:00:00,63.589,63.589,63.589,63.589,404,0
2015-01-14,20:00:00,63.431,63.431,63.361,63.361,3128,0
2015-01-14,21:00:00,63.728,63.728,63.728,63.728,100,0
2015-01-14,22:00:00,63.787,63.837,63.787,63.837,912,0
2015-01-15,16:00:00,64.174,64.174,63.996,64.025,20180,0
2015-01-15,19:00:00,63.906,63.916,63.629,63.629,807,0
2015-01-15,20:00:00,63.718,63.877,63.688,63.698,1124,0
2015-01-15,22:00:00,63.748,63.777,63.748,63.767,408,0
2015-01-16,17:00:00,63.549,63.549,63.549,63.549,525,0
2015-01-16,21:00:00,63.946,63.946,63.946,63.946,331,0
2015-01-20,21:00:00,64.224,64.224,64.224,64.224,1009,0
2015-01-20,22:00:00,64.352,64.362,64.352,64.362,604,0
2015-01-21,16:00:00,64.986,64.986,64.501,64.501,292,0
2015-01-21,17:00:00,64.332,64.738,64.332,64.738,504,0
2015-01-21,18:00:00,64.67,64.67,64.67,64.67,302,0
2015-01-21,20:00:00,64.52,64.52,64.52,64.52,202,0
2015-01-21,22:00:00,64.52,64.58,64.52,64.58,1318,0
2015-01-22,16:00:00,64.491,64.491,64.491,64.491,1011,0
2015-01-22,17:00:00,65.116,65.126,65.116,65.126,780,0
2015-01-22,18:00:00,65.076,65.076,65.076,65.076,429,0
2015-01-22,19:00:00,65.155,65.155,65.126,65.126,192614,0
2015-01-22,22:00:00,65.502,65.502,65.502,65.502,1413,0
2015-01-23,17:00:00,65.403,65.403,65.403,65.403,1211,0
2015-01-23,18:00:00,65.502,65.502,65.413,65.413,605,0
2015-01-23,19:00:00,65.423,65.423,65.423,65.423,202,0
2015-01-23,20:00:00,65.452,65.452,65.452,65.452,202,0
2015-01-23,21:00:00,65.423,65.423,65.423,65.423,404,0
2015-01-26,16:00:00,65.046,65.046,65.046,65.046,202,0
2015-01-26,18:00:00,65.284,65.284,65.284,65.284,202,0
2015-01-26,19:00:00,65.403,65.403,65.205,65.205,1077,0
2015-01-26,20:00:00,65.452,65.452,65.452,65.452,100,0
2015-01-26,21:00:00,65.512,65.512,65.512,65.512,202,0
2015-01-26,22:00:00,65.492,65.601,65.423,65.601,1483,0
2015-01-27,18:00:00,64.808,64.957,64.808,64.957,557,0
2015-01-27,20:00:00,65.224,65.224,65.224,65.224,202,0
2015-01-27,21:00:00,65.423,65.423,65.314,65.324,1901,0
2015-01-27,22:00:00,65.214,65.214,65.126,65.126,202,0
2015-01-28,19:00:00,65.195,65.195,65.195,65.195,404,0
2015-01-28,20:00:00,65.135,65.135,65.135,65.135,302,0
2015-01-29,16:00:00,64.204,64.204,64.204,64.204,605,0
2015-01-29,18:00:00,64.273,64.273,64.273,64.273,1242,0
2015-01-29,19:00:00,64.342,64.342,64.174,64.174,1832,0
2015-01-29,20:00:00,64.482,64.482,64.482,64.482,100,0
2015-01-29,21:00:00,64.52,64.52,64.52,64.52,202,0
2015-01-29,22:00:00,64.56,64.69,64.56,64.68,783,0
2015-01-30,17:00:00,64.283,64.283,64.283,64.283,747,0
2015-01-30,21:00:00,64.452,64.482,64.452,64.472,643,0
2015-01-30,22:00:00,63.916,63.916,63.916,63.916,153,0
2015-02-02,18:00:00,64.104,64.104,64.104,64.104,504,0
2015-02-02,19:00:00,63.936,63.936,63.916,63.916,302,0
2015-02-02,21:00:00,63.916,63.956,63.787,63.906,3197,0
2015-02-02,22:00:00,64.144,64.144,64.144,64.144,273,0
2015-02-03,20:00:00,65.066,65.066,65.066,65.066,5940,0
2015-02-03,21:00:00,65.036,65.036,65.026,65.026,24159,0
2015-02-03,22:00:00,65.294,65.294,65.294,65.294,100,0
2015-02-04,17:00:00,65.314,65.324,65.314,65.324,202,0
2015-02-04,19:00:00,65.314,65.314,65.244,65.244,426,0
2015-02-04,20:00:00,65.254,65.343,65.214,65.214,807,0
2015-02-04,21:00:00,65.304,65.393,65.304,65.393,404,0
2015-02-04,22:00:00,65.482,65.621,65.195,65.195,706,0
2015-02-05,16:00:00,65.621,65.661,65.621,65.651,6356,0
2015-02-05,17:00:00,65.681,65.681,65.681,65.681,202,0
2015-02-05,20:00:00,65.779,65.779,65.779,65.779,402,0
2015-02-05,21:00:00,65.879,65.879,65.879,65.879,273,0
2015-02-05,22:00:00,65.899,65.899,65.899,65.899,142,0
2015-02-06,20:00:00,65.571,65.571,65.571,65.571,152,0
2015-02-10,17:00:00,65.433,65.433,65.433,65.433,702,0
2015-02-10,22:00:00,65.759,65.759,65.759,65.759,216,0
2015-02-11,16:00:00,65.69,65.819,65.69,65.759,793,0
2015-02-11,17:00:00,65.759,65.759,65.759,65.759,131,0
2015-02-11,21:00:00,65.7,65.7,65.7,65.7,302,0
2015-02-12,18:00:00,66.037,66.157,66.037,66.157,1261,0
2015-02-12,19:00:00,66.205,66.205,66.205,66.205,202,0
2015-02-12,20:00:00,66.225,66.305,66.225,66.275,1615,0
2015-02-12,21:00:00,66.285,66.295,66.245,66.255,2285,0
2015-02-13,17:00:00,66.245,66.245,66.245,66.245,318,0
2015-02-13,21:00:00,66.285,66.285,66.285,66.285,2057,0
2015-02-17,16:00:00,67.197,67.197,66.315,66.315,1399,0
2015-02-17,21:00:00,66.473,66.473,66.473,66.473,153,0
2015-02-18,17:00:00,66.493,66.493,66.493,66.493,1354,0
2015-02-19,19:00:00,66.622,66.691,66.622,66.691,2210,0
2015-02-20,16:00:00,66.443,66.443,66.443,66.443,202,0
2015-02-20,19:00:00,66.553,66.553,66.553,66.553,363,0
2015-02-23,20:00:00,66.83,66.83,66.83,66.83,202,0
2015-02-23,22:00:00,66.86,66.86,66.86,66.86,376,0
2015-02-24,16:00:00,66.949,67.008,66.939,66.939,504,0
2015-02-24,17:00:00,66.889,67.078,66.889,67.048,1211,0
2015-02-24,18:00:00,67.048,67.118,67.038,67.038,812,0
2015-02-24,19:00:00,67.028,67.028,66.899,67.008,849,0
2015-02-24,20:00:00,66.969,66.979,66.959,66.979,1101,0
2015-02-25,17:00:00,66.998,66.998,66.989,66.989,504,0
2015-02-25,21:00:00,66.989,66.989,66.989,66.989,3632,0
2015-02-27,16:00:00,66.721,66.721,66.721,66.721,302,0
2015-02-27,17:00:00,66.741,66.741,66.741,66.741,100,0
2015-02-27,18:00:00,66.83,66.83,66.83,66.83,100,0
2015-02-27,19:00:00,66.909,66.909,66.909,66.909,202,0
2015-02-27,20:00:00,66.83,66.83,66.83,66.83,100,0
2015-02-27,22:00:00,66.8,66.85,66.701,66.751,4464,0
2015-03-02,17:00:00,66.919,66.919,66.88,66.88,200,0
2015-03-02,18:00:00,66.85,66.88,66.721,66.88,222,0
2015-03-02,19:00:00,66.721,66.721,66.721,66.721,100,0
2015-03-02,20:00:00,66.87,66.87,66.761,66.761,102,0
2015-03-02,21:00:00,66.899,66.899,66.721,66.721,664,0
2015-03-03,20:00:00,66.681,66.681,66.681,66.681,100,0
2015-03-03,22:00:00,66.731,66.741,66.731,66.741,1615,0
2015-03-04,16:00:00,67.256,67.256,66.345,66.345,353,0
2015-03-04,22:00:00,66.423,66.423,66.285,66.315,1203,0
2015-03-05,16:00:00,66.949,66.949,66.563,66.563,614,0
2015-03-05,18:00:00,66.503,66.543,66.503,66.543,5336,0
2015-03-05,19:00:00,66.512,66.513,66.512,66.513,1750,0
2015-03-05,20:00:00,66.573,66.573,66.573,66.573,1008,0
2015-03-06,19:00:00,65.739,65.739,65.739,65.739,454,0
2015-03-06,22:00:00,65.572,65.572,65.572,65.572,277,0
2015-03-09,17:00:00,65.839,65.839,65.839,65.839,402,0
2015-03-10,17:00:00,65.175,65.175,65.175,65.175,504,0
2015-03-10,20:00:00,65.214,65.214,65.066,65.185,1211,0
2015-03-10,21:00:00,65.145,65.145,65.042,65.096,958,0
2015-03-11,16:00:00,65.126,65.126,65.126,65.126,100,0
2015-03-11,18:00:00,64.996,64.996,64.996,64.996,302,0
2015-03-11,19:00:00,65.081,65.081,64.976,64.976,1110,0
2015-03-11,20:00:00,65.076,65.116,65.046,65.116,807,0
2015-03-11,21:00:00,65.086,65.086,64.996,64.996,706,0
2015-03-12,19:00:00,65.625,65.625,65.625,65.625,446,0
2015-03-13,15:00:00,66.305,66.305,65.571,65.651,602,0
2015-03-13,16:00:00,65.433,65.433,65.433,65.433,574,0
2015-03-13,17:00:00,65.304,65.304,65.304,65.304,100,0
2015-03-13,18:00:00,65.304,65.314,65.304,65.314,302,0
2015-03-13,19:00:00,65.244,65.244,65.244,65.244,100,0
2015-03-13,20:00:00,65.214,65.214,65.165,65.165,201,0
2015-03-13,21:00:00,65.274,65.492,65.274,65.492,301,0
2015-03-16,16:00:00,66.043,66.043,66.043,66.043,514,0
2015-03-16,18:00:00,66.087,66.087,66.087,66.087,154,0
2015-03-16,19:00:00,66.097,66.097,66.097,66.097,100,0
2015-03-16,20:00:00,66.185,66.225,66.165,66.225,410,0
2015-03-17,18:00:00,66.007,66.007,66.007,66.007,1282,0
2015-03-18,19:00:00,65.829,65.837,65.829,65.837,1008,0
2015-03-18,21:00:00,67.147,67.167,67.147,67.157,12666,0
2015-03-19,16:00:00,66.879,66.879,66.879,66.879,252,0
2015-03-19,19:00:00,66.577,66.661,66.577,66.661,917,0
2015-03-19,20:00:00,66.612,66.612,66.612,66.612,201,0
2015-03-20,17:00:00,67.147,67.147,67.028,67.028,201,0
2015-03-20,18:00:00,67.216,67.216,67.216,67.216,502,0
2015-03-20,20:00:00,67.201,67.201,67.201,67.201,166,0
2015-03-20,21:00:00,67.266,67.356,67.266,67.356,706,0
2015-03-23,18:00:00,67.356,67.434,67.356,67.427,603,0
2015-03-23,19:00:00,67.385,67.405,67.296,67.296,26863,0
2015-03-23,20:00:00,67.454,67.454,67.385,67.385,1408,0
2015-03-23,21:00:00,67.266,67.266,67.266,67.266,100,0
2015-03-24,16:00:00,67.068,67.108,67.068,67.095,2623,0
2015-03-24,18:00:00,67.068,67.076,67.068,67.076,857,0
2015-03-24,19:00:00,66.879,66.879,66.879,66.879,152,0
2015-03-24,20:00:00,66.83,66.83,66.83,66.83,100,0
2015-03-24,21:00:00,66.939,66.939,66.85,66.85,301,0
2015-03-25,18:00:00,66.181,66.181,66.181,66.181,100,0
2015-03-25,21:00:00,65.923,65.992,65.903,65.903,602,0
2015-03-26,15:00:00,65.863,65.863,65.445,65.753,1730,0
2015-03-26,20:00:00,65.737,65.737,65.737,65.737,502,0
2015-03-27,20:00:00,65.841,65.898,65.803,65.898,1221,0
2015-03-27,21:00:00,65.898,65.898,65.898,65.898,65,0
2015-03-30,16:00:00,66.331,66.331,66.331,66.331,100,0
2015-03-30,17:00:00,66.639,66.639,66.57,66.57,234,0
2015-03-30,18:00:00,66.629,66.629,66.629,66.629,100,0
2015-03-30,19:00:00,66.689,66.689,66.689,66.689,100,0
2015-03-30,20:00:00,66.868,66.868,66.868,66.868,249,0
2015-03-30,21:00:00,66.868,66.868,66.868,66.868,70,0
2015-03-31,16:00:00,66.53,66.53,66.53,66.53,296,0
2015-03-31,17:00:00,66.53,66.53,66.53,66.53,1,0
2015-03-31,19:00:00,66.619,66.659,66.619,66.64,599,0
2015-03-31,20:00:00,66.669,66.789,66.669,66.679,605,0
2015-03-31,21:00:00,66.659,66.659,66.589,66.659,1529,0
2015-03-31,22:00:00,66.619,66.619,66.281,66.281,5531,0
2015-04-01,16:00:00,66.341,66.341,65.933,65.933,2336,0
2015-04-01,17:00:00,65.933,66.082,65.933,66.082,760,0
2015-04-01,18:00:00,66.152,66.241,66.052,66.181,629,0
2015-04-01,19:00:00,66.022,66.086,66.022,66.086,780,0
2015-04-01,20:00:00,66.082,66.181,65.999,66.181,594,0
2015-04-01,21:00:00,66.162,66.162,66.032,66.032,301,0
2015-04-01,22:00:00,66.072,66.261,66.012,66.261,16118,0
2015-04-02,16:00:00,65.943,65.943,65.943,65.943,101,0
2015-04-02,17:00:00,65.943,66.48,65.943,66.48,1473,0
2015-04-02,18:00:00,66.55,66.55,66.55,66.55,350,0
2015-04-02,20:00:00,66.46,66.46,66.46,66.46,375,0
2015-04-02,21:00:00,66.46,66.477,66.46,66.477,328,0
2015-04-02,22:00:00,66.321,66.5,66.321,66.48,32027,0
2015-04-06,16:00:00,67.057,67.057,67.057,67.057,100,0
2015-04-06,18:00:00,67.057,67.057,67.057,67.057,69,0
2015-04-06,19:00:00,67.057,67.077,66.958,67.077,545,0
2015-04-06,20:00:00,67.077,67.097,67.077,67.097,202,0
2015-04-06,21:00:00,67.097,67.097,66.908,67.077,745,0
2015-04-06,22:00:00,67.077,67.077,66.968,66.972,1391,0
2015-04-07,16:00:00,67.525,67.525,67.525,67.525,100,0
2015-04-07,18:00:00,67.525,67.525,67.525,67.525,12,0
2015-04-07,19:00:00,67.525,67.525,67.005,67.005,170,0
2015-04-07,20:00:00,66.978,66.978,66.938,66.938,579,0
2015-04-07,22:00:00,66.938,66.938,66.938,66.938,141,0
2015-04-08,16:00:00,66.739,66.739,66.739,66.739,145,0
2015-04-08,17:00:00,66.739,66.739,66.739,66.739,60,0
2015-04-08,19:00:00,66.739,66.739,66.739,66.739,5,0
2015-04-09,18:00:00,66.639,66.639,66.609,66.609,603,0
2015-04-09,19:00:00,66.724,66.838,66.724,66.838,376,0
2015-04-09,20:00:00,66.868,66.868,66.779,66.779,1054,0
2015-04-09,21:00:00,66.789,66.838,66.789,66.838,663,0
2015-04-09,22:00:00,66.838,66.838,66.838,66.838,37,0
2015-04-10,22:00:00,67.125,67.187,67.125,67.177,6682,0
2015-04-13,16:00:00,67.774,67.774,67.774,67.774,301,0
2015-04-13,17:00:00,67.276,67.276,67.276,67.276,101,0
2015-04-13,18:00:00,67.256,67.256,67.246,67.246,201,0
2015-04-13,19:00:00,67.246,67.246,67.067,67.087,7760,0
2015-04-13,20:00:00,67.087,67.087,66.948,66.968,2712,0
2015-04-13,21:00:00,67.007,67.007,66.869,66.869,1890,0
2015-04-13,22:00:00,66.894,66.938,66.878,66.878,931,0
2015-04-14,16:00:00,67.177,67.177,67.177,67.177,676,0
2015-04-14,19:00:00,66.898,66.898,66.898,66.898,804,0
2015-04-14,21:00:00,66.898,66.898,66.898,66.898,28,0
2015-04-14,22:00:00,66.898,66.919,66.898,66.919,203,0
2015-04-16,18:00:00,67.017,67.017,67.017,67.017,165,0
2015-04-16,19:00:00,67.077,67.087,67.077,67.087,481,0
2015-04-16,22:00:00,67.087,67.087,67.018,67.018,201,0
2015-04-17,17:00:00,66.46,66.46,66.46,66.46,100,0
2015-04-17,18:00:00,66.39,66.39,66.201,66.201,623,0
2015-04-17,19:00:00,66.46,66.46,66.45,66.45,298,0
2015-04-17,20:00:00,66.427,66.427,66.281,66.281,307,0
2015-04-17,21:00:00,66.171,66.171,66.171,66.171,159,0
2015-04-20,21:00:00,66.898,66.898,66.888,66.898,860,0
2015-04-20,22:00:00,66.948,66.968,66.848,66.918,733,0
2015-04-22,16:00:00,66.709,66.709,66.709,66.709,319,0
2015-04-22,21:00:00,66.988,66.988,66.988,66.988,100,0
2015-04-22,22:00:00,67.027,67.027,67.027,67.027,100,0
2015-04-23,22:00:00,67.306,67.306,67.306,67.306,201,0
2015-04-24,17:00:00,66.997,66.997,66.997,66.997,100,0
2015-04-27,17:00:00,67.306,67.306,67.306,67.306,1105,0
2015-04-27,18:00:00,67.107,67.107,67.107,67.107,783,0
2015-04-27,19:00:00,66.958,66.958,66.958,66.958,10476,0
2015-04-28,18:00:00,66.689,66.689,66.689,66.689,124,0
2015-04-28,19:00:00,66.769,66.769,66.769,66.769,100,0
2015-04-29,19:00:00,66.301,66.301,66.301,66.301,526,0
2015-04-29,22:00:00,66.5,66.5,66.474,66.474,603,0
2015-04-30,16:00:00,66.42,66.42,66.42,66.42,217,0
2015-04-30,17:00:00,66.022,66.022,66.022,66.022,250,0
2015-04-30,22:00:00,65.783,65.903,65.783,65.903,4450,0
2015-05-01,22:00:00,66.422,66.422,66.422,66.422,161,0
2015-05-04,18:00:00,66.95,66.95,66.95,66.95,653,0
2015-05-04,21:00:00,66.918,66.928,66.918,66.927,301,0
2015-05-05,22:00:00,65.953,66.002,65.853,65.893,5955,0
2015-05-06,16:00:00,66.191,66.191,66.191,66.191,100,0
2015-05-06,18:00:00,65.915,65.915,65.915,65.915,127,0
2015-05-06,20:00:00,65.684,65.684,65.634,65.634,301,0
2015-05-06,21:00:00,65.539,65.539,65.539,65.539,161,0
2015-05-06,22:00:00,65.544,65.544,65.544,65.544,301,0
2015-05-07,17:00:00,65.821,66.092,65.821,66.002,5457,0
2015-05-07,21:00:00,66.171,66.171,66.092,66.092,1005,0
2015-05-08,20:00:00,66.798,66.848,66.798,66.831,3470,0
2015-05-12,21:00:00,66.44,66.44,66.44,66.44,191,0
2015-05-13,16:00:00,66.599,66.599,66.599,66.599,527,0
2015-05-13,21:00:00,66.371,66.371,66.371,66.371,100,0
2015-05-15,21:00:00,66.938,66.938,66.938,66.938,120,0
2015-05-18,20:00:00,67.325,67.325,67.325,67.325,253,0
2015-05-20,21:00:00,67.396,67.475,67.396,67.475,322,0
2015-05-20,22:00:00,67.476,67.476,67.476,67.476,201,0
2015-05-21,21:00:00,67.376,67.376,67.376,67.376,427,0
2015-05-22,22:00:00,67.406,67.406,67.396,67.396,2110,0
2015-05-26,18:00:00,66.669,66.669,66.669,66.669,201,0
2015-05-26,21:00:00,66.639,66.639,66.619,66.619,402,0
2015-05-27,17:00:00,66.942,66.968,66.942,66.968,201,0
2015-05-27,20:00:00,67.037,67.037,67.037,67.037,201,0
2015-05-28,19:00:00,66.908,66.918,66.908,66.918,4924,0
2015-05-28,20:00:00,66.918,66.958,66.918,66.958,2412,0
2015-05-28,22:00:00,67.077,67.077,67.077,67.077,1407,0
2015-05-29,19:00:00,66.977,66.977,66.977,66.977,894,0
2015-06-01,18:00:00,66.868,66.868,66.868,66.868,114,0
2015-06-01,22:00:00,66.997,66.997,66.969,66.969,222,0
2015-06-03,16:00:00,67.067,67.067,67.067,67.067,301,0
2015-06-03,21:00:00,66.986,66.986,66.986,66.986,175,0
2015-06-03,22:00:00,66.888,66.888,66.888,66.888,100,0
2015-06-05,20:00:00,66.268,66.268,66.268,66.268,133,0
2015-06-08,18:00:00,66.112,66.112,66.112,66.112,273,0
2015-06-09,20:00:00,65.863,65.863,65.863,65.863,1110,0
2015-06-09,22:00:00,65.803,65.803,65.803,65.803,100,0
2015-06-10,18:00:00,66.512,66.512,66.512,66.512,337,0
2015-06-10,21:00:00,66.58,66.58,66.56,66.57,1010,0
2015-06-10,22:00:00,66.52,66.52,66.52,66.52,100,0
2015-06-11,22:00:00,66.709,66.709,66.709,66.709,201,0
2015-06-12,19:00:00,66.38,66.38,66.38,66.38,452,0
2015-06-12,20:00:00,66.39,66.39,66.39,66.39,232,0
2015-06-12,22:00:00,66.4,66.4,66.4,66.4,1407,0
2015-06-15,18:00:00,66.002,66.002,66.002,66.002,100,0
2015-06-15,20:00:00,66.082,66.082,66.012,66.012,402,0
2015-06-16,18:00:00,66.255,66.255,66.255,66.255,240,0
2015-06-16,20:00:00,66.39,66.39,66.374,66.374,316,0
2015-06-17,16:00:00,66.699,66.699,66.699,66.699,402,0
2015-06-17,17:00:00,66.589,66.589,66.57,66.57,322,0
2015-06-17,19:00:00,66.341,66.341,66.341,66.341,301,0
2015-06-17,21:00:00,66.49,66.49,66.49,66.49,100,0
2015-06-17,22:00:00,66.689,66.724,66.689,66.724,201,0
2015-06-18,20:00:00,67.246,67.246,67.246,67.246,100,0
2015-06-19,22:00:00,67.037,67.047,67.037,67.047,363,0
2015-06-22,20:00:00,67.236,67.236,67.236,67.236,246,0
2015-06-22,22:00:00,67.292,67.292,67.256,67.256,384,0
2015-06-24,18:00:00,67,67,66.93,66.93,200,0
2015-06-24,22:00:00,66.76,66.76,66.76,66.76,135,0
2015-06-29,22:00:00,65.3,65.3,65.3,65.3,100,0
2015-06-30,21:00:00,65.4587,65.4587,65.443,65.443,350,0
2015-07-01,19:00:00,65.84,65.84,65.84,65.84,100,0
2015-07-07,21:00:00,65.84,65.84,65.84,65.84,100,0
2015-07-07,22:00:00,66.28,66.36,66.22,66.27,1958,0
2015-07-08,17:00:00,65.73,65.73,65.73,65.73,100,0
2015-07-08,22:00:00,65.32,65.3201,65.32,65.3201,311,0
2015-07-09,17:00:00,65.78,65.78,65.6601,65.6601,1038,0
2015-07-09,18:00:00,65.802,65.81,65.75,65.81,1150,0
2015-07-10,22:00:00,66.11,66.13,66.11,66.12,1122,0
2015-07-14,16:00:00,66.48,66.48,66.48,66.48,208,0
2015-07-14,22:00:00,66.9008,66.9008,66.9008,66.9008,208,0
2015-07-15,21:00:00,66.77,66.77,66.77,66.77,100,0
2015-07-17,16:00:00,67.04,67.04,67.04,67.04,265,0
2015-07-17,18:00:00,66.75,66.77,66.75,66.7607,400,0
2015-07-17,19:00:00,66.7201,66.73,66.72,66.73,600,0
2015-07-20,16:00:00,66.67,66.68,66.67,66.68,2918,0
2015-07-20,21:00:00,66.96,66.96,66.96,66.96,100,0
2015-07-20,22:00:00,66.92,66.92,66.84,66.84,541,0
2015-07-21,17:00:00,66.85,66.85,66.84,66.85,2344,0
2015-07-27,21:00:00,65.38,65.38,65.38,65.38,180,0
2015-07-27,22:00:00,65.285,65.285,65.27,65.2705,1523,0
2015-07-28,18:00:00,65.583,65.6086,65.5801,65.5801,464,0
2015-07-31,16:00:00,66.85,67.07,66.85,67.07,200,0
2015-08-03,16:00:00,66.69,66.7,66.69,66.7,400,0
2015-08-03,17:00:00,66.71,66.71,66.71,66.71,200,0
2015-08-05,16:00:00,67.1669,67.1669,67.1669,67.1669,300,0
2015-08-05,19:00:00,66.98,66.98,66.85,66.9001,11464,0
2015-08-05,22:00:00,66.99,66.99,66.99,66.99,21117,0
2015-08-06,17:00:00,66.6294,66.64,66.6294,66.64,420,0
2015-08-06,18:00:00,66.4,66.4,66.4,66.4,100,0
2015-08-06,19:00:00,66.186,66.2193,66.186,66.2193,438,0
2015-08-06,20:00:00,66.256,66.256,66.256,66.256,134,0
2015-08-07,17:00:00,66.34,66.3521,66.34,66.3521,602,0
