Date,Time,Open,High,Low,Close,Volume,OpenInt
2015-01-08,16:00:00,40.26,40.6,40.25,40.52,2145,0
2015-01-08,17:00:00,40.54,40.54,40.42,40.43,2606,0
2015-01-08,18:00:00,40.36,40.45,40.36,40.45,3100,0
2015-01-08,19:00:00,40.42,40.43,40.4,40.4,5200,0
2015-01-08,20:00:00,40.16,40.18,39.98,40.04,4246,0
2015-01-08,21:00:00,40.05,40.05,40.05,40.05,400,0
2015-01-08,22:00:00,40.03,40.04,39.97,40.01,5495,0
2015-01-09,16:00:00,40.47,40.53,40.45,40.45,5300,0
2015-01-09,17:00:00,40.63,40.91,40.58,40.68,10531,0
2015-01-09,18:00:00,40.78,40.78,40.55,40.55,3796,0
2015-01-09,19:00:00,40.62,40.63,40.6,40.63,945,0
2015-01-09,20:00:00,40.7,40.88,40.58,40.88,4372,0
2015-01-09,21:00:00,40.81,40.86,40.81,40.86,5800,0
2015-01-09,22:00:00,40.88,40.95,40.77,40.87,9479,0
2015-01-12,16:00:00,41.04,41.38,40.96,41.37,10771,0
2015-01-12,17:00:00,41.3,41.36,41.21,41.23,3539,0
2015-01-12,18:00:00,41.27,41.28,41.22,41.28,2960,0
2015-01-12,19:00:00,41.3,41.52,41.3,41.48,5450,0
2015-01-12,20:00:00,41.48,41.82,41.48,41.77,10004,0
2015-01-12,21:00:00,41.8,41.9,41.7,41.78,13050,0
2015-01-12,22:00:00,41.75,41.84,41.7,41.78,9602,0
2015-01-13,16:00:00,42.07,42.1,41.85,42.0,20795,0
2015-01-13,17:00:00,41.87,41.94,41.84,41.85,4250,0
2015-01-13,18:00:00,41.9,42.21,41.9,42.08,5398,0
2015-01-13,19:00:00,41.99,42.06,41.97,42.05,5367,0
2015-01-13,20:00:00,41.88,41.96,41.75,41.78,5300,0
2015-01-13,21:00:00,41.55,41.9,41.35,41.77,13568,0
2015-01-13,22:00:00,41.7,41.73,41.52,41.53,11570,0
2015-01-14,16:00:00,42.22,42.36,41.91,41.91,17381,0
2015-01-14,17:00:00,42.03,42.22,42.03,42.07,2200,0
2015-01-14,18:00:00,42.07,42.13,42.01,42.02,3400,0
2015-01-14,19:00:00,42.14,42.14,42.03,42.05,2800,0
2015-01-14,20:00:00,42.09,42.09,41.7,41.85,4304,0
2015-01-14,21:00:00,41.79,41.79,41.21,41.78,10800,0
2015-01-14,22:00:00,41.69,41.78,41.48,41.48,22399,0
2015-01-15,16:00:00,43.09,43.56,43.09,43.3,36571,0
2015-01-15,17:00:00,43.38,43.8,43.31,43.56,37671,0
2015-01-15,18:00:00,43.5,44.03,43.47,43.7,17623,0
2015-01-15,19:00:00,43.81,43.84,43.67,43.76,5100,0
2015-01-15,20:00:00,43.68,43.88,43.61,43.62,10394,0
2015-01-15,21:00:00,43.51,43.51,43.4,43.5,9925,0
2015-01-15,22:00:00,43.44,43.48,43.26,43.37,12867,0
2015-01-16,16:00:00,44.12,44.5,44.05,44.5,15305,0
2015-01-16,17:00:00,44.39,44.82,44.36,44.38,26720,0
2015-01-16,18:00:00,44.42,45.09,44.4,44.93,25608,0
2015-01-16,19:00:00,44.82,44.95,44.69,44.69,16215,0
2015-01-16,20:00:00,44.57,44.84,44.5,44.72,9824,0
2015-01-16,21:00:00,44.69,44.84,44.67,44.72,12500,0
2015-01-16,22:00:00,44.7,44.78,44.48,44.6,31681,0
2015-01-20,16:00:00,45.45,45.8,45.38,45.66,22182,0
2015-01-20,17:00:00,45.62,45.87,45.56,45.72,22486,0
2015-01-20,18:00:00,45.8,46.12,45.72,46.06,40605,0
2015-01-20,19:00:00,46.04,46.13,45.95,45.95,10751,0
2015-01-20,20:00:00,45.96,46.03,45.74,45.76,7848,0
2015-01-20,21:00:00,45.88,45.88,45.4,45.83,13031,0
2015-01-20,22:00:00,45.96,46.09,45.8,45.88,15959,0
2015-01-21,16:00:00,46.6,46.71,45.68,45.82,33980,0
2015-01-21,17:00:00,45.87,45.95,45.34,45.52,18500,0
2015-01-21,18:00:00,45.66,45.84,45.4,45.84,6729,0
2015-01-21,19:00:00,45.79,45.85,45.7,45.78,9608,0
2015-01-21,20:00:00,45.85,45.98,45.59,45.82,11893,0
2015-01-21,21:00:00,45.79,46.05,45.79,45.85,5271,0
2015-01-21,22:00:00,45.82,46.03,45.82,45.96,15800,0
2015-01-22,16:00:00,46.53,46.53,45.8,46.05,10759,0
2015-01-22,17:00:00,45.95,46.51,45.95,46.31,6179,0
2015-01-22,18:00:00,46.35,46.85,46.3,46.56,17208,0
2015-01-22,19:00:00,46.56,46.63,46.35,46.39,15673,0
2015-01-22,20:00:00,46.36,46.54,46.33,46.52,7534,0
2015-01-22,21:00:00,46.44,46.52,46.42,46.5,2596,0
2015-01-22,22:00:00,46.56,46.81,46.54,46.59,37120,0
2015-01-23,16:00:00,46.03,46.08,45.93,46.03,10132,0
2015-01-23,17:00:00,45.96,45.96,45.26,45.6,34963,0
2015-01-23,18:00:00,45.59,45.72,45.59,45.68,5590,0
2015-01-23,19:00:00,45.66,45.66,45.54,45.57,4500,0
2015-01-23,20:00:00,45.6,45.88,45.58,45.88,4998,0
2015-01-23,21:00:00,45.73,45.79,45.67,45.7,10072,0
2015-01-23,22:00:00,45.67,45.96,45.67,45.84,11653,0
2015-01-26,16:00:00,45.16,45.21,44.93,45.06,45126,0
2015-01-26,17:00:00,44.99,45.03,44.65,44.91,14512,0
2015-01-26,18:00:00,44.89,44.93,44.76,44.89,35222,0
2015-01-26,19:00:00,44.82,45.0,44.82,44.96,21990,0
2015-01-26,20:00:00,44.9,44.91,44.7,44.84,6328,0
2015-01-26,21:00:00,44.89,44.96,44.89,44.96,3298,0
2015-01-26,22:00:00,44.95,44.99,44.84,44.96,33787,0
2015-01-27,16:00:00,45.41,45.64,45.32,45.62,25658,0
2015-01-27,17:00:00,45.48,46.07,45.48,45.9,33766,0
2015-01-27,18:00:00,45.88,45.91,45.79,45.91,34207,0
2015-01-27,19:00:00,45.78,45.81,45.6,45.6,2154,0
2015-01-27,20:00:00,45.75,45.87,45.69,45.87,7219,0
2015-01-27,21:00:00,45.86,45.92,45.85,45.92,2285,0
2015-01-27,22:00:00,45.85,46.0,45.85,45.91,19188,0
2015-01-28,16:00:00,45.25,45.42,45.21,45.36,8722,0
2015-01-28,17:00:00,45.27,45.52,45.27,45.52,3700,0
2015-01-28,18:00:00,45.5,45.5,45.3,45.3,9000,0
2015-01-28,19:00:00,45.4,45.42,45.32,45.34,4696,0
2015-01-28,20:00:00,45.43,45.45,45.36,45.45,2060,0
2015-01-28,21:00:00,45.44,45.56,44.78,45.17,34640,0
2015-01-28,22:00:00,45.12,45.36,45.12,45.27,15206,0
2015-01-29,16:00:00,44.1,44.31,44.1,44.29,14727,0
2015-01-29,17:00:00,44.32,44.32,43.71,43.8,16927,0
2015-01-29,18:00:00,43.81,43.84,43.32,43.37,18467,0
2015-01-29,19:00:00,43.4,43.4,42.92,43.08,26800,0
2015-01-29,20:00:00,43.14,43.35,43.0,43.33,8168,0
2015-01-29,21:00:00,43.36,43.42,43.18,43.23,26768,0
2015-01-29,22:00:00,43.19,43.39,43.17,43.26,7144,0
2015-01-30,16:00:00,43.7,43.7,43.39,43.5,8600,0
2015-01-30,17:00:00,43.44,44.28,43.44,44.28,38980,0
2015-01-30,18:00:00,44.37,44.69,44.27,44.44,9736,0
2015-01-30,19:00:00,44.42,44.63,44.4,44.54,4070,0
2015-01-30,20:00:00,44.65,44.68,44.6,44.68,950,0
2015-01-30,21:00:00,44.8,45.07,44.8,44.94,4865,0
2015-01-30,22:00:00,45.02,45.12,44.95,45.12,33180,0
2015-02-02,16:00:00,44.04,44.3,44.03,44.25,9424,0
2015-02-02,17:00:00,44.35,44.56,44.23,44.36,16646,0
2015-02-02,18:00:00,44.24,44.47,44.24,44.4,3391,0
2015-02-02,19:00:00,44.54,44.75,44.54,44.71,2386,0
2015-02-02,20:00:00,44.72,45.01,44.59,44.9,15670,0
2015-02-02,21:00:00,44.88,44.89,44.82,44.85,3529,0
2015-02-02,22:00:00,44.87,44.97,44.4,44.45,28109,0
2015-02-03,16:00:00,44.05,44.05,43.55,43.8,12435,0
2015-02-03,17:00:00,43.8,43.8,43.32,43.38,13820,0
2015-02-03,18:00:00,43.2,43.58,43.14,43.58,5922,0
2015-02-03,19:00:00,43.43,43.47,43.38,43.47,5943,0
2015-02-03,20:00:00,43.4,44.0,43.38,43.85,38982,0
2015-02-03,21:00:00,43.89,43.89,43.64,43.64,3400,0
2015-02-03,22:00:00,43.7,43.7,43.42,43.55,5300,0
2015-02-04,16:00:00,43.98,44.04,43.86,44.04,7681,0
2015-02-04,17:00:00,44.07,44.3,43.61,43.66,13660,0
2015-02-04,18:00:00,43.69,43.85,43.61,43.61,2449,0
2015-02-04,19:00:00,43.68,43.68,43.68,43.68,200,0
2015-02-04,20:00:00,43.67,43.67,43.67,43.67,400,0
2015-02-04,21:00:00,43.82,43.82,43.82,43.82,200,0
2015-02-04,22:00:00,43.89,43.96,43.7,43.83,3379,0
2015-02-05,16:00:00,43.48,43.49,43.31,43.49,7390,0
2015-02-05,17:00:00,43.56,43.67,43.56,43.6,2254,0
2015-02-05,18:00:00,43.35,43.71,43.17,43.71,5760,0
2015-02-05,19:00:00,43.59,43.64,43.57,43.64,1528,0
2015-02-05,20:00:00,43.62,43.76,43.62,43.76,2249,0
2015-02-05,21:00:00,43.7,43.9,43.7,43.9,725,0
2015-02-05,22:00:00,43.86,44.02,43.76,44.02,4300,0
2015-02-06,16:00:00,42.08,42.38,42.06,42.33,34690,0
2015-02-06,17:00:00,42.15,42.24,41.64,41.64,46614,0
2015-02-06,18:00:00,41.5,41.69,41.41,41.54,26565,0
2015-02-06,19:00:00,41.55,41.59,41.55,41.56,1600,0
2015-02-06,20:00:00,41.63,41.78,41.54,41.69,9980,0
2015-02-06,21:00:00,41.7,41.77,41.65,41.7,2400,0
2015-02-06,22:00:00,41.74,41.88,41.73,41.76,13300,0
2015-02-09,16:00:00,41.87,42.0,41.87,41.93,6020,0
2015-02-09,17:00:00,42.07,42.18,42.05,42.17,4927,0
2015-02-09,18:00:00,42.07,42.17,42.03,42.08,5055,0
2015-02-09,19:00:00,42.03,42.1,42.0,42.09,8190,0
2015-02-09,20:00:00,42.09,42.2,42.09,42.2,1750,0
2015-02-09,21:00:00,42.17,42.17,42.14,42.15,1500,0
2015-02-09,22:00:00,42.19,42.19,42.11,42.19,5263,0
2015-02-10,16:00:00,41.73,41.75,41.53,41.72,4400,0
2015-02-10,17:00:00,41.72,41.99,41.6,41.97,15852,0
2015-02-10,18:00:00,41.91,41.91,41.83,41.9,5430,0
2015-02-10,19:00:00,41.81,41.81,41.59,41.64,1510,0
2015-02-10,20:00:00,41.52,41.53,41.5,41.53,1100,0
2015-02-10,22:00:00,41.63,41.76,41.63,41.67,4596,0
2015-02-11,16:00:00,41.64,41.73,40.98,41.07,17203,0
2015-02-11,17:00:00,41.05,41.09,40.84,40.92,11735,0
2015-02-11,18:00:00,40.86,41.08,40.85,41.01,15606,0
2015-02-11,19:00:00,40.95,40.95,40.85,40.92,3600,0
2015-02-11,20:00:00,40.82,40.82,40.7,40.74,11510,0
2015-02-11,21:00:00,40.87,40.87,40.69,40.71,3754,0
2015-02-11,22:00:00,40.81,40.81,40.65,40.72,6824,0
2015-02-12,16:00:00,41.06,41.16,41.0,41.0,8435,0
2015-02-12,17:00:00,40.84,40.84,40.75,40.75,1532,0
2015-02-12,18:00:00,40.99,41.11,40.91,41.11,5700,0
2015-02-12,19:00:00,40.97,40.97,40.97,40.97,300,0
2015-02-12,20:00:00,40.75,40.8,40.75,40.75,2000,0
2015-02-12,21:00:00,40.84,40.84,40.82,40.82,350,0
2015-02-12,22:00:00,40.96,40.96,40.82,40.82,1826,0
2015-02-13,16:00:00,41.43,41.5,41.3,41.36,12784,0
2015-02-13,17:00:00,41.19,41.74,41.19,41.54,4850,0
2015-02-13,18:00:00,41.67,41.67,41.34,41.37,2593,0
2015-02-13,19:00:00,41.35,41.45,41.25,41.43,3200,0
2015-02-13,20:00:00,41.33,41.33,41.13,41.3,4880,0
2015-02-13,21:00:00,41.3,41.33,41.26,41.33,11964,0
2015-02-13,22:00:00,41.26,41.27,41.23,41.23,1000,0
2015-02-17,16:00:00,40.17,40.33,40.02,40.15,10151,0
2015-02-17,17:00:00,40.0,40.14,39.62,39.84,18783,0
2015-02-17,18:00:00,39.84,39.86,39.74,39.75,19050,0
2015-02-17,19:00:00,39.75,39.87,39.58,39.8,11620,0
2015-02-17,20:00:00,39.8,39.97,39.8,39.93,3101,0
2015-02-17,21:00:00,39.97,39.97,39.85,39.85,4025,0
2015-02-17,22:00:00,39.91,39.99,39.86,39.96,13725,0
2015-02-18,16:00:00,39.85,40.15,39.85,39.87,9110,0
2015-02-18,17:00:00,39.8,39.85,39.77,39.8,3480,0
2015-02-18,18:00:00,39.63,39.63,39.26,39.36,18407,0
2015-02-18,19:00:00,39.3,39.4,39.3,39.4,2500,0
2015-02-18,20:00:00,39.41,39.44,39.41,39.44,1300,0
2015-02-18,21:00:00,39.39,40.21,39.39,39.96,18625,0
2015-02-18,22:00:00,39.86,40.17,39.86,40.12,10173,0
2015-02-19,16:00:00,40.2,40.26,39.98,39.98,6981,0
2015-02-19,17:00:00,40.0,40.15,39.93,39.93,9692,0
2015-02-19,18:00:00,39.84,40.12,39.84,40.12,6300,0
2015-02-19,19:00:00,40.02,40.25,40.02,40.1,4444,0
2015-02-19,20:00:00,39.95,40.03,39.83,39.9,6725,0
2015-02-19,21:00:00,39.9,39.97,39.87,39.87,8950,0
2015-02-19,22:00:00,39.84,39.9,39.74,39.9,6049,0
2015-02-20,16:00:00,40.1,40.16,40.08,40.16,3475,0
2015-02-20,17:00:00,39.73,39.87,39.71,39.74,9460,0
2015-02-20,18:00:00,39.83,39.83,39.83,39.83,1500,0
2015-02-20,19:00:00,39.86,39.86,39.74,39.74,1525,0
2015-02-20,20:00:00,39.8,39.8,39.33,39.33,7086,0
2015-02-20,21:00:00,39.37,39.42,39.25,39.3,3350,0
2015-02-20,22:00:00,39.3,39.5,39.3,39.42,5305,0
2015-02-23,16:00:00,39.22,39.83,39.22,39.69,31418,0
2015-02-23,17:00:00,39.73,40.02,39.62,39.73,9620,0
2015-02-23,18:00:00,39.49,39.52,39.43,39.52,23284,0
2015-02-23,19:00:00,39.42,39.46,39.3,39.46,2800,0
2015-02-23,20:00:00,39.35,39.45,39.35,39.45,1300,0
2015-02-23,21:00:00,39.45,39.53,39.45,39.48,1148,0
2015-02-23,22:00:00,39.49,39.56,39.46,39.46,29065,0
2015-02-24,16:00:00,39.2,39.24,39.11,39.11,3726,0
2015-02-24,17:00:00,39.1,39.55,38.74,39.55,16626,0
2015-02-24,18:00:00,39.25,39.26,38.92,38.95,65318,0
2015-02-24,19:00:00,38.88,39.2,38.88,39.19,2125,0
2015-02-24,20:00:00,39.22,39.22,39.22,39.22,300,0
2015-02-24,21:00:00,39.43,39.43,39.4,39.4,1357,0
2015-02-24,22:00:00,39.33,39.43,39.33,39.33,4168,0
2015-02-25,16:00:00,39.76,39.81,39.62,39.72,5802,0
2015-02-25,17:00:00,39.7,39.75,39.61,39.63,5351,0
2015-02-25,18:00:00,39.6,39.67,39.6,39.67,2500,0
2015-02-25,19:00:00,39.6,39.63,39.6,39.63,2700,0
2015-02-25,20:00:00,39.47,39.59,39.4,39.59,6367,0
2015-02-25,21:00:00,39.55,39.58,39.55,39.58,410,0
2015-02-25,22:00:00,39.67,39.72,39.62,39.7,8532,0
2015-02-26,16:00:00,40.29,40.29,40.0,40.0,11434,0
2015-02-26,17:00:00,39.95,39.95,39.8,39.91,3985,0
2015-02-26,18:00:00,39.9,40.02,39.9,39.98,3600,0
2015-02-26,19:00:00,39.98,40.02,39.98,40.01,4650,0
2015-02-26,20:00:00,40.06,40.06,40.0,40.0,400,0
2015-02-26,21:00:00,39.95,39.95,39.89,39.9,1450,0
2015-02-26,22:00:00,39.83,39.94,39.82,39.94,4700,0
2015-02-27,16:00:00,40.56,40.56,40.27,40.32,2700,0
2015-02-27,17:00:00,40.28,40.57,40.28,40.5,4374,0
2015-02-27,18:00:00,40.45,40.55,40.35,40.54,10398,0
2015-02-27,19:00:00,40.48,40.48,40.25,40.27,1024,0
2015-02-27,20:00:00,40.25,40.27,40.09,40.24,17208,0
2015-02-27,21:00:00,40.2,40.2,40.2,40.2,100,0
2015-02-27,22:00:00,40.14,40.21,40.07,40.07,16178,0
2015-03-02,16:00:00,40.2,40.29,40.17,40.2,4454,0
2015-03-02,17:00:00,40.12,40.13,39.82,39.87,8773,0
2015-03-02,18:00:00,39.91,39.95,39.81,39.95,7009,0
2015-03-02,19:00:00,39.83,39.83,39.83,39.83,100,0
2015-03-02,20:00:00,39.88,39.89,39.85,39.89,1050,0
2015-03-02,21:00:00,39.88,39.94,39.69,39.69,3426,0
2015-03-02,22:00:00,39.7,39.75,39.63,39.65,2757,0
2015-03-03,16:00:00,40.2175,40.2175,40.13,40.2001,1080,0
2015-03-03,17:00:00,40.23,40.23,39.49,39.55,6076,0
2015-03-03,18:00:00,39.52,39.56,39.501,39.56,400,0
2015-03-03,19:00:00,39.56,39.67,39.56,39.65,600,0
2015-03-03,20:00:00,39.71,39.72,39.616,39.616,600,0
2015-03-03,21:00:00,39.59,39.59,39.59,39.59,100,0
2015-03-03,22:00:00,39.5,39.51,39.47,39.48,2720,0
2015-03-04,16:00:00,39.64,39.64,39.26,39.26,1300,0
2015-03-04,17:00:00,39.25,39.53,39.241,39.52,2922,0
2015-03-04,18:00:00,39.47,39.5025,39.47,39.5025,646,0
2015-03-04,19:00:00,39.482,39.482,39.482,39.482,100,0
2015-03-04,20:00:00,39.4,39.4,39.3901,39.3901,300,0
2015-03-04,21:00:00,39.3601,39.4,39.28,39.28,1325,0
2015-03-04,22:00:00,39.3179,39.3354,39.26,39.31,5136,0
2015-03-05,16:00:00,39.5,39.5,39.5,39.5,319,0
2015-03-05,17:00:00,39.534,39.94,39.487,39.7961,1554,0
2015-03-05,18:00:00,39.76,39.76,39.65,39.65,2575,0
2015-03-05,19:00:00,39.34,39.4,39.34,39.4,600,0
2015-03-05,20:00:00,39.15,39.27,39.09,39.27,2000,0
2015-03-05,21:00:00,39.282,39.284,39.28,39.28,2450,0
2015-03-05,22:00:00,39.33,39.33,39.21,39.22,1757,0
2015-03-06,16:00:00,37.98,38.0096,37.7501,37.8,19674,0
2015-03-06,17:00:00,37.86,37.86,37.58,37.81,8980,0
2015-03-06,18:00:00,37.74,37.74,37.45,37.51,12985,0
2015-03-06,19:00:00,37.47,37.47,37.05,37.09,18613,0
2015-03-06,20:00:00,37.09,37.14,36.9378,37.1196,11797,0
2015-03-06,21:00:00,37.08,37.2474,37.03,37.2299,11363,0
2015-03-06,22:00:00,37.2,37.2299,37.07,37.12,9071,0
2015-03-09,15:00:00,37.43,37.45,37.32,37.39,3793,0
2015-03-09,16:00:00,37.44,37.5672,37.33,37.33,2500,0
2015-03-09,17:00:00,37.222,37.28,37.21,37.21,3318,0
2015-03-09,18:00:00,37.32,37.32,37.21,37.21,650,0
2015-03-09,19:00:00,37.1903,37.23,37.15,37.23,1925,0
2015-03-09,20:00:00,37.258,37.258,37.18,37.2,1747,0
2015-03-09,21:00:00,37.1815,37.213,37.11,37.12,2350,0
2015-03-10,15:00:00,37.16,37.38,37.16,37.18,13287,0
2015-03-10,16:00:00,37.25,37.25,36.95,36.95,4110,0
2015-03-10,17:00:00,36.9,37.06,36.84,36.95,1210,0
2015-03-10,18:00:00,36.8,36.8,36.74,36.744,1160,0
2015-03-10,19:00:00,36.71,36.83,36.71,36.75,2700,0
2015-03-10,20:00:00,36.8499,36.8599,36.73,36.8408,5126,0
2015-03-10,21:00:00,36.7401,36.8,36.74,36.74,2090,0
2015-03-11,15:00:00,36.65,36.65,36.46,36.51,3410,0
2015-03-11,16:00:00,36.4183,36.4999,36.11,36.2557,13469,0
2015-03-11,17:00:00,36.18,36.3,36,36.276,30101,0
2015-03-11,18:00:00,36.23,36.23,36,36,5638,0
2015-03-11,19:00:00,36.1291,36.17,36.0429,36.15,3026,0
2015-03-11,20:00:00,36.2,36.3399,36.17,36.295,6908,0
2015-03-11,21:00:00,36.305,36.3699,36.28,36.3699,3530,0
2015-03-12,15:00:00,36.64,36.65,36.37,36.39,5655,0
2015-03-12,16:00:00,36.4299,36.43,36.28,36.29,4705,0
2015-03-12,17:00:00,36.27,36.4,36.11,36.11,7062,0
2015-03-12,18:00:00,36.13,36.2,36,36.2,3165,0
2015-03-12,19:00:00,36.35,36.35,36.32,36.32,700,0
2015-03-12,20:00:00,36.32,36.4366,36.245,36.33,2345,0
2015-03-12,21:00:00,36.23,36.319,36.23,36.319,1950,0
2015-03-13,15:00:00,36.53,36.7233,36.5,36.7233,4681,0
2015-03-13,16:00:00,36.511,36.511,36.33,36.33,1185,0
2015-03-13,17:00:00,36.2,36.37,36.2,36.3645,5243,0
2015-03-13,18:00:00,36.3,36.326,36.2101,36.2101,1430,0
2015-03-13,19:00:00,36.321,36.321,36.321,36.321,400,0
2015-03-13,20:00:00,36.4745,36.4745,36.38,36.38,1590,0
2015-03-13,21:00:00,36.39,36.45,36.38,36.38,3002,0
2015-03-16,15:00:00,36.5145,36.5339,36.5066,36.5066,2021,0
2015-03-16,16:00:00,36.5099,36.5099,36.256,36.256,1625,0
2015-03-16,17:00:00,36.0401,36.248,36.0401,36.23,16212,0
2015-03-16,18:00:00,36.26,36.31,36.2093,36.31,2500,0
2015-03-16,19:00:00,36.36,36.3842,36.3301,36.3445,2293,0
2015-03-16,20:00:00,36.3201,36.3201,36.28,36.28,600,0
2015-03-16,21:00:00,36.3101,36.45,36.3101,36.45,3350,0
2015-03-17,15:00:00,35.7,36.5,35.6901,36.5,12848,0
2015-03-17,16:00:00,36.42,36.5765,36.37,36.37,400,0
2015-03-17,17:00:00,36.244,36.244,36.244,36.244,250,0
2015-03-17,18:00:00,35.93,36,35.91,35.98,1525,0
2015-03-17,19:00:00,36,36.0492,35.93,36.03,6965,0
2015-03-17,20:00:00,35.9,35.9699,35.88,35.9699,1408,0
2015-03-17,21:00:00,36.0399,36.0399,35.98,35.98,400,0
2015-03-18,15:00:00,36.02,36.02,35.9801,35.9801,724,0
2015-03-18,16:00:00,36.06,36.06,36.01,36.01,491,0
2015-03-18,17:00:00,36.1,36.16,36.1,36.16,500,0
2015-03-18,18:00:00,36.2,36.37,36.17,36.37,1375,0
2015-03-18,19:00:00,36.3,36.3,36.19,36.23,1003,0
2015-03-18,20:00:00,36.36,37.5,36.36,37.21,12305,0
2015-03-18,21:00:00,37.39,37.5,37.2699,37.36,5530,0
2015-03-19,15:00:00,37.12,37.12,36.944,37,4926,0
2015-03-19,16:00:00,36.96,37.19,36.96,37.13,6744,0
2015-03-19,17:00:00,37.0301,37.4099,37.0301,37.4099,1928,0
2015-03-19,18:00:00,37.4099,37.49,37.21,37.3,4072,0
2015-03-19,19:00:00,37.31,37.31,37.23,37.23,782,0
2015-03-19,20:00:00,37.285,37.4,37.282,37.3105,2729,0
2015-03-19,21:00:00,37.34,37.46,37.31,37.31,9726,0
2015-03-20,15:00:00,37.7,37.7699,37.58,37.73,9760,0
2015-03-20,16:00:00,37.94,38.21,37.94,38.0444,5313,0
2015-03-20,17:00:00,38.05,38.25,37.98,38.15,15508,0
2015-03-20,18:00:00,38.2,38.487,38.1315,38.34,17693,0
2015-03-20,19:00:00,38.33,38.33,38.192,38.192,2870,0
2015-03-20,20:00:00,38.1997,38.218,38.08,38.08,3691,0
2015-03-20,21:00:00,38.0601,38.2,38.05,38.08,4333,0
2015-03-23,15:00:00,38.3,38.3,38.109,38.109,2012,0
2015-03-23,16:00:00,38.1485,38.5,38.1485,38.3424,9234,0
2015-03-23,17:00:00,38.3,38.3,38.256,38.28,2410,0
2015-03-23,18:00:00,38.44,38.5302,38.32,38.5302,2557,0
2015-03-23,19:00:00,38.51,38.51,38.465,38.465,2850,0
2015-03-23,20:00:00,38.5006,38.55,38.5,38.55,1872,0
2015-03-23,21:00:00,38.7,38.7,38.63,38.69,2119,0
2015-03-24,15:00:00,38.7,38.7,38.32,38.51,6881,0
2015-03-24,16:00:00,38.49,38.639,38.49,38.57,2350,0
2015-03-24,17:00:00,38.51,38.66,38.5,38.5,3238,0
2015-03-24,18:00:00,38.6723,38.6723,38.6301,38.6301,2700,0
2015-03-24,19:00:00,38.6952,38.81,38.6952,38.81,700,0
2015-03-24,20:00:00,38.7909,38.7909,38.76,38.76,1200,0
2015-03-24,21:00:00,38.768,38.8599,38.7252,38.79,6707,0
2015-03-25,15:00:00,39.15,39.226,39.1,39.15,4786,0
2015-03-25,16:00:00,39.12,39.15,38.98,38.9965,2678,0
2015-03-25,17:00:00,39.0399,39.1,39.0305,39.1,20612,0
2015-03-25,18:00:00,39.1043,39.1043,39,39,5287,0
2015-03-25,19:00:00,39.0201,39.07,38.99,39.0311,2995,0
2015-03-25,20:00:00,39.139,39.139,39.08,39.09,3933,0
2015-03-25,21:00:00,38.96,38.9749,38.93,38.9749,6799,0
2015-03-26,15:00:00,39.59,39.67,39.47,39.54,20760,0
2015-03-26,16:00:00,39.5899,39.69,39.51,39.6,14914,0
2015-03-26,17:00:00,39.6,39.6599,39.5201,39.5495,13494,0
2015-03-26,18:00:00,39.546,39.6799,39.546,39.6799,2449,0
2015-03-26,19:00:00,39.57,39.67,39.4201,39.5,3041,0
2015-03-26,20:00:00,39.4,39.4,39.4,39.4,200,0
2015-03-26,21:00:00,39.4632,39.48,39.4,39.44,1656,0
2015-03-27,15:00:00,39.31,39.31,38.82,38.95,8189,0
2015-03-27,16:00:00,39.2,39.29,39.2,39.29,750,0
2015-03-27,17:00:00,39.08,39.1493,39.08,39.1493,1315,0
2015-03-27,18:00:00,39.1493,39.24,39.1493,39.24,881,0
2015-03-27,19:00:00,39.24,39.27,39.24,39.25,658,0
2015-03-27,20:00:00,39.25,39.267,39.1952,39.267,262,0
2015-03-27,21:00:00,39.32,39.32,39.0401,39.08,3746,0
2015-03-30,16:00:00,38.32,38.383,38.14,38.14,6146,0
2015-03-30,17:00:00,38.2401,38.445,38.13,38.25,10180,0
2015-03-30,18:00:00,38.25,38.26,38.13,38.2,4887,0
2015-03-30,19:00:00,38.254,38.29,38.2,38.2,2722,0
2015-03-30,20:00:00,38.2,38.3,38.2,38.3,394,0
2015-03-30,21:00:00,38.2431,38.33,38.22,38.33,2377,0
2015-03-30,22:00:00,38.33,38.36,38.2601,38.35,1129,0
2015-03-31,16:00:00,38.41,38.4332,38.34,38.4,1711,0
2015-03-31,17:00:00,38.4,38.62,38.4,38.62,1046,0
2015-03-31,18:00:00,38.62,38.62,38.35,38.35,2222,0
2015-03-31,19:00:00,38.3655,38.423,38.3601,38.423,1100,0
2015-03-31,20:00:00,38.1301,38.1301,38.01,38.0404,2345,0
2015-03-31,21:00:00,38.09,38.2499,38.09,38.2499,5449,0
2015-03-31,22:00:00,38.2499,38.2499,38.14,38.14,1215,0
2015-04-01,16:00:00,38.76,39.1699,38.76,39.1699,2638,0
2015-04-01,17:00:00,39.1699,39.4599,39.1699,39.208,6770,0
2015-04-01,18:00:00,39.23,39.363,39.23,39.363,5690,0
2015-04-01,19:00:00,39.34,39.79,39.3006,39.67,10856,0
2015-04-01,20:00:00,39.63,39.79,39.573,39.573,5482,0
2015-04-01,21:00:00,39.573,39.6199,39.4925,39.4925,3636,0
2015-04-01,22:00:00,39.4925,39.5,39.4401,39.49,2903,0
2015-04-02,16:00:00,39.38,39.43,39.35,39.35,1693,0
2015-04-02,17:00:00,39.35,39.35,38.9701,38.9701,6027,0
2015-04-02,18:00:00,38.919,39.1447,38.919,39.1447,6130,0
2015-04-02,19:00:00,39.1447,39.19,39.12,39.12,1318,0
2015-04-02,20:00:00,39.211,39.24,39.211,39.229,700,0
2015-04-02,21:00:00,39.291,39.3071,39.291,39.3071,1000,0
2015-04-02,22:00:00,39.3071,39.34,39.27,39.27,1816,0
2015-04-06,16:00:00,40.63,40.74,40.4,40.4,12424,0
2015-04-06,17:00:00,40.432,40.688,40.432,40.688,6275,0
2015-04-06,18:00:00,40.7,40.7795,40.48,40.502,6323,0
2015-04-06,19:00:00,40.502,40.59,40.502,40.59,645,0
2015-04-06,20:00:00,40.59,40.59,40.3501,40.3901,2980,0
2015-04-06,21:00:00,40.3901,40.3901,40.3593,40.3593,204,0
2015-04-06,22:00:00,40.3593,40.3593,40.151,40.22,5237,0
2015-04-07,16:00:00,40.04,40.04,39.93,39.93,7174,0
2015-04-07,17:00:00,39.99,40.1599,39.99,40.0701,2350,0
2015-04-07,18:00:00,40.0701,40.0785,39.939,39.96,856,0
2015-04-07,19:00:00,40,40.005,39.93,39.93,1488,0
2015-04-07,20:00:00,39.93,39.93,39.8829,39.9,630,0
2015-04-07,21:00:00,39.8746,39.8746,39.7,39.838,16400,0
2015-04-07,22:00:00,39.841,39.9,39.79,39.9,2521,0
2015-04-08,16:00:00,39.87,39.87,39.74,39.75,5544,0
2015-04-08,17:00:00,39.6154,39.69,39.4734,39.4734,1756,0
2015-04-08,18:00:00,39.37,39.4917,39.37,39.4917,3304,0
2015-04-08,19:00:00,39.4917,39.4999,39.27,39.281,2240,0
2015-04-08,20:00:00,39.281,39.608,39.281,39.608,6504,0
2015-04-08,21:00:00,39.44,39.44,39.02,39.135,9829,0
2015-04-08,22:00:00,39.31,39.41,39.2601,39.36,3123,0
2015-04-09,16:00:00,38.92,38.92,38.75,38.8501,4701,0
2015-04-09,17:00:00,38.954,38.954,38.78,38.78,1140,0
2015-04-09,18:00:00,38.8708,38.9099,38.8,38.8699,2862,0
2015-04-09,19:00:00,38.85,38.8601,38.85,38.8601,2342,0
2015-04-09,20:00:00,38.784,38.784,38.73,38.752,458,0
2015-04-09,21:00:00,38.82,38.845,38.74,38.74,1312,0
2015-04-09,22:00:00,38.7596,38.87,38.7596,38.84,1753,0
2015-04-10,16:00:00,39.73,39.85,39.72,39.7401,10905,0
2015-04-10,17:00:00,39.59,39.8,39.59,39.69,8656,0
2015-04-10,18:00:00,39.69,39.69,39.58,39.58,3717,0
2015-04-10,19:00:00,39.58,39.58,39.51,39.51,1381,0
2015-04-10,20:00:00,39.48,39.57,39.48,39.57,715,0
2015-04-10,21:00:00,39.57,39.689,39.57,39.61,790,0
2015-04-10,22:00:00,39.6201,39.76,39.6201,39.67,1902,0
2015-04-13,16:00:00,39.36,39.36,39.2,39.2,6299,0
2015-04-13,17:00:00,39.13,39.13,39.05,39.0955,6755,0
2015-04-13,18:00:00,39.0955,39.0955,38.9191,38.9191,1819,0
2015-04-13,19:00:00,39.2,39.2,39.1004,39.1004,1127,0
2015-04-13,20:00:00,39.13,39.19,39.13,39.18,765,0
2015-04-13,21:00:00,39.18,39.18,39.18,39.18,28,0
2015-04-13,22:00:00,39.08,39.22,39.08,39.15,647,0
2015-04-14,16:00:00,38.98,38.98,38.61,38.67,3644,0
2015-04-14,17:00:00,38.82,38.9604,38.82,38.8701,2632,0
2015-04-14,18:00:00,38.8701,38.8701,38.8701,38.8701,135,0
2015-04-14,19:00:00,38.75,38.75,38.68,38.7,1025,0
2015-04-14,20:00:00,38.7,38.7505,38.69,38.7505,960,0
2015-04-14,21:00:00,38.7505,38.7505,38.684,38.684,384,0
2015-04-14,22:00:00,38.684,38.719,38.6395,38.689,2044,0
2015-04-15,16:00:00,38.82,38.87,38.77,38.77,1902,0
2015-04-15,17:00:00,38.77,38.9688,38.77,38.86,1079,0
2015-04-15,18:00:00,38.7901,38.99,38.7901,38.99,1120,0
2015-04-15,19:00:00,38.99,38.99,38.99,38.99,145,0
2015-04-15,20:00:00,38.99,39.352,38.99,39.352,2237,0
2015-04-15,21:00:00,39.35,39.42,39.35,39.42,2285,0
2015-04-15,22:00:00,39.311,39.4,39.28,39.28,8303,0
2015-04-16,16:00:00,39.45,39.56,39.43,39.5,2062,0
2015-04-16,17:00:00,39.41,39.41,38.9,38.9,2344,0
2015-04-16,18:00:00,38.97,38.9907,38.97,38.9907,200,0
2015-04-16,19:00:00,38.9101,38.99,38.9101,38.99,427,0
2015-04-16,20:00:00,38.9899,39.15,38.97,39.15,1480,0
2015-04-16,21:00:00,39.286,39.286,39.1455,39.15,1311,0
2015-04-16,22:00:00,39.19,39.19,39.0101,39.0101,13556,0
2015-04-17,16:00:00,39.35,39.52,39.25,39.52,368,0
2015-04-17,17:00:00,39.5,39.5,39.38,39.47,707,0
2015-04-17,18:00:00,39.5299,39.5299,39.33,39.33,950,0
2015-04-17,19:00:00,39.3534,39.42,39.3,39.42,1218,0
2015-04-17,20:00:00,39.4299,39.4299,39.4105,39.4105,250,0
2015-04-17,21:00:00,39.271,39.47,39.271,39.4462,1082,0
2015-04-17,22:00:00,39.4901,39.4999,39.41,39.48,631,0
2015-04-20,16:00:00,38.99,39.01,38.82,39.01,1688,0
2015-04-20,17:00:00,38.9861,38.9861,38.58,38.7,4153,0
2015-04-20,18:00:00,38.76,38.81,38.68,38.81,805,0
2015-04-20,19:00:00,38.868,38.87,38.77,38.87,1763,0
2015-04-20,20:00:00,38.75,38.767,38.7001,38.7001,1130,0
2015-04-20,21:00:00,38.83,38.83,38.77,38.778,103,0
2015-04-20,22:00:00,38.76,38.85,38.76,38.82,1159,0
2015-04-21,16:00:00,38.83,38.95,38.82,38.89,2938,0
2015-04-21,17:00:00,38.95,39.1,38.9377,39.0736,2784,0
2015-04-21,18:00:00,38.9,39.1,38.9,39.0266,695,0
2015-04-21,19:00:00,39.0772,39.4,39.077,39.2926,1292,0
2015-04-21,20:00:00,39.2,39.35,39.2,39.2701,234,0
2015-04-21,21:00:00,39.35,39.41,39.3,39.38,139,0
2015-04-21,22:00:00,39.1601,39.271,39.14,39.23,864,0
2015-04-22,16:00:00,38.86,38.96,38.86,38.895,1759,0
2015-04-22,17:00:00,38.85,38.85,38.25,38.4189,11846,0
2015-04-22,18:00:00,38.384,38.48,38.31,38.48,1678,0
2015-04-22,19:00:00,38.35,38.35,38.35,38.35,200,0
2015-04-22,20:00:00,38.35,38.35,38.2543,38.2543,1200,0
2015-04-22,21:00:00,38.308,38.308,38.308,38.308,150,0
2015-04-22,22:00:00,38.26,38.2688,38.2,38.24,2430,0
2015-04-23,16:00:00,38.23,38.414,38.23,38.2588,4026,0
2015-04-23,17:00:00,38.38,38.3901,38.38,38.39,700,0
2015-04-23,18:00:00,38.7,38.7,38.69,38.7,3302,0
2015-04-23,19:00:00,38.6,38.647,38.5701,38.5701,950,0
2015-04-23,20:00:00,38.7,38.7287,38.7,38.7287,1500,0
2015-04-23,21:00:00,38.9,38.9729,38.9,38.9729,4715,0
2015-04-23,22:00:00,38.83,38.83,38.8012,38.8012,200,0
2015-04-24,16:00:00,38.28,38.298,37.9,37.9,5692,0
2015-04-24,17:00:00,37.87,37.87,37.61,37.71,3326,0
2015-04-24,18:00:00,37.6712,37.7843,37.6712,37.7843,2710,0
2015-04-24,19:00:00,37.7104,37.7104,37.5599,37.56,1787,0
2015-04-24,20:00:00,37.5999,37.69,37.591,37.69,2350,0
2015-04-24,21:00:00,37.7,37.72,37.66,37.72,4548,0
2015-04-24,22:00:00,37.68,37.77,37.67,37.77,2352,0
2015-04-27,16:00:00,38.19,38.24,38.19,38.2,9072,0
2015-04-27,17:00:00,38.34,39.26,38.34,39.26,35656,0
2015-04-27,18:00:00,39.24,39.298,39.22,39.27,2250,0
2015-04-27,19:00:00,39.2,39.6299,39.2,39.578,8398,0
2015-04-27,20:00:00,39.58,39.59,39.29,39.38,4013,0
2015-04-27,21:00:00,39.38,39.38,39.38,39.38,250,0
2015-04-27,22:00:00,39.292,39.328,39.16,39.21,2863,0
2015-04-28,16:00:00,39.13,39.5033,39.13,39.4,3835,0
2015-04-28,17:00:00,39.46,40.0899,39.46,40.0899,15396,0
2015-04-28,18:00:00,40.0199,40.0199,39.9,39.977,7336,0
2015-04-28,19:00:00,39.9737,40.0188,39.95,40,3400,0
2015-04-28,20:00:00,39.95,40.05,39.95,39.981,5475,0
2015-04-28,21:00:00,40.03,40.08,39.98,39.98,4000,0
2015-04-28,22:00:00,39.95,39.9999,39.83,39.89,2340,0
2015-04-29,16:00:00,39.8,39.8,39.58,39.6101,1908,0
2015-04-29,17:00:00,39.8199,39.912,39.51,39.65,4322,0
2015-04-29,18:00:00,39.8,39.9,39.72,39.8,8890,0
2015-04-29,19:00:00,39.705,39.705,39.705,39.705,200,0
2015-04-29,20:00:00,39.8,39.8,39.7692,39.7692,1650,0
2015-04-29,21:00:00,39.69,39.69,39.1601,39.4101,9832,0
2015-04-29,22:00:00,39.438,39.438,39.3571,39.3571,588,0
2015-04-30,16:00:00,38.13,38.25,37.8,37.8101,7631,0
2015-04-30,17:00:00,37.8,37.947,37.62,37.8313,14314,0
2015-04-30,18:00:00,37.9699,37.9699,37.7257,37.8552,5877,0
2015-04-30,19:00:00,37.9434,37.9434,37.9434,37.9434,100,0
2015-04-30,20:00:00,38,38.09,38,38.09,200,0
2015-04-30,21:00:00,38.0268,38.0268,38.0268,38.0268,255,0
2015-04-30,22:00:00,38.05,38.1,37.9136,37.94,13790,0
2015-05-01,16:00:00,37.29,37.53,37.23,37.53,6085,0
2015-05-01,17:00:00,37.5,37.5,37.29,37.3101,2349,0
2015-05-01,18:00:00,37.37,37.4398,37.37,37.4,1100,0
2015-05-01,19:00:00,37.36,37.4,37.25,37.3649,4218,0
2015-05-01,20:00:00,37.3799,37.5,37.3799,37.4999,2000,0
2015-05-01,21:00:00,37.5,37.5,37.45,37.45,1100,0
2015-05-01,22:00:00,37.54,37.78,37.4701,37.78,8159,0
2015-05-04,16:00:00,38.39,38.5,38.31,38.351,12107,0
2015-05-04,17:00:00,38.35,38.56,38.35,38.54,3153,0
2015-05-04,18:00:00,38.5,38.5,38.342,38.441,1900,0
2015-05-04,19:00:00,38.5,38.59,38.483,38.59,3100,0
2015-05-04,20:00:00,38.4,38.4,38.36,38.36,3044,0
2015-05-04,22:00:00,38.337,38.4388,38.2503,38.37,3818,0
2015-05-05,16:00:00,38.86,39.05,38.8,38.96,2508,0
2015-05-05,18:00:00,38.8499,38.86,38.8499,38.86,1100,0
2015-05-05,19:00:00,38.8144,38.8144,38.73,38.73,200,0
2015-05-05,20:00:00,38.7,38.725,38.5901,38.725,2910,0
2015-05-05,21:00:00,38.66,38.66,38.61,38.61,2306,0
2015-05-05,22:00:00,38.6845,38.6845,38.6,38.6,310,0
2015-05-06,16:00:00,38.7986,38.7986,38.7986,38.7986,1000,0
2015-05-06,17:00:00,38.67,38.67,38.33,38.38,2150,0
2015-05-06,18:00:00,38.37,38.403,38.37,38.403,5100,0
2015-05-06,19:00:00,38.43,38.43,38.43,38.43,700,0
2015-05-06,20:00:00,38.4,38.4,38.4,38.4,200,0
2015-05-06,21:00:00,38.54,38.54,38.43,38.4596,900,0
2015-05-06,22:00:00,38.532,38.532,38.48,38.48,858,0
2015-05-07,16:00:00,38.11,38.27,38.11,38.14,2490,0
2015-05-07,17:00:00,38.09,38.09,37.9,37.9,7139,0
2015-05-07,19:00:00,37.9701,37.9701,37.9701,37.9701,300,0
2015-05-07,20:00:00,38,38,38,38,345,0
2015-05-07,21:00:00,37.98,37.98,37.97,37.97,1100,0
2015-05-07,22:00:00,37.97,37.97,37.8901,37.9338,2010,0
2015-05-08,16:00:00,38.41,38.47,38.41,38.4303,2248,0
2015-05-08,17:00:00,38.15,38.15,38.0638,38.0638,1400,0
2015-05-08,18:00:00,38.05,38.182,38.05,38.182,1747,0
2015-05-08,19:00:00,38.321,38.321,38.3206,38.3206,915,0
2015-05-08,20:00:00,38.35,38.35,38.3,38.325,1000,0
2015-05-08,22:00:00,38.31,38.34,38.29,38.34,5161,0
2015-05-11,16:00:00,38.34,38.4225,38.34,38.4225,662,0
2015-05-11,17:00:00,38.3612,38.3612,38.3612,38.3612,125,0
2015-05-11,18:00:00,38.25,38.25,37.713,37.8499,4032,0
2015-05-11,19:00:00,38.0499,38.0499,38.0499,38.0499,200,0
2015-05-11,20:00:00,38.08,38.08,38.08,38.08,200,0
2015-05-11,21:00:00,37.98,38.0118,37.98,37.985,900,0
2015-05-11,22:00:00,37.99,38.04,37.99,38.04,200,0
2015-05-12,16:00:00,38.41,38.57,38.38,38.4555,2330,0
2015-05-12,17:00:00,38.5399,38.5399,38.36,38.36,345,0
2015-05-12,18:00:00,38.56,38.56,38.56,38.56,100,0
2015-05-12,19:00:00,38.6294,38.69,38.59,38.69,500,0
2015-05-12,20:00:00,38.5999,38.5999,38.5999,38.5999,500,0
2015-05-12,21:00:00,38.61,38.662,38.61,38.662,5148,0
2015-05-12,22:00:00,38.6304,38.6304,38.54,38.57,1986,0
2015-05-13,16:00:00,39.42,39.7401,39.42,39.7401,8209,0
2015-05-13,17:00:00,39.9,40.12,39.8206,40.04,27612,0
2015-05-13,18:00:00,40,40.05,39.91,40.05,30738,0
2015-05-13,19:00:00,39.96,40.21,39.9053,40.168,10097,0
2015-05-13,20:00:00,40.2,40.3,40.075,40.0985,4675,0
2015-05-13,21:00:00,40.05,40.05,39.95,40.034,5300,0
2015-05-13,22:00:00,40,40.09,39.99,39.99,3976,0
2015-05-14,16:00:00,40.6,40.75,40.44,40.71,6849,0
2015-05-14,17:00:00,40.77,40.83,40.4,40.4001,7488,0
2015-05-14,18:00:00,40.43,40.5399,40.43,40.5365,1797,0
2015-05-14,19:00:00,40.55,40.656,40.5,40.656,2107,0
2015-05-14,20:00:00,40.68,40.75,40.5601,40.5601,1902,0
2015-05-14,21:00:00,40.5594,40.56,40.39,40.41,15316,0
2015-05-14,22:00:00,40.49,40.5062,40.4,40.48,1809,0
2015-05-15,16:00:00,40.13,40.3599,39.99,40.293,5724,0
2015-05-15,17:00:00,40.37,40.68,40.37,40.57,1667,0
2015-05-15,18:00:00,40.55,40.55,40.52,40.52,400,0
2015-05-15,19:00:00,40.59,40.69,40.59,40.69,1534,0
2015-05-15,20:00:00,40.62,40.83,40.62,40.65,5117,0
2015-05-15,21:00:00,40.55,40.61,40.55,40.61,400,0
2015-05-15,22:00:00,40.7599,40.7599,40.62,40.75,3877,0
2015-05-18,16:00:00,40.93,40.93,40.56,40.56,1365,0
2015-05-18,17:00:00,40.74,40.8,40.74,40.77,1900,0
2015-05-18,18:00:00,40.9036,40.9036,40.8788,40.8788,2300,0
2015-05-18,19:00:00,40.82,40.85,40.7,40.85,400,0
2015-05-18,20:00:00,40.81,40.81,40.7001,40.7563,8443,0
2015-05-18,21:00:00,40.6208,40.75,40.6112,40.7295,19783,0
2015-05-18,22:00:00,40.7399,40.7399,40.68,40.72,1500,0
2015-05-19,16:00:00,39.97,40.09,39.8901,40.09,2862,0
2015-05-19,17:00:00,40.0299,40.0299,39.5,39.5,3709,0
2015-05-19,18:00:00,39.52,39.6,39.42,39.57,3793,0
2015-05-19,19:00:00,39.561,39.561,39.561,39.561,100,0
2015-05-19,20:00:00,39.5,39.5,39.5,39.5,500,0
2015-05-19,21:00:00,39.5101,39.5101,39.5101,39.5101,100,0
2015-05-19,22:00:00,39.6299,39.658,39.5201,39.53,1730,0
2015-05-20,16:00:00,39.58,39.61,39.58,39.58,12373,0
2015-05-20,17:00:00,39.76,39.76,39.7254,39.7254,770,0
2015-05-20,18:00:00,39.71,39.7899,39.61,39.61,814,0
2015-05-20,20:00:00,39.55,39.55,39.55,39.55,250,0
2015-05-20,21:00:00,39.73,39.76,39.5,39.76,1474,0
2015-05-20,22:00:00,39.7,39.7,39.65,39.65,1761,0
2015-05-21,16:00:00,39.27,39.37,39.27,39.3,5011,0
2015-05-21,17:00:00,39.5299,39.5299,39.34,39.38,1275,0
2015-05-21,18:00:00,39.4639,39.4639,39.3136,39.3136,730,0
2015-05-21,19:00:00,39.3,39.344,39.2501,39.2501,2550,0
2015-05-21,20:00:00,39.31,39.38,39.26,39.26,550,0
2015-05-21,21:00:00,39.38,39.38,39.38,39.38,100,0
2015-05-21,22:00:00,39.4,39.47,39.32,39.47,1396,0
2015-05-22,16:00:00,39.23,39.3387,39.23,39.3387,3200,0
2015-05-22,17:00:00,39.265,39.55,39.21,39.411,17011,0
2015-05-22,18:00:00,39.3901,39.4072,39.3582,39.3601,900,0
2015-05-22,20:00:00,39.35,39.3799,39.23,39.3399,1125,0
2015-05-22,21:00:00,39.25,39.268,39.25,39.26,700,0
2015-05-22,22:00:00,39.3743,39.3743,39.3743,39.3743,500,0
2015-05-26,16:00:00,38.25,38.36,38.07,38.26,13570,0
2015-05-26,17:00:00,38.2,38.3499,38.1,38.27,3700,0
2015-05-26,18:00:00,38.3,38.3,38.2,38.2,2701,0
2015-05-26,19:00:00,38.215,38.215,38.15,38.15,1800,0
2015-05-26,20:00:00,38.15,38.22,38.15,38.2,16724,0
2015-05-26,22:00:00,38.211,38.3299,38.211,38.26,5281,0
2015-05-27,16:00:00,38.06,38.06,38.06,38.06,700,0
2015-05-27,17:00:00,38.19,38.19,38.19,38.19,400,0
2015-05-27,19:00:00,38.1323,38.1323,38.1323,38.1323,1000,0
2015-05-27,21:00:00,38.14,38.17,38.14,38.17,1180,0
2015-05-28,16:00:00,38.03,38.13,37.8012,37.9,17020,0
2015-05-28,17:00:00,37.8,37.8,37.8,37.8,300,0
2015-05-28,18:00:00,38.2499,38.27,38.2201,38.2691,1731,0
2015-05-28,19:00:00,38.1231,38.224,38.12,38.224,650,0
2015-05-28,20:00:00,38.36,38.36,38.2863,38.2863,1002,0
2015-05-28,21:00:00,38.3,38.3,38.28,38.28,15400,0
2015-05-28,22:00:00,38.204,38.25,38.19,38.25,2356,0
2015-05-29,16:00:00,38.41,38.5,38.3,38.5,24120,0
2015-05-29,17:00:00,38.435,38.49,38.435,38.49,400,0
2015-05-29,18:00:00,38.29,38.29,38.29,38.29,200,0
2015-05-29,19:00:00,38.3,38.3,38.22,38.29,2700,0
2015-05-29,20:00:00,38.26,38.37,38.26,38.37,1900,0
2015-05-29,21:00:00,38.395,38.475,38.365,38.365,1450,0
2015-05-29,22:00:00,38.39,38.4,38.32,38.3799,1958,0
2015-06-01,16:00:00,38.9,39.1599,38.9,39.1599,2708,0
2015-06-01,17:00:00,39.13,39.17,38.8701,39.0499,12337,0
2015-06-01,18:00:00,38.88,38.88,38.53,38.6,1000,0
2015-06-01,19:00:00,38.55,38.55,38.4,38.4,950,0
2015-06-01,20:00:00,38.25,38.28,38.25,38.28,1200,0
2015-06-01,21:00:00,38.25,38.2899,38.25,38.25,500,0
2015-06-01,22:00:00,38.29,38.29,38.29,38.29,100,0
2015-06-02,16:00:00,38.5,38.5,38.5,38.5,200,0
2015-06-02,18:00:00,38.4499,38.45,38.4,38.43,1659,0
2015-06-02,19:00:00,38.5,38.57,38.49,38.57,5400,0
2015-06-02,20:00:00,38.57,38.6188,38.57,38.6188,500,0
2015-06-02,22:00:00,38.565,38.565,38.565,38.565,100,0
2015-06-03,16:00:00,38.48,38.48,38.35,38.35,559,0
2015-06-03,17:00:00,38.36,38.38,38.3001,38.349,2763,0
2015-06-03,19:00:00,38.2,38.2,37.57,37.88,5275,0
2015-06-03,20:00:00,37.92,37.9299,37.9,37.9,600,0
2015-06-03,21:00:00,37.99,38.15,37.96,37.96,600,0
2015-06-03,22:00:00,38.1472,38.1472,37.99,38.05,3185,0
2015-06-04,16:00:00,37.4,37.59,37.36,37.4,9050,0
2015-06-04,17:00:00,37.4,37.49,37.3,37.4,6843,0
2015-06-04,18:00:00,37.25,37.34,37.25,37.34,920,0
2015-06-04,19:00:00,37.3008,37.4887,37.3,37.4887,2266,0
2015-06-04,20:00:00,37.42,37.45,37.4,37.4299,960,0
2015-06-04,21:00:00,37.4753,37.4753,37.44,37.44,1600,0
2015-06-04,22:00:00,37.5,37.5599,37.4618,37.51,2008,0
2015-06-05,16:00:00,36.54,36.785,36.54,36.75,3737,0
2015-06-05,17:00:00,36.65,37.06,36.65,37,11513,0
2015-06-05,18:00:00,36.97,37.085,36.96,36.969,5143,0
2015-06-05,19:00:00,36.96,36.9794,36.9,36.97,866,0
2015-06-05,20:00:00,36.949,37.0445,36.949,36.9501,461,0
2015-06-05,22:00:00,37.15,37.17,37.02,37.02,2239,0
2015-06-08,16:00:00,37.2199,37.2199,37.1627,37.2,760,0
2015-06-08,17:00:00,37.1,37.1,37.1,37.1,250,0
2015-06-08,18:00:00,37.05,37.05,36.996,37.02,6111,0
2015-06-08,19:00:00,37.1636,37.18,37.1449,37.16,2520,0
2015-06-08,20:00:00,37.2352,37.35,37.2352,37.33,2195,0
2015-06-08,22:00:00,37.36,37.36,37.36,37.36,124,0
2015-06-09,16:00:00,37.68,37.69,37.62,37.69,3251,0
2015-06-09,17:00:00,37.53,37.53,37.41,37.41,1350,0
2015-06-09,18:00:00,37.54,37.54,37.52,37.52,1100,0
2015-06-09,19:00:00,37.5,37.548,37.432,37.51,2405,0
2015-06-09,20:00:00,37.5501,37.5501,37.46,37.46,650,0
2015-06-09,21:00:00,37.5573,37.5573,37.48,37.48,12000,0
2015-06-09,22:00:00,37.44,37.44,37.44,37.44,100,0
2015-06-10,16:00:00,38.2,38.33,38.2,38.22,6332,0
2015-06-10,17:00:00,38.22,38.25,38.14,38.14,5560,0
2015-06-10,19:00:00,38.16,38.16,38.05,38.12,1450,0
2015-06-10,20:00:00,38.1585,38.166,38.1585,38.166,281,0
2015-06-10,21:00:00,38.107,38.107,38.107,38.107,800,0
2015-06-10,22:00:00,38.0101,38.1399,38.0101,38.05,11050,0
2015-06-11,16:00:00,37.54,37.5464,37.52,37.5464,1402,0
2015-06-11,17:00:00,37.5649,37.6999,37.5649,37.6501,1478,0
2015-06-11,18:00:00,37.613,37.64,37.6,37.62,800,0
2015-06-11,21:00:00,37.68,37.83,37.68,37.83,240,0
2015-06-11,22:00:00,37.85,37.85,37.73,37.75,6141,0
2015-06-12,16:00:00,37.5,37.87,37.5,37.87,1482,0
2015-06-12,17:00:00,37.7912,37.7912,37.78,37.78,200,0
2015-06-12,18:00:00,37.63,37.63,37.58,37.585,5766,0
2015-06-12,19:00:00,37.6136,37.6136,37.6136,37.6136,440,0
2015-06-12,22:00:00,37.7027,37.7027,37.6807,37.6807,300,0
2015-06-15,16:00:00,37.81,37.82,37.79,37.82,3175,0
2015-06-15,17:00:00,37.89,37.89,37.89,37.89,2000,0
2015-06-15,18:00:00,37.797,38.1497,37.797,38.09,3250,0
2015-06-15,19:00:00,38.2899,38.2899,38.1651,38.1651,350,0
2015-06-15,20:00:00,38.12,38.13,38.06,38.06,3270,0
2015-06-15,22:00:00,38.14,38.1899,38.04,38.0706,3869,0
2015-06-16,16:00:00,37.7,37.7,37.46,37.46,10517,0
2015-06-16,17:00:00,37.59,37.5999,37.451,37.4513,1383,0
2015-06-16,18:00:00,37.5186,37.5186,37.5186,37.5186,100,0
2015-06-16,19:00:00,37.72,37.72,37.72,37.72,500,0
2015-06-16,20:00:00,37.7499,37.81,37.7499,37.81,4255,0
2015-06-16,22:00:00,37.7714,37.7714,37.702,37.702,600,0
2015-06-17,16:00:00,37.52,37.57,37.5,37.56,8648,0
2015-06-17,17:00:00,37.49,37.49,37.4855,37.4855,600,0
2015-06-17,18:00:00,37.33,37.4,37.33,37.4,650,0
2015-06-17,19:00:00,37.46,37.46,37.4037,37.4037,400,0
2015-06-17,20:00:00,37.4123,37.5101,37.4,37.5101,950,0
2015-06-17,21:00:00,37.8867,37.92,37.68,37.92,5131,0
2015-06-17,22:00:00,38.1,38.1,37.96,38,2804,0
2015-06-18,16:00:00,38.85,39.14,38.85,39.04,8802,0
2015-06-18,17:00:00,38.96,39.17,38.96,38.9883,5853,0
2015-06-18,18:00:00,39.1,39.258,38.8448,38.8448,2622,0
2015-06-18,19:00:00,38.815,38.92,38.815,38.8813,1700,0
2015-06-18,20:00:00,38.99,39.05,38.95,39.05,5000,0
2015-06-18,21:00:00,39.1799,39.1799,39.1799,39.1799,1000,0
2015-06-18,22:00:00,38.9542,39.1099,38.93,39.01,1083,0
2015-06-19,16:00:00,39.01,39.21,39.01,39.21,2873,0
2015-06-19,17:00:00,39.11,39.1277,39,39,900,0
2015-06-19,18:00:00,38.8501,39,38.8501,39,5094,0
2015-06-19,19:00:00,39.1656,39.1656,39.1139,39.14,1264,0
2015-06-19,21:00:00,38.97,38.97,38.925,38.925,400,0
2015-06-19,22:00:00,38.9006,38.9459,38.9006,38.9459,300,0
2015-06-22,16:00:00,37.89,38.06,37.89,38.0001,6828,0
2015-06-22,17:00:00,37.99,37.99,37.84,37.8553,6871,0
2015-06-22,18:00:00,38.0065,38.0065,37.99,37.99,400,0
2015-06-22,19:00:00,37.91,37.91,37.91,37.91,102,0
2015-06-22,20:00:00,37.89,37.89,37.86,37.875,2000,0
2015-06-22,21:00:00,37.8266,37.8728,37.8266,37.8728,350,0
2015-06-22,22:00:00,37.85,37.9167,37.85,37.8835,17038,0
2015-06-23,16:00:00,37.53,37.61,37.44,37.61,3810,0
2015-06-23,17:00:00,37.5799,37.59,37.5,37.5499,2451,0
2015-06-23,18:00:00,37.49,37.5299,37.44,37.49,3000,0
2015-06-23,19:00:00,37.5,37.51,37.45,37.4901,10500,0
2015-06-23,20:00:00,37.4755,37.49,37.39,37.41,2991,0
2015-06-23,21:00:00,37.3845,37.41,37.3845,37.41,1800,0
2015-06-23,22:00:00,37.38,37.474,37.35,37.474,1500,0
2015-06-24,16:00:00,37.1,37.3399,37.1,37.3399,1305,0
2015-06-24,17:00:00,37.18,37.18,37.1,37.1,870,0
2015-06-24,18:00:00,37.194,37.23,37.0701,37.1285,1474,0
2015-06-24,19:00:00,37.2186,37.2186,37.2186,37.2186,100,0
2015-06-24,20:00:00,37.22,37.22,37.2,37.2,2001,0
2015-06-24,22:00:00,37.1701,37.2699,37.1701,37.2699,450,0
2015-06-25,16:00:00,37.0905,37.0905,37.0905,37.0905,655,0
2015-06-25,18:00:00,37.1907,37.1907,37.1907,37.1907,400,0
2015-06-25,19:00:00,37.18,37.2,37.18,37.2,2130,0
2015-06-25,21:00:00,37.2,37.23,37.194,37.194,6430,0
2015-06-25,22:00:00,37.101,37.101,37.101,37.101,100,0
2015-06-26,16:00:00,37.05,37.05,36.99,37,7482,0
2015-06-26,17:00:00,37.1,37.1,37.1,37.1,100,0
2015-06-26,18:00:00,37.091,37.091,37.091,37.091,100,0
2015-06-26,19:00:00,37.1718,37.295,37.1282,37.27,4475,0
2015-06-26,20:00:00,37.254,37.26,37.254,37.26,575,0
2015-06-26,21:00:00,37.25,37.2798,37.2462,37.2462,675,0
2015-06-26,22:00:00,37.25,37.33,37.2101,37.33,10543,0
2015-06-29,16:00:00,37.41,37.41,37.15,37.292,7505,0
2015-06-29,17:00:00,37.251,37.43,37.2501,37.3,3763,0
2015-06-29,18:00:00,37.5677,37.5677,37.4272,37.4272,4590,0
2015-06-29,19:00:00,37.521,37.521,37.4652,37.51,1700,0
2015-06-29,20:00:00,37.54,37.5533,37.51,37.5533,762,0
2015-06-29,21:00:00,37.6,37.6,37.6,37.6,100,0
2015-06-29,22:00:00,37.57,37.58,37.4766,37.58,11056,0
2015-06-30,16:00:00,37.03,37.06,36.95,36.98,9363,0
2015-06-30,17:00:00,37.07,37.07,36.9512,36.96,1350,0
2015-06-30,18:00:00,36.87,37.15,36.65,37.15,6050,0
2015-06-30,19:00:00,37.4648,37.4648,37.2699,37.2699,2120,0
2015-06-30,20:00:00,37.1001,37.15,37.044,37.044,7550,0
2015-06-30,21:00:00,37.1,37.1792,37.1,37.1,534,0
2015-06-30,22:00:00,37.01,37.0293,36.98,37.0293,620,0
2015-07-01,17:00:00,36.91,37.12,36.9099,36.96,2803,0
2015-07-01,18:00:00,36.91,36.9725,36.91,36.9725,1400,0
2015-07-01,19:00:00,37,37,37,37,500,0
2015-07-01,20:00:00,37.019,37.019,36.873,36.873,419,0
2015-07-01,21:00:00,36.8605,36.9,36.781,36.781,518,0
2015-07-01,22:00:00,36.75,36.9535,36.75,36.84,1885,0
2015-07-02,16:00:00,36.59,36.68,36.56,36.56,2531,0
2015-07-02,17:00:00,36.7399,36.7399,36.6,36.6,6201,0
2015-07-02,18:00:00,36.5,36.5,36.43,36.475,4900,0
2015-07-02,20:00:00,36.642,36.642,36.642,36.642,200,0
2015-07-02,22:00:00,36.54,36.7,36.54,36.69,1525,0
2015-07-06,16:00:00,36.55,36.7,36.55,36.7,2803,0
2015-07-06,17:00:00,36.72,36.78,36.72,36.78,400,0
2015-07-06,18:00:00,36.72,36.8,36.6912,36.8,6150,0
2015-07-06,19:00:00,36.86,37,36.8,37,2400,0
2015-07-06,20:00:00,37.15,37.17,37.0701,37.0701,600,0
2015-07-06,21:00:00,37.11,37.178,37.0186,37.0186,450,0
2015-07-06,22:00:00,36.8401,36.91,36.8401,36.91,680,0
2015-07-07,16:00:00,36.15,36.15,35.98,35.98,4580,0
2015-07-07,17:00:00,36,36.01,35.61,35.92,15438,0
2015-07-07,18:00:00,35.9,36.09,35.8,36.09,13622,0
2015-07-07,19:00:00,36.09,36.15,36.0101,36.0766,2450,0
2015-07-07,20:00:00,36.08,36.08,36.08,36.08,800,0
2015-07-07,21:00:00,36.062,36.062,36.062,36.062,415,0
2015-07-07,22:00:00,36.06,36.14,36.04,36.04,3426,0
2015-07-08,16:00:00,36.36,36.5,36.36,36.46,9307,0
2015-07-08,17:00:00,36.39,36.39,36.29,36.332,2200,0
2015-07-08,18:00:00,36.3305,36.3305,36.33,36.33,1180,0
2015-07-08,19:00:00,36.4599,36.4599,36.3623,36.3623,638,0
2015-07-08,20:00:00,36.4104,36.58,36.4,36.58,870,0
2015-07-08,21:00:00,36.44,36.46,36.43,36.45,800,0
2015-07-08,22:00:00,36.4541,36.4541,36.22,36.22,1150,0
2015-07-09,16:00:00,36.61,36.72,36.61,36.72,875,0
2015-07-09,17:00:00,36.57,36.6499,36.57,36.6499,3430,0
2015-07-09,18:00:00,36.5,36.5,36.4,36.487,8917,0
2015-07-09,19:00:00,36.33,36.33,36.33,36.33,500,0
2015-07-09,20:00:00,36.3176,36.3176,36.3176,36.3176,200,0
2015-07-09,21:00:00,36.3413,36.35,36.3,36.35,700,0
2015-07-09,22:00:00,36.36,36.4,36.36,36.39,5025,0
2015-07-10,16:00:00,36.21,36.38,36.21,36.321,4973,0
2015-07-10,17:00:00,36.29,36.29,36.2496,36.2496,650,0
2015-07-10,18:00:00,36.34,36.4542,36.34,36.4542,482,0
2015-07-10,19:00:00,36.5,36.56,36.23,36.23,605,0
2015-07-10,20:00:00,36.2247,36.3,36.2,36.2949,1150,0
2015-07-10,21:00:00,36.27,36.38,36.221,36.38,1700,0
2015-07-10,22:00:00,36.35,36.5387,36.315,36.48,809,0
2015-07-13,16:00:00,35.88,35.88,35.76,35.761,7772,0
2015-07-13,17:00:00,35.825,35.9699,35.825,35.91,870,0
2015-07-13,18:00:00,35.95,36,35.95,36,400,0
2015-07-13,19:00:00,36.09,36.139,36.0501,36.0655,3522,0
2015-07-13,20:00:00,36.07,36.09,36.07,36.09,380,0
2015-07-13,21:00:00,36.1,36.1,36.1,36.1,500,0
2015-07-13,22:00:00,36.061,36.1999,36.061,36.18,1959,0
2015-07-14,17:00:00,36.07,36.08,36.07,36.0739,1000,0
2015-07-14,18:00:00,36.0139,36.0239,35.951,35.9978,1192,0
2015-07-14,19:00:00,36.0599,36.0599,36,36.0035,1400,0
2015-07-14,20:00:00,36.01,36.01,36.01,36.01,259,0
2015-07-14,21:00:00,35.92,35.92,35.92,35.92,100,0
2015-07-14,22:00:00,35.98,36.01,35.98,36,11078,0
2015-07-15,16:00:00,35.66,35.66,35.4502,35.58,16913,0
2015-07-15,17:00:00,35.5207,35.6499,35.35,35.35,17699,0
2015-07-15,18:00:00,35.35,35.5,35.34,35.45,21630,0
2015-07-15,19:00:00,35.3566,35.53,35.35,35.53,750,0
2015-07-15,20:00:00,35.61,35.61,35.5101,35.594,4100,0
2015-07-15,21:00:00,35.541,35.5905,35.5135,35.5905,905,0
2015-07-15,22:00:00,35.61,35.65,35.54,35.54,17156,0
2015-07-16,16:00:00,35.21,35.4199,35.21,35.3,7020,0
2015-07-16,17:00:00,35.35,35.49,35.3275,35.33,7800,0
2015-07-16,18:00:00,35.317,35.35,35.2406,35.305,4895,0
2015-07-16,19:00:00,35.305,35.3201,35.2601,35.3201,3396,0
2015-07-16,20:00:00,35.37,35.37,35.37,35.37,300,0
2015-07-16,21:00:00,35.2901,35.2901,35.2901,35.2901,100,0
2015-07-16,22:00:00,35.39,35.432,35.29,35.29,3340,0
2015-07-17,16:00:00,34.85,34.99,34.67,34.67,7971,0
2015-07-17,17:00:00,34.64,34.64,34.51,34.6,4518,0
2015-07-17,18:00:00,34.61,34.6236,34.516,34.516,15339,0
2015-07-17,19:00:00,34.511,34.68,34.511,34.6799,829,0
2015-07-17,20:00:00,34.63,34.7,34.62,34.62,4900,0
2015-07-17,21:00:00,34.55,34.59,34.55,34.59,1500,0
2015-07-17,22:00:00,34.6146,34.67,34.565,34.61,4008,0
2015-07-20,16:00:00,33.32,33.36,32.96,33,19745,0
2015-07-20,17:00:00,32.82,33.05,32.64,32.99,13216,0
2015-07-20,18:00:00,33,33.26,33,33.16,8819,0
2015-07-20,19:00:00,33.18,33.2399,33.0655,33.0655,2565,0
2015-07-20,20:00:00,33.07,33.13,33.03,33.03,3344,0
2015-07-20,21:00:00,33.0418,33.0418,32.891,32.9799,3220,0
2015-07-20,22:00:00,32.92,32.92,32.72,32.72,31827,0
2015-07-21,16:00:00,32.88,32.9299,32.85,32.8799,13373,0
2015-07-21,17:00:00,33,33.05,32.9101,33.05,4175,0
2015-07-21,18:00:00,32.95,32.95,32.95,32.95,100,0
2015-07-21,19:00:00,32.974,33.0299,32.93,32.9983,2675,0
2015-07-21,20:00:00,32.982,32.982,32.83,32.83,1300,0
2015-07-21,21:00:00,32.78,32.78,32.52,32.529,6074,0
2015-07-21,22:00:00,32.5699,32.648,32.43,32.49,20703,0
2015-07-22,16:00:00,31.86,32.07,31.85,32.0699,15365,0
2015-07-22,17:00:00,31.9639,32.2,31.79,32.2,12705,0
2015-07-22,18:00:00,32.25,32.35,32.0601,32.3483,6242,0
2015-07-22,19:00:00,32.18,32.18,32.165,32.1785,984,0
2015-07-22,20:00:00,32.18,32.18,32.11,32.11,540,0
2015-07-22,21:00:00,32.1327,32.176,32.1316,32.1316,1478,0
2015-07-22,22:00:00,32.1101,32.26,32.1101,32.24,3731,0
2015-07-23,16:00:00,32.34,32.4,32.32,32.4,3310,0
2015-07-23,17:00:00,32.37,32.428,32.17,32.18,11550,0
2015-07-23,18:00:00,32.204,32.2501,32.204,32.23,1410,0
2015-07-23,19:00:00,32.2,32.3285,32.2,32.3285,2350,0
2015-07-23,20:00:00,32.31,32.35,32.07,32.15,2475,0
2015-07-23,22:00:00,31.9462,31.95,31.84,31.9,8559,0
2015-07-24,16:00:00,31.46,31.61,31.3,31.3,13131,0
2015-07-24,17:00:00,31.43,31.619,31.43,31.5,2052,0
2015-07-24,18:00:00,31.56,31.89,31.56,31.89,6271,0
2015-07-24,19:00:00,31.72,31.75,31.63,31.7162,2055,0
2015-07-24,20:00:00,31.76,32.109,31.76,32.109,1200,0
2015-07-24,21:00:00,32.38,32.64,32.2,32.3052,6275,0
2015-07-24,22:00:00,32.3709,32.58,32.3709,32.51,14160,0
2015-07-27,16:00:00,32.29,32.42,32.15,32.3717,3060,0
2015-07-27,17:00:00,32.56,32.6885,32.2991,32.2991,5593,0
2015-07-27,18:00:00,32.28,32.44,32.28,32.363,3055,0
2015-07-27,19:00:00,32.4,32.4,32.4,32.4,200,0
2015-07-27,20:00:00,32.38,32.43,32.38,32.43,545,0
2015-07-27,21:00:00,32.3093,32.33,32.2999,32.2999,570,0
2015-07-27,22:00:00,32.1792,32.2245,32.12,32.2245,32329,0
2015-07-28,16:00:00,32.37,32.47,32.2801,32.416,1819,0
2015-07-28,17:00:00,32.3,32.3299,32.25,32.31,2268,0
2015-07-28,18:00:00,32.19,32.267,32.14,32.1535,2780,0
2015-07-28,19:00:00,32.24,32.2548,32.24,32.2548,450,0
2015-07-28,20:00:00,32.2892,32.4195,32.2892,32.3869,7595,0
2015-07-28,21:00:00,32.2601,32.34,32.2601,32.3196,1650,0
2015-07-28,22:00:00,32.27,32.312,32.24,32.249,1335,0
2015-07-29,16:00:00,32.29,32.29,31.9851,31.9851,3701,0
2015-07-29,17:00:00,32.0001,32.19,32.0001,32.19,2014,0
2015-07-29,18:00:00,32.33,32.39,32.24,32.24,2600,0
2015-07-29,19:00:00,32.23,32.31,32.23,32.31,700,0
2015-07-29,20:00:00,32.23,32.3,32.2,32.25,3500,0
2015-07-29,21:00:00,32.5,32.5,32.24,32.42,3538,0
2015-07-29,22:00:00,32.27,32.38,32.26,32.38,2299,0
2015-07-30,16:00:00,31.75,31.78,31.5801,31.78,3067,0
2015-07-30,17:00:00,32.01,32.23,31.92,32.07,19000,0
2015-07-30,19:00:00,32,32,31.934,31.934,300,0
2015-07-30,20:00:00,32,32,31.86,31.918,650,0
2015-07-30,21:00:00,31.95,31.95,31.85,31.85,750,0
2015-07-30,22:00:00,31.875,31.8899,31.8,31.8899,1043,0
2015-07-31,16:00:00,32.03,32.74,32.03,32.3701,6745,0
2015-07-31,17:00:00,32.2201,32.3,32.1486,32.1486,1200,0
2015-07-31,18:00:00,32.15,32.23,32.15,32.23,700,0
2015-07-31,19:00:00,32.3,32.3,32.29,32.29,1220,0
2015-07-31,20:00:00,32.34,32.34,32.34,32.34,100,0
2015-07-31,21:00:00,32.3106,32.3106,32.2668,32.2668,205,0
2015-07-31,22:00:00,32.2588,32.2899,32.23,32.23,2743,0
2015-08-03,16:00:00,31.89,32.1899,31.89,32.1899,6429,0
2015-08-03,17:00:00,32.1499,32.1499,31.954,32.07,1755,0
2015-08-03,18:00:00,32.0899,32.0899,31.91,31.98,4652,0
2015-08-03,19:00:00,31.9401,32.016,31.9401,32.016,1498,0
2015-08-03,20:00:00,31.9895,31.9895,31.934,31.9514,5683,0
2015-08-03,21:00:00,31.97,31.97,31.691,31.696,5983,0
2015-08-03,22:00:00,31.75,31.7599,31.702,31.7599,674,0
2015-08-04,16:00:00,31.95,32.0699,31.95,32.01,2510,0
2015-08-04,17:00:00,32.08,32.08,32,32,2760,0
2015-08-04,18:00:00,32.06,32.1199,32,32.05,4925,0
2015-08-04,19:00:00,32.08,32.12,32.03,32.072,2400,0
2015-08-04,20:00:00,31.82,31.82,31.751,31.78,900,0
2015-08-04,21:00:00,31.75,31.8,31.73,31.73,800,0
2015-08-04,22:00:00,31.7544,31.83,31.7544,31.78,3590,0
2015-08-05,16:00:00,31.87,31.9264,31.8,31.8,2940,0
2015-08-05,17:00:00,31.74,31.74,31.5,31.6031,5772,0
2015-08-05,18:00:00,31.6076,31.6076,31.55,31.55,624,0
2015-08-05,19:00:00,31.5501,31.67,31.5501,31.67,4500,0
2015-08-05,20:00:00,31.75,31.75,31.69,31.725,2200,0
2015-08-05,21:00:00,31.71,31.71,31.6866,31.7,1200,0
2015-08-05,22:00:00,31.6,31.62,31.57,31.57,1600,0
2015-08-06,16:00:00,31.68,31.92,31.68,31.92,6600,0
2015-08-06,17:00:00,31.92,32.0099,31.89,31.98,2787,0
2015-08-06,18:00:00,31.95,31.95,31.92,31.92,943,0
2015-08-06,19:00:00,32.1,32.14,32.04,32.04,2115,0
2015-08-06,20:00:00,31.99,31.99,31.97,31.97,2313,0
2015-08-06,21:00:00,31.93,32,31.91,32,4700,0
2015-08-06,22:00:00,32.0487,32.0487,31.871,31.94,1370,0
2015-08-07,16:00:00,32.01,32.29,32.01,32.197,778,0
2015-08-07,17:00:00,32.3553,32.48,32.3553,32.47,500,0
2015-08-07,18:00:00,32.2101,32.3,32.2101,32.3,1700,0
2015-08-07,19:00:00,32.2499,32.2499,32.2499,32.2499,100,0
2015-08-07,21:00:00,32.184,32.2,32.08,32.11,1472,0
2015-08-07,22:00:00,32.0437,32.13,32.0437,32.13,1592,0
